game_id,date,home,away,play_id,half,time_remaining_half,secs_remaining,secs_remaining_absolute,description,home_score,away_score,score_diff,play_length,win_prob,naive_win_prob,home_time_out_remaining,away_time_out_remaining,home_favored_by,shot_x,shot_y,shot_team,shot_outcome,shooter,assist,three_pt,free_throw,possession_before,possession_after,win_prob_naive
401166181,2020-01-21,Purdue,Illinois,1,1,20:00,2400,2400,PLAY,0,0,0,0,0.7236392944838285,0.5,4,4,6,NA,NA,NA,NA,NA,NA,NA,NA,NA,Illinois,NA
401166181,2020-01-21,Purdue,Illinois,2,1,20:00,2400,2400,Jump Ball won by Illinois,0,0,0,0,0.7236392944838285,0.5,4,4,6,NA,NA,NA,NA,NA,NA,NA,NA,Illinois,Illinois,NA
401166181,2020-01-21,Purdue,Illinois,3,1,19:48,2388,2388,Kofi Cockburn made Layup. Assisted by Ayo Dosunmu.,0,2,-2,12,0.6865099366697266,0.45572153375231284,4,4,6,23,4.177777777777778,Illinois,made,Kofi Cockburn,Ayo Dosunmu,FALSE,FALSE,Illinois,Purdue,NA
401166181,2020-01-21,Purdue,Illinois,4,1,19:22,2362,2362,Trevion Williams made Layup.,2,2,0,26,0.7228963514980455,0.5,4,4,6,22,86.89777777777778,Purdue,made,Trevion Williams,NA,FALSE,FALSE,Purdue,Illinois,NA
401166181,2020-01-21,Purdue,Illinois,5,1,18:56,2336,2336,Trent Frazier made Three Point Jumper. Assisted by Ayo Dosunmu.,2,5,-3,26,0.6644334017745371,0.432140987932238,4,4,6,24,31.33333333333333,Illinois,made,Trent Frazier,Ayo Dosunmu,TRUE,FALSE,Illinois,Purdue,NA
401166181,2020-01-21,Purdue,Illinois,6,1,18:36,2316,2316,Trevion Williams made Layup.,4,5,-1,20,0.7031251012764232,0.47703496119500294,4,4,6,27,87.94222222222221,Purdue,made,Trevion Williams,NA,FALSE,FALSE,Purdue,Illinois,NA
401166181,2020-01-21,Purdue,Illinois,7,1,18:22,2302,2302,Trent Frazier made Three Point Jumper. Assisted by Giorgi Bezhanishvili.,4,8,-4,14,0.6416333695488807,0.4084933021655256,4,4,6,8,27.15555555555555,Illinois,made,Trent Frazier,Giorgi Bezhanishvili,TRUE,FALSE,Illinois,Purdue,NA
401166181,2020-01-21,Purdue,Illinois,8,1,18:00,2280,2280,Trevion Williams missed Jumper.,4,8,-4,22,0.6401712395302287,0.40753708330480626,4,4,6,17,81.67555555555555,Purdue,missed,Trevion Williams,NA,FALSE,FALSE,Purdue,Illinois,NA
401166181,2020-01-21,Purdue,Illinois,9,1,18:00,2280,2280,Kofi Cockburn Defensive Rebound.,4,8,-4,0,0.6401712395302287,0.40753708330480626,4,4,6,NA,NA,NA,NA,NA,NA,NA,NA,Purdue,Illinois,NA
401166181,2020-01-21,Purdue,Illinois,10,1,17:36,2256,2256,Ayo Dosunmu missed Jumper.,4,8,-4,24,0.6385466554474085,0.4064846973398639,4,4,6,35,2.088888888888889,Illinois,missed,Ayo Dosunmu,NA,FALSE,FALSE,Illinois,Purdue,NA
401166181,2020-01-21,Purdue,Illinois,11,1,17:36,2256,2256,Matt Haarms Defensive Rebound.,4,8,-4,0,0.6385466554474085,0.4064846973398639,4,4,6,NA,NA,NA,NA,NA,NA,NA,NA,Illinois,Purdue,NA
401166181,2020-01-21,Purdue,Illinois,12,1,17:12,2232,2232,Foul on Giorgi Bezhanishvili.,4,8,-4,24,0.6368919309979797,0.40542407154322074,4,4,6,NA,NA,NA,NA,NA,NA,NA,NA,Purdue,Illinois,NA
401166181,2020-01-21,Purdue,Illinois,13,1,17:12,2232,2232,Matt Haarms made Free Throw.,5,8,-3,0,0.6587273935058233,0.42869289245802544,4,4,6,25,87.94222222222221,Purdue,made,Matt Haarms,NA,FALSE,TRUE,Purdue,Purdue,NA
401166181,2020-01-21,Purdue,Illinois,14,1,17:12,2232,2232,Matt Haarms missed Free Throw.,5,8,-3,0,0.6587273935058233,0.42869289245802544,4,4,6,25,87.94222222222221,Purdue,missed,Matt Haarms,NA,FALSE,TRUE,Purdue,Illinois,NA
401166181,2020-01-21,Purdue,Illinois,15,1,17:12,2232,2232,Kofi Cockburn Defensive Rebound.,5,8,-3,0,0.6587273935058233,0.42869289245802544,4,4,6,NA,NA,NA,NA,NA,NA,NA,NA,Purdue,Illinois,NA
401166181,2020-01-21,Purdue,Illinois,16,1,16:44,2204,2204,Giorgi Bezhanishvili missed Jumper.,5,8,-3,28,0.6571056338541996,0.4277433058555899,4,4,6,26,13.577777777777776,Illinois,missed,Giorgi Bezhanishvili,NA,FALSE,FALSE,Illinois,Illinois,NA
401166181,2020-01-21,Purdue,Illinois,17,1,16:44,2204,2204,Kofi Cockburn Offensive Rebound.,5,8,-3,0,0.6571056338541996,0.4277433058555899,4,4,6,NA,NA,NA,NA,NA,NA,NA,NA,Illinois,Illinois,NA
401166181,2020-01-21,Purdue,Illinois,18,1,16:38,2198,2198,Kofi Cockburn made Layup.,5,10,-5,6,0.6116517564796516,0.38071880713152934,4,4,6,27,4.177777777777778,Illinois,made,Kofi Cockburn,NA,FALSE,FALSE,Illinois,Purdue,NA
401166181,2020-01-21,Purdue,Illinois,19,1,16:15,2175,2175,Nojel Eastern missed Jumper.,5,10,-5,23,0.609705220784246,0.37945859016136585,4,4,6,34,70.18666666666667,Purdue,missed,Nojel Eastern,NA,FALSE,FALSE,Purdue,Illinois,NA
401166181,2020-01-21,Purdue,Illinois,20,1,16:15,2175,2175,Kofi Cockburn Defensive Rebound.,5,10,-5,0,0.609705220784246,0.37945859016136585,4,4,6,NA,NA,NA,NA,NA,NA,NA,NA,Purdue,Illinois,NA
401166181,2020-01-21,Purdue,Illinois,21,1,16:08,2168,2168,Ayo Dosunmu Turnover.,5,10,-5,7,0.6091073047115383,0.37907431086824567,4,4,6,NA,NA,NA,NA,NA,NA,NA,NA,Illinois,Purdue,NA
401166181,2020-01-21,Purdue,Illinois,22,1,16:08,2168,2168,Nojel Eastern Steal.,5,10,-5,0,0.6091073047115383,0.37907431086824567,4,4,6,NA,NA,NA,NA,NA,NA,NA,NA,Illinois,Purdue,NA
401166181,2020-01-21,Purdue,Illinois,23,1,15:59,2159,2159,Foul on Giorgi Bezhanishvili.,5,10,-5,9,0.6083344565696629,0.3785793150089429,4,4,6,NA,NA,NA,NA,NA,NA,NA,NA,Purdue,Purdue,NA
401166181,2020-01-21,Purdue,Illinois,24,1,15:59,2159,2159,Official TV Timeout,5,10,-5,0,0.6083344565696629,0.3785793150089429,4,4,6,NA,NA,NA,NA,NA,NA,NA,NA,Purdue,Purdue,NA
401166181,2020-01-21,Purdue,Illinois,25,1,15:59,2159,2159,Matt Haarms missed Free Throw.,5,10,-5,0,0.6083344565696629,0.3785793150089429,4,4,6,25,87.94222222222221,Purdue,missed,Matt Haarms,NA,FALSE,TRUE,Purdue,Purdue,NA
401166181,2020-01-21,Purdue,Illinois,26,1,15:59,2159,2159,Purdue Deadball Team Rebound.,5,10,-5,0,0.6083344565696629,0.3785793150089429,4,4,6,NA,NA,NA,NA,NA,NA,NA,NA,Purdue,Purdue,NA
401166181,2020-01-21,Purdue,Illinois,27,1,15:59,2159,2159,Matt Haarms missed Free Throw.,5,10,-5,0,0.6083344565696629,0.3785793150089429,4,4,6,25,87.94222222222221,Purdue,missed,Matt Haarms,NA,FALSE,TRUE,Purdue,Purdue,NA
401166181,2020-01-21,Purdue,Illinois,28,1,15:59,2159,2159,Alan Griffin Defensive Rebound.,5,10,-5,0,0.6083344565696629,0.3785793150089429,4,4,6,NA,NA,NA,NA,NA,NA,NA,NA,Purdue,Purdue,NA
401166181,2020-01-21,Purdue,Illinois,29,1,15:33,2133,2133,Kofi Cockburn missed Jumper.,5,10,-5,26,0.60607482654709,0.37714212831302957,4,4,6,20,9.399999999999999,Illinois,missed,Kofi Cockburn,NA,FALSE,FALSE,Illinois,Illinois,NA
401166181,2020-01-21,Purdue,Illinois,30,1,15:33,2133,2133,Kipper Nichols Offensive Rebound.,5,10,-5,0,0.60607482654709,0.37714212831302957,4,4,6,NA,NA,NA,NA,NA,NA,NA,NA,Illinois,Illinois,NA
401166181,2020-01-21,Purdue,Illinois,31,1,15:27,2127,2127,Kipper Nichols missed Layup.,5,10,-5,6,0.6055476084508429,0.3768088513149343,4,4,6,28,4.177777777777778,Illinois,missed,Kipper Nichols,NA,FALSE,FALSE,Illinois,Purdue,NA
401166181,2020-01-21,Purdue,Illinois,32,1,15:27,2127,2127,Matt Haarms Defensive Rebound.,5,10,-5,0,0.6055476084508429,0.3768088513149343,4,4,6,NA,NA,NA,NA,NA,NA,NA,NA,Illinois,Purdue,NA
401166181,2020-01-21,Purdue,Illinois,33,1,15:10,2110,2110,Matt Haarms missed Jumper.,5,10,-5,17,0.6040418954493512,0.375861028818442,4,4,6,15,80.6311111111111,Purdue,missed,Matt Haarms,NA,FALSE,FALSE,Purdue,Illinois,NA
401166181,2020-01-21,Purdue,Illinois,34,1,15:10,2110,2110,Kofi Cockburn Defensive Rebound.,5,10,-5,0,0.6040418954493512,0.375861028818442,4,4,6,NA,NA,NA,NA,NA,NA,NA,NA,Purdue,Illinois,NA
401166181,2020-01-21,Purdue,Illinois,35,1,14:50,2090,2090,Ayo Dosunmu missed Jumper.,5,10,-5,20,0.6022475801071223,0.37473884903059923,4,4,6,39,20.888888888888886,Illinois,missed,Ayo Dosunmu,NA,FALSE,FALSE,Illinois,Purdue,NA
401166181,2020-01-21,Purdue,Illinois,36,1,14:50,2090,2090,Nojel Eastern Defensive Rebound.,5,10,-5,0,0.6022475801071223,0.37473884903059923,4,4,6,NA,NA,NA,NA,NA,NA,NA,NA,Illinois,Purdue,NA
401166181,2020-01-21,Purdue,Illinois,37,1,14:48,2088,2088,Foul on Alan Griffin.,5,10,-5,2,0.6020667707721881,0.3746261877657992,4,4,6,NA,NA,NA,NA,NA,NA,NA,NA,Purdue,Purdue,NA
401166181,2020-01-21,Purdue,Illinois,38,1,14:31,2071,2071,Foul on Trevion Williams.,5,10,-5,17,0.6005196531851406,0.37366515612576495,4,4,6,NA,NA,NA,NA,NA,NA,NA,NA,Purdue,Illinois,NA
401166181,2020-01-21,Purdue,Illinois,39,1,14:31,2071,2071,Trevion Williams Turnover.,5,10,-5,0,0.6005196531851406,0.37366515612576495,4,4,6,NA,NA,NA,NA,NA,NA,NA,NA,Purdue,Illinois,NA
401166181,2020-01-21,Purdue,Illinois,40,1,14:12,2052,2052,Da'Monte Williams Turnover.,5,10,-5,19,0.5987685850223,0.37258351695699543,4,4,6,NA,NA,NA,NA,NA,NA,NA,NA,Illinois,Purdue,NA
401166181,2020-01-21,Purdue,Illinois,41,1,14:12,2052,2052,Jahaad Proctor Steal.,5,10,-5,0,0.5987685850223,0.37258351695699543,4,4,6,NA,NA,NA,NA,NA,NA,NA,NA,Illinois,Purdue,NA
401166181,2020-01-21,Purdue,Illinois,42,1,13:57,2037,2037,Foul on Jermaine Hamlin.,5,10,-5,15,0.5973695505026048,0.37172364495171323,4,4,6,NA,NA,NA,NA,NA,NA,NA,NA,Purdue,Purdue,NA
401166181,2020-01-21,Purdue,Illinois,43,1,13:57,2037,2037,Sasha Stefanovic made Free Throw.,6,10,-4,0,0.6223377512434984,0.3965494019397939,4,4,6,25,87.94222222222221,Purdue,made,Sasha Stefanovic,NA,FALSE,TRUE,Purdue,Purdue,NA
401166181,2020-01-21,Purdue,Illinois,44,1,13:57,2037,2037,Sasha Stefanovic made Free Throw.,7,10,-3,0,0.6466734074938304,0.4219197274312312,4,4,6,25,87.94222222222221,Purdue,made,Sasha Stefanovic,NA,FALSE,TRUE,Purdue,Illinois,NA
401166181,2020-01-21,Purdue,Illinois,45,1,13:43,2023,2023,Ayo Dosunmu missed Three Point Jumper.,7,10,-3,14,0.6457364756746073,0.42141358339258217,4,4,6,44,18.799999999999997,Illinois,missed,Ayo Dosunmu,NA,TRUE,FALSE,Illinois,Illinois,NA
401166181,2020-01-21,Purdue,Illinois,46,1,13:43,2023,2023,Illinois Offensive Rebound.,7,10,-3,0,0.6457364756746073,0.42141358339258217,4,4,6,NA,NA,NA,NA,NA,NA,NA,NA,Illinois,Illinois,NA
401166181,2020-01-21,Purdue,Illinois,47,1,13:30,2010,2010,Andres Feliz missed Jumper.,7,10,-3,13,0.6448575016149951,0.420940525928552,4,4,6,33,5.222222222222221,Illinois,missed,Andres Feliz,NA,FALSE,FALSE,Illinois,Illinois,NA
401166181,2020-01-21,Purdue,Illinois,48,1,13:30,2010,2010,Kofi Cockburn Offensive Rebound.,7,10,-3,0,0.6448575016149951,0.420940525928552,4,4,6,NA,NA,NA,NA,NA,NA,NA,NA,Illinois,Illinois,NA
401166181,2020-01-21,Purdue,Illinois,49,1,13:24,2004,2004,Kofi Cockburn missed Jumper.,7,10,-3,6,0.6444488920224756,0.4207211653454233,4,4,6,21.000000000000004,7.311111111111111,Illinois,missed,Kofi Cockburn,NA,FALSE,FALSE,Illinois,Illinois,NA
401166181,2020-01-21,Purdue,Illinois,50,1,13:24,2004,2004,Kipper Nichols Offensive Rebound.,7,10,-3,0,0.6444488920224756,0.4207211653454233,4,4,6,NA,NA,NA,NA,NA,NA,NA,NA,Illinois,Illinois,NA
401166181,2020-01-21,Purdue,Illinois,51,1,13:19,1999,1999,Ayo Dosunmu made Jumper. Assisted by Kipper Nichols.,7,12,-5,5,0.5937583010875315,0.36952004634360913,4,4,6,16,18.799999999999997,Illinois,made,Ayo Dosunmu,Kipper Nichols,FALSE,FALSE,Illinois,Purdue,NA
401166181,2020-01-21,Purdue,Illinois,52,1,12:49,1969,1969,Trevion Williams missed Layup.,7,12,-5,30,0.5908377569264018,0.3677527291210438,4,4,6,24,85.85333333333332,Purdue,missed,Trevion Williams,NA,FALSE,FALSE,Purdue,Illinois,NA
401166181,2020-01-21,Purdue,Illinois,53,1,12:49,1969,1969,Kipper Nichols Defensive Rebound.,7,12,-5,0,0.5908377569264018,0.3677527291210438,4,4,6,NA,NA,NA,NA,NA,NA,NA,NA,Purdue,Illinois,NA
401166181,2020-01-21,Purdue,Illinois,54,1,12:41,1961,1961,Kofi Cockburn made Layup. Assisted by Ayo Dosunmu.,7,14,-7,8,0.5365842023308607,0.3183244514707714,4,4,6,21.999999999999996,5.222222222222221,Illinois,made,Kofi Cockburn,Ayo Dosunmu,FALSE,FALSE,Illinois,Purdue,NA
401166181,2020-01-21,Purdue,Illinois,55,1,12:22,1942,1942,Sasha Stefanovic made Jumper. Assisted by Trevion Williams.,9,14,-5,19,0.5881553579653762,0.366139543406114,4,4,6,25,80.6311111111111,Purdue,made,Sasha Stefanovic,Trevion Williams,FALSE,FALSE,Purdue,Illinois,NA
401166181,2020-01-21,Purdue,Illinois,56,1,12:18,1938,1938,Official TV Timeout,9,14,-5,4,0.5877535479481617,0.3658986422360943,4,4,6,NA,NA,NA,NA,NA,NA,NA,NA,Purdue,Purdue,NA
401166181,2020-01-21,Purdue,Illinois,57,1,12:18,1938,1938,Foul on Alan Griffin.,9,14,-5,0,0.5877535479481617,0.3658986422360943,4,4,6,NA,NA,NA,NA,NA,NA,NA,NA,Purdue,Purdue,NA
401166181,2020-01-21,Purdue,Illinois,58,1,12:18,1938,1938,Technical Foul on Alan Griffin.,9,14,-5,0,0.5877535479481617,0.3658986422360943,4,4,6,NA,NA,NA,NA,NA,NA,NA,NA,Purdue,Purdue,NA
401166181,2020-01-21,Purdue,Illinois,59,1,12:18,1938,1938,Sasha Stefanovic made Free Throw.,10,14,-4,0,0.6141183294181425,0.39176909605189697,4,4,6,25,87.94222222222221,Purdue,made,Sasha Stefanovic,NA,FALSE,TRUE,Purdue,Purdue,NA
401166181,2020-01-21,Purdue,Illinois,62,1,12:18,1938,1938,Purdue Deadball Team Rebound.,10,14,-4,0,0.6141183294181425,0.39176909605189697,4,4,6,NA,NA,NA,NA,NA,NA,NA,NA,Purdue,Purdue,NA
401166181,2020-01-21,Purdue,Illinois,63,1,12:11,1931,1931,Nojel Eastern made Jumper.,12,14,-2,7,0.6643585947497792,0.4450552647319271,4,4,6,18,82.72,Purdue,made,Nojel Eastern,NA,FALSE,FALSE,Purdue,Illinois,NA
401166181,2020-01-21,Purdue,Illinois,64,1,11:53,1913,1913,Tevian Jones missed Three Point Jumper.,12,14,-2,18,0.6633067265961331,0.44459165230326636,4,4,6,41,24.02222222222222,Illinois,missed,Tevian Jones,NA,TRUE,FALSE,Illinois,Illinois,NA
401166181,2020-01-21,Purdue,Illinois,65,1,11:49,1909,1909,Kofi Cockburn Offensive Rebound.,12,14,-2,4,0.6630712619225211,0.44448878225763816,4,4,6,NA,NA,NA,NA,NA,NA,NA,NA,Illinois,Illinois,NA
401166181,2020-01-21,Purdue,Illinois,66,1,11:48,1908,1908,Kofi Cockburn Turnover.,12,14,-2,1,0.6630122972535332,0.44446307073101027,4,4,6,NA,NA,NA,NA,NA,NA,NA,NA,Illinois,Purdue,NA
401166181,2020-01-21,Purdue,Illinois,67,1,11:48,1908,1908,Sasha Stefanovic Steal.,12,14,-2,0,0.6630122972535332,0.44446307073101027,4,4,6,NA,NA,NA,NA,NA,NA,NA,NA,Illinois,Purdue,NA
401166181,2020-01-21,Purdue,Illinois,68,1,11:38,1898,1898,Foul on Tevian Jones.,12,14,-2,10,0.6624204688230857,0.4442060448263449,4,4,6,NA,NA,NA,NA,NA,NA,NA,NA,Purdue,Purdue,NA
401166181,2020-01-21,Purdue,Illinois,69,1,11:38,1898,1898,Sasha Stefanovic made Free Throw.,13,14,-1,0,0.6870049096198801,0.4720156351671368,4,4,6,25,87.94222222222221,Purdue,made,Sasha Stefanovic,NA,FALSE,TRUE,Purdue,Purdue,NA
401166181,2020-01-21,Purdue,Illinois,70,1,11:38,1898,1898,Sasha Stefanovic made Free Throw.,14,14,0,0,0.7105812086587507,0.5,4,4,6,25,87.94222222222221,Purdue,made,Sasha Stefanovic,NA,FALSE,TRUE,Purdue,Illinois,NA
401166181,2020-01-21,Purdue,Illinois,71,1,11:22,1882,1882,Ayo Dosunmu missed Three Point Jumper.,14,14,0,16,0.7100455385572193,0.5,4,4,6,4,19.84444444444444,Illinois,missed,Ayo Dosunmu,NA,TRUE,FALSE,Illinois,Illinois,NA
401166181,2020-01-21,Purdue,Illinois,72,1,11:22,1882,1882,Illinois Offensive Rebound.,14,14,0,0,0.7100455385572193,0.5,4,4,6,NA,NA,NA,NA,NA,NA,NA,NA,Illinois,Illinois,NA
401166181,2020-01-21,Purdue,Illinois,73,1,11:08,1868,1868,Trent Frazier Turnover.,14,14,0,14,0.7095698212663129,0.5,4,4,6,NA,NA,NA,NA,NA,NA,NA,NA,Illinois,Purdue,NA
401166181,2020-01-21,Purdue,Illinois,74,1,11:08,1868,1868,Sasha Stefanovic Steal.,14,14,0,0,0.7095698212663129,0.5,4,4,6,NA,NA,NA,NA,NA,NA,NA,NA,Illinois,Purdue,NA
401166181,2020-01-21,Purdue,Illinois,75,1,11:04,1864,1864,Foul on Sasha Stefanovic.,14,14,0,4,0.7094327335737426,0.5,4,4,6,NA,NA,NA,NA,NA,NA,NA,NA,Purdue,Illinois,NA
401166181,2020-01-21,Purdue,Illinois,76,1,11:04,1864,1864,Sasha Stefanovic Turnover.,14,14,0,0,0.7094327335737426,0.5,4,4,6,NA,NA,NA,NA,NA,NA,NA,NA,Purdue,Illinois,NA
401166181,2020-01-21,Purdue,Illinois,77,1,10:45,1845,1845,Kipper Nichols missed Jumper.,14,14,0,19,0.7087746908075568,0.5,4,4,6,20,9.399999999999999,Illinois,missed,Kipper Nichols,NA,FALSE,FALSE,Illinois,Purdue,NA
401166181,2020-01-21,Purdue,Illinois,78,1,10:45,1845,1845,Matt Haarms Block.,14,14,0,0,0.7087746908075568,0.5,4,4,6,NA,NA,NA,NA,NA,NA,NA,NA,Illinois,Purdue,NA
401166181,2020-01-21,Purdue,Illinois,79,1,10:45,1845,1845,Matt Haarms Defensive Rebound.,14,14,0,0,0.7087746908075568,0.5,4,4,6,NA,NA,NA,NA,NA,NA,NA,NA,Illinois,Purdue,NA
401166181,2020-01-21,Purdue,Illinois,80,1,10:29,1829,1829,Jahaad Proctor missed Jumper.,14,14,0,16,0.7082120302436966,0.5,4,4,6,22,75.4088888888889,Purdue,missed,Jahaad Proctor,NA,FALSE,FALSE,Purdue,Illinois,NA
401166181,2020-01-21,Purdue,Illinois,81,1,10:29,1829,1829,Kofi Cockburn Defensive Rebound.,14,14,0,0,0.7082120302436966,0.5,4,4,6,NA,NA,NA,NA,NA,NA,NA,NA,Purdue,Illinois,NA
401166181,2020-01-21,Purdue,Illinois,82,1,9:58,1798,1798,Kofi Cockburn missed Jumper.,14,14,0,31,0.7071010031835653,0.5,4,4,6,20,7.311111111111111,Illinois,missed,Kofi Cockburn,NA,FALSE,FALSE,Illinois,Illinois,NA
401166181,2020-01-21,Purdue,Illinois,83,1,9:58,1798,1798,Matt Haarms Block.,14,14,0,0,0.7071010031835653,0.5,4,4,6,NA,NA,NA,NA,NA,NA,NA,NA,Illinois,Illinois,NA
401166181,2020-01-21,Purdue,Illinois,84,1,9:58,1798,1798,Kofi Cockburn Offensive Rebound.,14,14,0,0,0.7071010031835653,0.5,4,4,6,NA,NA,NA,NA,NA,NA,NA,NA,Illinois,Illinois,NA
401166181,2020-01-21,Purdue,Illinois,85,1,9:55,1795,1795,Kofi Cockburn missed Jumper.,14,14,0,3,0.7069920921377394,0.5,4,4,6,20,7.311111111111111,Illinois,missed,Kofi Cockburn,NA,FALSE,FALSE,Illinois,Illinois,NA
401166181,2020-01-21,Purdue,Illinois,86,1,9:55,1795,1795,Matt Haarms Block.,14,14,0,0,0.7069920921377394,0.5,4,4,6,NA,NA,NA,NA,NA,NA,NA,NA,Illinois,Illinois,NA
401166181,2020-01-21,Purdue,Illinois,87,1,9:55,1795,1795,Purdue Deadball Team Rebound.,14,14,0,0,0.7069920921377394,0.5,4,4,6,NA,NA,NA,NA,NA,NA,NA,NA,Illinois,Purdue,NA
401166181,2020-01-21,Purdue,Illinois,88,1,9:30,1770,1770,Eric Hunter Jr. missed Dunk.,14,14,0,25,0.7060755059587609,0.5,4,4,6,22,86.89777777777778,Purdue,missed,Eric Hunter Jr.,NA,FALSE,FALSE,Purdue,Illinois,NA
401166181,2020-01-21,Purdue,Illinois,89,1,9:30,1770,1770,Andres Feliz Defensive Rebound.,14,14,0,0,0.7060755059587609,0.5,4,4,6,NA,NA,NA,NA,NA,NA,NA,NA,Purdue,Illinois,NA
401166181,2020-01-21,Purdue,Illinois,90,1,9:16,1756,1756,Trent Frazier made Three Point Jumper. Assisted by Andres Feliz.,14,17,-3,14,0.626008353041504,0.41125862344198505,4,4,6,39,25.066666666666666,Illinois,made,Trent Frazier,Andres Feliz,TRUE,FALSE,Illinois,Purdue,NA
401166181,2020-01-21,Purdue,Illinois,91,1,9:06,1746,1746,Nojel Eastern missed Jumper.,14,17,-3,10,0.6251977735174147,0.4108567290597538,4,4,6,24,76.45333333333333,Purdue,missed,Nojel Eastern,NA,FALSE,FALSE,Purdue,Illinois,NA
401166181,2020-01-21,Purdue,Illinois,92,1,9:06,1746,1746,Ayo Dosunmu Defensive Rebound.,14,17,-3,0,0.6251977735174147,0.4108567290597538,4,4,6,NA,NA,NA,NA,NA,NA,NA,NA,Purdue,Illinois,NA
401166181,2020-01-21,Purdue,Illinois,93,1,8:59,1739,1739,Foul on Nojel Eastern.,14,17,-3,7,0.6246266872365044,0.41057346263272865,4,4,6,NA,NA,NA,NA,NA,NA,NA,NA,Illinois,Illinois,NA
401166181,2020-01-21,Purdue,Illinois,94,1,8:49,1729,1729,Ayo Dosunmu made Layup.,14,19,-5,10,0.5655077173357314,0.3530940851264962,4,4,6,27,5.222222222222221,Illinois,made,Ayo Dosunmu,NA,FALSE,FALSE,Illinois,Purdue,NA
401166181,2020-01-21,Purdue,Illinois,95,1,8:23,1703,1703,Eric Hunter Jr. missed Jumper.,14,19,-5,26,0.5625107590910173,0.3513997618680575,4,4,6,14,73.32,Purdue,missed,Eric Hunter Jr.,NA,FALSE,FALSE,Purdue,Purdue,NA
401166181,2020-01-21,Purdue,Illinois,96,1,8:23,1703,1703,Trevion Williams Offensive Rebound.,14,19,-5,0,0.5625107590910173,0.3513997618680575,4,4,6,NA,NA,NA,NA,NA,NA,NA,NA,Purdue,Purdue,NA
401166181,2020-01-21,Purdue,Illinois,97,1,8:18,1698,1698,Trevion Williams made Layup.,16,19,-3,5,0.6212183718683378,0.40887801031675786,4,4,6,28.000000000000004,85.85333333333332,Purdue,made,Trevion Williams,NA,FALSE,FALSE,Purdue,Illinois,NA
401166181,2020-01-21,Purdue,Illinois,98,1,8:00,1680,1680,Trent Frazier missed Three Point Jumper.,16,19,-3,18,0.6196890738521064,0.408117182154001,4,4,6,30,32.37777777777777,Illinois,missed,Trent Frazier,NA,TRUE,FALSE,Illinois,Purdue,NA
401166181,2020-01-21,Purdue,Illinois,99,1,8:00,1680,1680,Purdue Defensive Rebound.,16,19,-3,0,0.6196890738521064,0.408117182154001,4,4,6,NA,NA,NA,NA,NA,NA,NA,NA,Illinois,Purdue,NA
401166181,2020-01-21,Purdue,Illinois,100,1,7:55,1675,1675,Official TV Timeout,16,19,-3,5,0.6192628975722614,0.4079086058267631,4,4,6,NA,NA,NA,NA,NA,NA,NA,NA,Purdue,Purdue,NA
401166181,2020-01-21,Purdue,Illinois,101,1,7:36,1656,1656,Foul on Da'Monte Williams.,16,19,-3,19,0.6176387758834292,0.4071285585956243,4,4,6,NA,NA,NA,NA,NA,NA,NA,NA,Purdue,Purdue,NA
401166181,2020-01-21,Purdue,Illinois,102,1,7:36,1656,1656,Matt Haarms made Free Throw.,17,19,-2,0,0.646758468340744,0.4376842614429021,4,4,6,25,87.94222222222221,Purdue,made,Matt Haarms,NA,FALSE,TRUE,Purdue,Purdue,NA
401166181,2020-01-21,Purdue,Illinois,103,1,7:36,1656,1656,Matt Haarms made Free Throw.,18,19,-1,0,0.6748280339573801,0.4687201879639339,4,4,6,25,87.94222222222221,Purdue,made,Matt Haarms,NA,FALSE,TRUE,Purdue,Illinois,NA
401166181,2020-01-21,Purdue,Illinois,104,1,7:18,1638,1638,Kipper Nichols made Jumper. Assisted by Ayo Dosunmu.,18,21,-3,18,0.6160915301402073,0.40640414355080734,4,4,6,21.999999999999996,12.533333333333333,Illinois,made,Kipper Nichols,Ayo Dosunmu,FALSE,FALSE,Illinois,Purdue,NA
401166181,2020-01-21,Purdue,Illinois,105,1,7:18,1638,1638,Foul on Trevion Williams.,18,21,-3,0,0.6160915301402073,0.40640414355080734,4,4,6,NA,NA,NA,NA,NA,NA,NA,NA,Illinois,Illinois,NA
401166181,2020-01-21,Purdue,Illinois,106,1,7:18,1638,1638,Kipper Nichols made Free Throw.,18,22,-4,0,0.5858190107540989,0.3763348830541847,4,4,6,25,4.177777777777778,Illinois,made,Kipper Nichols,NA,FALSE,TRUE,Illinois,Purdue,NA
401166181,2020-01-21,Purdue,Illinois,107,1,7:06,1626,1626,Isaiah Thompson Turnover.,18,22,-4,12,0.5845948324727339,0.3757156492598919,4,4,6,NA,NA,NA,NA,NA,NA,NA,NA,Purdue,Illinois,NA
401166181,2020-01-21,Purdue,Illinois,108,1,6:55,1615,1615,Foul on Trent Frazier.,18,22,-4,11,0.5834686083925652,0.37515141272700603,4,4,6,NA,NA,NA,NA,NA,NA,NA,NA,Purdue,Purdue,NA
401166181,2020-01-21,Purdue,Illinois,109,1,6:55,1615,1615,Trent Frazier Turnover.,18,22,-4,0,0.5834686083925652,0.37515141272700603,4,4,6,NA,NA,NA,NA,NA,NA,NA,NA,Illinois,Purdue,NA
401166181,2020-01-21,Purdue,Illinois,110,1,6:46,1606,1606,Eric Hunter Jr. missed Jumper.,18,22,-4,9,0.5825436242455335,0.37469118464244716,4,4,6,22,71.2311111111111,Purdue,missed,Eric Hunter Jr.,NA,FALSE,FALSE,Purdue,Illinois,NA
401166181,2020-01-21,Purdue,Illinois,111,1,6:46,1606,1606,Trent Frazier Defensive Rebound.,18,22,-4,0,0.5825436242455335,0.37469118464244716,4,4,6,NA,NA,NA,NA,NA,NA,NA,NA,Purdue,Illinois,NA
401166181,2020-01-21,Purdue,Illinois,112,1,6:21,1581,1581,Kofi Cockburn Turnover.,18,22,-4,25,0.579953303998673,0.3734128915818249,4,4,6,NA,NA,NA,NA,NA,NA,NA,NA,Illinois,Purdue,NA
401166181,2020-01-21,Purdue,Illinois,113,1,6:09,1569,1569,Foul on Kofi Cockburn.,18,22,-4,12,0.5786967403090636,0.37279586640604373,4,4,6,NA,NA,NA,NA,NA,NA,NA,NA,Purdue,Purdue,NA
401166181,2020-01-21,Purdue,Illinois,114,1,6:09,1569,1569,Matt Haarms made Free Throw.,19,22,-3,0,0.6100413266649486,0.4036737778818662,4,4,6,25,87.94222222222221,Purdue,made,Matt Haarms,NA,FALSE,TRUE,Purdue,Purdue,NA
401166181,2020-01-21,Purdue,Illinois,115,1,6:09,1569,1569,Matt Haarms made Free Throw.,20,22,-2,0,0.64050259221923,0.43533407889627845,4,4,6,25,87.94222222222221,Purdue,made,Matt Haarms,NA,FALSE,TRUE,Purdue,Illinois,NA
401166181,2020-01-21,Purdue,Illinois,116,1,5:50,1550,1550,Kofi Cockburn Turnover.,20,22,-2,19,0.6390898826629754,0.4348149566258971,4,4,6,NA,NA,NA,NA,NA,NA,NA,NA,Illinois,Purdue,NA
401166181,2020-01-21,Purdue,Illinois,117,1,5:50,1550,1550,Aaron Wheeler Steal.,20,22,-2,0,0.6390898826629754,0.4348149566258971,4,4,6,NA,NA,NA,NA,NA,NA,NA,NA,Illinois,Purdue,NA
401166181,2020-01-21,Purdue,Illinois,118,1,5:35,1535,1535,Aaron Wheeler Turnover.,20,22,-2,15,0.63796144093013,0.4343980689943466,4,4,6,NA,NA,NA,NA,NA,NA,NA,NA,Purdue,Illinois,NA
401166181,2020-01-21,Purdue,Illinois,119,1,5:35,1535,1535,Kofi Cockburn Steal.,20,22,-2,0,0.63796144093013,0.4343980689943466,4,4,6,NA,NA,NA,NA,NA,NA,NA,NA,Purdue,Illinois,NA
401166181,2020-01-21,Purdue,Illinois,120,1,5:12,1512,1512,Kipper Nichols Turnover.,20,22,-2,23,0.6362075160282455,0.4337422659730697,4,4,6,NA,NA,NA,NA,NA,NA,NA,NA,Illinois,Purdue,NA
401166181,2020-01-21,Purdue,Illinois,121,1,4:59,1499,1499,Eric Hunter Jr. made Jumper.,22,22,0,13,0.6948211562199745,0.5,4,4,6,19,84.80888888888889,Purdue,made,Eric Hunter Jr.,NA,FALSE,FALSE,Purdue,Illinois,NA
401166181,2020-01-21,Purdue,Illinois,122,1,4:37,1477,1477,Ayo Dosunmu made Layup. Assisted by Andres Feliz.,22,24,-2,22,0.6334802168256467,0.4326924822690037,4,4,6,20,4.177777777777778,Illinois,made,Ayo Dosunmu,Andres Feliz,FALSE,FALSE,Illinois,Purdue,NA
401166181,2020-01-21,Purdue,Illinois,123,1,4:24,1464,1464,Aaron Wheeler made Three Point Jumper. Assisted by Eric Hunter Jr..,25,24,1,13,0.7214268790367514,0.5340153761412025,4,4,6,30,62.87555555555555,Purdue,made,Aaron Wheeler,Eric Hunter Jr.,TRUE,FALSE,Purdue,Illinois,NA
401166181,2020-01-21,Purdue,Illinois,124,1,3:44,1424,1424,Foul on Eric Hunter Jr..,25,24,1,40,0.7202370041358237,0.5346707995981218,4,4,6,NA,NA,NA,NA,NA,NA,NA,NA,Illinois,Illinois,NA
401166181,2020-01-21,Purdue,Illinois,125,1,3:44,1424,1424,Official TV Timeout,25,24,1,0,0.7202370041358237,0.5346707995981218,4,4,6,NA,NA,NA,NA,NA,NA,NA,NA,Illinois,Illinois,NA
401166181,2020-01-21,Purdue,Illinois,126,1,3:23,1403,1403,Illinois  Turnover.,25,24,1,21,0.7195779902808341,0.5350001100927972,4,4,6,NA,NA,NA,NA,NA,NA,NA,NA,Illinois,Purdue,NA
401166181,2020-01-21,Purdue,Illinois,127,1,3:01,1381,1381,Matt Haarms missed Jumper.,25,24,1,22,0.718865617865059,0.5353374663325001,4,4,6,26,80.6311111111111,Purdue,missed,Matt Haarms,NA,FALSE,FALSE,Purdue,Illinois,NA
401166181,2020-01-21,Purdue,Illinois,128,1,3:01,1381,1381,Andres Feliz Defensive Rebound.,25,24,1,0,0.718865617865059,0.5353374663325001,4,4,6,NA,NA,NA,NA,NA,NA,NA,NA,Purdue,Illinois,NA
401166181,2020-01-21,Purdue,Illinois,129,1,2:31,1351,1351,Andres Feliz made Jumper.,25,26,-1,30,0.6563511790062657,0.4642058012664251,4,4,6,12,12.533333333333333,Illinois,made,Andres Feliz,NA,FALSE,FALSE,Illinois,Purdue,NA
401166181,2020-01-21,Purdue,Illinois,130,1,2:04,1324,1324,Matt Haarms missed Jumper.,25,26,-1,27,0.6545818769155431,0.4637880796176398,4,4,6,20,79.58666666666667,Purdue,missed,Matt Haarms,NA,FALSE,FALSE,Purdue,Illinois,NA
401166181,2020-01-21,Purdue,Illinois,131,1,2:04,1324,1324,Da'Monte Williams Defensive Rebound.,25,26,-1,0,0.6545818769155431,0.4637880796176398,4,4,6,NA,NA,NA,NA,NA,NA,NA,NA,Purdue,Illinois,NA
401166181,2020-01-21,Purdue,Illinois,132,1,1:45,1305,1305,Kofi Cockburn missed Jumper.,25,26,-1,19,0.6533194056145166,0.4634849281442495,4,4,6,25,14.622222222222222,Illinois,missed,Kofi Cockburn,NA,FALSE,FALSE,Illinois,Purdue,NA
401166181,2020-01-21,Purdue,Illinois,133,1,1:45,1305,1305,Eric Hunter Jr. Defensive Rebound.,25,26,-1,0,0.6533194056145166,0.4634849281442495,4,4,6,NA,NA,NA,NA,NA,NA,NA,NA,Illinois,Purdue,NA
401166181,2020-01-21,Purdue,Illinois,134,1,1:35,1295,1295,Nojel Eastern made Dunk. Assisted by Sasha Stefanovic.,27,26,1,10,0.7159911247753256,0.5366790011320641,4,4,6,27,85.85333333333332,Purdue,made,Nojel Eastern,Sasha Stefanovic,FALSE,FALSE,Purdue,Illinois,NA
401166181,2020-01-21,Purdue,Illinois,135,1,1:04,1264,1264,Da'Monte Williams missed Three Point Jumper.,27,26,1,31,0.7149735442790306,0.5372125722813809,4,4,6,47,13.577777777777776,Illinois,missed,Da'Monte Williams,NA,TRUE,FALSE,Illinois,Purdue,NA
401166181,2020-01-21,Purdue,Illinois,136,1,1:04,1264,1264,Nojel Eastern Defensive Rebound.,27,26,1,0,0.7149735442790306,0.5372125722813809,4,4,6,NA,NA,NA,NA,NA,NA,NA,NA,Illinois,Purdue,NA
401166181,2020-01-21,Purdue,Illinois,137,1,0:53,1253,1253,Nojel Eastern Turnover.,27,26,1,11,0.714621190184834,0.5374130893377504,4,4,6,NA,NA,NA,NA,NA,NA,NA,NA,Purdue,Illinois,NA
401166181,2020-01-21,Purdue,Illinois,138,1,0:39,1239,1239,Kofi Cockburn made Jumper. Assisted by Ayo Dosunmu.,27,28,-1,14,0.6488027253968258,0.46232163818367367,4,4,6,25,9.399999999999999,Illinois,made,Kofi Cockburn,Ayo Dosunmu,FALSE,FALSE,Illinois,Illinois,NA
401166181,2020-01-21,Purdue,Illinois,139,1,0:39,1239,1239,Foul on Aaron Wheeler.,27,28,-1,0,0.6488027253968258,0.46232163818367367,4,4,6,NA,NA,NA,NA,NA,NA,NA,NA,Illinois,Illinois,NA
401166181,2020-01-21,Purdue,Illinois,140,1,0:39,1239,1239,Kofi Cockburn made Free Throw.,27,29,-2,0,0.6136736743904176,0.42506878345590104,4,4,6,25,4.177777777777778,Illinois,made,Kofi Cockburn,NA,FALSE,TRUE,Illinois,Illinois,NA
401166181,2020-01-21,Purdue,Illinois,141,1,0:39,1239,1239,Purdue  Timeout,27,29,-2,0,0.6136736743904176,0.42506878345590104,3,4,6,NA,NA,NA,NA,NA,NA,NA,NA,Illinois,Illinois,NA
401166181,2020-01-21,Purdue,Illinois,142,1,0:18,1218,1218,Eric Hunter Jr. made Three Point Jumper. Assisted by Nojel Eastern.,30,29,1,21,0.7135439299433959,0.5381001654449052,3,4,6,27,61.8311111111111,Purdue,made,Eric Hunter Jr.,Nojel Eastern,TRUE,FALSE,Purdue,Illinois,NA
401166181,2020-01-21,Purdue,Illinois,143,1,0:06,1206,1206,Illinois  Timeout,30,29,1,12,0.7131927862160761,0.5383545717065485,3,3,6,NA,NA,NA,NA,NA,NA,NA,NA,Illinois,Illinois,NA
401166181,2020-01-21,Purdue,Illinois,144,1,0:02,1202,1202,Andres Feliz missed Three Point Jumper.,30,29,1,4,0.7130762633922694,0.5384392022206768,3,3,6,32,29.244444444444444,Illinois,missed,Andres Feliz,NA,TRUE,FALSE,Illinois,Illinois,NA
401166181,2020-01-21,Purdue,Illinois,145,1,0:02,1202,1202,Purdue Deadball Team Rebound.,30,29,1,0,0.7130762633922694,0.5384392022206768,3,3,6,NA,NA,NA,NA,NA,NA,NA,NA,Illinois,Purdue,NA
401166181,2020-01-21,Purdue,Illinois,146,1,0:00,1200,1200,End of 1st half,30,29,1,2,0.7130179280646683,0.5384812553577752,3,3,6,NA,NA,NA,NA,NA,NA,NA,NA,Purdue,NA,NA
401166181,2020-01-21,Purdue,Illinois,147,2,20:00,1200,1200,PLAY,30,29,1,0,0.7130179280646683,0.5384812553577752,4,4,6,NA,NA,NA,NA,NA,NA,NA,NA,NA,Purdue,NA
401166181,2020-01-21,Purdue,Illinois,148,2,20:00,1200,1200,Jump Ball won by Purdue,30,29,1,0,0.7130179280646683,0.5384812553577752,4,4,6,NA,NA,NA,NA,NA,NA,NA,NA,Purdue,Purdue,NA
401166181,2020-01-21,Purdue,Illinois,149,2,19:45,1185,1185,Trevion Williams missed Jumper.,30,29,1,15,0.7125790471889775,0.5387916903514686,4,4,6,12,81.67555555555555,Purdue,missed,Trevion Williams,NA,FALSE,FALSE,Purdue,Purdue,NA
401166181,2020-01-21,Purdue,Illinois,150,2,19:45,1185,1185,Nojel Eastern Offensive Rebound.,30,29,1,0,0.7125790471889775,0.5387916903514686,4,4,6,NA,NA,NA,NA,NA,NA,NA,NA,Purdue,Purdue,NA
401166181,2020-01-21,Purdue,Illinois,151,2,19:39,1179,1179,Sasha Stefanovic missed Three Point Jumper.,30,29,1,6,0.7124029309243463,0.5389137399514871,4,4,6,42,64.96444444444444,Purdue,missed,Sasha Stefanovic,NA,TRUE,FALSE,Purdue,Purdue,NA
401166181,2020-01-21,Purdue,Illinois,152,2,19:39,1179,1179,Nojel Eastern Offensive Rebound.,30,29,1,0,0.7124029309243463,0.5389137399514871,4,4,6,NA,NA,NA,NA,NA,NA,NA,NA,Purdue,Purdue,NA
401166181,2020-01-21,Purdue,Illinois,153,2,19:34,1174,1174,Nojel Eastern missed Layup.,30,29,1,5,0.7122559760884517,0.5390146825402058,4,4,6,28.999999999999996,87.94222222222221,Purdue,missed,Nojel Eastern,NA,FALSE,FALSE,Purdue,Purdue,NA
401166181,2020-01-21,Purdue,Illinois,154,2,19:34,1174,1174,Matt Haarms Offensive Rebound.,30,29,1,0,0.7122559760884517,0.5390146825402058,4,4,6,NA,NA,NA,NA,NA,NA,NA,NA,Purdue,Purdue,NA
401166181,2020-01-21,Purdue,Illinois,155,2,19:30,1170,1170,Matt Haarms missed Layup.,30,29,1,4,0.7121383077755202,0.5390949967418553,4,4,6,24,86.89777777777778,Purdue,missed,Matt Haarms,NA,FALSE,FALSE,Purdue,Illinois,NA
401166181,2020-01-21,Purdue,Illinois,156,2,19:30,1170,1170,Giorgi Bezhanishvili Defensive Rebound.,30,29,1,0,0.7121383077755202,0.5390949967418553,4,4,6,NA,NA,NA,NA,NA,NA,NA,NA,Purdue,Illinois,NA
401166181,2020-01-21,Purdue,Illinois,157,2,19:12,1152,1152,Kofi Cockburn made Dunk. Assisted by Ayo Dosunmu.,30,31,-1,18,0.6426597684106731,0.4605472178483764,4,4,6,25,5.222222222222221,Illinois,made,Kofi Cockburn,Ayo Dosunmu,FALSE,FALSE,Illinois,Purdue,NA
401166181,2020-01-21,Purdue,Illinois,158,2,19:12,1152,1152,Foul on Sasha Stefanovic.,30,31,-1,0,0.6426597684106731,0.4605472178483764,4,4,6,NA,NA,NA,NA,NA,NA,NA,NA,Illinois,Illinois,NA
401166181,2020-01-21,Purdue,Illinois,159,2,19:12,1152,1152,Kofi Cockburn made Free Throw.,30,32,-2,0,0.6055840311277497,0.42158266890698076,4,4,6,25,4.177777777777778,Illinois,made,Kofi Cockburn,NA,FALSE,TRUE,Illinois,Purdue,NA
401166181,2020-01-21,Purdue,Illinois,160,2,18:57,1137,1137,Sasha Stefanovic missed Layup.,30,32,-2,15,0.6042160460758774,0.4210023002827818,4,4,6,22,86.89777777777778,Purdue,missed,Sasha Stefanovic,NA,FALSE,FALSE,Purdue,Purdue,NA
401166181,2020-01-21,Purdue,Illinois,161,2,18:57,1137,1137,Kofi Cockburn Block.,30,32,-2,0,0.6042160460758774,0.4210023002827818,4,4,6,NA,NA,NA,NA,NA,NA,NA,NA,Purdue,Purdue,NA
401166181,2020-01-21,Purdue,Illinois,162,2,18:57,1137,1137,Matt Haarms Offensive Rebound.,30,32,-2,0,0.6042160460758774,0.4210023002827818,4,4,6,NA,NA,NA,NA,NA,NA,NA,NA,Purdue,Purdue,NA
401166181,2020-01-21,Purdue,Illinois,163,2,18:46,1126,1126,Trevion Williams missed Jumper.,30,32,-2,11,0.6032124876204453,0.4205768001642287,4,4,6,19,85.85333333333332,Purdue,missed,Trevion Williams,NA,FALSE,FALSE,Purdue,Illinois,NA
401166181,2020-01-21,Purdue,Illinois,164,2,18:46,1126,1126,Kofi Cockburn Defensive Rebound.,30,32,-2,0,0.6032124876204453,0.4205768001642287,4,4,6,NA,NA,NA,NA,NA,NA,NA,NA,Purdue,Illinois,NA
401166181,2020-01-21,Purdue,Illinois,165,2,18:24,1104,1104,Foul on Matt Haarms.,30,32,-2,22,0.6011946337246667,0.41971833734652647,4,4,6,NA,NA,NA,NA,NA,NA,NA,NA,Illinois,Illinois,NA
401166181,2020-01-21,Purdue,Illinois,166,2,18:12,1092,1092,Giorgi Bezhanishvili made Three Point Jumper. Assisted by Da'Monte Williams.,30,35,-5,12,0.4792569547285756,0.3068863828968835,4,4,6,30,29.244444444444444,Illinois,made,Giorgi Bezhanishvili,Da'Monte Williams,TRUE,FALSE,Illinois,Purdue,NA
401166181,2020-01-21,Purdue,Illinois,167,2,17:49,1069,1069,Eric Hunter Jr. missed Jumper.,30,35,-5,23,0.47556206158738923,0.3048371358705394,4,4,6,19,79.58666666666667,Purdue,missed,Eric Hunter Jr.,NA,FALSE,FALSE,Purdue,Illinois,NA
401166181,2020-01-21,Purdue,Illinois,168,2,17:49,1069,1069,Kofi Cockburn Defensive Rebound.,30,35,-5,0,0.47556206158738923,0.3048371358705394,4,4,6,NA,NA,NA,NA,NA,NA,NA,NA,Purdue,Illinois,NA
401166181,2020-01-21,Purdue,Illinois,169,2,17:42,1062,1062,Foul on Sasha Stefanovic.,30,35,-5,7,0.4744129428860756,0.30419549615312735,4,4,6,NA,NA,NA,NA,NA,NA,NA,NA,Illinois,Illinois,NA
401166181,2020-01-21,Purdue,Illinois,170,2,17:42,1062,1062,Ayo Dosunmu made Free Throw.,30,36,-6,0,0.43341845525926204,0.27034403439287347,4,4,6,25,4.177777777777778,Illinois,made,Ayo Dosunmu,NA,FALSE,TRUE,Illinois,Illinois,NA
401166181,2020-01-21,Purdue,Illinois,171,2,17:42,1062,1062,Ayo Dosunmu made Free Throw.,30,37,-7,0,0.3933154573548682,0.2389658775197491,4,4,6,25,4.177777777777778,Illinois,made,Ayo Dosunmu,NA,FALSE,TRUE,Illinois,Purdue,NA
401166181,2020-01-21,Purdue,Illinois,172,2,17:35,1055,1055,Purdue  Timeout,30,37,-7,7,0.3919093203196319,0.23818235425749576,3,4,6,NA,NA,NA,NA,NA,NA,NA,NA,Purdue,Purdue,NA
401166181,2020-01-21,Purdue,Illinois,173,2,17:29,1049,1049,Nojel Eastern made Jumper.,32,37,-5,6,0.47224144672813945,0.30297645713629656,3,4,6,28.999999999999996,77.49777777777777,Purdue,made,Nojel Eastern,NA,FALSE,FALSE,Purdue,Illinois,NA
401166181,2020-01-21,Purdue,Illinois,174,2,17:11,1031,1031,Da'Monte Williams missed Three Point Jumper.,32,37,-5,18,0.4691412693125676,0.3012199842508469,3,4,6,4,16.711111111111112,Illinois,missed,Da'Monte Williams,NA,TRUE,FALSE,Illinois,Illinois,NA
401166181,2020-01-21,Purdue,Illinois,175,2,17:11,1031,1031,Ayo Dosunmu Offensive Rebound.,32,37,-5,0,0.4691412693125676,0.3012199842508469,3,4,6,NA,NA,NA,NA,NA,NA,NA,NA,Illinois,Illinois,NA
401166181,2020-01-21,Purdue,Illinois,176,2,16:52,1012,1012,Trent Frazier made Three Point Jumper.,32,40,-8,19,0.34348951276656864,0.20403058065667298,3,4,6,29,33.422222222222224,Illinois,made,Trent Frazier,NA,TRUE,FALSE,Illinois,Purdue,NA
401166181,2020-01-21,Purdue,Illinois,177,2,16:31,991,991,Nojel Eastern made Jumper.,34,40,-6,21,0.41930701412991245,0.2622718451925446,3,4,6,28.999999999999996,76.45333333333333,Purdue,made,Nojel Eastern,NA,FALSE,FALSE,Purdue,Illinois,NA
401166181,2020-01-21,Purdue,Illinois,178,2,16:13,973,973,Kofi Cockburn made Dunk. Assisted by Ayo Dosunmu.,34,42,-8,18,0.3338344403003887,0.19858462059979634,3,4,6,27,5.222222222222221,Illinois,made,Kofi Cockburn,Ayo Dosunmu,FALSE,FALSE,Illinois,Purdue,NA
401166181,2020-01-21,Purdue,Illinois,179,2,15:49,949,949,Matt Haarms made Three Point Jumper. Assisted by Nojel Eastern.,37,42,-5,24,0.45344094306804505,0.29205599971405155,3,4,6,4,75.4088888888889,Purdue,made,Matt Haarms,Nojel Eastern,TRUE,FALSE,Purdue,Illinois,NA
401166181,2020-01-21,Purdue,Illinois,180,2,15:24,924,924,Foul on Eric Hunter Jr..,37,42,-5,25,0.4490215247691914,0.2894997048504792,3,4,6,NA,NA,NA,NA,NA,NA,NA,NA,Illinois,Illinois,NA
401166181,2020-01-21,Purdue,Illinois,181,2,15:24,924,924,Official TV Timeout,37,42,-5,0,0.4490215247691914,0.2894997048504792,3,4,6,NA,NA,NA,NA,NA,NA,NA,NA,Illinois,Illinois,NA
401166181,2020-01-21,Purdue,Illinois,182,2,15:19,919,919,Trent Frazier made Three Point Jumper. Assisted by Ayo Dosunmu.,37,45,-8,5,0.32123583734336797,0.19150858268626628,3,4,6,21.999999999999996,32.37777777777777,Illinois,made,Trent Frazier,Ayo Dosunmu,TRUE,FALSE,Illinois,Purdue,NA
401166181,2020-01-21,Purdue,Illinois,183,2,14:57,897,897,Nojel Eastern missed Jumper.,37,45,-8,22,0.31681589491414713,0.18906899939232116,3,4,6,26,79.58666666666667,Purdue,missed,Nojel Eastern,NA,FALSE,FALSE,Purdue,Illinois,NA
401166181,2020-01-21,Purdue,Illinois,184,2,14:57,897,897,Giorgi Bezhanishvili Defensive Rebound.,37,45,-8,0,0.31681589491414713,0.18906899939232116,3,4,6,NA,NA,NA,NA,NA,NA,NA,NA,Purdue,Illinois,NA
401166181,2020-01-21,Purdue,Illinois,185,2,14:39,879,879,Ayo Dosunmu made Layup.,37,47,-10,18,0.24016195972762913,0.13754671355301346,3,4,6,23,5.222222222222221,Illinois,made,Ayo Dosunmu,NA,FALSE,FALSE,Illinois,Purdue,NA
401166181,2020-01-21,Purdue,Illinois,186,2,14:07,847,847,Nojel Eastern made Jumper. Assisted by Matt Haarms.,39,47,-8,32,0.30708679252995974,0.18370693992137724,3,4,6,14,75.4088888888889,Purdue,made,Nojel Eastern,Matt Haarms,FALSE,FALSE,Purdue,Illinois,NA
401166181,2020-01-21,Purdue,Illinois,187,2,13:33,813,813,Giorgi Bezhanishvili made Layup. Assisted by Ayo Dosunmu.,39,49,-10,34,0.22668766876767296,0.13035986447881848,3,4,6,23,4.177777777777778,Illinois,made,Giorgi Bezhanishvili,Ayo Dosunmu,FALSE,FALSE,Illinois,Purdue,NA
401166181,2020-01-21,Purdue,Illinois,188,2,13:02,782,782,Eric Hunter Jr. missed Three Point Jumper.,39,49,-10,31,0.21925403012483524,0.12632585553679299,3,4,6,27,60.78666666666667,Purdue,missed,Eric Hunter Jr.,NA,TRUE,FALSE,Purdue,Purdue,NA
401166181,2020-01-21,Purdue,Illinois,189,2,13:02,782,782,Trevion Williams Offensive Rebound.,39,49,-10,0,0.21925403012483524,0.12632585553679299,3,4,6,NA,NA,NA,NA,NA,NA,NA,NA,Purdue,Purdue,NA
401166181,2020-01-21,Purdue,Illinois,190,2,13:00,780,780,Purdue  Turnover.,39,49,-10,2,0.21873571065146227,0.126042835317694,3,4,6,NA,NA,NA,NA,NA,NA,NA,NA,Purdue,Illinois,NA
401166181,2020-01-21,Purdue,Illinois,191,2,12:46,766,766,Foul on Evan Boudreaux.,39,49,-10,14,0.2149556811620668,0.12397296668144456,3,4,6,NA,NA,NA,NA,NA,NA,NA,NA,Illinois,Illinois,NA
401166181,2020-01-21,Purdue,Illinois,192,2,12:46,766,766,Trent Frazier made Free Throw.,39,50,-11,0,0.18379543509526677,0.10425025534161121,3,4,6,25,4.177777777777778,Illinois,made,Trent Frazier,NA,FALSE,TRUE,Illinois,Illinois,NA
401166181,2020-01-21,Purdue,Illinois,193,2,12:46,766,766,Trent Frazier made Free Throw.,39,51,-12,0,0.15625316002409054,0.08735233708938464,3,4,6,25,4.177777777777778,Illinois,made,Trent Frazier,NA,FALSE,TRUE,Illinois,Purdue,NA
401166181,2020-01-21,Purdue,Illinois,194,2,12:33,753,753,Foul on Giorgi Bezhanishvili.,39,51,-12,13,0.15281709147495587,0.08553227667447036,3,4,6,NA,NA,NA,NA,NA,NA,NA,NA,Purdue,Purdue,NA
401166181,2020-01-21,Purdue,Illinois,195,2,12:29,749,749,Foul on Ayo Dosunmu.,39,51,-12,4,0.15171484968056562,0.08494703174806607,3,4,6,NA,NA,NA,NA,NA,NA,NA,NA,Purdue,Purdue,NA
401166181,2020-01-21,Purdue,Illinois,196,2,12:26,746,746,Foul on Kipper Nichols.,39,51,-12,3,0.1508738358477743,0.08450007328968089,3,4,6,NA,NA,NA,NA,NA,NA,NA,NA,Purdue,Purdue,NA
401166181,2020-01-21,Purdue,Illinois,197,2,12:26,746,746,Trevion Williams missed Free Throw.,39,51,-12,0,0.1508738358477743,0.08450007328968089,3,4,6,25,87.94222222222221,Purdue,missed,Trevion Williams,NA,FALSE,TRUE,Purdue,Purdue,NA
401166181,2020-01-21,Purdue,Illinois,198,2,12:26,746,746,Purdue Deadball Team Rebound.,39,51,-12,0,0.1508738358477743,0.08450007328968089,3,4,6,NA,NA,NA,NA,NA,NA,NA,NA,Purdue,Purdue,NA
401166181,2020-01-21,Purdue,Illinois,199,2,12:26,746,746,Trevion Williams missed Free Throw.,39,51,-12,0,0.1508738358477743,0.08450007328968089,3,4,6,25,87.94222222222221,Purdue,missed,Trevion Williams,NA,FALSE,TRUE,Purdue,Purdue,NA
401166181,2020-01-21,Purdue,Illinois,200,2,12:26,746,746,Da'Monte Williams Defensive Rebound.,39,51,-12,0,0.1508738358477743,0.08450007328968089,3,4,6,NA,NA,NA,NA,NA,NA,NA,NA,Purdue,Purdue,NA
401166181,2020-01-21,Purdue,Illinois,201,2,12:24,744,744,Jump Ball won by Illinois,39,51,-12,2,0.15030625075687246,0.08419823495714478,3,4,6,NA,NA,NA,NA,NA,NA,NA,NA,Purdue,Purdue,NA
401166181,2020-01-21,Purdue,Illinois,202,2,12:10,730,730,Foul on Da'Monte Williams.,39,51,-12,14,0.1461749164270898,0.08199693835589701,3,4,6,NA,NA,NA,NA,NA,NA,NA,NA,Purdue,Purdue,NA
401166181,2020-01-21,Purdue,Illinois,203,2,12:10,730,730,Da'Monte Williams Turnover.,39,51,-12,0,0.1461749164270898,0.08199693835589701,3,4,6,NA,NA,NA,NA,NA,NA,NA,NA,Illinois,Purdue,NA
401166181,2020-01-21,Purdue,Illinois,204,2,11:50,710,710,Trevion Williams missed Layup.,39,51,-12,20,0.1405684132453882,0.07902394273093681,3,4,6,22,87.94222222222221,Purdue,missed,Trevion Williams,NA,FALSE,FALSE,Purdue,Illinois,NA
401166181,2020-01-21,Purdue,Illinois,205,2,11:50,710,710,Kofi Cockburn Block.,39,51,-12,0,0.1405684132453882,0.07902394273093681,3,4,6,NA,NA,NA,NA,NA,NA,NA,NA,Purdue,Illinois,NA
401166181,2020-01-21,Purdue,Illinois,206,2,11:50,710,710,Kofi Cockburn Defensive Rebound.,39,51,-12,0,0.1405684132453882,0.07902394273093681,3,4,6,NA,NA,NA,NA,NA,NA,NA,NA,Purdue,Illinois,NA
401166181,2020-01-21,Purdue,Illinois,207,2,11:30,690,690,Kofi Cockburn made Jumper. Assisted by Kipper Nichols.,39,53,-14,20,0.09394394230036972,0.051846634241052576,3,4,6,33,16.711111111111112,Illinois,made,Kofi Cockburn,Kipper Nichols,FALSE,FALSE,Illinois,Purdue,NA
401166181,2020-01-21,Purdue,Illinois,208,2,11:09,669,669,Sasha Stefanovic missed Three Point Jumper.,39,53,-14,21,0.09014616350926428,0.0499149866242072,3,4,6,28.000000000000004,59.74222222222222,Purdue,missed,Sasha Stefanovic,NA,TRUE,FALSE,Purdue,Purdue,NA
401166181,2020-01-21,Purdue,Illinois,209,2,11:09,669,669,Evan Boudreaux Offensive Rebound.,39,53,-14,0,0.09014616350926428,0.0499149866242072,3,4,6,NA,NA,NA,NA,NA,NA,NA,NA,Purdue,Purdue,NA
401166181,2020-01-21,Purdue,Illinois,210,2,11:04,664,664,Evan Boudreaux made Layup.,41,53,-12,5,0.13007973448090632,0.07355386558215975,3,4,6,23,87.94222222222221,Purdue,made,Evan Boudreaux,NA,FALSE,FALSE,Purdue,Illinois,NA
401166181,2020-01-21,Purdue,Illinois,211,2,10:47,647,647,Ayo Dosunmu made Layup.,41,55,-14,17,0.08636063415531421,0.04799131756328482,3,4,6,29,5.222222222222221,Illinois,made,Ayo Dosunmu,NA,FALSE,FALSE,Illinois,Purdue,NA
401166181,2020-01-21,Purdue,Illinois,212,2,10:25,625,625,Sasha Stefanovic missed Layup.,41,55,-14,22,0.08250690786903245,0.04602227509682462,3,4,6,23,87.94222222222221,Purdue,missed,Sasha Stefanovic,NA,FALSE,FALSE,Purdue,Illinois,NA
401166181,2020-01-21,Purdue,Illinois,213,2,10:25,625,625,Trevion Williams Offensive Rebound.,41,55,-14,0,0.08250690786903245,0.04602227509682462,3,4,6,NA,NA,NA,NA,NA,NA,NA,NA,Purdue,Illinois,NA
401166181,2020-01-21,Purdue,Illinois,214,2,10:25,625,625,Trevion Williams made Layup.,43,55,-12,0,0.12177909171266822,0.0692388056983967,3,4,6,27,87.94222222222221,Purdue,made,Trevion Williams,NA,FALSE,FALSE,Purdue,Illinois,NA
401166181,2020-01-21,Purdue,Illinois,215,2,10:25,625,625,Foul on Ayo Dosunmu.,43,55,-12,0,0.12177909171266822,0.0692388056983967,3,4,6,NA,NA,NA,NA,NA,NA,NA,NA,Purdue,Illinois,NA
401166181,2020-01-21,Purdue,Illinois,216,2,10:25,625,625,Official TV Timeout,43,55,-12,0,0.12177909171266822,0.0692388056983967,3,4,6,NA,NA,NA,NA,NA,NA,NA,NA,Purdue,Illinois,NA
401166181,2020-01-21,Purdue,Illinois,217,2,10:25,625,625,Trevion Williams missed Free Throw.,43,55,-12,0,0.12177909171266822,0.0692388056983967,3,4,6,25,87.94222222222221,Purdue,missed,Trevion Williams,NA,FALSE,TRUE,Purdue,Illinois,NA
401166181,2020-01-21,Purdue,Illinois,218,2,10:25,625,625,Ayo Dosunmu Defensive Rebound.,43,55,-12,0,0.12177909171266822,0.0692388056983967,3,4,6,NA,NA,NA,NA,NA,NA,NA,NA,Purdue,Illinois,NA
401166181,2020-01-21,Purdue,Illinois,219,2,10:10,610,610,Foul on Eric Hunter Jr..,43,55,-12,15,0.11833274812433187,0.06742889483722733,3,4,6,NA,NA,NA,NA,NA,NA,NA,NA,Illinois,Illinois,NA
401166181,2020-01-21,Purdue,Illinois,220,2,9:56,596,596,Kofi Cockburn Turnover.,43,55,-12,14,0.11487806492170437,0.0656003419247702,3,4,6,NA,NA,NA,NA,NA,NA,NA,NA,Illinois,Purdue,NA
401166181,2020-01-21,Purdue,Illinois,221,2,9:42,582,582,Nojel Eastern missed Jumper.,43,55,-12,14,0.11113896270510669,0.06360569031655082,3,4,6,34,85.85333333333332,Purdue,missed,Nojel Eastern,NA,FALSE,FALSE,Purdue,Purdue,NA
401166181,2020-01-21,Purdue,Illinois,222,2,9:42,582,582,Aaron Wheeler Offensive Rebound.,43,55,-12,0,0.11113896270510669,0.06360569031655082,3,4,6,NA,NA,NA,NA,NA,NA,NA,NA,Purdue,Purdue,NA
401166181,2020-01-21,Purdue,Illinois,223,2,9:38,578,578,Aaron Wheeler missed Jumper.,43,55,-12,4,0.11001217659922932,0.0630016578199278,3,4,6,28.000000000000004,82.72,Purdue,missed,Aaron Wheeler,NA,FALSE,FALSE,Purdue,Illinois,NA
401166181,2020-01-21,Purdue,Illinois,224,2,9:38,578,578,Giorgi Bezhanishvili Defensive Rebound.,43,55,-12,0,0.11001217659922932,0.0630016578199278,3,4,6,NA,NA,NA,NA,NA,NA,NA,NA,Purdue,Illinois,NA
401166181,2020-01-21,Purdue,Illinois,225,2,9:14,554,554,Andres Feliz made Layup. Assisted by Ayo Dosunmu.,43,57,-14,24,0.06725692920416111,0.03803678218100248,3,4,6,28,5.222222222222221,Illinois,made,Andres Feliz,Ayo Dosunmu,FALSE,FALSE,Illinois,Purdue,NA
401166181,2020-01-21,Purdue,Illinois,226,2,8:51,531,531,Eric Hunter Jr. missed Jumper.,43,57,-14,23,0.061842607169922695,0.03516019439550697,3,4,6,27,81.67555555555555,Purdue,missed,Eric Hunter Jr.,NA,FALSE,FALSE,Purdue,Purdue,NA
401166181,2020-01-21,Purdue,Illinois,227,2,8:51,531,531,Matt Haarms Offensive Rebound.,43,57,-14,0,0.061842607169922695,0.03516019439550697,3,4,6,NA,NA,NA,NA,NA,NA,NA,NA,Purdue,Purdue,NA
401166181,2020-01-21,Purdue,Illinois,228,2,8:47,527,527,Matt Haarms made Layup.,45,57,-12,4,0.094647552550265,0.054705659691627814,3,4,6,22,87.94222222222221,Purdue,made,Matt Haarms,NA,FALSE,FALSE,Purdue,Illinois,NA
401166181,2020-01-21,Purdue,Illinois,229,2,8:30,510,510,Giorgi Bezhanishvili made Three Point Jumper. Assisted by Ayo Dosunmu.,45,60,-15,17,0.04613206117340793,0.02621919501050917,3,4,6,41,25.066666666666666,Illinois,made,Giorgi Bezhanishvili,Ayo Dosunmu,TRUE,FALSE,Illinois,Purdue,NA
401166181,2020-01-21,Purdue,Illinois,230,2,8:07,487,487,Foul on Trent Frazier.,45,60,-15,23,0.04283737059875249,0.024494551949336963,3,4,6,NA,NA,NA,NA,NA,NA,NA,NA,Purdue,Purdue,NA
401166181,2020-01-21,Purdue,Illinois,231,2,7:52,472,472,Nojel Eastern made Jumper.,47,60,-13,15,0.0651024891562779,0.0377912560488773,3,4,6,18,73.32,Purdue,made,Nojel Eastern,NA,FALSE,FALSE,Purdue,Illinois,NA
401166181,2020-01-21,Purdue,Illinois,232,2,7:26,446,446,Official TV Timeout,47,60,-13,26,0.05894160361345381,0.03445014931959896,3,4,6,NA,NA,NA,NA,NA,NA,NA,NA,Illinois,Illinois,NA
401166181,2020-01-21,Purdue,Illinois,233,2,7:21,441,441,Trent Frazier missed Three Point Jumper.,47,60,-13,5,0.05758906199186441,0.0337071733982931,3,4,6,1.25,10.444444444444443,Illinois,missed,Trent Frazier,NA,TRUE,FALSE,Illinois,Purdue,NA
401166181,2020-01-21,Purdue,Illinois,234,2,7:21,441,441,Aaron Wheeler Defensive Rebound.,47,60,-13,0,0.05758906199186441,0.0337071733982931,3,4,6,NA,NA,NA,NA,NA,NA,NA,NA,Illinois,Purdue,NA
401166181,2020-01-21,Purdue,Illinois,235,2,6:51,411,411,Matt Haarms missed Jumper.,47,60,-13,30,0.049192607686595224,0.029070968137457194,3,4,6,19,83.76444444444444,Purdue,missed,Matt Haarms,NA,FALSE,FALSE,Purdue,Illinois,NA
401166181,2020-01-21,Purdue,Illinois,236,2,6:51,411,411,Giorgi Bezhanishvili Defensive Rebound.,47,60,-13,0,0.049192607686595224,0.029070968137457194,3,4,6,NA,NA,NA,NA,NA,NA,NA,NA,Purdue,Illinois,NA
401166181,2020-01-21,Purdue,Illinois,237,2,6:25,385,385,Giorgi Bezhanishvili missed Three Point Jumper.,47,60,-13,26,0.04317117772420938,0.025774020233095673,3,4,6,37,28.2,Illinois,missed,Giorgi Bezhanishvili,NA,TRUE,FALSE,Illinois,Illinois,NA
401166181,2020-01-21,Purdue,Illinois,238,2,6:25,385,385,Kipper Nichols Offensive Rebound.,47,60,-13,0,0.04317117772420938,0.025774020233095673,3,4,6,NA,NA,NA,NA,NA,NA,NA,NA,Illinois,Illinois,NA
401166181,2020-01-21,Purdue,Illinois,239,2,6:02,362,362,Kipper Nichols missed Jumper.,47,60,-13,23,0.03811518731439516,0.022986172147449874,3,4,6,37,22.977777777777774,Illinois,missed,Kipper Nichols,NA,FALSE,FALSE,Illinois,Illinois,NA
401166181,2020-01-21,Purdue,Illinois,240,2,6:02,362,362,Purdue Deadball Team Rebound.,47,60,-13,0,0.03811518731439516,0.022986172147449874,3,4,6,NA,NA,NA,NA,NA,NA,NA,NA,Illinois,Purdue,NA
401166181,2020-01-21,Purdue,Illinois,241,2,5:39,339,339,Nojel Eastern missed Layup.,47,60,-13,23,0.03283306972035131,0.020017173090244797,3,4,6,23,86.89777777777778,Purdue,missed,Nojel Eastern,NA,FALSE,FALSE,Purdue,Illinois,NA
401166181,2020-01-21,Purdue,Illinois,242,2,5:39,339,339,Kofi Cockburn Block.,47,60,-13,0,0.03283306972035131,0.020017173090244797,3,4,6,NA,NA,NA,NA,NA,NA,NA,NA,Purdue,Illinois,NA
401166181,2020-01-21,Purdue,Illinois,243,2,5:39,339,339,Illinois Defensive Rebound.,47,60,-13,0,0.03283306972035131,0.020017173090244797,3,4,6,NA,NA,NA,NA,NA,NA,NA,NA,Purdue,Illinois,NA
401166181,2020-01-21,Purdue,Illinois,244,2,5:21,321,321,Ayo Dosunmu Turnover.,47,60,-13,18,0.028426775447687857,0.01748769936708062,3,4,6,NA,NA,NA,NA,NA,NA,NA,NA,Illinois,Purdue,NA
401166181,2020-01-21,Purdue,Illinois,245,2,5:10,310,310,Trevion Williams made Jumper. Assisted by Sasha Stefanovic.,49,60,-11,11,0.04729522059740881,0.02951265605203362,3,4,6,28.999999999999996,77.49777777777777,Purdue,made,Trevion Williams,Sasha Stefanovic,FALSE,FALSE,Purdue,Illinois,NA
401166181,2020-01-21,Purdue,Illinois,246,2,4:44,284,284,Andres Feliz Turnover.,49,60,-11,26,0.04320337811628649,0.027348363008844113,3,4,6,NA,NA,NA,NA,NA,NA,NA,NA,Illinois,Purdue,NA
401166181,2020-01-21,Purdue,Illinois,247,2,4:44,284,284,Isaiah Thompson Steal.,49,60,-11,0,0.04320337811628649,0.027348363008844113,3,4,6,NA,NA,NA,NA,NA,NA,NA,NA,Illinois,Purdue,NA
401166181,2020-01-21,Purdue,Illinois,248,2,4:40,280,280,Isaiah Thompson made Layup.,51,60,-9,4,0.0797131700450679,0.051298092300116,3,4,6,27,87.94222222222221,Purdue,made,Isaiah Thompson,NA,FALSE,FALSE,Purdue,Illinois,NA
401166181,2020-01-21,Purdue,Illinois,249,2,4:39,279,279,Illinois  Timeout,51,60,-9,1,0.0797798517776913,0.05137289297565465,3,3,6,NA,NA,NA,NA,NA,NA,NA,NA,Illinois,Illinois,NA
401166181,2020-01-21,Purdue,Illinois,250,2,4:22,262,262,Ayo Dosunmu made Jumper.,51,62,-11,17,0.0450274217245913,0.02891043475314633,3,3,6,16,14.622222222222222,Illinois,made,Ayo Dosunmu,NA,FALSE,FALSE,Illinois,Purdue,NA
401166181,2020-01-21,Purdue,Illinois,251,2,4:06,246,246,Isaiah Thompson missed Jumper.,51,62,-11,16,0.0466335848183968,0.030264367116684777,3,3,6,35,80.6311111111111,Purdue,missed,Isaiah Thompson,NA,FALSE,FALSE,Purdue,Illinois,NA
401166181,2020-01-21,Purdue,Illinois,252,2,4:06,246,246,Giorgi Bezhanishvili Defensive Rebound.,51,62,-11,0,0.0466335848183968,0.030264367116684777,3,3,6,NA,NA,NA,NA,NA,NA,NA,NA,Purdue,Illinois,NA
401166181,2020-01-21,Purdue,Illinois,253,2,3:45,225,225,Ayo Dosunmu made Jumper.,51,64,-13,21,0.024792403710173473,0.01619046760473841,3,3,6,21.999999999999996,21.93333333333333,Illinois,made,Ayo Dosunmu,NA,FALSE,FALSE,Illinois,Purdue,NA
401166181,2020-01-21,Purdue,Illinois,254,2,3:19,199,199,Foul on Giorgi Bezhanishvili.,51,64,-13,26,0.01821663075704504,0.012102674368944069,3,3,6,NA,NA,NA,NA,NA,NA,NA,NA,Purdue,Illinois,NA
401166181,2020-01-21,Purdue,Illinois,255,2,3:19,199,199,Official TV Timeout,51,64,-13,0,0.01821663075704504,0.012102674368944069,3,3,6,NA,NA,NA,NA,NA,NA,NA,NA,Purdue,Illinois,NA
401166181,2020-01-21,Purdue,Illinois,256,2,3:19,199,199,Evan Boudreaux made Free Throw.,52,64,-12,0,0.02537202546535185,0.016897873547853992,3,3,6,25,87.94222222222221,Purdue,made,Evan Boudreaux,NA,FALSE,TRUE,Purdue,Purdue,NA
401166181,2020-01-21,Purdue,Illinois,257,2,3:19,199,199,Evan Boudreaux missed Free Throw.,52,64,-12,0,0.02537202546535185,0.016897873547853992,3,3,6,25,87.94222222222221,Purdue,missed,Evan Boudreaux,NA,FALSE,TRUE,Purdue,Illinois,NA
401166181,2020-01-21,Purdue,Illinois,258,2,3:19,199,199,Ayo Dosunmu Defensive Rebound.,52,64,-12,0,0.02537202546535185,0.016897873547853992,3,3,6,NA,NA,NA,NA,NA,NA,NA,NA,Purdue,Illinois,NA
401166181,2020-01-21,Purdue,Illinois,259,2,2:50,170,170,Kofi Cockburn missed Jumper.,52,64,-12,29,0.012406081233372354,0.008430518028064755,3,3,6,25,11.488888888888887,Illinois,missed,Kofi Cockburn,NA,FALSE,FALSE,Illinois,Illinois,NA
401166181,2020-01-21,Purdue,Illinois,260,2,2:50,170,170,Kofi Cockburn Offensive Rebound.,52,64,-12,0,0.012406081233372354,0.008430518028064755,3,3,6,NA,NA,NA,NA,NA,NA,NA,NA,Illinois,Illinois,NA
401166181,2020-01-21,Purdue,Illinois,261,2,2:47,167,167,Kofi Cockburn made Layup.,52,66,-14,3,0.005130711648535762,0.003487558703067879,3,3,6,23,5.222222222222221,Illinois,made,Kofi Cockburn,NA,FALSE,FALSE,Illinois,Purdue,NA
401166181,2020-01-21,Purdue,Illinois,262,2,2:33,153,153,Isaiah Thompson made Jumper.,54,66,-12,14,0.007656465690408275,0.005274395922944425,3,3,6,25,75.4088888888889,Purdue,made,Isaiah Thompson,NA,FALSE,FALSE,Purdue,Illinois,NA
401166181,2020-01-21,Purdue,Illinois,263,2,2:31,151,151,Purdue  Timeout,54,66,-12,2,0.007205111107142926,0.004971826775013735,2,3,6,NA,NA,NA,NA,NA,NA,NA,NA,Illinois,Illinois,NA
401166181,2020-01-21,Purdue,Illinois,264,2,2:25,145,145,Foul on Isaiah Thompson.,54,66,-12,6,0.00596732781894005,0.0041389382149291535,2,3,6,NA,NA,NA,NA,NA,NA,NA,NA,Illinois,Illinois,NA
401166181,2020-01-21,Purdue,Illinois,265,2,2:25,145,145,Andres Feliz made Free Throw.,54,67,-13,0,0.003786944866192642,0.002624860614252572,2,3,6,25,4.177777777777778,Illinois,made,Andres Feliz,NA,FALSE,TRUE,Illinois,Illinois,NA
401166181,2020-01-21,Purdue,Illinois,266,2,2:25,145,145,Andres Feliz missed Free Throw.,54,67,-13,0,0.003786944866192642,0.002624860614252572,2,3,6,25,4.177777777777778,Illinois,missed,Andres Feliz,NA,FALSE,TRUE,Illinois,Purdue,NA
401166181,2020-01-21,Purdue,Illinois,267,2,2:25,145,145,Nojel Eastern Defensive Rebound.,54,67,-13,0,0.003786944866192642,0.002624860614252572,2,3,6,NA,NA,NA,NA,NA,NA,NA,NA,Illinois,Purdue,NA
401166181,2020-01-21,Purdue,Illinois,268,2,2:11,131,131,Nojel Eastern missed Jumper.,54,67,-13,14,0.002246516924433983,0.0015771694160483828,2,3,6,45,82.72,Purdue,missed,Nojel Eastern,NA,FALSE,FALSE,Purdue,Illinois,NA
401166181,2020-01-21,Purdue,Illinois,269,2,2:11,131,131,Kofi Cockburn Defensive Rebound.,54,67,-13,0,0.002246516924433983,0.0015771694160483828,2,3,6,NA,NA,NA,NA,NA,NA,NA,NA,Purdue,Illinois,NA
401166181,2020-01-21,Purdue,Illinois,270,2,2:07,127,127,Foul on Eric Hunter Jr..,54,67,-13,4,0.001909005994038299,0.001345289366507194,2,3,6,NA,NA,NA,NA,NA,NA,NA,NA,Illinois,Illinois,NA
401166181,2020-01-21,Purdue,Illinois,271,2,2:07,127,127,Kofi Cockburn made Free Throw.,54,68,-14,0,0.0011490065480992513,8.095306196363456e-4,2,3,6,25,4.177777777777778,Illinois,made,Kofi Cockburn,NA,FALSE,TRUE,Illinois,Illinois,NA
401166181,2020-01-21,Purdue,Illinois,272,2,2:07,127,127,Kofi Cockburn made Free Throw.,54,69,-15,0,6.91362917285346e-4,4.870326455552253e-4,2,3,6,25,4.177777777777778,Illinois,made,Kofi Cockburn,NA,FALSE,TRUE,Illinois,Purdue,NA
401166181,2020-01-21,Purdue,Illinois,273,2,1:53,113,113,Nojel Eastern made Jumper.,56,69,-13,14,0.0010206729900262635,7.291578892203048e-4,2,3,6,24,79.58666666666667,Purdue,made,Nojel Eastern,NA,FALSE,FALSE,Purdue,Illinois,NA
401166181,2020-01-21,Purdue,Illinois,274,2,1:41,101,101,Foul on Trevion Williams.,56,69,-13,12,5.509741756467445e-4,3.9845482637277833e-4,2,3,6,NA,NA,NA,NA,NA,NA,NA,NA,Illinois,Illinois,NA
401166181,2020-01-21,Purdue,Illinois,275,2,1:41,101,101,Trent Frazier made Free Throw.,56,70,-14,0,3.018168699761933e-4,2.1825358672589924e-4,2,3,6,25,4.177777777777778,Illinois,made,Trent Frazier,NA,FALSE,TRUE,Illinois,Illinois,NA
401166181,2020-01-21,Purdue,Illinois,276,2,1:41,101,101,Trent Frazier made Free Throw.,56,71,-15,0,1.6531292907962864e-4,1.1953863199088742e-4,2,3,6,25,4.177777777777778,Illinois,made,Trent Frazier,NA,FALSE,TRUE,Illinois,Purdue,NA
401166181,2020-01-21,Purdue,Illinois,277,2,1:38,98,98,Isaiah Thompson missed Three Point Jumper.,56,71,-15,3,1.363867872883506e-4,9.893339603024927e-5,2,3,6,32,60.78666666666667,Purdue,missed,Isaiah Thompson,NA,TRUE,FALSE,Purdue,Illinois,NA
401166181,2020-01-21,Purdue,Illinois,278,2,1:38,98,98,Illinois Deadball Team Rebound.,56,71,-15,0,1.363867872883506e-4,9.893339603024927e-5,2,3,6,NA,NA,NA,NA,NA,NA,NA,NA,Purdue,Illinois,NA
401166181,2020-01-21,Purdue,Illinois,279,2,1:27,87,87,Foul on Eric Hunter Jr..,56,71,-15,11,6.491904902673407e-5,4.7648526066699976e-5,2,3,6,NA,NA,NA,NA,NA,NA,NA,NA,Illinois,Illinois,NA
401166181,2020-01-21,Purdue,Illinois,280,2,1:27,87,87,Trent Frazier made Free Throw.,56,72,-16,0,3.343929909900694e-5,2.4543180997841747e-5,2,3,6,25,4.177777777777778,Illinois,made,Trent Frazier,NA,FALSE,TRUE,Illinois,Illinois,NA
401166181,2020-01-21,Purdue,Illinois,281,2,1:27,87,87,Trent Frazier made Free Throw.,56,73,-17,0,1.7224060907860844e-5,1.2641754824463821e-5,2,3,6,25,4.177777777777778,Illinois,made,Trent Frazier,NA,FALSE,TRUE,Illinois,Purdue,NA
401166181,2020-01-21,Purdue,Illinois,282,2,1:17,77,77,Nojel Eastern missed Jumper.,56,73,-17,10,7.727563309809367e-6,5.734006804453606e-6,2,3,6,15,81.67555555555555,Purdue,missed,Nojel Eastern,NA,FALSE,FALSE,Purdue,Illinois,NA
401166181,2020-01-21,Purdue,Illinois,283,2,1:17,77,77,Purdue Deadball Team Rebound.,56,73,-17,0,7.727563309809367e-6,5.734006804453606e-6,2,3,6,NA,NA,NA,NA,NA,NA,NA,NA,Purdue,Purdue,NA
401166181,2020-01-21,Purdue,Illinois,284,2,1:16,76,76,Foul on Kofi Cockburn.,56,73,-17,1,7.110547160247922e-6,5.2820146211067516e-6,2,3,6,NA,NA,NA,NA,NA,NA,NA,NA,Purdue,Purdue,NA
401166181,2020-01-21,Purdue,Illinois,285,2,1:16,76,76,Trevion Williams made Free Throw.,57,73,-16,0,1.4531927287984923e-5,1.0794949695033959e-5,2,3,6,25,87.94222222222221,Purdue,made,Trevion Williams,NA,FALSE,TRUE,Purdue,Purdue,NA
401166181,2020-01-21,Purdue,Illinois,286,2,1:16,76,76,Trevion Williams made Free Throw.,58,73,-15,0,2.9698878329728975e-5,2.20617087918823e-5,2,3,6,25,87.94222222222221,Purdue,made,Trevion Williams,NA,FALSE,TRUE,Purdue,Illinois,NA
401166181,2020-01-21,Purdue,Illinois,287,2,1:10,70,70,Foul on Sasha Stefanovic.,58,73,-15,6,1.8849128586696685e-5,1.4096294844895508e-5,2,3,6,NA,NA,NA,NA,NA,NA,NA,NA,Illinois,Illinois,NA
401166181,2020-01-21,Purdue,Illinois,288,2,1:10,70,70,Giorgi Bezhanishvili made Free Throw.,58,74,-16,0,8.951647706045971e-6,6.694460696740673e-6,2,3,6,25,4.177777777777778,Illinois,made,Giorgi Bezhanishvili,NA,FALSE,TRUE,Illinois,Illinois,NA
401166181,2020-01-21,Purdue,Illinois,289,2,1:10,70,70,Giorgi Bezhanishvili made Free Throw.,58,75,-17,0,4.251208740382405e-6,3.179248896882749e-6,2,3,6,25,4.177777777777778,Illinois,made,Giorgi Bezhanishvili,NA,FALSE,TRUE,Illinois,Purdue,NA
401166181,2020-01-21,Purdue,Illinois,290,2,1:00,60,60,Jahaad Proctor missed Three Point Jumper.,58,75,-17,10,1.7331883924372427e-6,1.3110047084502719e-6,2,3,6,14,63.919999999999995,Purdue,missed,Jahaad Proctor,NA,TRUE,FALSE,Purdue,Illinois,NA
401166181,2020-01-21,Purdue,Illinois,291,2,1:00,60,60,Kofi Cockburn Defensive Rebound.,58,75,-17,0,1.7331883924372427e-6,1.3110047084502719e-6,2,3,6,NA,NA,NA,NA,NA,NA,NA,NA,Purdue,Illinois,NA
401166181,2020-01-21,Purdue,Illinois,292,2,0:57,57,57,Foul on Nojel Eastern.,58,75,-17,3,1.3126389215923483e-6,9.963402255408223e-7,2,3,6,NA,NA,NA,NA,NA,NA,NA,NA,Illinois,Illinois,NA
401166181,2020-01-21,Purdue,Illinois,293,2,0:57,57,57,Kofi Cockburn made Free Throw.,58,76,-18,0,5.822517157302954e-7,4.4194994840536475e-7,2,3,6,25,4.177777777777778,Illinois,made,Kofi Cockburn,NA,FALSE,TRUE,Illinois,Illinois,NA
401166181,2020-01-21,Purdue,Illinois,294,2,0:57,57,57,Kofi Cockburn made Free Throw.,58,77,-19,0,2.5827127103669034e-7,1.9603714839244186e-7,2,3,6,25,4.177777777777778,Illinois,made,Kofi Cockburn,NA,FALSE,TRUE,Illinois,Purdue,NA
401166181,2020-01-21,Purdue,Illinois,295,2,0:52,52,52,Isaiah Thompson made Layup.,60,77,-17,5,8.176483609862107e-7,6.242492428027781e-7,2,3,6,28.000000000000004,87.94222222222221,Purdue,made,Isaiah Thompson,NA,FALSE,FALSE,Purdue,Illinois,NA
401166181,2020-01-21,Purdue,Illinois,296,2,0:31,31,31,Ayo Dosunmu made Jumper. Assisted by Andres Feliz.,60,79,-19,21,1.3892675317307027e-8,1.087762628757139e-8,2,3,6,38,17.755555555555556,Illinois,made,Ayo Dosunmu,Andres Feliz,FALSE,FALSE,Illinois,Purdue,NA
401166181,2020-01-21,Purdue,Illinois,297,2,0:15,15,15,Sasha Stefanovic made Layup. Assisted by Trevion Williams.,62,79,-17,16,1.5977387123636303e-8,1.2762667144041105e-8,2,3,6,28.000000000000004,87.94222222222221,Purdue,made,Sasha Stefanovic,Trevion Williams,FALSE,FALSE,Purdue,Illinois,NA
401166181,2020-01-21,Purdue,Illinois,298,2,0:00,0,0,End of Game,62,79,-17,15,0,2.1871378321977182e-148,2,3,6,NA,NA,NA,NA,NA,NA,NA,NA,Illinois,NA,0
