play_id,half,time_remaining_half,secs_remaining,secs_remaining_absolute,description,home_score,away_score,score_diff,play_length,win_prob,naive_win_prob,home,away,home_time_out_remaining,away_time_out_remaining,home_favored_by,game_id,date
1,1,20:00,2400,2400,PLAY,0,0,0,14,0.5,0.5,Eastern Michigan,Concordia (MI),4,4,NA,400587470,2014-12-28
2,1,19:46,2386,2386,Anali Okoloji missed Jumper.,0,0,0,0,0.5,0.5,Eastern Michigan,Concordia (MI),4,4,NA,400587470,2014-12-28
3,1,19:46,2386,2386,Josh Fugate Defensive Rebound.,0,0,0,35,0.5,0.5,Eastern Michigan,Concordia (MI),4,4,NA,400587470,2014-12-28
4,1,19:11,2351,2351,Josh Fugate missed Three Point Jumper.,0,0,0,0,0.5,0.5,Eastern Michigan,Concordia (MI),4,4,NA,400587470,2014-12-28
5,1,19:11,2351,2351,Karrington Ward Defensive Rebound.,0,0,0,3,0.5,0.5,Eastern Michigan,Concordia (MI),4,4,NA,400587470,2014-12-28
6,1,19:08,2348,2348,Foul on Joe Remstad.,0,0,0,11,0.5,0.5,Eastern Michigan,Concordia (MI),4,4,NA,400587470,2014-12-28
7,1,18:57,2337,2337,Foul on Austin Elam.,0,0,0,0,0.5,0.5,Eastern Michigan,Concordia (MI),4,4,NA,400587470,2014-12-28
8,1,18:57,2337,2337,Anali Okoloji made Free Throw.,1,0,1,0,0.5227334298642733,0.5227334298642733,Eastern Michigan,Concordia (MI),4,4,NA,400587470,2014-12-28
9,1,18:57,2337,2337,Anali Okoloji made Free Throw.,2,0,2,18,0.545373062929666,0.545373062929666,Eastern Michigan,Concordia (MI),4,4,NA,400587470,2014-12-28
10,1,18:39,2319,2319,Andrew Patrick Turnover.,2,0,2,1,0.5457673174479175,0.5457673174479175,Eastern Michigan,Concordia (MI),4,4,NA,400587470,2014-12-28
11,1,18:38,2318,2318,Jodan Price Steal.,2,0,2,9,0.5457893300573414,0.5457893300573414,Eastern Michigan,Concordia (MI),4,4,NA,400587470,2014-12-28
12,1,18:29,2309,2309,Anali Okoloji made Layup. Assisted by Karrington Ward.,4,0,4,37,0.5912043322300354,0.5912043322300354,Eastern Michigan,Concordia (MI),4,4,NA,400587470,2014-12-28
13,1,17:52,2272,2272,Foul on Mike Samuels.,4,0,4,0,0.5928127076693451,0.5928127076693451,Eastern Michigan,Concordia (MI),4,4,NA,400587470,2014-12-28
14,1,17:52,2272,2272,Austin Elam made Free Throw.,4,1,3,0,0.5699639178953667,0.5699639178953667,Eastern Michigan,Concordia (MI),4,4,NA,400587470,2014-12-28
15,1,17:52,2272,2272,Austin Elam missed Free Throw.,4,1,3,0,0.5699639178953667,0.5699639178953667,Eastern Michigan,Concordia (MI),4,4,NA,400587470,2014-12-28
16,1,17:52,2272,2272,Anali Okoloji Defensive Rebound.,4,1,3,21,0.5699639178953667,0.5699639178953667,Eastern Michigan,Concordia (MI),4,4,NA,400587470,2014-12-28
17,1,17:31,2251,2251,Foul on Josh Fugate.,4,1,3,0,0.5706668871886571,0.5706668871886571,Eastern Michigan,Concordia (MI),4,4,NA,400587470,2014-12-28
18,1,17:31,2251,2251,Karrington Ward made Free Throw.,5,1,4,0,0.593735634626751,0.593735634626751,Eastern Michigan,Concordia (MI),4,4,NA,400587470,2014-12-28
19,1,17:31,2251,2251,Karrington Ward missed Free Throw.,5,1,4,0,0.593735634626751,0.593735634626751,Eastern Michigan,Concordia (MI),4,4,NA,400587470,2014-12-28
20,1,17:31,2251,2251,Josh Fugate Defensive Rebound.,5,1,4,23,0.593735634626751,0.593735634626751,Eastern Michigan,Concordia (MI),4,4,NA,400587470,2014-12-28
21,1,17:08,2228,2228,Joe Remstad missed Three Point Jumper.,5,1,4,0,0.5947533996242493,0.5947533996242493,Eastern Michigan,Concordia (MI),4,4,NA,400587470,2014-12-28
22,1,17:08,2228,2228,Concordia (MI) Offensive Rebound.,5,1,4,5,0.5947533996242493,0.5947533996242493,Eastern Michigan,Concordia (MI),4,4,NA,400587470,2014-12-28
23,1,17:03,2223,2223,Josh Fugate Turnover.,5,1,4,1,0.5949754942321849,0.5949754942321849,Eastern Michigan,Concordia (MI),4,4,NA,400587470,2014-12-28
24,1,17:02,2222,2222,Karrington Ward Steal.,5,1,4,7,0.595019946203655,0.595019946203655,Eastern Michigan,Concordia (MI),4,4,NA,400587470,2014-12-28
25,1,16:55,2215,2215,Karrington Ward made Layup.,7,1,6,15,0.6408544633201061,0.6408544633201061,Eastern Michigan,Concordia (MI),4,4,NA,400587470,2014-12-28
26,1,16:40,2200,2200,Andrew Patrick Turnover.,7,1,6,2,0.6418129054749615,0.6418129054749615,Eastern Michigan,Concordia (MI),4,4,NA,400587470,2014-12-28
27,1,16:38,2198,2198,Anali Okoloji Steal.,7,1,6,6,0.6419408686922365,0.6419408686922365,Eastern Michigan,Concordia (MI),4,4,NA,400587470,2014-12-28
28,1,16:32,2192,2192,Jodan Price missed Layup.,7,1,6,0,0.64232497191103,0.64232497191103,Eastern Michigan,Concordia (MI),4,4,NA,400587470,2014-12-28
29,1,16:32,2192,2192,Austin Elam Block.,7,1,6,2,0.64232497191103,0.64232497191103,Eastern Michigan,Concordia (MI),4,4,NA,400587470,2014-12-28
30,1,16:30,2190,2190,Austin Elam Defensive Rebound.,7,1,6,5,0.6424530734923618,0.6424530734923618,Eastern Michigan,Concordia (MI),4,4,NA,400587470,2014-12-28
31,1,16:25,2185,2185,Makenzi Kurvits-Statum missed Three Point Jumper.,7,1,6,0,0.6427734629890032,0.6427734629890032,Eastern Michigan,Concordia (MI),4,4,NA,400587470,2014-12-28
32,1,16:25,2185,2185,Karrington Ward Defensive Rebound.,7,1,6,18,0.6427734629890032,0.6427734629890032,Eastern Michigan,Concordia (MI),4,4,NA,400587470,2014-12-28
33,1,16:07,2167,2167,Mike Samuels made Layup.,9,1,8,19,0.6878184723339954,0.6878184723339954,Eastern Michigan,Concordia (MI),4,4,NA,400587470,2014-12-28
34,1,15:48,2148,2148,Makenzi Kurvits-Statum made Jumper.,9,3,6,9,0.6451516325709856,0.6451516325709856,Eastern Michigan,Concordia (MI),4,4,NA,400587470,2014-12-28
35,1,15:39,2139,2139,Foul on Makenzi Kurvits-Statum.,9,3,6,0,0.64573327893227,0.64573327893227,Eastern Michigan,Concordia (MI),4,4,NA,400587470,2014-12-28
36,1,15:39,2139,2139,Official TV Timeout,9,3,6,0,0.64573327893227,0.64573327893227,Eastern Michigan,Concordia (MI),4,4,NA,400587470,2014-12-28
37,1,15:39,2139,2139,Ethan Alvano made Free Throw.,10,3,7,0,0.6682747965530983,0.6682747965530983,Eastern Michigan,Concordia (MI),4,4,NA,400587470,2014-12-28
38,1,15:39,2139,2139,Ethan Alvano made Free Throw.,11,3,8,33,0.690070435358561,0.690070435358561,Eastern Michigan,Concordia (MI),4,4,NA,400587470,2014-12-28
39,1,15:06,2106,2106,Connor Phee missed Three Point Jumper.,11,3,8,0,0.6927425347793886,0.6927425347793886,Eastern Michigan,Concordia (MI),4,4,NA,400587470,2014-12-28
40,1,15:06,2106,2106,Karrington Ward Defensive Rebound.,11,3,8,11,0.6927425347793886,0.6927425347793886,Eastern Michigan,Concordia (MI),4,4,NA,400587470,2014-12-28
41,1,14:55,2095,2095,Olalekan Ajayi made Layup. Assisted by Ethan Alvano.,13,3,10,36,0.7352606610976812,0.7352606610976812,Eastern Michigan,Concordia (MI),4,4,NA,400587470,2014-12-28
42,1,14:19,2059,2059,Josh Fugate missed Three Point Jumper.,13,3,10,0,0.7386342025621575,0.7386342025621575,Eastern Michigan,Concordia (MI),4,4,NA,400587470,2014-12-28
43,1,14:19,2059,2059,Luke Diekevers Offensive Rebound.,13,3,10,3,0.7386342025621575,0.7386342025621575,Eastern Michigan,Concordia (MI),4,4,NA,400587470,2014-12-28
44,1,14:16,2056,2056,Foul on Jodan Price.,13,3,10,9,0.7389165393465742,0.7389165393465742,Eastern Michigan,Concordia (MI),4,4,NA,400587470,2014-12-28
45,1,14:07,2047,2047,Luke Diekevers Turnover.,13,3,10,5,0.739764750715966,0.739764750715966,Eastern Michigan,Concordia (MI),4,4,NA,400587470,2014-12-28
46,1,14:02,2042,2042,Brandon Nazione Steal.,13,3,10,0,0.740236776980468,0.740236776980468,Eastern Michigan,Concordia (MI),4,4,NA,400587470,2014-12-28
47,1,14:02,2042,2042,Brandon Nazione made Layup.,15,3,12,0,0.7784470709552974,0.7784470709552974,Eastern Michigan,Concordia (MI),4,4,NA,400587470,2014-12-28
48,1,14:02,2042,2042,Concordia (MI)  Timeout,15,3,12,19,0.7784470709552974,0.7784470709552974,Eastern Michigan,Concordia (MI),3,4,NA,400587470,2014-12-28
49,1,13:43,2023,2023,Luke Diekevers Turnover.,15,3,12,0,0.7803818037064754,0.7803818037064754,Eastern Michigan,Concordia (MI),3,4,NA,400587470,2014-12-28
50,1,13:43,2023,2023,Brandon Nazione Steal.,15,3,12,24,0.7803818037064754,0.7803818037064754,Eastern Michigan,Concordia (MI),3,4,NA,400587470,2014-12-28
51,1,13:19,1999,1999,Anali Okoloji Turnover.,15,3,12,2,0.7828347914147795,0.7828347914147795,Eastern Michigan,Concordia (MI),3,4,NA,400587470,2014-12-28
52,1,13:17,1997,1997,Makenzi Kurvits-Statum Steal.,15,3,12,26,0.7830397001708759,0.7830397001708759,Eastern Michigan,Concordia (MI),3,4,NA,400587470,2014-12-28
53,1,12:51,1971,1971,Alec Turner missed Three Point Jumper.,15,3,12,0,0.7857109417963185,0.7857109417963185,Eastern Michigan,Concordia (MI),3,4,NA,400587470,2014-12-28
54,1,12:51,1971,1971,Anali Okoloji Defensive Rebound.,15,3,12,14,0.7857109417963185,0.7857109417963185,Eastern Michigan,Concordia (MI),3,4,NA,400587470,2014-12-28
55,1,12:37,1957,1957,Olalekan Ajayi made Layup. Assisted by Anali Okoloji.,17,3,14,17,0.8213968548883203,0.8213968548883203,Eastern Michigan,Concordia (MI),3,4,NA,400587470,2014-12-28
56,1,12:20,1940,1940,Connor Phee missed Jumper.,17,3,14,0,0.8231930953928763,0.8231930953928763,Eastern Michigan,Concordia (MI),3,4,NA,400587470,2014-12-28
57,1,12:20,1940,1940,Connor Phee Offensive Rebound.,17,3,14,4,0.8231930953928763,0.8231930953928763,Eastern Michigan,Concordia (MI),3,4,NA,400587470,2014-12-28
58,1,12:16,1936,1936,Connor Phee made Layup.,17,5,12,27,0.7893303863865717,0.7893303863865717,Eastern Michigan,Concordia (MI),3,4,NA,400587470,2014-12-28
59,1,11:49,1909,1909,Ethan Alvano made Three Point Jumper. Assisted by Brandon Nazione.,20,5,15,4,0.8418728966065535,0.8418728966065535,Eastern Michigan,Concordia (MI),3,4,NA,400587470,2014-12-28
60,1,11:45,1905,1905,Official TV Timeout,20,5,15,19,0.842288275314716,0.842288275314716,Eastern Michigan,Concordia (MI),3,4,NA,400587470,2014-12-28
61,1,11:26,1886,1886,Luke Diekevers missed Layup.,20,5,15,0,0.8442487348959022,0.8442487348959022,Eastern Michigan,Concordia (MI),3,4,NA,400587470,2014-12-28
62,1,11:26,1886,1886,Karrington Ward Block.,20,5,15,1,0.8442487348959022,0.8442487348959022,Eastern Michigan,Concordia (MI),3,4,NA,400587470,2014-12-28
63,1,11:25,1885,1885,Mike Talley Defensive Rebound.,20,5,15,19,0.8443513912906219,0.8443513912906219,Eastern Michigan,Concordia (MI),3,4,NA,400587470,2014-12-28
64,1,11:06,1866,1866,Anali Okoloji missed Layup.,20,5,15,0,0.8462933987316619,0.8462933987316619,Eastern Michigan,Concordia (MI),3,4,NA,400587470,2014-12-28
65,1,11:06,1866,1866,Luke Diekevers Defensive Rebound.,20,5,15,24,0.8462933987316619,0.8462933987316619,Eastern Michigan,Concordia (MI),3,4,NA,400587470,2014-12-28
66,1,10:42,1842,1842,Luke Diekevers missed Layup.,20,5,15,0,0.8487279894280999,0.8487279894280999,Eastern Michigan,Concordia (MI),3,4,NA,400587470,2014-12-28
67,1,10:42,1842,1842,Olalekan Ajayi Defensive Rebound.,20,5,15,18,0.8487279894280999,0.8487279894280999,Eastern Michigan,Concordia (MI),3,4,NA,400587470,2014-12-28
68,1,10:24,1824,1824,Anali Okoloji missed Layup.,20,5,15,0,0.8505448330916833,0.8505448330916833,Eastern Michigan,Concordia (MI),3,4,NA,400587470,2014-12-28
69,1,10:24,1824,1824,Anali Okoloji Offensive Rebound.,20,5,15,4,0.8505448330916833,0.8505448330916833,Eastern Michigan,Concordia (MI),3,4,NA,400587470,2014-12-28
70,1,10:20,1820,1820,Foul on Luke Diekevers.,20,5,15,0,0.8509478918353806,0.8509478918353806,Eastern Michigan,Concordia (MI),3,4,NA,400587470,2014-12-28
71,1,10:20,1820,1820,Anali Okoloji made Free Throw.,21,5,16,0,0.8650860631214297,0.8650860631214297,Eastern Michigan,Concordia (MI),3,4,NA,400587470,2014-12-28
72,1,10:20,1820,1820,Anali Okoloji made Free Throw.,22,5,17,22,0.8780753224593786,0.8780753224593786,Eastern Michigan,Concordia (MI),3,4,NA,400587470,2014-12-28
73,1,9:58,1798,1798,Joe Remstad Turnover.,22,5,17,1,0.8801909891180019,0.8801909891180019,Eastern Michigan,Concordia (MI),3,4,NA,400587470,2014-12-28
74,1,9:57,1797,1797,Jodan Price Steal.,22,5,17,3,0.8802869848747972,0.8802869848747972,Eastern Michigan,Concordia (MI),3,4,NA,400587470,2014-12-28
75,1,9:54,1794,1794,Mike Talley made Layup. Assisted by Jodan Price.,24,5,19,33,0.9031679979752212,0.9031679979752212,Eastern Michigan,Concordia (MI),3,4,NA,400587470,2014-12-28
76,1,9:21,1761,1761,Ed Shinevarre missed Three Point Jumper.,24,5,19,0,0.9061027099419092,0.9061027099419092,Eastern Michigan,Concordia (MI),3,4,NA,400587470,2014-12-28
77,1,9:21,1761,1761,Karrington Ward Defensive Rebound.,24,5,19,10,0.9061027099419092,0.9061027099419092,Eastern Michigan,Concordia (MI),3,4,NA,400587470,2014-12-28
78,1,9:11,1751,1751,Karrington Ward made Three Point Jumper.,27,5,22,15,0.9332062010400356,0.9332062010400356,Eastern Michigan,Concordia (MI),3,4,NA,400587470,2014-12-28
79,1,8:56,1736,1736,Austin Elam made Jumper. Assisted by Andrew Patrick.,27,7,20,16,0.9178881622610316,0.9178881622610316,Eastern Michigan,Concordia (MI),3,4,NA,400587470,2014-12-28
80,1,8:40,1720,1720,Trent Perry missed Three Point Jumper.,27,7,20,0,0.9192397208280496,0.9192397208280496,Eastern Michigan,Concordia (MI),3,4,NA,400587470,2014-12-28
81,1,8:40,1720,1720,Jodan Price Offensive Rebound.,27,7,20,5,0.9192397208280496,0.9192397208280496,Eastern Michigan,Concordia (MI),3,4,NA,400587470,2014-12-28
82,1,8:35,1715,1715,Jodan Price missed Jumper.,27,7,20,0,0.9196620799321953,0.9196620799321953,Eastern Michigan,Concordia (MI),3,4,NA,400587470,2014-12-28
83,1,8:35,1715,1715,Austin Elam Defensive Rebound.,27,7,20,22,0.9196620799321953,0.9196620799321953,Eastern Michigan,Concordia (MI),3,4,NA,400587470,2014-12-28
84,1,8:13,1693,1693,Andrew Patrick missed Jumper.,27,7,20,0,0.9215216488085236,0.9215216488085236,Eastern Michigan,Concordia (MI),3,4,NA,400587470,2014-12-28
85,1,8:13,1693,1693,Jerome Hunter Block.,27,7,20,2,0.9215216488085236,0.9215216488085236,Eastern Michigan,Concordia (MI),3,4,NA,400587470,2014-12-28
86,1,8:11,1691,1691,Jerome Hunter Defensive Rebound.,27,7,20,5,0.9216908579704404,0.9216908579704404,Eastern Michigan,Concordia (MI),3,4,NA,400587470,2014-12-28
87,1,8:06,1686,1686,Karrington Ward made Three Point Jumper. Assisted by Mike Talley.,30,7,23,30,0.9449092660458529,0.9449092660458529,Eastern Michigan,Concordia (MI),3,4,NA,400587470,2014-12-28
88,1,7:36,1656,1656,Tyler Smith missed Jumper.,30,7,23,0,0.9469245917164765,0.9469245917164765,Eastern Michigan,Concordia (MI),3,4,NA,400587470,2014-12-28
89,1,7:36,1656,1656,Jodan Price Defensive Rebound.,30,7,23,13,0.9469245917164765,0.9469245917164765,Eastern Michigan,Concordia (MI),3,4,NA,400587470,2014-12-28
90,1,7:23,1643,1643,Jerome Hunter missed Layup.,30,7,23,0,0.9477555656032427,0.9477555656032427,Eastern Michigan,Concordia (MI),3,4,NA,400587470,2014-12-28
91,1,7:23,1643,1643,Karrington Ward Offensive Rebound.,30,7,23,4,0.9477555656032427,0.9477555656032427,Eastern Michigan,Concordia (MI),3,4,NA,400587470,2014-12-28
92,1,7:19,1639,1639,Karrington Ward made Dunk.,32,7,25,20,0.9591330573123208,0.9591330573123208,Eastern Michigan,Concordia (MI),3,4,NA,400587470,2014-12-28
93,1,6:59,1619,1619,Joe Remstad missed Layup.,32,7,25,0,0.960195634600466,0.960195634600466,Eastern Michigan,Concordia (MI),3,4,NA,400587470,2014-12-28
94,1,6:59,1619,1619,Jerome Hunter Block.,32,7,25,1,0.960195634600466,0.960195634600466,Eastern Michigan,Concordia (MI),3,4,NA,400587470,2014-12-28
95,1,6:58,1618,1618,Jerome Hunter Defensive Rebound.,32,7,25,4,0.9602478169098805,0.9602478169098805,Eastern Michigan,Concordia (MI),3,4,NA,400587470,2014-12-28
96,1,6:54,1614,1614,Mike Talley missed Three Point Jumper.,32,7,25,0,0.9604557456460908,0.9604557456460908,Eastern Michigan,Concordia (MI),3,4,NA,400587470,2014-12-28
97,1,6:54,1614,1614,Austin Elam Defensive Rebound.,32,7,25,11,0.9604557456460908,0.9604557456460908,Eastern Michigan,Concordia (MI),3,4,NA,400587470,2014-12-28
98,1,6:43,1603,1603,Joe Remstad missed Jumper.,32,7,25,0,0.9610214568151761,0.9610214568151761,Eastern Michigan,Concordia (MI),3,4,NA,400587470,2014-12-28
99,1,6:43,1603,1603,Eastern Michigan Defensive Rebound.,32,7,25,4,0.9610214568151761,0.9610214568151761,Eastern Michigan,Concordia (MI),3,4,NA,400587470,2014-12-28
100,1,6:39,1599,1599,Official TV Timeout,32,7,25,12,0.9612251700542834,0.9612251700542834,Eastern Michigan,Concordia (MI),3,4,NA,400587470,2014-12-28
101,1,6:27,1587,1587,Jordan Martin Turnover.,32,7,25,10,0.9618308554475223,0.9618308554475223,Eastern Michigan,Concordia (MI),3,4,NA,400587470,2014-12-28
102,1,6:17,1577,1577,Josh Fugate made Three Point Jumper. Assisted by Ed Shinevarre.,32,10,22,12,0.9454035225034864,0.9454035225034864,Eastern Michigan,Concordia (MI),3,4,NA,400587470,2014-12-28
103,1,6:05,1565,1565,Jodan Price missed Three Point Jumper.,32,10,22,0,0.9461493843236761,0.9461493843236761,Eastern Michigan,Concordia (MI),3,4,NA,400587470,2014-12-28
104,1,6:05,1565,1565,Luke Diekevers Defensive Rebound.,32,10,22,23,0.9461493843236761,0.9461493843236761,Eastern Michigan,Concordia (MI),3,4,NA,400587470,2014-12-28
105,1,5:42,1542,1542,Josh Fugate missed Three Point Jumper.,32,10,22,0,0.9475724362650465,0.9475724362650465,Eastern Michigan,Concordia (MI),3,4,NA,400587470,2014-12-28
106,1,5:42,1542,1542,Jodan Price Block.,32,10,22,1,0.9475724362650465,0.9475724362650465,Eastern Michigan,Concordia (MI),3,4,NA,400587470,2014-12-28
107,1,5:41,1541,1541,Josh Fugate Offensive Rebound.,32,10,22,11,0.9476342723167901,0.9476342723167901,Eastern Michigan,Concordia (MI),3,4,NA,400587470,2014-12-28
108,1,5:30,1530,1530,Eddie Rogers missed Jumper.,32,10,22,0,0.9483150724827942,0.9483150724827942,Eastern Michigan,Concordia (MI),3,4,NA,400587470,2014-12-28
109,1,5:30,1530,1530,Brandon Nazione Block.,32,10,22,1,0.9483150724827942,0.9483150724827942,Eastern Michigan,Concordia (MI),3,4,NA,400587470,2014-12-28
110,1,5:29,1529,1529,Jerome Hunter Defensive Rebound.,32,10,22,18,0.948377044079809,0.948377044079809,Eastern Michigan,Concordia (MI),3,4,NA,400587470,2014-12-28
111,1,5:11,1511,1511,Brandon Nazione missed Three Point Jumper.,32,10,22,0,0.9494964591170112,0.9494964591170112,Eastern Michigan,Concordia (MI),3,4,NA,400587470,2014-12-28
112,1,5:11,1511,1511,Josh Fugate Defensive Rebound.,32,10,22,2,0.9494964591170112,0.9494964591170112,Eastern Michigan,Concordia (MI),3,4,NA,400587470,2014-12-28
113,1,5:09,1509,1509,Foul on Jordan Martin.,32,10,22,28,0.9496214250658727,0.9496214250658727,Eastern Michigan,Concordia (MI),3,4,NA,400587470,2014-12-28
114,1,4:41,1481,1481,Luke Diekevers made Three Point Jumper. Assisted by Ed Shinevarre.,32,13,19,20,0.9288076626786541,0.9288076626786541,Eastern Michigan,Concordia (MI),3,4,NA,400587470,2014-12-28
115,1,4:21,1461,1461,Jodan Price made Three Point Jumper.,35,13,22,22,0.9526779948336238,0.9526779948336238,Eastern Michigan,Concordia (MI),3,4,NA,400587470,2014-12-28
116,1,3:59,1439,1439,Luke Diekevers made Three Point Jumper. Assisted by Josh Fugate.,35,16,19,16,0.9321835851487635,0.9321835851487635,Eastern Michigan,Concordia (MI),3,4,NA,400587470,2014-12-28
117,1,3:43,1423,1423,Jerome Hunter made Layup.,37,16,21,48,0.9487471682078488,0.9487471682078488,Eastern Michigan,Concordia (MI),3,4,NA,400587470,2014-12-28
118,1,2:55,1375,1375,Luke Diekevers missed Jumper.,37,16,21,0,0.951708992360654,0.951708992360654,Eastern Michigan,Concordia (MI),3,4,NA,400587470,2014-12-28
119,1,2:55,1375,1375,Jordan Martin Defensive Rebound.,37,16,21,6,0.951708992360654,0.951708992360654,Eastern Michigan,Concordia (MI),3,4,NA,400587470,2014-12-28
120,1,2:49,1369,1369,Mike Talley made Layup.,39,16,23,0,0.9635033510556041,0.9635033510556041,Eastern Michigan,Concordia (MI),3,4,NA,400587470,2014-12-28
121,1,2:49,1369,1369,Foul on Luke Diekevers.,39,16,23,0,0.9635033510556041,0.9635033510556041,Eastern Michigan,Concordia (MI),3,4,NA,400587470,2014-12-28
122,1,2:49,1369,1369,Official TV Timeout,39,16,23,0,0.9635033510556041,0.9635033510556041,Eastern Michigan,Concordia (MI),3,4,NA,400587470,2014-12-28
123,1,2:49,1369,1369,Mike Talley made Free Throw.,40,16,24,21,0.9681908525166479,0.9681908525166479,Eastern Michigan,Concordia (MI),3,4,NA,400587470,2014-12-28
124,1,2:28,1348,1348,Josh Fugate missed Three Point Jumper.,40,16,24,0,0.9691284236504853,0.9691284236504853,Eastern Michigan,Concordia (MI),3,4,NA,400587470,2014-12-28
125,1,2:28,1348,1348,Brandon Nazione Defensive Rebound.,40,16,24,26,0.9691284236504853,0.9691284236504853,Eastern Michigan,Concordia (MI),3,4,NA,400587470,2014-12-28
126,1,2:02,1322,1322,Mike Samuels made Layup. Assisted by Brandon Nazione.,42,16,26,0,0.9775977193873449,0.9775977193873449,Eastern Michigan,Concordia (MI),3,4,NA,400587470,2014-12-28
127,1,2:02,1322,1322,Foul on Austin Elam.,42,16,26,0,0.9775977193873449,0.9775977193873449,Eastern Michigan,Concordia (MI),3,4,NA,400587470,2014-12-28
128,1,2:02,1322,1322,Mike Samuels made Free Throw.,43,16,27,19,0.9805671039072731,0.9805671039072731,Eastern Michigan,Concordia (MI),3,4,NA,400587470,2014-12-28
129,1,1:43,1303,1303,Josh Fugate Turnover.,43,16,27,1,0.9811865756505064,0.9811865756505064,Eastern Michigan,Concordia (MI),3,4,NA,400587470,2014-12-28
130,1,1:42,1302,1302,Mike Talley Steal.,43,16,27,1,0.981219232982407,0.981219232982407,Eastern Michigan,Concordia (MI),3,4,NA,400587470,2014-12-28
131,1,1:41,1301,1301,Mike Talley made Layup. Assisted by Ethan Alvano.,45,16,29,15,0.9859488819253747,0.9859488819253747,Eastern Michigan,Concordia (MI),3,4,NA,400587470,2014-12-28
132,1,1:26,1286,1286,Joe Remstad Turnover.,45,16,29,0,0.9863462188107949,0.9863462188107949,Eastern Michigan,Concordia (MI),3,4,NA,400587470,2014-12-28
133,1,1:26,1286,1286,Jordan Martin Steal.,45,16,29,7,0.9863462188107949,0.9863462188107949,Eastern Michigan,Concordia (MI),3,4,NA,400587470,2014-12-28
134,1,1:19,1279,1279,Foul on Trevor Travis.,45,16,29,0,0.9865325698823076,0.9865325698823076,Eastern Michigan,Concordia (MI),3,4,NA,400587470,2014-12-28
135,1,1:19,1279,1279,Mike Samuels missed Free Throw.,45,16,29,0,0.9865325698823076,0.9865325698823076,Eastern Michigan,Concordia (MI),3,4,NA,400587470,2014-12-28
136,1,1:19,1279,1279,Eastern Michigan Deadball Team Rebound.,45,16,29,0,0.9865325698823076,0.9865325698823076,Eastern Michigan,Concordia (MI),3,4,NA,400587470,2014-12-28
137,1,1:19,1279,1279,Mike Samuels made Free Throw.,46,16,30,17,0.9883644729500914,0.9883644729500914,Eastern Michigan,Concordia (MI),3,4,NA,400587470,2014-12-28
138,1,1:02,1262,1262,Alec Turner missed Three Point Jumper.,46,16,30,0,0.9887727652462182,0.9887727652462182,Eastern Michigan,Concordia (MI),3,4,NA,400587470,2014-12-28
139,1,1:02,1262,1262,Brandon Nazione Defensive Rebound.,46,16,30,34,0.9887727652462182,0.9887727652462182,Eastern Michigan,Concordia (MI),3,4,NA,400587470,2014-12-28
140,1,0:28,1228,1228,Brandon Nazione missed Three Point Jumper.,46,16,30,0,0.9896072350731179,0.9896072350731179,Eastern Michigan,Concordia (MI),3,4,NA,400587470,2014-12-28
141,1,0:28,1228,1228,Josh Fugate Defensive Rebound.,46,16,30,3,0.9896072350731179,0.9896072350731179,Eastern Michigan,Concordia (MI),3,4,NA,400587470,2014-12-28
142,1,0:25,1225,1225,Foul on Jordan Martin.,46,16,30,19,0.9896822493593952,0.9896822493593952,Eastern Michigan,Concordia (MI),3,4,NA,400587470,2014-12-28
143,1,0:06,1206,1206,Josh Fugate missed Three Point Jumper.,46,16,30,0,0.9901619227052718,0.9901619227052718,Eastern Michigan,Concordia (MI),3,4,NA,400587470,2014-12-28
144,1,0:06,1206,1206,Olalekan Ajayi Defensive Rebound.,46,16,30,5,0.9901619227052718,0.9901619227052718,Eastern Michigan,Concordia (MI),3,4,NA,400587470,2014-12-28
145,1,0:01,1201,1201,Foul on Josh Fugate.,46,16,30,0,0.9902854153081888,0.9902854153081888,Eastern Michigan,Concordia (MI),3,4,NA,400587470,2014-12-28
146,1,0:01,1201,1201,Eastern Michigan  Timeout,46,16,30,0,0.9902854153081888,0.9902854153081888,Eastern Michigan,Concordia (MI),3,3,NA,400587470,2014-12-28
147,1,0:01,1201,1201,Brandon Nazione missed Free Throw.,46,16,30,0,0.9902854153081888,0.9902854153081888,Eastern Michigan,Concordia (MI),3,3,NA,400587470,2014-12-28
148,1,0:01,1201,1201,Eastern Michigan Deadball Team Rebound.,46,16,30,0,0.9902854153081888,0.9902854153081888,Eastern Michigan,Concordia (MI),3,3,NA,400587470,2014-12-28
149,1,0:01,1201,1201,Brandon Nazione made Free Throw.,47,16,31,1,0.991661598297301,0.991661598297301,Eastern Michigan,Concordia (MI),3,3,NA,400587470,2014-12-28
150,1,0:00,1200,1200,End of 1st half,47,16,31,0,0.9916832362421164,0.9916832362421164,Eastern Michigan,Concordia (MI),3,3,NA,400587470,2014-12-28
151,2,20:00,1200,1200,PLAY,47,16,31,32,0.9916832362421164,0.9916832362421164,Eastern Michigan,Concordia (MI),4,4,NA,400587470,2014-12-28
152,2,19:28,1168,1168,Makenzi Kurvits-Statum made Three Point Jumper. Assisted by Josh Fugate.,47,19,28,18,0.9877766210486033,0.9877766210486033,Eastern Michigan,Concordia (MI),4,4,NA,400587470,2014-12-28
153,2,19:10,1150,1150,Raven Lee missed Three Point Jumper.,47,19,28,0,0.9882533121746475,0.9882533121746475,Eastern Michigan,Concordia (MI),4,4,NA,400587470,2014-12-28
154,2,19:10,1150,1150,Austin Elam Defensive Rebound.,47,19,28,23,0.9882533121746475,0.9882533121746475,Eastern Michigan,Concordia (MI),4,4,NA,400587470,2014-12-28
155,2,18:47,1127,1127,Josh Fugate missed Three Point Jumper.,47,19,28,0,0.9888318587830415,0.9888318587830415,Eastern Michigan,Concordia (MI),4,4,NA,400587470,2014-12-28
156,2,18:47,1127,1127,Mike Samuels Defensive Rebound.,47,19,28,15,0.9888318587830415,0.9888318587830415,Eastern Michigan,Concordia (MI),4,4,NA,400587470,2014-12-28
157,2,18:32,1112,1112,Mike Samuels missed Jumper.,47,19,28,0,0.9891959621240948,0.9891959621240948,Eastern Michigan,Concordia (MI),4,4,NA,400587470,2014-12-28
158,2,18:32,1112,1112,Joe Remstad Defensive Rebound.,47,19,28,14,0.9891959621240948,0.9891959621240948,Eastern Michigan,Concordia (MI),4,4,NA,400587470,2014-12-28
159,2,18:18,1098,1098,Austin Elam made Layup.,47,21,26,0,0.9855677711650759,0.9855677711650759,Eastern Michigan,Concordia (MI),4,4,NA,400587470,2014-12-28
160,2,18:18,1098,1098,Foul on Anali Okoloji.,47,21,26,0,0.9855677711650759,0.9855677711650759,Eastern Michigan,Concordia (MI),4,4,NA,400587470,2014-12-28
161,2,18:18,1098,1098,Austin Elam made Free Throw.,47,22,25,17,0.9830651537907579,0.9830651537907579,Eastern Michigan,Concordia (MI),4,4,NA,400587470,2014-12-28
162,2,18:01,1081,1081,Ethan Alvano made Three Point Jumper.,50,22,28,31,0.9899289728284983,0.9899289728284983,Eastern Michigan,Concordia (MI),4,4,NA,400587470,2014-12-28
163,2,17:30,1050,1050,Makenzi Kurvits-Statum missed Three Point Jumper.,50,22,28,0,0.9906519560628967,0.9906519560628967,Eastern Michigan,Concordia (MI),4,4,NA,400587470,2014-12-28
164,2,17:30,1050,1050,Ethan Alvano Defensive Rebound.,50,22,28,7,0.9906519560628967,0.9906519560628967,Eastern Michigan,Concordia (MI),4,4,NA,400587470,2014-12-28
165,2,17:23,1043,1043,Anali Okoloji missed Three Point Jumper.,50,22,28,0,0.9908154144455272,0.9908154144455272,Eastern Michigan,Concordia (MI),4,4,NA,400587470,2014-12-28
166,2,17:23,1043,1043,Alec Turner Defensive Rebound.,50,22,28,17,0.9908154144455272,0.9908154144455272,Eastern Michigan,Concordia (MI),4,4,NA,400587470,2014-12-28
167,2,17:06,1026,1026,Alec Turner missed Three Point Jumper.,50,22,28,0,0.9912141312497644,0.9912141312497644,Eastern Michigan,Concordia (MI),4,4,NA,400587470,2014-12-28
168,2,17:06,1026,1026,Karrington Ward Defensive Rebound.,50,22,28,28,0.9912141312497644,0.9912141312497644,Eastern Michigan,Concordia (MI),4,4,NA,400587470,2014-12-28
169,2,16:38,998,998,Foul on Austin Elam.,50,22,28,0,0.9918789918814324,0.9918789918814324,Eastern Michigan,Concordia (MI),4,4,NA,400587470,2014-12-28
170,2,16:38,998,998,Mike Samuels made Free Throw.,51,22,29,0,0.9931508581235815,0.9931508581235815,Eastern Michigan,Concordia (MI),4,4,NA,400587470,2014-12-28
171,2,16:38,998,998,Mike Samuels made Free Throw.,52,22,30,13,0.994224691703736,0.994224691703736,Eastern Michigan,Concordia (MI),4,4,NA,400587470,2014-12-28
172,2,16:25,985,985,Connor Phee missed Layup.,52,22,30,0,0.9944633254711166,0.9944633254711166,Eastern Michigan,Concordia (MI),4,4,NA,400587470,2014-12-28
173,2,16:25,985,985,Anali Okoloji Block.,52,22,30,2,0.9944633254711166,0.9944633254711166,Eastern Michigan,Concordia (MI),4,4,NA,400587470,2014-12-28
174,2,16:23,983,983,Karrington Ward Defensive Rebound.,52,22,30,6,0.9945001652828177,0.9945001652828177,Eastern Michigan,Concordia (MI),4,4,NA,400587470,2014-12-28
175,2,16:17,977,977,Karrington Ward Turnover.,52,22,30,24,0.9946108822012933,0.9946108822012933,Eastern Michigan,Concordia (MI),4,4,NA,400587470,2014-12-28
176,2,15:53,953,953,Josh Fugate missed Jumper.,52,22,30,0,0.9950321194991043,0.9950321194991043,Eastern Michigan,Concordia (MI),4,4,NA,400587470,2014-12-28
177,2,15:53,953,953,Mike Samuels Defensive Rebound.,52,22,30,11,0.9950321194991043,0.9950321194991043,Eastern Michigan,Concordia (MI),4,4,NA,400587470,2014-12-28
178,2,15:42,942,942,Raven Lee Turnover.,52,22,30,2,0.9951993542163068,0.9951993542163068,Eastern Michigan,Concordia (MI),4,4,NA,400587470,2014-12-28
179,2,15:40,940,940,Ed Shinevarre Steal.,52,22,30,1,0.995228219590077,0.995228219590077,Eastern Michigan,Concordia (MI),4,4,NA,400587470,2014-12-28
180,2,15:39,939,939,Ed Shinevarre missed Layup.,52,22,30,0,0.9952424880386223,0.9952424880386223,Eastern Michigan,Concordia (MI),4,4,NA,400587470,2014-12-28
181,2,15:39,939,939,Raven Lee Block.,52,22,30,0,0.9952424880386223,0.9952424880386223,Eastern Michigan,Concordia (MI),4,4,NA,400587470,2014-12-28
182,2,15:39,939,939,Concordia (MI) Offensive Rebound.,52,22,30,0,0.9952424880386223,0.9952424880386223,Eastern Michigan,Concordia (MI),4,4,NA,400587470,2014-12-28
183,2,15:39,939,939,Official TV Timeout,52,22,30,2,0.9952424880386223,0.9952424880386223,Eastern Michigan,Concordia (MI),4,4,NA,400587470,2014-12-28
184,2,15:37,937,937,Connor Phee Turnover.,52,22,30,14,0.9952707057260933,0.9952707057260933,Eastern Michigan,Concordia (MI),4,4,NA,400587470,2014-12-28
185,2,15:23,923,923,Foul on Connor Phee.,52,22,30,2,0.9954574309602486,0.9954574309602486,Eastern Michigan,Concordia (MI),4,4,NA,400587470,2014-12-28
186,2,15:21,921,921,Mike Samuels made Layup. Assisted by Ethan Alvano.,54,22,32,9,0.9968431117930376,0.9968431117930376,Eastern Michigan,Concordia (MI),4,4,NA,400587470,2014-12-28
187,2,15:12,912,912,Alec Turner Turnover.,54,22,32,10,0.996925294772564,0.996925294772564,Eastern Michigan,Concordia (MI),4,4,NA,400587470,2014-12-28
188,2,15:02,902,902,Foul on Josh Fugate.,54,22,32,0,0.9970119715648195,0.9970119715648195,Eastern Michigan,Concordia (MI),4,4,NA,400587470,2014-12-28
189,2,15:02,902,902,Raven Lee made Free Throw.,55,22,33,0,0.9975068602092008,0.9975068602092008,Eastern Michigan,Concordia (MI),4,4,NA,400587470,2014-12-28
190,2,15:02,902,902,Raven Lee made Free Throw.,56,22,34,0,0.9979199545149363,0.9979199545149363,Eastern Michigan,Concordia (MI),4,4,NA,400587470,2014-12-28
191,2,15:02,902,902,Raven Lee made Free Throw.,57,22,35,22,0.9982647213061029,0.9982647213061029,Eastern Michigan,Concordia (MI),4,4,NA,400587470,2014-12-28
192,2,14:40,880,880,Luke Diekevers missed Jumper.,57,22,35,0,0.9983777373697259,0.9983777373697259,Eastern Michigan,Concordia (MI),4,4,NA,400587470,2014-12-28
193,2,14:40,880,880,Karrington Ward Block.,57,22,35,0,0.9983777373697259,0.9983777373697259,Eastern Michigan,Concordia (MI),4,4,NA,400587470,2014-12-28
194,2,14:40,880,880,Concordia (MI) Offensive Rebound.,57,22,35,7,0.9983777373697259,0.9983777373697259,Eastern Michigan,Concordia (MI),4,4,NA,400587470,2014-12-28
195,2,14:33,873,873,Josh Fugate Turnover.,57,22,35,0,0.9984120088335273,0.9984120088335273,Eastern Michigan,Concordia (MI),4,4,NA,400587470,2014-12-28
196,2,14:33,873,873,Foul on Josh Fugate.,57,22,35,10,0.9984120088335273,0.9984120088335273,Eastern Michigan,Concordia (MI),4,4,NA,400587470,2014-12-28
197,2,14:23,863,863,Foul on Luke Diekevers.,57,22,35,0,0.9984600952872867,0.9984600952872867,Eastern Michigan,Concordia (MI),4,4,NA,400587470,2014-12-28
198,2,14:23,863,863,Mike Samuels made Free Throw.,58,22,36,0,0.9987198271530773,0.9987198271530773,Eastern Michigan,Concordia (MI),4,4,NA,400587470,2014-12-28
199,2,14:23,863,863,Mike Samuels made Free Throw.,59,22,37,18,0.9989357973893097,0.9989357973893097,Eastern Michigan,Concordia (MI),4,4,NA,400587470,2014-12-28
200,2,14:05,845,845,Luke Diekevers missed Three Point Jumper.,59,22,37,0,0.9989979562092992,0.9989979562092992,Eastern Michigan,Concordia (MI),4,4,NA,400587470,2014-12-28
201,2,14:05,845,845,Olalekan Ajayi Defensive Rebound.,59,22,37,17,0.9989979562092992,0.9989979562092992,Eastern Michigan,Concordia (MI),4,4,NA,400587470,2014-12-28
202,2,13:48,828,828,Raven Lee missed Jumper.,59,22,37,0,0.9990564119198224,0.9990564119198224,Eastern Michigan,Concordia (MI),4,4,NA,400587470,2014-12-28
203,2,13:48,828,828,Ed Shinevarre Defensive Rebound.,59,22,37,8,0.9990564119198224,0.9990564119198224,Eastern Michigan,Concordia (MI),4,4,NA,400587470,2014-12-28
204,2,13:40,820,820,Alec Turner made Layup.,59,24,35,0,0.9986638441752997,0.9986638441752997,Eastern Michigan,Concordia (MI),4,4,NA,400587470,2014-12-28
205,2,13:40,820,820,Foul on Mike Talley.,59,24,35,0,0.9986638441752997,0.9986638441752997,Eastern Michigan,Concordia (MI),4,4,NA,400587470,2014-12-28
206,2,13:40,820,820,Alec Turner made Free Throw.,59,25,34,6,0.9983862429665485,0.9983862429665485,Eastern Michigan,Concordia (MI),4,4,NA,400587470,2014-12-28
207,2,13:34,814,814,Foul on Ed Shinevarre.,59,25,34,31,0.9984201520219376,0.9984201520219376,Eastern Michigan,Concordia (MI),4,4,NA,400587470,2014-12-28
208,2,13:03,783,783,Karrington Ward missed Jumper.,59,25,34,0,0.9986012031227129,0.9986012031227129,Eastern Michigan,Concordia (MI),4,4,NA,400587470,2014-12-28
209,2,13:03,783,783,Karrington Ward Offensive Rebound.,59,25,34,4,0.9986012031227129,0.9986012031227129,Eastern Michigan,Concordia (MI),4,4,NA,400587470,2014-12-28
210,2,12:59,779,779,Karrington Ward missed Layup.,59,25,34,0,0.998625373717155,0.998625373717155,Eastern Michigan,Concordia (MI),4,4,NA,400587470,2014-12-28
211,2,12:59,779,779,Anali Okoloji Offensive Rebound.,59,25,34,2,0.998625373717155,0.998625373717155,Eastern Michigan,Concordia (MI),4,4,NA,400587470,2014-12-28
212,2,12:57,777,777,Foul on Luke Diekevers.,59,25,34,0,0.9986375309803992,0.9986375309803992,Eastern Michigan,Concordia (MI),4,4,NA,400587470,2014-12-28
213,2,12:57,777,777,Anali Okoloji made Free Throw.,60,25,35,0,0.9988775579909233,0.9988775579909233,Eastern Michigan,Concordia (MI),4,4,NA,400587470,2014-12-28
214,2,12:57,777,777,Anali Okoloji missed Free Throw.,60,25,35,0,0.9988775579909233,0.9988775579909233,Eastern Michigan,Concordia (MI),4,4,NA,400587470,2014-12-28
215,2,12:57,777,777,Joe Remstad Defensive Rebound.,60,25,35,11,0.9988775579909233,0.9988775579909233,Eastern Michigan,Concordia (MI),4,4,NA,400587470,2014-12-28
216,2,12:46,766,766,Alec Turner Turnover.,60,25,35,1,0.9989349489916574,0.9989349489916574,Eastern Michigan,Concordia (MI),4,4,NA,400587470,2014-12-28
217,2,12:45,765,765,Mike Talley Steal.,60,25,35,2,0.9989402204339851,0.9989402204339851,Eastern Michigan,Concordia (MI),4,4,NA,400587470,2014-12-28
218,2,12:43,763,763,Raven Lee made Layup.,62,25,37,17,0.9992907486965799,0.9992907486965799,Eastern Michigan,Concordia (MI),4,4,NA,400587470,2014-12-28
219,2,12:26,746,746,Tyler Smith Turnover.,62,25,37,1,0.9993557076470233,0.9993557076470233,Eastern Michigan,Concordia (MI),4,4,NA,400587470,2014-12-28
220,2,12:25,745,745,Karrington Ward Steal.,62,25,37,2,0.9993595622797166,0.9993595622797166,Eastern Michigan,Concordia (MI),4,4,NA,400587470,2014-12-28
221,2,12:23,743,743,Karrington Ward made Dunk. Assisted by Mike Talley.,64,25,39,22,0.9995749802761732,0.9995749802761732,Eastern Michigan,Concordia (MI),4,4,NA,400587470,2014-12-28
222,2,12:01,721,721,Alec Turner made Three Point Jumper. Assisted by Ed Shinevarre.,64,28,36,18,0.9993269144465599,0.9993269144465599,Eastern Michigan,Concordia (MI),4,4,NA,400587470,2014-12-28
223,2,11:43,703,703,Raven Lee made Three Point Jumper. Assisted by Mike Talley.,67,28,39,24,0.9996721486959462,0.9996721486959462,Eastern Michigan,Concordia (MI),4,4,NA,400587470,2014-12-28
224,2,11:19,679,679,Alec Turner missed Three Point Jumper.,67,28,39,0,0.999712782287162,0.999712782287162,Eastern Michigan,Concordia (MI),4,4,NA,400587470,2014-12-28
225,2,11:19,679,679,Joe Remstad Offensive Rebound.,67,28,39,8,0.999712782287162,0.999712782287162,Eastern Michigan,Concordia (MI),4,4,NA,400587470,2014-12-28
226,2,11:11,671,671,Foul on Karrington Ward.,67,28,39,1,0.9997245801150169,0.9997245801150169,Eastern Michigan,Concordia (MI),4,4,NA,400587470,2014-12-28
227,2,11:10,670,670,Official TV Timeout,67,28,39,2,0.9997260111718478,0.9997260111718478,Eastern Michigan,Concordia (MI),4,4,NA,400587470,2014-12-28
228,2,11:08,668,668,Foul on Olalekan Ajayi.,67,28,39,0,0.9997288475223843,0.9997288475223843,Eastern Michigan,Concordia (MI),4,4,NA,400587470,2014-12-28
229,2,11:08,668,668,Eddie Rogers missed Free Throw.,67,28,39,0,0.9997288475223843,0.9997288475223843,Eastern Michigan,Concordia (MI),4,4,NA,400587470,2014-12-28
230,2,11:08,668,668,Concordia (MI) Deadball Team Rebound.,67,28,39,0,0.9997288475223843,0.9997288475223843,Eastern Michigan,Concordia (MI),4,4,NA,400587470,2014-12-28
231,2,11:08,668,668,Eddie Rogers made Free Throw.,67,29,38,20,0.9996653128655204,0.9996653128655204,Eastern Michigan,Concordia (MI),4,4,NA,400587470,2014-12-28
232,2,10:48,648,648,Jodan Price missed Three Point Jumper.,67,29,38,0,0.9996977304301364,0.9996977304301364,Eastern Michigan,Concordia (MI),4,4,NA,400587470,2014-12-28
233,2,10:48,648,648,Joe Remstad Defensive Rebound.,67,29,38,37,0.9996977304301364,0.9996977304301364,Eastern Michigan,Concordia (MI),4,4,NA,400587470,2014-12-28
234,2,10:11,611,611,Concordia (MI)  Turnover.,67,29,38,8,0.9997545412398646,0.9997545412398646,Eastern Michigan,Concordia (MI),4,4,NA,400587470,2014-12-28
235,2,10:03,603,603,Olalekan Ajayi made Layup.,69,29,40,17,0.9998498902163543,0.9998498902163543,Eastern Michigan,Concordia (MI),4,4,NA,400587470,2014-12-28
236,2,9:46,586,586,Connor Phee made Layup. Assisted by Eddie Rogers.,69,31,38,31,0.9997935143155771,0.9997935143155771,Eastern Michigan,Concordia (MI),4,4,NA,400587470,2014-12-28
237,2,9:15,555,555,Anali Okoloji missed Jumper.,69,31,38,0,0.999842848910117,0.999842848910117,Eastern Michigan,Concordia (MI),4,4,NA,400587470,2014-12-28
238,2,9:15,555,555,Joe Remstad Defensive Rebound.,69,31,38,6,0.999842848910117,0.999842848910117,Eastern Michigan,Concordia (MI),4,4,NA,400587470,2014-12-28
239,2,9:09,549,549,Alec Turner Turnover.,69,31,38,2,0.9998523181853991,0.9998523181853991,Eastern Michigan,Concordia (MI),4,4,NA,400587470,2014-12-28
240,2,9:07,547,547,Foul on Jake Orwick.,69,31,38,0,0.9998553307891846,0.9998553307891846,Eastern Michigan,Concordia (MI),4,4,NA,400587470,2014-12-28
241,2,9:07,547,547,Karrington Ward made Free Throw.,70,31,39,0,0.9998853568596736,0.9998853568596736,Eastern Michigan,Concordia (MI),4,4,NA,400587470,2014-12-28
242,2,9:07,547,547,Karrington Ward made Free Throw.,71,31,40,13,0.9999091515904992,0.9999091515904992,Eastern Michigan,Concordia (MI),4,4,NA,400587470,2014-12-28
243,2,8:54,534,534,Jake Orwick Turnover.,71,31,40,3,0.9999201732160181,0.9999201732160181,Eastern Michigan,Concordia (MI),4,4,NA,400587470,2014-12-28
244,2,8:51,531,531,Karrington Ward Steal.,71,31,40,1,0.9999223322523197,0.9999223322523197,Eastern Michigan,Concordia (MI),4,4,NA,400587470,2014-12-28
245,2,8:50,530,530,Raven Lee made Layup.,73,31,42,14,0.9999520625081669,0.9999520625081669,Eastern Michigan,Concordia (MI),4,4,NA,400587470,2014-12-28
246,2,8:36,516,516,Connor Phee missed Layup.,73,31,42,0,0.999957686122515,0.999957686122515,Eastern Michigan,Concordia (MI),4,4,NA,400587470,2014-12-28
247,2,8:36,516,516,Olalekan Ajayi Defensive Rebound.,73,31,42,7,0.999957686122515,0.999957686122515,Eastern Michigan,Concordia (MI),4,4,NA,400587470,2014-12-28
248,2,8:29,509,509,Mike Talley made Layup.,75,31,44,0,0.99997537914549794,0.99997537914549794,Eastern Michigan,Concordia (MI),4,4,NA,400587470,2014-12-28
249,2,8:29,509,509,Foul on Tyler Smith.,75,31,44,0,0.99997537914549794,0.99997537914549794,Eastern Michigan,Concordia (MI),4,4,NA,400587470,2014-12-28
250,2,8:29,509,509,Mike Talley made Free Throw.,76,31,45,28,0.9999806552756687,0.9999806552756687,Eastern Michigan,Concordia (MI),4,4,NA,400587470,2014-12-28
251,2,8:01,481,481,Foul on Jerome Hunter.,76,31,45,3,0.9999850672733466,0.9999850672733466,Eastern Michigan,Concordia (MI),4,4,NA,400587470,2014-12-28
252,2,7:58,478,478,Connor Phee made Layup. Assisted by Makenzi Kurvits-Statum.,76,33,43,11,0.9999762294078866,0.9999762294078866,Eastern Michigan,Concordia (MI),4,4,NA,400587470,2014-12-28
253,2,7:47,467,467,Jodan Price made Three Point Jumper. Assisted by Ethan Alvano.,79,33,46,8,0.9999899877417515,0.9999899877417515,Eastern Michigan,Concordia (MI),4,4,NA,400587470,2014-12-28
254,2,7:39,459,459,Foul on Ethan Alvano.,79,33,46,0,0.9999909291465413,0.9999909291465413,Eastern Michigan,Concordia (MI),4,4,NA,400587470,2014-12-28
255,2,7:39,459,459,Official TV Timeout,79,33,46,9,0.9999909291465413,0.9999909291465413,Eastern Michigan,Concordia (MI),4,4,NA,400587470,2014-12-28
256,2,7:30,450,450,Eddie Rogers missed Three Point Jumper.,79,33,46,0,0.9999919858806356,0.9999919858806356,Eastern Michigan,Concordia (MI),4,4,NA,400587470,2014-12-28
257,2,7:30,450,450,Jerome Hunter Defensive Rebound.,79,33,46,16,0.9999919858806356,0.9999919858806356,Eastern Michigan,Concordia (MI),4,4,NA,400587470,2014-12-28
258,2,7:14,434,434,Jodan Price missed Three Point Jumper.,79,33,46,0,0.9999938300795661,0.9999938300795661,Eastern Michigan,Concordia (MI),4,4,NA,400587470,2014-12-28
259,2,7:14,434,434,Connor Phee Defensive Rebound.,79,33,46,11,0.9999938300795661,0.9999938300795661,Eastern Michigan,Concordia (MI),4,4,NA,400587470,2014-12-28
260,2,7:03,423,423,Eddie Rogers made Three Point Jumper.,79,36,43,22,0.9999888777751095,0.9999888777751095,Eastern Michigan,Concordia (MI),4,4,NA,400587470,2014-12-28
261,2,6:41,401,401,Jordan Martin made Jumper.,81,36,45,11,0.9999954957604621,0.9999954957604621,Eastern Michigan,Concordia (MI),4,4,NA,400587470,2014-12-28
262,2,6:30,390,390,Connor Phee missed Jumper.,81,36,45,0,0.9999962380473393,0.9999962380473393,Eastern Michigan,Concordia (MI),4,4,NA,400587470,2014-12-28
263,2,6:30,390,390,Jordan Martin Defensive Rebound.,81,36,45,14,0.9999962380473393,0.9999962380473393,Eastern Michigan,Concordia (MI),4,4,NA,400587470,2014-12-28
264,2,6:16,376,376,Jodan Price missed Three Point Jumper.,81,36,45,0,0.9999970266552857,0.9999970266552857,Eastern Michigan,Concordia (MI),4,4,NA,400587470,2014-12-28
265,2,6:16,376,376,Jordan Martin Offensive Rebound.,81,36,45,3,0.9999970266552857,0.9999970266552857,Eastern Michigan,Concordia (MI),4,4,NA,400587470,2014-12-28
266,2,6:13,373,373,Jordan Martin made Layup.,83,36,47,25,0.9999984009717893,0.9999984009717893,Eastern Michigan,Concordia (MI),4,4,NA,400587470,2014-12-28
267,2,5:48,348,348,Connor Phee Turnover.,83,36,47,5,0.999999037078752,0.999999037078752,Eastern Michigan,Concordia (MI),4,4,NA,400587470,2014-12-28
268,2,5:43,343,343,Jodan Price missed Three Point Jumper.,83,36,47,0,0.9999991428390174,0.9999991428390174,Eastern Michigan,Concordia (MI),4,4,NA,400587470,2014-12-28
269,2,5:43,343,343,Ethan Alvano Offensive Rebound.,83,36,47,14,0.9999991428390174,0.9999991428390174,Eastern Michigan,Concordia (MI),4,4,NA,400587470,2014-12-28
270,2,5:29,329,329,Ethan Alvano made Jumper.,85,36,49,29,0.9999996754815086,0.9999996754815086,Eastern Michigan,Concordia (MI),4,4,NA,400587470,2014-12-28
271,2,5:00,300,300,Eddie Rogers missed Layup.,85,36,49,0,0.9999998656571609,0.9999998656571609,Eastern Michigan,Concordia (MI),4,4,NA,400587470,2014-12-28
272,2,5:00,300,300,Jordan Martin Defensive Rebound.,85,36,49,20,0.9999998656571609,0.9999998656571609,Eastern Michigan,Concordia (MI),4,4,NA,400587470,2014-12-28
273,2,4:40,280,280,Foul on Luke Diekevers.,85,36,49,0,0.9999998736039958,0.9999998736039958,Eastern Michigan,Concordia (MI),4,4,NA,400587470,2014-12-28
274,2,4:40,280,280,Jerome Hunter made Free Throw.,86,36,50,0,0.9999999085986924,0.9999999085986924,Eastern Michigan,Concordia (MI),4,4,NA,400587470,2014-12-28
275,2,4:40,280,280,Jerome Hunter made Free Throw.,87,36,51,24,0.9999999339045644,0.9999999339045644,Eastern Michigan,Concordia (MI),4,4,NA,400587470,2014-12-28
276,2,4:16,256,256,Alec Turner made Three Point Jumper. Assisted by Eddie Rogers.,87,39,48,19,0.9999997612037794,0.9999997612037794,Eastern Michigan,Concordia (MI),4,4,NA,400587470,2014-12-28
277,2,3:57,237,237,Trent Perry made Three Point Jumper. Assisted by Jodan Price.,90,39,51,18,0.9999998901818956,0.9999998901818956,Eastern Michigan,Concordia (MI),4,4,NA,400587470,2014-12-28
278,2,3:39,219,219,Trevor Travis missed Jumper.,90,39,51,0,0.999999911909279,0.999999911909279,Eastern Michigan,Concordia (MI),4,4,NA,400587470,2014-12-28
279,2,3:39,219,219,Ethan Alvano Defensive Rebound.,90,39,51,4,0.999999911909279,0.999999911909279,Eastern Michigan,Concordia (MI),4,4,NA,400587470,2014-12-28
280,2,3:35,215,215,Trent Perry made Layup. Assisted by Ethan Alvano.,92,39,53,17,0.9999999592300027,0.9999999592300027,Eastern Michigan,Concordia (MI),4,4,NA,400587470,2014-12-28
281,2,3:18,198,198,Alec Turner missed Three Point Jumper.,92,39,53,0,0.9999999852133988,0.9999999852133988,Eastern Michigan,Concordia (MI),4,4,NA,400587470,2014-12-28
282,2,3:18,198,198,Jodan Price Defensive Rebound.,92,39,53,8,0.9999999852133988,0.9999999852133988,Eastern Michigan,Concordia (MI),4,4,NA,400587470,2014-12-28
283,2,3:10,190,190,Jodan Price missed Layup.,92,39,53,0,0.9999999931876,0.9999999931876,Eastern Michigan,Concordia (MI),4,4,NA,400587470,2014-12-28
284,2,3:10,190,190,Jerome Hunter Offensive Rebound.,92,39,53,3,0.9999999931876,0.9999999931876,Eastern Michigan,Concordia (MI),4,4,NA,400587470,2014-12-28
285,2,3:07,187,187,Jerome Hunter made Two Point Tip Shot.,94,39,55,13,0.9999999976247077,0.9999999976247077,Eastern Michigan,Concordia (MI),4,4,NA,400587470,2014-12-28
286,2,2:54,174,174,Trevor Travis missed Three Point Jumper.,94,39,55,0,0.9999999994770129,0.9999999994770129,Eastern Michigan,Concordia (MI),4,4,NA,400587470,2014-12-28
287,2,2:54,174,174,Connor Phee Offensive Rebound.,94,39,55,5,0.9999999994770129,0.9999999994770129,Eastern Michigan,Concordia (MI),4,4,NA,400587470,2014-12-28
288,2,2:49,169,169,Foul on Jerome Hunter.,94,39,55,0,0.9999999997131193,0.9999999997131193,Eastern Michigan,Concordia (MI),4,4,NA,400587470,2014-12-28
289,2,2:49,169,169,Official TV Timeout,94,39,55,0,0.9999999997131193,0.9999999997131193,Eastern Michigan,Concordia (MI),4,4,NA,400587470,2014-12-28
290,2,2:49,169,169,Connor Phee missed Free Throw.,94,39,55,0,0.9999999997131193,0.9999999997131193,Eastern Michigan,Concordia (MI),4,4,NA,400587470,2014-12-28
291,2,2:49,169,169,Concordia (MI) Deadball Team Rebound.,94,39,55,1,0.9999999997131193,0.9999999997131193,Eastern Michigan,Concordia (MI),4,4,NA,400587470,2014-12-28
292,2,2:48,168,168,Connor Phee missed Free Throw.,94,39,55,0,0.9999999997460303,0.9999999997460303,Eastern Michigan,Concordia (MI),4,4,NA,400587470,2014-12-28
293,2,2:48,168,168,Jerome Hunter Defensive Rebound.,94,39,55,18,0.9999999997460303,0.9999999997460303,Eastern Michigan,Concordia (MI),4,4,NA,400587470,2014-12-28
294,2,2:30,150,150,Trent Perry missed Three Point Jumper.,94,39,55,0,0.9999999999753132,0.9999999999753132,Eastern Michigan,Concordia (MI),4,4,NA,400587470,2014-12-28
295,2,2:30,150,150,Jordan Martin Offensive Rebound.,94,39,55,2,0.9999999999753132,0.9999999999753132,Eastern Michigan,Concordia (MI),4,4,NA,400587470,2014-12-28
296,2,2:28,148,148,Foul on Trevor Travis.,94,39,55,0,0.9999999999813225,0.9999999999813225,Eastern Michigan,Concordia (MI),4,4,NA,400587470,2014-12-28
297,2,2:28,148,148,Jordan Martin missed Free Throw.,94,39,55,0,0.9999999999813225,0.9999999999813225,Eastern Michigan,Concordia (MI),4,4,NA,400587470,2014-12-28
298,2,2:28,148,148,Eastern Michigan Deadball Team Rebound.,94,39,55,0,0.9999999999813225,0.9999999999813225,Eastern Michigan,Concordia (MI),4,4,NA,400587470,2014-12-28
299,2,2:28,148,148,Jordan Martin made Free Throw.,95,39,56,17,0.9999999999880806,0.9999999999880806,Eastern Michigan,Concordia (MI),4,4,NA,400587470,2014-12-28
300,2,2:11,131,131,Trevor Travis missed Three Point Jumper.,95,39,56,0,0.9999999999991444,0.9999999999991444,Eastern Michigan,Concordia (MI),4,4,NA,400587470,2014-12-28
301,2,2:11,131,131,Jodan Price Block.,95,39,56,2,0.9999999999991444,0.9999999999991444,Eastern Michigan,Concordia (MI),4,4,NA,400587470,2014-12-28
302,2,2:09,129,129,Jordan Martin Defensive Rebound.,95,39,56,3,0.9999999999993907,0.9999999999993907,Eastern Michigan,Concordia (MI),4,4,NA,400587470,2014-12-28
303,2,2:06,126,126,Ethan Alvano missed Three Point Jumper.,95,39,56,0,0.9999999999996386,0.9999999999996386,Eastern Michigan,Concordia (MI),4,4,NA,400587470,2014-12-28
304,2,2:06,126,126,JaJuan Collins Defensive Rebound.,95,39,56,10,0.9999999999996386,0.9999999999996386,Eastern Michigan,Concordia (MI),4,4,NA,400587470,2014-12-28
305,2,1:56,116,116,JaJuan Collins Turnover.,95,39,56,1,0.999999999999944,0.999999999999944,Eastern Michigan,Concordia (MI),4,4,NA,400587470,2014-12-28
306,2,1:55,115,115,Ethan Alvano Steal.,95,39,56,4,0.999999999999954,0.999999999999954,Eastern Michigan,Concordia (MI),4,4,NA,400587470,2014-12-28
307,2,1:51,111,111,Trent Perry missed Layup.,95,39,56,0,0.9999999999999797,0.9999999999999797,Eastern Michigan,Concordia (MI),4,4,NA,400587470,2014-12-28
308,2,1:51,111,111,Tyler Smith Defensive Rebound.,95,39,56,10,0.9999999999999797,0.9999999999999797,Eastern Michigan,Concordia (MI),4,4,NA,400587470,2014-12-28
309,2,1:41,101,101,Eddie Rogers Turnover.,95,39,56,0,0.9999999999999978,0.9999999999999978,Eastern Michigan,Concordia (MI),4,4,NA,400587470,2014-12-28
310,2,1:41,101,101,Trent Perry Steal.,95,39,56,4,0.9999999999999978,0.9999999999999978,Eastern Michigan,Concordia (MI),4,4,NA,400587470,2014-12-28
311,2,1:37,97,97,Jerome Hunter made Dunk. Assisted by Ethan Alvano.,97,39,58,28,0.9999999999999998,0.9999999999999998,Eastern Michigan,Concordia (MI),4,4,NA,400587470,2014-12-28
312,2,1:09,69,69,Tyler Smith made Three Point Jumper. Assisted by Eddie Rogers.,97,42,55,18,1,1,Eastern Michigan,Concordia (MI),4,4,NA,400587470,2014-12-28
313,2,0:51,51,51,Jodan Price made Three Point Jumper. Assisted by Jerome Hunter.,100,42,58,16,1,1,Eastern Michigan,Concordia (MI),4,4,NA,400587470,2014-12-28
314,2,0:35,35,35,Brandon Miller Turnover.,100,42,58,1,1,1,Eastern Michigan,Concordia (MI),4,4,NA,400587470,2014-12-28
315,2,0:34,34,34,Jerome Hunter Steal.,100,42,58,5,1,1,Eastern Michigan,Concordia (MI),4,4,NA,400587470,2014-12-28
316,2,0:29,29,29,Jodan Price missed Three Point Jumper.,100,42,58,0,1,1,Eastern Michigan,Concordia (MI),4,4,NA,400587470,2014-12-28
317,2,0:29,29,29,Concordia (MI) Defensive Rebound.,100,42,58,0,1,1,Eastern Michigan,Concordia (MI),4,4,NA,400587470,2014-12-28
