play_id,half,time_remaining_half,secs_remaining,secs_remaining_absolute,description,home_score,away_score,score_diff,play_length,win_prob,naive_win_prob,home,away,home_time_out_remaining,away_time_out_remaining,home_favored_by,game_id,date
1,1,20:00,2400,2400,PLAY,0,0,0,18,0.5,0.5,New Mexico State,Boise State,6,6,NA,270310166,2007-01-31
2,1,19:42,2382,2382,Tyrone Nelson made Two Point Jumper.,2,0,2,34,0.5444053698559008,0.5444053698559008,New Mexico State,Boise State,6,6,NA,270310166,2007-01-31
3,1,19:08,2348,2348,Foul on Matt Nelson,2,0,2,24,0.5451340534009399,0.5451340534009399,New Mexico State,Boise State,6,6,NA,270310166,2007-01-31
4,1,18:44,2324,2324,Justin Hawkins made Three Point Jumper.  Assisted by Shaun Davis.,5,0,5,19,0.6125039319648776,0.6125039319648776,New Mexico State,Boise State,6,6,NA,270310166,2007-01-31
5,1,18:25,2305,2305,Tyler Tiedeman missed Two Point Jumper.,5,0,5,0,0.613506524078361,0.613506524078361,New Mexico State,Boise State,6,6,NA,270310166,2007-01-31
6,1,18:25,2305,2305,Tyler Tiedeman Offensive Rebound.,5,0,5,4,0.613506524078361,0.613506524078361,New Mexico State,Boise State,6,6,NA,270310166,2007-01-31
7,1,18:21,2301,2301,Coby Karl missed Three Point Jumper.,5,0,5,0,0.6137186774736136,0.6137186774736136,New Mexico State,Boise State,6,6,NA,270310166,2007-01-31
8,1,18:21,2301,2301,Hatila Passos Defensive Rebound.,5,0,5,10,0.6137186774736136,0.6137186774736136,New Mexico State,Boise State,6,6,NA,270310166,2007-01-31
9,1,18:11,2291,2291,Fred Peete made Two Point Jumper.,7,0,7,0,0.6573036051816773,0.6573036051816773,New Mexico State,Boise State,6,6,NA,270310166,2007-01-31
10,1,18:11,2291,2291,Boise State 20 Second Timeout.,7,0,7,14,0.6573036051816773,0.6573036051816773,New Mexico State,Boise State,5,6,NA,270310166,2007-01-31
11,1,17:57,2277,2277,Reggie Larry missed Two Point Jumper.,7,0,7,0,0.6582990755394005,0.6582990755394005,New Mexico State,Boise State,5,6,NA,270310166,2007-01-31
12,1,17:57,2277,2277,Justin Hawkins Defensive Rebound.,7,0,7,29,0.6582990755394005,0.6582990755394005,New Mexico State,Boise State,5,6,NA,270310166,2007-01-31
13,1,17:28,2248,2248,Shaun Davis missed Three Point Jumper.,7,0,7,0,0.660374369121248,0.660374369121248,New Mexico State,Boise State,5,6,NA,270310166,2007-01-31
14,1,17:28,2248,2248,Matt Nelson Defensive Rebound.,7,0,7,9,0.660374369121248,0.660374369121248,New Mexico State,Boise State,5,6,NA,270310166,2007-01-31
15,1,17:19,2239,2239,Reggie Larry missed Two Point Layup.,7,0,7,0,0.6610215357758342,0.6610215357758342,New Mexico State,Boise State,5,6,NA,270310166,2007-01-31
16,1,17:19,2239,2239,Hatila Passos Defensive Rebound.,7,0,7,26,0.6610215357758342,0.6610215357758342,New Mexico State,Boise State,5,6,NA,270310166,2007-01-31
17,1,16:53,2213,2213,Justin Hawkins missed Two Point Jumper.,7,0,7,0,0.6628977013295915,0.6628977013295915,New Mexico State,Boise State,5,6,NA,270310166,2007-01-31
18,1,16:53,2213,2213,Justin Hawkins Offensive Rebound.,7,0,7,25,0.6628977013295915,0.6628977013295915,New Mexico State,Boise State,5,6,NA,270310166,2007-01-31
19,1,16:28,2188,2188,Justin Hawkins made Two Point Jumper.,9,0,9,11,0.7067968402960287,0.7067968402960287,New Mexico State,Boise State,5,6,NA,270310166,2007-01-31
20,1,16:17,2177,2177,Tyrone Nelson Steal.,9,0,9,2,0.7077508749381567,0.7077508749381567,New Mexico State,Boise State,5,6,NA,270310166,2007-01-31
21,1,16:15,2175,2175,Tyrone Nelson made Two Point Dunk Shot.,11,0,11,25,0.7468842076818261,0.7468842076818261,New Mexico State,Boise State,5,6,NA,270310166,2007-01-31
22,1,15:50,2150,2150,Matt Nelson made Two Point Layup.,11,2,9,14,0.7100952418565039,0.7100952418565039,New Mexico State,Boise State,5,6,NA,270310166,2007-01-31
23,1,15:36,2136,2136,Tyrone Nelson made Two Point Layup.,13,2,11,11,0.7506671194252906,0.7506671194252906,New Mexico State,Boise State,5,6,NA,270310166,2007-01-31
24,1,15:25,2125,2125,Shaun Davis Steal.,13,2,11,2,0.7517366061131169,0.7517366061131169,New Mexico State,Boise State,5,6,NA,270310166,2007-01-31
25,1,15:23,2123,2123,Shaun Davis made Two Point Layup.,15,2,13,13,0.7876075098928702,0.7876075098928702,New Mexico State,Boise State,5,6,NA,270310166,2007-01-31
26,1,15:10,2110,2110,Eric Lane made Three Point Jumper.,15,5,10,11,0.7338622220814539,0.7338622220814539,New Mexico State,Boise State,5,6,NA,270310166,2007-01-31
27,1,14:59,2099,2099,Fred Peete missed Three Point Jumper.,15,5,10,0,0.7348873598610655,0.7348873598610655,New Mexico State,Boise State,5,6,NA,270310166,2007-01-31
28,1,14:59,2099,2099,Matt Nelson Defensive Rebound.,15,5,10,14,0.7348873598610655,0.7348873598610655,New Mexico State,Boise State,5,6,NA,270310166,2007-01-31
29,1,14:45,2085,2085,Reggie Larry made Two Point Jumper.,15,7,8,30,0.6944546566293038,0.6944546566293038,New Mexico State,Boise State,5,6,NA,270310166,2007-01-31
30,1,14:15,2055,2055,Justin Hawkins made Two Point Layup.,17,7,10,12,0.7390106955689616,0.7390106955689616,New Mexico State,Boise State,5,6,NA,270310166,2007-01-31
31,1,14:03,2043,2043,Coby Karl missed Three Point Jumper.,17,7,10,0,0.7401423253052434,0.7401423253052434,New Mexico State,Boise State,5,6,NA,270310166,2007-01-31
32,1,14:03,2043,2043,Hatila Passos Defensive Rebound.,17,7,10,10,0.7401423253052434,0.7401423253052434,New Mexico State,Boise State,5,6,NA,270310166,2007-01-31
33,1,13:53,2033,2033,Shaun Davis missed Two Point Jumper.,17,7,10,0,0.7410879066922567,0.7410879066922567,New Mexico State,Boise State,5,6,NA,270310166,2007-01-31
34,1,13:53,2033,2033,Matt Nelson Defensive Rebound.,17,7,10,8,0.7410879066922567,0.7410879066922567,New Mexico State,Boise State,5,6,NA,270310166,2007-01-31
35,1,13:45,2025,2025,Foul on Shaun Davis,17,7,10,0,0.7418461140088856,0.7418461140088856,New Mexico State,Boise State,5,6,NA,270310166,2007-01-31
36,1,13:45,2025,2025,Official TV Timeout.,17,7,10,0,0.7418461140088856,0.7418461140088856,New Mexico State,Boise State,5,6,NA,270310166,2007-01-31
37,1,13:45,2025,2025,Boise State 20 Second Timeout.,17,7,10,12,0.7418461140088856,0.7418461140088856,New Mexico State,Boise State,4,6,NA,270310166,2007-01-31
38,1,13:33,2013,2013,Eric Lane missed Three Point Jumper.,17,7,10,0,0.7429864414909719,0.7429864414909719,New Mexico State,Boise State,4,6,NA,270310166,2007-01-31
39,1,13:33,2013,2013,Martin Iti Defensive Rebound.,17,7,10,12,0.7429864414909719,0.7429864414909719,New Mexico State,Boise State,4,6,NA,270310166,2007-01-31
40,1,13:21,2001,2001,Fred Peete made Two Point Jumper.,19,7,12,22,0.7826299610056001,0.7826299610056001,New Mexico State,Boise State,4,6,NA,270310166,2007-01-31
41,1,12:59,1979,1979,Reggie Larry missed Three Point Jumper.,19,7,12,0,0.7848875132936121,0.7848875132936121,New Mexico State,Boise State,4,6,NA,270310166,2007-01-31
42,1,12:59,1979,1979,Elijah Ingram Defensive Rebound.,19,7,12,33,0.7848875132936121,0.7848875132936121,New Mexico State,Boise State,4,6,NA,270310166,2007-01-31
43,1,12:26,1946,1946,Eric Lane missed Two Point Layup.,19,7,12,0,0.7882933419755641,0.7882933419755641,New Mexico State,Boise State,4,6,NA,270310166,2007-01-31
44,1,12:26,1946,1946,Matt Nelson Offensive Rebound.,19,7,12,3,0.7882933419755641,0.7882933419755641,New Mexico State,Boise State,4,6,NA,270310166,2007-01-31
45,1,12:23,1943,1943,Foul on David Fisher,19,7,12,0,0.7886042031175253,0.7886042031175253,New Mexico State,Boise State,4,6,NA,270310166,2007-01-31
46,1,12:23,1943,1943,Matt Nelson made Free Throw.,19,8,11,0,0.7697360368934488,0.7697360368934488,New Mexico State,Boise State,4,6,NA,270310166,2007-01-31
47,1,12:23,1943,1943,Matt Nelson missed Free Throw.,19,8,11,0,0.7697360368934488,0.7697360368934488,New Mexico State,Boise State,4,6,NA,270310166,2007-01-31
48,1,12:23,1943,1943,Martin Iti Defensive Rebound.,19,8,11,18,0.7697360368934488,0.7697360368934488,New Mexico State,Boise State,4,6,NA,270310166,2007-01-31
49,1,12:05,1925,1925,Ted Knauber missed Three Point Jumper.,19,8,11,0,0.7715581311240302,0.7715581311240302,New Mexico State,Boise State,4,6,NA,270310166,2007-01-31
50,1,12:05,1925,1925,Seth Robinson Defensive Rebound.,19,8,11,4,0.7715581311240302,0.7715581311240302,New Mexico State,Boise State,4,6,NA,270310166,2007-01-31
51,1,12:01,1921,1921,Foul on David Fisher,19,8,11,21,0.7719623385784239,0.7719623385784239,New Mexico State,Boise State,4,6,NA,270310166,2007-01-31
52,1,11:40,1900,1900,Eric Lane missed Two Point Layup.,19,8,11,0,0.7740731696290363,0.7740731696290363,New Mexico State,Boise State,4,6,NA,270310166,2007-01-31
53,1,11:40,1900,1900,David Fisher Defensive Rebound.,19,8,11,15,0.7740731696290363,0.7740731696290363,New Mexico State,Boise State,4,6,NA,270310166,2007-01-31
54,1,11:25,1885,1885,Martin Iti made Two Point Dunk Shot.,21,8,13,22,0.8123732702812199,0.8123732702812199,New Mexico State,Boise State,4,6,NA,270310166,2007-01-31
55,1,11:03,1863,1863,Matt Nelson made Two Point Layup.,21,10,11,27,0.7777595759117788,0.7777595759117788,New Mexico State,Boise State,4,6,NA,270310166,2007-01-31
56,1,10:36,1836,1836,Seth Robinson missed Two Point Jumper.,21,10,11,0,0.7804376674845533,0.7804376674845533,New Mexico State,Boise State,4,6,NA,270310166,2007-01-31
57,1,10:36,1836,1836,David Fisher Defensive Rebound.,21,10,11,27,0.7804376674845533,0.7804376674845533,New Mexico State,Boise State,4,6,NA,270310166,2007-01-31
58,1,10:09,1809,1809,Elijah Ingram missed Two Point Jumper.,21,10,11,1,0.7831181173999334,0.7831181173999334,New Mexico State,Boise State,4,6,NA,270310166,2007-01-31
59,1,10:08,1808,1808,Matt Bauscher Defensive Rebound.,21,10,11,27,0.78321757889951,0.78321757889951,New Mexico State,Boise State,4,6,NA,270310166,2007-01-31
60,1,9:41,1781,1781,Matt Bauscher missed Three Point Jumper.,21,10,11,0,0.7859117269597693,0.7859117269597693,New Mexico State,Boise State,4,6,NA,270310166,2007-01-31
61,1,9:41,1781,1781,Seth Robinson Offensive Rebound.,21,10,11,6,0.7859117269597693,0.7859117269597693,New Mexico State,Boise State,4,6,NA,270310166,2007-01-31
62,1,9:35,1775,1775,Matt Bauscher made Two Point Layup.  Assisted by Coby Karl.,21,12,9,23,0.7440141200164934,0.7440141200164934,New Mexico State,Boise State,4,6,NA,270310166,2007-01-31
63,1,9:12,1752,1752,Tyrone Nelson missed Two Point Jumper.,21,12,9,5,0.7461686222240275,0.7461686222240275,New Mexico State,Boise State,4,6,NA,270310166,2007-01-31
64,1,9:07,1747,1747,Matt Bauscher Defensive Rebound.,21,12,9,25,0.7466405455796047,0.7466405455796047,New Mexico State,Boise State,4,6,NA,270310166,2007-01-31
65,1,8:42,1722,1722,Fred Peete missed Two Point Jumper.,21,12,9,0,0.7490223112727618,0.7490223112727618,New Mexico State,Boise State,4,6,NA,270310166,2007-01-31
66,1,8:42,1722,1722,Seth Robinson Defensive Rebound.,21,12,9,18,0.7490223112727618,0.7490223112727618,New Mexico State,Boise State,4,6,NA,270310166,2007-01-31
67,1,8:24,1704,1704,Fred Peete missed Three Point Jumper.,21,12,9,0,0.7507628852233013,0.7507628852233013,New Mexico State,Boise State,4,6,NA,270310166,2007-01-31
68,1,8:24,1704,1704,Boise State Defensive Rebound.,21,12,9,9,0.7507628852233013,0.7507628852233013,New Mexico State,Boise State,4,6,NA,270310166,2007-01-31
69,1,8:15,1695,1695,Seth Robinson missed Three Point Jumper.,21,12,9,0,0.751642190893207,0.751642190893207,New Mexico State,Boise State,4,6,NA,270310166,2007-01-31
70,1,8:15,1695,1695,Hatila Passos Defensive Rebound.,21,12,9,26,0.751642190893207,0.751642190893207,New Mexico State,Boise State,4,6,NA,270310166,2007-01-31
71,1,7:49,1669,1669,Tyrone Nelson made Two Point Jumper.,23,12,11,16,0.7973860327553435,0.7973860327553435,New Mexico State,Boise State,4,6,NA,270310166,2007-01-31
72,1,7:33,1653,1653,Elijah Ingram Steal.,23,12,11,1,0.7989843443592086,0.7989843443592086,New Mexico State,Boise State,4,6,NA,270310166,2007-01-31
73,1,7:32,1652,1652,Official TV Timeout.,23,12,11,22,0.7990830161525095,0.7990830161525095,New Mexico State,Boise State,4,6,NA,270310166,2007-01-31
74,1,7:10,1630,1630,Justin Hawkins missed Two Point Jumper.,23,12,11,1,0.8012241490211417,0.8012241490211417,New Mexico State,Boise State,4,6,NA,270310166,2007-01-31
75,1,7:09,1629,1629,Reggie Larry Defensive Rebound.,23,12,11,9,0.8013203116837267,0.8013203116837267,New Mexico State,Boise State,4,6,NA,270310166,2007-01-31
76,1,7:00,1620,1620,Seth Robinson missed Two Point Jumper.,23,12,11,0,0.8021821895593738,0.8021821895593738,New Mexico State,Boise State,4,6,NA,270310166,2007-01-31
77,1,7:00,1620,1620,Tyrone Nelson Defensive Rebound.,23,12,11,9,0.8021821895593738,0.8021821895593738,New Mexico State,Boise State,4,6,NA,270310166,2007-01-31
78,1,6:51,1611,1611,Foul on Seth Robinson,23,12,11,0,0.8030386226674322,0.8030386226674322,New Mexico State,Boise State,4,6,NA,270310166,2007-01-31
79,1,6:51,1611,1611,Tyrone Nelson missed Free Throw.,23,12,11,0,0.8030386226674322,0.8030386226674322,New Mexico State,Boise State,4,6,NA,270310166,2007-01-31
80,1,6:51,1611,1611,null,23,12,11,0,0.8030386226674322,0.8030386226674322,New Mexico State,Boise State,4,6,NA,270310166,2007-01-31
81,1,6:51,1611,1611,Tyrone Nelson made Free Throw.,24,12,12,13,0.8224679488341095,0.8224679488341095,New Mexico State,Boise State,4,6,NA,270310166,2007-01-31
82,1,6:38,1598,1598,Tyrone Nelson Steal.,24,12,12,8,0.8237065312640801,0.8237065312640801,New Mexico State,Boise State,4,6,NA,270310166,2007-01-31
83,1,6:30,1590,1590,Justin Hawkins made Two Point Jumper.,26,12,14,9,0.8587224783813787,0.8587224783813787,New Mexico State,Boise State,4,6,NA,270310166,2007-01-31
84,1,6:21,1581,1581,Matt Bauscher missed Three Point Jumper.,26,12,14,0,0.8595564258630937,0.8595564258630937,New Mexico State,Boise State,4,6,NA,270310166,2007-01-31
85,1,6:21,1581,1581,Fred Peete Defensive Rebound.,26,12,14,10,0.8595564258630937,0.8595564258630937,New Mexico State,Boise State,4,6,NA,270310166,2007-01-31
86,1,6:11,1571,1571,Anthony Thomas Steal.,26,12,14,10,0.8604821519884367,0.8604821519884367,New Mexico State,Boise State,4,6,NA,270310166,2007-01-31
87,1,6:01,1561,1561,Reggie Larry missed Two Point Jumper.,26,12,14,0,0.8614086790218985,0.8614086790218985,New Mexico State,Boise State,4,6,NA,270310166,2007-01-31
88,1,6:01,1561,1561,Tyrone Nelson Defensive Rebound.,26,12,14,13,0.8614086790218985,0.8614086790218985,New Mexico State,Boise State,4,6,NA,270310166,2007-01-31
89,1,5:48,1548,1548,Hatila Passos missed Two Point Jumper.,26,12,14,3,0.8626172326742261,0.8626172326742261,New Mexico State,Boise State,4,6,NA,270310166,2007-01-31
90,1,5:45,1545,1545,Reggie Larry Defensive Rebound.,26,12,14,4,0.862897138174644,0.862897138174644,New Mexico State,Boise State,4,6,NA,270310166,2007-01-31
91,1,5:41,1541,1541,Foul on Tyrone Nelson,26,12,14,19,0.8632710903176509,0.8632710903176509,New Mexico State,Boise State,4,6,NA,270310166,2007-01-31
92,1,5:22,1522,1522,Matt Nelson missed Two Point Jumper.,26,12,14,0,0.8650620839105501,0.8650620839105501,New Mexico State,Boise State,4,6,NA,270310166,2007-01-31
93,1,5:22,1522,1522,Shaun Davis Defensive Rebound.,26,12,14,8,0.8650620839105501,0.8650620839105501,New Mexico State,Boise State,4,6,NA,270310166,2007-01-31
94,1,5:14,1514,1514,Shaun Davis missed Two Point Jumper.,26,12,14,0,0.8658252462080619,0.8658252462080619,New Mexico State,Boise State,4,6,NA,270310166,2007-01-31
95,1,5:14,1514,1514,Matt Nelson Defensive Rebound.,26,12,14,1,0.8658252462080619,0.8658252462080619,New Mexico State,Boise State,4,6,NA,270310166,2007-01-31
96,1,5:13,1513,1513,Foul on Hatila Passos,26,12,14,22,0.8659210846126024,0.8659210846126024,New Mexico State,Boise State,4,6,NA,270310166,2007-01-31
97,1,4:51,1491,1491,Hatila Passos Steal.,26,12,14,2,0.8680583782469753,0.8680583782469753,New Mexico State,Boise State,4,6,NA,270310166,2007-01-31
98,1,4:49,1489,1489,Coby Karl Steal.,26,12,14,3,0.868255707613858,0.868255707613858,New Mexico State,Boise State,4,6,NA,270310166,2007-01-31
99,1,4:46,1486,1486,Kenny Wilson made Three Point Jumper.,26,15,11,9,0.8151162526599374,0.8151162526599374,New Mexico State,Boise State,4,6,NA,270310166,2007-01-31
100,1,4:37,1477,1477,Tyrone Nelson missed Two Point Jumper.,26,15,11,0,0.8160495031467956,0.8160495031467956,New Mexico State,Boise State,4,6,NA,270310166,2007-01-31
101,1,4:37,1477,1477,Matt Nelson Defensive Rebound.,26,15,11,7,0.8160495031467956,0.8160495031467956,New Mexico State,Boise State,4,6,NA,270310166,2007-01-31
102,1,4:30,1470,1470,Kenny Wilson missed Two Point Jumper.,26,15,11,0,0.8167855920723718,0.8167855920723718,New Mexico State,Boise State,4,6,NA,270310166,2007-01-31
103,1,4:30,1470,1470,Justin Hawkins Defensive Rebound.,26,15,11,25,0.8167855920723718,0.8167855920723718,New Mexico State,Boise State,4,6,NA,270310166,2007-01-31
104,1,4:05,1445,1445,Hatila Passos made Two Point Layup.,28,15,13,8,0.8566770721923257,0.8566770721923257,New Mexico State,Boise State,4,6,NA,270310166,2007-01-31
105,1,3:57,1437,1437,Kenny Wilson missed Three Point Jumper.,28,15,13,5,0.8575191573525264,0.8575191573525264,New Mexico State,Boise State,4,6,NA,270310166,2007-01-31
106,1,3:52,1432,1432,Fred Peete Defensive Rebound.,28,15,13,6,0.858036459120521,0.858036459120521,New Mexico State,Boise State,4,6,NA,270310166,2007-01-31
107,1,3:46,1426,1426,Justin Hawkins missed Two Point Jumper.,28,15,13,0,0.858648815440604,0.858648815440604,New Mexico State,Boise State,4,6,NA,270310166,2007-01-31
108,1,3:46,1426,1426,Reggie Larry Defensive Rebound.,28,15,13,2,0.858648815440604,0.858648815440604,New Mexico State,Boise State,4,6,NA,270310166,2007-01-31
109,1,3:44,1424,1424,Official TV Timeout.,28,15,13,37,0.8588510166800554,0.8588510166800554,New Mexico State,Boise State,4,6,NA,270310166,2007-01-31
110,1,3:07,1387,1387,Kenny Wilson made Three Point Jumper.  Assisted by Eric Lane.,28,18,10,25,0.8041095593444757,0.8041095593444757,New Mexico State,Boise State,4,6,NA,270310166,2007-01-31
111,1,2:42,1362,1362,Justin Hawkins made Two Point Jumper.  Assisted by Martin Iti.,30,18,12,0,0.8472215704004744,0.8472215704004744,New Mexico State,Boise State,4,6,NA,270310166,2007-01-31
112,1,2:42,1362,1362,Foul on Eric Lane,30,18,12,0,0.8472215704004744,0.8472215704004744,New Mexico State,Boise State,4,6,NA,270310166,2007-01-31
113,1,2:42,1362,1362,Justin Hawkins made Free Throw.,31,18,13,14,0.8647974568472794,0.8647974568472794,New Mexico State,Boise State,4,6,NA,270310166,2007-01-31
114,1,2:28,1348,1348,Foul on Martin Iti,31,18,13,17,0.8660977051998898,0.8660977051998898,New Mexico State,Boise State,4,6,NA,270310166,2007-01-31
115,1,2:11,1331,1331,Foul on Eric Lane,31,18,13,7,0.8676800182833281,0.8676800182833281,New Mexico State,Boise State,4,6,NA,270310166,2007-01-31
116,1,2:04,1324,1324,Martin Iti missed Two Point Jumper.,31,18,13,0,0.8683356600228528,0.8683356600228528,New Mexico State,Boise State,4,6,NA,270310166,2007-01-31
117,1,2:04,1324,1324,Kenny Wilson Defensive Rebound.,31,18,13,8,0.8683356600228528,0.8683356600228528,New Mexico State,Boise State,4,6,NA,270310166,2007-01-31
118,1,1:56,1316,1316,Seth Robinson missed Two Point Jumper.,31,18,13,0,0.8690896493447695,0.8690896493447695,New Mexico State,Boise State,4,6,NA,270310166,2007-01-31
119,1,1:56,1316,1316,Boise State Offensive Rebound.,31,18,13,20,0.8690896493447695,0.8690896493447695,New Mexico State,Boise State,4,6,NA,270310166,2007-01-31
120,1,1:36,1296,1296,Seth Robinson made Two Point Jumper.,31,20,11,17,0.8342494203694925,0.8342494203694925,New Mexico State,Boise State,4,6,NA,270310166,2007-01-31
121,1,1:19,1279,1279,Jonathan Gibson missed Three Point Jumper.,31,20,11,0,0.835995462849433,0.835995462849433,New Mexico State,Boise State,4,6,NA,270310166,2007-01-31
122,1,1:19,1279,1279,Boise State Defensive Rebound.,31,20,11,14,0.835995462849433,0.835995462849433,New Mexico State,Boise State,4,6,NA,270310166,2007-01-31
123,1,1:05,1265,1265,Kenny Wilson missed Three Point Jumper.,31,20,11,0,0.8374796908910178,0.8374796908910178,New Mexico State,Boise State,4,6,NA,270310166,2007-01-31
124,1,1:05,1265,1265,Martin Iti Defensive Rebound.,31,20,11,16,0.8374796908910178,0.8374796908910178,New Mexico State,Boise State,4,6,NA,270310166,2007-01-31
125,1,0:49,1249,1249,New Mexico State 20 Second Timeout.,31,20,11,10,0.8392366300734303,0.8392366300734303,New Mexico State,Boise State,4,5,NA,270310166,2007-01-31
126,1,0:39,1239,1239,Ted Knauber missed Three Point Jumper.,31,20,11,5,0.8403717609094263,0.8403717609094263,New Mexico State,Boise State,4,5,NA,270310166,2007-01-31
127,1,0:34,1234,1234,Martin Iti Offensive Rebound.,31,20,11,2,0.840950910924037,0.840950910924037,New Mexico State,Boise State,4,5,NA,270310166,2007-01-31
128,1,0:32,1232,1232,Martin Iti made Two Point Dunk Shot.,33,20,13,32,0.8776297979629402,0.8776297979629402,New Mexico State,Boise State,4,5,NA,270310166,2007-01-31
129,1,0:00,1200,1200,Coby Karl missed Two Point Jumper.,33,20,13,0,0.881320024494264,0.881320024494264,New Mexico State,Boise State,4,5,NA,270310166,2007-01-31
130,1,0:00,1200,1200,Martin Iti Defensive Rebound.,33,20,13,0,0.881320024494264,0.881320024494264,New Mexico State,Boise State,4,5,NA,270310166,2007-01-31
131,1,0:00,1200,1200,End of the 1st Half.,33,20,13,0,0.881320024494264,0.881320024494264,New Mexico State,Boise State,4,5,NA,270310166,2007-01-31
132,2,20:00,1200,1200,PLAY,33,20,13,11,0.881320024494264,0.881320024494264,New Mexico State,Boise State,4,5,NA,270310166,2007-01-31
133,2,19:49,1189,1189,Justin Hawkins missed Two Point Jumper.,33,20,13,0,0.8825642811693014,0.8825642811693014,New Mexico State,Boise State,4,5,NA,270310166,2007-01-31
134,2,19:49,1189,1189,Reggie Larry Defensive Rebound.,33,20,13,29,0.8825642811693014,0.8825642811693014,New Mexico State,Boise State,4,5,NA,270310166,2007-01-31
135,2,19:20,1160,1160,Reggie Larry made Two Point Layup.,33,22,11,38,0.8497351226124013,0.8497351226124013,New Mexico State,Boise State,4,5,NA,270310166,2007-01-31
136,2,18:42,1122,1122,Fred Peete missed Two Point Jumper.,33,22,11,0,0.853926341891876,0.853926341891876,New Mexico State,Boise State,4,5,NA,270310166,2007-01-31
137,2,18:42,1122,1122,Tyrone Nelson Offensive Rebound.,33,22,11,3,0.853926341891876,0.853926341891876,New Mexico State,Boise State,4,5,NA,270310166,2007-01-31
138,2,18:39,1119,1119,Foul on Tyler Tiedeman,33,22,11,0,0.854254181697326,0.854254181697326,New Mexico State,Boise State,4,5,NA,270310166,2007-01-31
139,2,18:39,1119,1119,Foul on Hatila Passos,33,22,11,11,0.854254181697326,0.854254181697326,New Mexico State,Boise State,4,5,NA,270310166,2007-01-31
140,2,18:28,1108,1108,Coby Karl made Three Point Jumper.  Assisted by Tyler Tiedeman.,33,25,8,25,0.7846775086365144,0.7846775086365144,New Mexico State,Boise State,4,5,NA,270310166,2007-01-31
141,2,18:03,1083,1083,Tyrone Nelson missed Two Point Jumper.,33,25,8,0,0.7874312355357866,0.7874312355357866,New Mexico State,Boise State,4,5,NA,270310166,2007-01-31
142,2,18:03,1083,1083,Tyrone Nelson Offensive Rebound.,33,25,8,5,0.7874312355357866,0.7874312355357866,New Mexico State,Boise State,4,5,NA,270310166,2007-01-31
143,2,17:58,1078,1078,Foul on Seth Robinson,33,25,8,0,0.7879922611521442,0.7879922611521442,New Mexico State,Boise State,4,5,NA,270310166,2007-01-31
144,2,17:58,1078,1078,Tyrone Nelson made Free Throw.,34,25,9,0,0.8141150373127699,0.8141150373127699,New Mexico State,Boise State,4,5,NA,270310166,2007-01-31
145,2,17:58,1078,1078,Tyrone Nelson made Free Throw.,35,25,10,12,0.8376820930370591,0.8376820930370591,New Mexico State,Boise State,4,5,NA,270310166,2007-01-31
146,2,17:46,1066,1066,Foul on Hatila Passos,35,25,10,0,0.839069630929678,0.839069630929678,New Mexico State,Boise State,4,5,NA,270310166,2007-01-31
147,2,17:46,1066,1066,Coby Karl made Free Throw.,35,26,9,0,0.8155056819786426,0.8155056819786426,New Mexico State,Boise State,4,5,NA,270310166,2007-01-31
148,2,17:46,1066,1066,Coby Karl made Free Throw.,35,27,8,20,0.7893575984278869,0.7893575984278869,New Mexico State,Boise State,4,5,NA,270310166,2007-01-31
149,2,17:26,1046,1046,Shaun Davis made Three Point Jumper.  Assisted by Fred Peete.,38,27,11,28,0.8624690701997472,0.8624690701997472,New Mexico State,Boise State,4,5,NA,270310166,2007-01-31
150,2,16:58,1018,1018,Eric Lane missed Three Point Jumper.,38,27,11,0,0.865898103825802,0.865898103825802,New Mexico State,Boise State,4,5,NA,270310166,2007-01-31
151,2,16:58,1018,1018,Justin Hawkins Defensive Rebound.,38,27,11,11,0.865898103825802,0.865898103825802,New Mexico State,Boise State,4,5,NA,270310166,2007-01-31
152,2,16:47,1007,1007,Shaun Davis missed Two Point Jumper.,38,27,11,2,0.8673105426874467,0.8673105426874467,New Mexico State,Boise State,4,5,NA,270310166,2007-01-31
153,2,16:45,1005,1005,Tyrone Nelson Offensive Rebound.,38,27,11,6,0.8675717597082301,0.8675717597082301,New Mexico State,Boise State,4,5,NA,270310166,2007-01-31
154,2,16:39,999,999,Martin Iti Offensive Rebound.,38,27,11,0,0.8683639137419485,0.8683639137419485,New Mexico State,Boise State,4,5,NA,270310166,2007-01-31
155,2,16:39,999,999,Martin Iti Offensive Rebound.,38,27,11,1,0.8683639137419485,0.8683639137419485,New Mexico State,Boise State,4,5,NA,270310166,2007-01-31
156,2,16:38,998,998,Martin Iti missed Two Point Jumper.,38,27,11,0,0.8684972036453852,0.8684972036453852,New Mexico State,Boise State,4,5,NA,270310166,2007-01-31
157,2,16:38,998,998,New Mexico State Offensive Rebou.,38,27,11,0,0.8684972036453852,0.8684972036453852,New Mexico State,Boise State,4,5,NA,270310166,2007-01-31
158,2,16:38,998,998,Foul on Tyler Tiedeman,38,27,11,0,0.8684972036453852,0.8684972036453852,New Mexico State,Boise State,4,5,NA,270310166,2007-01-31
159,2,16:38,998,998,Martin Iti made Free Throw.,39,27,12,0,0.8868888434749925,0.8868888434749925,New Mexico State,Boise State,4,5,NA,270310166,2007-01-31
160,2,16:38,998,998,Martin Iti missed Free Throw.,39,27,12,0,0.8868888434749925,0.8868888434749925,New Mexico State,Boise State,4,5,NA,270310166,2007-01-31
161,2,16:38,998,998,Matt Nelson Defensive Rebound.,39,27,12,14,0.8868888434749925,0.8868888434749925,New Mexico State,Boise State,4,5,NA,270310166,2007-01-31
162,2,16:24,984,984,Tyler Tiedeman missed Three Point Jumper.,39,27,12,0,0.8887131826383611,0.8887131826383611,New Mexico State,Boise State,4,5,NA,270310166,2007-01-31
163,2,16:24,984,984,Kenny Wilson Offensive Rebound.,39,27,12,4,0.8887131826383611,0.8887131826383611,New Mexico State,Boise State,4,5,NA,270310166,2007-01-31
164,2,16:20,980,980,Tyler Tiedeman missed Three Point Jumper.,39,27,12,0,0.889247246181437,0.889247246181437,New Mexico State,Boise State,4,5,NA,270310166,2007-01-31
165,2,16:20,980,980,Martin Iti Defensive Rebound.,39,27,12,10,0.889247246181437,0.889247246181437,New Mexico State,Boise State,4,5,NA,270310166,2007-01-31
166,2,16:10,970,970,New Mexico State 20 Second Timeout.,39,27,12,9,0.8906084852015603,0.8906084852015603,New Mexico State,Boise State,4,4,NA,270310166,2007-01-31
167,2,16:01,961,961,Justin Hawkins made Two Point Jumper.  Assisted by Shaun Davis.,41,27,14,0,0.9213589968869718,0.9213589968869718,New Mexico State,Boise State,4,4,NA,270310166,2007-01-31
168,2,16:01,961,961,Foul on Tyler Tiedeman,41,27,14,0,0.9213589968869718,0.9213589968869718,New Mexico State,Boise State,4,4,NA,270310166,2007-01-31
169,2,16:01,961,961,Justin Hawkins missed Free Throw.,41,27,14,4,0.9213589968869718,0.9213589968869718,New Mexico State,Boise State,4,4,NA,270310166,2007-01-31
170,2,15:57,957,957,Reggie Larry Defensive Rebound.,41,27,14,14,0.9218073962989225,0.9218073962989225,New Mexico State,Boise State,4,4,NA,270310166,2007-01-31
171,2,15:43,943,943,Foul on Justin Hawkins,41,27,14,0,0.9232867829431002,0.9232867829431002,New Mexico State,Boise State,4,4,NA,270310166,2007-01-31
172,2,15:43,943,943,Official TV Timeout.,41,27,14,0,0.9232867829431002,0.9232867829431002,New Mexico State,Boise State,4,4,NA,270310166,2007-01-31
173,2,15:43,943,943,Coby Karl made Free Throw.,41,28,13,0,0.9097150938838318,0.9097150938838318,New Mexico State,Boise State,4,4,NA,270310166,2007-01-31
174,2,15:43,943,943,Coby Karl missed Free Throw.,41,28,13,0,0.9097150938838318,0.9097150938838318,New Mexico State,Boise State,4,4,NA,270310166,2007-01-31
175,2,15:43,943,943,Fred Peete Defensive Rebound.,41,28,13,18,0.9097150938838318,0.9097150938838318,New Mexico State,Boise State,4,4,NA,270310166,2007-01-31
176,2,15:25,925,925,Hatila Passos made Two Point Layup.  Assisted by Fred Peete.,43,28,15,20,0.9365547505637866,0.9365547505637866,New Mexico State,Boise State,4,4,NA,270310166,2007-01-31
177,2,15:05,905,905,Anthony Thomas missed Two Point Jumper.,43,28,15,0,0.9381677883672969,0.9381677883672969,New Mexico State,Boise State,4,4,NA,270310166,2007-01-31
178,2,15:05,905,905,Tyrone Nelson Defensive Rebound.,43,28,15,8,0.9381677883672969,0.9381677883672969,New Mexico State,Boise State,4,4,NA,270310166,2007-01-31
179,2,14:57,897,897,Justin Hawkins missed Two Point Jumper.,43,28,15,0,0.9387814826642215,0.9387814826642215,New Mexico State,Boise State,4,4,NA,270310166,2007-01-31
180,2,14:57,897,897,Shaun Davis Offensive Rebound.,43,28,15,8,0.9387814826642215,0.9387814826642215,New Mexico State,Boise State,4,4,NA,270310166,2007-01-31
181,2,14:49,889,889,Foul on Coby Karl,43,28,15,0,0.9393830097839737,0.9393830097839737,New Mexico State,Boise State,4,4,NA,270310166,2007-01-31
182,2,14:49,889,889,Hatila Passos made Free Throw.,44,28,16,0,0.9489890980895691,0.9489890980895691,New Mexico State,Boise State,4,4,NA,270310166,2007-01-31
183,2,14:49,889,889,Hatila Passos made Free Throw.,45,28,17,21,0.9571423434956559,0.9571423434956559,New Mexico State,Boise State,4,4,NA,270310166,2007-01-31
184,2,14:28,868,868,Reggie Larry made Two Point Layup.,45,30,15,7,0.9409309161276983,0.9409309161276983,New Mexico State,Boise State,4,4,NA,270310166,2007-01-31
185,2,14:21,861,861,Foul on Anthony Thomas,45,30,15,0,0.9414448530809926,0.9414448530809926,New Mexico State,Boise State,4,4,NA,270310166,2007-01-31
186,2,14:21,861,861,Shaun Davis made Free Throw.,46,30,16,0,0.9508560949238297,0.9508560949238297,New Mexico State,Boise State,4,4,NA,270310166,2007-01-31
187,2,14:21,861,861,Shaun Davis made Free Throw.,47,30,17,20,0.9588208827621104,0.9588208827621104,New Mexico State,Boise State,4,4,NA,270310166,2007-01-31
188,2,14:01,841,841,Coby Karl missed Three Point Jumper.,47,30,17,0,0.9600279523308872,0.9600279523308872,New Mexico State,Boise State,4,4,NA,270310166,2007-01-31
189,2,14:01,841,841,Seth Robinson Offensive Rebound.,47,30,17,8,0.9600279523308872,0.9600279523308872,New Mexico State,Boise State,4,4,NA,270310166,2007-01-31
190,2,13:53,833,833,Seth Robinson made Two Point Jumper.,47,32,15,16,0.9435479209186947,0.9435479209186947,New Mexico State,Boise State,4,4,NA,270310166,2007-01-31
191,2,13:37,817,817,Coby Karl missed Three Point Jumper.,47,32,15,0,0.9448177930744925,0.9448177930744925,New Mexico State,Boise State,4,4,NA,270310166,2007-01-31
192,2,13:37,817,817,Reggie Larry Offensive Rebound.,47,32,15,6,0.9448177930744925,0.9448177930744925,New Mexico State,Boise State,4,4,NA,270310166,2007-01-31
193,2,13:31,811,811,Reggie Larry made Two Point Layup.,47,34,13,16,0.9220043084766041,0.9220043084766041,New Mexico State,Boise State,4,4,NA,270310166,2007-01-31
194,2,13:15,795,795,Justin Hawkins made Two Point Jumper.,49,34,15,37,0.9466912690050739,0.9466912690050739,New Mexico State,Boise State,4,4,NA,270310166,2007-01-31
195,2,12:38,758,758,Coby Karl made Three Point Jumper.  Assisted by Seth Robinson.,49,37,12,15,0.9137530736219465,0.9137530736219465,New Mexico State,Boise State,4,4,NA,270310166,2007-01-31
196,2,12:23,743,743,Foul on Coby Karl,49,37,12,0,0.9159538524441538,0.9159538524441538,New Mexico State,Boise State,4,4,NA,270310166,2007-01-31
197,2,12:23,743,743,Tyrone Nelson made Free Throw.,50,37,13,0,0.930062510075399,0.930062510075399,New Mexico State,Boise State,4,4,NA,270310166,2007-01-31
198,2,12:23,743,743,Tyrone Nelson made Free Throw.,51,37,14,5,0.9419528688525208,0.9419528688525208,New Mexico State,Boise State,4,4,NA,270310166,2007-01-31
199,2,12:18,738,738,Reggie Larry made Two Point Dunk Shot.  Assisted by Coby Karl.,51,39,12,21,0.9167260764514079,0.9167260764514079,New Mexico State,Boise State,4,4,NA,270310166,2007-01-31
200,2,11:57,717,717,Foul on Reggie Larry,51,39,12,0,0.9199950314822957,0.9199950314822957,New Mexico State,Boise State,4,4,NA,270310166,2007-01-31
201,2,11:57,717,717,Official TV Timeout.,51,39,12,0,0.9199950314822957,0.9199950314822957,New Mexico State,Boise State,4,4,NA,270310166,2007-01-31
202,2,11:57,717,717,Tyrone Nelson made Free Throw.,52,39,13,0,0.9337518281439346,0.9337518281439346,New Mexico State,Boise State,4,4,NA,270310166,2007-01-31
203,2,11:57,717,717,Tyrone Nelson made Free Throw.,53,39,14,8,0.9452838385442309,0.9452838385442309,New Mexico State,Boise State,4,4,NA,270310166,2007-01-31
204,2,11:49,709,709,Reggie Larry missed Two Point Jumper.,53,39,14,0,0.9461978977012213,0.9461978977012213,New Mexico State,Boise State,4,4,NA,270310166,2007-01-31
205,2,11:49,709,709,Kenny Wilson Offensive Rebound.,53,39,14,2,0.9461978977012213,0.9461978977012213,New Mexico State,Boise State,4,4,NA,270310166,2007-01-31
206,2,11:47,707,707,Kenny Wilson made Two Point Layup.,53,41,12,5,0.9213797096382929,0.9213797096382929,New Mexico State,Boise State,4,4,NA,270310166,2007-01-31
207,2,11:42,702,702,Foul on Seth Robinson,53,41,12,0,0.9220324295199868,0.9220324295199868,New Mexico State,Boise State,4,4,NA,270310166,2007-01-31
208,2,11:42,702,702,Fred Peete made Free Throw.,54,41,13,0,0.9356042357570192,0.9356042357570192,New Mexico State,Boise State,4,4,NA,270310166,2007-01-31
209,2,11:42,702,702,Fred Peete made Free Throw.,55,41,14,27,0.946949525781606,0.946949525781606,New Mexico State,Boise State,4,4,NA,270310166,2007-01-31
210,2,11:15,675,675,Tyrone Nelson missed Two Point Jumper.,55,41,14,0,0.9495490554700543,0.9495490554700543,New Mexico State,Boise State,4,4,NA,270310166,2007-01-31
211,2,11:15,675,675,David Fisher Offensive Rebound.,55,41,14,3,0.9495490554700543,0.9495490554700543,New Mexico State,Boise State,4,4,NA,270310166,2007-01-31
212,2,11:12,672,672,Foul on David Fisher,55,41,14,15,0.9498181980031615,0.9498181980031615,New Mexico State,Boise State,4,4,NA,270310166,2007-01-31
213,2,10:57,657,657,Anthony Thomas made Two Point Layup.,55,43,12,27,0.9272064884864423,0.9272064884864423,New Mexico State,Boise State,4,4,NA,270310166,2007-01-31
214,2,10:30,630,630,Fred Peete made Two Point Jumper.,57,43,14,37,0.9535192652602237,0.9535192652602237,New Mexico State,Boise State,4,4,NA,270310166,2007-01-31
215,2,9:53,593,593,Seth Robinson missed Two Point Jumper.,57,43,14,0,0.9571772102722873,0.9571772102722873,New Mexico State,Boise State,4,4,NA,270310166,2007-01-31
216,2,9:53,593,593,Anthony Thomas Offensive Rebound.,57,43,14,5,0.9571772102722873,0.9571772102722873,New Mexico State,Boise State,4,4,NA,270310166,2007-01-31
217,2,9:48,588,588,Reggie Larry made Two Point Dunk Shot.  Assisted by Anthony Thomas.,57,45,12,23,0.9355173862111457,0.9355173862111457,New Mexico State,Boise State,4,4,NA,270310166,2007-01-31
218,2,9:25,565,565,Ted Knauber missed Three Point Jumper.,57,45,12,0,0.9390747545973134,0.9390747545973134,New Mexico State,Boise State,4,4,NA,270310166,2007-01-31
219,2,9:25,565,565,Kenny Wilson Defensive Rebound.,57,45,12,3,0.9390747545973134,0.9390747545973134,New Mexico State,Boise State,4,4,NA,270310166,2007-01-31
220,2,9:22,562,562,Foul on Justin Hawkins,57,45,12,19,0.9395794738382767,0.9395794738382767,New Mexico State,Boise State,4,4,NA,270310166,2007-01-31
221,2,9:03,543,543,Coby Karl missed Two Point Layup.,57,45,12,0,0.9429142877568932,0.9429142877568932,New Mexico State,Boise State,4,4,NA,270310166,2007-01-31
222,2,9:03,543,543,Matt Nelson Offensive Rebound.,57,45,12,18,0.9429142877568932,0.9429142877568932,New Mexico State,Boise State,4,4,NA,270310166,2007-01-31
223,2,8:45,525,525,Seth Robinson made Two Point Jumper.,57,47,10,21,0.91520651768378,0.91520651768378,New Mexico State,Boise State,4,4,NA,270310166,2007-01-31
224,2,8:24,504,504,Foul on Coby Karl,57,47,10,0,0.9184708500324708,0.9184708500324708,New Mexico State,Boise State,4,4,NA,270310166,2007-01-31
225,2,8:24,504,504,Hatila Passos missed Free Throw.,57,47,10,0,0.9184708500324708,0.9184708500324708,New Mexico State,Boise State,4,4,NA,270310166,2007-01-31
226,2,8:24,504,504,null,57,47,10,7,0.9184708500324708,0.9184708500324708,New Mexico State,Boise State,4,4,NA,270310166,2007-01-31
227,2,8:17,497,497,Matt Bauscher made Two Point Layup.,57,49,8,0,0.8752933584520102,0.8752933584520102,New Mexico State,Boise State,4,4,NA,270310166,2007-01-31
228,2,8:17,497,497,Foul on Justin Hawkins,57,49,8,0,0.8752933584520102,0.8752933584520102,New Mexico State,Boise State,4,4,NA,270310166,2007-01-31
229,2,8:17,497,497,Matt Bauscher made Free Throw.,57,50,7,22,0.846189318792694,0.846189318792694,New Mexico State,Boise State,4,4,NA,270310166,2007-01-31
230,2,7:55,475,475,Hatila Passos made Two Point Dunk Shot.  Assisted by Justin Hawkins.,59,50,9,12,0.903321092750534,0.903321092750534,New Mexico State,Boise State,4,4,NA,270310166,2007-01-31
231,2,7:43,463,463,Matt Nelson made Two Point Jumper.,59,52,7,0,0.8530978914772263,0.8530978914772263,New Mexico State,Boise State,4,4,NA,270310166,2007-01-31
232,2,7:43,463,463,Foul on Hatila Passos,59,52,7,0,0.8530978914772263,0.8530978914772263,New Mexico State,Boise State,4,4,NA,270310166,2007-01-31
233,2,7:43,463,463,Official TV Timeout.,59,52,7,0,0.8530978914772263,0.8530978914772263,New Mexico State,Boise State,4,4,NA,270310166,2007-01-31
234,2,7:43,463,463,Matt Nelson missed Free Throw.,59,52,7,0,0.8530978914772263,0.8530978914772263,New Mexico State,Boise State,4,4,NA,270310166,2007-01-31
235,2,7:43,463,463,Matt Nelson Offensive Rebound.,59,52,7,23,0.8530978914772263,0.8530978914772263,New Mexico State,Boise State,4,4,NA,270310166,2007-01-31
236,2,7:20,440,440,Matt Nelson missed Two Point Layup.,59,52,7,0,0.8592989641814819,0.8592989641814819,New Mexico State,Boise State,4,4,NA,270310166,2007-01-31
237,2,7:20,440,440,Tyrone Nelson Defensive Rebound.,59,52,7,10,0.8592989641814819,0.8592989641814819,New Mexico State,Boise State,4,4,NA,270310166,2007-01-31
238,2,7:10,430,430,Fred Peete made Three Point Jumper.  Assisted by David Fisher.,62,52,10,10,0.9323965371184876,0.9323965371184876,New Mexico State,Boise State,4,4,NA,270310166,2007-01-31
239,2,7:00,420,420,Foul on Tyrone Nelson,62,52,10,0,0.9349003117913721,0.9349003117913721,New Mexico State,Boise State,4,4,NA,270310166,2007-01-31
240,2,7:00,420,420,Matt Nelson made Free Throw.,62,53,9,0,0.916679870152201,0.916679870152201,New Mexico State,Boise State,4,4,NA,270310166,2007-01-31
241,2,7:00,420,420,Matt Nelson made Free Throw.,62,54,8,14,0.8939383340800587,0.8939383340800587,New Mexico State,Boise State,4,4,NA,270310166,2007-01-31
242,2,6:46,406,406,Reggie Larry Steal.,62,54,8,3,0.8978813468991427,0.8978813468991427,New Mexico State,Boise State,4,4,NA,270310166,2007-01-31
243,2,6:43,403,403,Eric Lane made Two Point Layup.,62,56,6,5,0.8371292964237941,0.8371292964237941,New Mexico State,Boise State,4,4,NA,270310166,2007-01-31
244,2,6:38,398,398,Foul on Reggie Larry,62,56,6,0,0.8386130548035503,0.8386130548035503,New Mexico State,Boise State,4,4,NA,270310166,2007-01-31
245,2,6:38,398,398,Shaun Davis missed Free Throw.,62,56,6,0,0.8386130548035503,0.8386130548035503,New Mexico State,Boise State,4,4,NA,270310166,2007-01-31
246,2,6:38,398,398,null,62,56,6,0,0.8386130548035503,0.8386130548035503,New Mexico State,Boise State,4,4,NA,270310166,2007-01-31
247,2,6:38,398,398,Shaun Davis made Free Throw.,63,56,7,37,0.8724283047865785,0.8724283047865785,New Mexico State,Boise State,4,4,NA,270310166,2007-01-31
248,2,6:01,361,361,Eric Lane missed Three Point Jumper.,63,56,7,0,0.8830874173660618,0.8830874173660618,New Mexico State,Boise State,4,4,NA,270310166,2007-01-31
249,2,6:01,361,361,Tyrone Nelson Defensive Rebound.,63,56,7,17,0.8830874173660618,0.8830874173660618,New Mexico State,Boise State,4,4,NA,270310166,2007-01-31
250,2,5:44,344,344,Justin Hawkins missed Two Point Jumper.,63,56,7,0,0.888652079962683,0.888652079962683,New Mexico State,Boise State,4,4,NA,270310166,2007-01-31
251,2,5:44,344,344,Eric Lane Defensive Rebound.,63,56,7,6,0.888652079962683,0.888652079962683,New Mexico State,Boise State,4,4,NA,270310166,2007-01-31
252,2,5:38,338,338,Eric Lane missed Two Point Layup.,63,56,7,2,0.8907922004310913,0.8907922004310913,New Mexico State,Boise State,4,4,NA,270310166,2007-01-31
253,2,5:36,336,336,Reggie Larry Offensive Rebound.,63,56,7,7,0.8915287941694973,0.8915287941694973,New Mexico State,Boise State,4,4,NA,270310166,2007-01-31
254,2,5:29,329,329,Shaun Davis missed Two Point Jumper.,63,56,7,0,0.8942036542231793,0.8942036542231793,New Mexico State,Boise State,4,4,NA,270310166,2007-01-31
255,2,5:29,329,329,Boise State Defensive Rebound.,63,56,7,15,0.8942036542231793,0.8942036542231793,New Mexico State,Boise State,4,4,NA,270310166,2007-01-31
256,2,5:14,314,314,Reggie Larry missed Two Point Jumper.,63,56,7,2,0.9004760837047355,0.9004760837047355,New Mexico State,Boise State,4,4,NA,270310166,2007-01-31
257,2,5:12,312,312,Reggie Larry Offensive Rebound.,63,56,7,2,0.9013704887408247,0.9013704887408247,New Mexico State,Boise State,4,4,NA,270310166,2007-01-31
258,2,5:10,310,310,Reggie Larry missed Two Point Jumper.,63,56,7,0,0.9022787903485991,0.9022787903485991,New Mexico State,Boise State,4,4,NA,270310166,2007-01-31
259,2,5:10,310,310,Reggie Larry Offensive Rebound.,63,56,7,0,0.9022787903485991,0.9022787903485991,New Mexico State,Boise State,4,4,NA,270310166,2007-01-31
260,2,5:10,310,310,Foul on Justin Hawkins,63,56,7,0,0.9022787903485991,0.9022787903485991,New Mexico State,Boise State,4,4,NA,270310166,2007-01-31
261,2,5:10,310,310,Reggie Larry missed Free Throw.,63,56,7,0,0.9022787903485991,0.9022787903485991,New Mexico State,Boise State,4,4,NA,270310166,2007-01-31
262,2,5:10,310,310,Tyrone Nelson Defensive Rebound.,63,56,7,28,0.9022787903485991,0.9022787903485991,New Mexico State,Boise State,4,4,NA,270310166,2007-01-31
263,2,4:42,282,282,Tyrone Nelson missed Two Point Jumper.,63,56,7,0,0.9064601911312894,0.9064601911312894,New Mexico State,Boise State,4,4,NA,270310166,2007-01-31
264,2,4:42,282,282,Martin Iti Offensive Rebound.,63,56,7,3,0.9064601911312894,0.9064601911312894,New Mexico State,Boise State,4,4,NA,270310166,2007-01-31
265,2,4:39,279,279,Martin Iti made Two Point Layup.,65,56,9,2,0.9486271070243454,0.9486271070243454,New Mexico State,Boise State,4,4,NA,270310166,2007-01-31
266,2,4:37,277,277,Foul on Shaun Davis,65,56,9,0,0.9484572161005834,0.9484572161005834,New Mexico State,Boise State,4,4,NA,270310166,2007-01-31
267,2,4:37,277,277,Anthony Thomas made Free Throw.,65,57,8,0,0.9301386920873754,0.9301386920873754,New Mexico State,Boise State,4,4,NA,270310166,2007-01-31
268,2,4:37,277,277,Anthony Thomas made Free Throw.,65,58,7,27,0.9059552370472503,0.9059552370472503,New Mexico State,Boise State,4,4,NA,270310166,2007-01-31
269,2,4:10,250,250,Tyrone Nelson made Two Point Jumper.,67,58,9,27,0.9450305860336022,0.9450305860336022,New Mexico State,Boise State,4,4,NA,270310166,2007-01-31
270,2,3:43,223,223,Matt Nelson missed Two Point Jumper.,67,58,9,0,0.9453087697829458,0.9453087697829458,New Mexico State,Boise State,4,4,NA,270310166,2007-01-31
271,2,3:43,223,223,Reggie Larry Offensive Rebound.,67,58,9,5,0.9453087697829458,0.9453087697829458,New Mexico State,Boise State,4,4,NA,270310166,2007-01-31
272,2,3:38,218,218,Reggie Larry made Two Point Layup.,67,60,7,12,0.9032320137923051,0.9032320137923051,New Mexico State,Boise State,4,4,NA,270310166,2007-01-31
273,2,3:26,206,206,Tyrone Nelson missed Two Point Jumper.,67,60,7,0,0.9093152573649573,0.9093152573649573,New Mexico State,Boise State,4,4,NA,270310166,2007-01-31
274,2,3:26,206,206,Matt Nelson Defensive Rebound.,67,60,7,19,0.9093152573649573,0.9093152573649573,New Mexico State,Boise State,4,4,NA,270310166,2007-01-31
275,2,3:07,187,187,Matt Nelson made Two Point Layup.,67,62,5,12,0.8587911715691336,0.8587911715691336,New Mexico State,Boise State,4,4,NA,270310166,2007-01-31
276,2,2:55,175,175,New Mexico State 20 Second Timeout.,67,62,5,21,0.8734799329432632,0.8734799329432632,New Mexico State,Boise State,4,3,NA,270310166,2007-01-31
277,2,2:34,154,154,Shaun Davis missed Three Point Jumper.,67,62,5,0,0.8976096538831241,0.8976096538831241,New Mexico State,Boise State,4,3,NA,270310166,2007-01-31
278,2,2:34,154,154,Tyrone Nelson Offensive Rebound.,67,62,5,4,0.8976096538831241,0.8976096538831241,New Mexico State,Boise State,4,3,NA,270310166,2007-01-31
279,2,2:30,150,150,Tyrone Nelson missed Two Point Layup.,67,62,5,0,0.9020693646787525,0.9020693646787525,New Mexico State,Boise State,4,3,NA,270310166,2007-01-31
280,2,2:30,150,150,Anthony Thomas Defensive Rebound.,67,62,5,4,0.9020693646787525,0.9020693646787525,New Mexico State,Boise State,4,3,NA,270310166,2007-01-31
281,2,2:26,146,146,Foul on Tyrone Nelson,67,62,5,0,0.9064963112161142,0.9064963112161142,New Mexico State,Boise State,4,3,NA,270310166,2007-01-31
282,2,2:26,146,146,Official TV Timeout.,67,62,5,0,0.9064963112161142,0.9064963112161142,New Mexico State,Boise State,4,3,NA,270310166,2007-01-31
283,2,2:26,146,146,Anthony Thomas missed Free Throw.,67,62,5,0,0.9064963112161142,0.9064963112161142,New Mexico State,Boise State,4,3,NA,270310166,2007-01-31
284,2,2:26,146,146,null,67,62,5,0,0.9064963112161142,0.9064963112161142,New Mexico State,Boise State,4,3,NA,270310166,2007-01-31
285,2,2:26,146,146,Anthony Thomas made Free Throw.,67,63,4,29,0.8602380888926301,0.8602380888926301,New Mexico State,Boise State,4,3,NA,270310166,2007-01-31
286,2,1:57,117,117,David Fisher missed Two Point Jumper.,67,63,4,0,0.8971196403848772,0.8971196403848772,New Mexico State,Boise State,4,3,NA,270310166,2007-01-31
287,2,1:57,117,117,Eric Lane Defensive Rebound.,67,63,4,6,0.8971196403848772,0.8971196403848772,New Mexico State,Boise State,4,3,NA,270310166,2007-01-31
288,2,1:51,111,111,Foul on Fred Peete,67,63,4,0,0.9048028463176494,0.9048028463176494,New Mexico State,Boise State,4,3,NA,270310166,2007-01-31
289,2,1:51,111,111,Coby Karl made Free Throw.,67,64,3,0,0.8440696090618126,0.8440696090618126,New Mexico State,Boise State,4,3,NA,270310166,2007-01-31
290,2,1:51,111,111,Coby Karl made Free Throw.,67,65,2,25,0.7550784163086218,0.7550784163086218,New Mexico State,Boise State,4,3,NA,270310166,2007-01-31
291,2,1:26,86,86,Tyrone Nelson made Two Point Layup.  Assisted by Justin Hawkins.,69,65,4,0,0.9353471734360477,0.9353471734360477,New Mexico State,Boise State,4,3,NA,270310166,2007-01-31
292,2,1:26,86,86,Foul on Matt Nelson,69,65,4,0,0.9353471734360477,0.9353471734360477,New Mexico State,Boise State,4,3,NA,270310166,2007-01-31
293,2,1:26,86,86,Tyrone Nelson made Free Throw.,70,65,5,15,0.9657711296302303,0.9657711296302303,New Mexico State,Boise State,4,3,NA,270310166,2007-01-31
294,2,1:11,71,71,Foul on Tyrone Nelson,70,65,5,0,0.9758208512117809,0.9758208512117809,New Mexico State,Boise State,4,3,NA,270310166,2007-01-31
295,2,1:11,71,71,Coby Karl made Free Throw.,70,66,4,0,0.9506510557530906,0.9506510557530906,New Mexico State,Boise State,4,3,NA,270310166,2007-01-31
296,2,1:11,71,71,Coby Karl made Free Throw.,70,67,3,6,0.901913867077444,0.901913867077444,New Mexico State,Boise State,4,3,NA,270310166,2007-01-31
297,2,1:05,65,65,New Mexico State 20 Second Timeout.,70,67,3,24,0.9097965570007291,0.9097965570007291,New Mexico State,Boise State,4,2,NA,270310166,2007-01-31
298,2,0:41,41,41,Fred Peete made Two Point Jumper.,72,67,5,8,0.9892205771948825,0.9892205771948825,New Mexico State,Boise State,4,2,NA,270310166,2007-01-31
299,2,0:33,33,33,Foul on Tyrone Nelson,72,67,5,0,0.9915324896539068,0.9915324896539068,New Mexico State,Boise State,4,2,NA,270310166,2007-01-31
300,2,0:33,33,33,Coby Karl missed Free Throw.,72,67,5,0,0.9915324896539068,0.9915324896539068,New Mexico State,Boise State,4,2,NA,270310166,2007-01-31
301,2,0:33,33,33,null,72,67,5,0,0.9915324896539068,0.9915324896539068,New Mexico State,Boise State,4,2,NA,270310166,2007-01-31
302,2,0:33,33,33,Boise State 20 Second Timeout.,72,67,5,0,0.9915324896539068,0.9915324896539068,New Mexico State,Boise State,3,2,NA,270310166,2007-01-31
303,2,0:33,33,33,Coby Karl made Free Throw.,72,68,4,5,0.9783404690357789,0.9783404690357789,New Mexico State,Boise State,3,2,NA,270310166,2007-01-31
304,2,0:28,28,28,Justin Hawkins made Two Point Jumper.  Assisted by Shaun Davis.,74,68,6,14,0.99727880563173,0.99727880563173,New Mexico State,Boise State,3,2,NA,270310166,2007-01-31
305,2,0:14,14,14,Foul on Anthony Thomas,74,68,6,0,0.9984322413329534,0.9984322413329534,New Mexico State,Boise State,3,2,NA,270310166,2007-01-31
306,2,0:14,14,14,Ted Knauber made Free Throw.,75,68,7,0,0.9994649574914116,0.9994649574914116,New Mexico State,Boise State,3,2,NA,270310166,2007-01-31
307,2,0:14,14,14,Ted Knauber made Free Throw.,76,68,8,6,0.9998175257600757,0.9998175257600757,New Mexico State,Boise State,3,2,NA,270310166,2007-01-31
308,2,0:08,8,8,Coby Karl missed Three Point Jumper.,76,68,8,0,0.9998696554629153,0.9998696554629153,New Mexico State,Boise State,3,2,NA,270310166,2007-01-31
309,2,0:08,8,8,New Mexico State Defensive Rebou.,76,68,8,1,0.9998696554629153,0.9998696554629153,New Mexico State,Boise State,3,2,NA,270310166,2007-01-31
310,2,0:07,7,7,New Mexico State Full Timeout.,76,68,8,0,0.9998768875463498,0.9998768875463498,New Mexico State,Boise State,3,1,NA,270310166,2007-01-31
311,2,0:07,7,7,Foul on Anthony Thomas,76,68,8,0,0.9998768875463498,0.9998768875463498,New Mexico State,Boise State,3,1,NA,270310166,2007-01-31
312,2,0:07,7,7,Ted Knauber made Free Throw.,77,68,9,0,0.9999600393508664,0.9999600393508664,New Mexico State,Boise State,3,1,NA,270310166,2007-01-31
313,2,0:07,7,7,Ted Knauber made Free Throw.,78,68,10,4,0.9999870300384438,0.9999870300384438,New Mexico State,Boise State,3,1,NA,270310166,2007-01-31
314,2,0:03,3,3,Anthony Thomas missed Three Point Jumper.,78,68,10,0,0.9999902805722943,0.9999902805722943,New Mexico State,Boise State,3,1,NA,270310166,2007-01-31
315,2,0:03,3,3,Coby Karl Offensive Rebound.,78,68,10,3,0.9999902805722943,0.9999902805722943,New Mexico State,Boise State,3,1,NA,270310166,2007-01-31
316,2,0:00,0,0,End Game,78,68,10,0,1,1,New Mexico State,Boise State,3,1,NA,270310166,2007-01-31
