play_id,half,time_remaining_half,secs_remaining,secs_remaining_absolute,description,home_score,away_score,score_diff,play_length,win_prob,naive_win_prob,home,away,home_time_out_remaining,away_time_out_remaining,home_favored_by,game_id,date
1,1,20:00,2400,2400,PLAY,0,0,0,21,0.8796737915207885,0.5,Florida Gulf Coast,Kennesaw State,4,4,12.4,400918781,2017-02-11
2,1,19:39,2379,2379,Foul on Jordan Jones.,0,0,0,0,0.8792289100642746,0.5,Florida Gulf Coast,Kennesaw State,4,4,12.4,400918781,2017-02-11
3,1,19:39,2379,2379,Reggie Reid made Free Throw.,1,0,1,0,0.8883822481406451,0.5222786527948562,Florida Gulf Coast,Kennesaw State,4,4,12.4,400918781,2017-02-11
4,1,19:39,2379,2379,Reggie Reid made Free Throw.,2,0,2,16,0.8969231781663894,0.5444690188682871,Florida Gulf Coast,Kennesaw State,4,4,12.4,400918781,2017-02-11
5,1,19:23,2363,2363,Kendrick Ray missed Jumper.,2,0,2,0,0.896748208892227,0.5448106339192909,Florida Gulf Coast,Kennesaw State,4,4,12.4,400918781,2017-02-11
6,1,19:23,2363,2363,Marc-Eddy Norelia Defensive Rebound.,2,0,2,26,0.896748208892227,0.5448106339192909,Florida Gulf Coast,Kennesaw State,4,4,12.4,400918781,2017-02-11
7,1,18:57,2337,2337,Zach Johnson made Jumper.,4,0,4,38,0.9121696387015483,0.5900049477728553,Florida Gulf Coast,Kennesaw State,4,4,12.4,400918781,2017-02-11
8,1,18:19,2299,2299,Kennesaw St  Turnover.,4,0,4,27,0.9120474452695824,0.5916365717184265,Florida Gulf Coast,Kennesaw State,4,4,12.4,400918781,2017-02-11
9,1,17:52,2272,2272,Brandon Goodwin made Three Point Jumper. Assisted by Marc-Eddy Norelia.,7,0,7,18,0.9320969357088102,0.6586556772019285,Florida Gulf Coast,Kennesaw State,4,4,12.4,400918781,2017-02-11
10,1,17:34,2254,2254,Foul on Reggie Reid.,7,0,7,3,0.9321947648913707,0.6599436823930427,Florida Gulf Coast,Kennesaw State,4,4,12.4,400918781,2017-02-11
11,1,17:31,2251,2251,Aubrey Williams missed Layup.,7,0,7,0,0.9322107284520557,0.6601589468254679,Florida Gulf Coast,Kennesaw State,4,4,12.4,400918781,2017-02-11
12,1,17:31,2251,2251,Demetris Morant Defensive Rebound.,7,0,7,8,0.9322107284520557,0.6601589468254679,Florida Gulf Coast,Kennesaw State,4,4,12.4,400918781,2017-02-11
13,1,17:23,2243,2243,Brandon Goodwin missed Layup.,7,0,7,0,0.9322527933325507,0.6607337442062403,Florida Gulf Coast,Kennesaw State,4,4,12.4,400918781,2017-02-11
14,1,17:23,2243,2243,Jordan Jones Defensive Rebound.,7,0,7,11,0.9322527933325507,0.6607337442062403,Florida Gulf Coast,Kennesaw State,4,4,12.4,400918781,2017-02-11
15,1,17:12,2232,2232,Kendrick Ray missed Jumper.,7,0,7,0,0.9323093839727464,0.6615257585504299,Florida Gulf Coast,Kennesaw State,4,4,12.4,400918781,2017-02-11
16,1,17:12,2232,2232,Demetris Morant Defensive Rebound.,7,0,7,17,0.9323093839727464,0.6615257585504299,Florida Gulf Coast,Kennesaw State,4,4,12.4,400918781,2017-02-11
17,1,16:55,2215,2215,Marc-Eddy Norelia made Jumper.,9,0,9,37,0.9435918815328894,0.7044568073817492,Florida Gulf Coast,Kennesaw State,4,4,12.4,400918781,2017-02-11
18,1,16:18,2178,2178,Kennesaw St  Turnover.,9,0,9,17,0.9439171886747051,0.7076641409767795,Florida Gulf Coast,Kennesaw State,4,4,12.4,400918781,2017-02-11
19,1,16:01,2161,2161,Zach Johnson missed Jumper.,9,0,9,0,0.9440607573074368,0.7091390768970636,Florida Gulf Coast,Kennesaw State,4,4,12.4,400918781,2017-02-11
20,1,16:01,2161,2161,Jordan Jones Block.,9,0,9,2,0.9440607573074368,0.7091390768970636,Florida Gulf Coast,Kennesaw State,4,4,12.4,400918781,2017-02-11
21,1,15:59,2159,2159,Aubrey Williams Defensive Rebound.,9,0,9,23,0.9440774538583253,0.7093127977564962,Florida Gulf Coast,Kennesaw State,4,4,12.4,400918781,2017-02-11
22,1,15:36,2136,2136,Jordan Jones missed Jumper.,9,0,9,0,0.9442669800638885,0.7113147987123748,Florida Gulf Coast,Kennesaw State,4,4,12.4,400918781,2017-02-11
23,1,15:36,2136,2136,Demetris Morant Block.,9,0,9,2,0.9442669800638885,0.7113147987123748,Florida Gulf Coast,Kennesaw State,4,4,12.4,400918781,2017-02-11
24,1,15:34,2134,2134,Kennesaw St Offensive Rebound.,9,0,9,0,0.9442832557378724,0.7114892760024809,Florida Gulf Coast,Kennesaw State,4,4,12.4,400918781,2017-02-11
25,1,15:34,2134,2134,Official TV Timeout,9,0,9,5,0.9442832557378724,0.7114892760024809,Florida Gulf Coast,Kennesaw State,4,4,12.4,400918781,2017-02-11
26,1,15:29,2129,2129,Aubrey Williams made Jumper.,9,2,7,15,0.9327587555548261,0.6690073013481805,Florida Gulf Coast,Kennesaw State,4,4,12.4,400918781,2017-02-11
27,1,15:14,2114,2114,Zach Johnson missed Jumper.,9,2,7,0,0.9328134136997638,0.6701097219791375,Florida Gulf Coast,Kennesaw State,4,4,12.4,400918781,2017-02-11
28,1,15:14,2114,2114,Nick Masterson Defensive Rebound.,9,2,7,11,0.9328134136997638,0.6701097219791375,Florida Gulf Coast,Kennesaw State,4,4,12.4,400918781,2017-02-11
29,1,15:03,2103,2103,Kendrick Ray made Three Point Jumper.,9,5,4,22,0.9110120565847472,0.6003825882484426,Florida Gulf Coast,Kennesaw State,4,4,12.4,400918781,2017-02-11
30,1,14:41,2081,2081,Demetris Morant made Dunk. Assisted by Zach Johnson.,11,5,6,0,0.926198933788088,0.6495196713436595,Florida Gulf Coast,Kennesaw State,4,4,12.4,400918781,2017-02-11
31,1,14:41,2081,2081,Foul on Nick Masterson.,11,5,6,0,0.926198933788088,0.6495196713436595,Florida Gulf Coast,Kennesaw State,4,4,12.4,400918781,2017-02-11
32,1,14:41,2081,2081,Demetris Morant made Free Throw.,12,5,7,16,0.9329264938075473,0.6725519552516336,Florida Gulf Coast,Kennesaw State,4,4,12.4,400918781,2017-02-11
33,1,14:25,2065,2065,Aubrey Williams missed Jumper.,12,5,7,0,0.932978171702692,0.673745210914745,Florida Gulf Coast,Kennesaw State,4,4,12.4,400918781,2017-02-11
34,1,14:25,2065,2065,Nick Masterson Offensive Rebound.,12,5,7,2,0.932978171702692,0.673745210914745,Florida Gulf Coast,Kennesaw State,4,4,12.4,400918781,2017-02-11
35,1,14:23,2063,2063,Nick Masterson made Layup.,12,7,5,16,0.9187943727296854,0.6267892730067947,Florida Gulf Coast,Kennesaw State,4,4,12.4,400918781,2017-02-11
36,1,14:07,2047,2047,Florida Gulf Coast  Turnover.,12,7,5,10,0.9187370815899742,0.6277025093261908,Florida Gulf Coast,Kennesaw State,4,4,12.4,400918781,2017-02-11
37,1,13:57,2037,2037,Foul on Antravious Simmons.,12,7,5,33,0.9186998531165765,0.6282763550482867,Florida Gulf Coast,Kennesaw State,4,4,12.4,400918781,2017-02-11
38,1,13:24,2004,2004,Foul on Jordan Jones.,12,7,5,0,0.9185698536928539,0.630187841021541,Florida Gulf Coast,Kennesaw State,4,4,12.4,400918781,2017-02-11
39,1,13:24,2004,2004,Jordan Jones Turnover.,12,7,5,21,0.9185698536928539,0.630187841021541,Florida Gulf Coast,Kennesaw State,4,4,12.4,400918781,2017-02-11
40,1,13:03,1983,1983,Reggie Reid missed Three Point Jumper.,12,7,5,0,0.918481948703102,0.6314193428984108,Florida Gulf Coast,Kennesaw State,4,4,12.4,400918781,2017-02-11
41,1,13:03,1983,1983,Kevin Mickle Offensive Rebound.,12,7,5,5,0.918481948703102,0.6314193428984108,Florida Gulf Coast,Kennesaw State,4,4,12.4,400918781,2017-02-11
42,1,12:58,1978,1978,Kevin Mickle missed Layup.,12,7,5,0,0.9184604817029067,0.6317143813260071,Florida Gulf Coast,Kennesaw State,4,4,12.4,400918781,2017-02-11
43,1,12:58,1978,1978,Aubrey Williams Defensive Rebound.,12,7,5,13,0.9184604817029067,0.6317143813260071,Florida Gulf Coast,Kennesaw State,4,4,12.4,400918781,2017-02-11
44,1,12:45,1965,1965,Nick Masterson missed Three Point Jumper.,12,7,5,0,0.9184037677025118,0.6324848731117076,Florida Gulf Coast,Kennesaw State,4,4,12.4,400918781,2017-02-11
45,1,12:45,1965,1965,Antravious Simmons Defensive Rebound.,12,7,5,5,0.9184037677025118,0.6324848731117076,Florida Gulf Coast,Kennesaw State,4,4,12.4,400918781,2017-02-11
46,1,12:40,1960,1960,Brandon Goodwin Turnover.,12,7,5,9,0.9183816238242334,0.6327825453354079,Florida Gulf Coast,Kennesaw State,4,4,12.4,400918781,2017-02-11
47,1,12:31,1951,1951,Kendrick Ray Turnover.,12,7,5,1,0.9183413268591827,0.6333202566542294,Florida Gulf Coast,Kennesaw State,4,4,12.4,400918781,2017-02-11
48,1,12:30,1950,1950,Brandon Goodwin Steal.,12,7,5,4,0.918336815767619,0.6333801550301884,Florida Gulf Coast,Kennesaw State,4,4,12.4,400918781,2017-02-11
49,1,12:26,1946,1946,Christian Terrell made Layup. Assisted by Kevin Mickle.,14,7,7,21,0.9333192450668464,0.6828477650685788,Florida Gulf Coast,Kennesaw State,4,4,12.4,400918781,2017-02-11
50,1,12:05,1925,1925,Kyle Clarke Turnover.,14,7,7,7,0.9333747711278334,0.6845016119650218,Florida Gulf Coast,Kennesaw State,4,4,12.4,400918781,2017-02-11
51,1,11:58,1918,1918,Official TV Timeout,14,7,7,7,0.9333918189986798,0.6850531095927159,Florida Gulf Coast,Kennesaw State,4,4,12.4,400918781,2017-02-11
52,1,11:51,1911,1911,Antravious Simmons Turnover.,14,7,7,0,0.9334076772908317,0.6856035877297296,Florida Gulf Coast,Kennesaw State,4,4,12.4,400918781,2017-02-11
53,1,11:51,1911,1911,Foul on Antravious Simmons.,14,7,7,10,0.9334076772908317,0.6856035877297296,Florida Gulf Coast,Kennesaw State,4,4,12.4,400918781,2017-02-11
54,1,11:41,1901,1901,Aubrey Williams made Layup. Assisted by Johannes Nielsen.,14,9,5,23,0.9180986459189231,0.6363350246852372,Florida Gulf Coast,Kennesaw State,4,4,12.4,400918781,2017-02-11
55,1,11:18,1878,1878,Christian Terrell Turnover.,14,9,5,24,0.9179668993931371,0.6377192408456538,Florida Gulf Coast,Kennesaw State,4,4,12.4,400918781,2017-02-11
56,1,10:54,1854,1854,Kendrick Ray made Three Point Jumper. Assisted by Nick Masterson.,14,12,2,15,0.887953914632358,0.5569262870848782,Florida Gulf Coast,Kennesaw State,4,4,12.4,400918781,2017-02-11
57,1,10:39,1839,1839,Reggie Reid Turnover.,14,12,2,24,0.8875886509509755,0.5573144007142591,Florida Gulf Coast,Kennesaw State,4,4,12.4,400918781,2017-02-11
58,1,10:15,1815,1815,James Scott missed Jumper.,14,12,2,0,0.8869911018943312,0.5579395809601588,Florida Gulf Coast,Kennesaw State,4,4,12.4,400918781,2017-02-11
59,1,10:15,1815,1815,Brandon Goodwin Defensive Rebound.,14,12,2,14,0.8869911018943312,0.5579395809601588,Florida Gulf Coast,Kennesaw State,4,4,12.4,400918781,2017-02-11
60,1,10:01,1801,1801,Demetris Morant made Jumper.,16,12,4,22,0.9081391898597425,0.6150501841763585,Florida Gulf Coast,Kennesaw State,4,4,12.4,400918781,2017-02-11
61,1,9:39,1779,1779,Foul on Demetris Morant.,16,12,4,0,0.9078663195731547,0.6161707523909243,Florida Gulf Coast,Kennesaw State,4,4,12.4,400918781,2017-02-11
62,1,9:39,1779,1779,Johannes Nielsen missed Free Throw.,16,12,4,0,0.9078663195731547,0.6161707523909243,Florida Gulf Coast,Kennesaw State,4,4,12.4,400918781,2017-02-11
63,1,9:39,1779,1779,Kennesaw St Deadball Team Rebound.,16,12,4,0,0.9078663195731547,0.6161707523909243,Florida Gulf Coast,Kennesaw State,4,4,12.4,400918781,2017-02-11
64,1,9:39,1779,1779,Johannes Nielsen made Free Throw.,16,13,3,16,0.8974792688867144,0.5878282667021548,Florida Gulf Coast,Kennesaw State,4,4,12.4,400918781,2017-02-11
65,1,9:23,1763,1763,Reggie Reid Turnover.,16,13,3,11,0.8971778219137072,0.5884618847325426,Florida Gulf Coast,Kennesaw State,4,4,12.4,400918781,2017-02-11
66,1,9:12,1752,1752,Johannes Nielsen made Jumper. Assisted by Kendrick Ray.,16,15,1,9,0.872625237820329,0.5299164848900471,Florida Gulf Coast,Kennesaw State,4,4,12.4,400918781,2017-02-11
67,1,9:03,1743,1743,Florida Gulf Coast  Timeout,16,15,1,17,0.8723074727743475,0.5300409046759667,Florida Gulf Coast,Kennesaw State,3,4,12.4,400918781,2017-02-11
68,1,8:46,1726,1726,Zach Johnson missed Three Point Jumper.,16,15,1,0,0.871701937396081,0.5302785867776377,Florida Gulf Coast,Kennesaw State,3,4,12.4,400918781,2017-02-11
69,1,8:46,1726,1726,Demetris Morant Offensive Rebound.,16,15,1,4,0.871701937396081,0.5302785867776377,Florida Gulf Coast,Kennesaw State,3,4,12.4,400918781,2017-02-11
70,1,8:42,1722,1722,Demetris Morant missed Layup.,16,15,1,0,0.8715584988777363,0.5303350513630232,Florida Gulf Coast,Kennesaw State,3,4,12.4,400918781,2017-02-11
71,1,8:42,1722,1722,Demetris Morant Offensive Rebound.,16,15,1,2,0.8715584988777363,0.5303350513630232,Florida Gulf Coast,Kennesaw State,3,4,12.4,400918781,2017-02-11
72,1,8:40,1720,1720,Demetris Morant made Layup.,18,15,3,16,0.8963558330011412,0.5902041180800407,Florida Gulf Coast,Kennesaw State,3,4,12.4,400918781,2017-02-11
73,1,8:24,1704,1704,Kendrick Ray made Layup.,18,17,1,20,0.870908811841568,0.5305918842184905,Florida Gulf Coast,Kennesaw State,3,4,12.4,400918781,2017-02-11
74,1,8:04,1684,1684,Foul on Tyler Hooker.,18,17,1,12,0.8701781802172464,0.5308822181276144,Florida Gulf Coast,Kennesaw State,3,4,12.4,400918781,2017-02-11
75,1,7:52,1672,1672,Zach Johnson Turnover.,18,17,1,0,0.8697268793543731,0.5310544015180408,Florida Gulf Coast,Kennesaw State,3,4,12.4,400918781,2017-02-11
76,1,7:52,1672,1672,Johannes Nielsen Steal.,18,17,1,0,0.8697268793543731,0.5310544015180408,Florida Gulf Coast,Kennesaw State,3,4,12.4,400918781,2017-02-11
77,1,7:52,1672,1672,Official TV Timeout,18,17,1,16,0.8697268793543731,0.5310544015180408,Florida Gulf Coast,Kennesaw State,3,4,12.4,400918781,2017-02-11
78,1,7:36,1656,1656,Johannes Nielsen missed Jumper.,18,17,1,0,0.869106516307903,0.5312798120360661,Florida Gulf Coast,Kennesaw State,3,4,12.4,400918781,2017-02-11
79,1,7:36,1656,1656,Christian Terrell Defensive Rebound.,18,17,1,21,0.869106516307903,0.5312798120360661,Florida Gulf Coast,Kennesaw State,3,4,12.4,400918781,2017-02-11
80,1,7:15,1635,1635,Demetris Morant missed Layup.,18,17,1,0,0.8682629083359137,0.5315701792514003,Florida Gulf Coast,Kennesaw State,3,4,12.4,400918781,2017-02-11
81,1,7:15,1635,1635,Aubrey Williams Defensive Rebound.,18,17,1,7,0.8682629083359137,0.5315701792514003,Florida Gulf Coast,Kennesaw State,3,4,12.4,400918781,2017-02-11
82,1,7:08,1628,1628,Tyler Hooker missed Layup.,18,17,1,0,0.8679749658734889,0.5316659798255482,Florida Gulf Coast,Kennesaw State,3,4,12.4,400918781,2017-02-11
83,1,7:08,1628,1628,Zach Johnson Defensive Rebound.,18,17,1,6,0.8679749658734889,0.5316659798255482,Florida Gulf Coast,Kennesaw State,3,4,12.4,400918781,2017-02-11
84,1,7:02,1622,1622,Foul on Kendrick Ray.,18,17,1,13,0.8677256849762145,0.5317478226305178,Florida Gulf Coast,Kennesaw State,3,4,12.4,400918781,2017-02-11
85,1,6:49,1609,1609,Christian Terrell made Jumper.,20,17,3,16,0.8939729410282864,0.5947451446509133,Florida Gulf Coast,Kennesaw State,3,4,12.4,400918781,2017-02-11
86,1,6:33,1593,1593,Kendrick Ray made Jumper.,20,19,1,31,0.8664920615354251,0.5321418082347733,Florida Gulf Coast,Kennesaw State,3,4,12.4,400918781,2017-02-11
87,1,6:02,1562,1562,Christian Terrell missed Three Point Jumper.,20,19,1,0,0.865130678373767,0.5325656726299244,Florida Gulf Coast,Kennesaw State,3,4,12.4,400918781,2017-02-11
88,1,6:02,1562,1562,Kennesaw St Defensive Rebound.,20,19,1,10,0.865130678373767,0.5325656726299244,Florida Gulf Coast,Kennesaw State,3,4,12.4,400918781,2017-02-11
89,1,5:52,1552,1552,James Scott missed Three Point Jumper.,20,19,1,0,0.8646845089006704,0.5327043127795471,Florida Gulf Coast,Kennesaw State,3,4,12.4,400918781,2017-02-11
90,1,5:52,1552,1552,Marc-Eddy Norelia Defensive Rebound.,20,19,1,4,0.8646845089006704,0.5327043127795471,Florida Gulf Coast,Kennesaw State,3,4,12.4,400918781,2017-02-11
91,1,5:48,1548,1548,Foul on Johannes Nielsen.,20,19,1,12,0.8645052978237691,0.5327601449252958,Florida Gulf Coast,Kennesaw State,3,4,12.4,400918781,2017-02-11
92,1,5:36,1536,1536,Marc-Eddy Norelia missed Jumper.,20,19,1,0,0.8639655483222357,0.5329291590523828,Florida Gulf Coast,Kennesaw State,3,4,12.4,400918781,2017-02-11
93,1,5:36,1536,1536,James Scott Defensive Rebound.,20,19,1,9,0.8639655483222357,0.5329291590523828,Florida Gulf Coast,Kennesaw State,3,4,12.4,400918781,2017-02-11
94,1,5:27,1527,1527,Tyler Hooker made Layup.,20,21,-1,0,0.829250272700966,0.4669423703625333,Florida Gulf Coast,Kennesaw State,3,4,12.4,400918781,2017-02-11
95,1,5:27,1527,1527,Foul on Christian Terrell.,20,21,-1,0,0.829250272700966,0.4669423703625333,Florida Gulf Coast,Kennesaw State,3,4,12.4,400918781,2017-02-11
96,1,5:27,1527,1527,Tyler Hooker missed Free Throw.,20,21,-1,0,0.829250272700966,0.4669423703625333,Florida Gulf Coast,Kennesaw State,3,4,12.4,400918781,2017-02-11
97,1,5:27,1527,1527,Marc-Eddy Norelia Defensive Rebound.,20,21,-1,29,0.829250272700966,0.4669423703625333,Florida Gulf Coast,Kennesaw State,3,4,12.4,400918781,2017-02-11
98,1,4:58,1498,1498,Marc-Eddy Norelia missed Layup.,20,21,-1,0,0.8271817333016515,0.4665159207295211,Florida Gulf Coast,Kennesaw State,3,4,12.4,400918781,2017-02-11
99,1,4:58,1498,1498,Johannes Nielsen Defensive Rebound.,20,21,-1,9,0.8271817333016515,0.4665159207295211,Florida Gulf Coast,Kennesaw State,3,4,12.4,400918781,2017-02-11
100,1,4:49,1489,1489,Foul on Demetris Morant.,20,21,-1,0,0.8265329659891154,0.46637896394261247,Florida Gulf Coast,Kennesaw State,3,4,12.4,400918781,2017-02-11
101,1,4:49,1489,1489,Tyler Hooker made Free Throw.,20,22,-2,0,0.8063655139165745,0.433060594158537,Florida Gulf Coast,Kennesaw State,3,4,12.4,400918781,2017-02-11
102,1,4:49,1489,1489,Tyler Hooker missed Free Throw.,20,22,-2,0,0.8063655139165745,0.433060594158537,Florida Gulf Coast,Kennesaw State,3,4,12.4,400918781,2017-02-11
103,1,4:49,1489,1489,Marc-Eddy Norelia Defensive Rebound.,20,22,-2,12,0.8063655139165745,0.433060594158537,Florida Gulf Coast,Kennesaw State,3,4,12.4,400918781,2017-02-11
104,1,4:37,1477,1477,Brandon Goodwin made Three Point Jumper. Assisted by Reggie Reid.,23,22,1,29,0.8612934658398539,0.5338076177961888,Florida Gulf Coast,Kennesaw State,3,4,12.4,400918781,2017-02-11
105,1,4:08,1448,1448,James Scott missed Jumper.,23,22,1,0,0.8599919728448548,0.5342798202247443,Florida Gulf Coast,Kennesaw State,3,4,12.4,400918781,2017-02-11
106,1,4:08,1448,1448,Johannes Nielsen Offensive Rebound.,23,22,1,5,0.8599919728448548,0.5342798202247443,Florida Gulf Coast,Kennesaw State,3,4,12.4,400918781,2017-02-11
107,1,4:03,1443,1443,James Scott made Layup. Assisted by Nick Masterson.,23,24,-1,10,0.8231769917664704,0.4656371290164746,Florida Gulf Coast,Kennesaw State,3,4,12.4,400918781,2017-02-11
108,1,3:53,1433,1433,Rayjon Tucker made Layup.,25,24,1,21,0.8593121567075511,0.5345263411042163,Florida Gulf Coast,Kennesaw State,3,4,12.4,400918781,2017-02-11
109,1,3:32,1412,1412,Tyler Hooker Turnover.,25,24,1,0,0.8583323770833308,0.5348601220288093,Florida Gulf Coast,Kennesaw State,3,4,12.4,400918781,2017-02-11
110,1,3:32,1412,1412,Official TV Timeout,25,24,1,10,0.8583323770833308,0.5348601220288093,Florida Gulf Coast,Kennesaw State,3,4,12.4,400918781,2017-02-11
111,1,3:22,1402,1402,Foul on Johannes Nielsen.,25,24,1,0,0.8578554704605857,0.5350155762619505,Florida Gulf Coast,Kennesaw State,3,4,12.4,400918781,2017-02-11
112,1,3:22,1402,1402,Brandon Goodwin made Free Throw.,26,24,2,0,0.8741194104134457,0.5696893706003575,Florida Gulf Coast,Kennesaw State,3,4,12.4,400918781,2017-02-11
113,1,3:22,1402,1402,Brandon Goodwin made Free Throw.,27,24,3,29,0.8887637554013309,0.6036928164323314,Florida Gulf Coast,Kennesaw State,3,4,12.4,400918781,2017-02-11
114,1,2:53,1373,1373,Kendrick Ray made Layup.,27,26,1,0,0.8564402936723966,0.5354592030530729,Florida Gulf Coast,Kennesaw State,3,4,12.4,400918781,2017-02-11
115,1,2:53,1373,1373,Foul on Rayjon Tucker.,27,26,1,0,0.8564402936723966,0.5354592030530729,Florida Gulf Coast,Kennesaw State,3,4,12.4,400918781,2017-02-11
116,1,2:53,1373,1373,Kendrick Ray missed Free Throw.,27,26,1,0,0.8564402936723966,0.5354592030530729,Florida Gulf Coast,Kennesaw State,3,4,12.4,400918781,2017-02-11
117,1,2:53,1373,1373,Rayjon Tucker Defensive Rebound.,27,26,1,13,0.8564402936723966,0.5354592030530729,Florida Gulf Coast,Kennesaw State,3,4,12.4,400918781,2017-02-11
118,1,2:40,1360,1360,Foul on Zach Cameron.,27,26,1,0,0.8557927741555267,0.5356569156853563,Florida Gulf Coast,Kennesaw State,3,4,12.4,400918781,2017-02-11
119,1,2:40,1360,1360,Rayjon Tucker made Free Throw.,28,26,2,0,0.8725445827544603,0.5709529884150905,Florida Gulf Coast,Kennesaw State,3,4,12.4,400918781,2017-02-11
120,1,2:40,1360,1360,Rayjon Tucker made Free Throw.,29,26,3,15,0.8876059908931384,0.60554183561574,Florida Gulf Coast,Kennesaw State,3,4,12.4,400918781,2017-02-11
121,1,2:25,1345,1345,Aubrey Williams Turnover.,29,26,3,8,0.88718000749261,0.6062019703805133,Florida Gulf Coast,Kennesaw State,3,4,12.4,400918781,2017-02-11
122,1,2:17,1337,1337,Reggie Reid Turnover.,29,26,3,14,0.8869517626655975,0.60655679962203,Florida Gulf Coast,Kennesaw State,3,4,12.4,400918781,2017-02-11
123,1,2:03,1323,1323,Kendrick Ray Turnover.,29,26,3,0,0.8865521561145814,0.6071850323169093,Florida Gulf Coast,Kennesaw State,3,4,12.4,400918781,2017-02-11
124,1,2:03,1323,1323,Marc-Eddy Norelia Steal.,29,26,3,17,0.8865521561145814,0.6071850323169093,Florida Gulf Coast,Kennesaw State,3,4,12.4,400918781,2017-02-11
125,1,1:46,1306,1306,Brandon Goodwin missed Jumper.,29,26,3,0,0.8860695086868682,0.6079651424043253,Florida Gulf Coast,Kennesaw State,3,4,12.4,400918781,2017-02-11
126,1,1:46,1306,1306,Aubrey Williams Defensive Rebound.,29,26,3,3,0.8860695086868682,0.6079651424043253,Florida Gulf Coast,Kennesaw State,3,4,12.4,400918781,2017-02-11
127,1,1:43,1303,1303,Foul on Kevin Mickle.,29,26,3,0,0.8859849202280451,0.6081052487900445,Florida Gulf Coast,Kennesaw State,3,4,12.4,400918781,2017-02-11
128,1,1:43,1303,1303,Aubrey Williams made Free Throw.,29,27,2,0,0.8703342850328908,0.5727067127548495,Florida Gulf Coast,Kennesaw State,3,4,12.4,400918781,2017-02-11
129,1,1:43,1303,1303,Aubrey Williams missed Free Throw.,29,27,2,0,0.8703342850328908,0.5727067127548495,Florida Gulf Coast,Kennesaw State,3,4,12.4,400918781,2017-02-11
130,1,1:43,1303,1303,Marc-Eddy Norelia Defensive Rebound.,29,27,2,10,0.8703342850328908,0.5727067127548495,Florida Gulf Coast,Kennesaw State,3,4,12.4,400918781,2017-02-11
131,1,1:33,1293,1293,Foul on Kendrick Ray.,29,27,2,0,0.8699464528998339,0.573030700363952,Florida Gulf Coast,Kennesaw State,3,4,12.4,400918781,2017-02-11
132,1,1:33,1293,1293,Zach Johnson made Free Throw.,30,27,3,0,0.8857047846371042,0.6085784632491817,Florida Gulf Coast,Kennesaw State,3,4,12.4,400918781,2017-02-11
133,1,1:33,1293,1293,Zach Johnson made Free Throw.,31,27,4,14,0.8997736925765688,0.643010425914239,Florida Gulf Coast,Kennesaw State,3,4,12.4,400918781,2017-02-11
134,1,1:19,1279,1279,James Scott missed Layup.,31,27,4,0,0.8995158143808737,0.6438847015337722,Florida Gulf Coast,Kennesaw State,3,4,12.4,400918781,2017-02-11
135,1,1:19,1279,1279,Rayjon Tucker Block.,31,27,4,0,0.8995158143808737,0.6438847015337722,Florida Gulf Coast,Kennesaw State,3,4,12.4,400918781,2017-02-11
136,1,1:19,1279,1279,Kennesaw St Offensive Rebound.,31,27,4,2,0.8995158143808737,0.6438847015337722,Florida Gulf Coast,Kennesaw State,3,4,12.4,400918781,2017-02-11
137,1,1:17,1277,1277,Foul on Brandon Goodwin.,31,27,4,0,0.8994798753364948,0.6440120269472533,Florida Gulf Coast,Kennesaw State,3,4,12.4,400918781,2017-02-11
138,1,1:17,1277,1277,Tyler Hooker made Free Throw.,31,28,3,0,0.8852641569277435,0.6093582229396886,Florida Gulf Coast,Kennesaw State,3,4,12.4,400918781,2017-02-11
139,1,1:17,1277,1277,Tyler Hooker made Free Throw.,31,29,2,14,0.8693300864236035,0.5735647334081794,Florida Gulf Coast,Kennesaw State,3,4,12.4,400918781,2017-02-11
140,1,1:03,1263,1263,Rayjon Tucker made Three Point Jumper.,34,29,5,26,0.9119723872745787,0.6783046202893184,Florida Gulf Coast,Kennesaw State,3,4,12.4,400918781,2017-02-11
141,1,0:37,1237,1237,Nick Masterson missed Jumper.,34,29,5,0,0.9117648312681028,0.680436980733746,Florida Gulf Coast,Kennesaw State,3,4,12.4,400918781,2017-02-11
142,1,0:37,1237,1237,Zach Johnson Defensive Rebound.,34,29,5,28,0.9117648312681028,0.680436980733746,Florida Gulf Coast,Kennesaw State,3,4,12.4,400918781,2017-02-11
143,1,0:09,1209,1209,Brandon Goodwin made Jumper.,36,29,7,6,0.9334278909993226,0.7454025326099278,Florida Gulf Coast,Kennesaw State,3,4,12.4,400918781,2017-02-11
144,1,0:03,1203,1203,Tyler Hooker missed Three Point Jumper.,36,29,7,0,0.9334754978383402,0.7460834076926617,Florida Gulf Coast,Kennesaw State,3,4,12.4,400918781,2017-02-11
145,1,0:03,1203,1203,Florida Gulf Coast Defensive Rebound.,36,29,7,3,0.9334754978383402,0.7460834076926617,Florida Gulf Coast,Kennesaw State,3,4,12.4,400918781,2017-02-11
146,1,0:00,1200,1200,End of 1st half,36,29,7,0,0.9334984579423745,0.7464201950257411,Florida Gulf Coast,Kennesaw State,3,4,12.4,400918781,2017-02-11
147,2,20:00,1200,1200,PLAY,36,29,7,16,0.9334984579423745,0.7464201950257411,Florida Gulf Coast,Kennesaw State,4,4,12.4,400918781,2017-02-11
148,2,19:44,1184,1184,Nick Masterson made Three Point Jumper. Assisted by Jordan Jones.,36,32,4,24,0.8981532513781576,0.6507290831626316,Florida Gulf Coast,Kennesaw State,4,4,12.4,400918781,2017-02-11
149,2,19:20,1160,1160,Zach Johnson missed Jumper.,36,32,4,0,0.897845052742682,0.6524915313092159,Florida Gulf Coast,Kennesaw State,4,4,12.4,400918781,2017-02-11
150,2,19:20,1160,1160,Demetris Morant Offensive Rebound.,36,32,4,5,0.897845052742682,0.6524915313092159,Florida Gulf Coast,Kennesaw State,4,4,12.4,400918781,2017-02-11
151,2,19:15,1155,1155,Demetris Morant missed Layup.,36,32,4,0,0.8977796184268338,0.6528531907838526,Florida Gulf Coast,Kennesaw State,4,4,12.4,400918781,2017-02-11
152,2,19:15,1155,1155,Jordan Jones Block.,36,32,4,1,0.8977796184268338,0.6528531907838526,Florida Gulf Coast,Kennesaw State,4,4,12.4,400918781,2017-02-11
153,2,19:14,1154,1154,Aubrey Williams Defensive Rebound.,36,32,4,19,0.8977665016274387,0.6529253691876516,Florida Gulf Coast,Kennesaw State,4,4,12.4,400918781,2017-02-11
154,2,18:55,1135,1135,Kendrick Ray missed Jumper.,36,32,4,0,0.8975164906443865,0.654290967237989,Florida Gulf Coast,Kennesaw State,4,4,12.4,400918781,2017-02-11
155,2,18:55,1135,1135,Jordan Jones Offensive Rebound.,36,32,4,14,0.8975164906443865,0.654290967237989,Florida Gulf Coast,Kennesaw State,4,4,12.4,400918781,2017-02-11
156,2,18:41,1121,1121,Jordan Jones missed Jumper.,36,32,4,0,0.8973331432014341,0.6552966287205189,Florida Gulf Coast,Kennesaw State,4,4,12.4,400918781,2017-02-11
157,2,18:41,1121,1121,Kyle Clarke Offensive Rebound.,36,32,4,4,0.8973331432014341,0.6552966287205189,Florida Gulf Coast,Kennesaw State,4,4,12.4,400918781,2017-02-11
158,2,18:37,1117,1117,Kyle Clarke made Layup.,36,34,2,0,0.8636018865649363,0.5797726682355421,Florida Gulf Coast,Kennesaw State,4,4,12.4,400918781,2017-02-11
159,2,18:37,1117,1117,Foul on Rayjon Tucker.,36,34,2,0,0.8636018865649363,0.5797726682355421,Florida Gulf Coast,Kennesaw State,4,4,12.4,400918781,2017-02-11
160,2,18:37,1117,1117,Kyle Clarke made Free Throw.,36,35,1,12,0.8435145143318138,0.5401434407631966,Florida Gulf Coast,Kennesaw State,4,4,12.4,400918781,2017-02-11
161,2,18:25,1105,1105,Brandon Goodwin missed Jumper.,36,35,1,0,0.84291155957892006,0.5403828526452518,Florida Gulf Coast,Kennesaw State,4,4,12.4,400918781,2017-02-11
162,2,18:25,1105,1105,Jordan Jones Defensive Rebound.,36,35,1,13,0.84291155957892006,0.5403828526452518,Florida Gulf Coast,Kennesaw State,4,4,12.4,400918781,2017-02-11
163,2,18:12,1092,1092,Nick Masterson Turnover.,36,35,1,1,0.8422567337626244,0.5406459261642769,Florida Gulf Coast,Kennesaw State,4,4,12.4,400918781,2017-02-11
164,2,18:11,1091,1091,Brandon Goodwin Steal.,36,35,1,25,0.8422062879316783,0.5406663635561361,Florida Gulf Coast,Kennesaw State,4,4,12.4,400918781,2017-02-11
165,2,17:46,1066,1066,Brandon Goodwin missed Layup.,36,35,1,0,0.8409413518314413,0.5411894919213052,Florida Gulf Coast,Kennesaw State,4,4,12.4,400918781,2017-02-11
166,2,17:46,1066,1066,Kyle Clarke Defensive Rebound.,36,35,1,23,0.8409413518314413,0.5411894919213052,Florida Gulf Coast,Kennesaw State,4,4,12.4,400918781,2017-02-11
167,2,17:23,1043,1043,Aubrey Williams made Jumper.,36,37,-1,16,0.7895415083851531,0.45830241321201487,Florida Gulf Coast,Kennesaw State,4,4,12.4,400918781,2017-02-11
168,2,17:07,1027,1027,Marc-Eddy Norelia Turnover.,36,37,-1,1,0.7880286031784578,0.4579292930663841,Florida Gulf Coast,Kennesaw State,4,4,12.4,400918781,2017-02-11
169,2,17:06,1026,1026,Aubrey Williams Steal.,36,37,-1,0,0.7879329300679213,0.4579053607004155,Florida Gulf Coast,Kennesaw State,4,4,12.4,400918781,2017-02-11
170,2,17:06,1026,1026,Foul on Marc-Eddy Norelia.,36,37,-1,6,0.7879329300679213,0.4579053607004155,Florida Gulf Coast,Kennesaw State,4,4,12.4,400918781,2017-02-11
171,2,17:00,1020,1020,Kyle Clarke missed Layup.,36,37,-1,0,0.7873559540622175,0.4577601447576344,Florida Gulf Coast,Kennesaw State,4,4,12.4,400918781,2017-02-11
172,2,17:00,1020,1020,Brandon Goodwin Defensive Rebound.,36,37,-1,5,0.7873559540622175,0.4577601447576344,Florida Gulf Coast,Kennesaw State,4,4,12.4,400918781,2017-02-11
173,2,16:55,1015,1015,Foul on Aubrey Williams.,36,37,-1,22,0.7868711709050498,0.4576369333988189,Florida Gulf Coast,Kennesaw State,4,4,12.4,400918781,2017-02-11
174,2,16:33,993,993,Foul on Kyle Clarke.,36,37,-1,0,0.7846915479971768,0.45706885672922254,Florida Gulf Coast,Kennesaw State,4,4,12.4,400918781,2017-02-11
175,2,16:33,993,993,Christian Terrell made Free Throw.,37,37,0,0,0.8123522476214105,0.5,Florida Gulf Coast,Kennesaw State,4,4,12.4,400918781,2017-02-11
176,2,16:33,993,993,Christian Terrell made Free Throw.,38,37,1,25,0.8371966494038995,0.5429311432707774,Florida Gulf Coast,Kennesaw State,4,4,12.4,400918781,2017-02-11
177,2,16:08,968,968,Kyle Clarke Turnover.,38,37,1,15,0.8358929182745368,0.5436343096630764,Florida Gulf Coast,Kennesaw State,4,4,12.4,400918781,2017-02-11
178,2,15:53,953,953,Foul on Kendrick Ray.,38,37,1,0,0.8351254712928068,0.5440503450214746,Florida Gulf Coast,Kennesaw State,4,4,12.4,400918781,2017-02-11
179,2,15:53,953,953,Marc-Eddy Norelia made Free Throw.,39,37,2,0,0.8580340588964194,0.5874221428355826,Florida Gulf Coast,Kennesaw State,4,4,12.4,400918781,2017-02-11
180,2,15:53,953,953,Marc-Eddy Norelia made Free Throw.,40,37,3,2,0.8782237447158056,0.6294780210809849,Florida Gulf Coast,Kennesaw State,4,4,12.4,400918781,2017-02-11
181,2,15:51,951,951,Nick Masterson Turnover.,40,37,3,1,0.8781914875268829,0.6296272925166525,Florida Gulf Coast,Kennesaw State,4,4,12.4,400918781,2017-02-11
182,2,15:50,950,950,Zach Johnson Steal.,40,37,3,5,0.8781753222860962,0.6297013367018819,Florida Gulf Coast,Kennesaw State,4,4,12.4,400918781,2017-02-11
183,2,15:45,945,945,Foul on Aubrey Williams.,40,37,3,0,0.8780941566942855,0.6300658707267602,Florida Gulf Coast,Kennesaw State,4,4,12.4,400918781,2017-02-11
184,2,15:45,945,945,Official TV Timeout,40,37,3,0,0.8780941566942855,0.6300658707267602,Florida Gulf Coast,Kennesaw State,4,4,12.4,400918781,2017-02-11
185,2,15:45,945,945,Demetris Morant made Free Throw.,41,37,4,0,0.8958559563002938,0.6704009859344976,Florida Gulf Coast,Kennesaw State,4,4,12.4,400918781,2017-02-11
186,2,15:45,945,945,Demetris Morant made Free Throw.,42,37,5,9,0.9112912860236445,0.708373787836846,Florida Gulf Coast,Kennesaw State,4,4,12.4,400918781,2017-02-11
187,2,15:36,936,936,Kendrick Ray missed Three Point Jumper.,42,37,5,0,0.9113267510639467,0.7093098595023394,Florida Gulf Coast,Kennesaw State,4,4,12.4,400918781,2017-02-11
188,2,15:36,936,936,Demetris Morant Defensive Rebound.,42,37,5,8,0.9113267510639467,0.7093098595023394,Florida Gulf Coast,Kennesaw State,4,4,12.4,400918781,2017-02-11
189,2,15:28,928,928,Demetris Morant made Dunk. Assisted by Brandon Goodwin.,44,37,7,23,0.936352608250551,0.7780408892451994,Florida Gulf Coast,Kennesaw State,4,4,12.4,400918781,2017-02-11
190,2,15:05,905,905,Aubrey Williams missed Layup.,44,37,7,0,0.9366450852785092,0.7805889922529254,Florida Gulf Coast,Kennesaw State,4,4,12.4,400918781,2017-02-11
191,2,15:05,905,905,Demetris Morant Defensive Rebound.,44,37,7,12,0.9366450852785092,0.7805889922529254,Florida Gulf Coast,Kennesaw State,4,4,12.4,400918781,2017-02-11
192,2,14:53,893,893,Zach Johnson Turnover.,44,37,7,15,0.9367874031347259,0.78185689221097,Florida Gulf Coast,Kennesaw State,4,4,12.4,400918781,2017-02-11
193,2,14:38,878,878,Aubrey Williams missed Layup.,44,37,7,0,0.9369631547730007,0.7834155221294044,Florida Gulf Coast,Kennesaw State,4,4,12.4,400918781,2017-02-11
194,2,14:38,878,878,Aubrey Williams Offensive Rebound.,44,37,7,3,0.9369631547730007,0.7834155221294044,Florida Gulf Coast,Kennesaw State,4,4,12.4,400918781,2017-02-11
195,2,14:35,875,875,Foul on Demetris Morant.,44,37,7,15,0.9369986344814962,0.7837263484861758,Florida Gulf Coast,Kennesaw State,4,4,12.4,400918781,2017-02-11
196,2,14:20,860,860,Nick Masterson missed Jumper.,44,37,7,0,0.9371810382859411,0.7852900592975735,Florida Gulf Coast,Kennesaw State,4,4,12.4,400918781,2017-02-11
197,2,14:20,860,860,Kendrick Ray Offensive Rebound.,44,37,7,4,0.9371810382859411,0.7852900592975735,Florida Gulf Coast,Kennesaw State,4,4,12.4,400918781,2017-02-11
198,2,14:16,856,856,Tyler Hooker Turnover.,44,37,7,18,0.9372317140879501,0.7857123523138013,Florida Gulf Coast,Kennesaw State,4,4,12.4,400918781,2017-02-11
199,2,13:58,838,838,Brandon Goodwin made Layup.,46,37,9,13,0.9561516115290729,0.8436229903646598,Florida Gulf Coast,Kennesaw State,4,4,12.4,400918781,2017-02-11
200,2,13:45,825,825,Kendrick Ray missed Layup.,46,37,9,0,0.956398959746976,0.8451228078013111,Florida Gulf Coast,Kennesaw State,4,4,12.4,400918781,2017-02-11
201,2,13:45,825,825,Aubrey Williams Offensive Rebound.,46,37,9,2,0.956398959746976,0.8451228078013111,Florida Gulf Coast,Kennesaw State,4,4,12.4,400918781,2017-02-11
202,2,13:43,823,823,Aubrey Williams made Layup.,46,39,7,11,0.9377059682929059,0.7893784173148463,Florida Gulf Coast,Kennesaw State,4,4,12.4,400918781,2017-02-11
203,2,13:32,812,812,Zach Johnson missed Jumper.,46,39,7,0,0.9378947773071863,0.7907071729642441,Florida Gulf Coast,Kennesaw State,4,4,12.4,400918781,2017-02-11
204,2,13:32,812,812,Jordan Jones Defensive Rebound.,46,39,7,8,0.9378947773071863,0.7907071729642441,Florida Gulf Coast,Kennesaw State,4,4,12.4,400918781,2017-02-11
205,2,13:24,804,804,Nick Masterson missed Jumper.,46,39,7,0,0.9380445668297626,0.7917184893962813,Florida Gulf Coast,Kennesaw State,4,4,12.4,400918781,2017-02-11
206,2,13:24,804,804,Zach Johnson Defensive Rebound.,46,39,7,11,0.9380445668297626,0.7917184893962813,Florida Gulf Coast,Kennesaw State,4,4,12.4,400918781,2017-02-11
207,2,13:13,793,793,Zach Johnson made Three Point Jumper. Assisted by Marc-Eddy Norelia.,49,39,10,12,0.9643378086262866,0.8721701118498916,Florida Gulf Coast,Kennesaw State,4,4,12.4,400918781,2017-02-11
208,2,13:01,781,781,Kennesaw St  Timeout,49,39,10,13,0.9646527135125863,0.873815273902035,Florida Gulf Coast,Kennesaw State,4,3,12.4,400918781,2017-02-11
209,2,12:48,768,768,James Scott missed Layup.,49,39,10,0,0.9650270231260775,0.8757214947023106,Florida Gulf Coast,Kennesaw State,4,3,12.4,400918781,2017-02-11
210,2,12:48,768,768,Antravious Simmons Defensive Rebound.,49,39,10,6,0.9650270231260775,0.8757214947023106,Florida Gulf Coast,Kennesaw State,4,3,12.4,400918781,2017-02-11
211,2,12:42,762,762,Christian Terrell missed Three Point Jumper.,49,39,10,0,0.9652123535180644,0.8766483678890308,Florida Gulf Coast,Kennesaw State,4,3,12.4,400918781,2017-02-11
212,2,12:42,762,762,RaySean Scott Jr. Offensive Rebound.,49,39,10,4,0.9652123535180644,0.8766483678890308,Florida Gulf Coast,Kennesaw State,4,3,12.4,400918781,2017-02-11
213,2,12:38,758,758,Foul on Kendrick Ray.,49,39,10,0,0.9653405485790749,0.8772836699748751,Florida Gulf Coast,Kennesaw State,4,3,12.4,400918781,2017-02-11
214,2,12:38,758,758,RaySean Scott Jr. made Free Throw.,50,39,11,0,0.971352019367175,0.8969374886114693,Florida Gulf Coast,Kennesaw State,4,3,12.4,400918781,2017-02-11
215,2,12:38,758,758,RaySean Scott Jr. missed Free Throw.,50,39,11,0,0.971352019367175,0.8969374886114693,Florida Gulf Coast,Kennesaw State,4,3,12.4,400918781,2017-02-11
216,2,12:38,758,758,Johannes Nielsen Defensive Rebound.,50,39,11,6,0.971352019367175,0.8969374886114693,Florida Gulf Coast,Kennesaw State,4,3,12.4,400918781,2017-02-11
217,2,12:32,752,752,Foul on Brandon Goodwin.,50,39,11,24,0.9715431843919105,0.8978625030952535,Florida Gulf Coast,Kennesaw State,4,3,12.4,400918781,2017-02-11
218,2,12:08,728,728,Johannes Nielsen Turnover.,50,39,11,2,0.9723896519598481,0.9018685116475139,Florida Gulf Coast,Kennesaw State,4,3,12.4,400918781,2017-02-11
219,2,12:06,726,726,Zach Johnson Steal.,50,39,11,3,0.9724625675366966,0.9022107839926756,Florida Gulf Coast,Kennesaw State,4,3,12.4,400918781,2017-02-11
220,2,12:03,723,723,Zach Johnson Turnover.,50,39,11,1,0.9725689346762328,0.9027124556004514,Florida Gulf Coast,Kennesaw State,4,3,12.4,400918781,2017-02-11
221,2,12:02,722,722,Aubrey Williams Steal.,50,39,11,1,0.9726036170918004,0.9028766597469372,Florida Gulf Coast,Kennesaw State,4,3,12.4,400918781,2017-02-11
222,2,12:01,721,721,Aubrey Williams made Layup.,50,41,9,4,0.9595009067824958,0.8612536005359595,Florida Gulf Coast,Kennesaw State,4,3,12.4,400918781,2017-02-11
223,2,11:57,717,717,Foul on Johannes Nielsen.,50,41,9,0,0.9596446868261471,0.861965268574504,Florida Gulf Coast,Kennesaw State,4,3,12.4,400918781,2017-02-11
224,2,11:57,717,717,Official TV Timeout,50,41,9,0,0.9596446868261471,0.861965268574504,Florida Gulf Coast,Kennesaw State,4,3,12.4,400918781,2017-02-11
225,2,11:57,717,717,Zach Johnson missed Free Throw.,50,41,9,0,0.9596446868261471,0.861965268574504,Florida Gulf Coast,Kennesaw State,4,3,12.4,400918781,2017-02-11
226,2,11:57,717,717,Florida Gulf Coast Deadball Team Rebound.,50,41,9,0,0.9596446868261471,0.861965268574504,Florida Gulf Coast,Kennesaw State,4,3,12.4,400918781,2017-02-11
227,2,11:57,717,717,Zach Johnson made Free Throw.,51,41,10,17,0.9668295671659313,0.88444696423994,Florida Gulf Coast,Kennesaw State,4,3,12.4,400918781,2017-02-11
228,2,11:40,700,700,James Scott made Jumper.,51,43,8,20,0.9515216069149891,0.83878600359693,Florida Gulf Coast,Kennesaw State,4,3,12.4,400918781,2017-02-11
229,2,11:20,680,680,Brandon Goodwin made Three Point Jumper. Assisted by Zach Johnson.,54,43,11,13,0.973802969635581,0.9087635996282796,Florida Gulf Coast,Kennesaw State,4,3,12.4,400918781,2017-02-11
230,2,11:07,667,667,James Scott missed Jumper.,54,43,11,0,0.974113556388939,0.9103429131235091,Florida Gulf Coast,Kennesaw State,4,3,12.4,400918781,2017-02-11
231,2,11:07,667,667,Brandon Goodwin Defensive Rebound.,54,43,11,14,0.974113556388939,0.9103429131235091,Florida Gulf Coast,Kennesaw State,4,3,12.4,400918781,2017-02-11
232,2,10:53,653,653,Christian Terrell missed Three Point Jumper.,54,43,11,0,0.9744409605027334,0.9120087262150932,Florida Gulf Coast,Kennesaw State,4,3,12.4,400918781,2017-02-11
233,2,10:53,653,653,Johannes Nielsen Defensive Rebound.,54,43,11,3,0.9744409605027334,0.9120087262150932,Florida Gulf Coast,Kennesaw State,4,3,12.4,400918781,2017-02-11
234,2,10:50,650,650,Foul on RaySean Scott Jr..,54,43,11,14,0.9745115346011398,0.9123659788908869,Florida Gulf Coast,Kennesaw State,4,3,12.4,400918781,2017-02-11
235,2,10:36,636,636,Johannes Nielsen missed Jumper.,54,43,11,0,0.9748491717758545,0.9140574109627632,Florida Gulf Coast,Kennesaw State,4,3,12.4,400918781,2017-02-11
236,2,10:36,636,636,RaySean Scott Jr. Defensive Rebound.,54,43,11,6,0.9748491717758545,0.9140574109627632,Florida Gulf Coast,Kennesaw State,4,3,12.4,400918781,2017-02-11
237,2,10:30,630,630,Foul on Aubrey Williams.,54,43,11,0,0.9750003445576829,0.9148026856323824,Florida Gulf Coast,Kennesaw State,4,3,12.4,400918781,2017-02-11
238,2,10:30,630,630,RaySean Scott Jr. missed Free Throw.,54,43,11,0,0.9750003445576829,0.9148026856323824,Florida Gulf Coast,Kennesaw State,4,3,12.4,400918781,2017-02-11
239,2,10:30,630,630,Johannes Nielsen Defensive Rebound.,54,43,11,0,0.9750003445576829,0.9148026856323824,Florida Gulf Coast,Kennesaw State,4,3,12.4,400918781,2017-02-11
240,2,10:30,630,630,Foul on Brandon Goodwin.,54,43,11,18,0.9750003445576829,0.9148026856323824,Florida Gulf Coast,Kennesaw State,4,3,12.4,400918781,2017-02-11
241,2,10:12,612,612,Aubrey Williams made Layup. Assisted by Johannes Nielsen.,54,45,9,23,0.9625548405637204,0.8773083739449559,Florida Gulf Coast,Kennesaw State,4,3,12.4,400918781,2017-02-11
242,2,9:49,589,589,Antravious Simmons made Layup. Assisted by RaySean Scott Jr..,56,45,11,18,0.9762275069451224,0.9205353740637086,Florida Gulf Coast,Kennesaw State,4,3,12.4,400918781,2017-02-11
243,2,9:31,571,571,James Scott missed Three Point Jumper.,56,45,11,0,0.9769196216917467,0.9235593052354518,Florida Gulf Coast,Kennesaw State,4,3,12.4,400918781,2017-02-11
244,2,9:31,571,571,Brandon Goodwin Defensive Rebound.,56,45,11,14,0.9769196216917467,0.9235593052354518,Florida Gulf Coast,Kennesaw State,4,3,12.4,400918781,2017-02-11
245,2,9:17,557,557,RaySean Scott Jr. missed Layup.,56,45,11,0,0.9775405334299999,0.9261813936143104,Florida Gulf Coast,Kennesaw State,4,3,12.4,400918781,2017-02-11
246,2,9:17,557,557,Kennesaw St Defensive Rebound.,56,45,11,15,0.9775405334299999,0.9261813936143104,Florida Gulf Coast,Kennesaw State,4,3,12.4,400918781,2017-02-11
247,2,9:02,542,542,James Scott missed Layup.,56,45,11,0,0.97825384411543,0.9291373208685729,Florida Gulf Coast,Kennesaw State,4,3,12.4,400918781,2017-02-11
248,2,9:02,542,542,Nick Masterson Offensive Rebound.,56,45,11,2,0.97825384411543,0.9291373208685729,Florida Gulf Coast,Kennesaw State,4,3,12.4,400918781,2017-02-11
249,2,9:00,540,540,Foul on Antravious Simmons.,56,45,11,0,0.9783396902924468,0.9294980151147869,Florida Gulf Coast,Kennesaw State,4,3,12.4,400918781,2017-02-11
250,2,9:00,540,540,Nick Masterson made Free Throw.,56,46,10,0,0.9727724406628216,0.9124999699933709,Florida Gulf Coast,Kennesaw State,4,3,12.4,400918781,2017-02-11
251,2,9:00,540,540,Nick Masterson made Free Throw.,56,47,9,22,0.9658242521253707,0.891880400345613,Florida Gulf Coast,Kennesaw State,4,3,12.4,400918781,2017-02-11
252,2,8:38,518,518,RaySean Scott Jr. missed Three Point Jumper.,56,47,9,0,0.9667588282447249,0.8960653090613859,Florida Gulf Coast,Kennesaw State,4,3,12.4,400918781,2017-02-11
253,2,8:38,518,518,Aubrey Williams Defensive Rebound.,56,47,9,8,0.9667588282447249,0.8960653090613859,Florida Gulf Coast,Kennesaw State,4,3,12.4,400918781,2017-02-11
254,2,8:30,510,510,Aubrey Williams missed Layup.,56,47,9,0,0.9670486519873298,0.8974140782984469,Florida Gulf Coast,Kennesaw State,4,3,12.4,400918781,2017-02-11
255,2,8:30,510,510,Florida Gulf Coast Defensive Rebound.,56,47,9,23,0.9670486519873298,0.8974140782984469,Florida Gulf Coast,Kennesaw State,4,3,12.4,400918781,2017-02-11
256,2,8:07,487,487,Antravious Simmons missed Layup.,56,47,9,0,0.9678640927477405,0.9012065360487254,Florida Gulf Coast,Kennesaw State,4,3,12.4,400918781,2017-02-11
257,2,8:07,487,487,Kennesaw St Defensive Rebound.,56,47,9,14,0.9678640927477405,0.9012065360487254,Florida Gulf Coast,Kennesaw State,4,3,12.4,400918781,2017-02-11
258,2,7:53,473,473,James Scott missed Layup.,56,47,9,0,0.9684224936943364,0.9036924919259732,Florida Gulf Coast,Kennesaw State,4,3,12.4,400918781,2017-02-11
259,2,7:53,473,473,Aubrey Williams Offensive Rebound.,56,47,9,2,0.9684224936943364,0.9036924919259732,Florida Gulf Coast,Kennesaw State,4,3,12.4,400918781,2017-02-11
260,2,7:51,471,471,Foul on Antravious Simmons.,56,47,9,1,0.9685098883171772,0.9040704466777023,Florida Gulf Coast,Kennesaw State,4,3,12.4,400918781,2017-02-11
261,2,7:50,470,470,Official TV Timeout,56,47,9,0,0.9685544460943869,0.9042620101734098,Florida Gulf Coast,Kennesaw State,4,3,12.4,400918781,2017-02-11
262,2,7:50,470,470,Aubrey Williams missed Free Throw.,56,47,9,0,0.9685544460943869,0.9042620101734098,Florida Gulf Coast,Kennesaw State,4,3,12.4,400918781,2017-02-11
263,2,7:50,470,470,Kennesaw St Deadball Team Rebound.,56,47,9,0,0.9685544460943869,0.9042620101734098,Florida Gulf Coast,Kennesaw State,4,3,12.4,400918781,2017-02-11
264,2,7:50,470,470,Aubrey Williams made Free Throw.,56,48,8,7,0.9599997244552558,0.8803768347022523,Florida Gulf Coast,Kennesaw State,4,3,12.4,400918781,2017-02-11
265,2,7:43,463,463,Brandon Goodwin made Layup. Assisted by Zach Johnson.,58,48,10,16,0.9756297942001442,0.9250489372137748,Florida Gulf Coast,Kennesaw State,4,3,12.4,400918781,2017-02-11
266,2,7:27,447,447,Tyler Hooker made Layup.,58,50,8,11,0.9612959400245193,0.8857985699316178,Florida Gulf Coast,Kennesaw State,4,3,12.4,400918781,2017-02-11
267,2,7:16,436,436,Zach Johnson made Jumper.,60,50,10,27,0.9771169392203141,0.9308594717958515,Florida Gulf Coast,Kennesaw State,4,3,12.4,400918781,2017-02-11
268,2,6:49,409,409,Aubrey Williams made Layup.,60,52,8,24,0.9642013035734722,0.8970659799809421,Florida Gulf Coast,Kennesaw State,4,3,12.4,400918781,2017-02-11
269,2,6:25,385,385,Demetris Morant made Dunk. Assisted by Christian Terrell.,62,52,10,13,0.9801070559141992,0.9423539201802749,Florida Gulf Coast,Kennesaw State,4,3,12.4,400918781,2017-02-11
270,2,6:12,372,372,Tyler Hooker made Layup.,62,54,8,32,0.9665495530006526,0.9067700115450805,Florida Gulf Coast,Kennesaw State,4,3,12.4,400918781,2017-02-11
271,2,5:40,340,340,Demetris Morant made Dunk. Assisted by Marc-Eddy Norelia.,64,54,10,20,0.9826877088713357,0.9520179528484588,Florida Gulf Coast,Kennesaw State,4,3,12.4,400918781,2017-02-11
272,2,5:20,320,320,Aubrey Williams missed Jumper.,64,54,10,0,0.9841933779416372,0.9571185535744469,Florida Gulf Coast,Kennesaw State,4,3,12.4,400918781,2017-02-11
273,2,5:20,320,320,Brandon Goodwin Defensive Rebound.,64,54,10,7,0.9841933779416372,0.9571185535744469,Florida Gulf Coast,Kennesaw State,4,3,12.4,400918781,2017-02-11
274,2,5:13,313,313,Christian Terrell missed Three Point Jumper.,64,54,10,0,0.9847884391317626,0.9590495653995219,Florida Gulf Coast,Kennesaw State,4,3,12.4,400918781,2017-02-11
275,2,5:13,313,313,Nick Masterson Defensive Rebound.,64,54,10,10,0.9847884391317626,0.9590495653995219,Florida Gulf Coast,Kennesaw State,4,3,12.4,400918781,2017-02-11
276,2,5:03,303,303,Foul on Christian Terrell.,64,54,10,0,0.9855248766798478,0.9614729137269413,Florida Gulf Coast,Kennesaw State,4,3,12.4,400918781,2017-02-11
277,2,5:03,303,303,James Scott missed Free Throw.,64,54,10,0,0.9855248766798478,0.9614729137269413,Florida Gulf Coast,Kennesaw State,4,3,12.4,400918781,2017-02-11
278,2,5:03,303,303,Kennesaw St Deadball Team Rebound.,64,54,10,0,0.9855248766798478,0.9614729137269413,Florida Gulf Coast,Kennesaw State,4,3,12.4,400918781,2017-02-11
279,2,5:03,303,303,James Scott missed Free Throw.,64,54,10,0,0.9855248766798478,0.9614729137269413,Florida Gulf Coast,Kennesaw State,4,3,12.4,400918781,2017-02-11
280,2,5:03,303,303,Kendrick Ray Offensive Rebound.,64,54,10,10,0.9855248766798478,0.9614729137269413,Florida Gulf Coast,Kennesaw State,4,3,12.4,400918781,2017-02-11
281,2,4:53,293,293,Tyler Hooker missed Jumper.,64,54,10,0,0.9857434474671547,0.9625130094176256,Florida Gulf Coast,Kennesaw State,4,3,12.4,400918781,2017-02-11
282,2,4:53,293,293,Aubrey Williams Offensive Rebound.,64,54,10,5,0.9857434474671547,0.9625130094176256,Florida Gulf Coast,Kennesaw State,4,3,12.4,400918781,2017-02-11
283,2,4:48,288,288,Tyler Hooker missed Three Point Jumper.,64,54,10,0,0.9856950644385877,0.9626224739188735,Florida Gulf Coast,Kennesaw State,4,3,12.4,400918781,2017-02-11
284,2,4:48,288,288,Kendrick Ray Offensive Rebound.,64,54,10,5,0.9856950644385877,0.9626224739188735,Florida Gulf Coast,Kennesaw State,4,3,12.4,400918781,2017-02-11
285,2,4:43,283,283,Kendrick Ray made Layup.,64,56,8,15,0.97272793620205,0.9306399840810532,Florida Gulf Coast,Kennesaw State,4,3,12.4,400918781,2017-02-11
286,2,4:28,268,268,Brandon Goodwin made Layup.,66,56,10,0,0.98479955498251,0.9613186169745291,Florida Gulf Coast,Kennesaw State,4,3,12.4,400918781,2017-02-11
287,2,4:28,268,268,Foul on James Scott.,66,56,10,0,0.98479955498251,0.9613186169745291,Florida Gulf Coast,Kennesaw State,4,3,12.4,400918781,2017-02-11
288,2,4:28,268,268,Brandon Goodwin made Free Throw.,67,56,11,9,0.9889302557498089,0.97164651784017,Florida Gulf Coast,Kennesaw State,4,3,12.4,400918781,2017-02-11
289,2,4:19,259,259,Kendrick Ray missed Three Point Jumper.,67,56,11,0,0.9884604962078553,0.970803941494377,Florida Gulf Coast,Kennesaw State,4,3,12.4,400918781,2017-02-11
290,2,4:19,259,259,Zach Johnson Defensive Rebound.,67,56,11,9,0.9884604962078553,0.970803941494377,Florida Gulf Coast,Kennesaw State,4,3,12.4,400918781,2017-02-11
291,2,4:10,250,250,Foul on Tyler Hooker.,67,56,11,0,0.9879992726663209,0.9700127880585259,Florida Gulf Coast,Kennesaw State,4,3,12.4,400918781,2017-02-11
292,2,4:10,250,250,Brandon Goodwin made Free Throw.,68,56,12,0,0.9912226412245759,0.9779595123936028,Florida Gulf Coast,Kennesaw State,4,3,12.4,400918781,2017-02-11
293,2,4:10,250,250,Brandon Goodwin made Free Throw.,69,56,13,14,0.9935858409529025,0.9838354183322947,Florida Gulf Coast,Kennesaw State,4,3,12.4,400918781,2017-02-11
294,2,3:56,236,236,Foul on RaySean Scott Jr..,69,56,13,2,0.9933026458707295,0.9834484647858821,Florida Gulf Coast,Kennesaw State,4,3,12.4,400918781,2017-02-11
295,2,3:54,234,234,Official TV Timeout,69,56,13,0,0.9932889843208834,0.9834614735883176,Florida Gulf Coast,Kennesaw State,4,3,12.4,400918781,2017-02-11
296,2,3:54,234,234,Kendrick Ray made Free Throw.,69,57,12,0,0.9908336808300251,0.977492134501616,Florida Gulf Coast,Kennesaw State,4,3,12.4,400918781,2017-02-11
297,2,3:54,234,234,Kendrick Ray missed Free Throw.,69,57,12,0,0.9908336808300251,0.977492134501616,Florida Gulf Coast,Kennesaw State,4,3,12.4,400918781,2017-02-11
298,2,3:54,234,234,RaySean Scott Jr. Defensive Rebound.,69,57,12,28,0.9908336808300251,0.977492134501616,Florida Gulf Coast,Kennesaw State,4,3,12.4,400918781,2017-02-11
299,2,3:26,206,206,Brandon Goodwin missed Three Point Jumper.,69,57,12,0,0.9920086058869166,0.9811450999955544,Florida Gulf Coast,Kennesaw State,4,3,12.4,400918781,2017-02-11
300,2,3:26,206,206,RaySean Scott Jr. Offensive Rebound.,69,57,12,4,0.9920086058869166,0.9811450999955544,Florida Gulf Coast,Kennesaw State,4,3,12.4,400918781,2017-02-11
301,2,3:22,202,202,Demetris Morant made Dunk. Assisted by RaySean Scott Jr..,71,57,14,18,0.9961015357787683,0.9908097120536598,Florida Gulf Coast,Kennesaw State,4,3,12.4,400918781,2017-02-11
302,2,3:04,184,184,Kendrick Ray made Layup.,71,59,12,22,0.9947270309074833,0.9879669330765857,Florida Gulf Coast,Kennesaw State,4,3,12.4,400918781,2017-02-11
303,2,2:42,162,162,Zach Johnson missed Jumper.,71,59,12,0,0.996905962266162,0.9931942850621287,Florida Gulf Coast,Kennesaw State,4,3,12.4,400918781,2017-02-11
304,2,2:42,162,162,Aubrey Williams Defensive Rebound.,71,59,12,11,0.996905962266162,0.9931942850621287,Florida Gulf Coast,Kennesaw State,4,3,12.4,400918781,2017-02-11
305,2,2:31,151,151,Johannes Nielsen missed Jumper.,71,59,12,0,0.9976950015984226,0.9950281732249863,Florida Gulf Coast,Kennesaw State,4,3,12.4,400918781,2017-02-11
306,2,2:31,151,151,Brandon Goodwin Defensive Rebound.,71,59,12,30,0.9976950015984226,0.9950281732249863,Florida Gulf Coast,Kennesaw State,4,3,12.4,400918781,2017-02-11
307,2,2:01,121,121,RaySean Scott Jr. made Dunk. Assisted by Brandon Goodwin.,73,59,14,12,0.9996970003953277,0.9993825066591732,Florida Gulf Coast,Kennesaw State,4,3,12.4,400918781,2017-02-11
308,2,1:49,109,109,Kendrick Ray Turnover.,73,59,14,1,0.999828950102757,0.9996599680772571,Florida Gulf Coast,Kennesaw State,4,3,12.4,400918781,2017-02-11
309,2,1:48,108,108,Brandon Goodwin Steal.,73,59,14,4,0.9998374887451738,0.9996776238291671,Florida Gulf Coast,Kennesaw State,4,3,12.4,400918781,2017-02-11
310,2,1:44,104,104,Brandon Goodwin made Layup.,75,59,16,21,0.9999595400354055,0.999920412380144,Florida Gulf Coast,Kennesaw State,4,3,12.4,400918781,2017-02-11
311,2,1:23,83,83,Johannes Nielsen Turnover.,75,59,16,0,0.9999902428058998,0.9999816751122402,Florida Gulf Coast,Kennesaw State,4,3,12.4,400918781,2017-02-11
312,2,1:23,83,83,Demetris Morant Steal.,75,59,16,24,0.9999902428058998,0.9999816751122402,Florida Gulf Coast,Kennesaw State,4,3,12.4,400918781,2017-02-11
313,2,0:59,59,59,Demetris Morant missed Layup.,75,59,16,0,0.9999984972139567,0.999997330505549,Florida Gulf Coast,Kennesaw State,4,3,12.4,400918781,2017-02-11
314,2,0:59,59,59,James Scott Defensive Rebound.,75,59,16,7,0.9999984972139567,0.999997330505549,Florida Gulf Coast,Kennesaw State,4,3,12.4,400918781,2017-02-11
315,2,0:52,52,52,Tyler Hooker made Layup.,75,61,14,29,0.999995553052869,0.9999922323134296,Florida Gulf Coast,Kennesaw State,4,3,12.4,400918781,2017-02-11
316,2,0:23,23,23,Brandon Goodwin missed Three Point Jumper.,75,61,14,0,0.999999590675032,0.9999993350900122,Florida Gulf Coast,Kennesaw State,4,3,12.4,400918781,2017-02-11
317,2,0:23,23,23,Nick Masterson Defensive Rebound.,75,61,14,9,0.999999590675032,0.9999993350900122,Florida Gulf Coast,Kennesaw State,4,3,12.4,400918781,2017-02-11
318,2,0:14,14,14,Kendrick Ray made Dunk. Assisted by Tyler Hooker.,75,63,12,14,0.9999984460587189,0.9999975344139944,Florida Gulf Coast,Kennesaw State,4,3,12.4,400918781,2017-02-11
319,2,0:00,0,0,End of Game,75,63,12,0,1,1,Florida Gulf Coast,Kennesaw State,4,3,12.4,400918781,2017-02-11
