game_id,date,home,away,play_id,half,time_remaining_half,secs_remaining,secs_remaining_absolute,description,action_team,home_score,away_score,score_diff,play_length,scoring_play,foul,win_prob,naive_win_prob,home_time_out_remaining,away_time_out_remaining,home_favored_by,total_line,referees,arena_location,arena,capacity,attendance,shot_x,shot_y,shot_team,shot_outcome,shooter,assist,three_pt,free_throw,possession_before,possession_after,wrong_time
401581502,2024-02-01,Georgia St,Appalachian St,1,1,19:39,2379,2379,Toneari Lane missed Jumper.,home,0,0,0,0,FALSE,FALSE,0.26103386251462596,0.5,6,6,-6.5,144.5,Anthony Jordan/Doug Shows/Steven Anderson,"Atlanta, GA",GSU Convocation Center,0,3127,NA,NA,Georgia St,missed,Toneari Lane,NA,FALSE,FALSE,Georgia St,Appalachian St,FALSE
401581502,2024-02-01,Georgia St,Appalachian St,2,1,19:35,2375,2375,TreVon Spillers Defensive Rebound.,away,0,0,0,4,FALSE,FALSE,0.2611159037552089,0.5,6,6,-6.5,144.5,Anthony Jordan/Doug Shows/Steven Anderson,"Atlanta, GA",GSU Convocation Center,0,3127,NA,NA,NA,NA,NA,NA,NA,NA,Georgia St,Appalachian St,FALSE
401581502,2024-02-01,Georgia St,Appalachian St,3,1,19:22,2362,2362,Xavion Brown Turnover.,away,0,0,0,13,FALSE,FALSE,0.2613853811132411,0.5,6,6,-6.5,144.5,Anthony Jordan/Doug Shows/Steven Anderson,"Atlanta, GA",GSU Convocation Center,0,3127,NA,NA,NA,NA,NA,NA,NA,NA,Appalachian St,Georgia St,FALSE
401581502,2024-02-01,Georgia St,Appalachian St,4,1,19:22,2362,2362,Jay'Den Turner Steal.,home,0,0,0,0,FALSE,FALSE,0.2613853811132411,0.5,6,6,-6.5,144.5,Anthony Jordan/Doug Shows/Steven Anderson,"Atlanta, GA",GSU Convocation Center,0,3127,NA,NA,NA,NA,NA,NA,NA,NA,Appalachian St,Georgia St,FALSE
401581502,2024-02-01,Georgia St,Appalachian St,5,1,19:15,2355,2355,Leslie Nkereuwem missed Layup.,home,0,0,0,7,FALSE,FALSE,0.2615323066738195,0.5,6,6,-6.5,144.5,Anthony Jordan/Doug Shows/Steven Anderson,"Atlanta, GA",GSU Convocation Center,0,3127,NA,NA,Georgia St,missed,Leslie Nkereuwem,NA,FALSE,FALSE,Georgia St,Appalachian St,FALSE
401581502,2024-02-01,Georgia St,Appalachian St,6,1,19:12,2352,2352,Donovan Gregory Defensive Rebound.,away,0,0,0,3,FALSE,FALSE,0.2615956696339195,0.5,6,6,-6.5,144.5,Anthony Jordan/Doug Shows/Steven Anderson,"Atlanta, GA",GSU Convocation Center,0,3127,NA,NA,NA,NA,NA,NA,NA,NA,Georgia St,Appalachian St,FALSE
401581502,2024-02-01,Georgia St,Appalachian St,7,1,19:06,2346,2346,Donovan Gregory missed Three Point Jumper.,away,0,0,0,6,FALSE,FALSE,0.26172311177258323,0.5,6,6,-6.5,144.5,Anthony Jordan/Doug Shows/Steven Anderson,"Atlanta, GA",GSU Convocation Center,0,3127,NA,NA,Appalachian St,missed,Donovan Gregory,NA,TRUE,FALSE,Appalachian St,Georgia St,FALSE
401581502,2024-02-01,Georgia St,Appalachian St,8,1,19:02,2342,2342,Toneari Lane Defensive Rebound.,home,0,0,0,4,FALSE,FALSE,0.261808607025049,0.5,6,6,-6.5,144.5,Anthony Jordan/Doug Shows/Steven Anderson,"Atlanta, GA",GSU Convocation Center,0,3127,NA,NA,NA,NA,NA,NA,NA,NA,Appalachian St,Georgia St,FALSE
401581502,2024-02-01,Georgia St,Appalachian St,9,1,18:58,2338,2338,Toneari Lane missed Three Point Jumper.,home,0,0,0,4,FALSE,FALSE,0.2618945321809073,0.5,6,6,-6.5,144.5,Anthony Jordan/Doug Shows/Steven Anderson,"Atlanta, GA",GSU Convocation Center,0,3127,NA,NA,Georgia St,missed,Toneari Lane,NA,TRUE,FALSE,Georgia St,Georgia St,FALSE
401581502,2024-02-01,Georgia St,Appalachian St,10,1,18:54,2334,2334,Leslie Nkereuwem Offensive Rebound.,home,0,0,0,4,FALSE,FALSE,0.26198088967958116,0.5,6,6,-6.5,144.5,Anthony Jordan/Doug Shows/Steven Anderson,"Atlanta, GA",GSU Convocation Center,0,3127,NA,NA,NA,NA,NA,NA,NA,NA,Georgia St,Georgia St,FALSE
401581502,2024-02-01,Georgia St,Appalachian St,11,1,18:40,2320,2320,Leslie Nkereuwem made Jumper.,home,2,0,2,14,TRUE,FALSE,0.299302120877788,0.545745316074961,6,6,-6.5,144.5,Anthony Jordan/Doug Shows/Steven Anderson,"Atlanta, GA",GSU Convocation Center,0,3127,NA,NA,Georgia St,made,Leslie Nkereuwem,NA,FALSE,FALSE,Georgia St,Appalachian St,FALSE
401581502,2024-02-01,Georgia St,Appalachian St,12,1,18:22,2302,2302,Justin Abson made Dunk. Assisted by Xavion Brown.,away,2,2,0,18,TRUE,FALSE,0.2626876077517653,0.5,6,6,-6.5,144.5,Anthony Jordan/Doug Shows/Steven Anderson,"Atlanta, GA",GSU Convocation Center,0,3127,NA,NA,Appalachian St,made,Justin Abson,Xavion Brown,FALSE,FALSE,Appalachian St,Georgia St,FALSE
401581502,2024-02-01,Georgia St,Appalachian St,13,1,17:57,2277,2277,Dwon Odom made Jumper.,home,4,2,2,25,TRUE,FALSE,0.30116763888287396,0.5467008721621327,6,6,-6.5,144.5,Anthony Jordan/Doug Shows/Steven Anderson,"Atlanta, GA",GSU Convocation Center,0,3127,NA,NA,Georgia St,made,Dwon Odom,NA,FALSE,FALSE,Georgia St,Appalachian St,FALSE
401581502,2024-02-01,Georgia St,Appalachian St,14,1,17:37,2257,2257,Donovan Gregory missed Layup.,away,4,2,2,20,FALSE,FALSE,0.3020617552236163,0.5471512577612353,6,6,-6.5,144.5,Anthony Jordan/Doug Shows/Steven Anderson,"Atlanta, GA",GSU Convocation Center,0,3127,NA,NA,Appalachian St,missed,Donovan Gregory,NA,FALSE,FALSE,Appalachian St,Georgia St,FALSE
401581502,2024-02-01,Georgia St,Appalachian St,15,1,17:37,2257,2257,Jay'Den Turner Block.,home,4,2,2,0,FALSE,FALSE,0.3020617552236163,0.5471512577612353,6,6,-6.5,144.5,Anthony Jordan/Doug Shows/Steven Anderson,"Atlanta, GA",GSU Convocation Center,0,3127,NA,NA,NA,NA,NA,NA,NA,NA,Appalachian St,Georgia St,FALSE
401581502,2024-02-01,Georgia St,Appalachian St,16,1,17:31,2251,2251,Leslie Nkereuwem Defensive Rebound.,home,4,2,2,6,FALSE,FALSE,0.3023332660720739,0.5472870146485976,6,6,-6.5,144.5,Anthony Jordan/Doug Shows/Steven Anderson,"Atlanta, GA",GSU Convocation Center,0,3127,NA,NA,NA,NA,NA,NA,NA,NA,Appalachian St,Georgia St,FALSE
401581502,2024-02-01,Georgia St,Appalachian St,17,1,17:12,2232,2232,Leslie Nkereuwem missed Layup.,home,4,2,2,19,FALSE,FALSE,0.30320303187935,0.5477186766445648,6,6,-6.5,144.5,Anthony Jordan/Doug Shows/Steven Anderson,"Atlanta, GA",GSU Convocation Center,0,3127,NA,NA,Georgia St,missed,Leslie Nkereuwem,NA,FALSE,FALSE,Georgia St,Georgia St,FALSE
401581502,2024-02-01,Georgia St,Appalachian St,18,1,17:09,2229,2229,Dwon Odom Offensive Rebound.,home,4,2,2,3,FALSE,FALSE,0.3033417508010439,0.547787062890142,6,6,-6.5,144.5,Anthony Jordan/Doug Shows/Steven Anderson,"Atlanta, GA",GSU Convocation Center,0,3127,NA,NA,NA,NA,NA,NA,NA,NA,Georgia St,Georgia St,FALSE
401581502,2024-02-01,Georgia St,Appalachian St,19,1,17:04,2224,2224,Foul on Donovan Gregory.,away,4,2,2,5,FALSE,TRUE,0.3035737902434919,0.547901169354246,6,6,-6.5,144.5,Anthony Jordan/Doug Shows/Steven Anderson,"Atlanta, GA",GSU Convocation Center,0,3127,NA,NA,NA,NA,NA,NA,NA,NA,Georgia St,Appalachian St,FALSE
401581502,2024-02-01,Georgia St,Appalachian St,20,1,17:04,2224,2224,Leslie Nkereuwem made Free Throw.,home,5,2,3,0,TRUE,FALSE,0.324264962917497,0.5715777322884183,6,6,-6.5,144.5,Anthony Jordan/Doug Shows/Steven Anderson,"Atlanta, GA",GSU Convocation Center,0,3127,NA,NA,Georgia St,made,Leslie Nkereuwem,NA,FALSE,TRUE,Georgia St,Georgia St,FALSE
401581502,2024-02-01,Georgia St,Appalachian St,21,1,17:04,2224,2224,Leslie Nkereuwem missed Free Throw.,home,5,2,3,0,FALSE,FALSE,0.324264962917497,0.5715777322884183,6,6,-6.5,144.5,Anthony Jordan/Doug Shows/Steven Anderson,"Atlanta, GA",GSU Convocation Center,0,3127,NA,NA,Georgia St,missed,Leslie Nkereuwem,NA,FALSE,TRUE,Georgia St,Appalachian St,FALSE
401581502,2024-02-01,Georgia St,Appalachian St,22,1,17:04,2224,2224,TreVon Spillers Defensive Rebound.,away,5,2,3,0,FALSE,FALSE,0.324264962917497,0.5715777322884183,6,6,-6.5,144.5,Anthony Jordan/Doug Shows/Steven Anderson,"Atlanta, GA",GSU Convocation Center,0,3127,NA,NA,NA,NA,NA,NA,NA,NA,Georgia St,Appalachian St,FALSE
401581502,2024-02-01,Georgia St,Appalachian St,23,1,16:47,2207,2207,Xavion Brown missed Layup.,away,5,2,3,17,FALSE,FALSE,0.3252630794061907,0.5721546479324662,6,6,-6.5,144.5,Anthony Jordan/Doug Shows/Steven Anderson,"Atlanta, GA",GSU Convocation Center,0,3127,NA,NA,Appalachian St,missed,Xavion Brown,NA,FALSE,FALSE,Appalachian St,Appalachian St,FALSE
401581502,2024-02-01,Georgia St,Appalachian St,24,1,16:44,2204,2204,Xavion Brown Offensive Rebound.,away,5,2,3,3,FALSE,FALSE,0.32544064232019654,0.5722566941444102,6,6,-6.5,144.5,Anthony Jordan/Doug Shows/Steven Anderson,"Atlanta, GA",GSU Convocation Center,0,3127,NA,NA,NA,NA,NA,NA,NA,NA,Appalachian St,Appalachian St,FALSE
401581502,2024-02-01,Georgia St,Appalachian St,25,1,16:37,2197,2197,Donovan Gregory made Dunk. Assisted by Xavion Brown.,away,5,4,1,7,TRUE,FALSE,0.2846162056434141,0.5243173199455581,6,6,-6.5,144.5,Anthony Jordan/Doug Shows/Steven Anderson,"Atlanta, GA",GSU Convocation Center,0,3127,NA,NA,Appalachian St,made,Donovan Gregory,Xavion Brown,FALSE,FALSE,Appalachian St,Georgia St,FALSE
401581502,2024-02-01,Georgia St,Appalachian St,26,1,16:09,2169,2169,Dwon Odom Turnover.,home,5,4,1,28,FALSE,FALSE,0.28564817848543916,0.5246423096444954,6,6,-6.5,144.5,Anthony Jordan/Doug Shows/Steven Anderson,"Atlanta, GA",GSU Convocation Center,0,3127,NA,NA,NA,NA,NA,NA,NA,NA,Georgia St,Appalachian St,FALSE
401581502,2024-02-01,Georgia St,Appalachian St,27,1,16:09,2169,2169,TreVon Spillers Steal.,away,5,4,1,0,FALSE,FALSE,0.28564817848543916,0.5246423096444954,6,6,-6.5,144.5,Anthony Jordan/Doug Shows/Steven Anderson,"Atlanta, GA",GSU Convocation Center,0,3127,NA,NA,NA,NA,NA,NA,NA,NA,Georgia St,Appalachian St,FALSE
401581502,2024-02-01,Georgia St,Appalachian St,28,1,16:00,2160,2160,Terence Harcum missed Three Point Jumper.,away,5,4,1,9,FALSE,FALSE,0.28598612569751725,0.5247471948920313,6,6,-6.5,144.5,Anthony Jordan/Doug Shows/Steven Anderson,"Atlanta, GA",GSU Convocation Center,0,3127,NA,NA,Appalachian St,missed,Terence Harcum,NA,TRUE,FALSE,Appalachian St,Appalachian St,FALSE
401581502,2024-02-01,Georgia St,Appalachian St,29,1,15:56,2156,2156,Appalachian State Offensive Rebound.,away,5,4,1,4,FALSE,FALSE,0.2861372927200118,0.5247939107609239,6,6,-6.5,144.5,Anthony Jordan/Doug Shows/Steven Anderson,"Atlanta, GA",GSU Convocation Center,0,3127,NA,NA,NA,NA,NA,NA,NA,NA,Appalachian St,Appalachian St,FALSE
401581502,2024-02-01,Georgia St,Appalachian St,30,1,15:52,2152,2152, Official TV Timeout,NA,5,4,1,4,FALSE,FALSE,0.28628905502721375,0.524840689840124,6,5,-6.5,144.5,Anthony Jordan/Doug Shows/Steven Anderson,"Atlanta, GA",GSU Convocation Center,0,3127,NA,NA,NA,NA,NA,NA,NA,NA,Appalachian St,Appalachian St,FALSE
401581502,2024-02-01,Georgia St,Appalachian St,31,1,15:33,2133,2133,Terence Harcum made Jumper.,away,5,6,-1,19,TRUE,FALSE,0.24776099829132978,0.4749362127739114,6,5,-6.5,144.5,Anthony Jordan/Doug Shows/Steven Anderson,"Atlanta, GA",GSU Convocation Center,0,3127,NA,NA,Appalachian St,made,Terence Harcum,NA,FALSE,FALSE,Appalachian St,Georgia St,FALSE
401581502,2024-02-01,Georgia St,Appalachian St,32,1,15:17,2117,2117,Leslie Nkereuwem made Layup. Assisted by Dwon Odom.,home,7,6,1,16,TRUE,FALSE,0.28764230661773466,0.5252528699571531,6,5,-6.5,144.5,Anthony Jordan/Doug Shows/Steven Anderson,"Atlanta, GA",GSU Convocation Center,0,3127,NA,NA,Georgia St,made,Leslie Nkereuwem,Dwon Odom,FALSE,FALSE,Georgia St,Appalachian St,FALSE
401581502,2024-02-01,Georgia St,Appalachian St,33,1,15:02,2102,2102,Donovan Gregory missed Jumper.,away,7,6,1,15,FALSE,FALSE,0.2882361477877559,0.5254312068658444,6,5,-6.5,144.5,Anthony Jordan/Doug Shows/Steven Anderson,"Atlanta, GA",GSU Convocation Center,0,3127,NA,NA,Appalachian St,missed,Donovan Gregory,NA,FALSE,FALSE,Appalachian St,Georgia St,FALSE
401581502,2024-02-01,Georgia St,Appalachian St,34,1,14:58,2098,2098,Lucas Taylor Defensive Rebound.,home,7,6,1,4,FALSE,FALSE,0.2883959072906859,0.5254789461174939,6,5,-6.5,144.5,Anthony Jordan/Doug Shows/Steven Anderson,"Atlanta, GA",GSU Convocation Center,0,3127,NA,NA,NA,NA,NA,NA,NA,NA,Appalachian St,Georgia St,FALSE
401581502,2024-02-01,Georgia St,Appalachian St,35,1,14:55,2095,2095,Dwon Odom missed Layup.,home,7,6,1,3,FALSE,FALSE,0.28851611379381176,0.5255148023636137,6,5,-6.5,144.5,Anthony Jordan/Doug Shows/Steven Anderson,"Atlanta, GA",GSU Convocation Center,0,3127,NA,NA,Georgia St,missed,Dwon Odom,NA,FALSE,FALSE,Georgia St,Appalachian St,FALSE
401581502,2024-02-01,Georgia St,Appalachian St,36,1,14:51,2091,2091,CJ Huntley Defensive Rebound.,away,7,6,1,4,FALSE,FALSE,0.2886769046463658,0.5255626806433447,6,5,-6.5,144.5,Anthony Jordan/Doug Shows/Steven Anderson,"Atlanta, GA",GSU Convocation Center,0,3127,NA,NA,NA,NA,NA,NA,NA,NA,Georgia St,Appalachian St,FALSE
401581502,2024-02-01,Georgia St,Appalachian St,37,1,14:45,2085,2085,TreVon Spillers missed Layup.,away,7,6,1,6,FALSE,FALSE,0.2889191947912943,0.5256346501751078,6,5,-6.5,144.5,Anthony Jordan/Doug Shows/Steven Anderson,"Atlanta, GA",GSU Convocation Center,0,3127,NA,NA,Appalachian St,missed,TreVon Spillers,NA,FALSE,FALSE,Appalachian St,Georgia St,FALSE
401581502,2024-02-01,Georgia St,Appalachian St,38,1,14:45,2085,2085,Leslie Nkereuwem Block.,home,7,6,1,0,FALSE,FALSE,0.2889191947912943,0.5256346501751078,6,5,-6.5,144.5,Anthony Jordan/Doug Shows/Steven Anderson,"Atlanta, GA",GSU Convocation Center,0,3127,NA,NA,NA,NA,NA,NA,NA,NA,Appalachian St,Georgia St,FALSE
401581502,2024-02-01,Georgia St,Appalachian St,39,1,14:39,2079,2079,Dwon Odom Defensive Rebound.,home,7,6,1,6,FALSE,FALSE,0.2891628083808773,0.5257068055140488,6,5,-6.5,144.5,Anthony Jordan/Doug Shows/Steven Anderson,"Atlanta, GA",GSU Convocation Center,0,3127,NA,NA,NA,NA,NA,NA,NA,NA,Appalachian St,Georgia St,FALSE
401581502,2024-02-01,Georgia St,Appalachian St,40,1,14:35,2075,2075,Toneari Lane missed Three Point Jumper.,home,7,6,1,4,FALSE,FALSE,0.2893259520240076,0.5257550141175334,6,5,-6.5,144.5,Anthony Jordan/Doug Shows/Steven Anderson,"Atlanta, GA",GSU Convocation Center,0,3127,NA,NA,Georgia St,missed,Toneari Lane,NA,TRUE,FALSE,Georgia St,Appalachian St,FALSE
401581502,2024-02-01,Georgia St,Appalachian St,41,1,14:32,2072,2072,TreVon Spillers Defensive Rebound.,away,7,6,1,3,FALSE,FALSE,0.2894486951295867,0.5257912264937813,6,5,-6.5,144.5,Anthony Jordan/Doug Shows/Steven Anderson,"Atlanta, GA",GSU Convocation Center,0,3127,NA,NA,NA,NA,NA,NA,NA,NA,Georgia St,Appalachian St,FALSE
401581502,2024-02-01,Georgia St,Appalachian St,42,1,14:20,2060,2060,Myles Tate missed Jumper.,away,7,6,1,12,FALSE,FALSE,0.2899429672050281,0.5259365650576339,6,5,-6.5,144.5,Anthony Jordan/Doug Shows/Steven Anderson,"Atlanta, GA",GSU Convocation Center,0,3127,NA,NA,Appalachian St,missed,Myles Tate,NA,FALSE,FALSE,Appalachian St,Appalachian St,FALSE
401581502,2024-02-01,Georgia St,Appalachian St,43,1,14:11,2051,2051,TreVon Spillers Offensive Rebound.,away,7,6,1,9,FALSE,FALSE,0.2903171311937768,0.5260460953741875,6,5,-6.5,144.5,Anthony Jordan/Doug Shows/Steven Anderson,"Atlanta, GA",GSU Convocation Center,0,3127,NA,NA,NA,NA,NA,NA,NA,NA,Appalachian St,Appalachian St,FALSE
401581502,2024-02-01,Georgia St,Appalachian St,44,1,14:11,2051,2051,TreVon Spillers missed Layup.,away,7,6,1,0,FALSE,FALSE,0.2903171311937768,0.5260460953741875,6,5,-6.5,144.5,Anthony Jordan/Doug Shows/Steven Anderson,"Atlanta, GA",GSU Convocation Center,0,3127,NA,NA,Appalachian St,missed,TreVon Spillers,NA,FALSE,FALSE,Appalachian St,Georgia St,FALSE
401581502,2024-02-01,Georgia St,Appalachian St,45,1,14:11,2051,2051,Dwon Odom Defensive Rebound.,home,7,6,1,0,FALSE,FALSE,0.2903171311937768,0.5260460953741875,6,5,-6.5,144.5,Anthony Jordan/Doug Shows/Steven Anderson,"Atlanta, GA",GSU Convocation Center,0,3127,NA,NA,NA,NA,NA,NA,NA,NA,Appalachian St,Georgia St,FALSE
401581502,2024-02-01,Georgia St,Appalachian St,46,1,14:05,2045,2045,Dwon Odom missed Layup.,home,7,6,1,6,FALSE,FALSE,0.29056821891932827,0.526119373149165,6,5,-6.5,144.5,Anthony Jordan/Doug Shows/Steven Anderson,"Atlanta, GA",GSU Convocation Center,0,3127,NA,NA,Georgia St,missed,Dwon Odom,NA,FALSE,FALSE,Georgia St,Appalachian St,FALSE
401581502,2024-02-01,Georgia St,Appalachian St,47,1,14:01,2041,2041,CJ Huntley Defensive Rebound.,away,7,6,1,4,FALSE,FALSE,0.29073634108844254,0.5261683416298986,6,5,-6.5,144.5,Anthony Jordan/Doug Shows/Steven Anderson,"Atlanta, GA",GSU Convocation Center,0,3127,NA,NA,NA,NA,NA,NA,NA,NA,Georgia St,Appalachian St,FALSE
401581502,2024-02-01,Georgia St,Appalachian St,48,1,13:55,2035,2035,CJ Huntley missed Three Point Jumper.,away,7,6,1,6,FALSE,FALSE,0.29098961887380725,0.5262419720226337,6,5,-6.5,144.5,Anthony Jordan/Doug Shows/Steven Anderson,"Atlanta, GA",GSU Convocation Center,0,3127,NA,NA,Appalachian St,missed,CJ Huntley,NA,TRUE,FALSE,Appalachian St,Georgia St,FALSE
401581502,2024-02-01,Georgia St,Appalachian St,49,1,13:51,2031,2031,Lucas Taylor Defensive Rebound.,home,7,6,1,4,FALSE,FALSE,0.29115919983704874,0.5262911789886499,6,5,-6.5,144.5,Anthony Jordan/Doug Shows/Steven Anderson,"Atlanta, GA",GSU Convocation Center,0,3127,NA,NA,NA,NA,NA,NA,NA,NA,Appalachian St,Georgia St,FALSE
401581502,2024-02-01,Georgia St,Appalachian St,50,1,13:36,2016,2016,Lucas Taylor missed Jumper.,home,7,6,1,15,FALSE,FALSE,0.2918003159289445,0.5264765806034609,6,5,-6.5,144.5,Anthony Jordan/Doug Shows/Steven Anderson,"Atlanta, GA",GSU Convocation Center,0,3127,NA,NA,Georgia St,missed,Lucas Taylor,NA,FALSE,FALSE,Georgia St,Appalachian St,FALSE
401581502,2024-02-01,Georgia St,Appalachian St,51,1,13:31,2011,2011,Myles Tate Defensive Rebound.,away,7,6,1,5,FALSE,FALSE,0.2920158389656945,0.5265386951438418,6,5,-6.5,144.5,Anthony Jordan/Doug Shows/Steven Anderson,"Atlanta, GA",GSU Convocation Center,0,3127,NA,NA,NA,NA,NA,NA,NA,NA,Georgia St,Appalachian St,FALSE
401581502,2024-02-01,Georgia St,Appalachian St,52,1,13:29,2009,2009,Terence Harcum missed Three Point Jumper.,away,7,6,1,2,FALSE,FALSE,0.29210230233407736,0.5265635857943932,6,5,-6.5,144.5,Anthony Jordan/Doug Shows/Steven Anderson,"Atlanta, GA",GSU Convocation Center,0,3127,NA,NA,Appalachian St,missed,Terence Harcum,NA,TRUE,FALSE,Appalachian St,Georgia St,FALSE
401581502,2024-02-01,Georgia St,Appalachian St,53,1,13:24,2004,2004,Georgia State Defensive Rebound.,home,7,6,1,5,FALSE,FALSE,0.2923190957017997,0.5266259256986086,6,5,-6.5,144.5,Anthony Jordan/Doug Shows/Steven Anderson,"Atlanta, GA",GSU Convocation Center,0,3127,NA,NA,NA,NA,NA,NA,NA,NA,Appalachian St,Georgia St,FALSE
401581502,2024-02-01,Georgia St,Appalachian St,54,1,13:05,1985,1985,Lucas Taylor missed Jumper.,home,7,6,1,19,FALSE,FALSE,0.2931511705855978,0.5268643268229812,6,5,-6.5,144.5,Anthony Jordan/Doug Shows/Steven Anderson,"Atlanta, GA",GSU Convocation Center,0,3127,NA,NA,Georgia St,missed,Lucas Taylor,NA,FALSE,FALSE,Georgia St,Appalachian St,FALSE
401581502,2024-02-01,Georgia St,Appalachian St,55,1,13:00,1980,1980,Justin Abson Defensive Rebound.,away,7,6,1,5,FALSE,FALSE,0.29337230773379636,0.5269274710676524,6,5,-6.5,144.5,Anthony Jordan/Doug Shows/Steven Anderson,"Atlanta, GA",GSU Convocation Center,0,3127,NA,NA,NA,NA,NA,NA,NA,NA,Georgia St,Appalachian St,FALSE
401581502,2024-02-01,Georgia St,Appalachian St,56,1,12:39,1959,1959,Terence Harcum missed Layup.,away,7,6,1,21,FALSE,FALSE,0.29431093187684937,0.5271945989230387,6,5,-6.5,144.5,Anthony Jordan/Doug Shows/Steven Anderson,"Atlanta, GA",GSU Convocation Center,0,3127,NA,NA,Appalachian St,missed,Terence Harcum,NA,FALSE,FALSE,Appalachian St,Georgia St,FALSE
401581502,2024-02-01,Georgia St,Appalachian St,57,1,12:35,1955,1955,Edward Nnamoko Defensive Rebound.,home,7,6,1,4,FALSE,FALSE,0.29449151796520784,0.5272458409468128,6,5,-6.5,144.5,Anthony Jordan/Doug Shows/Steven Anderson,"Atlanta, GA",GSU Convocation Center,0,3127,NA,NA,NA,NA,NA,NA,NA,NA,Appalachian St,Georgia St,FALSE
401581502,2024-02-01,Georgia St,Appalachian St,58,1,12:29,1949,1949,Brenden Tucker missed Layup.,home,7,6,1,6,FALSE,FALSE,0.29476347546437975,0.5273229255730184,6,5,-6.5,144.5,Anthony Jordan/Doug Shows/Steven Anderson,"Atlanta, GA",GSU Convocation Center,0,3127,NA,NA,Georgia St,missed,Brenden Tucker,NA,FALSE,FALSE,Georgia St,Appalachian St,FALSE
401581502,2024-02-01,Georgia St,Appalachian St,59,1,12:29,1949,1949,Justin Abson Block.,away,7,6,1,0,FALSE,FALSE,0.29476347546437975,0.5273229255730184,6,5,-6.5,144.5,Anthony Jordan/Doug Shows/Steven Anderson,"Atlanta, GA",GSU Convocation Center,0,3127,NA,NA,NA,NA,NA,NA,NA,NA,Georgia St,Appalachian St,FALSE
401581502,2024-02-01,Georgia St,Appalachian St,60,1,12:25,1945,1945,CJ Huntley Defensive Rebound.,away,7,6,1,4,FALSE,FALSE,0.29494549878479875,0.5273744646385023,6,5,-6.5,144.5,Anthony Jordan/Doug Shows/Steven Anderson,"Atlanta, GA",GSU Convocation Center,0,3127,NA,NA,NA,NA,NA,NA,NA,NA,Georgia St,Appalachian St,FALSE
401581502,2024-02-01,Georgia St,Appalachian St,61,1,12:23,1943,1943,Terence Harcum missed Layup.,away,7,6,1,2,FALSE,FALSE,0.29503672578939355,0.5274002793738733,6,5,-6.5,144.5,Anthony Jordan/Doug Shows/Steven Anderson,"Atlanta, GA",GSU Convocation Center,0,3127,NA,NA,Appalachian St,missed,Terence Harcum,NA,FALSE,FALSE,Appalachian St,Appalachian St,FALSE
401581502,2024-02-01,Georgia St,Appalachian St,62,1,12:23,1943,1943,Appalachian State Offensive Rebound.,away,7,6,1,0,FALSE,FALSE,0.29503672578939355,0.5274002793738733,6,5,-6.5,144.5,Anthony Jordan/Doug Shows/Steven Anderson,"Atlanta, GA",GSU Convocation Center,0,3127,NA,NA,NA,NA,NA,NA,NA,NA,Appalachian St,Appalachian St,FALSE
401581502,2024-02-01,Georgia St,Appalachian St,63,1,12:23,1943,1943,Lucas Taylor Block.,home,7,6,1,0,FALSE,FALSE,0.29503672578939355,0.5274002793738733,6,5,-6.5,144.5,Anthony Jordan/Doug Shows/Steven Anderson,"Atlanta, GA",GSU Convocation Center,0,3127,NA,NA,NA,NA,NA,NA,NA,NA,Appalachian St,Appalachian St,FALSE
401581502,2024-02-01,Georgia St,Appalachian St,64,1,12:12,1932,1932,Myles Tate missed Layup.,away,7,6,1,11,FALSE,FALSE,0.29554103793337205,0.527542805974035,6,5,-6.5,144.5,Anthony Jordan/Doug Shows/Steven Anderson,"Atlanta, GA",GSU Convocation Center,0,3127,NA,NA,Appalachian St,missed,Myles Tate,NA,FALSE,FALSE,Appalachian St,Georgia St,FALSE
401581502,2024-02-01,Georgia St,Appalachian St,65,1,12:08,1928,1928,Brenden Tucker Defensive Rebound.,home,7,6,1,4,FALSE,FALSE,0.2957255080527121,0.5275948448060975,6,5,-6.5,144.5,Anthony Jordan/Doug Shows/Steven Anderson,"Atlanta, GA",GSU Convocation Center,0,3127,NA,NA,NA,NA,NA,NA,NA,NA,Appalachian St,Georgia St,FALSE
401581502,2024-02-01,Georgia St,Appalachian St,66,1,12:06,1926,1926,Foul on Terence Harcum.,away,7,6,1,2,FALSE,TRUE,0.29581798103751966,0.527620859437904,6,5,-6.5,144.5,Anthony Jordan/Doug Shows/Steven Anderson,"Atlanta, GA",GSU Convocation Center,0,3127,NA,NA,NA,NA,NA,NA,NA,NA,Georgia St,Appalachian St,FALSE
401581502,2024-02-01,Georgia St,Appalachian St,67,1,12:06,1926,1926,Brenden Tucker made Free Throw.,home,8,6,2,0,TRUE,FALSE,0.319363919661155,0.5550736534985535,6,5,-6.5,144.5,Anthony Jordan/Doug Shows/Steven Anderson,"Atlanta, GA",GSU Convocation Center,0,3127,NA,NA,Georgia St,made,Brenden Tucker,NA,FALSE,TRUE,Georgia St,Georgia St,FALSE
401581502,2024-02-01,Georgia St,Appalachian St,68,1,12:06,1926,1926,Brenden Tucker missed Free Throw.,home,8,6,2,0,FALSE,FALSE,0.319363919661155,0.5550736534985535,6,5,-6.5,144.5,Anthony Jordan/Doug Shows/Steven Anderson,"Atlanta, GA",GSU Convocation Center,0,3127,NA,NA,Georgia St,missed,Brenden Tucker,NA,FALSE,TRUE,Georgia St,Appalachian St,FALSE
401581502,2024-02-01,Georgia St,Appalachian St,69,1,12:06,1926,1926,Justin Abson Defensive Rebound.,away,8,6,2,0,FALSE,FALSE,0.319363919661155,0.5550736534985535,6,5,-6.5,144.5,Anthony Jordan/Doug Shows/Steven Anderson,"Atlanta, GA",GSU Convocation Center,0,3127,NA,NA,NA,NA,NA,NA,NA,NA,Georgia St,Appalachian St,FALSE
401581502,2024-02-01,Georgia St,Appalachian St,70,1,12:01,1921,1921,CJ Huntley missed Layup.,away,8,6,2,5,FALSE,FALSE,0.31966260123036,0.5552024606924355,6,5,-6.5,144.5,Anthony Jordan/Doug Shows/Steven Anderson,"Atlanta, GA",GSU Convocation Center,0,3127,NA,NA,Appalachian St,missed,CJ Huntley,NA,FALSE,FALSE,Appalachian St,Appalachian St,FALSE
401581502,2024-02-01,Georgia St,Appalachian St,71,1,12:01,1921,1921,Brenden Tucker Block.,home,8,6,2,0,FALSE,FALSE,0.31966260123036,0.5552024606924355,6,5,-6.5,144.5,Anthony Jordan/Doug Shows/Steven Anderson,"Atlanta, GA",GSU Convocation Center,0,3127,NA,NA,NA,NA,NA,NA,NA,NA,Appalachian St,Appalachian St,FALSE
401581502,2024-02-01,Georgia St,Appalachian St,72,1,12:01,1921,1921,Appalachian State Offensive Rebound.,away,8,6,2,0,FALSE,FALSE,0.31966260123036,0.5552024606924355,6,5,-6.5,144.5,Anthony Jordan/Doug Shows/Steven Anderson,"Atlanta, GA",GSU Convocation Center,0,3127,NA,NA,NA,NA,NA,NA,NA,NA,Appalachian St,Appalachian St,FALSE
401581502,2024-02-01,Georgia St,Appalachian St,73,1,11:56,1916,1916, Official TV Timeout,NA,8,6,2,5,FALSE,FALSE,0.319962330106868,0.5553311657182826,6,4,-6.5,144.5,Anthony Jordan/Doug Shows/Steven Anderson,"Atlanta, GA",GSU Convocation Center,0,3127,NA,NA,NA,NA,NA,NA,NA,NA,Appalachian St,Appalachian St,FALSE
401581502,2024-02-01,Georgia St,Appalachian St,74,1,11:52,1912,1912,Justin Abson made Dunk. Assisted by Christopher Mantis.,away,8,8,0,4,TRUE,FALSE,0.2737873454568037,0.5,6,4,-6.5,144.5,Anthony Jordan/Doug Shows/Steven Anderson,"Atlanta, GA",GSU Convocation Center,0,3127,NA,NA,Appalachian St,made,Justin Abson,Christopher Mantis,FALSE,FALSE,Appalachian St,Georgia St,FALSE
401581502,2024-02-01,Georgia St,Appalachian St,75,1,11:28,1888,1888,Brenden Tucker missed Three Point Jumper.,home,8,8,0,24,FALSE,FALSE,0.27462114909117485,0.5,6,4,-6.5,144.5,Anthony Jordan/Doug Shows/Steven Anderson,"Atlanta, GA",GSU Convocation Center,0,3127,NA,NA,Georgia St,missed,Brenden Tucker,NA,TRUE,FALSE,Georgia St,Georgia St,FALSE
401581502,2024-02-01,Georgia St,Appalachian St,76,1,11:25,1885,1885,Lucas Taylor Offensive Rebound.,home,8,8,0,3,FALSE,FALSE,0.27472684852727153,0.5,6,4,-6.5,144.5,Anthony Jordan/Doug Shows/Steven Anderson,"Atlanta, GA",GSU Convocation Center,0,3127,NA,NA,NA,NA,NA,NA,NA,NA,Georgia St,Georgia St,FALSE
401581502,2024-02-01,Georgia St,Appalachian St,77,1,11:22,1882,1882,Edward Nnamoko made Layup. Assisted by Lucas Taylor.,home,10,8,2,3,TRUE,FALSE,0.32202871552209733,0.5562051465402923,6,4,-6.5,144.5,Anthony Jordan/Doug Shows/Steven Anderson,"Atlanta, GA",GSU Convocation Center,0,3127,NA,NA,Georgia St,made,Edward Nnamoko,Lucas Taylor,FALSE,FALSE,Georgia St,Appalachian St,FALSE
401581502,2024-02-01,Georgia St,Appalachian St,78,1,10:50,1850,1850,Xavion Brown missed Jumper.,away,10,8,2,32,FALSE,FALSE,0.32401968639017575,0.5570296260454703,6,4,-6.5,144.5,Anthony Jordan/Doug Shows/Steven Anderson,"Atlanta, GA",GSU Convocation Center,0,3127,NA,NA,Appalachian St,missed,Xavion Brown,NA,FALSE,FALSE,Appalachian St,Georgia St,FALSE
401581502,2024-02-01,Georgia St,Appalachian St,79,1,10:48,1848,1848,Georgia State Defensive Rebound.,home,10,8,2,2,FALSE,FALSE,0.3241456440230781,0.557081335857518,6,4,-6.5,144.5,Anthony Jordan/Doug Shows/Steven Anderson,"Atlanta, GA",GSU Convocation Center,0,3127,NA,NA,NA,NA,NA,NA,NA,NA,Appalachian St,Georgia St,FALSE
401581502,2024-02-01,Georgia St,Appalachian St,80,1,10:36,1836,1836,Toneari Lane missed Three Point Jumper.,home,10,8,2,12,FALSE,FALSE,0.32490521128512473,0.5573922366831335,6,4,-6.5,144.5,Anthony Jordan/Doug Shows/Steven Anderson,"Atlanta, GA",GSU Convocation Center,0,3127,NA,NA,Georgia St,missed,Toneari Lane,NA,TRUE,FALSE,Georgia St,Appalachian St,FALSE
401581502,2024-02-01,Georgia St,Appalachian St,81,1,10:33,1833,1833,Christopher Mantis Defensive Rebound.,away,10,8,2,3,FALSE,FALSE,0.32509613280400573,0.5574701533934427,6,4,-6.5,144.5,Anthony Jordan/Doug Shows/Steven Anderson,"Atlanta, GA",GSU Convocation Center,0,3127,NA,NA,NA,NA,NA,NA,NA,NA,Georgia St,Appalachian St,FALSE
401581502,2024-02-01,Georgia St,Appalachian St,82,1,10:13,1813,1813,Christopher Mantis made Jumper. Assisted by Myles Tate.,away,10,10,0,20,TRUE,FALSE,0.2773545329601609,0.5,6,4,-6.5,144.5,Anthony Jordan/Doug Shows/Steven Anderson,"Atlanta, GA",GSU Convocation Center,0,3127,NA,NA,Appalachian St,made,Christopher Mantis,Myles Tate,FALSE,FALSE,Appalachian St,Georgia St,FALSE
401581502,2024-02-01,Georgia St,Appalachian St,83,1,10:13,1813,1813,Foul on Toneari Lane.,home,10,10,0,0,FALSE,TRUE,0.2773545329601609,0.5,6,4,-6.5,144.5,Anthony Jordan/Doug Shows/Steven Anderson,"Atlanta, GA",GSU Convocation Center,0,3127,NA,NA,NA,NA,NA,NA,NA,NA,Appalachian St,Appalachian St,FALSE
401581502,2024-02-01,Georgia St,Appalachian St,84,1,10:13,1813,1813,Christopher Mantis made Free Throw.,away,10,11,-1,0,TRUE,FALSE,0.2546183895976174,0.47090583954998644,6,4,-6.5,144.5,Anthony Jordan/Doug Shows/Steven Anderson,"Atlanta, GA",GSU Convocation Center,0,3127,NA,NA,Appalachian St,made,Christopher Mantis,NA,FALSE,TRUE,Appalachian St,Georgia St,FALSE
401581502,2024-02-01,Georgia St,Appalachian St,85,1,10:01,1801,1801,Edward Nnamoko missed Jumper.,home,10,11,-1,12,FALSE,FALSE,0.2549265420292724,0.47074651711344045,6,4,-6.5,144.5,Anthony Jordan/Doug Shows/Steven Anderson,"Atlanta, GA",GSU Convocation Center,0,3127,NA,NA,Georgia St,missed,Edward Nnamoko,NA,FALSE,FALSE,Georgia St,Appalachian St,FALSE
401581502,2024-02-01,Georgia St,Appalachian St,86,1,9:57,1797,1797,Xavion Brown Defensive Rebound.,away,10,11,-1,4,FALSE,FALSE,0.25502991431080635,0.47069318059406134,6,4,-6.5,144.5,Anthony Jordan/Doug Shows/Steven Anderson,"Atlanta, GA",GSU Convocation Center,0,3127,NA,NA,NA,NA,NA,NA,NA,NA,Georgia St,Appalachian St,FALSE
401581502,2024-02-01,Georgia St,Appalachian St,87,1,9:47,1787,1787,Xavion Brown made Jumper.,away,10,13,-3,10,TRUE,FALSE,0.21309075352892265,0.41248604037944897,6,4,-6.5,144.5,Anthony Jordan/Doug Shows/Steven Anderson,"Atlanta, GA",GSU Convocation Center,0,3127,NA,NA,Appalachian St,made,Xavion Brown,NA,FALSE,FALSE,Appalachian St,Georgia St,FALSE
401581502,2024-02-01,Georgia St,Appalachian St,88,1,9:23,1763,1763,Julian Mackey missed Three Point Jumper.,home,10,13,-3,24,FALSE,FALSE,0.21320908348528306,0.41153811526745737,6,4,-6.5,144.5,Anthony Jordan/Doug Shows/Steven Anderson,"Atlanta, GA",GSU Convocation Center,0,3127,NA,NA,Georgia St,missed,Julian Mackey,NA,TRUE,FALSE,Georgia St,Appalachian St,FALSE
401581502,2024-02-01,Georgia St,Appalachian St,89,1,9:18,1758,1758,Justin Abson Defensive Rebound.,away,10,13,-3,5,FALSE,FALSE,0.21323366045779893,0.41133862792555703,6,4,-6.5,144.5,Anthony Jordan/Doug Shows/Steven Anderson,"Atlanta, GA",GSU Convocation Center,0,3127,NA,NA,NA,NA,NA,NA,NA,NA,Georgia St,Appalachian St,FALSE
401581502,2024-02-01,Georgia St,Appalachian St,90,1,9:15,1755,1755,Christopher Mantis made Three Point Jumper. Assisted by Xavion Brown.,away,10,16,-6,3,TRUE,FALSE,0.15917420985528197,0.32786434118809077,6,4,-6.5,144.5,Anthony Jordan/Doug Shows/Steven Anderson,"Atlanta, GA",GSU Convocation Center,0,3127,NA,NA,Appalachian St,made,Christopher Mantis,Xavion Brown,TRUE,FALSE,Appalachian St,Georgia St,FALSE
401581502,2024-02-01,Georgia St,Appalachian St,91,1,9:14,1754,1754,Georgia State  Timeout,home,10,16,-6,1,FALSE,FALSE,0.15915595876810557,0.3277913868136071,6,3,-6.5,144.5,Anthony Jordan/Doug Shows/Steven Anderson,"Atlanta, GA",GSU Convocation Center,0,3127,NA,NA,NA,NA,NA,NA,NA,NA,Georgia St,Georgia St,FALSE
401581502,2024-02-01,Georgia St,Appalachian St,92,1,8:59,1739,1739,Dwon Odom missed Jumper.,home,10,16,-6,15,FALSE,FALSE,0.15887963940432176,0.32669081274317746,6,3,-6.5,144.5,Anthony Jordan/Doug Shows/Steven Anderson,"Atlanta, GA",GSU Convocation Center,0,3127,NA,NA,Georgia St,missed,Dwon Odom,NA,FALSE,FALSE,Georgia St,Georgia St,FALSE
401581502,2024-02-01,Georgia St,Appalachian St,93,1,8:59,1739,1739,Donovan Gregory Block.,away,10,16,-6,0,FALSE,FALSE,0.15887963940432176,0.32669081274317746,6,3,-6.5,144.5,Anthony Jordan/Doug Shows/Steven Anderson,"Atlanta, GA",GSU Convocation Center,0,3127,NA,NA,NA,NA,NA,NA,NA,NA,Georgia St,Georgia St,FALSE
401581502,2024-02-01,Georgia St,Appalachian St,94,1,8:57,1737,1737,Dwon Odom Offensive Rebound.,home,10,16,-6,2,FALSE,FALSE,0.15884240414854314,0.3265431433741533,6,3,-6.5,144.5,Anthony Jordan/Doug Shows/Steven Anderson,"Atlanta, GA",GSU Convocation Center,0,3127,NA,NA,NA,NA,NA,NA,NA,NA,Georgia St,Georgia St,FALSE
401581502,2024-02-01,Georgia St,Appalachian St,95,1,8:57,1737,1737,Foul on Donovan Gregory.,away,10,16,-6,0,FALSE,TRUE,0.15884240414854314,0.3265431433741533,6,3,-6.5,144.5,Anthony Jordan/Doug Shows/Steven Anderson,"Atlanta, GA",GSU Convocation Center,0,3127,NA,NA,NA,NA,NA,NA,NA,NA,Georgia St,Georgia St,FALSE
401581502,2024-02-01,Georgia St,Appalachian St,96,1,8:57,1737,1737,Dwon Odom made Free Throw.,home,11,16,-5,0,TRUE,FALSE,0.17563247580988356,0.3536077628140742,6,3,-6.5,144.5,Anthony Jordan/Doug Shows/Steven Anderson,"Atlanta, GA",GSU Convocation Center,0,3127,NA,NA,Georgia St,made,Dwon Odom,NA,FALSE,TRUE,Georgia St,Georgia St,FALSE
401581502,2024-02-01,Georgia St,Appalachian St,97,1,8:57,1737,1737,Dwon Odom made Free Throw.,home,12,16,-4,0,TRUE,FALSE,0.19378842980215974,0.3816443623783638,6,3,-6.5,144.5,Anthony Jordan/Doug Shows/Steven Anderson,"Atlanta, GA",GSU Convocation Center,0,3127,NA,NA,Georgia St,made,Dwon Odom,NA,FALSE,TRUE,Georgia St,Appalachian St,FALSE
401581502,2024-02-01,Georgia St,Appalachian St,98,1,8:29,1709,1709,Jordan Marsh missed Jumper.,away,12,16,-4,28,FALSE,FALSE,0.19366087829688067,0.380145882340714,6,3,-6.5,144.5,Anthony Jordan/Doug Shows/Steven Anderson,"Atlanta, GA",GSU Convocation Center,0,3127,NA,NA,Appalachian St,missed,Jordan Marsh,NA,FALSE,FALSE,Appalachian St,Appalachian St,FALSE
401581502,2024-02-01,Georgia St,Appalachian St,99,1,8:22,1702,1702,Justin Abson Offensive Rebound.,away,12,16,-4,7,FALSE,FALSE,0.19362638270391602,0.37976512929794765,6,3,-6.5,144.5,Anthony Jordan/Doug Shows/Steven Anderson,"Atlanta, GA",GSU Convocation Center,0,3127,NA,NA,NA,NA,NA,NA,NA,NA,Appalachian St,Appalachian St,FALSE
401581502,2024-02-01,Georgia St,Appalachian St,100,1,8:22,1702,1702,Justin Abson made Layup.,away,12,18,-6,0,TRUE,FALSE,0.15817244000017383,0.32391933572901566,6,3,-6.5,144.5,Anthony Jordan/Doug Shows/Steven Anderson,"Atlanta, GA",GSU Convocation Center,0,3127,NA,NA,Appalachian St,made,Justin Abson,NA,FALSE,FALSE,Appalachian St,Georgia St,FALSE
401581502,2024-02-01,Georgia St,Appalachian St,101,1,8:10,1690,1690,Dwon Odom made Layup. Assisted by Toneari Lane.,home,14,18,-4,12,TRUE,FALSE,0.19356434923538546,0.3791061959943195,6,3,-6.5,144.5,Anthony Jordan/Doug Shows/Steven Anderson,"Atlanta, GA",GSU Convocation Center,0,3127,NA,NA,Georgia St,made,Dwon Odom,Toneari Lane,FALSE,FALSE,Georgia St,Appalachian St,FALSE
401581502,2024-02-01,Georgia St,Appalachian St,102,1,7:56,1676,1676,Christopher Mantis missed Three Point Jumper.,away,14,18,-4,14,FALSE,FALSE,0.19350027381201285,0.3783413796970828,6,3,-6.5,144.5,Anthony Jordan/Doug Shows/Steven Anderson,"Atlanta, GA",GSU Convocation Center,0,3127,NA,NA,Appalachian St,missed,Christopher Mantis,NA,TRUE,FALSE,Appalachian St,Georgia St,FALSE
401581502,2024-02-01,Georgia St,Appalachian St,103,1,7:52,1672,1672,Georgia State Defensive Rebound.,home,14,18,-4,4,FALSE,FALSE,0.19348563980984146,0.3781258180546415,6,3,-6.5,144.5,Anthony Jordan/Doug Shows/Steven Anderson,"Atlanta, GA",GSU Convocation Center,0,3127,NA,NA,NA,NA,NA,NA,NA,NA,Appalachian St,Georgia St,FALSE
401581502,2024-02-01,Georgia St,Appalachian St,104,1,7:49,1669,1669, Official TV Timeout,NA,14,18,-4,3,FALSE,FALSE,0.19347566409119793,0.37796493224971633,6,2,-6.5,144.5,Anthony Jordan/Doug Shows/Steven Anderson,"Atlanta, GA",GSU Convocation Center,0,3127,NA,NA,NA,NA,NA,NA,NA,NA,Georgia St,Georgia St,FALSE
401581502,2024-02-01,Georgia St,Appalachian St,105,1,7:30,1650,1650,Toneari Lane missed Layup.,home,14,18,-4,19,FALSE,FALSE,0.1934306236890674,0.376959726337779,6,2,-6.5,144.5,Anthony Jordan/Doug Shows/Steven Anderson,"Atlanta, GA",GSU Convocation Center,0,3127,NA,NA,Georgia St,missed,Toneari Lane,NA,FALSE,FALSE,Georgia St,Appalachian St,FALSE
401581502,2024-02-01,Georgia St,Appalachian St,106,1,7:27,1647,1647,Justin Abson Defensive Rebound.,away,14,18,-4,3,FALSE,FALSE,0.19342610897442838,0.3768028912749345,6,2,-6.5,144.5,Anthony Jordan/Doug Shows/Steven Anderson,"Atlanta, GA",GSU Convocation Center,0,3127,NA,NA,NA,NA,NA,NA,NA,NA,Georgia St,Appalachian St,FALSE
401581502,2024-02-01,Georgia St,Appalachian St,107,1,7:23,1643,1643,TreVon Spillers made Jumper. Assisted by Christopher Mantis.,away,14,20,-6,4,TRUE,FALSE,0.1571025647932026,0.31950607878524684,6,2,-6.5,144.5,Anthony Jordan/Doug Shows/Steven Anderson,"Atlanta, GA",GSU Convocation Center,0,3127,NA,NA,Appalachian St,made,TreVon Spillers,Christopher Mantis,FALSE,FALSE,Appalachian St,Georgia St,FALSE
401581502,2024-02-01,Georgia St,Appalachian St,108,1,7:02,1622,1622,Brenden Tucker missed Layup.,home,14,20,-6,21,FALSE,FALSE,0.15678805930191125,0.31800088202346877,6,2,-6.5,144.5,Anthony Jordan/Doug Shows/Steven Anderson,"Atlanta, GA",GSU Convocation Center,0,3127,NA,NA,Georgia St,missed,Brenden Tucker,NA,FALSE,FALSE,Georgia St,Appalachian St,FALSE
401581502,2024-02-01,Georgia St,Appalachian St,109,1,6:58,1618,1618,Justin Abson Defensive Rebound.,away,14,20,-6,4,FALSE,FALSE,0.15673076635188002,0.3177163683806719,6,2,-6.5,144.5,Anthony Jordan/Doug Shows/Steven Anderson,"Atlanta, GA",GSU Convocation Center,0,3127,NA,NA,NA,NA,NA,NA,NA,NA,Georgia St,Appalachian St,FALSE
401581502,2024-02-01,Georgia St,Appalachian St,110,1,6:56,1616,1616,Christopher Mantis missed Three Point Jumper.,away,14,20,-6,2,FALSE,FALSE,0.15670237272941506,0.3175742964242657,6,2,-6.5,144.5,Anthony Jordan/Doug Shows/Steven Anderson,"Atlanta, GA",GSU Convocation Center,0,3127,NA,NA,Appalachian St,missed,Christopher Mantis,NA,TRUE,FALSE,Appalachian St,Georgia St,FALSE
401581502,2024-02-01,Georgia St,Appalachian St,111,1,6:52,1612,1612,Toneari Lane Defensive Rebound.,home,14,20,-6,4,FALSE,FALSE,0.15664604634724896,0.31729046467895466,6,2,-6.5,144.5,Anthony Jordan/Doug Shows/Steven Anderson,"Atlanta, GA",GSU Convocation Center,0,3127,NA,NA,NA,NA,NA,NA,NA,NA,Appalachian St,Georgia St,FALSE
401581502,2024-02-01,Georgia St,Appalachian St,112,1,6:33,1593,1593,Leslie Nkereuwem missed Jumper.,home,14,20,-6,19,FALSE,FALSE,0.15638485084167678,0.31594533666303387,6,2,-6.5,144.5,Anthony Jordan/Doug Shows/Steven Anderson,"Atlanta, GA",GSU Convocation Center,0,3127,NA,NA,Georgia St,missed,Leslie Nkereuwem,NA,FALSE,FALSE,Georgia St,Appalachian St,FALSE
401581502,2024-02-01,Georgia St,Appalachian St,113,1,6:29,1589,1589,Justin Abson Defensive Rebound.,away,14,20,-6,4,FALSE,FALSE,0.15633073807506612,0.3156622070514508,6,2,-6.5,144.5,Anthony Jordan/Doug Shows/Steven Anderson,"Atlanta, GA",GSU Convocation Center,0,3127,NA,NA,NA,NA,NA,NA,NA,NA,Georgia St,Appalachian St,FALSE
401581502,2024-02-01,Georgia St,Appalachian St,114,1,6:27,1587,1587,Foul on Brenden Tucker.,home,14,20,-6,2,FALSE,TRUE,0.15630374023012117,0.3155205782421743,6,2,-6.5,144.5,Anthony Jordan/Doug Shows/Steven Anderson,"Atlanta, GA",GSU Convocation Center,0,3127,NA,NA,NA,NA,NA,NA,NA,NA,Appalachian St,Appalachian St,FALSE
401581502,2024-02-01,Georgia St,Appalachian St,115,1,6:27,1587,1587,Jordan Marsh missed Free Throw.,away,14,20,-6,0,FALSE,FALSE,0.15630374023012117,0.3155205782421743,6,2,-6.5,144.5,Anthony Jordan/Doug Shows/Steven Anderson,"Atlanta, GA",GSU Convocation Center,0,3127,NA,NA,Appalachian St,missed,Jordan Marsh,NA,FALSE,TRUE,Appalachian St,Appalachian St,FALSE
401581502,2024-02-01,Georgia St,Appalachian St,116,1,6:27,1587,1587,Appalachian State Offensive Rebound.,away,14,20,-6,0,FALSE,FALSE,0.15630374023012117,0.3155205782421743,6,2,-6.5,144.5,Anthony Jordan/Doug Shows/Steven Anderson,"Atlanta, GA",GSU Convocation Center,0,3127,NA,NA,NA,NA,NA,NA,NA,NA,Appalachian St,Appalachian St,FALSE
401581502,2024-02-01,Georgia St,Appalachian St,117,1,6:27,1587,1587,Jordan Marsh made Free Throw.,away,14,21,-7,0,TRUE,FALSE,0.14002722939916484,0.28833031602698606,6,2,-6.5,144.5,Anthony Jordan/Doug Shows/Steven Anderson,"Atlanta, GA",GSU Convocation Center,0,3127,NA,NA,Appalachian St,made,Jordan Marsh,NA,FALSE,TRUE,Appalachian St,Georgia St,FALSE
401581502,2024-02-01,Georgia St,Appalachian St,118,1,6:25,1585,1585,Lucas Taylor Turnover.,home,14,21,-7,2,FALSE,FALSE,0.13998943509827708,0.288173265820051,6,2,-6.5,144.5,Anthony Jordan/Doug Shows/Steven Anderson,"Atlanta, GA",GSU Convocation Center,0,3127,NA,NA,NA,NA,NA,NA,NA,NA,Georgia St,Appalachian St,FALSE
401581502,2024-02-01,Georgia St,Appalachian St,119,1,6:09,1569,1569,CJ Huntley made Dunk. Assisted by Xavion Brown.,away,14,23,-9,16,TRUE,FALSE,0.11125211281651017,0.23675695768329624,6,2,-6.5,144.5,Anthony Jordan/Doug Shows/Steven Anderson,"Atlanta, GA",GSU Convocation Center,0,3127,NA,NA,Appalachian St,made,CJ Huntley,Xavion Brown,FALSE,FALSE,Appalachian St,Georgia St,FALSE
401581502,2024-02-01,Georgia St,Appalachian St,120,1,5:53,1553,1553,Lucas Taylor made Jumper.,home,16,23,-7,16,TRUE,FALSE,0.1393801644795293,0.28564331287701045,6,2,-6.5,144.5,Anthony Jordan/Doug Shows/Steven Anderson,"Atlanta, GA",GSU Convocation Center,0,3127,NA,NA,Georgia St,made,Lucas Taylor,NA,FALSE,FALSE,Georgia St,Appalachian St,FALSE
401581502,2024-02-01,Georgia St,Appalachian St,121,1,5:38,1538,1538,Xavion Brown missed Layup.,away,16,23,-7,15,FALSE,FALSE,0.13908506991532102,0.2844373804788406,6,2,-6.5,144.5,Anthony Jordan/Doug Shows/Steven Anderson,"Atlanta, GA",GSU Convocation Center,0,3127,NA,NA,Appalachian St,missed,Xavion Brown,NA,FALSE,FALSE,Appalachian St,Georgia St,FALSE
401581502,2024-02-01,Georgia St,Appalachian St,122,1,5:34,1534,1534,Leslie Nkereuwem Defensive Rebound.,home,16,23,-7,4,FALSE,FALSE,0.1390046245455827,0.28411265091933674,6,2,-6.5,144.5,Anthony Jordan/Doug Shows/Steven Anderson,"Atlanta, GA",GSU Convocation Center,0,3127,NA,NA,NA,NA,NA,NA,NA,NA,Appalachian St,Georgia St,FALSE
401581502,2024-02-01,Georgia St,Appalachian St,123,1,5:28,1528,1528,Dwon Odom missed Jumper.,home,16,23,-7,6,FALSE,FALSE,0.13888229188282358,0.28362269264405876,6,2,-6.5,144.5,Anthony Jordan/Doug Shows/Steven Anderson,"Atlanta, GA",GSU Convocation Center,0,3127,NA,NA,Georgia St,missed,Dwon Odom,NA,FALSE,FALSE,Georgia St,Appalachian St,FALSE
401581502,2024-02-01,Georgia St,Appalachian St,124,1,5:24,1524,1524,TreVon Spillers Defensive Rebound.,away,16,23,-7,4,FALSE,FALSE,0.1387995228099268,0.2832940038047086,6,2,-6.5,144.5,Anthony Jordan/Doug Shows/Steven Anderson,"Atlanta, GA",GSU Convocation Center,0,3127,NA,NA,NA,NA,NA,NA,NA,NA,Georgia St,Appalachian St,FALSE
401581502,2024-02-01,Georgia St,Appalachian St,125,1,5:20,1520,1520,Jordan Marsh missed Layup.,away,16,23,-7,4,FALSE,FALSE,0.1387156993978574,0.2829635628192413,6,2,-6.5,144.5,Anthony Jordan/Doug Shows/Steven Anderson,"Atlanta, GA",GSU Convocation Center,0,3127,NA,NA,Appalachian St,missed,Jordan Marsh,NA,FALSE,FALSE,Appalachian St,Appalachian St,FALSE
401581502,2024-02-01,Georgia St,Appalachian St,126,1,5:20,1520,1520,Jay'Den Turner Block.,home,16,23,-7,0,FALSE,FALSE,0.1387156993978574,0.2829635628192413,6,2,-6.5,144.5,Anthony Jordan/Doug Shows/Steven Anderson,"Atlanta, GA",GSU Convocation Center,0,3127,NA,NA,NA,NA,NA,NA,NA,NA,Appalachian St,Appalachian St,FALSE
401581502,2024-02-01,Georgia St,Appalachian St,127,1,5:20,1520,1520,Appalachian State Offensive Rebound.,away,16,23,-7,0,FALSE,FALSE,0.1387156993978574,0.2829635628192413,6,2,-6.5,144.5,Anthony Jordan/Doug Shows/Steven Anderson,"Atlanta, GA",GSU Convocation Center,0,3127,NA,NA,NA,NA,NA,NA,NA,NA,Appalachian St,Appalachian St,FALSE
401581502,2024-02-01,Georgia St,Appalachian St,128,1,5:04,1504,1504,Jordan Marsh missed Jumper.,away,16,23,-7,16,FALSE,FALSE,0.13836844300355025,0.2816223666140676,6,2,-6.5,144.5,Anthony Jordan/Doug Shows/Steven Anderson,"Atlanta, GA",GSU Convocation Center,0,3127,NA,NA,Appalachian St,missed,Jordan Marsh,NA,FALSE,FALSE,Appalachian St,Georgia St,FALSE
401581502,2024-02-01,Georgia St,Appalachian St,129,1,4:58,1498,1498,Dwon Odom Defensive Rebound.,home,16,23,-7,6,FALSE,FALSE,0.1382326559543851,0.2811105537923888,6,2,-6.5,144.5,Anthony Jordan/Doug Shows/Steven Anderson,"Atlanta, GA",GSU Convocation Center,0,3127,NA,NA,NA,NA,NA,NA,NA,NA,Appalachian St,Georgia St,FALSE
401581502,2024-02-01,Georgia St,Appalachian St,130,1,4:56,1496,1496,Lucas Taylor made Three Point Jumper. Assisted by Jay'Den Turner.,home,19,23,-4,2,TRUE,FALSE,0.19346388422019936,0.36887779010234506,6,2,-6.5,144.5,Anthony Jordan/Doug Shows/Steven Anderson,"Atlanta, GA",GSU Convocation Center,0,3127,NA,NA,Georgia St,made,Lucas Taylor,Jay'Den Turner,TRUE,FALSE,Georgia St,Appalachian St,FALSE
401581502,2024-02-01,Georgia St,Appalachian St,131,1,4:23,1463,1463,Jordan Marsh missed Layup.,away,19,23,-4,33,FALSE,FALSE,0.19335796223276763,0.36694413952541444,6,2,-6.5,144.5,Anthony Jordan/Doug Shows/Steven Anderson,"Atlanta, GA",GSU Convocation Center,0,3127,NA,NA,Appalachian St,missed,Jordan Marsh,NA,FALSE,FALSE,Appalachian St,Georgia St,FALSE
401581502,2024-02-01,Georgia St,Appalachian St,132,1,4:20,1460,1460,Leslie Nkereuwem Defensive Rebound.,home,19,23,-4,3,FALSE,FALSE,0.19334304415994558,0.3667613659591842,6,2,-6.5,144.5,Anthony Jordan/Doug Shows/Steven Anderson,"Atlanta, GA",GSU Convocation Center,0,3127,NA,NA,NA,NA,NA,NA,NA,NA,Appalachian St,Georgia St,FALSE
401581502,2024-02-01,Georgia St,Appalachian St,133,1,4:15,1455,1455,Dwon Odom Turnover.,home,19,23,-4,5,FALSE,FALSE,0.19331595849234928,0.3664538835096489,6,2,-6.5,144.5,Anthony Jordan/Doug Shows/Steven Anderson,"Atlanta, GA",GSU Convocation Center,0,3127,NA,NA,NA,NA,NA,NA,NA,NA,Georgia St,Appalachian St,FALSE
401581502,2024-02-01,Georgia St,Appalachian St,134,1,4:15,1455,1455,Xavion Brown Steal.,away,19,23,-4,0,FALSE,FALSE,0.19331595849234928,0.3664538835096489,6,2,-6.5,144.5,Anthony Jordan/Doug Shows/Steven Anderson,"Atlanta, GA",GSU Convocation Center,0,3127,NA,NA,NA,NA,NA,NA,NA,NA,Georgia St,Appalachian St,FALSE
401581502,2024-02-01,Georgia St,Appalachian St,135,1,4:09,1449,1449,TreVon Spillers missed Jumper.,away,19,23,-4,6,FALSE,FALSE,0.19327976802742886,0.3660801847224356,6,2,-6.5,144.5,Anthony Jordan/Doug Shows/Steven Anderson,"Atlanta, GA",GSU Convocation Center,0,3127,NA,NA,Appalachian St,missed,TreVon Spillers,NA,FALSE,FALSE,Appalachian St,Appalachian St,FALSE
401581502,2024-02-01,Georgia St,Appalachian St,136,1,4:02,1442,1442,TreVon Spillers Offensive Rebound.,away,19,23,-4,7,FALSE,FALSE,0.1932398425559183,0.3656465167977245,6,2,-6.5,144.5,Anthony Jordan/Doug Shows/Steven Anderson,"Atlanta, GA",GSU Convocation Center,0,3127,NA,NA,NA,NA,NA,NA,NA,NA,Appalachian St,Appalachian St,FALSE
401581502,2024-02-01,Georgia St,Appalachian St,137,1,4:00,1440,1440,CJ Huntley made Three Point Jumper. Assisted by TreVon Spillers.,away,19,26,-7,2,TRUE,FALSE,0.1367250422114323,0.27586440896367986,6,2,-6.5,144.5,Anthony Jordan/Doug Shows/Steven Anderson,"Atlanta, GA",GSU Convocation Center,0,3127,NA,NA,Appalachian St,made,CJ Huntley,TreVon Spillers,TRUE,FALSE,Appalachian St,Georgia St,FALSE
401581502,2024-02-01,Georgia St,Appalachian St,138,1,4:00,1440,1440,Appalachian State  Timeout,away,19,26,-7,0,FALSE,FALSE,0.1367250422114323,0.27586440896367986,6,1,-6.5,144.5,Anthony Jordan/Doug Shows/Steven Anderson,"Atlanta, GA",GSU Convocation Center,0,3127,NA,NA,NA,NA,NA,NA,NA,NA,Appalachian St,Georgia St,FALSE
401581502,2024-02-01,Georgia St,Appalachian St,139,1,4:00,1440,1440, Official TV Timeout,NA,19,26,-7,0,FALSE,FALSE,0.1367250422114323,0.27586440896367986,6,0,-6.5,144.5,Anthony Jordan/Doug Shows/Steven Anderson,"Atlanta, GA",GSU Convocation Center,0,3127,NA,NA,NA,NA,NA,NA,NA,NA,Appalachian St,Georgia St,FALSE
401581502,2024-02-01,Georgia St,Appalachian St,140,1,3:48,1428,1428,Lucas Taylor Turnover.,home,19,26,-7,12,FALSE,FALSE,0.13640898121668735,0.2747719809973459,6,0,-6.5,144.5,Anthony Jordan/Doug Shows/Steven Anderson,"Atlanta, GA",GSU Convocation Center,0,3127,NA,NA,NA,NA,NA,NA,NA,NA,Georgia St,Appalachian St,FALSE
401581502,2024-02-01,Georgia St,Appalachian St,141,1,3:31,1411,1411,TreVon Spillers made Jumper.,away,19,28,-9,17,TRUE,FALSE,0.10636145644500451,0.2213926215871364,6,0,-6.5,144.5,Anthony Jordan/Doug Shows/Steven Anderson,"Atlanta, GA",GSU Convocation Center,0,3127,NA,NA,Appalachian St,made,TreVon Spillers,NA,FALSE,FALSE,Appalachian St,Georgia St,FALSE
401581502,2024-02-01,Georgia St,Appalachian St,142,1,3:12,1392,1392,Lucas Taylor made Jumper. Assisted by Toneari Lane.,home,21,28,-7,19,TRUE,FALSE,0.13555364023097166,0.27162898720334855,6,0,-6.5,144.5,Anthony Jordan/Doug Shows/Steven Anderson,"Atlanta, GA",GSU Convocation Center,0,3127,NA,NA,Georgia St,made,Lucas Taylor,Toneari Lane,FALSE,FALSE,Georgia St,Appalachian St,FALSE
401581502,2024-02-01,Georgia St,Appalachian St,143,1,2:53,1373,1373,TreVon Spillers missed Layup.,away,21,28,-7,19,FALSE,FALSE,0.1351372911113239,0.2700187937239044,6,0,-6.5,144.5,Anthony Jordan/Doug Shows/Steven Anderson,"Atlanta, GA",GSU Convocation Center,0,3127,NA,NA,Appalachian St,missed,TreVon Spillers,NA,FALSE,FALSE,Appalachian St,Georgia St,FALSE
401581502,2024-02-01,Georgia St,Appalachian St,144,1,2:48,1368,1368,Jay'Den Turner Defensive Rebound.,home,21,28,-7,5,FALSE,FALSE,0.1350296117143035,0.2695973352033837,6,0,-6.5,144.5,Anthony Jordan/Doug Shows/Steven Anderson,"Atlanta, GA",GSU Convocation Center,0,3127,NA,NA,NA,NA,NA,NA,NA,NA,Appalachian St,Georgia St,FALSE
401581502,2024-02-01,Georgia St,Appalachian St,145,1,2:44,1364,1364,Dwon Odom missed Layup.,home,21,28,-7,4,FALSE,FALSE,0.13494373684141706,0.26926039440389765,6,0,-6.5,144.5,Anthony Jordan/Doug Shows/Steven Anderson,"Atlanta, GA",GSU Convocation Center,0,3127,NA,NA,Georgia St,missed,Dwon Odom,NA,FALSE,FALSE,Georgia St,Georgia St,FALSE
401581502,2024-02-01,Georgia St,Appalachian St,146,1,2:40,1360,1360,Leslie Nkereuwem Offensive Rebound.,home,21,28,-7,4,FALSE,FALSE,0.13485797863859442,0.26892346710378484,6,0,-6.5,144.5,Anthony Jordan/Doug Shows/Steven Anderson,"Atlanta, GA",GSU Convocation Center,0,3127,NA,NA,NA,NA,NA,NA,NA,NA,Georgia St,Georgia St,FALSE
401581502,2024-02-01,Georgia St,Appalachian St,147,1,2:36,1356,1356,Jay'Den Turner made Three Point Jumper. Assisted by Leslie Nkereuwem.,home,24,28,-4,4,TRUE,FALSE,0.19308917916984603,0.3606691827877513,6,0,-6.5,144.5,Anthony Jordan/Doug Shows/Steven Anderson,"Atlanta, GA",GSU Convocation Center,0,3127,NA,NA,Georgia St,made,Jay'Den Turner,Leslie Nkereuwem,TRUE,FALSE,Georgia St,Appalachian St,FALSE
401581502,2024-02-01,Georgia St,Appalachian St,148,1,2:30,1350,1350,Myles Tate made Layup. Assisted by Xavion Brown.,away,24,30,-6,6,TRUE,FALSE,0.15225429141833113,0.2971509781086134,6,0,-6.5,144.5,Anthony Jordan/Doug Shows/Steven Anderson,"Atlanta, GA",GSU Convocation Center,0,3127,NA,NA,Appalachian St,made,Myles Tate,Xavion Brown,FALSE,FALSE,Appalachian St,Georgia St,FALSE
401581502,2024-02-01,Georgia St,Appalachian St,149,1,2:16,1336,1336,Leslie Nkereuwem missed Jumper.,home,24,30,-6,14,FALSE,FALSE,0.1520293607507069,0.2960671673298586,6,0,-6.5,144.5,Anthony Jordan/Doug Shows/Steven Anderson,"Atlanta, GA",GSU Convocation Center,0,3127,NA,NA,Georgia St,missed,Leslie Nkereuwem,NA,FALSE,FALSE,Georgia St,Georgia St,FALSE
401581502,2024-02-01,Georgia St,Appalachian St,150,1,2:15,1335,1335,Leslie Nkereuwem Offensive Rebound.,home,24,30,-6,1,FALSE,FALSE,0.15201305293398745,0.2959892957081588,6,0,-6.5,144.5,Anthony Jordan/Doug Shows/Steven Anderson,"Atlanta, GA",GSU Convocation Center,0,3127,NA,NA,NA,NA,NA,NA,NA,NA,Georgia St,Appalachian St,FALSE
401581502,2024-02-01,Georgia St,Appalachian St,151,1,2:15,1335,1335,Leslie Nkereuwem made Layup.,home,26,30,-4,0,TRUE,FALSE,0.19308693197351995,0.3594742336917913,6,0,-6.5,144.5,Anthony Jordan/Doug Shows/Steven Anderson,"Atlanta, GA",GSU Convocation Center,0,3127,NA,NA,Georgia St,made,Leslie Nkereuwem,NA,FALSE,FALSE,Georgia St,Appalachian St,FALSE
401581502,2024-02-01,Georgia St,Appalachian St,152,1,2:15,1335,1335,Foul on CJ Huntley.,away,26,30,-4,0,FALSE,TRUE,0.19308693197351995,0.3594742336917913,6,0,-6.5,144.5,Anthony Jordan/Doug Shows/Steven Anderson,"Atlanta, GA",GSU Convocation Center,0,3127,NA,NA,NA,NA,NA,NA,NA,NA,Georgia St,Appalachian St,FALSE
401581502,2024-02-01,Georgia St,Appalachian St,153,1,2:15,1335,1335,Leslie Nkereuwem missed Free Throw.,home,26,30,-4,0,FALSE,FALSE,0.19308693197351995,0.3594742336917913,6,0,-6.5,144.5,Anthony Jordan/Doug Shows/Steven Anderson,"Atlanta, GA",GSU Convocation Center,0,3127,NA,NA,Georgia St,missed,Leslie Nkereuwem,NA,FALSE,TRUE,Georgia St,Appalachian St,FALSE
401581502,2024-02-01,Georgia St,Appalachian St,154,1,2:15,1335,1335,Xavion Brown Defensive Rebound.,away,26,30,-4,0,FALSE,FALSE,0.19308693197351995,0.3594742336917913,6,0,-6.5,144.5,Anthony Jordan/Doug Shows/Steven Anderson,"Atlanta, GA",GSU Convocation Center,0,3127,NA,NA,NA,NA,NA,NA,NA,NA,Georgia St,Appalachian St,FALSE
401581502,2024-02-01,Georgia St,Appalachian St,155,1,1:47,1307,1307,Terence Harcum missed Three Point Jumper.,away,26,30,-4,28,FALSE,FALSE,0.19306101076550627,0.35783756609585077,6,0,-6.5,144.5,Anthony Jordan/Doug Shows/Steven Anderson,"Atlanta, GA",GSU Convocation Center,0,3127,NA,NA,Appalachian St,missed,Terence Harcum,NA,TRUE,FALSE,Appalachian St,Georgia St,FALSE
401581502,2024-02-01,Georgia St,Appalachian St,156,1,1:43,1303,1303,Jay'Den Turner Defensive Rebound.,home,26,30,-4,4,FALSE,FALSE,0.19305355754677378,0.35759768069118475,6,0,-6.5,144.5,Anthony Jordan/Doug Shows/Steven Anderson,"Atlanta, GA",GSU Convocation Center,0,3127,NA,NA,NA,NA,NA,NA,NA,NA,Appalachian St,Georgia St,FALSE
401581502,2024-02-01,Georgia St,Appalachian St,157,1,1:36,1296,1296,Edward Nnamoko made Layup. Assisted by Lucas Taylor.,home,28,30,-2,7,TRUE,FALSE,0.24295150228674522,0.4270672223655973,6,0,-6.5,144.5,Anthony Jordan/Doug Shows/Steven Anderson,"Atlanta, GA",GSU Convocation Center,0,3127,NA,NA,Georgia St,made,Edward Nnamoko,Lucas Taylor,FALSE,FALSE,Georgia St,Appalachian St,FALSE
401581502,2024-02-01,Georgia St,Appalachian St,158,1,1:15,1275,1275,CJ Huntley Turnover.,away,28,30,-2,21,FALSE,FALSE,0.2433894718797444,0.42636699698431657,6,0,-6.5,144.5,Anthony Jordan/Doug Shows/Steven Anderson,"Atlanta, GA",GSU Convocation Center,0,3127,NA,NA,NA,NA,NA,NA,NA,NA,Appalachian St,Georgia St,FALSE
401581502,2024-02-01,Georgia St,Appalachian St,159,1,1:15,1275,1275,Jay'Den Turner Steal.,home,28,30,-2,0,FALSE,FALSE,0.2433894718797444,0.42636699698431657,6,0,-6.5,144.5,Anthony Jordan/Doug Shows/Steven Anderson,"Atlanta, GA",GSU Convocation Center,0,3127,NA,NA,NA,NA,NA,NA,NA,NA,Appalachian St,Georgia St,FALSE
401581502,2024-02-01,Georgia St,Appalachian St,160,1,1:07,1267,1267,Dwon Odom made Jumper. Assisted by Toneari Lane.,home,30,30,0,8,TRUE,FALSE,0.30248376142559075,0.5,6,0,-6.5,144.5,Anthony Jordan/Doug Shows/Steven Anderson,"Atlanta, GA",GSU Convocation Center,0,3127,NA,NA,Georgia St,made,Dwon Odom,Toneari Lane,FALSE,FALSE,Georgia St,Appalachian St,FALSE
401581502,2024-02-01,Georgia St,Appalachian St,161,1,0:49,1249,1249,CJ Huntley Turnover.,away,30,30,0,18,FALSE,FALSE,0.30343265957000254,0.5,6,0,-6.5,144.5,Anthony Jordan/Doug Shows/Steven Anderson,"Atlanta, GA",GSU Convocation Center,0,3127,NA,NA,NA,NA,NA,NA,NA,NA,Appalachian St,Georgia St,FALSE
401581502,2024-02-01,Georgia St,Appalachian St,162,1,0:34,1234,1234,Edward Nnamoko missed Layup.,home,30,30,0,15,FALSE,FALSE,0.3042232364239191,0.5,6,0,-6.5,144.5,Anthony Jordan/Doug Shows/Steven Anderson,"Atlanta, GA",GSU Convocation Center,0,3127,NA,NA,Georgia St,missed,Edward Nnamoko,NA,FALSE,FALSE,Georgia St,Appalachian St,FALSE
401581502,2024-02-01,Georgia St,Appalachian St,163,1,0:34,1234,1234,Justin Abson Block.,away,30,30,0,0,FALSE,FALSE,0.3042232364239191,0.5,6,0,-6.5,144.5,Anthony Jordan/Doug Shows/Steven Anderson,"Atlanta, GA",GSU Convocation Center,0,3127,NA,NA,NA,NA,NA,NA,NA,NA,Georgia St,Appalachian St,FALSE
401581502,2024-02-01,Georgia St,Appalachian St,164,1,0:33,1233,1233,Donovan Gregory Defensive Rebound.,away,30,30,0,1,FALSE,FALSE,0.3042759112113821,0.5,6,0,-6.5,144.5,Anthony Jordan/Doug Shows/Steven Anderson,"Atlanta, GA",GSU Convocation Center,0,3127,NA,NA,NA,NA,NA,NA,NA,NA,Georgia St,Appalachian St,FALSE
401581502,2024-02-01,Georgia St,Appalachian St,165,1,0:33,1233,1233,Foul on Dwon Odom.,home,30,30,0,0,FALSE,TRUE,0.3042759112113821,0.5,6,0,-6.5,144.5,Anthony Jordan/Doug Shows/Steven Anderson,"Atlanta, GA",GSU Convocation Center,0,3127,NA,NA,NA,NA,NA,NA,NA,NA,Georgia St,Appalachian St,FALSE
401581502,2024-02-01,Georgia St,Appalachian St,166,1,0:07,1207,1207,Myles Tate missed Layup.,away,30,30,0,26,FALSE,FALSE,0.3056427115518483,0.5,6,0,-6.5,144.5,Anthony Jordan/Doug Shows/Steven Anderson,"Atlanta, GA",GSU Convocation Center,0,3127,NA,NA,Appalachian St,missed,Myles Tate,NA,FALSE,FALSE,Appalachian St,Georgia St,FALSE
401581502,2024-02-01,Georgia St,Appalachian St,167,1,0:04,1204,1204,Jay'Den Turner Defensive Rebound.,home,30,30,0,3,FALSE,FALSE,0.3057997997467087,0.5,6,0,-6.5,144.5,Anthony Jordan/Doug Shows/Steven Anderson,"Atlanta, GA",GSU Convocation Center,0,3127,NA,NA,NA,NA,NA,NA,NA,NA,Appalachian St,Georgia St,FALSE
401581502,2024-02-01,Georgia St,Appalachian St,168,1,0:00,1200,1200,End of 1st half,NA,30,30,0,4,FALSE,FALSE,0.3060089174399345,0.5,6,0,-6.5,144.5,Anthony Jordan/Doug Shows/Steven Anderson,"Atlanta, GA",GSU Convocation Center,0,3127,NA,NA,NA,NA,NA,NA,NA,NA,Georgia St,NA,FALSE
401581502,2024-02-01,Georgia St,Appalachian St,169,2,19:43,1183,1183,Lucas Taylor missed Layup.,home,30,30,0,17,FALSE,FALSE,0.30689393324685255,0.5,6,0,-6.5,144.5,Anthony Jordan/Doug Shows/Steven Anderson,"Atlanta, GA",GSU Convocation Center,0,3127,NA,NA,Georgia St,missed,Lucas Taylor,NA,FALSE,FALSE,Georgia St,Appalachian St,FALSE
401581502,2024-02-01,Georgia St,Appalachian St,170,2,19:39,1179,1179,Justin Abson Defensive Rebound.,away,30,30,0,4,FALSE,FALSE,0.30710142000020924,0.5,6,0,-6.5,144.5,Anthony Jordan/Doug Shows/Steven Anderson,"Atlanta, GA",GSU Convocation Center,0,3127,NA,NA,NA,NA,NA,NA,NA,NA,Georgia St,Appalachian St,FALSE
401581502,2024-02-01,Georgia St,Appalachian St,171,2,19:25,1165,1165,Donovan Gregory missed Layup.,away,30,30,0,14,FALSE,FALSE,0.3078258998840578,0.5,6,0,-6.5,144.5,Anthony Jordan/Doug Shows/Steven Anderson,"Atlanta, GA",GSU Convocation Center,0,3127,NA,NA,Appalachian St,missed,Donovan Gregory,NA,FALSE,FALSE,Appalachian St,Appalachian St,FALSE
401581502,2024-02-01,Georgia St,Appalachian St,172,2,19:25,1165,1165,Leslie Nkereuwem Block.,home,30,30,0,0,FALSE,FALSE,0.3078258998840578,0.5,6,0,-6.5,144.5,Anthony Jordan/Doug Shows/Steven Anderson,"Atlanta, GA",GSU Convocation Center,0,3127,NA,NA,NA,NA,NA,NA,NA,NA,Appalachian St,Appalachian St,FALSE
401581502,2024-02-01,Georgia St,Appalachian St,173,2,19:25,1165,1165,Appalachian State Offensive Rebound.,away,30,30,0,0,FALSE,FALSE,0.3078258998840578,0.5,6,0,-6.5,144.5,Anthony Jordan/Doug Shows/Steven Anderson,"Atlanta, GA",GSU Convocation Center,0,3127,NA,NA,NA,NA,NA,NA,NA,NA,Appalachian St,Appalachian St,FALSE
401581502,2024-02-01,Georgia St,Appalachian St,174,2,19:23,1163,1163,Foul on Lucas Taylor.,home,30,30,0,2,FALSE,TRUE,0.307929216939236,0.5,6,0,-6.5,144.5,Anthony Jordan/Doug Shows/Steven Anderson,"Atlanta, GA",GSU Convocation Center,0,3127,NA,NA,NA,NA,NA,NA,NA,NA,Appalachian St,Appalachian St,FALSE
401581502,2024-02-01,Georgia St,Appalachian St,175,2,19:23,1163,1163,Justin Abson made Free Throw.,away,30,31,-1,0,TRUE,FALSE,0.2754627852291875,0.46076525479586855,6,0,-6.5,144.5,Anthony Jordan/Doug Shows/Steven Anderson,"Atlanta, GA",GSU Convocation Center,0,3127,NA,NA,Appalachian St,made,Justin Abson,NA,FALSE,TRUE,Appalachian St,Appalachian St,FALSE
401581502,2024-02-01,Georgia St,Appalachian St,176,2,19:23,1163,1163,Justin Abson missed Free Throw.,away,30,31,-1,0,FALSE,FALSE,0.2754627852291875,0.46076525479586855,6,0,-6.5,144.5,Anthony Jordan/Doug Shows/Steven Anderson,"Atlanta, GA",GSU Convocation Center,0,3127,NA,NA,Appalachian St,missed,Justin Abson,NA,FALSE,TRUE,Appalachian St,Georgia St,FALSE
401581502,2024-02-01,Georgia St,Appalachian St,177,2,19:23,1163,1163,Jay'Den Turner Defensive Rebound.,home,30,31,-1,0,FALSE,FALSE,0.2754627852291875,0.46076525479586855,6,0,-6.5,144.5,Anthony Jordan/Doug Shows/Steven Anderson,"Atlanta, GA",GSU Convocation Center,0,3127,NA,NA,NA,NA,NA,NA,NA,NA,Appalachian St,Georgia St,FALSE
401581502,2024-02-01,Georgia St,Appalachian St,178,2,19:08,1148,1148,Lucas Taylor missed Three Point Jumper.,home,30,31,-1,15,FALSE,FALSE,0.2759487673372448,0.46046825741880115,6,0,-6.5,144.5,Anthony Jordan/Doug Shows/Steven Anderson,"Atlanta, GA",GSU Convocation Center,0,3127,NA,NA,Georgia St,missed,Lucas Taylor,NA,TRUE,FALSE,Georgia St,Georgia St,FALSE
401581502,2024-02-01,Georgia St,Appalachian St,179,2,19:02,1142,1142,Jay'Den Turner Offensive Rebound.,home,30,31,-1,6,FALSE,FALSE,0.27614318053165143,0.4603499999698314,6,0,-6.5,144.5,Anthony Jordan/Doug Shows/Steven Anderson,"Atlanta, GA",GSU Convocation Center,0,3127,NA,NA,NA,NA,NA,NA,NA,NA,Georgia St,Georgia St,FALSE
401581502,2024-02-01,Georgia St,Appalachian St,180,2,19:02,1142,1142,Jay'Den Turner missed Layup.,home,30,31,-1,0,FALSE,FALSE,0.27614318053165143,0.4603499999698314,6,0,-6.5,144.5,Anthony Jordan/Doug Shows/Steven Anderson,"Atlanta, GA",GSU Convocation Center,0,3127,NA,NA,Georgia St,missed,Jay'Den Turner,NA,FALSE,FALSE,Georgia St,Appalachian St,FALSE
401581502,2024-02-01,Georgia St,Appalachian St,181,2,19:01,1141,1141,Terence Harcum Defensive Rebound.,away,30,31,-1,1,FALSE,FALSE,0.2761755787377459,0.4603303030583554,6,0,-6.5,144.5,Anthony Jordan/Doug Shows/Steven Anderson,"Atlanta, GA",GSU Convocation Center,0,3127,NA,NA,NA,NA,NA,NA,NA,NA,Georgia St,Appalachian St,FALSE
401581502,2024-02-01,Georgia St,Appalachian St,182,2,18:53,1133,1133,Terence Harcum made Three Point Jumper. Assisted by Donovan Gregory.,away,30,34,-4,8,TRUE,FALSE,0.19136608030523045,0.3455655445305406,6,0,-6.5,144.5,Anthony Jordan/Doug Shows/Steven Anderson,"Atlanta, GA",GSU Convocation Center,0,3127,NA,NA,Appalachian St,made,Terence Harcum,Donovan Gregory,TRUE,FALSE,Appalachian St,Georgia St,FALSE
401581502,2024-02-01,Georgia St,Appalachian St,183,2,18:26,1106,1106,Leslie Nkereuwem missed Layup.,home,30,34,-4,27,FALSE,FALSE,0.19103964470879684,0.34361784975803683,6,0,-6.5,144.5,Anthony Jordan/Doug Shows/Steven Anderson,"Atlanta, GA",GSU Convocation Center,0,3127,NA,NA,Georgia St,missed,Leslie Nkereuwem,NA,FALSE,FALSE,Georgia St,Appalachian St,FALSE
401581502,2024-02-01,Georgia St,Appalachian St,184,2,18:22,1102,1102,Justin Abson Defensive Rebound.,away,30,34,-4,4,FALSE,FALSE,0.1909889156118754,0.3433259518161363,6,0,-6.5,144.5,Anthony Jordan/Doug Shows/Steven Anderson,"Atlanta, GA",GSU Convocation Center,0,3127,NA,NA,NA,NA,NA,NA,NA,NA,Georgia St,Appalachian St,FALSE
401581502,2024-02-01,Georgia St,Appalachian St,185,2,18:05,1085,1085,Terence Harcum Turnover.,away,30,34,-4,17,FALSE,FALSE,0.19076246338728,0.3420687766349571,6,0,-6.5,144.5,Anthony Jordan/Doug Shows/Steven Anderson,"Atlanta, GA",GSU Convocation Center,0,3127,NA,NA,NA,NA,NA,NA,NA,NA,Appalachian St,Georgia St,FALSE
401581502,2024-02-01,Georgia St,Appalachian St,186,2,18:05,1085,1085,Lucas Taylor Steal.,home,30,34,-4,0,FALSE,FALSE,0.19076246338728,0.3420687766349571,6,0,-6.5,144.5,Anthony Jordan/Doug Shows/Steven Anderson,"Atlanta, GA",GSU Convocation Center,0,3127,NA,NA,NA,NA,NA,NA,NA,NA,Appalachian St,Georgia St,FALSE
401581502,2024-02-01,Georgia St,Appalachian St,187,2,17:58,1078,1078,Toneari Lane missed Layup.,home,30,34,-4,7,FALSE,FALSE,0.1906630066749772,0.3415414004610969,6,0,-6.5,144.5,Anthony Jordan/Doug Shows/Steven Anderson,"Atlanta, GA",GSU Convocation Center,0,3127,NA,NA,Georgia St,missed,Toneari Lane,NA,FALSE,FALSE,Georgia St,Appalachian St,FALSE
401581502,2024-02-01,Georgia St,Appalachian St,188,2,17:58,1078,1078,Justin Abson Block.,away,30,34,-4,0,FALSE,FALSE,0.1906630066749772,0.3415414004610969,6,0,-6.5,144.5,Anthony Jordan/Doug Shows/Steven Anderson,"Atlanta, GA",GSU Convocation Center,0,3127,NA,NA,NA,NA,NA,NA,NA,NA,Georgia St,Appalachian St,FALSE
401581502,2024-02-01,Georgia St,Appalachian St,189,2,17:52,1072,1072,Xavion Brown Defensive Rebound.,away,30,34,-4,6,FALSE,FALSE,0.19057432607905292,0.34108391146329503,6,0,-6.5,144.5,Anthony Jordan/Doug Shows/Steven Anderson,"Atlanta, GA",GSU Convocation Center,0,3127,NA,NA,NA,NA,NA,NA,NA,NA,Georgia St,Appalachian St,FALSE
401581502,2024-02-01,Georgia St,Appalachian St,190,2,17:49,1069,1069,Terence Harcum missed Three Point Jumper.,away,30,34,-4,3,FALSE,FALSE,0.19052869686236948,0.34085310653505385,6,0,-6.5,144.5,Anthony Jordan/Doug Shows/Steven Anderson,"Atlanta, GA",GSU Convocation Center,0,3127,NA,NA,Appalachian St,missed,Terence Harcum,NA,TRUE,FALSE,Appalachian St,Appalachian St,FALSE
401581502,2024-02-01,Georgia St,Appalachian St,191,2,17:49,1069,1069,Justin Abson Offensive Rebound.,away,30,34,-4,0,FALSE,FALSE,0.19052869686236948,0.34085310653505385,6,0,-6.5,144.5,Anthony Jordan/Doug Shows/Steven Anderson,"Atlanta, GA",GSU Convocation Center,0,3127,NA,NA,NA,NA,NA,NA,NA,NA,Appalachian St,Appalachian St,FALSE
401581502,2024-02-01,Georgia St,Appalachian St,192,2,17:49,1069,1069,Foul on Jay'Den Turner.,home,30,34,-4,0,FALSE,TRUE,0.19052869686236948,0.34085310653505385,6,0,-6.5,144.5,Anthony Jordan/Doug Shows/Steven Anderson,"Atlanta, GA",GSU Convocation Center,0,3127,NA,NA,NA,NA,NA,NA,NA,NA,Appalachian St,Appalachian St,FALSE
401581502,2024-02-01,Georgia St,Appalachian St,193,2,17:49,1069,1069,Justin Abson made Free Throw.,away,30,35,-5,0,TRUE,FALSE,0.16638709233962634,0.3048371358705397,6,0,-6.5,144.5,Anthony Jordan/Doug Shows/Steven Anderson,"Atlanta, GA",GSU Convocation Center,0,3127,NA,NA,Appalachian St,made,Justin Abson,NA,FALSE,TRUE,Appalachian St,Appalachian St,FALSE
401581502,2024-02-01,Georgia St,Appalachian St,194,2,17:49,1069,1069,Justin Abson made Free Throw.,away,30,36,-6,0,TRUE,FALSE,0.14475740414054206,0.2710617829062456,6,0,-6.5,144.5,Anthony Jordan/Doug Shows/Steven Anderson,"Atlanta, GA",GSU Convocation Center,0,3127,NA,NA,Appalachian St,made,Justin Abson,NA,FALSE,TRUE,Appalachian St,Georgia St,FALSE
401581502,2024-02-01,Georgia St,Appalachian St,195,2,17:32,1052,1052,Dwon Odom made Jumper.,home,32,36,-4,17,TRUE,FALSE,0.19025184089618719,0.3395157384718556,6,0,-6.5,144.5,Anthony Jordan/Doug Shows/Steven Anderson,"Atlanta, GA",GSU Convocation Center,0,3127,NA,NA,Georgia St,made,Dwon Odom,NA,FALSE,FALSE,Georgia St,Appalachian St,FALSE
401581502,2024-02-01,Georgia St,Appalachian St,196,2,17:20,1040,1040,Justin Abson made Layup. Assisted by Xavion Brown.,away,32,38,-6,12,TRUE,FALSE,0.14372471847782203,0.26801243671071007,6,0,-6.5,144.5,Anthony Jordan/Doug Shows/Steven Anderson,"Atlanta, GA",GSU Convocation Center,0,3127,NA,NA,Appalachian St,made,Justin Abson,Xavion Brown,FALSE,FALSE,Appalachian St,Georgia St,FALSE
401581502,2024-02-01,Georgia St,Appalachian St,197,2,17:12,1032,1032,Dwon Odom Turnover.,home,32,38,-6,8,FALSE,FALSE,0.143416125333397,0.2671316124601425,6,0,-6.5,144.5,Anthony Jordan/Doug Shows/Steven Anderson,"Atlanta, GA",GSU Convocation Center,0,3127,NA,NA,NA,NA,NA,NA,NA,NA,Georgia St,Appalachian St,FALSE
401581502,2024-02-01,Georgia St,Appalachian St,198,2,17:12,1032,1032,Donovan Gregory Steal.,away,32,38,-6,0,FALSE,FALSE,0.143416125333397,0.2671316124601425,6,0,-6.5,144.5,Anthony Jordan/Doug Shows/Steven Anderson,"Atlanta, GA",GSU Convocation Center,0,3127,NA,NA,NA,NA,NA,NA,NA,NA,Georgia St,Appalachian St,FALSE
401581502,2024-02-01,Georgia St,Appalachian St,199,2,17:06,1026,1026,Donovan Gregory made Dunk.,away,32,40,-8,6,TRUE,FALSE,0.10652806857443656,0.20583366048030804,6,0,-6.5,144.5,Anthony Jordan/Doug Shows/Steven Anderson,"Atlanta, GA",GSU Convocation Center,0,3127,NA,NA,Appalachian St,made,Donovan Gregory,NA,FALSE,FALSE,Appalachian St,Georgia St,FALSE
401581502,2024-02-01,Georgia St,Appalachian St,200,2,17:06,1026,1026,Georgia State  Timeout,home,32,40,-8,0,FALSE,FALSE,0.10652806857443656,0.20583366048030804,6,-1,-6.5,144.5,Anthony Jordan/Doug Shows/Steven Anderson,"Atlanta, GA",GSU Convocation Center,0,3127,NA,NA,NA,NA,NA,NA,NA,NA,Appalachian St,Georgia St,FALSE
401581502,2024-02-01,Georgia St,Appalachian St,201,2,17:06,1026,1026, Official TV Timeout,NA,32,40,-8,0,FALSE,FALSE,0.10652806857443656,0.20583366048030804,6,-2,-6.5,144.5,Anthony Jordan/Doug Shows/Steven Anderson,"Atlanta, GA",GSU Convocation Center,0,3127,NA,NA,NA,NA,NA,NA,NA,NA,Appalachian St,Georgia St,FALSE
401581502,2024-02-01,Georgia St,Appalachian St,202,2,16:42,1002,1002,Leslie Nkereuwem missed Layup.,home,32,40,-8,24,FALSE,FALSE,0.1052733300625204,0.20269681615112725,6,-2,-6.5,144.5,Anthony Jordan/Doug Shows/Steven Anderson,"Atlanta, GA",GSU Convocation Center,0,3127,NA,NA,Georgia St,missed,Leslie Nkereuwem,NA,FALSE,FALSE,Georgia St,Appalachian St,FALSE
401581502,2024-02-01,Georgia St,Appalachian St,203,2,16:42,1002,1002,Justin Abson Block.,away,32,40,-8,0,FALSE,FALSE,0.1052733300625204,0.20269681615112725,6,-2,-6.5,144.5,Anthony Jordan/Doug Shows/Steven Anderson,"Atlanta, GA",GSU Convocation Center,0,3127,NA,NA,NA,NA,NA,NA,NA,NA,Georgia St,Appalachian St,FALSE
401581502,2024-02-01,Georgia St,Appalachian St,204,2,16:37,997,997,Justin Abson Defensive Rebound.,away,32,40,-8,5,FALSE,FALSE,0.10499557523682196,0.20201456144773053,6,-2,-6.5,144.5,Anthony Jordan/Doug Shows/Steven Anderson,"Atlanta, GA",GSU Convocation Center,0,3127,NA,NA,NA,NA,NA,NA,NA,NA,Georgia St,Appalachian St,FALSE
401581502,2024-02-01,Georgia St,Appalachian St,205,2,16:26,986,986,Terence Harcum made Jumper.,away,32,42,-10,11,TRUE,FALSE,0.07617474323587255,0.15069541708631792,6,-2,-6.5,144.5,Anthony Jordan/Doug Shows/Steven Anderson,"Atlanta, GA",GSU Convocation Center,0,3127,NA,NA,Appalachian St,made,Terence Harcum,NA,FALSE,FALSE,Appalachian St,Georgia St,FALSE
401581502,2024-02-01,Georgia St,Appalachian St,206,2,16:03,963,963,Jay'Den Turner missed Three Point Jumper.,home,32,42,-10,23,FALSE,FALSE,0.07474859560311316,0.1473457229867247,6,-2,-6.5,144.5,Anthony Jordan/Doug Shows/Steven Anderson,"Atlanta, GA",GSU Convocation Center,0,3127,NA,NA,Georgia St,missed,Jay'Den Turner,NA,TRUE,FALSE,Georgia St,Appalachian St,FALSE
401581502,2024-02-01,Georgia St,Appalachian St,207,2,15:55,955,955,Justin Abson Defensive Rebound.,away,32,42,-10,8,FALSE,FALSE,0.07427651123056221,0.14623542533543427,6,-2,-6.5,144.5,Anthony Jordan/Doug Shows/Steven Anderson,"Atlanta, GA",GSU Convocation Center,0,3127,NA,NA,NA,NA,NA,NA,NA,NA,Georgia St,Appalachian St,FALSE
401581502,2024-02-01,Georgia St,Appalachian St,208,2,15:36,936,936,Donovan Gregory missed Jumper.,away,32,42,-10,19,FALSE,FALSE,0.07324959188151928,0.1438014026916785,6,-2,-6.5,144.5,Anthony Jordan/Doug Shows/Steven Anderson,"Atlanta, GA",GSU Convocation Center,0,3127,NA,NA,Appalachian St,missed,Donovan Gregory,NA,FALSE,FALSE,Appalachian St,Appalachian St,FALSE
401581502,2024-02-01,Georgia St,Appalachian St,209,2,15:28,928,928,Donovan Gregory Offensive Rebound.,away,32,42,-10,8,FALSE,FALSE,0.07284999514052375,0.14284764946007947,6,-2,-6.5,144.5,Anthony Jordan/Doug Shows/Steven Anderson,"Atlanta, GA",GSU Convocation Center,0,3127,NA,NA,NA,NA,NA,NA,NA,NA,Appalachian St,Appalachian St,FALSE
401581502,2024-02-01,Georgia St,Appalachian St,210,2,15:28,928,928,Donovan Gregory made Layup.,away,32,44,-12,0,TRUE,FALSE,0.05205082197208668,0.10431212416859377,6,-2,-6.5,144.5,Anthony Jordan/Doug Shows/Steven Anderson,"Atlanta, GA",GSU Convocation Center,0,3127,NA,NA,Appalachian St,made,Donovan Gregory,NA,FALSE,FALSE,Appalachian St,Georgia St,FALSE
401581502,2024-02-01,Georgia St,Appalachian St,211,2,15:13,913,913,Lucas Taylor made Three Point Jumper. Assisted by Dwon Odom.,home,35,44,-9,15,TRUE,FALSE,0.0852013517294551,0.1644861956980698,6,-2,-6.5,144.5,Anthony Jordan/Doug Shows/Steven Anderson,"Atlanta, GA",GSU Convocation Center,0,3127,NA,NA,Georgia St,made,Lucas Taylor,Dwon Odom,TRUE,FALSE,Georgia St,Appalachian St,FALSE
401581502,2024-02-01,Georgia St,Appalachian St,212,2,14:58,898,898,Foul on Jay'Den Turner.,home,35,44,-9,15,FALSE,TRUE,0.0845219162801276,0.1628345382945855,6,-2,-6.5,144.5,Anthony Jordan/Doug Shows/Steven Anderson,"Atlanta, GA",GSU Convocation Center,0,3127,NA,NA,NA,NA,NA,NA,NA,NA,Appalachian St,Appalachian St,FALSE
401581502,2024-02-01,Georgia St,Appalachian St,213,2,14:58,898,898, Official TV Timeout,NA,35,44,-9,0,FALSE,FALSE,0.0845219162801276,0.1628345382945855,6,-3,-6.5,144.5,Anthony Jordan/Doug Shows/Steven Anderson,"Atlanta, GA",GSU Convocation Center,0,3127,NA,NA,NA,NA,NA,NA,NA,NA,Appalachian St,Appalachian St,FALSE
401581502,2024-02-01,Georgia St,Appalachian St,214,2,14:58,898,898,Xavion Brown missed Free Throw.,away,35,44,-9,0,FALSE,FALSE,0.0845219162801276,0.1628345382945855,6,-3,-6.5,144.5,Anthony Jordan/Doug Shows/Steven Anderson,"Atlanta, GA",GSU Convocation Center,0,3127,NA,NA,Appalachian St,missed,Xavion Brown,NA,FALSE,TRUE,Appalachian St,Appalachian St,FALSE
401581502,2024-02-01,Georgia St,Appalachian St,215,2,14:58,898,898,Appalachian State Offensive Rebound.,away,35,44,-9,0,FALSE,FALSE,0.0845219162801276,0.1628345382945855,6,-3,-6.5,144.5,Anthony Jordan/Doug Shows/Steven Anderson,"Atlanta, GA",GSU Convocation Center,0,3127,NA,NA,NA,NA,NA,NA,NA,NA,Appalachian St,Appalachian St,FALSE
401581502,2024-02-01,Georgia St,Appalachian St,216,2,14:58,898,898,Xavion Brown made Free Throw.,away,35,45,-10,0,TRUE,FALSE,0.07146791326097858,0.13952894016623651,6,-3,-6.5,144.5,Anthony Jordan/Doug Shows/Steven Anderson,"Atlanta, GA",GSU Convocation Center,0,3127,NA,NA,Appalachian St,made,Xavion Brown,NA,FALSE,TRUE,Appalachian St,Georgia St,FALSE
401581502,2024-02-01,Georgia St,Appalachian St,217,2,14:39,879,879,Dwon Odom missed Jumper.,home,35,45,-10,19,FALSE,FALSE,0.07064357663976856,0.13754671355301382,6,-3,-6.5,144.5,Anthony Jordan/Doug Shows/Steven Anderson,"Atlanta, GA",GSU Convocation Center,0,3127,NA,NA,Georgia St,missed,Dwon Odom,NA,FALSE,FALSE,Georgia St,Appalachian St,FALSE
401581502,2024-02-01,Georgia St,Appalachian St,218,2,14:38,878,878,Appalachian State Defensive Rebound.,away,35,45,-10,1,FALSE,FALSE,0.07060048278731734,0.13744330452758666,6,-3,-6.5,144.5,Anthony Jordan/Doug Shows/Steven Anderson,"Atlanta, GA",GSU Convocation Center,0,3127,NA,NA,NA,NA,NA,NA,NA,NA,Georgia St,Appalachian St,FALSE
401581502,2024-02-01,Georgia St,Appalachian St,219,2,14:21,861,861,Terence Harcum missed Three Point Jumper.,away,35,45,-10,17,FALSE,FALSE,0.0698636083570892,0.13568149071551155,6,-3,-6.5,144.5,Anthony Jordan/Doug Shows/Steven Anderson,"Atlanta, GA",GSU Convocation Center,0,3127,NA,NA,Appalachian St,missed,Terence Harcum,NA,TRUE,FALSE,Appalachian St,Appalachian St,FALSE
401581502,2024-02-01,Georgia St,Appalachian St,220,2,14:17,857,857,CJ Huntley Offensive Rebound.,away,35,45,-10,4,FALSE,FALSE,0.06968765662209853,0.13526303859396682,6,-3,-6.5,144.5,Anthony Jordan/Doug Shows/Steven Anderson,"Atlanta, GA",GSU Convocation Center,0,3127,NA,NA,NA,NA,NA,NA,NA,NA,Appalachian St,Appalachian St,FALSE
401581502,2024-02-01,Georgia St,Appalachian St,221,2,14:14,854,854,Myles Tate missed Three Point Jumper.,away,35,45,-10,3,FALSE,FALSE,0.06955467568191155,0.13494745873717037,6,-3,-6.5,144.5,Anthony Jordan/Doug Shows/Steven Anderson,"Atlanta, GA",GSU Convocation Center,0,3127,NA,NA,Appalachian St,missed,Myles Tate,NA,TRUE,FALSE,Appalachian St,Georgia St,FALSE
401581502,2024-02-01,Georgia St,Appalachian St,222,2,14:10,850,850,Lucas Taylor Defensive Rebound.,home,35,45,-10,4,FALSE,FALSE,0.06937578653067634,0.13452390676882786,6,-3,-6.5,144.5,Anthony Jordan/Doug Shows/Steven Anderson,"Atlanta, GA",GSU Convocation Center,0,3127,NA,NA,NA,NA,NA,NA,NA,NA,Appalachian St,Georgia St,FALSE
401581502,2024-02-01,Georgia St,Appalachian St,223,2,14:04,844,844,Jay'Den Turner made Three Point Jumper. Assisted by Dwon Odom.,home,38,45,-7,6,TRUE,FALSE,0.11502370157520331,0.21299820599165087,6,-3,-6.5,144.5,Anthony Jordan/Doug Shows/Steven Anderson,"Atlanta, GA",GSU Convocation Center,0,3127,NA,NA,Georgia St,made,Jay'Den Turner,Dwon Odom,TRUE,FALSE,Georgia St,Appalachian St,FALSE
401581502,2024-02-01,Georgia St,Appalachian St,224,2,13:50,830,830,Foul on Jay'Den Turner.,home,38,45,-7,14,FALSE,TRUE,0.11438657095337547,0.21143456658856374,6,-3,-6.5,144.5,Anthony Jordan/Doug Shows/Steven Anderson,"Atlanta, GA",GSU Convocation Center,0,3127,NA,NA,NA,NA,NA,NA,NA,NA,Appalachian St,Appalachian St,FALSE
401581502,2024-02-01,Georgia St,Appalachian St,225,2,13:39,819,819,Foul on Lucas Taylor.,home,38,45,-7,11,FALSE,TRUE,0.1138530461709804,0.21014608359485676,6,-3,-6.5,144.5,Anthony Jordan/Doug Shows/Steven Anderson,"Atlanta, GA",GSU Convocation Center,0,3127,NA,NA,NA,NA,NA,NA,NA,NA,Appalachian St,Appalachian St,FALSE
401581502,2024-02-01,Georgia St,Appalachian St,226,2,13:39,819,819,Donovan Gregory missed Free Throw.,away,38,45,-7,0,FALSE,FALSE,0.1138530461709804,0.21014608359485676,6,-3,-6.5,144.5,Anthony Jordan/Doug Shows/Steven Anderson,"Atlanta, GA",GSU Convocation Center,0,3127,NA,NA,Appalachian St,missed,Donovan Gregory,NA,FALSE,TRUE,Appalachian St,Appalachian St,FALSE
401581502,2024-02-01,Georgia St,Appalachian St,227,2,13:39,819,819,Appalachian State Offensive Rebound.,away,38,45,-7,0,FALSE,FALSE,0.1138530461709804,0.21014608359485676,6,-3,-6.5,144.5,Anthony Jordan/Doug Shows/Steven Anderson,"Atlanta, GA",GSU Convocation Center,0,3127,NA,NA,NA,NA,NA,NA,NA,NA,Appalachian St,Appalachian St,FALSE
401581502,2024-02-01,Georgia St,Appalachian St,228,2,13:39,819,819,Donovan Gregory missed Free Throw.,away,38,45,-7,0,FALSE,FALSE,0.1138530461709804,0.21014608359485676,6,-3,-6.5,144.5,Anthony Jordan/Doug Shows/Steven Anderson,"Atlanta, GA",GSU Convocation Center,0,3127,NA,NA,Appalachian St,missed,Donovan Gregory,NA,FALSE,TRUE,Appalachian St,Appalachian St,FALSE
401581502,2024-02-01,Georgia St,Appalachian St,229,2,13:39,819,819,Lucas Taylor Defensive Rebound.,home,38,45,-7,0,FALSE,FALSE,0.1138530461709804,0.21014608359485676,6,-3,-6.5,144.5,Anthony Jordan/Doug Shows/Steven Anderson,"Atlanta, GA",GSU Convocation Center,0,3127,NA,NA,NA,NA,NA,NA,NA,NA,Appalachian St,Appalachian St,FALSE
401581502,2024-02-01,Georgia St,Appalachian St,230,2,13:30,810,810,Foul on Myles Tate.,away,38,45,-7,9,FALSE,TRUE,0.11339044477588228,0.20904376640676087,6,-3,-6.5,144.5,Anthony Jordan/Doug Shows/Steven Anderson,"Atlanta, GA",GSU Convocation Center,0,3127,NA,NA,NA,NA,NA,NA,NA,NA,Appalachian St,Georgia St,FALSE
401581502,2024-02-01,Georgia St,Appalachian St,231,2,13:21,801,801,Lucas Taylor missed Jumper.,home,38,45,-7,9,FALSE,FALSE,0.11290096835946693,0.20789149072019836,6,-3,-6.5,144.5,Anthony Jordan/Doug Shows/Steven Anderson,"Atlanta, GA",GSU Convocation Center,0,3127,NA,NA,Georgia St,missed,Lucas Taylor,NA,FALSE,FALSE,Georgia St,Georgia St,FALSE
401581502,2024-02-01,Georgia St,Appalachian St,232,2,13:14,794,794,Edward Nnamoko Offensive Rebound.,home,38,45,-7,7,FALSE,FALSE,0.11249969965660235,0.2069568527939224,6,-3,-6.5,144.5,Anthony Jordan/Doug Shows/Steven Anderson,"Atlanta, GA",GSU Convocation Center,0,3127,NA,NA,NA,NA,NA,NA,NA,NA,Georgia St,Georgia St,FALSE
401581502,2024-02-01,Georgia St,Appalachian St,233,2,13:14,794,794,Edward Nnamoko missed Layup.,home,38,45,-7,0,FALSE,FALSE,0.11249969965660235,0.2069568527939224,6,-3,-6.5,144.5,Anthony Jordan/Doug Shows/Steven Anderson,"Atlanta, GA",GSU Convocation Center,0,3127,NA,NA,Georgia St,missed,Edward Nnamoko,NA,FALSE,FALSE,Georgia St,Appalachian St,FALSE
401581502,2024-02-01,Georgia St,Appalachian St,234,2,13:13,793,793,Terence Harcum Defensive Rebound.,away,38,45,-7,1,FALSE,FALSE,0.1124408118901077,0.20682040322190592,6,-3,-6.5,144.5,Anthony Jordan/Doug Shows/Steven Anderson,"Atlanta, GA",GSU Convocation Center,0,3127,NA,NA,NA,NA,NA,NA,NA,NA,Georgia St,Appalachian St,FALSE
401581502,2024-02-01,Georgia St,Appalachian St,235,2,12:57,777,777,Terence Harcum made Three Point Jumper. Assisted by Justin Abson.,away,38,48,-10,16,TRUE,FALSE,0.06548526936959144,0.12561253185131602,6,-3,-6.5,144.5,Anthony Jordan/Doug Shows/Steven Anderson,"Atlanta, GA",GSU Convocation Center,0,3127,NA,NA,Appalachian St,made,Terence Harcum,Justin Abson,TRUE,FALSE,Appalachian St,Georgia St,FALSE
401581502,2024-02-01,Georgia St,Appalachian St,236,2,12:29,749,749,Julian Mackey made Jumper.,home,40,48,-8,28,TRUE,FALSE,0.09153615970552016,0.17013990873498877,6,-3,-6.5,144.5,Anthony Jordan/Doug Shows/Steven Anderson,"Atlanta, GA",GSU Convocation Center,0,3127,NA,NA,Georgia St,made,Julian Mackey,NA,FALSE,FALSE,Georgia St,Appalachian St,FALSE
401581502,2024-02-01,Georgia St,Appalachian St,237,2,12:10,730,730,Terence Harcum made Three Point Jumper. Assisted by Myles Tate.,away,40,51,-11,19,TRUE,FALSE,0.051220412662184994,0.09848028092017774,6,-3,-6.5,144.5,Anthony Jordan/Doug Shows/Steven Anderson,"Atlanta, GA",GSU Convocation Center,0,3127,NA,NA,Appalachian St,made,Terence Harcum,Myles Tate,TRUE,FALSE,Appalachian St,Georgia St,FALSE
401581502,2024-02-01,Georgia St,Appalachian St,238,2,11:54,714,714,Edward Nnamoko made Jumper. Assisted by Julian Mackey.,home,42,51,-9,16,TRUE,FALSE,0.07336524767830892,0.13751600512459997,6,-3,-6.5,144.5,Anthony Jordan/Doug Shows/Steven Anderson,"Atlanta, GA",GSU Convocation Center,0,3127,NA,NA,Georgia St,made,Edward Nnamoko,Julian Mackey,FALSE,FALSE,Georgia St,Appalachian St,FALSE
401581502,2024-02-01,Georgia St,Appalachian St,239,2,11:32,692,692,Terence Harcum made Layup.,away,42,53,-11,22,TRUE,FALSE,0.0486110754821057,0.09276231497097587,6,-3,-6.5,144.5,Anthony Jordan/Doug Shows/Steven Anderson,"Atlanta, GA",GSU Convocation Center,0,3127,NA,NA,Appalachian St,made,Terence Harcum,NA,FALSE,FALSE,Appalachian St,Georgia St,FALSE
401581502,2024-02-01,Georgia St,Appalachian St,240,2,11:22,682,682,Foul on Christopher Mantis.,away,42,53,-11,10,FALSE,TRUE,0.04803840913677825,0.09148511029637277,6,-3,-6.5,144.5,Anthony Jordan/Doug Shows/Steven Anderson,"Atlanta, GA",GSU Convocation Center,0,3127,NA,NA,NA,NA,NA,NA,NA,NA,Georgia St,Georgia St,FALSE
401581502,2024-02-01,Georgia St,Appalachian St,241,2,11:22,682,682, Official TV Timeout,NA,42,53,-11,0,FALSE,FALSE,0.04803840913677825,0.09148511029637277,6,-4,-6.5,144.5,Anthony Jordan/Doug Shows/Steven Anderson,"Atlanta, GA",GSU Convocation Center,0,3127,NA,NA,NA,NA,NA,NA,NA,NA,Georgia St,Georgia St,FALSE
401581502,2024-02-01,Georgia St,Appalachian St,242,2,11:04,664,664,Lucas Taylor made Three Point Jumper.,home,45,53,-8,18,TRUE,FALSE,0.08511984460579365,0.15592161704805071,6,-4,-6.5,144.5,Anthony Jordan/Doug Shows/Steven Anderson,"Atlanta, GA",GSU Convocation Center,0,3127,NA,NA,Georgia St,made,Lucas Taylor,NA,TRUE,FALSE,Georgia St,Appalachian St,FALSE
401581502,2024-02-01,Georgia St,Appalachian St,243,2,10:42,642,642,CJ Huntley made Dunk. Assisted by Myles Tate.,away,45,55,-10,22,TRUE,FALSE,0.05622845519965585,0.1051889825972745,6,-4,-6.5,144.5,Anthony Jordan/Doug Shows/Steven Anderson,"Atlanta, GA",GSU Convocation Center,0,3127,NA,NA,Appalachian St,made,CJ Huntley,Myles Tate,FALSE,FALSE,Appalachian St,Georgia St,FALSE
401581502,2024-02-01,Georgia St,Appalachian St,244,2,10:14,614,614,Brenden Tucker missed Layup.,home,45,55,-10,28,FALSE,FALSE,0.05448307026488958,0.10133234554909842,6,-4,-6.5,144.5,Anthony Jordan/Doug Shows/Steven Anderson,"Atlanta, GA",GSU Convocation Center,0,3127,NA,NA,Georgia St,missed,Brenden Tucker,NA,FALSE,FALSE,Georgia St,Georgia St,FALSE
401581502,2024-02-01,Georgia St,Appalachian St,245,2,10:14,614,614,Justin Abson Block.,away,45,55,-10,0,FALSE,FALSE,0.05448307026488958,0.10133234554909842,6,-4,-6.5,144.5,Anthony Jordan/Doug Shows/Steven Anderson,"Atlanta, GA",GSU Convocation Center,0,3127,NA,NA,NA,NA,NA,NA,NA,NA,Georgia St,Georgia St,FALSE
401581502,2024-02-01,Georgia St,Appalachian St,246,2,10:07,607,607,Brenden Tucker Offensive Rebound.,home,45,55,-10,7,FALSE,FALSE,0.05399934122783192,0.10028159463750623,6,-4,-6.5,144.5,Anthony Jordan/Doug Shows/Steven Anderson,"Atlanta, GA",GSU Convocation Center,0,3127,NA,NA,NA,NA,NA,NA,NA,NA,Georgia St,Georgia St,FALSE
401581502,2024-02-01,Georgia St,Appalachian St,247,2,10:06,606,606,Brenden Tucker missed Layup.,home,45,55,-10,1,FALSE,FALSE,0.05392825864243309,0.10012785920422393,6,-4,-6.5,144.5,Anthony Jordan/Doug Shows/Steven Anderson,"Atlanta, GA",GSU Convocation Center,0,3127,NA,NA,Georgia St,missed,Brenden Tucker,NA,FALSE,FALSE,Georgia St,Appalachian St,FALSE
401581502,2024-02-01,Georgia St,Appalachian St,248,2,10:06,606,606,Justin Abson Block.,away,45,55,-10,0,FALSE,FALSE,0.05392825864243309,0.10012785920422393,6,-4,-6.5,144.5,Anthony Jordan/Doug Shows/Steven Anderson,"Atlanta, GA",GSU Convocation Center,0,3127,NA,NA,NA,NA,NA,NA,NA,NA,Georgia St,Appalachian St,FALSE
401581502,2024-02-01,Georgia St,Appalachian St,249,2,10:00,600,600,CJ Huntley Defensive Rebound.,away,45,55,-10,6,FALSE,FALSE,0.053490558295546595,0.09918489164439372,6,-4,-6.5,144.5,Anthony Jordan/Doug Shows/Steven Anderson,"Atlanta, GA",GSU Convocation Center,0,3127,NA,NA,NA,NA,NA,NA,NA,NA,Georgia St,Appalachian St,FALSE
401581502,2024-02-01,Georgia St,Appalachian St,250,2,9:50,590,590,Myles Tate missed Jumper.,away,45,55,-10,10,FALSE,FALSE,0.05271477681548903,0.09752838282622474,6,-4,-6.5,144.5,Anthony Jordan/Doug Shows/Steven Anderson,"Atlanta, GA",GSU Convocation Center,0,3127,NA,NA,Appalachian St,missed,Myles Tate,NA,FALSE,FALSE,Appalachian St,Appalachian St,FALSE
401581502,2024-02-01,Georgia St,Appalachian St,251,2,9:46,586,586,Justin Abson Offensive Rebound.,away,45,55,-10,4,FALSE,FALSE,0.05238685823490937,0.09683349778243514,6,-4,-6.5,144.5,Anthony Jordan/Doug Shows/Steven Anderson,"Atlanta, GA",GSU Convocation Center,0,3127,NA,NA,NA,NA,NA,NA,NA,NA,Appalachian St,Appalachian St,FALSE
401581502,2024-02-01,Georgia St,Appalachian St,252,2,9:39,579,579,Terence Harcum missed Layup.,away,45,55,-10,7,FALSE,FALSE,0.051786905625907736,0.0955696447185663,6,-4,-6.5,144.5,Anthony Jordan/Doug Shows/Steven Anderson,"Atlanta, GA",GSU Convocation Center,0,3127,NA,NA,Appalachian St,missed,Terence Harcum,NA,FALSE,FALSE,Appalachian St,Georgia St,FALSE
401581502,2024-02-01,Georgia St,Appalachian St,253,2,9:36,576,576,Lucas Taylor Defensive Rebound.,home,45,55,-10,3,FALSE,FALSE,0.05151916223744967,0.09500855257097647,6,-4,-6.5,144.5,Anthony Jordan/Doug Shows/Steven Anderson,"Atlanta, GA",GSU Convocation Center,0,3127,NA,NA,NA,NA,NA,NA,NA,NA,Appalachian St,Georgia St,FALSE
401581502,2024-02-01,Georgia St,Appalachian St,254,2,9:30,570,570,Brenden Tucker made Layup.,home,47,55,-8,6,TRUE,FALSE,0.07792844448633389,0.14015450544217586,6,-4,-6.5,144.5,Anthony Jordan/Doug Shows/Steven Anderson,"Atlanta, GA",GSU Convocation Center,0,3127,NA,NA,Georgia St,made,Brenden Tucker,NA,FALSE,FALSE,Georgia St,Appalachian St,FALSE
401581502,2024-02-01,Georgia St,Appalachian St,255,2,9:17,557,557,Justin Abson made Jumper.,away,47,57,-10,13,TRUE,FALSE,0.04966395829337889,0.09116367983242644,6,-4,-6.5,144.5,Anthony Jordan/Doug Shows/Steven Anderson,"Atlanta, GA",GSU Convocation Center,0,3127,NA,NA,Appalachian St,made,Justin Abson,NA,FALSE,FALSE,Appalachian St,Georgia St,FALSE
401581502,2024-02-01,Georgia St,Appalachian St,256,2,8:49,529,529,Leslie Nkereuwem made Layup. Assisted by Brenden Tucker.,home,49,57,-8,28,TRUE,FALSE,0.07326725592365918,0.13054230139632844,6,-4,-6.5,144.5,Anthony Jordan/Doug Shows/Steven Anderson,"Atlanta, GA",GSU Convocation Center,0,3127,NA,NA,Georgia St,made,Leslie Nkereuwem,Brenden Tucker,FALSE,FALSE,Georgia St,Appalachian St,FALSE
401581502,2024-02-01,Georgia St,Appalachian St,257,2,8:33,513,513,Foul on Julian Mackey.,home,49,57,-8,16,FALSE,TRUE,0.07185164682579281,0.1275249282173759,6,-4,-6.5,144.5,Anthony Jordan/Doug Shows/Steven Anderson,"Atlanta, GA",GSU Convocation Center,0,3127,NA,NA,NA,NA,NA,NA,NA,NA,Appalachian St,Appalachian St,FALSE
401581502,2024-02-01,Georgia St,Appalachian St,258,2,8:33,513,513,Myles Tate made Free Throw.,away,49,58,-9,0,TRUE,FALSE,0.05738008616978692,0.10308566636782633,6,-4,-6.5,144.5,Anthony Jordan/Doug Shows/Steven Anderson,"Atlanta, GA",GSU Convocation Center,0,3127,NA,NA,Appalachian St,made,Myles Tate,NA,FALSE,TRUE,Appalachian St,Appalachian St,FALSE
401581502,2024-02-01,Georgia St,Appalachian St,259,2,8:33,513,513,Myles Tate made Free Throw.,away,49,59,-10,0,TRUE,FALSE,0.04567977651682975,0.08288507535374087,6,-4,-6.5,144.5,Anthony Jordan/Doug Shows/Steven Anderson,"Atlanta, GA",GSU Convocation Center,0,3127,NA,NA,Appalachian St,made,Myles Tate,NA,FALSE,TRUE,Appalachian St,Georgia St,FALSE
401581502,2024-02-01,Georgia St,Appalachian St,260,2,8:21,501,501,Lucas Taylor missed Layup.,home,49,59,-10,12,FALSE,FALSE,0.044832244402080376,0.08108269814395397,6,-4,-6.5,144.5,Anthony Jordan/Doug Shows/Steven Anderson,"Atlanta, GA",GSU Convocation Center,0,3127,NA,NA,Georgia St,missed,Lucas Taylor,NA,FALSE,FALSE,Georgia St,Appalachian St,FALSE
401581502,2024-02-01,Georgia St,Appalachian St,261,2,8:20,500,500,Justin Abson Defensive Rebound.,away,49,59,-10,1,FALSE,FALSE,0.04476228037556345,0.08093398457326265,6,-4,-6.5,144.5,Anthony Jordan/Doug Shows/Steven Anderson,"Atlanta, GA",GSU Convocation Center,0,3127,NA,NA,NA,NA,NA,NA,NA,NA,Georgia St,Appalachian St,FALSE
401581502,2024-02-01,Georgia St,Appalachian St,262,2,7:54,474,474,Justin Abson made Jumper.,away,49,61,-12,26,TRUE,FALSE,0.02650439712414464,0.04822722903895346,6,-4,-6.5,144.5,Anthony Jordan/Doug Shows/Steven Anderson,"Atlanta, GA",GSU Convocation Center,0,3127,NA,NA,Appalachian St,made,Justin Abson,NA,FALSE,FALSE,Appalachian St,Georgia St,FALSE
401581502,2024-02-01,Georgia St,Appalachian St,263,2,7:38,458,458,Foul on Myles Tate.,away,49,61,-12,16,FALSE,TRUE,0.025407250175612718,0.04599159326513124,6,-4,-6.5,144.5,Anthony Jordan/Doug Shows/Steven Anderson,"Atlanta, GA",GSU Convocation Center,0,3127,NA,NA,NA,NA,NA,NA,NA,NA,Georgia St,Georgia St,FALSE
401581502,2024-02-01,Georgia St,Appalachian St,264,2,7:29,449,449,Jay'Den Turner made Three Point Jumper. Assisted by Julian Mackey.,home,52,61,-9,9,TRUE,FALSE,0.051678183619829905,0.09122919116134771,6,-4,-6.5,144.5,Anthony Jordan/Doug Shows/Steven Anderson,"Atlanta, GA",GSU Convocation Center,0,3127,NA,NA,Georgia St,made,Jay'Den Turner,Julian Mackey,TRUE,FALSE,Georgia St,Appalachian St,FALSE
401581502,2024-02-01,Georgia St,Appalachian St,265,2,7:13,433,433,TreVon Spillers made Dunk. Assisted by Justin Abson.,away,52,63,-11,16,TRUE,FALSE,0.029986144140202224,0.053506687149288724,6,-4,-6.5,144.5,Anthony Jordan/Doug Shows/Steven Anderson,"Atlanta, GA",GSU Convocation Center,0,3127,NA,NA,Appalachian St,made,TreVon Spillers,Justin Abson,FALSE,FALSE,Appalachian St,Georgia St,FALSE
401581502,2024-02-01,Georgia St,Appalachian St,266,2,6:56,416,416,Jay'Den Turner missed Three Point Jumper.,home,52,63,-11,17,FALSE,FALSE,0.028110691744183135,0.04983254951944723,6,-4,-6.5,144.5,Anthony Jordan/Doug Shows/Steven Anderson,"Atlanta, GA",GSU Convocation Center,0,3127,NA,NA,Georgia St,missed,Jay'Den Turner,NA,TRUE,FALSE,Georgia St,Appalachian St,FALSE
401581502,2024-02-01,Georgia St,Appalachian St,267,2,6:53,413,413,Appalachian State Defensive Rebound.,away,52,63,-11,3,FALSE,FALSE,0.02781265898919618,0.04924311878174479,6,-4,-6.5,144.5,Anthony Jordan/Doug Shows/Steven Anderson,"Atlanta, GA",GSU Convocation Center,0,3127,NA,NA,NA,NA,NA,NA,NA,NA,Georgia St,Appalachian St,FALSE
401581502,2024-02-01,Georgia St,Appalachian St,268,2,6:35,395,395,Myles Tate missed Three Point Jumper.,away,52,63,-11,18,FALSE,FALSE,0.02615694851563591,0.045947490758283555,6,-4,-6.5,144.5,Anthony Jordan/Doug Shows/Steven Anderson,"Atlanta, GA",GSU Convocation Center,0,3127,NA,NA,Appalachian St,missed,Myles Tate,NA,TRUE,FALSE,Appalachian St,Georgia St,FALSE
401581502,2024-02-01,Georgia St,Appalachian St,269,2,6:32,392,392,Georgia State Defensive Rebound.,home,52,63,-11,3,FALSE,FALSE,0.025894833441430294,0.04542413434590646,6,-4,-6.5,144.5,Anthony Jordan/Doug Shows/Steven Anderson,"Atlanta, GA",GSU Convocation Center,0,3127,NA,NA,NA,NA,NA,NA,NA,NA,Appalachian St,Georgia St,FALSE
401581502,2024-02-01,Georgia St,Appalachian St,270,2,6:23,383,383,Jay'Den Turner made Jumper. Assisted by Julian Mackey.,home,54,63,-9,9,TRUE,FALSE,0.04316898632989343,0.07437592145013505,6,-4,-6.5,144.5,Anthony Jordan/Doug Shows/Steven Anderson,"Atlanta, GA",GSU Convocation Center,0,3127,NA,NA,Georgia St,made,Jay'Den Turner,Julian Mackey,FALSE,FALSE,Georgia St,Appalachian St,FALSE
401581502,2024-02-01,Georgia St,Appalachian St,271,2,6:00,360,360,TreVon Spillers made Jumper.,away,54,65,-11,23,TRUE,FALSE,0.0230742234742864,0.039843225120626366,6,-4,-6.5,144.5,Anthony Jordan/Doug Shows/Steven Anderson,"Atlanta, GA",GSU Convocation Center,0,3127,NA,NA,Appalachian St,made,TreVon Spillers,NA,FALSE,FALSE,Appalachian St,Georgia St,FALSE
401581502,2024-02-01,Georgia St,Appalachian St,272,2,5:51,351,351,Jay'Den Turner missed Layup.,home,54,65,-11,9,FALSE,FALSE,0.022214224452651646,0.03817770242199767,6,-4,-6.5,144.5,Anthony Jordan/Doug Shows/Steven Anderson,"Atlanta, GA",GSU Convocation Center,0,3127,NA,NA,Georgia St,missed,Jay'Den Turner,NA,FALSE,FALSE,Georgia St,Appalachian St,FALSE
401581502,2024-02-01,Georgia St,Appalachian St,273,2,5:49,349,349,Christopher Mantis Defensive Rebound.,away,54,65,-11,2,FALSE,FALSE,0.02201643047733641,0.037797559424222686,6,-4,-6.5,144.5,Anthony Jordan/Doug Shows/Steven Anderson,"Atlanta, GA",GSU Convocation Center,0,3127,NA,NA,NA,NA,NA,NA,NA,NA,Georgia St,Appalachian St,FALSE
401581502,2024-02-01,Georgia St,Appalachian St,274,2,5:45,345,345,TreVon Spillers made Layup. Assisted by Donovan Gregory.,away,54,67,-13,4,TRUE,FALSE,0.012067957158549622,0.020818626596324247,6,-4,-6.5,144.5,Anthony Jordan/Doug Shows/Steven Anderson,"Atlanta, GA",GSU Convocation Center,0,3127,NA,NA,Appalachian St,made,TreVon Spillers,Donovan Gregory,FALSE,FALSE,Appalachian St,Appalachian St,FALSE
401581502,2024-02-01,Georgia St,Appalachian St,275,2,5:45,345,345,Foul on Lucas Taylor.,home,54,67,-13,0,FALSE,TRUE,0.012067957158549622,0.020818626596324247,6,-4,-6.5,144.5,Anthony Jordan/Doug Shows/Steven Anderson,"Atlanta, GA",GSU Convocation Center,0,3127,NA,NA,NA,NA,NA,NA,NA,NA,Appalachian St,Appalachian St,FALSE
401581502,2024-02-01,Georgia St,Appalachian St,276,2,5:45,345,345,Georgia State  Timeout,home,54,67,-13,0,FALSE,FALSE,0.012067957158549622,0.020818626596324247,6,-5,-6.5,144.5,Anthony Jordan/Doug Shows/Steven Anderson,"Atlanta, GA",GSU Convocation Center,0,3127,NA,NA,NA,NA,NA,NA,NA,NA,Appalachian St,Appalachian St,FALSE
401581502,2024-02-01,Georgia St,Appalachian St,277,2,5:45,345,345,TreVon Spillers made Free Throw.,away,54,68,-14,0,TRUE,FALSE,0.009001865502235636,0.015564289015052007,6,-5,-6.5,144.5,Anthony Jordan/Doug Shows/Steven Anderson,"Atlanta, GA",GSU Convocation Center,0,3127,NA,NA,Appalachian St,made,TreVon Spillers,NA,FALSE,TRUE,Appalachian St,Georgia St,FALSE
401581502,2024-02-01,Georgia St,Appalachian St,278,2,5:32,332,332,Lucas Taylor missed Jumper.,home,54,68,-14,13,FALSE,FALSE,0.008243099525360219,0.014142587463969706,6,-5,-6.5,144.5,Anthony Jordan/Doug Shows/Steven Anderson,"Atlanta, GA",GSU Convocation Center,0,3127,NA,NA,Georgia St,missed,Lucas Taylor,NA,FALSE,FALSE,Georgia St,Georgia St,FALSE
401581502,2024-02-01,Georgia St,Appalachian St,279,2,5:32,332,332,Donovan Gregory Block.,away,54,68,-14,0,FALSE,FALSE,0.008243099525360219,0.014142587463969706,6,-5,-6.5,144.5,Anthony Jordan/Doug Shows/Steven Anderson,"Atlanta, GA",GSU Convocation Center,0,3127,NA,NA,NA,NA,NA,NA,NA,NA,Georgia St,Georgia St,FALSE
401581502,2024-02-01,Georgia St,Appalachian St,280,2,5:25,325,325,Lucas Taylor Offensive Rebound.,home,54,68,-14,7,FALSE,FALSE,0.007813943362072842,0.013349153875506564,6,-5,-6.5,144.5,Anthony Jordan/Doug Shows/Steven Anderson,"Atlanta, GA",GSU Convocation Center,0,3127,NA,NA,NA,NA,NA,NA,NA,NA,Georgia St,Georgia St,FALSE
401581502,2024-02-01,Georgia St,Appalachian St,281,2,5:22,322,322,Lucas Taylor missed Jumper.,home,54,68,-14,3,FALSE,FALSE,0.007625789681349046,0.01300359305849737,6,-5,-6.5,144.5,Anthony Jordan/Doug Shows/Steven Anderson,"Atlanta, GA",GSU Convocation Center,0,3127,NA,NA,Georgia St,missed,Lucas Taylor,NA,FALSE,FALSE,Georgia St,Georgia St,FALSE
401581502,2024-02-01,Georgia St,Appalachian St,282,2,5:16,316,316,Leslie Nkereuwem Offensive Rebound.,home,54,68,-14,6,FALSE,FALSE,0.007242430763123432,0.01230367591871611,6,-5,-6.5,144.5,Anthony Jordan/Doug Shows/Steven Anderson,"Atlanta, GA",GSU Convocation Center,0,3127,NA,NA,NA,NA,NA,NA,NA,NA,Georgia St,Georgia St,FALSE
401581502,2024-02-01,Georgia St,Appalachian St,283,2,5:16,316,316,Leslie Nkereuwem made Layup.,home,56,68,-12,0,TRUE,FALSE,0.013465959363587894,0.022776625003847886,6,-5,-6.5,144.5,Anthony Jordan/Doug Shows/Steven Anderson,"Atlanta, GA",GSU Convocation Center,0,3127,NA,NA,Georgia St,made,Leslie Nkereuwem,NA,FALSE,FALSE,Georgia St,Appalachian St,FALSE
401581502,2024-02-01,Georgia St,Appalachian St,284,2,4:59,299,299,Myles Tate made Layup.,away,56,70,-14,17,TRUE,FALSE,0.006375987583560136,0.010713756356088917,6,-5,-6.5,144.5,Anthony Jordan/Doug Shows/Steven Anderson,"Atlanta, GA",GSU Convocation Center,0,3127,NA,NA,Appalachian St,made,Myles Tate,NA,FALSE,FALSE,Appalachian St,Georgia St,FALSE
401581502,2024-02-01,Georgia St,Appalachian St,285,2,4:43,283,283,Brenden Tucker missed Layup.,home,56,70,-14,16,FALSE,FALSE,0.006327661698176813,0.010519145907872686,6,-5,-6.5,144.5,Anthony Jordan/Doug Shows/Steven Anderson,"Atlanta, GA",GSU Convocation Center,0,3127,NA,NA,Georgia St,missed,Brenden Tucker,NA,FALSE,FALSE,Georgia St,Appalachian St,FALSE
401581502,2024-02-01,Georgia St,Appalachian St,286,2,4:43,283,283,Justin Abson Block.,away,56,70,-14,0,FALSE,FALSE,0.006327661698176813,0.010519145907872686,6,-5,-6.5,144.5,Anthony Jordan/Doug Shows/Steven Anderson,"Atlanta, GA",GSU Convocation Center,0,3127,NA,NA,NA,NA,NA,NA,NA,NA,Georgia St,Appalachian St,FALSE
401581502,2024-02-01,Georgia St,Appalachian St,287,2,4:35,275,275,Donovan Gregory Defensive Rebound.,away,56,70,-14,8,FALSE,FALSE,0.006487846770799794,0.010726414913122154,6,-5,-6.5,144.5,Anthony Jordan/Doug Shows/Steven Anderson,"Atlanta, GA",GSU Convocation Center,0,3127,NA,NA,NA,NA,NA,NA,NA,NA,Georgia St,Georgia St,FALSE
401581502,2024-02-01,Georgia St,Appalachian St,288,2,4:35,275,275,Terence Harcum made Three Point Jumper. Assisted by Myles Tate.,away,56,73,-17,0,TRUE,FALSE,0.002470650214681268,0.004095566913863043,6,-5,-6.5,144.5,Anthony Jordan/Doug Shows/Steven Anderson,"Atlanta, GA",GSU Convocation Center,0,3127,NA,NA,Appalachian St,made,Terence Harcum,Myles Tate,TRUE,FALSE,Georgia St,Georgia St,FALSE
401581502,2024-02-01,Georgia St,Appalachian St,289,2,4:35,275,275,Appalachian State  Timeout,away,56,73,-17,0,FALSE,FALSE,0.002470650214681268,0.004095566913863043,6,-6,-6.5,144.5,Anthony Jordan/Doug Shows/Steven Anderson,"Atlanta, GA",GSU Convocation Center,0,3127,NA,NA,NA,NA,NA,NA,NA,NA,Georgia St,Georgia St,FALSE
401581502,2024-02-01,Georgia St,Appalachian St,290,2,4:29,269,269,Brenden Tucker missed Three Point Jumper.,home,56,73,-17,6,FALSE,FALSE,0.0025480058601989575,0.00420636209221353,6,-6,-6.5,144.5,Anthony Jordan/Doug Shows/Steven Anderson,"Atlanta, GA",GSU Convocation Center,0,3127,NA,NA,Georgia St,missed,Brenden Tucker,NA,TRUE,FALSE,Georgia St,Appalachian St,FALSE
401581502,2024-02-01,Georgia St,Appalachian St,291,2,4:25,265,265,Justin Abson Defensive Rebound.,away,56,73,-17,4,FALSE,FALSE,0.002607031484983158,0.004291858708154661,6,-6,-6.5,144.5,Anthony Jordan/Doug Shows/Steven Anderson,"Atlanta, GA",GSU Convocation Center,0,3127,NA,NA,NA,NA,NA,NA,NA,NA,Georgia St,Appalachian St,FALSE
401581502,2024-02-01,Georgia St,Appalachian St,292,2,4:15,255,255,Justin Abson missed Jumper.,away,56,73,-17,10,FALSE,FALSE,0.002763343002995617,0.004517288359509033,6,-6,-6.5,144.5,Anthony Jordan/Doug Shows/Steven Anderson,"Atlanta, GA",GSU Convocation Center,0,3127,NA,NA,Appalachian St,missed,Justin Abson,NA,FALSE,FALSE,Appalachian St,Georgia St,FALSE
401581502,2024-02-01,Georgia St,Appalachian St,293,2,4:10,250,250,Julian Mackey Defensive Rebound.,home,56,73,-17,5,FALSE,FALSE,0.0028359987230129973,0.0046195312107939705,6,-6,-6.5,144.5,Anthony Jordan/Doug Shows/Steven Anderson,"Atlanta, GA",GSU Convocation Center,0,3127,NA,NA,NA,NA,NA,NA,NA,NA,Appalachian St,Georgia St,FALSE
401581502,2024-02-01,Georgia St,Appalachian St,294,2,4:03,243,243,Lucas Taylor missed Jumper.,home,56,73,-17,7,FALSE,FALSE,0.0029165784416361126,0.004726777108005104,6,-6,-6.5,144.5,Anthony Jordan/Doug Shows/Steven Anderson,"Atlanta, GA",GSU Convocation Center,0,3127,NA,NA,Georgia St,missed,Lucas Taylor,NA,FALSE,FALSE,Georgia St,Georgia St,FALSE
401581502,2024-02-01,Georgia St,Appalachian St,295,2,3:58,238,238,Jay'Den Turner Offensive Rebound.,home,56,73,-17,5,FALSE,FALSE,0.002950123010135502,0.004763626602339503,6,-6,-6.5,144.5,Anthony Jordan/Doug Shows/Steven Anderson,"Atlanta, GA",GSU Convocation Center,0,3127,NA,NA,NA,NA,NA,NA,NA,NA,Georgia St,Georgia St,FALSE
401581502,2024-02-01,Georgia St,Appalachian St,296,2,3:58,238,238,Jay'Den Turner made Layup.,home,58,73,-15,0,TRUE,FALSE,0.005516462444132673,0.008893477952874094,6,-6,-6.5,144.5,Anthony Jordan/Doug Shows/Steven Anderson,"Atlanta, GA",GSU Convocation Center,0,3127,NA,NA,Georgia St,made,Jay'Den Turner,NA,FALSE,FALSE,Georgia St,Appalachian St,FALSE
401581502,2024-02-01,Georgia St,Appalachian St,297,2,3:48,228,228,Justin Abson Turnover.,away,58,73,-15,10,FALSE,FALSE,0.005486942765008711,0.008780277292949378,6,-6,-6.5,144.5,Anthony Jordan/Doug Shows/Steven Anderson,"Atlanta, GA",GSU Convocation Center,0,3127,NA,NA,NA,NA,NA,NA,NA,NA,Appalachian St,Georgia St,FALSE
401581502,2024-02-01,Georgia St,Appalachian St,298,2,3:48,228,228,Julian Mackey Steal.,home,58,73,-15,0,FALSE,FALSE,0.005486942765008711,0.008780277292949378,6,-6,-6.5,144.5,Anthony Jordan/Doug Shows/Steven Anderson,"Atlanta, GA",GSU Convocation Center,0,3127,NA,NA,NA,NA,NA,NA,NA,NA,Appalachian St,Georgia St,FALSE
401581502,2024-02-01,Georgia St,Appalachian St,299,2,3:41,221,221,Jay'Den Turner missed Layup.,home,58,73,-15,7,FALSE,FALSE,0.005321486573407508,0.00847047876195254,6,-6,-6.5,144.5,Anthony Jordan/Doug Shows/Steven Anderson,"Atlanta, GA",GSU Convocation Center,0,3127,NA,NA,Georgia St,missed,Jay'Den Turner,NA,FALSE,FALSE,Georgia St,Appalachian St,FALSE
401581502,2024-02-01,Georgia St,Appalachian St,300,2,3:36,216,216,Myles Tate Defensive Rebound.,away,58,73,-15,5,FALSE,FALSE,0.005120894701326323,0.00811993543558354,6,-6,-6.5,144.5,Anthony Jordan/Doug Shows/Steven Anderson,"Atlanta, GA",GSU Convocation Center,0,3127,NA,NA,NA,NA,NA,NA,NA,NA,Georgia St,Appalachian St,FALSE
401581502,2024-02-01,Georgia St,Appalachian St,301,2,3:19,199,199,Foul on Leslie Nkereuwem.,home,58,73,-15,17,FALSE,TRUE,0.003953801317002549,0.006185107834033692,6,-6,-6.5,144.5,Anthony Jordan/Doug Shows/Steven Anderson,"Atlanta, GA",GSU Convocation Center,0,3127,NA,NA,NA,NA,NA,NA,NA,NA,Appalachian St,Appalachian St,FALSE
401581502,2024-02-01,Georgia St,Appalachian St,302,2,3:19,199,199, Official TV Timeout,NA,58,73,-15,0,FALSE,FALSE,0.003953801317002549,0.006185107834033692,6,-7,-6.5,144.5,Anthony Jordan/Doug Shows/Steven Anderson,"Atlanta, GA",GSU Convocation Center,0,3127,NA,NA,NA,NA,NA,NA,NA,NA,Appalachian St,Appalachian St,FALSE
401581502,2024-02-01,Georgia St,Appalachian St,303,2,3:19,199,199,Terence Harcum made Free Throw.,away,58,74,-16,0,TRUE,FALSE,0.0028212689199386865,0.004416270680608573,6,-7,-6.5,144.5,Anthony Jordan/Doug Shows/Steven Anderson,"Atlanta, GA",GSU Convocation Center,0,3127,NA,NA,Appalachian St,made,Terence Harcum,NA,FALSE,TRUE,Appalachian St,Appalachian St,FALSE
401581502,2024-02-01,Georgia St,Appalachian St,304,2,3:19,199,199,Terence Harcum made Free Throw.,away,58,75,-17,0,TRUE,FALSE,0.0020124852416937224,0.003151687072562689,6,-7,-6.5,144.5,Anthony Jordan/Doug Shows/Steven Anderson,"Atlanta, GA",GSU Convocation Center,0,3127,NA,NA,Appalachian St,made,Terence Harcum,NA,FALSE,TRUE,Appalachian St,Georgia St,FALSE
401581502,2024-02-01,Georgia St,Appalachian St,305,2,3:06,186,186,Julian Mackey made Three Point Jumper. Assisted by Lucas Taylor.,home,61,75,-14,13,TRUE,FALSE,0.003982044566521611,0.006156663970142349,6,-7,-6.5,144.5,Anthony Jordan/Doug Shows/Steven Anderson,"Atlanta, GA",GSU Convocation Center,0,3127,NA,NA,Georgia St,made,Julian Mackey,Lucas Taylor,TRUE,FALSE,Georgia St,Appalachian St,FALSE
401581502,2024-02-01,Georgia St,Appalachian St,306,2,2:43,163,163,Foul on Leslie Nkereuwem.,home,61,75,-14,23,FALSE,TRUE,0.0020299377445427815,0.0030743635264084824,6,-7,-6.5,144.5,Anthony Jordan/Doug Shows/Steven Anderson,"Atlanta, GA",GSU Convocation Center,0,3127,NA,NA,NA,NA,NA,NA,NA,NA,Appalachian St,Appalachian St,FALSE
401581502,2024-02-01,Georgia St,Appalachian St,307,2,2:43,163,163,Justin Abson missed Free Throw.,away,61,75,-14,0,FALSE,FALSE,0.0020299377445427815,0.0030743635264084824,6,-7,-6.5,144.5,Anthony Jordan/Doug Shows/Steven Anderson,"Atlanta, GA",GSU Convocation Center,0,3127,NA,NA,Appalachian St,missed,Justin Abson,NA,FALSE,TRUE,Appalachian St,Appalachian St,FALSE
401581502,2024-02-01,Georgia St,Appalachian St,308,2,2:43,163,163,Appalachian State Offensive Rebound.,away,61,75,-14,0,FALSE,FALSE,0.0020299377445427815,0.0030743635264084824,6,-7,-6.5,144.5,Anthony Jordan/Doug Shows/Steven Anderson,"Atlanta, GA",GSU Convocation Center,0,3127,NA,NA,NA,NA,NA,NA,NA,NA,Appalachian St,Appalachian St,FALSE
401581502,2024-02-01,Georgia St,Appalachian St,309,2,2:43,163,163,Justin Abson missed Free Throw.,away,61,75,-14,0,FALSE,FALSE,0.0020299377445427815,0.0030743635264084824,6,-7,-6.5,144.5,Anthony Jordan/Doug Shows/Steven Anderson,"Atlanta, GA",GSU Convocation Center,0,3127,NA,NA,Appalachian St,missed,Justin Abson,NA,FALSE,TRUE,Appalachian St,Appalachian St,FALSE
401581502,2024-02-01,Georgia St,Appalachian St,310,2,2:43,163,163,Julian Mackey Defensive Rebound.,home,61,75,-14,0,FALSE,FALSE,0.0020299377445427815,0.0030743635264084824,6,-7,-6.5,144.5,Anthony Jordan/Doug Shows/Steven Anderson,"Atlanta, GA",GSU Convocation Center,0,3127,NA,NA,NA,NA,NA,NA,NA,NA,Appalachian St,Appalachian St,FALSE
401581502,2024-02-01,Georgia St,Appalachian St,311,2,2:32,152,152,Lucas Taylor missed Three Point Jumper.,home,61,75,-14,11,FALSE,FALSE,0.0014242012371253978,0.0021345339842209605,6,-7,-6.5,144.5,Anthony Jordan/Doug Shows/Steven Anderson,"Atlanta, GA",GSU Convocation Center,0,3127,NA,NA,Georgia St,missed,Lucas Taylor,NA,TRUE,FALSE,Georgia St,Appalachian St,FALSE
401581502,2024-02-01,Georgia St,Appalachian St,312,2,2:28,148,148,Justin Abson Defensive Rebound.,away,61,75,-14,4,FALSE,FALSE,0.0012422699010785627,0.001854628528475537,6,-7,-6.5,144.5,Anthony Jordan/Doug Shows/Steven Anderson,"Atlanta, GA",GSU Convocation Center,0,3127,NA,NA,NA,NA,NA,NA,NA,NA,Georgia St,Appalachian St,FALSE
401581502,2024-02-01,Georgia St,Appalachian St,313,2,2:21,141,141,Terence Harcum missed Three Point Jumper.,away,61,75,-14,7,FALSE,FALSE,9.663667891171386e-4,0.0014327585570315191,6,-7,-6.5,144.5,Anthony Jordan/Doug Shows/Steven Anderson,"Atlanta, GA",GSU Convocation Center,0,3127,NA,NA,Appalachian St,missed,Terence Harcum,NA,TRUE,FALSE,Appalachian St,Georgia St,FALSE
401581502,2024-02-01,Georgia St,Appalachian St,314,2,2:17,137,137,Jay'Den Turner Defensive Rebound.,home,61,75,-14,4,FALSE,FALSE,8.308225566394277e-4,0.0012268452573439706,6,-7,-6.5,144.5,Anthony Jordan/Doug Shows/Steven Anderson,"Atlanta, GA",GSU Convocation Center,0,3127,NA,NA,NA,NA,NA,NA,NA,NA,Appalachian St,Georgia St,FALSE
401581502,2024-02-01,Georgia St,Appalachian St,315,2,2:08,128,128,Foul on Justin Abson.,away,61,75,-14,9,FALSE,TRUE,5.779105050236992e-4,8.455238357458441e-4,6,-7,-6.5,144.5,Anthony Jordan/Doug Shows/Steven Anderson,"Atlanta, GA",GSU Convocation Center,0,3127,NA,NA,NA,NA,NA,NA,NA,NA,Georgia St,Georgia St,FALSE
401581502,2024-02-01,Georgia St,Appalachian St,316,2,2:08,128,128,Lucas Taylor missed Free Throw.,home,61,75,-14,0,FALSE,FALSE,5.779105050236992e-4,8.455238357458441e-4,6,-7,-6.5,144.5,Anthony Jordan/Doug Shows/Steven Anderson,"Atlanta, GA",GSU Convocation Center,0,3127,NA,NA,Georgia St,missed,Lucas Taylor,NA,FALSE,TRUE,Georgia St,Georgia St,FALSE
401581502,2024-02-01,Georgia St,Appalachian St,317,2,2:08,128,128,Georgia State Offensive Rebound.,home,61,75,-14,0,FALSE,FALSE,5.779105050236992e-4,8.455238357458441e-4,6,-7,-6.5,144.5,Anthony Jordan/Doug Shows/Steven Anderson,"Atlanta, GA",GSU Convocation Center,0,3127,NA,NA,NA,NA,NA,NA,NA,NA,Georgia St,Georgia St,FALSE
401581502,2024-02-01,Georgia St,Appalachian St,318,2,2:08,128,128,Lucas Taylor made Free Throw.,home,62,75,-13,0,TRUE,FALSE,9.575475694486842e-4,0.0014007132552975468,6,-7,-6.5,144.5,Anthony Jordan/Doug Shows/Steven Anderson,"Atlanta, GA",GSU Convocation Center,0,3127,NA,NA,Georgia St,made,Lucas Taylor,NA,FALSE,TRUE,Georgia St,Appalachian St,FALSE
401581502,2024-02-01,Georgia St,Appalachian St,319,2,2:01,121,121,TreVon Spillers Turnover.,away,62,75,-13,7,FALSE,FALSE,7.205460438132215e-4,0.001046326618246952,6,-7,-6.5,144.5,Anthony Jordan/Doug Shows/Steven Anderson,"Atlanta, GA",GSU Convocation Center,0,3127,NA,NA,NA,NA,NA,NA,NA,NA,Appalachian St,Georgia St,FALSE
401581502,2024-02-01,Georgia St,Appalachian St,320,2,2:01,121,121,Lucas Taylor Steal.,home,62,75,-13,0,FALSE,FALSE,7.205460438132215e-4,0.001046326618246952,6,-7,-6.5,144.5,Anthony Jordan/Doug Shows/Steven Anderson,"Atlanta, GA",GSU Convocation Center,0,3127,NA,NA,NA,NA,NA,NA,NA,NA,Appalachian St,Georgia St,FALSE
401581502,2024-02-01,Georgia St,Appalachian St,321,2,1:48,108,108,Toneari Lane made Jumper.,home,64,75,-11,13,TRUE,FALSE,0.0012593903915616967,0.001802591571585369,6,-7,-6.5,144.5,Anthony Jordan/Doug Shows/Steven Anderson,"Atlanta, GA",GSU Convocation Center,0,3127,NA,NA,Georgia St,made,Toneari Lane,NA,FALSE,FALSE,Georgia St,Appalachian St,FALSE
401581502,2024-02-01,Georgia St,Appalachian St,322,2,1:43,103,103,Foul on Lucas Taylor.,home,64,75,-11,5,FALSE,TRUE,0.0010201171101024572,0.0014521105834027189,6,-7,-6.5,144.5,Anthony Jordan/Doug Shows/Steven Anderson,"Atlanta, GA",GSU Convocation Center,0,3127,NA,NA,NA,NA,NA,NA,NA,NA,Appalachian St,Appalachian St,FALSE
401581502,2024-02-01,Georgia St,Appalachian St,323,2,1:43,103,103,Terence Harcum missed Free Throw.,away,64,75,-11,0,FALSE,FALSE,0.0010201171101024572,0.0014521105834027189,6,-7,-6.5,144.5,Anthony Jordan/Doug Shows/Steven Anderson,"Atlanta, GA",GSU Convocation Center,0,3127,NA,NA,Appalachian St,missed,Terence Harcum,NA,FALSE,TRUE,Appalachian St,Appalachian St,FALSE
401581502,2024-02-01,Georgia St,Appalachian St,324,2,1:43,103,103,Appalachian State Offensive Rebound.,away,64,75,-11,0,FALSE,FALSE,0.0010201171101024572,0.0014521105834027189,6,-7,-6.5,144.5,Anthony Jordan/Doug Shows/Steven Anderson,"Atlanta, GA",GSU Convocation Center,0,3127,NA,NA,NA,NA,NA,NA,NA,NA,Appalachian St,Appalachian St,FALSE
401581502,2024-02-01,Georgia St,Appalachian St,325,2,1:43,103,103,Terence Harcum missed Free Throw.,away,64,75,-11,0,FALSE,FALSE,0.0010201171101024572,0.0014521105834027189,6,-7,-6.5,144.5,Anthony Jordan/Doug Shows/Steven Anderson,"Atlanta, GA",GSU Convocation Center,0,3127,NA,NA,Appalachian St,missed,Terence Harcum,NA,FALSE,TRUE,Appalachian St,Appalachian St,FALSE
401581502,2024-02-01,Georgia St,Appalachian St,326,2,1:43,103,103,Jay'Den Turner Defensive Rebound.,home,64,75,-11,0,FALSE,FALSE,0.0010201171101024572,0.0014521105834027189,6,-7,-6.5,144.5,Anthony Jordan/Doug Shows/Steven Anderson,"Atlanta, GA",GSU Convocation Center,0,3127,NA,NA,NA,NA,NA,NA,NA,NA,Appalachian St,Appalachian St,FALSE
401581502,2024-02-01,Georgia St,Appalachian St,327,2,1:38,98,98,Jay'Den Turner Turnover.,home,64,75,-11,5,FALSE,FALSE,8.163232997602182e-4,0.0011555290088078258,6,-7,-6.5,144.5,Anthony Jordan/Doug Shows/Steven Anderson,"Atlanta, GA",GSU Convocation Center,0,3127,NA,NA,NA,NA,NA,NA,NA,NA,Georgia St,Appalachian St,FALSE
401581502,2024-02-01,Georgia St,Appalachian St,328,2,1:38,98,98,Myles Tate Steal.,away,64,75,-11,0,FALSE,FALSE,8.163232997602182e-4,0.0011555290088078258,6,-7,-6.5,144.5,Anthony Jordan/Doug Shows/Steven Anderson,"Atlanta, GA",GSU Convocation Center,0,3127,NA,NA,NA,NA,NA,NA,NA,NA,Georgia St,Appalachian St,FALSE
401581502,2024-02-01,Georgia St,Appalachian St,329,2,1:10,70,70,Terence Harcum missed Jumper.,away,64,75,-11,28,FALSE,FALSE,2.02250480746489e-4,2.7705189970228853e-4,6,-7,-6.5,144.5,Anthony Jordan/Doug Shows/Steven Anderson,"Atlanta, GA",GSU Convocation Center,0,3127,NA,NA,Appalachian St,missed,Terence Harcum,NA,FALSE,FALSE,Appalachian St,Georgia St,FALSE
401581502,2024-02-01,Georgia St,Appalachian St,330,2,1:03,63,63,Lucas Taylor Defensive Rebound.,home,64,75,-11,7,FALSE,FALSE,1.3698124829800916e-4,1.860389602746874e-4,6,-7,-6.5,144.5,Anthony Jordan/Doug Shows/Steven Anderson,"Atlanta, GA",GSU Convocation Center,0,3127,NA,NA,NA,NA,NA,NA,NA,NA,Appalachian St,Georgia St,FALSE
401581502,2024-02-01,Georgia St,Appalachian St,331,2,1:00,60,60,Jay'Den Turner missed Jumper.,home,64,75,-11,3,FALSE,FALSE,1.1543804942692703e-4,1.5619835451053554e-4,6,-7,-6.5,144.5,Anthony Jordan/Doug Shows/Steven Anderson,"Atlanta, GA",GSU Convocation Center,0,3127,NA,NA,Georgia St,missed,Jay'Den Turner,NA,FALSE,FALSE,Georgia St,Georgia St,FALSE
401581502,2024-02-01,Georgia St,Appalachian St,332,2,0:57,57,57,Georgia State Offensive Rebound.,home,64,75,-11,3,FALSE,FALSE,9.701948631105971e-5,1.3078568184723825e-4,6,-7,-6.5,144.5,Anthony Jordan/Doug Shows/Steven Anderson,"Atlanta, GA",GSU Convocation Center,0,3127,NA,NA,NA,NA,NA,NA,NA,NA,Georgia St,Georgia St,FALSE
401581502,2024-02-01,Georgia St,Appalachian St,333,2,0:47,47,47,Toneari Lane missed Three Point Jumper.,home,64,75,-11,10,FALSE,FALSE,5.318286299499757e-5,7.078930879318327e-5,6,-7,-6.5,144.5,Anthony Jordan/Doug Shows/Steven Anderson,"Atlanta, GA",GSU Convocation Center,0,3127,NA,NA,Georgia St,missed,Toneari Lane,NA,TRUE,FALSE,Georgia St,Appalachian St,FALSE
401581502,2024-02-01,Georgia St,Appalachian St,334,2,0:44,44,44,Foul on Julian Mackey.,home,64,75,-11,3,FALSE,TRUE,4.4083226570638917e-5,5.84508243110858e-5,6,-7,-6.5,144.5,Anthony Jordan/Doug Shows/Steven Anderson,"Atlanta, GA",GSU Convocation Center,0,3127,NA,NA,NA,NA,NA,NA,NA,NA,Georgia St,Appalachian St,FALSE
401581502,2024-02-01,Georgia St,Appalachian St,335,2,0:44,44,44,Myles Tate made Free Throw.,away,64,76,-12,0,TRUE,FALSE,1.8173966369011695e-5,2.409742590694841e-5,6,-7,-6.5,144.5,Anthony Jordan/Doug Shows/Steven Anderson,"Atlanta, GA",GSU Convocation Center,0,3127,NA,NA,Appalachian St,made,Myles Tate,NA,FALSE,TRUE,Georgia St,Georgia St,FALSE
401581502,2024-02-01,Georgia St,Appalachian St,336,2,0:44,44,44,Myles Tate made Free Throw.,away,64,77,-13,0,TRUE,FALSE,7.492374072867877e-6,9.93440584202217e-6,6,-7,-6.5,144.5,Anthony Jordan/Doug Shows/Steven Anderson,"Atlanta, GA",GSU Convocation Center,0,3127,NA,NA,Appalachian St,made,Myles Tate,NA,FALSE,TRUE,Georgia St,Georgia St,FALSE
401581502,2024-02-01,Georgia St,Appalachian St,337,2,0:43,43,43,TreVon Spillers Defensive Rebound.,away,64,77,-13,1,FALSE,FALSE,6.950174533349363e-6,9.203550586863441e-6,6,-7,-6.5,144.5,Anthony Jordan/Doug Shows/Steven Anderson,"Atlanta, GA",GSU Convocation Center,0,3127,NA,NA,NA,NA,NA,NA,NA,NA,Georgia St,Appalachian St,FALSE
401581502,2024-02-01,Georgia St,Appalachian St,338,2,0:35,35,35,Julian Mackey made Three Point Jumper. Assisted by Jay'Den Turner.,home,67,77,-10,8,TRUE,FALSE,6.297608594721607e-5,8.252352001080309e-5,6,-7,-6.5,144.5,Anthony Jordan/Doug Shows/Steven Anderson,"Atlanta, GA",GSU Convocation Center,0,3127,NA,NA,Georgia St,made,Julian Mackey,Jay'Den Turner,TRUE,FALSE,Georgia St,Appalachian St,FALSE
401581502,2024-02-01,Georgia St,Appalachian St,339,2,0:35,35,35,Georgia State  Timeout,home,67,77,-10,0,FALSE,FALSE,6.297608594721607e-5,8.252352001080309e-5,6,-8,-6.5,144.5,Anthony Jordan/Doug Shows/Steven Anderson,"Atlanta, GA",GSU Convocation Center,0,3127,NA,NA,NA,NA,NA,NA,NA,NA,Georgia St,Appalachian St,FALSE
401581502,2024-02-01,Georgia St,Appalachian St,340,2,0:30,30,30,Foul on Toneari Lane.,home,67,77,-10,5,FALSE,TRUE,4.6439358748482026e-5,6.045152015078505e-5,6,-8,-6.5,144.5,Anthony Jordan/Doug Shows/Steven Anderson,"Atlanta, GA",GSU Convocation Center,0,3127,NA,NA,NA,NA,NA,NA,NA,NA,Appalachian St,Appalachian St,FALSE
401581502,2024-02-01,Georgia St,Appalachian St,341,2,0:30,30,30,Terence Harcum made Free Throw.,away,67,78,-11,0,TRUE,FALSE,1.7580940161073566e-5,2.2885841704310636e-5,6,-8,-6.5,144.5,Anthony Jordan/Doug Shows/Steven Anderson,"Atlanta, GA",GSU Convocation Center,0,3127,NA,NA,Appalachian St,made,Terence Harcum,NA,FALSE,TRUE,Appalachian St,Appalachian St,FALSE
401581502,2024-02-01,Georgia St,Appalachian St,342,2,0:30,30,30,Terence Harcum made Free Throw.,away,67,79,-12,0,TRUE,FALSE,6.65564560197287e-6,8.663959517661719e-6,6,-8,-6.5,144.5,Anthony Jordan/Doug Shows/Steven Anderson,"Atlanta, GA",GSU Convocation Center,0,3127,NA,NA,Appalachian St,made,Terence Harcum,NA,FALSE,TRUE,Appalachian St,Georgia St,FALSE
401581502,2024-02-01,Georgia St,Appalachian St,343,2,0:28,28,28,Julian Mackey missed Layup.,home,67,79,-12,2,FALSE,FALSE,5.734790550624914e-6,7.445308791092653e-6,6,-8,-6.5,144.5,Anthony Jordan/Doug Shows/Steven Anderson,"Atlanta, GA",GSU Convocation Center,0,3127,NA,NA,Georgia St,missed,Julian Mackey,NA,FALSE,FALSE,Georgia St,Georgia St,FALSE
401581502,2024-02-01,Georgia St,Appalachian St,344,2,0:26,26,26,Leslie Nkereuwem Offensive Rebound.,home,67,79,-12,2,FALSE,FALSE,4.935805233036535e-6,6.390838793803581e-6,6,-8,-6.5,144.5,Anthony Jordan/Doug Shows/Steven Anderson,"Atlanta, GA",GSU Convocation Center,0,3127,NA,NA,NA,NA,NA,NA,NA,NA,Georgia St,Georgia St,FALSE
401581502,2024-02-01,Georgia St,Appalachian St,345,2,0:26,26,26,Leslie Nkereuwem made Layup.,home,69,79,-10,0,TRUE,FALSE,3.6231333278874224e-5,4.6911590542771665e-05,6,-8,-6.5,144.5,Anthony Jordan/Doug Shows/Steven Anderson,"Atlanta, GA",GSU Convocation Center,0,3127,NA,NA,Georgia St,made,Leslie Nkereuwem,NA,FALSE,FALSE,Georgia St,Appalachian St,FALSE
401581502,2024-02-01,Georgia St,Appalachian St,346,2,0:17,17,17,Foul on Leslie Nkereuwem.,home,69,79,-10,9,FALSE,TRUE,2.03528358138209e-5,2.603243894246215e-5,6,-8,-6.5,144.5,Anthony Jordan/Doug Shows/Steven Anderson,"Atlanta, GA",GSU Convocation Center,0,3127,NA,NA,NA,NA,NA,NA,NA,NA,Appalachian St,Appalachian St,FALSE
401581502,2024-02-01,Georgia St,Appalachian St,347,2,0:17,17,17,TreVon Spillers made Free Throw.,away,69,80,-11,0,TRUE,FALSE,7.082446603385286e-6,9.05888708775507e-6,6,-8,-6.5,144.5,Anthony Jordan/Doug Shows/Steven Anderson,"Atlanta, GA",GSU Convocation Center,0,3127,NA,NA,Appalachian St,made,TreVon Spillers,NA,FALSE,TRUE,Appalachian St,Appalachian St,FALSE
401581502,2024-02-01,Georgia St,Appalachian St,348,2,0:17,17,17,TreVon Spillers made Free Throw.,away,69,81,-12,0,TRUE,FALSE,2.4645516882416667e-6,3.1523180459191913e-6,6,-8,-6.5,144.5,Anthony Jordan/Doug Shows/Steven Anderson,"Atlanta, GA",GSU Convocation Center,0,3127,NA,NA,Appalachian St,made,TreVon Spillers,NA,FALSE,TRUE,Appalachian St,Georgia St,FALSE
401581502,2024-02-01,Georgia St,Appalachian St,349,2,0:15,15,15,Foul on Donovan Gregory.,away,69,81,-12,2,FALSE,TRUE,2.0990741836479095e-6,2.677455197993315e-6,6,-8,-6.5,144.5,Anthony Jordan/Doug Shows/Steven Anderson,"Atlanta, GA",GSU Convocation Center,0,3127,NA,NA,NA,NA,NA,NA,NA,NA,Georgia St,Georgia St,FALSE
401581502,2024-02-01,Georgia St,Appalachian St,350,2,0:07,7,7,Julian Mackey made Layup.,home,71,81,-10,8,TRUE,FALSE,1.028243305216416e-5,1.2969961556201945e-5,6,-8,-6.5,144.5,Anthony Jordan/Doug Shows/Steven Anderson,"Atlanta, GA",GSU Convocation Center,0,3127,NA,NA,Georgia St,made,Julian Mackey,NA,FALSE,FALSE,Georgia St,Appalachian St,FALSE
401581502,2024-02-01,Georgia St,Appalachian St,351,2,0:00,0,0,End of 2nd half,NA,71,81,-10,7,FALSE,FALSE,0,0,6,-8,-6.5,144.5,Anthony Jordan/Doug Shows/Steven Anderson,"Atlanta, GA",GSU Convocation Center,0,3127,NA,NA,NA,NA,NA,NA,NA,NA,Appalachian St,NA,FALSE
401581502,2024-02-01,Georgia St,Appalachian St,352,2,0:00,0,0,End of Game,NA,71,81,-10,0,FALSE,FALSE,0,0,6,-8,-6.5,144.5,Anthony Jordan/Doug Shows/Steven Anderson,"Atlanta, GA",GSU Convocation Center,0,3127,NA,NA,NA,NA,NA,NA,NA,NA,Appalachian St,NA,FALSE
