game_id,date,home,away,play_id,half,time_remaining_half,secs_remaining,secs_remaining_absolute,description,action_team,home_score,away_score,score_diff,play_length,scoring_play,foul,win_prob,naive_win_prob,home_time_out_remaining,away_time_out_remaining,home_favored_by,total_line,referees,arena_location,arena,capacity,attendance,shot_x,shot_y,shot_team,shot_outcome,shooter,assist,three_pt,free_throw,possession_before,possession_after,wrong_time
401597906,2023-11-24,Longwood,Delaware St,1,1,19:37,2377,2977,Alston Andrews Turnover.,away,0,0,0,0,FALSE,FALSE,0.8966745368692332,0.5,6,6,13.5,140.5,J.W. Lucas/Grant  Todey/CJ Middlebrooks,"Farmville, VA",Joan Perry Brock Center,3000,1147,NA,NA,NA,NA,NA,NA,NA,NA,NA,Longwood,FALSE
401597906,2023-11-24,Longwood,Delaware St,2,1,19:12,2352,2952,Walyn Napper missed Jumper.,home,0,0,0,25,FALSE,FALSE,0.8961541995456332,0.5,6,6,13.5,140.5,J.W. Lucas/Grant  Todey/CJ Middlebrooks,"Farmville, VA",Joan Perry Brock Center,3000,1147,NA,NA,Longwood,missed,Walyn Napper,NA,FALSE,FALSE,Longwood,Delaware St,FALSE
401597906,2023-11-24,Longwood,Delaware St,3,1,19:09,2349,2949,Martaz Robinson Defensive Rebound.,away,0,0,0,3,FALSE,FALSE,0.8960905467834638,0.5,6,6,13.5,140.5,J.W. Lucas/Grant  Todey/CJ Middlebrooks,"Farmville, VA",Joan Perry Brock Center,3000,1147,NA,NA,NA,NA,NA,NA,NA,NA,Longwood,Delaware St,FALSE
401597906,2023-11-24,Longwood,Delaware St,4,1,18:55,2335,2935,Jevin Muniz missed Three Point Jumper.,away,0,0,0,14,FALSE,FALSE,0.8957899854129439,0.5,6,6,13.5,140.5,J.W. Lucas/Grant  Todey/CJ Middlebrooks,"Farmville, VA",Joan Perry Brock Center,3000,1147,NA,NA,Delaware St,missed,Jevin Muniz,NA,TRUE,FALSE,Delaware St,Longwood,FALSE
401597906,2023-11-24,Longwood,Delaware St,5,1,18:51,2331,2931,Michael Christmas Defensive Rebound.,home,0,0,0,4,FALSE,FALSE,0.8957030350470887,0.5,6,6,13.5,140.5,J.W. Lucas/Grant  Todey/CJ Middlebrooks,"Farmville, VA",Joan Perry Brock Center,3000,1147,NA,NA,NA,NA,NA,NA,NA,NA,Delaware St,Longwood,FALSE
401597906,2023-11-24,Longwood,Delaware St,6,1,18:32,2312,2912,Foul on Raymond Somerville.,away,0,0,0,19,FALSE,TRUE,0.8952833593886949,0.5,6,6,13.5,140.5,J.W. Lucas/Grant  Todey/CJ Middlebrooks,"Farmville, VA",Joan Perry Brock Center,3000,1147,NA,NA,NA,NA,NA,NA,NA,NA,Longwood,Longwood,FALSE
401597906,2023-11-24,Longwood,Delaware St,7,1,18:32,2312,2912,Michael Christmas made Free Throw.,home,1,0,1,0,TRUE,FALSE,0.9036091003233069,0.5230094443683952,6,6,13.5,140.5,J.W. Lucas/Grant  Todey/CJ Middlebrooks,"Farmville, VA",Joan Perry Brock Center,3000,1147,NA,NA,Longwood,made,Michael Christmas,NA,FALSE,TRUE,Longwood,Longwood,FALSE
401597906,2023-11-24,Longwood,Delaware St,8,1,18:32,2312,2912,Michael Christmas made Free Throw.,home,2,0,2,0,TRUE,FALSE,0.9113384386595799,0.545921638731889,6,6,13.5,140.5,J.W. Lucas/Grant  Todey/CJ Middlebrooks,"Farmville, VA",Joan Perry Brock Center,3000,1147,NA,NA,Longwood,made,Michael Christmas,NA,FALSE,TRUE,Longwood,Longwood,FALSE
401597906,2023-11-24,Longwood,Delaware St,9,1,18:07,2287,2887,Foul on Raymond Somerville.,away,2,0,2,25,FALSE,TRUE,0.911029413874711,0.5464770070814524,6,6,13.5,140.5,J.W. Lucas/Grant  Todey/CJ Middlebrooks,"Farmville, VA",Joan Perry Brock Center,3000,1147,NA,NA,NA,NA,NA,NA,NA,NA,Longwood,Longwood,FALSE
401597906,2023-11-24,Longwood,Delaware St,10,1,18:07,2287,2887,Raymond Somerville Turnover.,away,2,0,2,0,FALSE,FALSE,0.911029413874711,0.5464770070814524,6,6,13.5,140.5,J.W. Lucas/Grant  Todey/CJ Middlebrooks,"Farmville, VA",Joan Perry Brock Center,3000,1147,NA,NA,NA,NA,NA,NA,NA,NA,Longwood,Longwood,FALSE
401597906,2023-11-24,Longwood,Delaware St,11,1,17:54,2274,2874,Johnathan Massie missed Three Point Jumper.,home,2,0,2,13,FALSE,FALSE,0.9108632212877913,0.5467682100997949,6,6,13.5,140.5,J.W. Lucas/Grant  Todey/CJ Middlebrooks,"Farmville, VA",Joan Perry Brock Center,3000,1147,NA,NA,Longwood,missed,Johnathan Massie,NA,TRUE,FALSE,Longwood,Delaware St,FALSE
401597906,2023-11-24,Longwood,Delaware St,12,1,17:51,2271,2871,Jevin Muniz Defensive Rebound.,away,2,0,2,3,FALSE,FALSE,0.9108243167353842,0.5468356278580805,6,6,13.5,140.5,J.W. Lucas/Grant  Todey/CJ Middlebrooks,"Farmville, VA",Joan Perry Brock Center,3000,1147,NA,NA,NA,NA,NA,NA,NA,NA,Longwood,Delaware St,FALSE
401597906,2023-11-24,Longwood,Delaware St,13,1,17:49,2269,2869,Foul on Walyn Napper.,home,2,0,2,2,FALSE,TRUE,0.9107982636181933,0.5468806166740243,6,6,13.5,140.5,J.W. Lucas/Grant  Todey/CJ Middlebrooks,"Farmville, VA",Joan Perry Brock Center,3000,1147,NA,NA,NA,NA,NA,NA,NA,NA,Delaware St,Delaware St,FALSE
401597906,2023-11-24,Longwood,Delaware St,14,1,17:49,2269,2869,Deywilk Tavarez made Free Throw.,away,2,1,1,0,TRUE,FALSE,0.9028572993688929,0.5234920529632237,6,6,13.5,140.5,J.W. Lucas/Grant  Todey/CJ Middlebrooks,"Farmville, VA",Joan Perry Brock Center,3000,1147,NA,NA,Delaware St,made,Deywilk Tavarez,NA,FALSE,TRUE,Delaware St,Delaware St,FALSE
401597906,2023-11-24,Longwood,Delaware St,15,1,17:49,2269,2869,Deywilk Tavarez made Free Throw.,away,2,2,0,0,TRUE,FALSE,0.8942914570819704,0.5,6,6,13.5,140.5,J.W. Lucas/Grant  Todey/CJ Middlebrooks,"Farmville, VA",Joan Perry Brock Center,3000,1147,NA,NA,Delaware St,made,Deywilk Tavarez,NA,FALSE,TRUE,Delaware St,Longwood,FALSE
401597906,2023-11-24,Longwood,Delaware St,16,1,17:27,2247,2847,Johnathan Massie missed Jumper.,home,2,2,0,22,FALSE,FALSE,0.8937603591116632,0.5,6,6,13.5,140.5,J.W. Lucas/Grant  Todey/CJ Middlebrooks,"Farmville, VA",Joan Perry Brock Center,3000,1147,NA,NA,Longwood,missed,Johnathan Massie,NA,FALSE,FALSE,Longwood,Longwood,FALSE
401597906,2023-11-24,Longwood,Delaware St,17,1,17:22,2242,2842,Emanuel Richards Offensive Rebound.,home,2,2,0,5,FALSE,FALSE,0.8936373433055185,0.5,6,6,13.5,140.5,J.W. Lucas/Grant  Todey/CJ Middlebrooks,"Farmville, VA",Joan Perry Brock Center,3000,1147,NA,NA,NA,NA,NA,NA,NA,NA,Longwood,Longwood,FALSE
401597906,2023-11-24,Longwood,Delaware St,18,1,17:16,2236,2836,Johnathan Massie missed Three Point Jumper.,home,2,2,0,6,FALSE,FALSE,0.893488574775791,0.5,6,6,13.5,140.5,J.W. Lucas/Grant  Todey/CJ Middlebrooks,"Farmville, VA",Joan Perry Brock Center,3000,1147,NA,NA,Longwood,missed,Johnathan Massie,NA,TRUE,FALSE,Longwood,Delaware St,FALSE
401597906,2023-11-24,Longwood,Delaware St,19,1,17:14,2234,2834,Delaware State Defensive Rebound.,away,2,2,0,2,FALSE,FALSE,0.8934387047158693,0.5,6,6,13.5,140.5,J.W. Lucas/Grant  Todey/CJ Middlebrooks,"Farmville, VA",Joan Perry Brock Center,3000,1147,NA,NA,NA,NA,NA,NA,NA,NA,Longwood,Delaware St,FALSE
401597906,2023-11-24,Longwood,Delaware St,20,1,17:02,2222,2822,Foul on Alston Andrews.,away,2,2,0,12,FALSE,TRUE,0.8931365082052231,0.5,6,6,13.5,140.5,J.W. Lucas/Grant  Todey/CJ Middlebrooks,"Farmville, VA",Joan Perry Brock Center,3000,1147,NA,NA,NA,NA,NA,NA,NA,NA,Delaware St,Longwood,FALSE
401597906,2023-11-24,Longwood,Delaware St,21,1,17:02,2222,2822,Alston Andrews Turnover.,away,2,2,0,0,FALSE,FALSE,0.8931365082052231,0.5,6,6,13.5,140.5,J.W. Lucas/Grant  Todey/CJ Middlebrooks,"Farmville, VA",Joan Perry Brock Center,3000,1147,NA,NA,NA,NA,NA,NA,NA,NA,Longwood,Longwood,FALSE
401597906,2023-11-24,Longwood,Delaware St,22,1,16:45,2205,2805,Emanuel Richards Turnover.,home,2,2,0,17,FALSE,FALSE,0.8926995233822631,0.5,6,6,13.5,140.5,J.W. Lucas/Grant  Todey/CJ Middlebrooks,"Farmville, VA",Joan Perry Brock Center,3000,1147,NA,NA,NA,NA,NA,NA,NA,NA,Longwood,Delaware St,FALSE
401597906,2023-11-24,Longwood,Delaware St,23,1,16:26,2186,2786,Foul on DA Houston.,home,2,2,0,19,FALSE,TRUE,0.8921985141169908,0.5,6,6,13.5,140.5,J.W. Lucas/Grant  Todey/CJ Middlebrooks,"Farmville, VA",Joan Perry Brock Center,3000,1147,NA,NA,NA,NA,NA,NA,NA,NA,Delaware St,Delaware St,FALSE
401597906,2023-11-24,Longwood,Delaware St,24,1,16:26,2186,2786,Martaz Robinson made Free Throw.,away,2,3,-1,0,TRUE,FALSE,0.8824190509527533,0.47555520838674514,6,6,13.5,140.5,J.W. Lucas/Grant  Todey/CJ Middlebrooks,"Farmville, VA",Joan Perry Brock Center,3000,1147,NA,NA,Delaware St,made,Martaz Robinson,NA,FALSE,TRUE,Delaware St,Delaware St,FALSE
401597906,2023-11-24,Longwood,Delaware St,25,1,16:26,2186,2786,Martaz Robinson made Free Throw.,away,2,4,-2,0,TRUE,FALSE,0.8718798186089941,0.45122699359142715,6,6,13.5,140.5,J.W. Lucas/Grant  Todey/CJ Middlebrooks,"Farmville, VA",Joan Perry Brock Center,3000,1147,NA,NA,Delaware St,made,Martaz Robinson,NA,FALSE,TRUE,Delaware St,Longwood,FALSE
401597906,2023-11-24,Longwood,Delaware St,26,1,16:08,2168,2768,Elijah Tucker missed Jumper.,home,2,4,-2,18,FALSE,FALSE,0.8711257824336487,0.45081169315445313,6,6,13.5,140.5,J.W. Lucas/Grant  Todey/CJ Middlebrooks,"Farmville, VA",Joan Perry Brock Center,3000,1147,NA,NA,Longwood,missed,Elijah Tucker,NA,FALSE,FALSE,Longwood,Delaware St,FALSE
401597906,2023-11-24,Longwood,Delaware St,27,1,16:07,2167,2767,Delaware State Defensive Rebound.,away,2,4,-2,1,FALSE,FALSE,0.8710834052353603,0.4507885773459459,6,6,13.5,140.5,J.W. Lucas/Grant  Todey/CJ Middlebrooks,"Farmville, VA",Joan Perry Brock Center,3000,1147,NA,NA,NA,NA,NA,NA,NA,NA,Longwood,Delaware St,FALSE
401597906,2023-11-24,Longwood,Delaware St,28,1,15:48,2148,2748,Deywilk Tavarez missed Three Point Jumper.,away,2,4,-2,19,FALSE,FALSE,0.870268531006508,0.45034794935478056,6,6,13.5,140.5,J.W. Lucas/Grant  Todey/CJ Middlebrooks,"Farmville, VA",Joan Perry Brock Center,3000,1147,NA,NA,Delaware St,missed,Deywilk Tavarez,NA,TRUE,FALSE,Delaware St,Longwood,FALSE
401597906,2023-11-24,Longwood,Delaware St,29,1,15:46,2146,2746,Longwood Defensive Rebound.,home,2,4,-2,2,FALSE,FALSE,0.8701816790156656,0.45030140449121875,6,6,13.5,140.5,J.W. Lucas/Grant  Todey/CJ Middlebrooks,"Farmville, VA",Joan Perry Brock Center,3000,1147,NA,NA,NA,NA,NA,NA,NA,NA,Delaware St,Longwood,FALSE
401597906,2023-11-24,Longwood,Delaware St,30,1,15:46,2146,2746, Official TV Timeout,NA,2,4,-2,0,FALSE,FALSE,0.8701816790156656,0.45030140449121875,6,5,13.5,140.5,J.W. Lucas/Grant  Todey/CJ Middlebrooks,"Farmville, VA",Joan Perry Brock Center,3000,1147,NA,NA,NA,NA,NA,NA,NA,NA,Delaware St,Longwood,FALSE
401597906,2023-11-24,Longwood,Delaware St,31,1,15:24,2124,2724,DA Houston missed Three Point Jumper.,home,2,4,-2,22,FALSE,FALSE,0.8692127129879907,0.4497872350353424,6,5,13.5,140.5,J.W. Lucas/Grant  Todey/CJ Middlebrooks,"Farmville, VA",Joan Perry Brock Center,3000,1147,NA,NA,Longwood,missed,DA Houston,NA,TRUE,FALSE,Longwood,Delaware St,FALSE
401597906,2023-11-24,Longwood,Delaware St,32,1,15:21,2121,2721,Alston Andrews Defensive Rebound.,away,2,4,-2,3,FALSE,FALSE,0.8690786439176498,0.4497168005953703,6,5,13.5,140.5,J.W. Lucas/Grant  Todey/CJ Middlebrooks,"Farmville, VA",Joan Perry Brock Center,3000,1147,NA,NA,NA,NA,NA,NA,NA,NA,Longwood,Delaware St,FALSE
401597906,2023-11-24,Longwood,Delaware St,33,1,15:01,2101,2701,Deywilk Tavarez Turnover.,away,2,4,-2,20,FALSE,FALSE,0.8681729019673081,0.44924515656012415,6,5,13.5,140.5,J.W. Lucas/Grant  Todey/CJ Middlebrooks,"Farmville, VA",Joan Perry Brock Center,3000,1147,NA,NA,NA,NA,NA,NA,NA,NA,Delaware St,Longwood,FALSE
401597906,2023-11-24,Longwood,Delaware St,34,1,14:50,2090,2690,Johnathan Massie made Three Point Jumper. Assisted by Michael Christmas.,home,5,4,1,11,TRUE,FALSE,0.8991341219699417,0.5255746628182693,6,5,13.5,140.5,J.W. Lucas/Grant  Todey/CJ Middlebrooks,"Farmville, VA",Joan Perry Brock Center,3000,1147,NA,NA,Longwood,made,Johnathan Massie,Michael Christmas,TRUE,FALSE,Longwood,Delaware St,FALSE
401597906,2023-11-24,Longwood,Delaware St,35,1,14:34,2074,2674,Foul on Alston Andrews.,away,5,4,1,16,FALSE,TRUE,0.8987533684747465,0.5257670795551526,6,5,13.5,140.5,J.W. Lucas/Grant  Todey/CJ Middlebrooks,"Farmville, VA",Joan Perry Brock Center,3000,1147,NA,NA,NA,NA,NA,NA,NA,NA,Delaware St,Longwood,FALSE
401597906,2023-11-24,Longwood,Delaware St,36,1,14:34,2074,2674,Alston Andrews Turnover.,away,5,4,1,0,FALSE,FALSE,0.8987533684747465,0.5257670795551526,6,5,13.5,140.5,J.W. Lucas/Grant  Todey/CJ Middlebrooks,"Farmville, VA",Joan Perry Brock Center,3000,1147,NA,NA,NA,NA,NA,NA,NA,NA,Longwood,Longwood,FALSE
401597906,2023-11-24,Longwood,Delaware St,37,1,14:09,2049,2649,Jaylen Benard made Three Point Jumper. Assisted by Johnathan Massie.,home,8,4,4,25,TRUE,FALSE,0.9234302109751491,0.6028864477676771,6,5,13.5,140.5,J.W. Lucas/Grant  Todey/CJ Middlebrooks,"Farmville, VA",Joan Perry Brock Center,3000,1147,NA,NA,Longwood,made,Jaylen Benard,Johnathan Massie,TRUE,FALSE,Longwood,Delaware St,FALSE
401597906,2023-11-24,Longwood,Delaware St,38,1,13:44,2024,2624,Jevin Muniz missed Jumper.,away,8,4,4,25,FALSE,FALSE,0.9232068306424859,0.6040652021375602,6,5,13.5,140.5,J.W. Lucas/Grant  Todey/CJ Middlebrooks,"Farmville, VA",Joan Perry Brock Center,3000,1147,NA,NA,Delaware St,missed,Jevin Muniz,NA,FALSE,FALSE,Delaware St,Longwood,FALSE
401597906,2023-11-24,Longwood,Delaware St,39,1,13:44,2024,2624,Jaylen Benard Block.,home,8,4,4,0,FALSE,FALSE,0.9232068306424859,0.6040652021375602,6,5,13.5,140.5,J.W. Lucas/Grant  Todey/CJ Middlebrooks,"Farmville, VA",Joan Perry Brock Center,3000,1147,NA,NA,NA,NA,NA,NA,NA,NA,Delaware St,Longwood,FALSE
401597906,2023-11-24,Longwood,Delaware St,40,1,13:36,2016,2616,Johnathan Massie Defensive Rebound.,home,8,4,4,8,FALSE,FALSE,0.9231335361694668,0.6044452561239052,6,5,13.5,140.5,J.W. Lucas/Grant  Todey/CJ Middlebrooks,"Farmville, VA",Joan Perry Brock Center,3000,1147,NA,NA,NA,NA,NA,NA,NA,NA,Delaware St,Longwood,FALSE
401597906,2023-11-24,Longwood,Delaware St,41,1,13:20,2000,2600,Michael Christmas made Jumper.,home,10,4,6,16,TRUE,FALSE,0.9368620951262235,0.6549411613245076,6,5,13.5,140.5,J.W. Lucas/Grant  Todey/CJ Middlebrooks,"Farmville, VA",Joan Perry Brock Center,3000,1147,NA,NA,Longwood,made,Michael Christmas,NA,FALSE,FALSE,Longwood,Delaware St,FALSE
401597906,2023-11-24,Longwood,Delaware St,42,1,13:03,1983,2583,Martaz Robinson missed Three Point Jumper.,away,10,4,6,17,FALSE,FALSE,0.9368288147112674,0.6561023630849655,6,5,13.5,140.5,J.W. Lucas/Grant  Todey/CJ Middlebrooks,"Farmville, VA",Joan Perry Brock Center,3000,1147,NA,NA,Delaware St,missed,Martaz Robinson,NA,TRUE,FALSE,Delaware St,Delaware St,FALSE
401597906,2023-11-24,Longwood,Delaware St,43,1,13:01,1981,2581,Jevin Muniz Offensive Rebound.,away,10,4,6,2,FALSE,FALSE,0.936824783819454,0.656239559239424,6,5,13.5,140.5,J.W. Lucas/Grant  Todey/CJ Middlebrooks,"Farmville, VA",Joan Perry Brock Center,3000,1147,NA,NA,NA,NA,NA,NA,NA,NA,Delaware St,Delaware St,FALSE
401597906,2023-11-24,Longwood,Delaware St,44,1,12:47,1967,2567,Kyle Johnson made Dunk. Assisted by Jevin Muniz.,away,10,6,4,14,TRUE,FALSE,0.9226667901098681,0.6068056200258652,6,5,13.5,140.5,J.W. Lucas/Grant  Todey/CJ Middlebrooks,"Farmville, VA",Joan Perry Brock Center,3000,1147,NA,NA,Delaware St,made,Kyle Johnson,Jevin Muniz,FALSE,FALSE,Delaware St,Longwood,FALSE
401597906,2023-11-24,Longwood,Delaware St,45,1,12:24,1944,2544,Foul on Wesley Oba.,away,10,6,4,23,FALSE,TRUE,0.9224379353988043,0.607934188130826,6,5,13.5,140.5,J.W. Lucas/Grant  Todey/CJ Middlebrooks,"Farmville, VA",Joan Perry Brock Center,3000,1147,NA,NA,NA,NA,NA,NA,NA,NA,Longwood,Longwood,FALSE
401597906,2023-11-24,Longwood,Delaware St,46,1,12:24,1944,2544,Michael Christmas made Free Throw.,home,11,6,5,0,TRUE,FALSE,0.929929107518643,0.6337401944534309,6,5,13.5,140.5,J.W. Lucas/Grant  Todey/CJ Middlebrooks,"Farmville, VA",Joan Perry Brock Center,3000,1147,NA,NA,Longwood,made,Michael Christmas,NA,FALSE,TRUE,Longwood,Longwood,FALSE
401597906,2023-11-24,Longwood,Delaware St,47,1,12:24,1944,2544,Michael Christmas made Free Throw.,home,12,6,6,0,TRUE,FALSE,0.9367463735618786,0.6588009434086132,6,5,13.5,140.5,J.W. Lucas/Grant  Todey/CJ Middlebrooks,"Farmville, VA",Joan Perry Brock Center,3000,1147,NA,NA,Longwood,made,Michael Christmas,NA,FALSE,TRUE,Longwood,Delaware St,FALSE
401597906,2023-11-24,Longwood,Delaware St,48,1,12:05,1925,2525,Deywilk Tavarez Turnover.,away,12,6,6,19,FALSE,FALSE,0.9367034155047269,0.6601335065627836,6,5,13.5,140.5,J.W. Lucas/Grant  Todey/CJ Middlebrooks,"Farmville, VA",Joan Perry Brock Center,3000,1147,NA,NA,NA,NA,NA,NA,NA,NA,Delaware St,Longwood,FALSE
401597906,2023-11-24,Longwood,Delaware St,49,1,12:05,1925,2525,DA Houston Steal.,home,12,6,6,0,FALSE,FALSE,0.9367034155047269,0.6601335065627836,6,5,13.5,140.5,J.W. Lucas/Grant  Todey/CJ Middlebrooks,"Farmville, VA",Joan Perry Brock Center,3000,1147,NA,NA,NA,NA,NA,NA,NA,NA,Delaware St,Longwood,FALSE
401597906,2023-11-24,Longwood,Delaware St,50,1,11:59,1919,2519,DA Houston Turnover.,home,12,6,6,6,FALSE,FALSE,0.9366885913566246,0.6605545475273217,6,5,13.5,140.5,J.W. Lucas/Grant  Todey/CJ Middlebrooks,"Farmville, VA",Joan Perry Brock Center,3000,1147,NA,NA,NA,NA,NA,NA,NA,NA,Longwood,Delaware St,FALSE
401597906,2023-11-24,Longwood,Delaware St,51,1,11:59,1919,2519,Deywilk Tavarez Steal.,away,12,6,6,0,FALSE,FALSE,0.9366885913566246,0.6605545475273217,6,5,13.5,140.5,J.W. Lucas/Grant  Todey/CJ Middlebrooks,"Farmville, VA",Joan Perry Brock Center,3000,1147,NA,NA,NA,NA,NA,NA,NA,NA,Longwood,Delaware St,FALSE
401597906,2023-11-24,Longwood,Delaware St,52,1,11:56,1916,2516,Deywilk Tavarez Turnover.,away,12,6,6,3,FALSE,FALSE,0.9366808430084446,0.6607648392197708,6,5,13.5,140.5,J.W. Lucas/Grant  Todey/CJ Middlebrooks,"Farmville, VA",Joan Perry Brock Center,3000,1147,NA,NA,NA,NA,NA,NA,NA,NA,Delaware St,Longwood,FALSE
401597906,2023-11-24,Longwood,Delaware St,53,1,11:56,1916,2516, Official TV Timeout,NA,12,6,6,0,FALSE,FALSE,0.9366808430084446,0.6607648392197708,6,4,13.5,140.5,J.W. Lucas/Grant  Todey/CJ Middlebrooks,"Farmville, VA",Joan Perry Brock Center,3000,1147,NA,NA,NA,NA,NA,NA,NA,NA,Longwood,Longwood,FALSE
401597906,2023-11-24,Longwood,Delaware St,54,1,11:46,1906,2506,DA Houston Turnover.,home,12,6,6,10,FALSE,FALSE,0.9366534635110226,0.6614648825873732,6,4,13.5,140.5,J.W. Lucas/Grant  Todey/CJ Middlebrooks,"Farmville, VA",Joan Perry Brock Center,3000,1147,NA,NA,NA,NA,NA,NA,NA,NA,Longwood,Delaware St,FALSE
401597906,2023-11-24,Longwood,Delaware St,55,1,11:46,1906,2506,Martaz Robinson Steal.,away,12,6,6,0,FALSE,FALSE,0.9366534635110226,0.6614648825873732,6,4,13.5,140.5,J.W. Lucas/Grant  Todey/CJ Middlebrooks,"Farmville, VA",Joan Perry Brock Center,3000,1147,NA,NA,NA,NA,NA,NA,NA,NA,Longwood,Delaware St,FALSE
401597906,2023-11-24,Longwood,Delaware St,56,1,11:36,1896,2496,Martaz Robinson made Jumper.,away,12,8,4,10,TRUE,FALSE,0.9219309327152331,0.6103145445116246,6,4,13.5,140.5,J.W. Lucas/Grant  Todey/CJ Middlebrooks,"Farmville, VA",Joan Perry Brock Center,3000,1147,NA,NA,Delaware St,made,Martaz Robinson,NA,FALSE,FALSE,Delaware St,Longwood,FALSE
401597906,2023-11-24,Longwood,Delaware St,57,1,11:21,1881,2481,DA Houston made Three Point Jumper. Assisted by Jesper Granlund.,home,15,8,7,15,TRUE,FALSE,0.9429625783050877,0.6879550535289436,6,4,13.5,140.5,J.W. Lucas/Grant  Todey/CJ Middlebrooks,"Farmville, VA",Joan Perry Brock Center,3000,1147,NA,NA,Longwood,made,DA Houston,Jesper Granlund,TRUE,FALSE,Longwood,Delaware St,FALSE
401597906,2023-11-24,Longwood,Delaware St,58,1,11:00,1860,2460,Kyle Johnson missed Jumper.,away,15,8,7,21,FALSE,FALSE,0.9429540132883363,0.6895984421855923,6,4,13.5,140.5,J.W. Lucas/Grant  Todey/CJ Middlebrooks,"Farmville, VA",Joan Perry Brock Center,3000,1147,NA,NA,Delaware St,missed,Kyle Johnson,NA,FALSE,FALSE,Delaware St,Longwood,FALSE
401597906,2023-11-24,Longwood,Delaware St,59,1,10:55,1855,2455,Elijah Tucker Defensive Rebound.,home,15,8,7,5,FALSE,FALSE,0.9429510813164269,0.6899899647557874,6,4,13.5,140.5,J.W. Lucas/Grant  Todey/CJ Middlebrooks,"Farmville, VA",Joan Perry Brock Center,3000,1147,NA,NA,NA,NA,NA,NA,NA,NA,Delaware St,Longwood,FALSE
401597906,2023-11-24,Longwood,Delaware St,60,1,10:52,1852,2452,Foul on Dean Shepherd.,away,15,8,7,3,FALSE,TRUE,0.9429491767615995,0.6902249755895877,6,4,13.5,140.5,J.W. Lucas/Grant  Todey/CJ Middlebrooks,"Farmville, VA",Joan Perry Brock Center,3000,1147,NA,NA,NA,NA,NA,NA,NA,NA,Longwood,Longwood,FALSE
401597906,2023-11-24,Longwood,Delaware St,61,1,10:52,1852,2452,Johnathan Massie missed Free Throw.,home,15,8,7,0,FALSE,FALSE,0.9429491767615995,0.6902249755895877,6,4,13.5,140.5,J.W. Lucas/Grant  Todey/CJ Middlebrooks,"Farmville, VA",Joan Perry Brock Center,3000,1147,NA,NA,Longwood,missed,Johnathan Massie,NA,FALSE,TRUE,Longwood,Longwood,FALSE
401597906,2023-11-24,Longwood,Delaware St,62,1,10:52,1852,2452,Longwood Offensive Rebound.,home,15,8,7,0,FALSE,FALSE,0.9429491767615995,0.6902249755895877,6,4,13.5,140.5,J.W. Lucas/Grant  Todey/CJ Middlebrooks,"Farmville, VA",Joan Perry Brock Center,3000,1147,NA,NA,NA,NA,NA,NA,NA,NA,Longwood,Longwood,FALSE
401597906,2023-11-24,Longwood,Delaware St,63,1,10:52,1852,2452,Johnathan Massie made Free Throw.,home,16,8,8,0,TRUE,FALSE,0.9488031295724825,0.7141496947118547,6,4,13.5,140.5,J.W. Lucas/Grant  Todey/CJ Middlebrooks,"Farmville, VA",Joan Perry Brock Center,3000,1147,NA,NA,Longwood,made,Johnathan Massie,NA,FALSE,TRUE,Longwood,Delaware St,FALSE
401597906,2023-11-24,Longwood,Delaware St,64,1,10:22,1822,2422,Martaz Robinson missed Jumper.,away,16,8,8,30,FALSE,FALSE,0.9488580995215212,0.716719935116513,6,4,13.5,140.5,J.W. Lucas/Grant  Todey/CJ Middlebrooks,"Farmville, VA",Joan Perry Brock Center,3000,1147,NA,NA,Delaware St,missed,Martaz Robinson,NA,FALSE,FALSE,Delaware St,Delaware St,FALSE
401597906,2023-11-24,Longwood,Delaware St,65,1,10:22,1822,2422,Delaware State Offensive Rebound.,away,16,8,8,0,FALSE,FALSE,0.9488580995215212,0.716719935116513,6,4,13.5,140.5,J.W. Lucas/Grant  Todey/CJ Middlebrooks,"Farmville, VA",Joan Perry Brock Center,3000,1147,NA,NA,NA,NA,NA,NA,NA,NA,Delaware St,Delaware St,FALSE
401597906,2023-11-24,Longwood,Delaware St,66,1,10:22,1822,2422,Foul on Johnathan Massie.,home,16,8,8,0,FALSE,TRUE,0.9488580995215212,0.716719935116513,6,4,13.5,140.5,J.W. Lucas/Grant  Todey/CJ Middlebrooks,"Farmville, VA",Joan Perry Brock Center,3000,1147,NA,NA,NA,NA,NA,NA,NA,NA,Delaware St,Delaware St,FALSE
401597906,2023-11-24,Longwood,Delaware St,67,1,10:10,1810,2410,Martaz Robinson made Jumper.,away,16,10,6,12,TRUE,FALSE,0.93629949557133,0.6681892132170195,6,4,13.5,140.5,J.W. Lucas/Grant  Todey/CJ Middlebrooks,"Farmville, VA",Joan Perry Brock Center,3000,1147,NA,NA,Delaware St,made,Martaz Robinson,NA,FALSE,FALSE,Delaware St,Longwood,FALSE
401597906,2023-11-24,Longwood,Delaware St,68,1,9:38,1778,2378,Jesper Granlund made Three Point Jumper. Assisted by DA Houston.,home,19,10,9,32,TRUE,FALSE,0.9543736515682468,0.7437348850815991,6,4,13.5,140.5,J.W. Lucas/Grant  Todey/CJ Middlebrooks,"Farmville, VA",Joan Perry Brock Center,3000,1147,NA,NA,Longwood,made,Jesper Granlund,DA Houston,TRUE,FALSE,Longwood,Delaware St,FALSE
401597906,2023-11-24,Longwood,Delaware St,69,1,9:15,1755,2355,Jevin Muniz missed Three Point Jumper.,away,19,10,9,23,FALSE,FALSE,0.9544641406942264,0.7458861153253847,6,4,13.5,140.5,J.W. Lucas/Grant  Todey/CJ Middlebrooks,"Farmville, VA",Joan Perry Brock Center,3000,1147,NA,NA,Delaware St,missed,Jevin Muniz,NA,TRUE,FALSE,Delaware St,Delaware St,FALSE
401597906,2023-11-24,Longwood,Delaware St,70,1,9:15,1755,2355,Wesley Oba Offensive Rebound.,away,19,10,9,0,FALSE,FALSE,0.9544641406942264,0.7458861153253847,6,4,13.5,140.5,J.W. Lucas/Grant  Todey/CJ Middlebrooks,"Farmville, VA",Joan Perry Brock Center,3000,1147,NA,NA,NA,NA,NA,NA,NA,NA,Delaware St,Delaware St,FALSE
401597906,2023-11-24,Longwood,Delaware St,71,1,9:04,1744,2344,Jevin Muniz made Three Point Jumper. Assisted by Deywilk Tavarez.,away,19,13,6,11,TRUE,FALSE,0.9360110314364702,0.6729409898145094,6,4,13.5,140.5,J.W. Lucas/Grant  Todey/CJ Middlebrooks,"Farmville, VA",Joan Perry Brock Center,3000,1147,NA,NA,Delaware St,made,Jevin Muniz,Deywilk Tavarez,TRUE,FALSE,Delaware St,Longwood,FALSE
401597906,2023-11-24,Longwood,Delaware St,72,1,8:30,1710,2310,Jesper Granlund missed Jumper.,home,19,13,6,34,FALSE,FALSE,0.9358666388646384,0.6754739337532674,6,4,13.5,140.5,J.W. Lucas/Grant  Todey/CJ Middlebrooks,"Farmville, VA",Joan Perry Brock Center,3000,1147,NA,NA,Longwood,missed,Jesper Granlund,NA,FALSE,FALSE,Longwood,Delaware St,FALSE
401597906,2023-11-24,Longwood,Delaware St,73,1,8:27,1707,2307,Martaz Robinson Defensive Rebound.,away,19,13,6,3,FALSE,FALSE,0.9358543580384217,0.6757009428509322,6,4,13.5,140.5,J.W. Lucas/Grant  Todey/CJ Middlebrooks,"Farmville, VA",Joan Perry Brock Center,3000,1147,NA,NA,NA,NA,NA,NA,NA,NA,Longwood,Delaware St,FALSE
401597906,2023-11-24,Longwood,Delaware St,74,1,8:23,1703,2303,Wesley Oba missed Layup.,away,19,13,6,4,FALSE,FALSE,0.935838132124834,0.6760045809293511,6,4,13.5,140.5,J.W. Lucas/Grant  Todey/CJ Middlebrooks,"Farmville, VA",Joan Perry Brock Center,3000,1147,NA,NA,Delaware St,missed,Wesley Oba,NA,FALSE,FALSE,Delaware St,Delaware St,FALSE
401597906,2023-11-24,Longwood,Delaware St,75,1,8:23,1703,2303,Jesper Granlund Block.,home,19,13,6,0,FALSE,FALSE,0.935838132124834,0.6760045809293511,6,4,13.5,140.5,J.W. Lucas/Grant  Todey/CJ Middlebrooks,"Farmville, VA",Joan Perry Brock Center,3000,1147,NA,NA,NA,NA,NA,NA,NA,NA,Delaware St,Delaware St,FALSE
401597906,2023-11-24,Longwood,Delaware St,76,1,8:23,1703,2303,Delaware State Offensive Rebound.,away,19,13,6,0,FALSE,FALSE,0.935838132124834,0.6760045809293511,6,4,13.5,140.5,J.W. Lucas/Grant  Todey/CJ Middlebrooks,"Farmville, VA",Joan Perry Brock Center,3000,1147,NA,NA,NA,NA,NA,NA,NA,NA,Delaware St,Delaware St,FALSE
401597906,2023-11-24,Longwood,Delaware St,77,1,8:07,1687,2287,Deywilk Tavarez missed Jumper.,away,19,13,6,16,FALSE,FALSE,0.9357747313500692,0.6772296188321093,6,4,13.5,140.5,J.W. Lucas/Grant  Todey/CJ Middlebrooks,"Farmville, VA",Joan Perry Brock Center,3000,1147,NA,NA,Delaware St,missed,Deywilk Tavarez,NA,FALSE,FALSE,Delaware St,Longwood,FALSE
401597906,2023-11-24,Longwood,Delaware St,78,1,8:06,1686,2286,Longwood Defensive Rebound.,home,19,13,6,1,FALSE,FALSE,0.9357705925385883,0.6773061433355478,6,4,13.5,140.5,J.W. Lucas/Grant  Todey/CJ Middlebrooks,"Farmville, VA",Joan Perry Brock Center,3000,1147,NA,NA,NA,NA,NA,NA,NA,NA,Delaware St,Longwood,FALSE
401597906,2023-11-24,Longwood,Delaware St,79,1,7:50,1670,2270,Johnathan Massie missed Three Point Jumper.,home,19,13,6,16,FALSE,FALSE,0.9356946805663383,0.678513951931412,6,4,13.5,140.5,J.W. Lucas/Grant  Todey/CJ Middlebrooks,"Farmville, VA",Joan Perry Brock Center,3000,1147,NA,NA,Longwood,missed,Johnathan Massie,NA,TRUE,FALSE,Longwood,Delaware St,FALSE
401597906,2023-11-24,Longwood,Delaware St,80,1,7:47,1667,2267,Jevin Muniz Defensive Rebound.,away,19,13,6,3,FALSE,FALSE,0.935678531844896,0.678737222331306,6,4,13.5,140.5,J.W. Lucas/Grant  Todey/CJ Middlebrooks,"Farmville, VA",Joan Perry Brock Center,3000,1147,NA,NA,NA,NA,NA,NA,NA,NA,Longwood,Delaware St,FALSE
401597906,2023-11-24,Longwood,Delaware St,81,1,7:44,1664,2264,Jevin Muniz made Jumper.,away,19,15,4,3,TRUE,FALSE,0.9188956514765461,0.6223017985219526,6,4,13.5,140.5,J.W. Lucas/Grant  Todey/CJ Middlebrooks,"Farmville, VA",Joan Perry Brock Center,3000,1147,NA,NA,Delaware St,made,Jevin Muniz,NA,FALSE,FALSE,Delaware St,Longwood,FALSE
401597906,2023-11-24,Longwood,Delaware St,82,1,7:23,1643,2243,Emanuel Richards Turnover.,home,19,15,4,21,FALSE,FALSE,0.9185573735759217,0.6234055504732093,6,4,13.5,140.5,J.W. Lucas/Grant  Todey/CJ Middlebrooks,"Farmville, VA",Joan Perry Brock Center,3000,1147,NA,NA,NA,NA,NA,NA,NA,NA,Longwood,Delaware St,FALSE
401597906,2023-11-24,Longwood,Delaware St,83,1,7:02,1622,2222,Cameron Stitt missed Layup.,away,19,15,4,21,FALSE,FALSE,0.9181946676970839,0.6244898258725877,6,4,13.5,140.5,J.W. Lucas/Grant  Todey/CJ Middlebrooks,"Farmville, VA",Joan Perry Brock Center,3000,1147,NA,NA,Delaware St,missed,Cameron Stitt,NA,FALSE,FALSE,Delaware St,Longwood,FALSE
401597906,2023-11-24,Longwood,Delaware St,84,1,7:02,1622,2222,Szymon Zapala Block.,home,19,15,4,0,FALSE,FALSE,0.9181946676970839,0.6244898258725877,6,4,13.5,140.5,J.W. Lucas/Grant  Todey/CJ Middlebrooks,"Farmville, VA",Joan Perry Brock Center,3000,1147,NA,NA,NA,NA,NA,NA,NA,NA,Delaware St,Longwood,FALSE
401597906,2023-11-24,Longwood,Delaware St,85,1,7:02,1622,2222,DA Houston Defensive Rebound.,home,19,15,4,0,FALSE,FALSE,0.9181946676970839,0.6244898258725877,6,4,13.5,140.5,J.W. Lucas/Grant  Todey/CJ Middlebrooks,"Farmville, VA",Joan Perry Brock Center,3000,1147,NA,NA,NA,NA,NA,NA,NA,NA,Delaware St,Longwood,FALSE
401597906,2023-11-24,Longwood,Delaware St,86,1,6:50,1610,2210,Emanuel Richards made Dunk. Assisted by DA Houston.,home,21,15,6,12,TRUE,FALSE,0.9352831839992096,0.6828513181021846,6,4,13.5,140.5,J.W. Lucas/Grant  Todey/CJ Middlebrooks,"Farmville, VA",Joan Perry Brock Center,3000,1147,NA,NA,Longwood,made,Emanuel Richards,DA Houston,FALSE,FALSE,Longwood,Delaware St,FALSE
401597906,2023-11-24,Longwood,Delaware St,87,1,6:33,1593,2193,Alston Andrews missed Jumper.,away,21,15,6,17,FALSE,FALSE,0.9351425958900719,0.6840546633369661,6,4,13.5,140.5,J.W. Lucas/Grant  Todey/CJ Middlebrooks,"Farmville, VA",Joan Perry Brock Center,3000,1147,NA,NA,Delaware St,missed,Alston Andrews,NA,FALSE,FALSE,Delaware St,Delaware St,FALSE
401597906,2023-11-24,Longwood,Delaware St,88,1,6:33,1593,2193,Longwood Defensive Rebound.,home,21,15,6,0,FALSE,FALSE,0.9351425958900719,0.6840546633369661,6,4,13.5,140.5,J.W. Lucas/Grant  Todey/CJ Middlebrooks,"Farmville, VA",Joan Perry Brock Center,3000,1147,NA,NA,NA,NA,NA,NA,NA,NA,Delaware St,Delaware St,FALSE
401597906,2023-11-24,Longwood,Delaware St,89,1,6:33,1593,2193,Foul on Martaz Robinson.,away,21,15,6,0,FALSE,TRUE,0.9351425958900719,0.6840546633369661,6,4,13.5,140.5,J.W. Lucas/Grant  Todey/CJ Middlebrooks,"Farmville, VA",Joan Perry Brock Center,3000,1147,NA,NA,NA,NA,NA,NA,NA,NA,Delaware St,Delaware St,FALSE
401597906,2023-11-24,Longwood,Delaware St,90,1,6:33,1593,2193,Johnathan Massie missed Free Throw.,home,21,15,6,0,FALSE,FALSE,0.9351425958900719,0.6840546633369661,6,4,13.5,140.5,J.W. Lucas/Grant  Todey/CJ Middlebrooks,"Farmville, VA",Joan Perry Brock Center,3000,1147,NA,NA,Longwood,missed,Johnathan Massie,NA,FALSE,TRUE,Longwood,Delaware St,FALSE
401597906,2023-11-24,Longwood,Delaware St,91,1,6:33,1593,2193,Alston Andrews Defensive Rebound.,away,21,15,6,0,FALSE,FALSE,0.9351425958900719,0.6840546633369661,6,4,13.5,140.5,J.W. Lucas/Grant  Todey/CJ Middlebrooks,"Farmville, VA",Joan Perry Brock Center,3000,1147,NA,NA,NA,NA,NA,NA,NA,NA,Delaware St,Delaware St,FALSE
401597906,2023-11-24,Longwood,Delaware St,92,1,6:17,1577,2177,Foul on Elijah Tucker.,home,21,15,6,16,FALSE,TRUE,0.935005647826793,0.68518865962811,6,4,13.5,140.5,J.W. Lucas/Grant  Todey/CJ Middlebrooks,"Farmville, VA",Joan Perry Brock Center,3000,1147,NA,NA,NA,NA,NA,NA,NA,NA,Delaware St,Delaware St,FALSE
401597906,2023-11-24,Longwood,Delaware St,93,1,6:17,1577,2177,Raymond Somerville missed Free Throw.,away,21,15,6,0,FALSE,FALSE,0.935005647826793,0.68518865962811,6,4,13.5,140.5,J.W. Lucas/Grant  Todey/CJ Middlebrooks,"Farmville, VA",Joan Perry Brock Center,3000,1147,NA,NA,Delaware St,missed,Raymond Somerville,NA,FALSE,TRUE,Delaware St,Delaware St,FALSE
401597906,2023-11-24,Longwood,Delaware St,94,1,6:17,1577,2177,Delaware State Offensive Rebound.,away,21,15,6,0,FALSE,FALSE,0.935005647826793,0.68518865962811,6,4,13.5,140.5,J.W. Lucas/Grant  Todey/CJ Middlebrooks,"Farmville, VA",Joan Perry Brock Center,3000,1147,NA,NA,NA,NA,NA,NA,NA,NA,Delaware St,Delaware St,FALSE
401597906,2023-11-24,Longwood,Delaware St,95,1,6:17,1577,2177,Raymond Somerville made Free Throw.,away,21,16,5,0,TRUE,FALSE,0.9266702967877325,0.6565823013823624,6,4,13.5,140.5,J.W. Lucas/Grant  Todey/CJ Middlebrooks,"Farmville, VA",Joan Perry Brock Center,3000,1147,NA,NA,Delaware St,made,Raymond Somerville,NA,FALSE,TRUE,Delaware St,Longwood,FALSE
401597906,2023-11-24,Longwood,Delaware St,96,1,6:05,1565,2165,Michael Christmas Turnover.,home,21,16,5,12,FALSE,FALSE,0.9265089104912712,0.6573272434263855,6,4,13.5,140.5,J.W. Lucas/Grant  Todey/CJ Middlebrooks,"Farmville, VA",Joan Perry Brock Center,3000,1147,NA,NA,NA,NA,NA,NA,NA,NA,Longwood,Delaware St,FALSE
401597906,2023-11-24,Longwood,Delaware St,97,1,6:05,1565,2165,Martaz Robinson Steal.,away,21,16,5,0,FALSE,FALSE,0.9265089104912712,0.6573272434263855,6,4,13.5,140.5,J.W. Lucas/Grant  Todey/CJ Middlebrooks,"Farmville, VA",Joan Perry Brock Center,3000,1147,NA,NA,NA,NA,NA,NA,NA,NA,Longwood,Delaware St,FALSE
401597906,2023-11-24,Longwood,Delaware St,98,1,6:01,1561,2161,Foul on DA Houston.,home,21,16,5,4,FALSE,TRUE,0.92645494274785,0.6575767937541211,6,4,13.5,140.5,J.W. Lucas/Grant  Todey/CJ Middlebrooks,"Farmville, VA",Joan Perry Brock Center,3000,1147,NA,NA,NA,NA,NA,NA,NA,NA,Delaware St,Delaware St,FALSE
401597906,2023-11-24,Longwood,Delaware St,99,1,6:01,1561,2161,Jevin Muniz made Free Throw.,away,21,17,4,0,TRUE,FALSE,0.9170530703750203,0.6276179572889758,6,4,13.5,140.5,J.W. Lucas/Grant  Todey/CJ Middlebrooks,"Farmville, VA",Joan Perry Brock Center,3000,1147,NA,NA,Delaware St,made,Jevin Muniz,NA,FALSE,TRUE,Delaware St,Delaware St,FALSE
401597906,2023-11-24,Longwood,Delaware St,100,1,6:01,1561,2161,Jevin Muniz made Free Throw.,away,21,18,3,0,TRUE,FALSE,0.9065704880030021,0.5966457828145044,6,4,13.5,140.5,J.W. Lucas/Grant  Todey/CJ Middlebrooks,"Farmville, VA",Joan Perry Brock Center,3000,1147,NA,NA,Delaware St,made,Jevin Muniz,NA,FALSE,TRUE,Delaware St,Longwood,FALSE
401597906,2023-11-24,Longwood,Delaware St,101,1,5:41,1541,2141,Foul on Wesley Oba.,away,21,18,3,20,FALSE,TRUE,0.9060451067841945,0.5974545986237503,6,4,13.5,140.5,J.W. Lucas/Grant  Todey/CJ Middlebrooks,"Farmville, VA",Joan Perry Brock Center,3000,1147,NA,NA,NA,NA,NA,NA,NA,NA,Longwood,Longwood,FALSE
401597906,2023-11-24,Longwood,Delaware St,102,1,5:41,1541,2141,Johnathan Massie missed Free Throw.,home,21,18,3,0,FALSE,FALSE,0.9060451067841945,0.5974545986237503,6,4,13.5,140.5,J.W. Lucas/Grant  Todey/CJ Middlebrooks,"Farmville, VA",Joan Perry Brock Center,3000,1147,NA,NA,Longwood,missed,Johnathan Massie,NA,FALSE,TRUE,Longwood,Longwood,FALSE
401597906,2023-11-24,Longwood,Delaware St,103,1,5:41,1541,2141,Longwood Offensive Rebound.,home,21,18,3,0,FALSE,FALSE,0.9060451067841945,0.5974545986237503,6,4,13.5,140.5,J.W. Lucas/Grant  Todey/CJ Middlebrooks,"Farmville, VA",Joan Perry Brock Center,3000,1147,NA,NA,NA,NA,NA,NA,NA,NA,Longwood,Longwood,FALSE
401597906,2023-11-24,Longwood,Delaware St,104,1,5:41,1541,2141,Johnathan Massie made Free Throw.,home,22,18,4,0,TRUE,FALSE,0.9166668560994448,0.6286649934486896,6,4,13.5,140.5,J.W. Lucas/Grant  Todey/CJ Middlebrooks,"Farmville, VA",Joan Perry Brock Center,3000,1147,NA,NA,Longwood,made,Johnathan Massie,NA,FALSE,TRUE,Longwood,Delaware St,FALSE
401597906,2023-11-24,Longwood,Delaware St,105,1,5:13,1513,2113,Alston Andrews missed Jumper.,away,22,18,4,28,FALSE,FALSE,0.9161313741018949,0.6301735682685659,6,4,13.5,140.5,J.W. Lucas/Grant  Todey/CJ Middlebrooks,"Farmville, VA",Joan Perry Brock Center,3000,1147,NA,NA,Delaware St,missed,Alston Andrews,NA,FALSE,FALSE,Delaware St,Longwood,FALSE
401597906,2023-11-24,Longwood,Delaware St,106,1,5:11,1511,2111,Emanuel Richards Defensive Rebound.,home,22,18,4,2,FALSE,FALSE,0.9160936749125572,0.6302837384202128,6,4,13.5,140.5,J.W. Lucas/Grant  Todey/CJ Middlebrooks,"Farmville, VA",Joan Perry Brock Center,3000,1147,NA,NA,NA,NA,NA,NA,NA,NA,Delaware St,Longwood,FALSE
401597906,2023-11-24,Longwood,Delaware St,107,1,4:59,1499,2099,Johnathan Massie made Three Point Jumper. Assisted by Emanuel Richards.,home,25,18,7,12,TRUE,FALSE,0.942118750847577,0.718803782488905,6,4,13.5,140.5,J.W. Lucas/Grant  Todey/CJ Middlebrooks,"Farmville, VA",Joan Perry Brock Center,3000,1147,NA,NA,Longwood,made,Johnathan Massie,Emanuel Richards,TRUE,FALSE,Longwood,Delaware St,FALSE
401597906,2023-11-24,Longwood,Delaware St,108,1,4:36,1476,2076,Martaz Robinson made Jumper.,away,25,20,5,23,TRUE,FALSE,0.9253689287229835,0.6631810280394538,6,4,13.5,140.5,J.W. Lucas/Grant  Todey/CJ Middlebrooks,"Farmville, VA",Joan Perry Brock Center,3000,1147,NA,NA,Delaware St,made,Martaz Robinson,NA,FALSE,FALSE,Delaware St,Longwood,FALSE
401597906,2023-11-24,Longwood,Delaware St,109,1,4:23,1463,2063,Johnathan Massie missed Three Point Jumper.,home,25,20,5,13,FALSE,FALSE,0.9252271178498724,0.6641149573752267,6,4,13.5,140.5,J.W. Lucas/Grant  Todey/CJ Middlebrooks,"Farmville, VA",Joan Perry Brock Center,3000,1147,NA,NA,Longwood,missed,Johnathan Massie,NA,TRUE,FALSE,Longwood,Delaware St,FALSE
401597906,2023-11-24,Longwood,Delaware St,110,1,4:21,1461,2061,Wesley Oba Defensive Rebound.,away,25,20,5,2,FALSE,FALSE,0.9252062013638577,0.6642610420963008,6,4,13.5,140.5,J.W. Lucas/Grant  Todey/CJ Middlebrooks,"Farmville, VA",Joan Perry Brock Center,3000,1147,NA,NA,NA,NA,NA,NA,NA,NA,Longwood,Delaware St,FALSE
401597906,2023-11-24,Longwood,Delaware St,111,1,4:16,1456,2056,Deywilk Tavarez missed Jumper.,away,25,20,5,5,FALSE,FALSE,0.9251550383410545,0.6646291945370632,6,4,13.5,140.5,J.W. Lucas/Grant  Todey/CJ Middlebrooks,"Farmville, VA",Joan Perry Brock Center,3000,1147,NA,NA,Delaware St,missed,Deywilk Tavarez,NA,FALSE,FALSE,Delaware St,Delaware St,FALSE
401597906,2023-11-24,Longwood,Delaware St,112,1,4:12,1452,2052,Deywilk Tavarez Offensive Rebound.,away,25,20,5,4,FALSE,FALSE,0.9251153122772177,0.6649268182617419,6,4,13.5,140.5,J.W. Lucas/Grant  Todey/CJ Middlebrooks,"Farmville, VA",Joan Perry Brock Center,3000,1147,NA,NA,NA,NA,NA,NA,NA,NA,Delaware St,Delaware St,FALSE
401597906,2023-11-24,Longwood,Delaware St,113,1,4:11,1451,2051,Deywilk Tavarez missed Layup.,away,25,20,5,1,FALSE,FALSE,0.9251055535830014,0.6650016647134439,6,4,13.5,140.5,J.W. Lucas/Grant  Todey/CJ Middlebrooks,"Farmville, VA",Joan Perry Brock Center,3000,1147,NA,NA,Delaware St,missed,Deywilk Tavarez,NA,FALSE,FALSE,Delaware St,Longwood,FALSE
401597906,2023-11-24,Longwood,Delaware St,114,1,4:11,1451,2051,Longwood Defensive Rebound.,home,25,20,5,0,FALSE,FALSE,0.9251055535830014,0.6650016647134439,6,4,13.5,140.5,J.W. Lucas/Grant  Todey/CJ Middlebrooks,"Farmville, VA",Joan Perry Brock Center,3000,1147,NA,NA,NA,NA,NA,NA,NA,NA,Delaware St,Longwood,FALSE
401597906,2023-11-24,Longwood,Delaware St,115,1,3:59,1439,2039,Johnathan Massie missed Jumper.,home,25,20,5,12,FALSE,FALSE,0.9249845078225951,0.6658923125143952,6,4,13.5,140.5,J.W. Lucas/Grant  Todey/CJ Middlebrooks,"Farmville, VA",Joan Perry Brock Center,3000,1147,NA,NA,Longwood,missed,Johnathan Massie,NA,FALSE,FALSE,Longwood,Delaware St,FALSE
401597906,2023-11-24,Longwood,Delaware St,116,1,3:55,1435,2035,Martaz Robinson Defensive Rebound.,away,25,20,5,4,FALSE,FALSE,0.9249415724512601,0.6661839635394555,6,4,13.5,140.5,J.W. Lucas/Grant  Todey/CJ Middlebrooks,"Farmville, VA",Joan Perry Brock Center,3000,1147,NA,NA,NA,NA,NA,NA,NA,NA,Longwood,Delaware St,FALSE
401597906,2023-11-24,Longwood,Delaware St,117,1,3:47,1427,2027,Foul on Jaylen Benard.,home,25,20,5,8,FALSE,TRUE,0.9248521029352007,0.6667601854104886,6,4,13.5,140.5,J.W. Lucas/Grant  Todey/CJ Middlebrooks,"Farmville, VA",Joan Perry Brock Center,3000,1147,NA,NA,NA,NA,NA,NA,NA,NA,Delaware St,Delaware St,FALSE
401597906,2023-11-24,Longwood,Delaware St,118,1,3:47,1427,2027, Official TV Timeout,NA,25,20,5,0,FALSE,FALSE,0.9248521029352007,0.6667601854104886,6,3,13.5,140.5,J.W. Lucas/Grant  Todey/CJ Middlebrooks,"Farmville, VA",Joan Perry Brock Center,3000,1147,NA,NA,NA,NA,NA,NA,NA,NA,Delaware St,Delaware St,FALSE
401597906,2023-11-24,Longwood,Delaware St,119,1,3:40,1420,2020,Alston Andrews made Jumper.,away,25,22,3,7,TRUE,FALSE,0.9029704841523873,0.6028810203387053,6,3,13.5,140.5,J.W. Lucas/Grant  Todey/CJ Middlebrooks,"Farmville, VA",Joan Perry Brock Center,3000,1147,NA,NA,Delaware St,made,Alston Andrews,NA,FALSE,FALSE,Delaware St,Longwood,FALSE
401597906,2023-11-24,Longwood,Delaware St,120,1,3:24,1404,2004,Jaylen Benard missed Layup.,home,25,22,3,16,FALSE,FALSE,0.9025436233223706,0.6036035227120174,6,3,13.5,140.5,J.W. Lucas/Grant  Todey/CJ Middlebrooks,"Farmville, VA",Joan Perry Brock Center,3000,1147,NA,NA,Longwood,missed,Jaylen Benard,NA,FALSE,FALSE,Longwood,Delaware St,FALSE
401597906,2023-11-24,Longwood,Delaware St,121,1,3:20,1400,2000,Kyle Johnson Defensive Rebound.,away,25,22,3,4,FALSE,FALSE,0.9024345775595807,0.6037819215037198,6,3,13.5,140.5,J.W. Lucas/Grant  Todey/CJ Middlebrooks,"Farmville, VA",Joan Perry Brock Center,3000,1147,NA,NA,NA,NA,NA,NA,NA,NA,Longwood,Delaware St,FALSE
401597906,2023-11-24,Longwood,Delaware St,122,1,2:58,1378,1978,Martaz Robinson missed Three Point Jumper.,away,25,22,3,22,FALSE,FALSE,0.9018210368514957,0.6047528655005591,6,3,13.5,140.5,J.W. Lucas/Grant  Todey/CJ Middlebrooks,"Farmville, VA",Joan Perry Brock Center,3000,1147,NA,NA,Delaware St,missed,Martaz Robinson,NA,TRUE,FALSE,Delaware St,Longwood,FALSE
401597906,2023-11-24,Longwood,Delaware St,123,1,2:56,1376,1976,Elijah Tucker Defensive Rebound.,home,25,22,3,2,FALSE,FALSE,0.9017642658324292,0.60484058984326206,6,3,13.5,140.5,J.W. Lucas/Grant  Todey/CJ Middlebrooks,"Farmville, VA",Joan Perry Brock Center,3000,1147,NA,NA,NA,NA,NA,NA,NA,NA,Delaware St,Longwood,FALSE
401597906,2023-11-24,Longwood,Delaware St,124,1,2:37,1357,1957,Foul on Raymond Somerville.,away,25,22,3,19,FALSE,TRUE,0.9012187730825713,0.6056734917507001,6,3,13.5,140.5,J.W. Lucas/Grant  Todey/CJ Middlebrooks,"Farmville, VA",Joan Perry Brock Center,3000,1147,NA,NA,NA,NA,NA,NA,NA,NA,Longwood,Longwood,FALSE
401597906,2023-11-24,Longwood,Delaware St,125,1,2:37,1357,1957,DA Houston made Free Throw.,home,26,22,4,0,TRUE,FALSE,0.9132432770951533,0.63927428089133,6,3,13.5,140.5,J.W. Lucas/Grant  Todey/CJ Middlebrooks,"Farmville, VA",Joan Perry Brock Center,3000,1147,NA,NA,Longwood,made,DA Houston,NA,FALSE,TRUE,Longwood,Longwood,FALSE
401597906,2023-11-24,Longwood,Delaware St,126,1,2:37,1357,1957,DA Houston made Free Throw.,home,27,22,5,0,TRUE,FALSE,0.9239276086235108,0.6715645092322191,6,3,13.5,140.5,J.W. Lucas/Grant  Todey/CJ Middlebrooks,"Farmville, VA",Joan Perry Brock Center,3000,1147,NA,NA,Longwood,made,DA Houston,NA,FALSE,TRUE,Longwood,Delaware St,FALSE
401597906,2023-11-24,Longwood,Delaware St,127,1,2:12,1332,1932,Martaz Robinson missed Jumper.,away,27,22,5,25,FALSE,FALSE,0.923570781907479,0.6732661588863034,6,3,13.5,140.5,J.W. Lucas/Grant  Todey/CJ Middlebrooks,"Farmville, VA",Joan Perry Brock Center,3000,1147,NA,NA,Delaware St,missed,Martaz Robinson,NA,FALSE,FALSE,Delaware St,Longwood,FALSE
401597906,2023-11-24,Longwood,Delaware St,128,1,2:09,1329,1929,Jaylen Benard Defensive Rebound.,home,27,22,5,3,FALSE,FALSE,0.923528216549384,0.6734728230279744,6,3,13.5,140.5,J.W. Lucas/Grant  Todey/CJ Middlebrooks,"Farmville, VA",Joan Perry Brock Center,3000,1147,NA,NA,NA,NA,NA,NA,NA,NA,Delaware St,Longwood,FALSE
401597906,2023-11-24,Longwood,Delaware St,129,1,2:05,1325,1925,Jaylen Benard made Jumper.,home,29,22,7,4,TRUE,FALSE,0.941616042880871,0.7340502588757473,6,3,13.5,140.5,J.W. Lucas/Grant  Todey/CJ Middlebrooks,"Farmville, VA",Joan Perry Brock Center,3000,1147,NA,NA,Longwood,made,Jaylen Benard,NA,FALSE,FALSE,Longwood,Delaware St,FALSE
401597906,2023-11-24,Longwood,Delaware St,130,1,1:52,1312,1912,Deywilk Tavarez made Three Point Jumper.,away,29,25,4,13,TRUE,FALSE,0.9123001308699381,0.6418650212767738,6,3,13.5,140.5,J.W. Lucas/Grant  Todey/CJ Middlebrooks,"Farmville, VA",Joan Perry Brock Center,3000,1147,NA,NA,Delaware St,made,Deywilk Tavarez,NA,TRUE,FALSE,Delaware St,Longwood,FALSE
401597906,2023-11-24,Longwood,Delaware St,131,1,1:35,1295,1895,Johan Nziemi made Layup. Assisted by Jaylen Benard.,home,31,25,6,17,TRUE,FALSE,0.9328719072282082,0.7072116971792987,6,3,13.5,140.5,J.W. Lucas/Grant  Todey/CJ Middlebrooks,"Farmville, VA",Joan Perry Brock Center,3000,1147,NA,NA,Longwood,made,Johan Nziemi,Jaylen Benard,FALSE,FALSE,Longwood,Delaware St,FALSE
401597906,2023-11-24,Longwood,Delaware St,132,1,1:16,1276,1876,Martaz Robinson made Jumper.,away,31,27,4,19,TRUE,FALSE,0.9115761530692313,0.6440759323687416,6,3,13.5,140.5,J.W. Lucas/Grant  Todey/CJ Middlebrooks,"Farmville, VA",Joan Perry Brock Center,3000,1147,NA,NA,Delaware St,made,Martaz Robinson,NA,FALSE,FALSE,Delaware St,Delaware St,FALSE
401597906,2023-11-24,Longwood,Delaware St,133,1,1:16,1276,1876,Foul on Johnathan Massie.,home,31,27,4,0,FALSE,TRUE,0.9115761530692313,0.6440759323687416,6,3,13.5,140.5,J.W. Lucas/Grant  Todey/CJ Middlebrooks,"Farmville, VA",Joan Perry Brock Center,3000,1147,NA,NA,NA,NA,NA,NA,NA,NA,Delaware St,Delaware St,FALSE
401597906,2023-11-24,Longwood,Delaware St,134,1,1:16,1276,1876,Wesley Oba made Free Throw.,away,31,28,3,0,TRUE,FALSE,0.8988724578730859,0.6094079884580894,6,3,13.5,140.5,J.W. Lucas/Grant  Todey/CJ Middlebrooks,"Farmville, VA",Joan Perry Brock Center,3000,1147,NA,NA,Delaware St,made,Wesley Oba,NA,FALSE,TRUE,Delaware St,Delaware St,FALSE
401597906,2023-11-24,Longwood,Delaware St,135,1,1:16,1276,1876,Wesley Oba made Free Throw.,away,31,29,2,0,TRUE,FALSE,0.8845747449065443,0.5735988234035151,6,3,13.5,140.5,J.W. Lucas/Grant  Todey/CJ Middlebrooks,"Farmville, VA",Joan Perry Brock Center,3000,1147,NA,NA,Delaware St,made,Wesley Oba,NA,FALSE,TRUE,Delaware St,Delaware St,FALSE
401597906,2023-11-24,Longwood,Delaware St,136,1,1:16,1276,1876,Delaware State  Timeout,away,31,29,2,0,FALSE,FALSE,0.8845747449065443,0.5735988234035151,6,2,13.5,140.5,J.W. Lucas/Grant  Todey/CJ Middlebrooks,"Farmville, VA",Joan Perry Brock Center,3000,1147,NA,NA,NA,NA,NA,NA,NA,NA,Delaware St,Delaware St,FALSE
401597906,2023-11-24,Longwood,Delaware St,137,1,0:50,1250,1850,Foul on Wesley Oba.,away,31,29,2,26,FALSE,TRUE,0.8835787819407971,0.5745194152149439,6,2,13.5,140.5,J.W. Lucas/Grant  Todey/CJ Middlebrooks,"Farmville, VA",Joan Perry Brock Center,3000,1147,NA,NA,NA,NA,NA,NA,NA,NA,Delaware St,Longwood,FALSE
401597906,2023-11-24,Longwood,Delaware St,138,1,0:50,1250,1850,Johan Nziemi made Free Throw.,home,32,29,3,0,TRUE,FALSE,0.8981579573682458,0.6107514172356809,6,2,13.5,140.5,J.W. Lucas/Grant  Todey/CJ Middlebrooks,"Farmville, VA",Joan Perry Brock Center,3000,1147,NA,NA,Longwood,made,Johan Nziemi,NA,FALSE,TRUE,Longwood,Longwood,FALSE
401597906,2023-11-24,Longwood,Delaware St,139,1,0:50,1250,1850,Johan Nziemi made Free Throw.,home,33,29,4,0,TRUE,FALSE,0.9110951165295305,0.6458002321337132,6,2,13.5,140.5,J.W. Lucas/Grant  Todey/CJ Middlebrooks,"Farmville, VA",Joan Perry Brock Center,3000,1147,NA,NA,Longwood,made,Johan Nziemi,NA,FALSE,TRUE,Longwood,Delaware St,FALSE
401597906,2023-11-24,Longwood,Delaware St,140,1,0:27,1227,1827,Martaz Robinson missed Jumper.,away,33,29,4,23,FALSE,FALSE,0.9107130034030522,0.6474427385605481,6,2,13.5,140.5,J.W. Lucas/Grant  Todey/CJ Middlebrooks,"Farmville, VA",Joan Perry Brock Center,3000,1147,NA,NA,Delaware St,missed,Martaz Robinson,NA,FALSE,FALSE,Delaware St,Longwood,FALSE
401597906,2023-11-24,Longwood,Delaware St,141,1,0:24,1224,1824,Johan Nziemi Defensive Rebound.,home,33,29,4,3,FALSE,FALSE,0.9106667745049154,0.6476662610968932,6,2,13.5,140.5,J.W. Lucas/Grant  Todey/CJ Middlebrooks,"Farmville, VA",Joan Perry Brock Center,3000,1147,NA,NA,NA,NA,NA,NA,NA,NA,Delaware St,Longwood,FALSE
401597906,2023-11-24,Longwood,Delaware St,142,1,0:23,1223,1823,Longwood  Timeout,home,33,29,4,1,FALSE,FALSE,0.9106515663420515,0.6477412756690639,6,1,13.5,140.5,J.W. Lucas/Grant  Todey/CJ Middlebrooks,"Farmville, VA",Joan Perry Brock Center,3000,1147,NA,NA,NA,NA,NA,NA,NA,NA,Longwood,Longwood,FALSE
401597906,2023-11-24,Longwood,Delaware St,143,1,0:04,1204,1804,Johan Nziemi made Dunk. Assisted by DA Houston.,home,35,29,6,19,TRUE,FALSE,0.9325205895045531,0.7157232584348832,6,1,13.5,140.5,J.W. Lucas/Grant  Todey/CJ Middlebrooks,"Farmville, VA",Joan Perry Brock Center,3000,1147,NA,NA,Longwood,made,Johan Nziemi,DA Houston,FALSE,FALSE,Longwood,Delaware St,FALSE
401597906,2023-11-24,Longwood,Delaware St,144,1,0:00,1200,1800,Deywilk Tavarez made Three Point Jumper.,away,35,32,3,4,TRUE,FALSE,0.8969113613888706,0.613652136749738,6,1,13.5,140.5,J.W. Lucas/Grant  Todey/CJ Middlebrooks,"Farmville, VA",Joan Perry Brock Center,3000,1147,NA,NA,Delaware St,made,Deywilk Tavarez,NA,TRUE,FALSE,Delaware St,Longwood,FALSE
401597906,2023-11-24,Longwood,Delaware St,145,1,0:00,1200,1800,End of 1st half,NA,35,32,3,0,FALSE,FALSE,0.8969113613888706,0.613652136749738,6,1,13.5,140.5,J.W. Lucas/Grant  Todey/CJ Middlebrooks,"Farmville, VA",Joan Perry Brock Center,3000,1147,NA,NA,NA,NA,NA,NA,NA,NA,Longwood,NA,FALSE
401597906,2023-11-24,Longwood,Delaware St,146,2,19:37,1177,1777,Martaz Robinson missed Three Point Jumper.,away,35,32,3,23,FALSE,FALSE,0.896357502511201,0.6150048847102233,6,1,13.5,140.5,J.W. Lucas/Grant  Todey/CJ Middlebrooks,"Farmville, VA",Joan Perry Brock Center,3000,1147,NA,NA,Delaware St,missed,Martaz Robinson,NA,TRUE,FALSE,Delaware St,Longwood,FALSE
401597906,2023-11-24,Longwood,Delaware St,147,2,19:35,1175,1775,Johnathan Massie Defensive Rebound.,home,35,32,3,2,FALSE,FALSE,0.8963088408151723,0.6151202253133851,6,1,13.5,140.5,J.W. Lucas/Grant  Todey/CJ Middlebrooks,"Farmville, VA",Joan Perry Brock Center,3000,1147,NA,NA,NA,NA,NA,NA,NA,NA,Delaware St,Longwood,FALSE
401597906,2023-11-24,Longwood,Delaware St,148,2,19:17,1157,1757,Szymon Zapala made Jumper.,home,37,32,5,18,TRUE,FALSE,0.9218405385914319,0.6875539995824144,6,1,13.5,140.5,J.W. Lucas/Grant  Todey/CJ Middlebrooks,"Farmville, VA",Joan Perry Brock Center,3000,1147,NA,NA,Longwood,made,Szymon Zapala,NA,FALSE,FALSE,Longwood,Delaware St,FALSE
401597906,2023-11-24,Longwood,Delaware St,149,2,18:57,1137,1737,Raymond Somerville missed Jumper.,away,37,32,5,20,FALSE,FALSE,0.9216896286105386,0.6892575389117506,6,1,13.5,140.5,J.W. Lucas/Grant  Todey/CJ Middlebrooks,"Farmville, VA",Joan Perry Brock Center,3000,1147,NA,NA,Delaware St,missed,Raymond Somerville,NA,FALSE,FALSE,Delaware St,Longwood,FALSE
401597906,2023-11-24,Longwood,Delaware St,150,2,18:53,1133,1733,DA Houston Defensive Rebound.,home,37,32,5,4,FALSE,FALSE,0.9216594444010008,0.6895970986938544,6,1,13.5,140.5,J.W. Lucas/Grant  Todey/CJ Middlebrooks,"Farmville, VA",Joan Perry Brock Center,3000,1147,NA,NA,NA,NA,NA,NA,NA,NA,Delaware St,Longwood,FALSE
401597906,2023-11-24,Longwood,Delaware St,151,2,18:44,1124,1724,DA Houston made Three Point Jumper. Assisted by Johnathan Massie.,home,40,32,8,9,TRUE,FALSE,0.9500391147684133,0.7829424178949111,6,1,13.5,140.5,J.W. Lucas/Grant  Todey/CJ Middlebrooks,"Farmville, VA",Joan Perry Brock Center,3000,1147,NA,NA,Longwood,made,DA Houston,Johnathan Massie,TRUE,FALSE,Longwood,Delaware St,FALSE
401597906,2023-11-24,Longwood,Delaware St,152,2,18:15,1095,1695,Martaz Robinson made Three Point Jumper. Assisted by Deywilk Tavarez.,away,40,35,5,29,TRUE,FALSE,0.9213846689094336,0.6928517873917207,6,1,13.5,140.5,J.W. Lucas/Grant  Todey/CJ Middlebrooks,"Farmville, VA",Joan Perry Brock Center,3000,1147,NA,NA,Delaware St,made,Martaz Robinson,Deywilk Tavarez,TRUE,FALSE,Delaware St,Longwood,FALSE
401597906,2023-11-24,Longwood,Delaware St,153,2,18:01,1081,1681,DA Houston Turnover.,home,40,35,5,14,FALSE,FALSE,0.9212938772056817,0.694083577181963,6,1,13.5,140.5,J.W. Lucas/Grant  Todey/CJ Middlebrooks,"Farmville, VA",Joan Perry Brock Center,3000,1147,NA,NA,NA,NA,NA,NA,NA,NA,Longwood,Delaware St,FALSE
401597906,2023-11-24,Longwood,Delaware St,154,2,18:01,1081,1681,Martaz Robinson Steal.,away,40,35,5,0,FALSE,FALSE,0.9212938772056817,0.694083577181963,6,1,13.5,140.5,J.W. Lucas/Grant  Todey/CJ Middlebrooks,"Farmville, VA",Joan Perry Brock Center,3000,1147,NA,NA,NA,NA,NA,NA,NA,NA,Longwood,Delaware St,FALSE
401597906,2023-11-24,Longwood,Delaware St,155,2,17:55,1075,1675,Martaz Robinson Turnover.,away,40,35,5,6,FALSE,FALSE,0.9212575413972227,0.6946201754462421,6,1,13.5,140.5,J.W. Lucas/Grant  Todey/CJ Middlebrooks,"Farmville, VA",Joan Perry Brock Center,3000,1147,NA,NA,NA,NA,NA,NA,NA,NA,Delaware St,Longwood,FALSE
401597906,2023-11-24,Longwood,Delaware St,156,2,17:55,1075,1675,Jesper Granlund Steal.,home,40,35,5,0,FALSE,FALSE,0.9212575413972227,0.6946201754462421,6,1,13.5,140.5,J.W. Lucas/Grant  Todey/CJ Middlebrooks,"Farmville, VA",Joan Perry Brock Center,3000,1147,NA,NA,NA,NA,NA,NA,NA,NA,Delaware St,Longwood,FALSE
401597906,2023-11-24,Longwood,Delaware St,157,2,17:48,1068,1668,Szymon Zapala made Dunk. Assisted by Jesper Granlund.,home,42,35,7,7,TRUE,FALSE,0.9420743170173523,0.7603715676694172,6,1,13.5,140.5,J.W. Lucas/Grant  Todey/CJ Middlebrooks,"Farmville, VA",Joan Perry Brock Center,3000,1147,NA,NA,Longwood,made,Szymon Zapala,Jesper Granlund,FALSE,FALSE,Longwood,Delaware St,FALSE
401597906,2023-11-24,Longwood,Delaware St,158,2,17:41,1061,1661,Foul on Szymon Zapala.,home,42,35,7,7,FALSE,TRUE,0.94211242545141,0.7611453367399043,6,1,13.5,140.5,J.W. Lucas/Grant  Todey/CJ Middlebrooks,"Farmville, VA",Joan Perry Brock Center,3000,1147,NA,NA,NA,NA,NA,NA,NA,NA,Delaware St,Delaware St,FALSE
401597906,2023-11-24,Longwood,Delaware St,159,2,17:23,1043,1643,Deywilk Tavarez made Three Point Jumper.,away,42,38,4,18,TRUE,FALSE,0.9080601630410366,0.661215259615704,6,1,13.5,140.5,J.W. Lucas/Grant  Todey/CJ Middlebrooks,"Farmville, VA",Joan Perry Brock Center,3000,1147,NA,NA,Delaware St,made,Deywilk Tavarez,NA,TRUE,FALSE,Delaware St,Longwood,FALSE
401597906,2023-11-24,Longwood,Delaware St,160,2,17:23,1043,1643,Foul on Emanuel Richards.,home,42,38,4,0,FALSE,TRUE,0.9080601630410366,0.661215259615704,6,1,13.5,140.5,J.W. Lucas/Grant  Todey/CJ Middlebrooks,"Farmville, VA",Joan Perry Brock Center,3000,1147,NA,NA,NA,NA,NA,NA,NA,NA,Delaware St,Delaware St,FALSE
401597906,2023-11-24,Longwood,Delaware St,161,2,17:23,1043,1643,Deywilk Tavarez missed Free Throw.,away,42,38,4,0,FALSE,FALSE,0.9080601630410366,0.661215259615704,6,1,13.5,140.5,J.W. Lucas/Grant  Todey/CJ Middlebrooks,"Farmville, VA",Joan Perry Brock Center,3000,1147,NA,NA,Delaware St,missed,Deywilk Tavarez,NA,FALSE,TRUE,Delaware St,Longwood,FALSE
401597906,2023-11-24,Longwood,Delaware St,162,2,17:22,1042,1642,Johnathan Massie Defensive Rebound.,home,42,38,4,1,FALSE,FALSE,0.9080479912929625,0.6612975704393403,6,1,13.5,140.5,J.W. Lucas/Grant  Todey/CJ Middlebrooks,"Farmville, VA",Joan Perry Brock Center,3000,1147,NA,NA,NA,NA,NA,NA,NA,NA,Delaware St,Longwood,FALSE
401597906,2023-11-24,Longwood,Delaware St,163,2,16:58,1018,1618,Johnathan Massie Turnover.,home,42,38,4,24,FALSE,FALSE,0.9077757715332955,0.6633463640001345,6,1,13.5,140.5,J.W. Lucas/Grant  Todey/CJ Middlebrooks,"Farmville, VA",Joan Perry Brock Center,3000,1147,NA,NA,NA,NA,NA,NA,NA,NA,Longwood,Delaware St,FALSE
401597906,2023-11-24,Longwood,Delaware St,164,2,16:58,1018,1618,Martaz Robinson Steal.,away,42,38,4,0,FALSE,FALSE,0.9077757715332955,0.6633463640001345,6,1,13.5,140.5,J.W. Lucas/Grant  Todey/CJ Middlebrooks,"Farmville, VA",Joan Perry Brock Center,3000,1147,NA,NA,NA,NA,NA,NA,NA,NA,Longwood,Delaware St,FALSE
401597906,2023-11-24,Longwood,Delaware St,165,2,16:45,1005,1605,Raymond Somerville Turnover.,away,42,38,4,13,FALSE,FALSE,0.9076462104714508,0.664522032389907,6,1,13.5,140.5,J.W. Lucas/Grant  Todey/CJ Middlebrooks,"Farmville, VA",Joan Perry Brock Center,3000,1147,NA,NA,NA,NA,NA,NA,NA,NA,Delaware St,Longwood,FALSE
401597906,2023-11-24,Longwood,Delaware St,166,2,16:30,990,1590,Szymon Zapala Turnover.,home,42,38,4,15,FALSE,FALSE,0.9075146570409942,0.6659445398028804,6,1,13.5,140.5,J.W. Lucas/Grant  Todey/CJ Middlebrooks,"Farmville, VA",Joan Perry Brock Center,3000,1147,NA,NA,NA,NA,NA,NA,NA,NA,Longwood,Delaware St,FALSE
401597906,2023-11-24,Longwood,Delaware St,167,2,16:13,973,1573,Deywilk Tavarez missed Jumper.,away,42,38,4,17,FALSE,FALSE,0.907391398806654,0.6676514613734914,6,1,13.5,140.5,J.W. Lucas/Grant  Todey/CJ Middlebrooks,"Farmville, VA",Joan Perry Brock Center,3000,1147,NA,NA,Delaware St,missed,Deywilk Tavarez,NA,FALSE,FALSE,Delaware St,Delaware St,FALSE
401597906,2023-11-24,Longwood,Delaware St,168,2,16:13,973,1573,Delaware State Offensive Rebound.,away,42,38,4,0,FALSE,FALSE,0.907391398806654,0.6676514613734914,6,1,13.5,140.5,J.W. Lucas/Grant  Todey/CJ Middlebrooks,"Farmville, VA",Joan Perry Brock Center,3000,1147,NA,NA,NA,NA,NA,NA,NA,NA,Delaware St,Delaware St,FALSE
401597906,2023-11-24,Longwood,Delaware St,169,2,16:13,973,1573,Foul on Szymon Zapala.,home,42,38,4,0,FALSE,TRUE,0.907391398806654,0.6676514613734914,6,1,13.5,140.5,J.W. Lucas/Grant  Todey/CJ Middlebrooks,"Farmville, VA",Joan Perry Brock Center,3000,1147,NA,NA,NA,NA,NA,NA,NA,NA,Delaware St,Delaware St,FALSE
401597906,2023-11-24,Longwood,Delaware St,170,2,16:01,961,1561,Jevin Muniz made Layup.,away,42,40,2,12,TRUE,FALSE,0.8732185143916736,0.5869970884367163,6,1,13.5,140.5,J.W. Lucas/Grant  Todey/CJ Middlebrooks,"Farmville, VA",Joan Perry Brock Center,3000,1147,NA,NA,Delaware St,made,Jevin Muniz,NA,FALSE,FALSE,Delaware St,Longwood,FALSE
401597906,2023-11-24,Longwood,Delaware St,171,2,15:40,940,1540,Michael Christmas missed Layup.,home,42,40,2,21,FALSE,FALSE,0.872522719200897,0.5880758823746008,6,1,13.5,140.5,J.W. Lucas/Grant  Todey/CJ Middlebrooks,"Farmville, VA",Joan Perry Brock Center,3000,1147,NA,NA,Longwood,missed,Michael Christmas,NA,FALSE,FALSE,Longwood,Delaware St,FALSE
401597906,2023-11-24,Longwood,Delaware St,172,2,15:36,936,1536,Raymond Somerville Defensive Rebound.,away,42,40,2,4,FALSE,FALSE,0.8723923474513041,0.5882689342054742,6,1,13.5,140.5,J.W. Lucas/Grant  Todey/CJ Middlebrooks,"Farmville, VA",Joan Perry Brock Center,3000,1147,NA,NA,NA,NA,NA,NA,NA,NA,Longwood,Delaware St,FALSE
401597906,2023-11-24,Longwood,Delaware St,173,2,15:31,931,1531,Deywilk Tavarez made Jumper.,away,42,42,0,5,TRUE,FALSE,0.826788158444891,0.5,6,1,13.5,140.5,J.W. Lucas/Grant  Todey/CJ Middlebrooks,"Farmville, VA",Joan Perry Brock Center,3000,1147,NA,NA,Delaware St,made,Deywilk Tavarez,NA,FALSE,FALSE,Delaware St,Longwood,FALSE
401597906,2023-11-24,Longwood,Delaware St,174,2,15:16,916,1516,Walyn Napper made Jumper.,home,44,42,2,15,TRUE,FALSE,0.8717496845951708,0.589188608596809,6,1,13.5,140.5,J.W. Lucas/Grant  Todey/CJ Middlebrooks,"Farmville, VA",Joan Perry Brock Center,3000,1147,NA,NA,Longwood,made,Walyn Napper,NA,FALSE,FALSE,Longwood,Delaware St,FALSE
401597906,2023-11-24,Longwood,Delaware St,175,2,14:53,893,1493,Deywilk Tavarez missed Three Point Jumper.,away,44,42,2,23,FALSE,FALSE,0.8710269955233196,0.5901825596212094,6,1,13.5,140.5,J.W. Lucas/Grant  Todey/CJ Middlebrooks,"Farmville, VA",Joan Perry Brock Center,3000,1147,NA,NA,Delaware St,missed,Deywilk Tavarez,NA,TRUE,FALSE,Delaware St,Longwood,FALSE
401597906,2023-11-24,Longwood,Delaware St,176,2,14:49,889,1489,Jaylen Benard Defensive Rebound.,home,44,42,2,4,FALSE,FALSE,0.8709028138025352,0.5903517647975272,6,1,13.5,140.5,J.W. Lucas/Grant  Todey/CJ Middlebrooks,"Farmville, VA",Joan Perry Brock Center,3000,1147,NA,NA,NA,NA,NA,NA,NA,NA,Delaware St,Longwood,FALSE
401597906,2023-11-24,Longwood,Delaware St,177,2,14:44,884,1484,Walyn Napper made Layup. Assisted by Jesper Granlund.,home,46,42,4,5,TRUE,FALSE,0.9066907130016656,0.6753720389102013,6,1,13.5,140.5,J.W. Lucas/Grant  Todey/CJ Middlebrooks,"Farmville, VA",Joan Perry Brock Center,3000,1147,NA,NA,Longwood,made,Walyn Napper,Jesper Granlund,FALSE,FALSE,Longwood,Delaware St,FALSE
401597906,2023-11-24,Longwood,Delaware St,178,2,14:39,879,1479,Delaware State  Timeout,away,46,42,4,5,FALSE,FALSE,0.9066486434509375,0.6757540743781404,6,0,13.5,140.5,J.W. Lucas/Grant  Todey/CJ Middlebrooks,"Farmville, VA",Joan Perry Brock Center,3000,1147,NA,NA,NA,NA,NA,NA,NA,NA,Delaware St,Delaware St,FALSE
401597906,2023-11-24,Longwood,Delaware St,179,2,14:39,879,1479, Official TV Timeout,NA,46,42,4,0,FALSE,FALSE,0.9066486434509375,0.6757540743781404,6,-1,13.5,140.5,J.W. Lucas/Grant  Todey/CJ Middlebrooks,"Farmville, VA",Joan Perry Brock Center,3000,1147,NA,NA,NA,NA,NA,NA,NA,NA,Delaware St,Delaware St,FALSE
401597906,2023-11-24,Longwood,Delaware St,180,2,14:19,859,1459,Jevin Muniz made Jumper.,away,46,44,2,20,TRUE,FALSE,0.869982329927585,0.5916239509276736,6,-1,13.5,140.5,J.W. Lucas/Grant  Todey/CJ Middlebrooks,"Farmville, VA",Joan Perry Brock Center,3000,1147,NA,NA,Delaware St,made,Jevin Muniz,NA,FALSE,FALSE,Delaware St,Longwood,FALSE
401597906,2023-11-24,Longwood,Delaware St,181,2,14:08,848,1448,Michael Christmas missed Layup.,home,46,44,2,11,FALSE,FALSE,0.8696484532835302,0.5921049334321792,6,-1,13.5,140.5,J.W. Lucas/Grant  Todey/CJ Middlebrooks,"Farmville, VA",Joan Perry Brock Center,3000,1147,NA,NA,Longwood,missed,Michael Christmas,NA,FALSE,FALSE,Longwood,Longwood,FALSE
401597906,2023-11-24,Longwood,Delaware St,182,2,14:08,848,1448,Raymond Somerville Block.,away,46,44,2,0,FALSE,FALSE,0.8696484532835302,0.5921049334321792,6,-1,13.5,140.5,J.W. Lucas/Grant  Todey/CJ Middlebrooks,"Farmville, VA",Joan Perry Brock Center,3000,1147,NA,NA,NA,NA,NA,NA,NA,NA,Longwood,Longwood,FALSE
401597906,2023-11-24,Longwood,Delaware St,183,2,14:04,844,1444,Walyn Napper Offensive Rebound.,home,46,44,2,4,FALSE,FALSE,0.8695273689608108,0.5922835100592014,6,-1,13.5,140.5,J.W. Lucas/Grant  Todey/CJ Middlebrooks,"Farmville, VA",Joan Perry Brock Center,3000,1147,NA,NA,NA,NA,NA,NA,NA,NA,Longwood,Longwood,FALSE
401597906,2023-11-24,Longwood,Delaware St,184,2,13:58,838,1438,Foul on Martaz Robinson.,away,46,44,2,6,FALSE,TRUE,0.8693459932754916,0.5925558608050312,6,-1,13.5,140.5,J.W. Lucas/Grant  Todey/CJ Middlebrooks,"Farmville, VA",Joan Perry Brock Center,3000,1147,NA,NA,NA,NA,NA,NA,NA,NA,Longwood,Longwood,FALSE
401597906,2023-11-24,Longwood,Delaware St,185,2,13:58,838,1438, Official TV Timeout,NA,46,44,2,0,FALSE,FALSE,0.8693459932754916,0.5925558608050312,6,-2,13.5,140.5,J.W. Lucas/Grant  Todey/CJ Middlebrooks,"Farmville, VA",Joan Perry Brock Center,3000,1147,NA,NA,NA,NA,NA,NA,NA,NA,Longwood,Longwood,FALSE
401597906,2023-11-24,Longwood,Delaware St,186,2,13:37,817,1417,Johnathan Massie missed Jumper.,home,46,44,2,21,FALSE,FALSE,0.8687124993421138,0.5935627864884584,6,-2,13.5,140.5,J.W. Lucas/Grant  Todey/CJ Middlebrooks,"Farmville, VA",Joan Perry Brock Center,3000,1147,NA,NA,Longwood,missed,Johnathan Massie,NA,FALSE,FALSE,Longwood,Longwood,FALSE
401597906,2023-11-24,Longwood,Delaware St,187,2,13:34,814,1414,Johnathan Massie Offensive Rebound.,home,46,44,2,3,FALSE,FALSE,0.8686220381539117,0.5937148392902293,6,-2,13.5,140.5,J.W. Lucas/Grant  Todey/CJ Middlebrooks,"Farmville, VA",Joan Perry Brock Center,3000,1147,NA,NA,NA,NA,NA,NA,NA,NA,Longwood,Longwood,FALSE
401597906,2023-11-24,Longwood,Delaware St,188,2,13:34,814,1414,Foul on Raymond Somerville.,away,46,44,2,0,FALSE,TRUE,0.8686220381539117,0.5937148392902293,6,-2,13.5,140.5,J.W. Lucas/Grant  Todey/CJ Middlebrooks,"Farmville, VA",Joan Perry Brock Center,3000,1147,NA,NA,NA,NA,NA,NA,NA,NA,Longwood,Longwood,FALSE
401597906,2023-11-24,Longwood,Delaware St,189,2,13:34,814,1414,Johnathan Massie missed Free Throw.,home,46,44,2,0,FALSE,FALSE,0.8686220381539117,0.5937148392902293,6,-2,13.5,140.5,J.W. Lucas/Grant  Todey/CJ Middlebrooks,"Farmville, VA",Joan Perry Brock Center,3000,1147,NA,NA,Longwood,missed,Johnathan Massie,NA,FALSE,TRUE,Longwood,Longwood,FALSE
401597906,2023-11-24,Longwood,Delaware St,190,2,13:34,814,1414,Longwood Offensive Rebound.,home,46,44,2,0,FALSE,FALSE,0.8686220381539117,0.5937148392902293,6,-2,13.5,140.5,J.W. Lucas/Grant  Todey/CJ Middlebrooks,"Farmville, VA",Joan Perry Brock Center,3000,1147,NA,NA,NA,NA,NA,NA,NA,NA,Longwood,Longwood,FALSE
401597906,2023-11-24,Longwood,Delaware St,191,2,13:34,814,1414,Johnathan Massie missed Free Throw.,home,46,44,2,0,FALSE,FALSE,0.8686220381539117,0.5937148392902293,6,-2,13.5,140.5,J.W. Lucas/Grant  Todey/CJ Middlebrooks,"Farmville, VA",Joan Perry Brock Center,3000,1147,NA,NA,Longwood,missed,Johnathan Massie,NA,FALSE,TRUE,Longwood,Longwood,FALSE
401597906,2023-11-24,Longwood,Delaware St,192,2,13:32,812,1412,Wesley Oba Defensive Rebound.,away,46,44,2,2,FALSE,FALSE,0.868561720242603,0.5938175143462349,6,-2,13.5,140.5,J.W. Lucas/Grant  Todey/CJ Middlebrooks,"Farmville, VA",Joan Perry Brock Center,3000,1147,NA,NA,NA,NA,NA,NA,NA,NA,Longwood,Delaware St,FALSE
401597906,2023-11-24,Longwood,Delaware St,193,2,13:16,796,1396,Jevin Muniz made Layup. Assisted by Deywilk Tavarez.,away,46,46,0,16,TRUE,FALSE,0.8176828628220879,0.5,6,-2,13.5,140.5,J.W. Lucas/Grant  Todey/CJ Middlebrooks,"Farmville, VA",Joan Perry Brock Center,3000,1147,NA,NA,Delaware St,made,Jevin Muniz,Deywilk Tavarez,FALSE,FALSE,Delaware St,Longwood,FALSE
401597906,2023-11-24,Longwood,Delaware St,194,2,12:58,778,1378,Johnathan Massie missed Three Point Jumper.,home,46,46,0,18,FALSE,FALSE,0.8163048752677333,0.5,6,-2,13.5,140.5,J.W. Lucas/Grant  Todey/CJ Middlebrooks,"Farmville, VA",Joan Perry Brock Center,3000,1147,NA,NA,Longwood,missed,Johnathan Massie,NA,TRUE,FALSE,Longwood,Delaware St,FALSE
401597906,2023-11-24,Longwood,Delaware St,195,2,12:55,775,1375,Jevin Muniz Defensive Rebound.,away,46,46,0,3,FALSE,FALSE,0.8160665672555528,0.5,6,-2,13.5,140.5,J.W. Lucas/Grant  Todey/CJ Middlebrooks,"Farmville, VA",Joan Perry Brock Center,3000,1147,NA,NA,NA,NA,NA,NA,NA,NA,Longwood,Delaware St,FALSE
401597906,2023-11-24,Longwood,Delaware St,196,2,12:32,752,1352,Deywilk Tavarez Turnover.,away,46,46,0,23,FALSE,FALSE,0.8141435913900024,0.5,6,-2,13.5,140.5,J.W. Lucas/Grant  Todey/CJ Middlebrooks,"Farmville, VA",Joan Perry Brock Center,3000,1147,NA,NA,NA,NA,NA,NA,NA,NA,Delaware St,Longwood,FALSE
401597906,2023-11-24,Longwood,Delaware St,197,2,12:32,752,1352,Walyn Napper Steal.,home,46,46,0,0,FALSE,FALSE,0.8141435913900024,0.5,6,-2,13.5,140.5,J.W. Lucas/Grant  Todey/CJ Middlebrooks,"Farmville, VA",Joan Perry Brock Center,3000,1147,NA,NA,NA,NA,NA,NA,NA,NA,Delaware St,Longwood,FALSE
401597906,2023-11-24,Longwood,Delaware St,198,2,12:07,727,1327,Elijah Tucker missed Jumper.,home,46,46,0,25,FALSE,FALSE,0.8118306687647572,0.5,6,-2,13.5,140.5,J.W. Lucas/Grant  Todey/CJ Middlebrooks,"Farmville, VA",Joan Perry Brock Center,3000,1147,NA,NA,Longwood,missed,Elijah Tucker,NA,FALSE,FALSE,Longwood,Longwood,FALSE
401597906,2023-11-24,Longwood,Delaware St,199,2,12:04,724,1324,Johnathan Massie Offensive Rebound.,home,46,46,0,3,FALSE,FALSE,0.8115437382682625,0.5,6,-2,13.5,140.5,J.W. Lucas/Grant  Todey/CJ Middlebrooks,"Farmville, VA",Joan Perry Brock Center,3000,1147,NA,NA,NA,NA,NA,NA,NA,NA,Longwood,Longwood,FALSE
401597906,2023-11-24,Longwood,Delaware St,200,2,11:59,719,1319,Foul on Alston Andrews.,away,46,46,0,5,FALSE,TRUE,0.8110696159086055,0.5,6,-2,13.5,140.5,J.W. Lucas/Grant  Todey/CJ Middlebrooks,"Farmville, VA",Joan Perry Brock Center,3000,1147,NA,NA,NA,NA,NA,NA,NA,NA,Longwood,Longwood,FALSE
401597906,2023-11-24,Longwood,Delaware St,201,2,11:59,719,1319, Official TV Timeout,NA,46,46,0,0,FALSE,FALSE,0.8110696159086055,0.5,6,-3,13.5,140.5,J.W. Lucas/Grant  Todey/CJ Middlebrooks,"Farmville, VA",Joan Perry Brock Center,3000,1147,NA,NA,NA,NA,NA,NA,NA,NA,Longwood,Longwood,FALSE
401597906,2023-11-24,Longwood,Delaware St,202,2,11:59,719,1319,Michael Christmas made Free Throw.,home,47,46,1,0,TRUE,FALSE,0.8402607403303167,0.5506244657267529,6,-3,13.5,140.5,J.W. Lucas/Grant  Todey/CJ Middlebrooks,"Farmville, VA",Joan Perry Brock Center,3000,1147,NA,NA,Longwood,made,Michael Christmas,NA,FALSE,TRUE,Longwood,Longwood,FALSE
401597906,2023-11-24,Longwood,Delaware St,203,2,11:59,719,1319,Michael Christmas made Free Throw.,home,48,46,2,0,TRUE,FALSE,0.8656885097548184,0.6002215259027543,6,-3,13.5,140.5,J.W. Lucas/Grant  Todey/CJ Middlebrooks,"Farmville, VA",Joan Perry Brock Center,3000,1147,NA,NA,Longwood,made,Michael Christmas,NA,FALSE,TRUE,Longwood,Delaware St,FALSE
401597906,2023-11-24,Longwood,Delaware St,204,2,11:35,695,1295,Deywilk Tavarez missed Jumper.,away,48,46,2,24,FALSE,FALSE,0.8648652321104845,0.6019884361372603,6,-3,13.5,140.5,J.W. Lucas/Grant  Todey/CJ Middlebrooks,"Farmville, VA",Joan Perry Brock Center,3000,1147,NA,NA,Delaware St,missed,Deywilk Tavarez,NA,FALSE,FALSE,Delaware St,Delaware St,FALSE
401597906,2023-11-24,Longwood,Delaware St,205,2,11:31,691,1291,Wesley Oba Offensive Rebound.,away,48,46,2,4,FALSE,FALSE,0.8647228640111219,0.6022607828029642,6,-3,13.5,140.5,J.W. Lucas/Grant  Todey/CJ Middlebrooks,"Farmville, VA",Joan Perry Brock Center,3000,1147,NA,NA,NA,NA,NA,NA,NA,NA,Delaware St,Delaware St,FALSE
401597906,2023-11-24,Longwood,Delaware St,206,2,11:31,691,1291,Wesley Oba missed Layup.,away,48,46,2,0,FALSE,FALSE,0.8647228640111219,0.6022607828029642,6,-3,13.5,140.5,J.W. Lucas/Grant  Todey/CJ Middlebrooks,"Farmville, VA",Joan Perry Brock Center,3000,1147,NA,NA,Delaware St,missed,Wesley Oba,NA,FALSE,FALSE,Delaware St,Delaware St,FALSE
401597906,2023-11-24,Longwood,Delaware St,207,2,11:28,688,1288,Wesley Oba Offensive Rebound.,away,48,46,2,3,FALSE,FALSE,0.8646152808576114,0.6024620445190438,6,-3,13.5,140.5,J.W. Lucas/Grant  Todey/CJ Middlebrooks,"Farmville, VA",Joan Perry Brock Center,3000,1147,NA,NA,NA,NA,NA,NA,NA,NA,Delaware St,Delaware St,FALSE
401597906,2023-11-24,Longwood,Delaware St,208,2,11:28,688,1288,Wesley Oba made Layup.,away,48,48,0,0,TRUE,FALSE,0.8082113942825758,0.5,6,-3,13.5,140.5,J.W. Lucas/Grant  Todey/CJ Middlebrooks,"Farmville, VA",Joan Perry Brock Center,3000,1147,NA,NA,Delaware St,made,Wesley Oba,NA,FALSE,FALSE,Delaware St,Longwood,FALSE
401597906,2023-11-24,Longwood,Delaware St,209,2,11:10,670,1270,Elijah Tucker missed Layup.,home,48,48,0,18,FALSE,FALSE,0.806579205795993,0.5,6,-3,13.5,140.5,J.W. Lucas/Grant  Todey/CJ Middlebrooks,"Farmville, VA",Joan Perry Brock Center,3000,1147,NA,NA,Longwood,missed,Elijah Tucker,NA,FALSE,FALSE,Longwood,Delaware St,FALSE
401597906,2023-11-24,Longwood,Delaware St,210,2,11:07,667,1267,Alston Andrews Defensive Rebound.,away,48,48,0,3,FALSE,FALSE,0.8063065425762279,0.5,6,-3,13.5,140.5,J.W. Lucas/Grant  Todey/CJ Middlebrooks,"Farmville, VA",Joan Perry Brock Center,3000,1147,NA,NA,NA,NA,NA,NA,NA,NA,Longwood,Delaware St,FALSE
401597906,2023-11-24,Longwood,Delaware St,211,2,10:58,658,1258,Alston Andrews missed Jumper.,away,48,48,0,9,FALSE,FALSE,0.8054848503379847,0.5,6,-3,13.5,140.5,J.W. Lucas/Grant  Todey/CJ Middlebrooks,"Farmville, VA",Joan Perry Brock Center,3000,1147,NA,NA,Delaware St,missed,Alston Andrews,NA,FALSE,FALSE,Delaware St,Longwood,FALSE
401597906,2023-11-24,Longwood,Delaware St,212,2,10:54,654,1254,Elijah Tucker Defensive Rebound.,home,48,48,0,4,FALSE,FALSE,0.8051171902410422,0.5,6,-3,13.5,140.5,J.W. Lucas/Grant  Todey/CJ Middlebrooks,"Farmville, VA",Joan Perry Brock Center,3000,1147,NA,NA,NA,NA,NA,NA,NA,NA,Delaware St,Longwood,FALSE
401597906,2023-11-24,Longwood,Delaware St,213,2,10:44,644,1244,DA Houston made Three Point Jumper. Assisted by Jesper Granlund.,home,51,48,3,10,TRUE,FALSE,0.8863621072965551,0.655075681126569,6,-3,13.5,140.5,J.W. Lucas/Grant  Todey/CJ Middlebrooks,"Farmville, VA",Joan Perry Brock Center,3000,1147,NA,NA,Longwood,made,DA Houston,Jesper Granlund,TRUE,FALSE,Longwood,Delaware St,FALSE
401597906,2023-11-24,Longwood,Delaware St,214,2,10:24,624,1224,Jevin Muniz made Layup. Assisted by Deywilk Tavarez.,away,51,50,1,20,TRUE,FALSE,0.8344171249663815,0.5539609711125342,6,-3,13.5,140.5,J.W. Lucas/Grant  Todey/CJ Middlebrooks,"Farmville, VA",Joan Perry Brock Center,3000,1147,NA,NA,Delaware St,made,Jevin Muniz,Deywilk Tavarez,FALSE,FALSE,Delaware St,Longwood,FALSE
401597906,2023-11-24,Longwood,Delaware St,215,2,10:13,613,1213,Foul on Jevin Muniz.,away,51,50,1,11,FALSE,TRUE,0.8337008462556413,0.554387173000175,6,-3,13.5,140.5,J.W. Lucas/Grant  Todey/CJ Middlebrooks,"Farmville, VA",Joan Perry Brock Center,3000,1147,NA,NA,NA,NA,NA,NA,NA,NA,Longwood,Longwood,FALSE
401597906,2023-11-24,Longwood,Delaware St,216,2,9:59,599,1199,Jesper Granlund missed Three Point Jumper.,home,51,50,1,14,FALSE,FALSE,0.8327682129916576,0.5549796541302972,6,-3,13.5,140.5,J.W. Lucas/Grant  Todey/CJ Middlebrooks,"Farmville, VA",Joan Perry Brock Center,3000,1147,NA,NA,Longwood,missed,Jesper Granlund,NA,TRUE,FALSE,Longwood,Delaware St,FALSE
401597906,2023-11-24,Longwood,Delaware St,217,2,9:55,595,1195,Wesley Oba Defensive Rebound.,away,51,50,1,4,FALSE,FALSE,0.8324969547199643,0.5551611171375006,6,-3,13.5,140.5,J.W. Lucas/Grant  Todey/CJ Middlebrooks,"Farmville, VA",Joan Perry Brock Center,3000,1147,NA,NA,NA,NA,NA,NA,NA,NA,Longwood,Delaware St,FALSE
401597906,2023-11-24,Longwood,Delaware St,218,2,9:38,578,1178,Martaz Robinson missed Three Point Jumper.,away,51,50,1,17,FALSE,FALSE,0.8313174900100633,0.5560040257409676,6,-3,13.5,140.5,J.W. Lucas/Grant  Todey/CJ Middlebrooks,"Farmville, VA",Joan Perry Brock Center,3000,1147,NA,NA,Delaware St,missed,Martaz Robinson,NA,TRUE,FALSE,Delaware St,Longwood,FALSE
401597906,2023-11-24,Longwood,Delaware St,219,2,9:38,578,1178,Longwood Defensive Rebound.,home,51,50,1,0,FALSE,FALSE,0.8313174900100633,0.5560040257409676,6,-3,13.5,140.5,J.W. Lucas/Grant  Todey/CJ Middlebrooks,"Farmville, VA",Joan Perry Brock Center,3000,1147,NA,NA,NA,NA,NA,NA,NA,NA,Delaware St,Longwood,FALSE
401597906,2023-11-24,Longwood,Delaware St,220,2,9:26,566,1166,Johnathan Massie missed Jumper.,home,51,50,1,12,FALSE,FALSE,0.8304563105496732,0.5566792588595346,6,-3,13.5,140.5,J.W. Lucas/Grant  Todey/CJ Middlebrooks,"Farmville, VA",Joan Perry Brock Center,3000,1147,NA,NA,Longwood,missed,Johnathan Massie,NA,FALSE,FALSE,Longwood,Delaware St,FALSE
401597906,2023-11-24,Longwood,Delaware St,221,2,9:22,562,1162,Martaz Robinson Defensive Rebound.,away,51,50,1,4,FALSE,FALSE,0.8301634904576396,0.5569209947283622,6,-3,13.5,140.5,J.W. Lucas/Grant  Todey/CJ Middlebrooks,"Farmville, VA",Joan Perry Brock Center,3000,1147,NA,NA,NA,NA,NA,NA,NA,NA,Longwood,Delaware St,FALSE
401597906,2023-11-24,Longwood,Delaware St,222,2,9:12,552,1152,Deywilk Tavarez Turnover.,away,51,50,1,10,FALSE,FALSE,0.8294179685847443,0.5575650449369615,6,-3,13.5,140.5,J.W. Lucas/Grant  Todey/CJ Middlebrooks,"Farmville, VA",Joan Perry Brock Center,3000,1147,NA,NA,NA,NA,NA,NA,NA,NA,Delaware St,Longwood,FALSE
401597906,2023-11-24,Longwood,Delaware St,223,2,9:12,552,1152,Walyn Napper Steal.,home,51,50,1,0,FALSE,FALSE,0.8294179685847443,0.5575650449369615,6,-3,13.5,140.5,J.W. Lucas/Grant  Todey/CJ Middlebrooks,"Farmville, VA",Joan Perry Brock Center,3000,1147,NA,NA,NA,NA,NA,NA,NA,NA,Delaware St,Longwood,FALSE
401597906,2023-11-24,Longwood,Delaware St,224,2,8:58,538,1138,Walyn Napper made Jumper.,home,53,50,3,14,TRUE,FALSE,0.8853266559758666,0.6692576452445524,6,-3,13.5,140.5,J.W. Lucas/Grant  Todey/CJ Middlebrooks,"Farmville, VA",Joan Perry Brock Center,3000,1147,NA,NA,Longwood,made,Walyn Napper,NA,FALSE,FALSE,Longwood,Delaware St,FALSE
401597906,2023-11-24,Longwood,Delaware St,225,2,8:37,517,1117,Martaz Robinson made Jumper. Assisted by Alston Andrews.,away,53,52,1,21,TRUE,FALSE,0.826724298580034,0.5596067462628168,6,-3,13.5,140.5,J.W. Lucas/Grant  Todey/CJ Middlebrooks,"Farmville, VA",Joan Perry Brock Center,3000,1147,NA,NA,Delaware St,made,Martaz Robinson,Alston Andrews,FALSE,FALSE,Delaware St,Longwood,FALSE
401597906,2023-11-24,Longwood,Delaware St,226,2,8:37,517,1117,NA,away,53,52,1,0,TRUE,FALSE,0.826724298580034,0.5596067462628168,6,-3,13.5,140.5,J.W. Lucas/Grant  Todey/CJ Middlebrooks,"Farmville, VA",Joan Perry Brock Center,3000,1147,NA,NA,NA,NA,NA,NA,NA,NA,Delaware St,Longwood,FALSE
401597906,2023-11-24,Longwood,Delaware St,227,2,8:32,512,1112,Foul on Martaz Robinson.,away,53,52,1,5,FALSE,TRUE,0.8263319828446899,0.5598563087008338,6,-3,13.5,140.5,J.W. Lucas/Grant  Todey/CJ Middlebrooks,"Farmville, VA",Joan Perry Brock Center,3000,1147,NA,NA,NA,NA,NA,NA,NA,NA,Longwood,Longwood,FALSE
401597906,2023-11-24,Longwood,Delaware St,228,2,8:24,504,1104,DA Houston made Three Point Jumper. Assisted by Johnathan Massie.,home,56,52,4,8,TRUE,FALSE,0.9073733055603602,0.7248602679433525,6,-3,13.5,140.5,J.W. Lucas/Grant  Todey/CJ Middlebrooks,"Farmville, VA",Joan Perry Brock Center,3000,1147,NA,NA,Longwood,made,DA Houston,Johnathan Massie,TRUE,FALSE,Longwood,Delaware St,FALSE
401597906,2023-11-24,Longwood,Delaware St,229,2,8:03,483,1083,Foul on Walyn Napper.,home,56,52,4,21,FALSE,TRUE,0.9074792373675266,0.7282912166125188,6,-3,13.5,140.5,J.W. Lucas/Grant  Todey/CJ Middlebrooks,"Farmville, VA",Joan Perry Brock Center,3000,1147,NA,NA,NA,NA,NA,NA,NA,NA,Delaware St,Delaware St,FALSE
401597906,2023-11-24,Longwood,Delaware St,230,2,7:45,465,1065,Foul on Szymon Zapala.,home,56,52,4,18,FALSE,TRUE,0.9076990922742605,0.7316647822318819,6,-3,13.5,140.5,J.W. Lucas/Grant  Todey/CJ Middlebrooks,"Farmville, VA",Joan Perry Brock Center,3000,1147,NA,NA,NA,NA,NA,NA,NA,NA,Delaware St,Delaware St,FALSE
401597906,2023-11-24,Longwood,Delaware St,231,2,7:45,465,1065, Official TV Timeout,NA,56,52,4,0,FALSE,FALSE,0.9076990922742605,0.7316647822318819,6,-4,13.5,140.5,J.W. Lucas/Grant  Todey/CJ Middlebrooks,"Farmville, VA",Joan Perry Brock Center,3000,1147,NA,NA,NA,NA,NA,NA,NA,NA,Delaware St,Delaware St,FALSE
401597906,2023-11-24,Longwood,Delaware St,232,2,7:45,465,1065,Jevin Muniz made Free Throw.,away,56,53,3,0,TRUE,FALSE,0.8844321082758393,0.679682718021183,6,-4,13.5,140.5,J.W. Lucas/Grant  Todey/CJ Middlebrooks,"Farmville, VA",Joan Perry Brock Center,3000,1147,NA,NA,Delaware St,made,Jevin Muniz,NA,FALSE,TRUE,Delaware St,Delaware St,FALSE
401597906,2023-11-24,Longwood,Delaware St,233,2,7:45,465,1065,Jevin Muniz missed Free Throw.,away,56,53,3,0,FALSE,FALSE,0.8844321082758393,0.679682718021183,6,-4,13.5,140.5,J.W. Lucas/Grant  Todey/CJ Middlebrooks,"Farmville, VA",Joan Perry Brock Center,3000,1147,NA,NA,Delaware St,missed,Jevin Muniz,NA,FALSE,TRUE,Delaware St,Longwood,FALSE
401597906,2023-11-24,Longwood,Delaware St,234,2,7:44,464,1064,Elijah Tucker Defensive Rebound.,home,56,53,3,1,FALSE,FALSE,0.8844273190727273,0.6798546492026445,6,-4,13.5,140.5,J.W. Lucas/Grant  Todey/CJ Middlebrooks,"Farmville, VA",Joan Perry Brock Center,3000,1147,NA,NA,NA,NA,NA,NA,NA,NA,Delaware St,Longwood,FALSE
401597906,2023-11-24,Longwood,Delaware St,235,2,7:28,448,1048,Foul on Deywilk Tavarez.,away,56,53,3,16,FALSE,TRUE,0.8844414277325654,0.6829173872679345,6,-4,13.5,140.5,J.W. Lucas/Grant  Todey/CJ Middlebrooks,"Farmville, VA",Joan Perry Brock Center,3000,1147,NA,NA,NA,NA,NA,NA,NA,NA,Longwood,Longwood,FALSE
401597906,2023-11-24,Longwood,Delaware St,236,2,7:28,448,1048,Johnathan Massie missed Three Point Jumper.,home,56,53,3,0,FALSE,FALSE,0.8844414277325654,0.6829173872679345,6,-4,13.5,140.5,J.W. Lucas/Grant  Todey/CJ Middlebrooks,"Farmville, VA",Joan Perry Brock Center,3000,1147,NA,NA,Longwood,missed,Johnathan Massie,NA,TRUE,FALSE,Longwood,Longwood,FALSE
401597906,2023-11-24,Longwood,Delaware St,237,2,7:24,444,1044,Johnathan Massie Offensive Rebound.,home,56,53,3,4,FALSE,FALSE,0.8844759681317667,0.6837883591046618,6,-4,13.5,140.5,J.W. Lucas/Grant  Todey/CJ Middlebrooks,"Farmville, VA",Joan Perry Brock Center,3000,1147,NA,NA,NA,NA,NA,NA,NA,NA,Longwood,Longwood,FALSE
401597906,2023-11-24,Longwood,Delaware St,238,2,7:23,443,1043,Johnathan Massie missed Jumper.,home,56,53,3,1,FALSE,FALSE,0.8844868105300957,0.6840135202428258,6,-4,13.5,140.5,J.W. Lucas/Grant  Todey/CJ Middlebrooks,"Farmville, VA",Joan Perry Brock Center,3000,1147,NA,NA,Longwood,missed,Johnathan Massie,NA,FALSE,FALSE,Longwood,Longwood,FALSE
401597906,2023-11-24,Longwood,Delaware St,239,2,7:23,443,1043,Johnathan Massie Offensive Rebound.,home,56,53,3,0,FALSE,FALSE,0.8844868105300957,0.6840135202428258,6,-4,13.5,140.5,J.W. Lucas/Grant  Todey/CJ Middlebrooks,"Farmville, VA",Joan Perry Brock Center,3000,1147,NA,NA,NA,NA,NA,NA,NA,NA,Longwood,Longwood,FALSE
401597906,2023-11-24,Longwood,Delaware St,240,2,7:17,437,1037,Johnathan Massie missed Layup.,home,56,53,3,6,FALSE,FALSE,0.8845715793369997,0.685430421811842,6,-4,13.5,140.5,J.W. Lucas/Grant  Todey/CJ Middlebrooks,"Farmville, VA",Joan Perry Brock Center,3000,1147,NA,NA,Longwood,missed,Johnathan Massie,NA,FALSE,FALSE,Longwood,Delaware St,FALSE
401597906,2023-11-24,Longwood,Delaware St,241,2,7:17,437,1037,Jevin Muniz Defensive Rebound.,away,56,53,3,0,FALSE,FALSE,0.8845715793369997,0.685430421811842,6,-4,13.5,140.5,J.W. Lucas/Grant  Todey/CJ Middlebrooks,"Farmville, VA",Joan Perry Brock Center,3000,1147,NA,NA,NA,NA,NA,NA,NA,NA,Longwood,Delaware St,FALSE
401597906,2023-11-24,Longwood,Delaware St,242,2,6:37,397,997,Wesley Oba Turnover.,away,56,53,3,40,FALSE,FALSE,0.8849430156801081,0.6953098215112863,6,-4,13.5,140.5,J.W. Lucas/Grant  Todey/CJ Middlebrooks,"Farmville, VA",Joan Perry Brock Center,3000,1147,NA,NA,NA,NA,NA,NA,NA,NA,Delaware St,Longwood,FALSE
401597906,2023-11-24,Longwood,Delaware St,243,2,6:37,397,997,Jesper Granlund Steal.,home,56,53,3,0,FALSE,FALSE,0.8849430156801081,0.6953098215112863,6,-4,13.5,140.5,J.W. Lucas/Grant  Todey/CJ Middlebrooks,"Farmville, VA",Joan Perry Brock Center,3000,1147,NA,NA,NA,NA,NA,NA,NA,NA,Delaware St,Longwood,FALSE
401597906,2023-11-24,Longwood,Delaware St,244,2,6:12,372,972,Foul on Wesley Oba.,away,56,53,3,25,FALSE,TRUE,0.8847800976798285,0.7012080831793901,6,-4,13.5,140.5,J.W. Lucas/Grant  Todey/CJ Middlebrooks,"Farmville, VA",Joan Perry Brock Center,3000,1147,NA,NA,NA,NA,NA,NA,NA,NA,Longwood,Longwood,FALSE
401597906,2023-11-24,Longwood,Delaware St,245,2,6:12,372,972,Elijah Tucker missed Free Throw.,home,56,53,3,0,FALSE,FALSE,0.8847800976798285,0.7012080831793901,6,-4,13.5,140.5,J.W. Lucas/Grant  Todey/CJ Middlebrooks,"Farmville, VA",Joan Perry Brock Center,3000,1147,NA,NA,Longwood,missed,Elijah Tucker,NA,FALSE,TRUE,Longwood,Longwood,FALSE
401597906,2023-11-24,Longwood,Delaware St,246,2,6:12,372,972,Longwood Offensive Rebound.,home,56,53,3,0,FALSE,FALSE,0.8847800976798285,0.7012080831793901,6,-4,13.5,140.5,J.W. Lucas/Grant  Todey/CJ Middlebrooks,"Farmville, VA",Joan Perry Brock Center,3000,1147,NA,NA,NA,NA,NA,NA,NA,NA,Longwood,Longwood,FALSE
401597906,2023-11-24,Longwood,Delaware St,247,2,6:12,372,972,Elijah Tucker made Free Throw.,home,57,53,4,0,TRUE,FALSE,0.9107517924512204,0.7572037406170689,6,-4,13.5,140.5,J.W. Lucas/Grant  Todey/CJ Middlebrooks,"Farmville, VA",Joan Perry Brock Center,3000,1147,NA,NA,Longwood,made,Elijah Tucker,NA,FALSE,TRUE,Longwood,Delaware St,FALSE
401597906,2023-11-24,Longwood,Delaware St,248,2,5:52,352,952,Alston Andrews made Layup. Assisted by Martaz Robinson.,away,57,55,2,20,TRUE,FALSE,0.8514348068748143,0.6423822373125025,6,-4,13.5,140.5,J.W. Lucas/Grant  Todey/CJ Middlebrooks,"Farmville, VA",Joan Perry Brock Center,3000,1147,NA,NA,Delaware St,made,Alston Andrews,Martaz Robinson,FALSE,FALSE,Delaware St,Longwood,FALSE
401597906,2023-11-24,Longwood,Delaware St,249,2,5:35,335,935,Michael Christmas missed Layup.,home,57,55,2,17,FALSE,FALSE,0.8507598369557575,0.646330207107155,6,-4,13.5,140.5,J.W. Lucas/Grant  Todey/CJ Middlebrooks,"Farmville, VA",Joan Perry Brock Center,3000,1147,NA,NA,Longwood,missed,Michael Christmas,NA,FALSE,FALSE,Longwood,Delaware St,FALSE
401597906,2023-11-24,Longwood,Delaware St,250,2,5:32,332,932,Raymond Somerville Defensive Rebound.,away,57,55,2,3,FALSE,FALSE,0.8506712735044331,0.6471035337161468,6,-4,13.5,140.5,J.W. Lucas/Grant  Todey/CJ Middlebrooks,"Farmville, VA",Joan Perry Brock Center,3000,1147,NA,NA,NA,NA,NA,NA,NA,NA,Longwood,Delaware St,FALSE
401597906,2023-11-24,Longwood,Delaware St,251,2,5:06,306,906,Martaz Robinson missed Jumper.,away,57,55,2,26,FALSE,FALSE,0.8503420452288242,0.6548293701067867,6,-4,13.5,140.5,J.W. Lucas/Grant  Todey/CJ Middlebrooks,"Farmville, VA",Joan Perry Brock Center,3000,1147,NA,NA,Delaware St,missed,Martaz Robinson,NA,FALSE,FALSE,Delaware St,Longwood,FALSE
401597906,2023-11-24,Longwood,Delaware St,252,2,5:03,303,903,Michael Christmas Defensive Rebound.,home,57,55,2,3,FALSE,FALSE,0.8501899119365242,0.6555263660792454,6,-4,13.5,140.5,J.W. Lucas/Grant  Todey/CJ Middlebrooks,"Farmville, VA",Joan Perry Brock Center,3000,1147,NA,NA,NA,NA,NA,NA,NA,NA,Delaware St,Longwood,FALSE
401597906,2023-11-24,Longwood,Delaware St,253,2,4:54,294,894,Michael Christmas missed Layup.,home,57,55,2,9,FALSE,FALSE,0.8492514818061387,0.6567460244255957,6,-4,13.5,140.5,J.W. Lucas/Grant  Todey/CJ Middlebrooks,"Farmville, VA",Joan Perry Brock Center,3000,1147,NA,NA,Longwood,missed,Michael Christmas,NA,FALSE,FALSE,Longwood,Delaware St,FALSE
401597906,2023-11-24,Longwood,Delaware St,254,2,4:54,294,894,Alston Andrews Block.,away,57,55,2,0,FALSE,FALSE,0.8492514818061387,0.6567460244255957,6,-4,13.5,140.5,J.W. Lucas/Grant  Todey/CJ Middlebrooks,"Farmville, VA",Joan Perry Brock Center,3000,1147,NA,NA,NA,NA,NA,NA,NA,NA,Longwood,Delaware St,FALSE
401597906,2023-11-24,Longwood,Delaware St,255,2,4:47,287,887,Martaz Robinson Defensive Rebound.,away,57,55,2,7,FALSE,FALSE,0.8480947942431821,0.6569406598514748,6,-4,13.5,140.5,J.W. Lucas/Grant  Todey/CJ Middlebrooks,"Farmville, VA",Joan Perry Brock Center,3000,1147,NA,NA,NA,NA,NA,NA,NA,NA,Longwood,Delaware St,FALSE
401597906,2023-11-24,Longwood,Delaware St,256,2,4:45,285,885,Alston Andrews missed Jumper.,away,57,55,2,2,FALSE,FALSE,0.8477067544448003,0.6568975978012274,6,-4,13.5,140.5,J.W. Lucas/Grant  Todey/CJ Middlebrooks,"Farmville, VA",Joan Perry Brock Center,3000,1147,NA,NA,Delaware St,missed,Alston Andrews,NA,FALSE,FALSE,Delaware St,Longwood,FALSE
401597906,2023-11-24,Longwood,Delaware St,257,2,4:42,282,882,Michael Christmas Defensive Rebound.,home,57,55,2,3,FALSE,FALSE,0.8470828732471656,0.6567631818089261,6,-4,13.5,140.5,J.W. Lucas/Grant  Todey/CJ Middlebrooks,"Farmville, VA",Joan Perry Brock Center,3000,1147,NA,NA,NA,NA,NA,NA,NA,NA,Delaware St,Longwood,FALSE
401597906,2023-11-24,Longwood,Delaware St,258,2,4:26,266,866,Elijah Tucker missed Jumper.,home,57,55,2,16,FALSE,FALSE,0.8431301684501326,0.6550696326240971,6,-4,13.5,140.5,J.W. Lucas/Grant  Todey/CJ Middlebrooks,"Farmville, VA",Joan Perry Brock Center,3000,1147,NA,NA,Longwood,missed,Elijah Tucker,NA,FALSE,FALSE,Longwood,Delaware St,FALSE
401597906,2023-11-24,Longwood,Delaware St,259,2,4:22,262,862,Deywilk Tavarez Defensive Rebound.,away,57,55,2,4,FALSE,FALSE,0.8420432334888107,0.6545157026265248,6,-4,13.5,140.5,J.W. Lucas/Grant  Todey/CJ Middlebrooks,"Farmville, VA",Joan Perry Brock Center,3000,1147,NA,NA,NA,NA,NA,NA,NA,NA,Longwood,Delaware St,FALSE
401597906,2023-11-24,Longwood,Delaware St,260,2,4:04,244,844,Jevin Muniz made Three Point Jumper. Assisted by Deywilk Tavarez.,away,57,58,-1,18,TRUE,FALSE,0.6666889743839268,0.4219335816934646,6,-4,13.5,140.5,J.W. Lucas/Grant  Todey/CJ Middlebrooks,"Farmville, VA",Joan Perry Brock Center,3000,1147,NA,NA,Delaware St,made,Jevin Muniz,Deywilk Tavarez,TRUE,FALSE,Delaware St,Longwood,FALSE
401597906,2023-11-24,Longwood,Delaware St,261,2,3:42,222,822,Walyn Napper made Three Point Jumper. Assisted by DA Houston.,home,60,58,2,22,TRUE,FALSE,0.8331011387984006,0.6534229023846743,6,-4,13.5,140.5,J.W. Lucas/Grant  Todey/CJ Middlebrooks,"Farmville, VA",Joan Perry Brock Center,3000,1147,NA,NA,Longwood,made,Walyn Napper,DA Houston,TRUE,FALSE,Longwood,Delaware St,FALSE
401597906,2023-11-24,Longwood,Delaware St,262,2,3:18,198,798,Foul on DA Houston.,home,60,58,2,24,FALSE,TRUE,0.8337644431499033,0.6638190777825296,6,-4,13.5,140.5,J.W. Lucas/Grant  Todey/CJ Middlebrooks,"Farmville, VA",Joan Perry Brock Center,3000,1147,NA,NA,NA,NA,NA,NA,NA,NA,Delaware St,Delaware St,FALSE
401597906,2023-11-24,Longwood,Delaware St,263,2,3:18,198,798, Official TV Timeout,NA,60,58,2,0,FALSE,FALSE,0.8337644431499033,0.6638190777825296,6,-5,13.5,140.5,J.W. Lucas/Grant  Todey/CJ Middlebrooks,"Farmville, VA",Joan Perry Brock Center,3000,1147,NA,NA,NA,NA,NA,NA,NA,NA,Delaware St,Delaware St,FALSE
401597906,2023-11-24,Longwood,Delaware St,264,2,3:00,180,780,Jevin Muniz missed Layup.,away,60,58,2,18,FALSE,FALSE,0.8388145913011626,0.6795076201741087,6,-5,13.5,140.5,J.W. Lucas/Grant  Todey/CJ Middlebrooks,"Farmville, VA",Joan Perry Brock Center,3000,1147,NA,NA,Delaware St,missed,Jevin Muniz,NA,FALSE,FALSE,Delaware St,Longwood,FALSE
401597906,2023-11-24,Longwood,Delaware St,265,2,2:59,179,779,Jesper Granlund Defensive Rebound.,home,60,58,2,1,FALSE,FALSE,0.8391239473972687,0.6804297716330483,6,-5,13.5,140.5,J.W. Lucas/Grant  Todey/CJ Middlebrooks,"Farmville, VA",Joan Perry Brock Center,3000,1147,NA,NA,NA,NA,NA,NA,NA,NA,Delaware St,Longwood,FALSE
401597906,2023-11-24,Longwood,Delaware St,266,2,2:59,179,779,Foul on Jevin Muniz.,away,60,58,2,0,FALSE,TRUE,0.8391239473972687,0.6804297716330483,6,-5,13.5,140.5,J.W. Lucas/Grant  Todey/CJ Middlebrooks,"Farmville, VA",Joan Perry Brock Center,3000,1147,NA,NA,NA,NA,NA,NA,NA,NA,Delaware St,Longwood,FALSE
401597906,2023-11-24,Longwood,Delaware St,267,2,2:59,179,779,Jesper Granlund missed Free Throw.,home,60,58,2,0,FALSE,FALSE,0.8391239473972687,0.6804297716330483,6,-5,13.5,140.5,J.W. Lucas/Grant  Todey/CJ Middlebrooks,"Farmville, VA",Joan Perry Brock Center,3000,1147,NA,NA,Longwood,missed,Jesper Granlund,NA,FALSE,TRUE,Longwood,Delaware St,FALSE
401597906,2023-11-24,Longwood,Delaware St,268,2,2:58,178,778,Alston Andrews Defensive Rebound.,away,60,58,2,1,FALSE,FALSE,0.8394340284909304,0.6813532424303403,6,-5,13.5,140.5,J.W. Lucas/Grant  Todey/CJ Middlebrooks,"Farmville, VA",Joan Perry Brock Center,3000,1147,NA,NA,NA,NA,NA,NA,NA,NA,Longwood,Delaware St,FALSE
401597906,2023-11-24,Longwood,Delaware St,269,2,2:30,150,750,Martaz Robinson missed Jumper.,away,60,58,2,28,FALSE,FALSE,0.8488892779822935,0.7085129581674886,6,-5,13.5,140.5,J.W. Lucas/Grant  Todey/CJ Middlebrooks,"Farmville, VA",Joan Perry Brock Center,3000,1147,NA,NA,Delaware St,missed,Martaz Robinson,NA,FALSE,FALSE,Delaware St,Longwood,FALSE
401597906,2023-11-24,Longwood,Delaware St,270,2,2:28,148,748,Johan Nziemi Defensive Rebound.,home,60,58,2,2,FALSE,FALSE,0.8496559190100911,0.7106033908522066,6,-5,13.5,140.5,J.W. Lucas/Grant  Todey/CJ Middlebrooks,"Farmville, VA",Joan Perry Brock Center,3000,1147,NA,NA,NA,NA,NA,NA,NA,NA,Delaware St,Longwood,FALSE
401597906,2023-11-24,Longwood,Delaware St,271,2,2:12,132,732,Jesper Granlund missed Three Point Jumper.,home,60,58,2,16,FALSE,FALSE,0.8564404064614297,0.7283803306563982,6,-5,13.5,140.5,J.W. Lucas/Grant  Todey/CJ Middlebrooks,"Farmville, VA",Joan Perry Brock Center,3000,1147,NA,NA,Longwood,missed,Jesper Granlund,NA,TRUE,FALSE,Longwood,Delaware St,FALSE
401597906,2023-11-24,Longwood,Delaware St,272,2,2:11,131,731,Delaware State Defensive Rebound.,away,60,58,2,1,FALSE,FALSE,0.8569072042561723,0.7295600411272168,6,-5,13.5,140.5,J.W. Lucas/Grant  Todey/CJ Middlebrooks,"Farmville, VA",Joan Perry Brock Center,3000,1147,NA,NA,NA,NA,NA,NA,NA,NA,Longwood,Delaware St,FALSE
401597906,2023-11-24,Longwood,Delaware St,273,2,1:59,119,719,Deywilk Tavarez Turnover.,away,60,58,2,12,FALSE,FALSE,0.8629515053868625,0.7444184944788205,6,-5,13.5,140.5,J.W. Lucas/Grant  Todey/CJ Middlebrooks,"Farmville, VA",Joan Perry Brock Center,3000,1147,NA,NA,NA,NA,NA,NA,NA,NA,Delaware St,Longwood,FALSE
401597906,2023-11-24,Longwood,Delaware St,274,2,1:46,106,706,Walyn Napper missed Jumper.,home,60,58,2,13,FALSE,FALSE,0.8704854122253354,0.7620564446934249,6,-5,13.5,140.5,J.W. Lucas/Grant  Todey/CJ Middlebrooks,"Farmville, VA",Joan Perry Brock Center,3000,1147,NA,NA,Longwood,missed,Walyn Napper,NA,FALSE,FALSE,Longwood,Delaware St,FALSE
401597906,2023-11-24,Longwood,Delaware St,275,2,1:43,103,703,Deywilk Tavarez Defensive Rebound.,away,60,58,2,3,FALSE,FALSE,0.8723758814005019,0.7663598677580038,6,-5,13.5,140.5,J.W. Lucas/Grant  Todey/CJ Middlebrooks,"Farmville, VA",Joan Perry Brock Center,3000,1147,NA,NA,NA,NA,NA,NA,NA,NA,Longwood,Delaware St,FALSE
401597906,2023-11-24,Longwood,Delaware St,276,2,1:23,83,683,Martaz Robinson Turnover.,away,60,58,2,20,FALSE,FALSE,0.885905004910833,0.7963123821824352,6,-5,13.5,140.5,J.W. Lucas/Grant  Todey/CJ Middlebrooks,"Farmville, VA",Joan Perry Brock Center,3000,1147,NA,NA,NA,NA,NA,NA,NA,NA,Longwood,Delaware St,FALSE
401597906,2023-11-24,Longwood,Delaware St,277,2,1:23,83,683,Longwood  Turnover.,home,60,58,2,0,FALSE,FALSE,0.885905004910833,0.7963123821824352,6,-5,13.5,140.5,J.W. Lucas/Grant  Todey/CJ Middlebrooks,"Farmville, VA",Joan Perry Brock Center,3000,1147,NA,NA,NA,NA,NA,NA,NA,NA,Longwood,Delaware St,FALSE
401597906,2023-11-24,Longwood,Delaware St,278,2,1:05,65,665,Jesper Granlund Turnover.,home,60,58,2,18,FALSE,FALSE,0.8986011138853445,0.8235764790268919,6,-5,13.5,140.5,J.W. Lucas/Grant  Todey/CJ Middlebrooks,"Farmville, VA",Joan Perry Brock Center,3000,1147,NA,NA,NA,NA,NA,NA,NA,NA,Longwood,Delaware St,FALSE
401597906,2023-11-24,Longwood,Delaware St,279,2,1:05,65,665,Deywilk Tavarez Steal.,away,60,58,2,0,FALSE,FALSE,0.8986011138853445,0.8235764790268919,6,-5,13.5,140.5,J.W. Lucas/Grant  Todey/CJ Middlebrooks,"Farmville, VA",Joan Perry Brock Center,3000,1147,NA,NA,NA,NA,NA,NA,NA,NA,Longwood,Delaware St,FALSE
401597906,2023-11-24,Longwood,Delaware St,280,2,0:38,38,638,Alston Andrews missed Jumper.,away,60,58,2,27,FALSE,FALSE,0.9178511809538675,0.8633981475946769,6,-5,13.5,140.5,J.W. Lucas/Grant  Todey/CJ Middlebrooks,"Farmville, VA",Joan Perry Brock Center,3000,1147,NA,NA,Delaware St,missed,Alston Andrews,NA,FALSE,FALSE,Delaware St,Longwood,FALSE
401597906,2023-11-24,Longwood,Delaware St,281,2,0:36,36,636,DA Houston Defensive Rebound.,home,60,58,2,2,FALSE,FALSE,0.9192663130574444,0.8662483812303216,6,-5,13.5,140.5,J.W. Lucas/Grant  Todey/CJ Middlebrooks,"Farmville, VA",Joan Perry Brock Center,3000,1147,NA,NA,NA,NA,NA,NA,NA,NA,Delaware St,Longwood,FALSE
401597906,2023-11-24,Longwood,Delaware St,282,2,0:07,7,607,Jesper Granlund missed Jumper.,home,60,58,2,29,FALSE,FALSE,0.9389367331367611,0.904699890016796,6,-5,13.5,140.5,J.W. Lucas/Grant  Todey/CJ Middlebrooks,"Farmville, VA",Joan Perry Brock Center,3000,1147,NA,NA,Longwood,missed,Jesper Granlund,NA,FALSE,FALSE,Longwood,Delaware St,FALSE
401597906,2023-11-24,Longwood,Delaware St,283,2,0:07,7,607,Delaware State Defensive Rebound.,away,60,58,2,0,FALSE,FALSE,0.9389367331367611,0.904699890016796,6,-5,13.5,140.5,J.W. Lucas/Grant  Todey/CJ Middlebrooks,"Farmville, VA",Joan Perry Brock Center,3000,1147,NA,NA,NA,NA,NA,NA,NA,NA,Longwood,Delaware St,FALSE
401597906,2023-11-24,Longwood,Delaware St,284,2,0:01,1,601,Martaz Robinson made Jumper.,away,60,60,0,6,TRUE,FALSE,0.6141065606319244,0.5,6,-5,13.5,140.5,J.W. Lucas/Grant  Todey/CJ Middlebrooks,"Farmville, VA",Joan Perry Brock Center,3000,1147,NA,NA,Delaware St,made,Martaz Robinson,NA,FALSE,FALSE,Delaware St,Longwood,FALSE
401597906,2023-11-24,Longwood,Delaware St,285,2,0:01,1,601,Longwood  Timeout,home,60,60,0,0,FALSE,FALSE,0.6141065606319244,0.5,6,-6,13.5,140.5,J.W. Lucas/Grant  Todey/CJ Middlebrooks,"Farmville, VA",Joan Perry Brock Center,3000,1147,NA,NA,NA,NA,NA,NA,NA,NA,Delaware St,Longwood,FALSE
401597906,2023-11-24,Longwood,Delaware St,286,2,0:01,1,601,Longwood  Timeout,home,60,60,0,0,FALSE,FALSE,0.6141065606319244,0.5,6,-6,13.5,140.5,J.W. Lucas/Grant  Todey/CJ Middlebrooks,"Farmville, VA",Joan Perry Brock Center,3000,1147,NA,NA,NA,NA,NA,NA,NA,NA,Delaware St,Longwood,FALSE
401597906,2023-11-24,Longwood,Delaware St,287,2,0:00,600,600,Johnathan Massie missed Three Point Jumper.,home,60,60,0,1,FALSE,FALSE,0.7998292710455736,0.5,6,-6,13.5,140.5,J.W. Lucas/Grant  Todey/CJ Middlebrooks,"Farmville, VA",Joan Perry Brock Center,3000,1147,NA,NA,Longwood,missed,Johnathan Massie,NA,TRUE,FALSE,Longwood,Longwood,FALSE
401597906,2023-11-24,Longwood,Delaware St,288,2,0:00,600,600,Longwood Offensive Rebound.,home,60,60,0,0,FALSE,FALSE,0.7998292710455736,0.5,6,-6,13.5,140.5,J.W. Lucas/Grant  Todey/CJ Middlebrooks,"Farmville, VA",Joan Perry Brock Center,3000,1147,NA,NA,NA,NA,NA,NA,NA,NA,Longwood,Longwood,FALSE
401597906,2023-11-24,Longwood,Delaware St,289,2,0:00,600,600,End of 2nd half,NA,60,60,0,0,FALSE,FALSE,0.7998292710455736,0.5,6,-6,13.5,140.5,J.W. Lucas/Grant  Todey/CJ Middlebrooks,"Farmville, VA",Joan Perry Brock Center,3000,1147,NA,NA,NA,NA,NA,NA,NA,NA,Longwood,NA,FALSE
401597906,2023-11-24,Longwood,Delaware St,290,3,4:43,283,583,Jevin Muniz made Three Point Jumper. Assisted by Martaz Robinson.,away,60,63,-3,17,TRUE,FALSE,0.5226591008574468,0.2741414935120312,7,-5,13.5,140.5,J.W. Lucas/Grant  Todey/CJ Middlebrooks,"Farmville, VA",Joan Perry Brock Center,3000,1147,NA,NA,Delaware St,made,Jevin Muniz,Martaz Robinson,TRUE,FALSE,Delaware St,Longwood,FALSE
401597906,2023-11-24,Longwood,Delaware St,291,3,4:20,260,560,Michael Christmas missed Three Point Jumper.,home,60,63,-3,23,FALSE,FALSE,0.5187655437499867,0.27756415284092467,7,-5,13.5,140.5,J.W. Lucas/Grant  Todey/CJ Middlebrooks,"Farmville, VA",Joan Perry Brock Center,3000,1147,NA,NA,Longwood,missed,Michael Christmas,NA,TRUE,FALSE,Longwood,Delaware St,FALSE
401597906,2023-11-24,Longwood,Delaware St,292,3,4:17,257,557,Wesley Oba Defensive Rebound.,away,60,63,-3,3,FALSE,FALSE,0.5183571203535833,0.27810934230390005,7,-5,13.5,140.5,J.W. Lucas/Grant  Todey/CJ Middlebrooks,"Farmville, VA",Joan Perry Brock Center,3000,1147,NA,NA,NA,NA,NA,NA,NA,NA,Longwood,Delaware St,FALSE
401597906,2023-11-24,Longwood,Delaware St,293,3,3:53,233,533,Wesley Oba made Layup. Assisted by Alston Andrews.,away,60,65,-5,24,TRUE,FALSE,0.3588337413638134,0.1719816204721696,7,-5,13.5,140.5,J.W. Lucas/Grant  Todey/CJ Middlebrooks,"Farmville, VA",Joan Perry Brock Center,3000,1147,NA,NA,Delaware St,made,Wesley Oba,Alston Andrews,FALSE,FALSE,Delaware St,Longwood,FALSE
401597906,2023-11-24,Longwood,Delaware St,294,3,3:34,214,514,Michael Christmas missed Jumper.,home,60,65,-5,19,FALSE,FALSE,0.34331707994994315,0.16674219752649272,7,-5,13.5,140.5,J.W. Lucas/Grant  Todey/CJ Middlebrooks,"Farmville, VA",Joan Perry Brock Center,3000,1147,NA,NA,Longwood,missed,Michael Christmas,NA,FALSE,FALSE,Longwood,Delaware St,FALSE
401597906,2023-11-24,Longwood,Delaware St,295,3,3:34,214,514,Alston Andrews Block.,away,60,65,-5,0,FALSE,FALSE,0.34331707994994315,0.16674219752649272,7,-5,13.5,140.5,J.W. Lucas/Grant  Todey/CJ Middlebrooks,"Farmville, VA",Joan Perry Brock Center,3000,1147,NA,NA,NA,NA,NA,NA,NA,NA,Longwood,Delaware St,FALSE
401597906,2023-11-24,Longwood,Delaware St,296,3,3:34,214,514,Delaware State Defensive Rebound.,away,60,65,-5,0,FALSE,FALSE,0.34331707994994315,0.16674219752649272,7,-5,13.5,140.5,J.W. Lucas/Grant  Todey/CJ Middlebrooks,"Farmville, VA",Joan Perry Brock Center,3000,1147,NA,NA,NA,NA,NA,NA,NA,NA,Longwood,Delaware St,FALSE
401597906,2023-11-24,Longwood,Delaware St,297,3,3:08,188,488,Jevin Muniz missed Jumper.,away,60,65,-5,26,FALSE,FALSE,0.29287285608480323,0.14247875292916778,7,-5,13.5,140.5,J.W. Lucas/Grant  Todey/CJ Middlebrooks,"Farmville, VA",Joan Perry Brock Center,3000,1147,NA,NA,Delaware St,missed,Jevin Muniz,NA,FALSE,FALSE,Delaware St,Delaware St,FALSE
401597906,2023-11-24,Longwood,Delaware St,298,3,3:08,188,488,DA Houston Block.,home,60,65,-5,0,FALSE,FALSE,0.29287285608480323,0.14247875292916778,7,-5,13.5,140.5,J.W. Lucas/Grant  Todey/CJ Middlebrooks,"Farmville, VA",Joan Perry Brock Center,3000,1147,NA,NA,NA,NA,NA,NA,NA,NA,Delaware St,Delaware St,FALSE
401597906,2023-11-24,Longwood,Delaware St,299,3,3:07,187,487,Delaware State Offensive Rebound.,away,60,65,-5,1,FALSE,FALSE,0.29032110066007866,0.14120882843086638,7,-5,13.5,140.5,J.W. Lucas/Grant  Todey/CJ Middlebrooks,"Farmville, VA",Joan Perry Brock Center,3000,1147,NA,NA,NA,NA,NA,NA,NA,NA,Delaware St,Delaware St,FALSE
401597906,2023-11-24,Longwood,Delaware St,300,3,3:05,185,485,Jevin Muniz Turnover.,away,60,65,-5,2,FALSE,FALSE,0.2852477436515489,0.13869297995117172,7,-5,13.5,140.5,J.W. Lucas/Grant  Todey/CJ Middlebrooks,"Farmville, VA",Joan Perry Brock Center,3000,1147,NA,NA,NA,NA,NA,NA,NA,NA,Delaware St,Longwood,FALSE
401597906,2023-11-24,Longwood,Delaware St,301,3,3:05,185,485,Elijah Tucker Steal.,home,60,65,-5,0,FALSE,FALSE,0.2852477436515489,0.13869297995117172,7,-5,13.5,140.5,J.W. Lucas/Grant  Todey/CJ Middlebrooks,"Farmville, VA",Joan Perry Brock Center,3000,1147,NA,NA,NA,NA,NA,NA,NA,NA,Delaware St,Longwood,FALSE
401597906,2023-11-24,Longwood,Delaware St,302,3,3:01,181,481,Foul on Deywilk Tavarez.,away,60,65,-5,4,FALSE,TRUE,0.27521127505179876,0.13374900489491465,7,-5,13.5,140.5,J.W. Lucas/Grant  Todey/CJ Middlebrooks,"Farmville, VA",Joan Perry Brock Center,3000,1147,NA,NA,NA,NA,NA,NA,NA,NA,Longwood,Longwood,FALSE
401597906,2023-11-24,Longwood,Delaware St,303,3,3:01,181,481,Walyn Napper made Free Throw.,home,61,65,-4,0,TRUE,FALSE,0.35555737387538033,0.18323711484248667,7,-5,13.5,140.5,J.W. Lucas/Grant  Todey/CJ Middlebrooks,"Farmville, VA",Joan Perry Brock Center,3000,1147,NA,NA,Longwood,made,Walyn Napper,NA,FALSE,TRUE,Longwood,Longwood,FALSE
401597906,2023-11-24,Longwood,Delaware St,304,3,3:01,181,481,Walyn Napper missed Free Throw.,home,61,65,-4,0,FALSE,FALSE,0.35555737387538033,0.18323711484248667,7,-5,13.5,140.5,J.W. Lucas/Grant  Todey/CJ Middlebrooks,"Farmville, VA",Joan Perry Brock Center,3000,1147,NA,NA,Longwood,missed,Walyn Napper,NA,FALSE,TRUE,Longwood,Delaware St,FALSE
401597906,2023-11-24,Longwood,Delaware St,305,3,3:00,180,480,Alston Andrews Defensive Rebound.,away,61,65,-4,1,FALSE,FALSE,0.3531788003547585,0.18197554899982618,7,-5,13.5,140.5,J.W. Lucas/Grant  Todey/CJ Middlebrooks,"Farmville, VA",Joan Perry Brock Center,3000,1147,NA,NA,NA,NA,NA,NA,NA,NA,Longwood,Delaware St,FALSE
401597906,2023-11-24,Longwood,Delaware St,306,3,2:42,162,462,Martaz Robinson missed Jumper.,away,61,65,-4,18,FALSE,FALSE,0.3102867260528655,0.15962048880537008,7,-5,13.5,140.5,J.W. Lucas/Grant  Todey/CJ Middlebrooks,"Farmville, VA",Joan Perry Brock Center,3000,1147,NA,NA,Delaware St,missed,Martaz Robinson,NA,FALSE,FALSE,Delaware St,Delaware St,FALSE
401597906,2023-11-24,Longwood,Delaware St,307,3,2:39,159,459,Wesley Oba Offensive Rebound.,away,61,65,-4,3,FALSE,FALSE,0.3030662154476022,0.1559149184789378,7,-5,13.5,140.5,J.W. Lucas/Grant  Todey/CJ Middlebrooks,"Farmville, VA",Joan Perry Brock Center,3000,1147,NA,NA,NA,NA,NA,NA,NA,NA,Delaware St,Delaware St,FALSE
401597906,2023-11-24,Longwood,Delaware St,308,3,2:30,150,450,Deywilk Tavarez made Three Point Jumper.,away,61,68,-7,9,TRUE,FALSE,0.09356510947806938,0.042753707929594736,7,-5,13.5,140.5,J.W. Lucas/Grant  Todey/CJ Middlebrooks,"Farmville, VA",Joan Perry Brock Center,3000,1147,NA,NA,Delaware St,made,Deywilk Tavarez,NA,TRUE,FALSE,Delaware St,Longwood,FALSE
401597906,2023-11-24,Longwood,Delaware St,309,3,2:23,143,443,Walyn Napper Turnover.,home,61,68,-7,7,FALSE,FALSE,0.08222583360195088,0.037847902936270654,7,-5,13.5,140.5,J.W. Lucas/Grant  Todey/CJ Middlebrooks,"Farmville, VA",Joan Perry Brock Center,3000,1147,NA,NA,NA,NA,NA,NA,NA,NA,Longwood,Delaware St,FALSE
401597906,2023-11-24,Longwood,Delaware St,310,3,2:23,143,443,Jevin Muniz Steal.,away,61,68,-7,0,FALSE,FALSE,0.08222583360195088,0.037847902936270654,7,-5,13.5,140.5,J.W. Lucas/Grant  Todey/CJ Middlebrooks,"Farmville, VA",Joan Perry Brock Center,3000,1147,NA,NA,NA,NA,NA,NA,NA,NA,Longwood,Delaware St,FALSE
401597906,2023-11-24,Longwood,Delaware St,311,3,2:16,136,436,Martaz Robinson missed Jumper.,away,61,68,-7,7,FALSE,FALSE,0.07157823148554267,0.03321641607110038,7,-5,13.5,140.5,J.W. Lucas/Grant  Todey/CJ Middlebrooks,"Farmville, VA",Joan Perry Brock Center,3000,1147,NA,NA,Delaware St,missed,Martaz Robinson,NA,FALSE,FALSE,Delaware St,Longwood,FALSE
401597906,2023-11-24,Longwood,Delaware St,312,3,2:13,133,433,Jesper Granlund Defensive Rebound.,home,61,68,-7,3,FALSE,FALSE,0.06723217116058916,0.03131682621093281,7,-5,13.5,140.5,J.W. Lucas/Grant  Todey/CJ Middlebrooks,"Farmville, VA",Joan Perry Brock Center,3000,1147,NA,NA,NA,NA,NA,NA,NA,NA,Delaware St,Longwood,FALSE
401597906,2023-11-24,Longwood,Delaware St,313,3,2:07,127,427,DA Houston Turnover.,home,61,68,-7,6,FALSE,FALSE,0.05894414864919364,0.027676011295514183,7,-5,13.5,140.5,J.W. Lucas/Grant  Todey/CJ Middlebrooks,"Farmville, VA",Joan Perry Brock Center,3000,1147,NA,NA,NA,NA,NA,NA,NA,NA,Longwood,Delaware St,FALSE
401597906,2023-11-24,Longwood,Delaware St,314,3,2:07,127,427,Martaz Robinson Steal.,away,61,68,-7,0,FALSE,FALSE,0.05894414864919364,0.027676011295514183,7,-5,13.5,140.5,J.W. Lucas/Grant  Todey/CJ Middlebrooks,"Farmville, VA",Joan Perry Brock Center,3000,1147,NA,NA,NA,NA,NA,NA,NA,NA,Longwood,Delaware St,FALSE
401597906,2023-11-24,Longwood,Delaware St,315,3,2:05,125,425,Deywilk Tavarez Turnover.,away,61,68,-7,2,FALSE,FALSE,0.056304236515829824,0.026510572114613676,7,-5,13.5,140.5,J.W. Lucas/Grant  Todey/CJ Middlebrooks,"Farmville, VA",Joan Perry Brock Center,3000,1147,NA,NA,NA,NA,NA,NA,NA,NA,Delaware St,Longwood,FALSE
401597906,2023-11-24,Longwood,Delaware St,316,3,2:05,125,425,DA Houston Steal.,home,61,68,-7,0,FALSE,FALSE,0.056304236515829824,0.026510572114613676,7,-5,13.5,140.5,J.W. Lucas/Grant  Todey/CJ Middlebrooks,"Farmville, VA",Joan Perry Brock Center,3000,1147,NA,NA,NA,NA,NA,NA,NA,NA,Delaware St,Longwood,FALSE
401597906,2023-11-24,Longwood,Delaware St,317,3,1:52,112,412,Johnathan Massie missed Jumper.,home,61,68,-7,13,FALSE,FALSE,0.04071185660399274,0.019554892769651888,7,-5,13.5,140.5,J.W. Lucas/Grant  Todey/CJ Middlebrooks,"Farmville, VA",Joan Perry Brock Center,3000,1147,NA,NA,Longwood,missed,Johnathan Massie,NA,FALSE,FALSE,Longwood,Delaware St,FALSE
401597906,2023-11-24,Longwood,Delaware St,318,3,1:50,110,410,Alston Andrews Defensive Rebound.,away,61,68,-7,2,FALSE,FALSE,0.03856196915984575,0.01858417362533222,7,-5,13.5,140.5,J.W. Lucas/Grant  Todey/CJ Middlebrooks,"Farmville, VA",Joan Perry Brock Center,3000,1147,NA,NA,NA,NA,NA,NA,NA,NA,Longwood,Delaware St,FALSE
401597906,2023-11-24,Longwood,Delaware St,319,3,1:24,84,384,Jevin Muniz missed Three Point Jumper.,away,61,68,-7,26,FALSE,FALSE,0.017105883889733366,0.008665500927729317,7,-5,13.5,140.5,J.W. Lucas/Grant  Todey/CJ Middlebrooks,"Farmville, VA",Joan Perry Brock Center,3000,1147,NA,NA,Delaware St,missed,Jevin Muniz,NA,TRUE,FALSE,Delaware St,Longwood,FALSE
401597906,2023-11-24,Longwood,Delaware St,320,3,1:21,81,381,Johnathan Massie Defensive Rebound.,home,61,68,-7,3,FALSE,FALSE,0.015433480222362699,0.007869017951456654,7,-5,13.5,140.5,J.W. Lucas/Grant  Todey/CJ Middlebrooks,"Farmville, VA",Joan Perry Brock Center,3000,1147,NA,NA,NA,NA,NA,NA,NA,NA,Delaware St,Longwood,FALSE
401597906,2023-11-24,Longwood,Delaware St,321,3,1:16,76,376,Longwood  Timeout,home,61,68,-7,5,FALSE,FALSE,0.012937936665190547,0.006670057845069041,7,-6,13.5,140.5,J.W. Lucas/Grant  Todey/CJ Middlebrooks,"Farmville, VA",Joan Perry Brock Center,3000,1147,NA,NA,NA,NA,NA,NA,NA,NA,Longwood,Longwood,FALSE
401597906,2023-11-24,Longwood,Delaware St,322,3,1:16,76,376, Official TV Timeout,NA,61,68,-7,0,FALSE,FALSE,0.012937936665190547,0.006670057845069041,7,-7,13.5,140.5,J.W. Lucas/Grant  Todey/CJ Middlebrooks,"Farmville, VA",Joan Perry Brock Center,3000,1147,NA,NA,NA,NA,NA,NA,NA,NA,Longwood,Longwood,FALSE
401597906,2023-11-24,Longwood,Delaware St,323,3,1:12,72,372,Michael Christmas made Layup.,home,63,68,-5,4,TRUE,FALSE,0.04680936780585119,0.024781701362225846,7,-7,13.5,140.5,J.W. Lucas/Grant  Todey/CJ Middlebrooks,"Farmville, VA",Joan Perry Brock Center,3000,1147,NA,NA,Longwood,made,Michael Christmas,NA,FALSE,FALSE,Longwood,Delaware St,FALSE
401597906,2023-11-24,Longwood,Delaware St,324,3,1:12,72,372,Foul on Wesley Oba.,away,63,68,-5,0,FALSE,TRUE,0.04680936780585119,0.024781701362225846,7,-7,13.5,140.5,J.W. Lucas/Grant  Todey/CJ Middlebrooks,"Farmville, VA",Joan Perry Brock Center,3000,1147,NA,NA,NA,NA,NA,NA,NA,NA,Longwood,Delaware St,FALSE
401597906,2023-11-24,Longwood,Delaware St,325,3,1:12,72,372,Michael Christmas made Free Throw.,home,64,68,-4,0,TRUE,FALSE,0.09285860207673251,0.05030460620245614,7,-7,13.5,140.5,J.W. Lucas/Grant  Todey/CJ Middlebrooks,"Farmville, VA",Joan Perry Brock Center,3000,1147,NA,NA,Longwood,made,Michael Christmas,NA,FALSE,TRUE,Longwood,Delaware St,FALSE
401597906,2023-11-24,Longwood,Delaware St,326,3,1:06,66,366,Delaware State  Timeout,away,64,68,-4,6,FALSE,FALSE,0.0818716151590162,0.04475550128834025,7,-8,13.5,140.5,J.W. Lucas/Grant  Todey/CJ Middlebrooks,"Farmville, VA",Joan Perry Brock Center,3000,1147,NA,NA,NA,NA,NA,NA,NA,NA,Delaware St,Delaware St,FALSE
401597906,2023-11-24,Longwood,Delaware St,327,3,0:44,44,344,Martaz Robinson missed Jumper.,away,64,68,-4,22,FALSE,FALSE,0.049335501409260935,0.02807332633832214,7,-8,13.5,140.5,J.W. Lucas/Grant  Todey/CJ Middlebrooks,"Farmville, VA",Joan Perry Brock Center,3000,1147,NA,NA,Delaware St,missed,Martaz Robinson,NA,FALSE,FALSE,Delaware St,Longwood,FALSE
401597906,2023-11-24,Longwood,Delaware St,328,3,0:40,40,340,Michael Christmas Defensive Rebound.,home,64,68,-4,4,FALSE,FALSE,0.04460769683230224,0.02559690892492227,7,-8,13.5,140.5,J.W. Lucas/Grant  Todey/CJ Middlebrooks,"Farmville, VA",Joan Perry Brock Center,3000,1147,NA,NA,NA,NA,NA,NA,NA,NA,Delaware St,Longwood,FALSE
401597906,2023-11-24,Longwood,Delaware St,329,3,0:30,30,330,Walyn Napper made Jumper.,home,66,68,-2,10,TRUE,FALSE,0.19860760910155098,0.1253491564092461,7,-8,13.5,140.5,J.W. Lucas/Grant  Todey/CJ Middlebrooks,"Farmville, VA",Joan Perry Brock Center,3000,1147,NA,NA,Longwood,made,Walyn Napper,NA,FALSE,FALSE,Longwood,Delaware St,FALSE
401597906,2023-11-24,Longwood,Delaware St,330,3,0:28,28,328,Foul on DA Houston.,home,66,68,-2,2,FALSE,TRUE,0.19374805330918451,0.12260532155563172,7,-8,13.5,140.5,J.W. Lucas/Grant  Todey/CJ Middlebrooks,"Farmville, VA",Joan Perry Brock Center,3000,1147,NA,NA,NA,NA,NA,NA,NA,NA,Delaware St,Delaware St,FALSE
401597906,2023-11-24,Longwood,Delaware St,331,3,0:28,28,328,Martaz Robinson made Free Throw.,away,66,69,-3,0,TRUE,FALSE,0.08242610588885829,0.04964302675366342,7,-8,13.5,140.5,J.W. Lucas/Grant  Todey/CJ Middlebrooks,"Farmville, VA",Joan Perry Brock Center,3000,1147,NA,NA,Delaware St,made,Martaz Robinson,NA,FALSE,TRUE,Delaware St,Delaware St,FALSE
401597906,2023-11-24,Longwood,Delaware St,332,3,0:28,28,328,Martaz Robinson made Free Throw.,away,66,70,-4,0,TRUE,FALSE,0.03248903353345458,0.019152701911518077,7,-8,13.5,140.5,J.W. Lucas/Grant  Todey/CJ Middlebrooks,"Farmville, VA",Joan Perry Brock Center,3000,1147,NA,NA,Delaware St,made,Martaz Robinson,NA,FALSE,TRUE,Delaware St,Longwood,FALSE
401597906,2023-11-24,Longwood,Delaware St,333,3,0:19,19,319,Walyn Napper missed Jumper.,home,66,70,-4,9,FALSE,FALSE,0.025285885703903766,0.015235341616680505,7,-8,13.5,140.5,J.W. Lucas/Grant  Todey/CJ Middlebrooks,"Farmville, VA",Joan Perry Brock Center,3000,1147,NA,NA,Longwood,missed,Walyn Napper,NA,FALSE,FALSE,Longwood,Delaware St,FALSE
401597906,2023-11-24,Longwood,Delaware St,334,3,0:19,19,319,Martaz Robinson Defensive Rebound.,away,66,70,-4,0,FALSE,FALSE,0.025285885703903766,0.015235341616680505,7,-8,13.5,140.5,J.W. Lucas/Grant  Todey/CJ Middlebrooks,"Farmville, VA",Joan Perry Brock Center,3000,1147,NA,NA,NA,NA,NA,NA,NA,NA,Longwood,Delaware St,FALSE
401597906,2023-11-24,Longwood,Delaware St,335,3,0:19,19,319,Foul on Elijah Tucker.,home,66,70,-4,0,FALSE,TRUE,0.025285885703903766,0.015235341616680505,7,-8,13.5,140.5,J.W. Lucas/Grant  Todey/CJ Middlebrooks,"Farmville, VA",Joan Perry Brock Center,3000,1147,NA,NA,NA,NA,NA,NA,NA,NA,Longwood,Delaware St,FALSE
401597906,2023-11-24,Longwood,Delaware St,336,3,0:19,19,319,Martaz Robinson made Free Throw.,away,66,71,-5,0,TRUE,FALSE,0.009066204097338016,0.005426708213685107,7,-8,13.5,140.5,J.W. Lucas/Grant  Todey/CJ Middlebrooks,"Farmville, VA",Joan Perry Brock Center,3000,1147,NA,NA,Delaware St,made,Martaz Robinson,NA,FALSE,TRUE,Delaware St,Delaware St,FALSE
401597906,2023-11-24,Longwood,Delaware St,337,3,0:19,19,319,Martaz Robinson made Free Throw.,away,66,72,-6,0,TRUE,FALSE,0.0032163381189702434,0.0019206343462929286,7,-8,13.5,140.5,J.W. Lucas/Grant  Todey/CJ Middlebrooks,"Farmville, VA",Joan Perry Brock Center,3000,1147,NA,NA,Delaware St,made,Martaz Robinson,NA,FALSE,TRUE,Delaware St,Longwood,FALSE
401597906,2023-11-24,Longwood,Delaware St,338,3,0:13,13,313,DA Houston made Jumper.,home,68,72,-4,6,TRUE,FALSE,0.02120046046269142,0.012970672914026014,7,-8,13.5,140.5,J.W. Lucas/Grant  Todey/CJ Middlebrooks,"Farmville, VA",Joan Perry Brock Center,3000,1147,NA,NA,Longwood,made,DA Houston,NA,FALSE,FALSE,Longwood,Delaware St,FALSE
401597906,2023-11-24,Longwood,Delaware St,339,3,0:13,13,313,Delaware State  Timeout,away,68,72,-4,0,FALSE,FALSE,0.02120046046269142,0.012970672914026014,7,-9,13.5,140.5,J.W. Lucas/Grant  Todey/CJ Middlebrooks,"Farmville, VA",Joan Perry Brock Center,3000,1147,NA,NA,NA,NA,NA,NA,NA,NA,Longwood,Delaware St,FALSE
401597906,2023-11-24,Longwood,Delaware St,340,3,0:10,10,310,Alston Andrews Turnover.,away,68,72,-4,3,FALSE,FALSE,0.019361763140898564,0.01193918583793178,7,-9,13.5,140.5,J.W. Lucas/Grant  Todey/CJ Middlebrooks,"Farmville, VA",Joan Perry Brock Center,3000,1147,NA,NA,NA,NA,NA,NA,NA,NA,Delaware St,Longwood,FALSE
401597906,2023-11-24,Longwood,Delaware St,341,3,0:10,10,310,Jesper Granlund Steal.,home,68,72,-4,0,FALSE,FALSE,0.019361763140898564,0.01193918583793178,7,-9,13.5,140.5,J.W. Lucas/Grant  Todey/CJ Middlebrooks,"Farmville, VA",Joan Perry Brock Center,3000,1147,NA,NA,NA,NA,NA,NA,NA,NA,Delaware St,Longwood,FALSE
401597906,2023-11-24,Longwood,Delaware St,342,3,0:10,10,310,Foul on Alston Andrews.,away,68,72,-4,0,FALSE,TRUE,0.019361763140898564,0.01193918583793178,7,-9,13.5,140.5,J.W. Lucas/Grant  Todey/CJ Middlebrooks,"Farmville, VA",Joan Perry Brock Center,3000,1147,NA,NA,NA,NA,NA,NA,NA,NA,Delaware St,Longwood,FALSE
401597906,2023-11-24,Longwood,Delaware St,343,3,0:10,10,310,Johnathan Massie made Free Throw.,home,69,72,-3,0,TRUE,FALSE,0.056203905701385046,0.035163883243131425,7,-9,13.5,140.5,J.W. Lucas/Grant  Todey/CJ Middlebrooks,"Farmville, VA",Joan Perry Brock Center,3000,1147,NA,NA,Longwood,made,Johnathan Massie,NA,FALSE,TRUE,Longwood,Longwood,FALSE
401597906,2023-11-24,Longwood,Delaware St,344,3,0:10,10,310,Johnathan Massie made Free Throw.,home,70,72,-2,0,TRUE,FALSE,0.15226517499244868,0.09903802686638546,7,-9,13.5,140.5,J.W. Lucas/Grant  Todey/CJ Middlebrooks,"Farmville, VA",Joan Perry Brock Center,3000,1147,NA,NA,Longwood,made,Johnathan Massie,NA,FALSE,TRUE,Longwood,Longwood,FALSE
401597906,2023-11-24,Longwood,Delaware St,345,3,0:03,3,303,Martaz Robinson Turnover.,away,70,72,-2,7,FALSE,FALSE,0.1373164619504643,0.09043995876547836,7,-9,13.5,140.5,J.W. Lucas/Grant  Todey/CJ Middlebrooks,"Farmville, VA",Joan Perry Brock Center,3000,1147,NA,NA,NA,NA,NA,NA,NA,NA,Longwood,Longwood,FALSE
401597906,2023-11-24,Longwood,Delaware St,346,3,0:02,2,302,Walyn Napper made Jumper.,home,72,72,0,1,TRUE,FALSE,0.6148069623352977,0.5,7,-9,13.5,140.5,J.W. Lucas/Grant  Todey/CJ Middlebrooks,"Farmville, VA",Joan Perry Brock Center,3000,1147,NA,NA,Longwood,made,Walyn Napper,NA,FALSE,FALSE,Longwood,Delaware St,FALSE
401597906,2023-11-24,Longwood,Delaware St,347,3,0:00,300,300,Jevin Muniz missed Three Point Jumper.,away,72,72,0,2,FALSE,FALSE,0.7480815314515817,0.5,7,-9,13.5,140.5,J.W. Lucas/Grant  Todey/CJ Middlebrooks,"Farmville, VA",Joan Perry Brock Center,3000,1147,NA,NA,Delaware St,missed,Jevin Muniz,NA,TRUE,FALSE,Delaware St,Longwood,FALSE
401597906,2023-11-24,Longwood,Delaware St,348,3,0:00,300,300,Longwood Defensive Rebound.,home,72,72,0,0,FALSE,FALSE,0.7480815314515817,0.5,7,-9,13.5,140.5,J.W. Lucas/Grant  Todey/CJ Middlebrooks,"Farmville, VA",Joan Perry Brock Center,3000,1147,NA,NA,NA,NA,NA,NA,NA,NA,Delaware St,Longwood,FALSE
401597906,2023-11-24,Longwood,Delaware St,349,3,0:00,300,300,End of 1st overtime,NA,72,72,0,0,FALSE,FALSE,0.7480815314515817,0.5,7,-9,13.5,140.5,J.W. Lucas/Grant  Todey/CJ Middlebrooks,"Farmville, VA",Joan Perry Brock Center,3000,1147,NA,NA,NA,NA,NA,NA,NA,NA,Longwood,NA,FALSE
401597906,2023-11-24,Longwood,Delaware St,350,4,4:30,270,270,Raymond Somerville Turnover.,away,72,72,0,30,FALSE,FALSE,0.7400089514507838,0.5,8,-8,13.5,140.5,J.W. Lucas/Grant  Todey/CJ Middlebrooks,"Farmville, VA",Joan Perry Brock Center,3000,1147,NA,NA,NA,NA,NA,NA,NA,NA,Longwood,Longwood,FALSE
401597906,2023-11-24,Longwood,Delaware St,351,4,4:17,257,257,Johan Nziemi missed Layup.,home,72,72,0,13,FALSE,FALSE,0.7363961532946238,0.5,8,-8,13.5,140.5,J.W. Lucas/Grant  Todey/CJ Middlebrooks,"Farmville, VA",Joan Perry Brock Center,3000,1147,NA,NA,Longwood,missed,Johan Nziemi,NA,FALSE,FALSE,Longwood,Delaware St,FALSE
401597906,2023-11-24,Longwood,Delaware St,352,4,4:13,253,253,Alston Andrews Defensive Rebound.,away,72,72,0,4,FALSE,FALSE,0.735259138282723,0.5,8,-8,13.5,140.5,J.W. Lucas/Grant  Todey/CJ Middlebrooks,"Farmville, VA",Joan Perry Brock Center,3000,1147,NA,NA,NA,NA,NA,NA,NA,NA,Longwood,Delaware St,FALSE
401597906,2023-11-24,Longwood,Delaware St,353,4,4:06,246,246,Martaz Robinson made Jumper.,away,72,74,-2,7,TRUE,FALSE,0.594046419744004,0.347425925883753,8,-8,13.5,140.5,J.W. Lucas/Grant  Todey/CJ Middlebrooks,"Farmville, VA",Joan Perry Brock Center,3000,1147,NA,NA,Delaware St,made,Martaz Robinson,NA,FALSE,FALSE,Delaware St,Longwood,FALSE
401597906,2023-11-24,Longwood,Delaware St,354,4,3:40,220,220,Michael Christmas made Jumper.,home,74,74,0,26,TRUE,FALSE,0.7251925852131208,0.5,8,-8,13.5,140.5,J.W. Lucas/Grant  Todey/CJ Middlebrooks,"Farmville, VA",Joan Perry Brock Center,3000,1147,NA,NA,Longwood,made,Michael Christmas,NA,FALSE,FALSE,Longwood,Delaware St,FALSE
401597906,2023-11-24,Longwood,Delaware St,355,4,3:03,183,183,Deywilk Tavarez missed Three Point Jumper.,away,74,74,0,37,FALSE,FALSE,0.7117187869276564,0.5,8,-8,13.5,140.5,J.W. Lucas/Grant  Todey/CJ Middlebrooks,"Farmville, VA",Joan Perry Brock Center,3000,1147,NA,NA,Delaware St,missed,Deywilk Tavarez,NA,TRUE,FALSE,Delaware St,Longwood,FALSE
401597906,2023-11-24,Longwood,Delaware St,356,4,2:59,179,179,DA Houston Defensive Rebound.,home,74,74,0,4,FALSE,FALSE,0.7101220038377511,0.5,8,-8,13.5,140.5,J.W. Lucas/Grant  Todey/CJ Middlebrooks,"Farmville, VA",Joan Perry Brock Center,3000,1147,NA,NA,NA,NA,NA,NA,NA,NA,Delaware St,Longwood,FALSE
401597906,2023-11-24,Longwood,Delaware St,357,4,2:51,171,171,Foul on Raymond Somerville.,away,74,74,0,8,FALSE,TRUE,0.7068761739205921,0.5,8,-8,13.5,140.5,J.W. Lucas/Grant  Todey/CJ Middlebrooks,"Farmville, VA",Joan Perry Brock Center,3000,1147,NA,NA,NA,NA,NA,NA,NA,NA,Longwood,Longwood,FALSE
401597906,2023-11-24,Longwood,Delaware St,358,4,2:51,171,171,Michael Christmas made Free Throw.,home,75,74,1,0,TRUE,FALSE,0.7816576958852833,0.5975080136602754,8,-8,13.5,140.5,J.W. Lucas/Grant  Todey/CJ Middlebrooks,"Farmville, VA",Joan Perry Brock Center,3000,1147,NA,NA,Longwood,made,Michael Christmas,NA,FALSE,TRUE,Longwood,Longwood,FALSE
401597906,2023-11-24,Longwood,Delaware St,359,4,2:51,171,171,Michael Christmas made Free Throw.,home,76,74,2,0,TRUE,FALSE,0.8416351942699108,0.6878710560488744,8,-8,13.5,140.5,J.W. Lucas/Grant  Todey/CJ Middlebrooks,"Farmville, VA",Joan Perry Brock Center,3000,1147,NA,NA,Longwood,made,Michael Christmas,NA,FALSE,TRUE,Longwood,Delaware St,FALSE
401597906,2023-11-24,Longwood,Delaware St,360,4,2:31,151,151,Foul on Jesper Granlund.,home,76,74,2,20,FALSE,TRUE,0.8485119070347757,0.7074774406048097,8,-8,13.5,140.5,J.W. Lucas/Grant  Todey/CJ Middlebrooks,"Farmville, VA",Joan Perry Brock Center,3000,1147,NA,NA,NA,NA,NA,NA,NA,NA,Delaware St,Delaware St,FALSE
401597906,2023-11-24,Longwood,Delaware St,361,4,2:31,151,151,Martaz Robinson missed Free Throw.,away,76,74,2,0,FALSE,FALSE,0.8485119070347757,0.7074774406048097,8,-8,13.5,140.5,J.W. Lucas/Grant  Todey/CJ Middlebrooks,"Farmville, VA",Joan Perry Brock Center,3000,1147,NA,NA,Delaware St,missed,Martaz Robinson,NA,FALSE,TRUE,Delaware St,Delaware St,FALSE
401597906,2023-11-24,Longwood,Delaware St,362,4,2:31,151,151,Delaware State Offensive Rebound.,away,76,74,2,0,FALSE,FALSE,0.8485119070347757,0.7074774406048097,8,-8,13.5,140.5,J.W. Lucas/Grant  Todey/CJ Middlebrooks,"Farmville, VA",Joan Perry Brock Center,3000,1147,NA,NA,NA,NA,NA,NA,NA,NA,Delaware St,Delaware St,FALSE
401597906,2023-11-24,Longwood,Delaware St,363,4,2:31,151,151,Martaz Robinson made Free Throw.,away,76,75,1,0,TRUE,FALSE,0.7826871620246545,0.6086359194653368,8,-8,13.5,140.5,J.W. Lucas/Grant  Todey/CJ Middlebrooks,"Farmville, VA",Joan Perry Brock Center,3000,1147,NA,NA,Delaware St,made,Martaz Robinson,NA,FALSE,TRUE,Delaware St,Longwood,FALSE
401597906,2023-11-24,Longwood,Delaware St,364,4,2:16,136,136,Elijah Tucker made Jumper. Assisted by Walyn Napper.,home,78,75,3,15,TRUE,FALSE,0.9049020947478318,0.8091790221187849,8,-8,13.5,140.5,J.W. Lucas/Grant  Todey/CJ Middlebrooks,"Farmville, VA",Joan Perry Brock Center,3000,1147,NA,NA,Longwood,made,Elijah Tucker,Walyn Napper,FALSE,FALSE,Longwood,Delaware St,FALSE
401597906,2023-11-24,Longwood,Delaware St,365,4,1:42,102,102,Alston Andrews missed Layup.,away,78,75,3,34,FALSE,FALSE,0.9259391487017946,0.857418238058785,8,-8,13.5,140.5,J.W. Lucas/Grant  Todey/CJ Middlebrooks,"Farmville, VA",Joan Perry Brock Center,3000,1147,NA,NA,Delaware St,missed,Alston Andrews,NA,FALSE,FALSE,Delaware St,Delaware St,FALSE
401597906,2023-11-24,Longwood,Delaware St,366,4,1:42,102,102,Johnathan Massie Block.,home,78,75,3,0,FALSE,FALSE,0.9259391487017946,0.857418238058785,8,-8,13.5,140.5,J.W. Lucas/Grant  Todey/CJ Middlebrooks,"Farmville, VA",Joan Perry Brock Center,3000,1147,NA,NA,NA,NA,NA,NA,NA,NA,Delaware St,Delaware St,FALSE
401597906,2023-11-24,Longwood,Delaware St,367,4,1:42,102,102,Longwood Defensive Rebound.,home,78,75,3,0,FALSE,FALSE,0.9259391487017946,0.857418238058785,8,-8,13.5,140.5,J.W. Lucas/Grant  Todey/CJ Middlebrooks,"Farmville, VA",Joan Perry Brock Center,3000,1147,NA,NA,NA,NA,NA,NA,NA,NA,Delaware St,Delaware St,FALSE
401597906,2023-11-24,Longwood,Delaware St,368,4,1:42,102,102,Foul on Walyn Napper.,home,78,75,3,0,FALSE,TRUE,0.9259391487017946,0.857418238058785,8,-8,13.5,140.5,J.W. Lucas/Grant  Todey/CJ Middlebrooks,"Farmville, VA",Joan Perry Brock Center,3000,1147,NA,NA,NA,NA,NA,NA,NA,NA,Delaware St,Delaware St,FALSE
401597906,2023-11-24,Longwood,Delaware St,369,4,1:42,102,102,Walyn Napper Turnover.,home,78,75,3,0,FALSE,FALSE,0.9259391487017946,0.857418238058785,8,-8,13.5,140.5,J.W. Lucas/Grant  Todey/CJ Middlebrooks,"Farmville, VA",Joan Perry Brock Center,3000,1147,NA,NA,NA,NA,NA,NA,NA,NA,Delaware St,Delaware St,FALSE
401597906,2023-11-24,Longwood,Delaware St,370,4,1:42,102,102,Foul on Martaz Robinson.,away,78,75,3,0,FALSE,TRUE,0.9259391487017946,0.857418238058785,8,-8,13.5,140.5,J.W. Lucas/Grant  Todey/CJ Middlebrooks,"Farmville, VA",Joan Perry Brock Center,3000,1147,NA,NA,NA,NA,NA,NA,NA,NA,Delaware St,Delaware St,FALSE
401597906,2023-11-24,Longwood,Delaware St,371,4,1:42,102,102,Martaz Robinson Turnover.,away,78,75,3,0,FALSE,FALSE,0.9259391487017946,0.857418238058785,8,-8,13.5,140.5,J.W. Lucas/Grant  Todey/CJ Middlebrooks,"Farmville, VA",Joan Perry Brock Center,3000,1147,NA,NA,NA,NA,NA,NA,NA,NA,Delaware St,Delaware St,FALSE
401597906,2023-11-24,Longwood,Delaware St,372,4,1:22,82,82,DA Houston missed Three Point Jumper.,home,78,75,3,20,FALSE,FALSE,0.9395004599689148,0.8868531364565441,8,-8,13.5,140.5,J.W. Lucas/Grant  Todey/CJ Middlebrooks,"Farmville, VA",Joan Perry Brock Center,3000,1147,NA,NA,Longwood,missed,DA Houston,NA,TRUE,FALSE,Longwood,Delaware St,FALSE
401597906,2023-11-24,Longwood,Delaware St,373,4,1:19,79,79,Jevin Muniz Defensive Rebound.,away,78,75,3,3,FALSE,FALSE,0.9414487718885578,0.8910194350686625,8,-8,13.5,140.5,J.W. Lucas/Grant  Todey/CJ Middlebrooks,"Farmville, VA",Joan Perry Brock Center,3000,1147,NA,NA,NA,NA,NA,NA,NA,NA,Longwood,Delaware St,FALSE
401597906,2023-11-24,Longwood,Delaware St,374,4,1:08,68,68,Deywilk Tavarez Turnover.,away,78,75,3,11,FALSE,FALSE,0.9484988230752027,0.9059027276229701,8,-8,13.5,140.5,J.W. Lucas/Grant  Todey/CJ Middlebrooks,"Farmville, VA",Joan Perry Brock Center,3000,1147,NA,NA,NA,NA,NA,NA,NA,NA,Delaware St,Longwood,FALSE
401597906,2023-11-24,Longwood,Delaware St,375,4,0:46,46,46,Foul on Deywilk Tavarez.,away,78,75,3,22,FALSE,TRUE,0.9613842482712877,0.9323529326173149,8,-8,13.5,140.5,J.W. Lucas/Grant  Todey/CJ Middlebrooks,"Farmville, VA",Joan Perry Brock Center,3000,1147,NA,NA,NA,NA,NA,NA,NA,NA,Longwood,Longwood,FALSE
401597906,2023-11-24,Longwood,Delaware St,376,4,0:46,46,46,Michael Christmas made Free Throw.,home,79,75,4,0,TRUE,FALSE,0.9835231213539362,0.970627290620444,8,-8,13.5,140.5,J.W. Lucas/Grant  Todey/CJ Middlebrooks,"Farmville, VA",Joan Perry Brock Center,3000,1147,NA,NA,Longwood,made,Michael Christmas,NA,FALSE,TRUE,Longwood,Longwood,FALSE
401597906,2023-11-24,Longwood,Delaware St,377,4,0:46,46,46,Michael Christmas made Free Throw.,home,80,75,5,0,TRUE,FALSE,0.9930611224032221,0.9875357198650567,8,-8,13.5,140.5,J.W. Lucas/Grant  Todey/CJ Middlebrooks,"Farmville, VA",Joan Perry Brock Center,3000,1147,NA,NA,Longwood,made,Michael Christmas,NA,FALSE,TRUE,Longwood,Delaware St,FALSE
401597906,2023-11-24,Longwood,Delaware St,378,4,0:37,37,37,Kyle Johnson made Dunk. Assisted by Jevin Muniz.,away,80,77,3,9,TRUE,FALSE,0.9661348269542517,0.9418022278349465,8,-8,13.5,140.5,J.W. Lucas/Grant  Todey/CJ Middlebrooks,"Farmville, VA",Joan Perry Brock Center,3000,1147,NA,NA,Delaware St,made,Kyle Johnson,Jevin Muniz,FALSE,FALSE,Delaware St,Longwood,FALSE
401597906,2023-11-24,Longwood,Delaware St,379,4,0:37,37,37,Delaware State  Timeout,away,80,77,3,0,FALSE,FALSE,0.9661348269542517,0.9418022278349465,8,-9,13.5,140.5,J.W. Lucas/Grant  Todey/CJ Middlebrooks,"Farmville, VA",Joan Perry Brock Center,3000,1147,NA,NA,NA,NA,NA,NA,NA,NA,Delaware St,Longwood,FALSE
401597906,2023-11-24,Longwood,Delaware St,380,4,0:37,37,37, Official TV Timeout,NA,80,77,3,0,FALSE,FALSE,0.9661348269542517,0.9418022278349465,8,-10,13.5,140.5,J.W. Lucas/Grant  Todey/CJ Middlebrooks,"Farmville, VA",Joan Perry Brock Center,3000,1147,NA,NA,NA,NA,NA,NA,NA,NA,Delaware St,Longwood,FALSE
401597906,2023-11-24,Longwood,Delaware St,381,4,0:17,17,17,Johan Nziemi missed Layup.,home,80,77,3,20,FALSE,FALSE,0.975350324955312,0.9595672512616573,8,-10,13.5,140.5,J.W. Lucas/Grant  Todey/CJ Middlebrooks,"Farmville, VA",Joan Perry Brock Center,3000,1147,NA,NA,Longwood,missed,Johan Nziemi,NA,FALSE,FALSE,Longwood,Longwood,FALSE
401597906,2023-11-24,Longwood,Delaware St,382,4,0:14,14,14,Johnathan Massie Offensive Rebound.,home,80,77,3,3,FALSE,FALSE,0.9765889379843593,0.9618843639125266,8,-10,13.5,140.5,J.W. Lucas/Grant  Todey/CJ Middlebrooks,"Farmville, VA",Joan Perry Brock Center,3000,1147,NA,NA,NA,NA,NA,NA,NA,NA,Longwood,Longwood,FALSE
401597906,2023-11-24,Longwood,Delaware St,383,4,0:14,14,14,Longwood  Timeout,home,80,77,3,0,FALSE,FALSE,0.9765889379843593,0.9618843639125266,8,-11,13.5,140.5,J.W. Lucas/Grant  Todey/CJ Middlebrooks,"Farmville, VA",Joan Perry Brock Center,3000,1147,NA,NA,NA,NA,NA,NA,NA,NA,Longwood,Longwood,FALSE
401597906,2023-11-24,Longwood,Delaware St,384,4,0:13,13,13,Foul on Jevin Muniz.,away,80,77,3,1,FALSE,TRUE,0.976993687767854,0.9626374017851669,8,-11,13.5,140.5,J.W. Lucas/Grant  Todey/CJ Middlebrooks,"Farmville, VA",Joan Perry Brock Center,3000,1147,NA,NA,NA,NA,NA,NA,NA,NA,Longwood,Longwood,FALSE
401597906,2023-11-24,Longwood,Delaware St,385,4,0:13,13,13,Johnathan Massie made Free Throw.,home,81,77,4,0,TRUE,FALSE,0.9920902176777119,0.987029327085974,8,-11,13.5,140.5,J.W. Lucas/Grant  Todey/CJ Middlebrooks,"Farmville, VA",Joan Perry Brock Center,3000,1147,NA,NA,Longwood,made,Johnathan Massie,NA,FALSE,TRUE,Longwood,Longwood,FALSE
401597906,2023-11-24,Longwood,Delaware St,386,4,0:13,13,13,Johnathan Massie made Free Throw.,home,82,77,5,0,TRUE,FALSE,0.9973078409701349,0.9955704200149512,8,-11,13.5,140.5,J.W. Lucas/Grant  Todey/CJ Middlebrooks,"Farmville, VA",Joan Perry Brock Center,3000,1147,NA,NA,Longwood,made,Johnathan Massie,NA,FALSE,TRUE,Longwood,Delaware St,FALSE
401597906,2023-11-24,Longwood,Delaware St,387,4,0:07,7,7,Martaz Robinson missed Jumper.,away,82,77,5,6,FALSE,FALSE,0.9977814846270189,0.9964115169478466,8,-11,13.5,140.5,J.W. Lucas/Grant  Todey/CJ Middlebrooks,"Farmville, VA",Joan Perry Brock Center,3000,1147,NA,NA,Delaware St,missed,Martaz Robinson,NA,FALSE,FALSE,Delaware St,Delaware St,FALSE
401597906,2023-11-24,Longwood,Delaware St,388,4,0:04,4,4,Martaz Robinson Offensive Rebound.,away,82,77,5,3,FALSE,FALSE,0.9979905232760122,0.9967776226618401,8,-11,13.5,140.5,J.W. Lucas/Grant  Todey/CJ Middlebrooks,"Farmville, VA",Joan Perry Brock Center,3000,1147,NA,NA,NA,NA,NA,NA,NA,NA,Delaware St,Delaware St,FALSE
401597906,2023-11-24,Longwood,Delaware St,389,4,0:04,4,4,Martaz Robinson missed Layup.,away,82,77,5,0,FALSE,FALSE,0.9979905232760122,0.9967776226618401,8,-11,13.5,140.5,J.W. Lucas/Grant  Todey/CJ Middlebrooks,"Farmville, VA",Joan Perry Brock Center,3000,1147,NA,NA,Delaware St,missed,Martaz Robinson,NA,FALSE,FALSE,Delaware St,Delaware St,FALSE
401597906,2023-11-24,Longwood,Delaware St,390,4,0:04,4,4,Martaz Robinson Offensive Rebound.,away,82,77,5,0,FALSE,FALSE,0.9979905232760122,0.9967776226618401,8,-11,13.5,140.5,J.W. Lucas/Grant  Todey/CJ Middlebrooks,"Farmville, VA",Joan Perry Brock Center,3000,1147,NA,NA,NA,NA,NA,NA,NA,NA,Delaware St,Delaware St,FALSE
401597906,2023-11-24,Longwood,Delaware St,391,4,0:04,4,4,Martaz Robinson missed Layup.,away,82,77,5,0,FALSE,FALSE,0.9979905232760122,0.9967776226618401,8,-11,13.5,140.5,J.W. Lucas/Grant  Todey/CJ Middlebrooks,"Farmville, VA",Joan Perry Brock Center,3000,1147,NA,NA,Delaware St,missed,Martaz Robinson,NA,FALSE,FALSE,Delaware St,Delaware St,FALSE
401597906,2023-11-24,Longwood,Delaware St,392,4,0:04,4,4,Martaz Robinson Offensive Rebound.,away,82,77,5,0,FALSE,FALSE,0.9979905232760122,0.9967776226618401,8,-11,13.5,140.5,J.W. Lucas/Grant  Todey/CJ Middlebrooks,"Farmville, VA",Joan Perry Brock Center,3000,1147,NA,NA,NA,NA,NA,NA,NA,NA,Delaware St,Delaware St,FALSE
401597906,2023-11-24,Longwood,Delaware St,393,4,0:04,4,4,Martaz Robinson missed Layup.,away,82,77,5,0,FALSE,FALSE,0.9979905232760122,0.9967776226618401,8,-11,13.5,140.5,J.W. Lucas/Grant  Todey/CJ Middlebrooks,"Farmville, VA",Joan Perry Brock Center,3000,1147,NA,NA,Delaware St,missed,Martaz Robinson,NA,FALSE,FALSE,Delaware St,Delaware St,FALSE
401597906,2023-11-24,Longwood,Delaware St,394,4,0:04,4,4,Delaware State Offensive Rebound.,away,82,77,5,0,FALSE,FALSE,0.9979905232760122,0.9967776226618401,8,-11,13.5,140.5,J.W. Lucas/Grant  Todey/CJ Middlebrooks,"Farmville, VA",Joan Perry Brock Center,3000,1147,NA,NA,NA,NA,NA,NA,NA,NA,Delaware St,Delaware St,FALSE
401597906,2023-11-24,Longwood,Delaware St,395,4,0:04,4,4,Foul on Michael Christmas.,home,82,77,5,0,FALSE,TRUE,0.9979905232760122,0.9967776226618401,8,-11,13.5,140.5,J.W. Lucas/Grant  Todey/CJ Middlebrooks,"Farmville, VA",Joan Perry Brock Center,3000,1147,NA,NA,NA,NA,NA,NA,NA,NA,Delaware St,Delaware St,FALSE
401597906,2023-11-24,Longwood,Delaware St,396,4,0:04,4,4,Kyle Johnson made Free Throw.,away,82,78,4,0,TRUE,FALSE,0.9937006388344587,0.9899245469070093,8,-11,13.5,140.5,J.W. Lucas/Grant  Todey/CJ Middlebrooks,"Farmville, VA",Joan Perry Brock Center,3000,1147,NA,NA,Delaware St,made,Kyle Johnson,NA,FALSE,TRUE,Delaware St,Delaware St,FALSE
401597906,2023-11-24,Longwood,Delaware St,397,4,0:04,4,4,Kyle Johnson made Free Throw.,away,82,79,3,0,TRUE,FALSE,0.980432161033431,0.9689509260912795,8,-11,13.5,140.5,J.W. Lucas/Grant  Todey/CJ Middlebrooks,"Farmville, VA",Joan Perry Brock Center,3000,1147,NA,NA,Delaware St,made,Kyle Johnson,NA,FALSE,TRUE,Delaware St,Longwood,FALSE
401597906,2023-11-24,Longwood,Delaware St,398,4,0:03,3,3,Foul on Dean Shepherd.,away,82,79,3,1,FALSE,TRUE,0.9807899988044422,0.9695991517630681,8,-11,13.5,140.5,J.W. Lucas/Grant  Todey/CJ Middlebrooks,"Farmville, VA",Joan Perry Brock Center,3000,1147,NA,NA,NA,NA,NA,NA,NA,NA,Longwood,Longwood,FALSE
401597906,2023-11-24,Longwood,Delaware St,399,4,0:03,3,3,Johnathan Massie made Free Throw.,home,83,79,4,0,TRUE,FALSE,0.9938617885059781,0.9902099423642159,8,-11,13.5,140.5,J.W. Lucas/Grant  Todey/CJ Middlebrooks,"Farmville, VA",Joan Perry Brock Center,3000,1147,NA,NA,Longwood,made,Johnathan Massie,NA,FALSE,TRUE,Longwood,Longwood,FALSE
401597906,2023-11-24,Longwood,Delaware St,400,4,0:03,3,3,Johnathan Massie made Free Throw.,home,84,79,5,0,TRUE,FALSE,0.9980562725201986,0.9968920744933377,8,-11,13.5,140.5,J.W. Lucas/Grant  Todey/CJ Middlebrooks,"Farmville, VA",Joan Perry Brock Center,3000,1147,NA,NA,Longwood,made,Johnathan Massie,NA,FALSE,TRUE,Longwood,Delaware St,FALSE
401597906,2023-11-24,Longwood,Delaware St,401,4,0:00,0,0,Deywilk Tavarez made Three Point Jumper.,away,84,82,2,3,TRUE,FALSE,1,1,8,-11,13.5,140.5,J.W. Lucas/Grant  Todey/CJ Middlebrooks,"Farmville, VA",Joan Perry Brock Center,3000,1147,NA,NA,Delaware St,made,Deywilk Tavarez,NA,TRUE,FALSE,Delaware St,Longwood,FALSE
401597906,2023-11-24,Longwood,Delaware St,402,4,0:00,0,0,End of 2nd overtime,NA,84,82,2,0,FALSE,FALSE,1,1,8,-11,13.5,140.5,J.W. Lucas/Grant  Todey/CJ Middlebrooks,"Farmville, VA",Joan Perry Brock Center,3000,1147,NA,NA,NA,NA,NA,NA,NA,NA,Longwood,NA,FALSE
401597906,2023-11-24,Longwood,Delaware St,403,4,0:00,0,0,End of Game,NA,84,82,2,0,FALSE,FALSE,1,1,8,-11,13.5,140.5,J.W. Lucas/Grant  Todey/CJ Middlebrooks,"Farmville, VA",Joan Perry Brock Center,3000,1147,NA,NA,NA,NA,NA,NA,NA,NA,Longwood,NA,FALSE
