game_id,date,home,away,play_id,half,time_remaining_half,secs_remaining,secs_remaining_absolute,description,home_score,away_score,score_diff,play_length,win_prob,naive_win_prob,home_time_out_remaining,away_time_out_remaining,home_favored_by,total_line,referees,arena_location,arena,capacity,attendance,shot_x,shot_y,shot_team,shot_outcome,shooter,assist,three_pt,free_throw,possession_before,possession_after,wrong_time
401268091,2020-12-10,Coppin State,UNC Greensboro,1,1,20:00,2400,2400,PLAY,0,0,0,0,0.030790726486610707,0.5,4,4,-21.5,145,"c(""Frankie Bordeaux"", "" Garrick Shannon"", "" Keith Fogleman"")","Baltimore, MD",Physical Education Complex,4100,NA,NA,NA,NA,NA,NA,NA,NA,NA,NA,UNC Greensboro,NA
401268091,2020-12-10,Coppin State,UNC Greensboro,2,1,19:44,2384,2384,Isaiah Miller Turnover.,0,0,0,16,0.030956095168968117,0.5,4,4,-21.5,145,"c(""Frankie Bordeaux"", "" Garrick Shannon"", "" Keith Fogleman"")","Baltimore, MD",Physical Education Complex,4100,NA,NA,NA,NA,NA,NA,NA,NA,NA,UNC Greensboro,Coppin State,FALSE
401268091,2020-12-10,Coppin State,UNC Greensboro,3,1,19:43,2383,2383,Koby Thomas Steal.,0,0,0,1,0.030966564576280626,0.5,4,4,-21.5,145,"c(""Frankie Bordeaux"", "" Garrick Shannon"", "" Keith Fogleman"")","Baltimore, MD",Physical Education Complex,4100,NA,NA,NA,NA,NA,NA,NA,NA,NA,UNC Greensboro,Coppin State,FALSE
401268091,2020-12-10,Coppin State,UNC Greensboro,4,1,19:28,2368,2368,Nendah Tarke missed Three Point Jumper.,0,0,0,15,0.03112553494945835,0.5,4,4,-21.5,145,"c(""Frankie Bordeaux"", "" Garrick Shannon"", "" Keith Fogleman"")","Baltimore, MD",Physical Education Complex,4100,NA,NA,NA,Coppin State,missed,Nendah Tarke,NA,TRUE,FALSE,Coppin State,UNC Greensboro,FALSE
401268091,2020-12-10,Coppin State,UNC Greensboro,5,1,19:28,2368,2368,Hayden Koval Defensive Rebound.,0,0,0,0,0.03112553494945835,0.5,4,4,-21.5,145,"c(""Frankie Bordeaux"", "" Garrick Shannon"", "" Keith Fogleman"")","Baltimore, MD",Physical Education Complex,4100,NA,NA,NA,NA,NA,NA,NA,NA,NA,Coppin State,UNC Greensboro,FALSE
401268091,2020-12-10,Coppin State,UNC Greensboro,6,1,19:18,2358,2358,Hayden Koval missed Three Point Jumper.,0,0,0,10,0.031233558723371708,0.5,4,4,-21.5,145,"c(""Frankie Bordeaux"", "" Garrick Shannon"", "" Keith Fogleman"")","Baltimore, MD",Physical Education Complex,4100,NA,NA,NA,UNC Greensboro,missed,Hayden Koval,NA,TRUE,FALSE,UNC Greensboro,Coppin State,FALSE
401268091,2020-12-10,Coppin State,UNC Greensboro,7,1,19:18,2358,2358,Anthony Tarke Defensive Rebound.,0,0,0,0,0.031233558723371708,0.5,4,4,-21.5,145,"c(""Frankie Bordeaux"", "" Garrick Shannon"", "" Keith Fogleman"")","Baltimore, MD",Physical Education Complex,4100,NA,NA,NA,NA,NA,NA,NA,NA,NA,UNC Greensboro,Coppin State,FALSE
401268091,2020-12-10,Coppin State,UNC Greensboro,8,1,19:12,2352,2352,Nendah Tarke made Layup. Assisted by Anthony Tarke.,2,0,2,6,0.03726641793522558,0.5450475200660853,4,4,-21.5,145,"c(""Frankie Bordeaux"", "" Garrick Shannon"", "" Keith Fogleman"")","Baltimore, MD",Physical Education Complex,4100,NA,NA,NA,Coppin State,made,Nendah Tarke,Anthony Tarke,FALSE,FALSE,Coppin State,UNC Greensboro,FALSE
401268091,2020-12-10,Coppin State,UNC Greensboro,9,1,18:55,2335,2335,Mohammed Abdulsalam missed Jumper.,2,0,2,17,0.037544098552869117,0.5454166796565887,4,4,-21.5,145,"c(""Frankie Bordeaux"", "" Garrick Shannon"", "" Keith Fogleman"")","Baltimore, MD",Physical Education Complex,4100,NA,NA,NA,UNC Greensboro,missed,Mohammed Abdulsalam,NA,FALSE,FALSE,UNC Greensboro,UNC Greensboro,FALSE
401268091,2020-12-10,Coppin State,UNC Greensboro,10,1,18:55,2335,2335,Angelo Allegri Offensive Rebound.,2,0,2,0,0.037544098552869117,0.5454166796565887,4,4,-21.5,145,"c(""Frankie Bordeaux"", "" Garrick Shannon"", "" Keith Fogleman"")","Baltimore, MD",Physical Education Complex,4100,NA,NA,NA,NA,NA,NA,NA,NA,NA,UNC Greensboro,UNC Greensboro,FALSE
401268091,2020-12-10,Coppin State,UNC Greensboro,11,1,18:54,2334,2334,Foul on Domantas Sakickas.,2,0,2,1,0.03756065455577848,0.5454385061647294,4,4,-21.5,145,"c(""Frankie Bordeaux"", "" Garrick Shannon"", "" Keith Fogleman"")","Baltimore, MD",Physical Education Complex,4100,NA,NA,NA,NA,NA,NA,NA,NA,NA,UNC Greensboro,UNC Greensboro,FALSE
401268091,2020-12-10,Coppin State,UNC Greensboro,12,1,18:38,2318,2318,Foul on Koby Thomas.,2,0,2,16,0.037828962869886115,0.5457893300573414,4,4,-21.5,145,"c(""Frankie Bordeaux"", "" Garrick Shannon"", "" Keith Fogleman"")","Baltimore, MD",Physical Education Complex,4100,NA,NA,NA,NA,NA,NA,NA,NA,NA,UNC Greensboro,UNC Greensboro,FALSE
401268091,2020-12-10,Coppin State,UNC Greensboro,13,1,18:38,2318,2318,Angelo Allegri made Free Throw.,2,1,1,0,0.034624581777564827,0.5229428697709193,4,4,-21.5,145,"c(""Frankie Bordeaux"", "" Garrick Shannon"", "" Keith Fogleman"")","Baltimore, MD",Physical Education Complex,4100,NA,NA,NA,UNC Greensboro,made,Angelo Allegri,NA,FALSE,TRUE,UNC Greensboro,UNC Greensboro,FALSE
401268091,2020-12-10,Coppin State,UNC Greensboro,14,1,18:38,2318,2318,Angelo Allegri made Free Throw.,2,2,0,0,0.031682696595888,0.5,4,4,-21.5,145,"c(""Frankie Bordeaux"", "" Garrick Shannon"", "" Keith Fogleman"")","Baltimore, MD",Physical Education Complex,4100,NA,NA,NA,UNC Greensboro,made,Angelo Allegri,NA,FALSE,TRUE,UNC Greensboro,Coppin State,FALSE
401268091,2020-12-10,Coppin State,UNC Greensboro,15,1,18:22,2302,2302,Koby Thomas made Three Point Jumper. Assisted by Anthony Tarke.,5,2,3,16,0.041644759192912655,0.5689695343354628,4,4,-21.5,145,"c(""Frankie Bordeaux"", "" Garrick Shannon"", "" Keith Fogleman"")","Baltimore, MD",Physical Education Complex,4100,NA,NA,NA,Coppin State,made,Koby Thomas,Anthony Tarke,TRUE,FALSE,Coppin State,UNC Greensboro,FALSE
401268091,2020-12-10,Coppin State,UNC Greensboro,16,1,18:12,2292,2292,Keyshaun Langley missed Three Point Jumper.,5,2,3,10,0.04185348706346843,0.5692995994139594,4,4,-21.5,145,"c(""Frankie Bordeaux"", "" Garrick Shannon"", "" Keith Fogleman"")","Baltimore, MD",Physical Education Complex,4100,NA,NA,NA,UNC Greensboro,missed,Keyshaun Langley,NA,TRUE,FALSE,UNC Greensboro,UNC Greensboro,FALSE
401268091,2020-12-10,Coppin State,UNC Greensboro,17,1,18:12,2292,2292,Mohammed Abdulsalam Offensive Rebound.,5,2,3,0,0.04185348706346843,0.5692995994139594,4,4,-21.5,145,"c(""Frankie Bordeaux"", "" Garrick Shannon"", "" Keith Fogleman"")","Baltimore, MD",Physical Education Complex,4100,NA,NA,NA,NA,NA,NA,NA,NA,NA,UNC Greensboro,UNC Greensboro,FALSE
401268091,2020-12-10,Coppin State,UNC Greensboro,18,1,18:09,2289,2289,Mohammed Abdulsalam made Layup.,5,4,1,3,0.03504271444205783,0.5232664437104748,4,4,-21.5,145,"c(""Frankie Bordeaux"", "" Garrick Shannon"", "" Keith Fogleman"")","Baltimore, MD",Physical Education Complex,4100,NA,NA,NA,UNC Greensboro,made,Mohammed Abdulsalam,NA,FALSE,FALSE,UNC Greensboro,Coppin State,FALSE
401268091,2020-12-10,Coppin State,UNC Greensboro,19,1,17:57,2277,2277,Anthony Tarke made Three Point Jumper. Assisted by Dwaine Jones Jr..,8,4,4,12,0.04612290267760232,0.5925939651426274,4,4,-21.5,145,"c(""Frankie Bordeaux"", "" Garrick Shannon"", "" Keith Fogleman"")","Baltimore, MD",Physical Education Complex,4100,NA,NA,NA,Coppin State,made,Anthony Tarke,Dwaine Jones Jr,TRUE,FALSE,Coppin State,UNC Greensboro,FALSE
401268091,2020-12-10,Coppin State,UNC Greensboro,20,1,17:46,2266,2266,Hayden Koval missed Three Point Jumper.,8,4,4,11,0.04640473615943356,0.5930757245876026,4,4,-21.5,145,"c(""Frankie Bordeaux"", "" Garrick Shannon"", "" Keith Fogleman"")","Baltimore, MD",Physical Education Complex,4100,NA,NA,NA,UNC Greensboro,missed,Hayden Koval,NA,TRUE,FALSE,UNC Greensboro,UNC Greensboro,FALSE
401268091,2020-12-10,Coppin State,UNC Greensboro,21,1,17:46,2266,2266,Hayden Koval Offensive Rebound.,8,4,4,0,0.04640473615943356,0.5930757245876026,4,4,-21.5,145,"c(""Frankie Bordeaux"", "" Garrick Shannon"", "" Keith Fogleman"")","Baltimore, MD",Physical Education Complex,4100,NA,NA,NA,NA,NA,NA,NA,NA,NA,UNC Greensboro,UNC Greensboro,FALSE
401268091,2020-12-10,Coppin State,UNC Greensboro,22,1,17:28,2248,2248,Foul on Koby Thomas.,8,4,4,18,0.04687592532795489,0.5938680000550642,4,4,-21.5,145,"c(""Frankie Bordeaux"", "" Garrick Shannon"", "" Keith Fogleman"")","Baltimore, MD",Physical Education Complex,4100,NA,NA,NA,NA,NA,NA,NA,NA,NA,UNC Greensboro,UNC Greensboro,FALSE
401268091,2020-12-10,Coppin State,UNC Greensboro,23,1,17:15,2235,2235,Kaleb Hunter missed Three Point Jumper.,8,4,4,13,0.04722410520301587,0.5944429487392987,4,4,-21.5,145,"c(""Frankie Bordeaux"", "" Garrick Shannon"", "" Keith Fogleman"")","Baltimore, MD",Physical Education Complex,4100,NA,NA,NA,UNC Greensboro,missed,Kaleb Hunter,NA,TRUE,FALSE,UNC Greensboro,Coppin State,FALSE
401268091,2020-12-10,Coppin State,UNC Greensboro,24,1,17:15,2235,2235,Koby Thomas Defensive Rebound.,8,4,4,0,0.04722410520301587,0.5944429487392987,4,4,-21.5,145,"c(""Frankie Bordeaux"", "" Garrick Shannon"", "" Keith Fogleman"")","Baltimore, MD",Physical Education Complex,4100,NA,NA,NA,NA,NA,NA,NA,NA,NA,UNC Greensboro,Coppin State,FALSE
401268091,2020-12-10,Coppin State,UNC Greensboro,25,1,17:01,2221,2221,Koby Thomas missed Three Point Jumper.,8,4,4,14,0.04760661137841767,0.595064408949962,4,4,-21.5,145,"c(""Frankie Bordeaux"", "" Garrick Shannon"", "" Keith Fogleman"")","Baltimore, MD",Physical Education Complex,4100,NA,NA,NA,Coppin State,missed,Koby Thomas,NA,TRUE,FALSE,Coppin State,UNC Greensboro,FALSE
401268091,2020-12-10,Coppin State,UNC Greensboro,26,1,17:01,2221,2221,Mohammed Abdulsalam Defensive Rebound.,8,4,4,0,0.04760661137841767,0.595064408949962,4,4,-21.5,145,"c(""Frankie Bordeaux"", "" Garrick Shannon"", "" Keith Fogleman"")","Baltimore, MD",Physical Education Complex,4100,NA,NA,NA,NA,NA,NA,NA,NA,NA,Coppin State,UNC Greensboro,FALSE
401268091,2020-12-10,Coppin State,UNC Greensboro,27,1,16:37,2197,2197,Foul on Mohammed Abdulsalam.,8,4,4,24,0.048280973279987184,0.5961344781499945,4,4,-21.5,145,"c(""Frankie Bordeaux"", "" Garrick Shannon"", "" Keith Fogleman"")","Baltimore, MD",Physical Education Complex,4100,NA,NA,NA,NA,NA,NA,NA,NA,NA,Coppin State,Coppin State,FALSE
401268091,2020-12-10,Coppin State,UNC Greensboro,28,1,16:37,2197,2197,Mohammed Abdulsalam Turnover.,8,4,4,0,0.048280973279987184,0.5961344781499945,4,4,-21.5,145,"c(""Frankie Bordeaux"", "" Garrick Shannon"", "" Keith Fogleman"")","Baltimore, MD",Physical Education Complex,4100,NA,NA,NA,NA,NA,NA,NA,NA,NA,UNC Greensboro,Coppin State,FALSE
401268091,2020-12-10,Coppin State,UNC Greensboro,29,1,16:30,2190,2190,Foul on Mohammed Abdulsalam.,8,4,4,7,0.048482190826451624,0.5964475337031395,4,4,-21.5,145,"c(""Frankie Bordeaux"", "" Garrick Shannon"", "" Keith Fogleman"")","Baltimore, MD",Physical Education Complex,4100,NA,NA,NA,NA,NA,NA,NA,NA,NA,Coppin State,Coppin State,FALSE
401268091,2020-12-10,Coppin State,UNC Greensboro,30,1,16:30,2190,2190,Koby Thomas missed Free Throw.,8,4,4,0,0.048482190826451624,0.5964475337031395,4,4,-21.5,145,"c(""Frankie Bordeaux"", "" Garrick Shannon"", "" Keith Fogleman"")","Baltimore, MD",Physical Education Complex,4100,NA,NA,NA,Coppin State,missed,Koby Thomas,NA,FALSE,TRUE,Coppin State,Coppin State,FALSE
401268091,2020-12-10,Coppin State,UNC Greensboro,31,1,16:30,2190,2190,Coppin State Deadball Team Rebound.,8,4,4,0,0.048482190826451624,0.5964475337031395,4,4,-21.5,145,"c(""Frankie Bordeaux"", "" Garrick Shannon"", "" Keith Fogleman"")","Baltimore, MD",Physical Education Complex,4100,NA,NA,NA,NA,NA,NA,NA,NA,NA,Coppin State,Coppin State,FALSE
401268091,2020-12-10,Coppin State,UNC Greensboro,32,1,16:30,2190,2190,Koby Thomas made Free Throw.,9,4,5,0,0.053191881091109075,0.6197190637516357,4,4,-21.5,145,"c(""Frankie Bordeaux"", "" Garrick Shannon"", "" Keith Fogleman"")","Baltimore, MD",Physical Education Complex,4100,NA,NA,NA,Coppin State,made,Koby Thomas,NA,FALSE,TRUE,Coppin State,UNC Greensboro,FALSE
401268091,2020-12-10,Coppin State,UNC Greensboro,33,1,16:17,2177,2177,Isaiah Miller missed Three Point Jumper.,9,4,5,13,0.053636574184615156,0.6204316744197328,4,4,-21.5,145,"c(""Frankie Bordeaux"", "" Garrick Shannon"", "" Keith Fogleman"")","Baltimore, MD",Physical Education Complex,4100,NA,NA,NA,UNC Greensboro,missed,Isaiah Miller,NA,TRUE,FALSE,UNC Greensboro,Coppin State,FALSE
401268091,2020-12-10,Coppin State,UNC Greensboro,34,1,16:17,2177,2177,Dwaine Jones Jr. Defensive Rebound.,9,4,5,0,0.053636574184615156,0.6204316744197328,4,4,-21.5,145,"c(""Frankie Bordeaux"", "" Garrick Shannon"", "" Keith Fogleman"")","Baltimore, MD",Physical Education Complex,4100,NA,NA,NA,NA,NA,NA,NA,NA,NA,UNC Greensboro,Coppin State,FALSE
401268091,2020-12-10,Coppin State,UNC Greensboro,35,1,16:09,2169,2169,Koby Thomas missed Layup.,9,4,5,8,0.053914443794682486,0.6208707641250961,4,4,-21.5,145,"c(""Frankie Bordeaux"", "" Garrick Shannon"", "" Keith Fogleman"")","Baltimore, MD",Physical Education Complex,4100,NA,NA,NA,Coppin State,missed,Koby Thomas,NA,FALSE,FALSE,Coppin State,UNC Greensboro,FALSE
401268091,2020-12-10,Coppin State,UNC Greensboro,36,1,16:09,2169,2169,Khyre Thompson Block.,9,4,5,0,0.053914443794682486,0.6208707641250961,4,4,-21.5,145,"c(""Frankie Bordeaux"", "" Garrick Shannon"", "" Keith Fogleman"")","Baltimore, MD",Physical Education Complex,4100,NA,NA,NA,NA,NA,NA,NA,NA,NA,Coppin State,UNC Greensboro,FALSE
401268091,2020-12-10,Coppin State,UNC Greensboro,37,1,16:06,2166,2166,Isaiah Miller Defensive Rebound.,9,4,5,3,0.054019483022735064,0.6210355833302809,4,4,-21.5,145,"c(""Frankie Bordeaux"", "" Garrick Shannon"", "" Keith Fogleman"")","Baltimore, MD",Physical Education Complex,4100,NA,NA,NA,NA,NA,NA,NA,NA,NA,Coppin State,UNC Greensboro,FALSE
401268091,2020-12-10,Coppin State,UNC Greensboro,38,1,16:03,2163,2163,Isaiah Miller made Layup.,9,6,3,3,0.044844493007514453,0.5736571798044234,4,4,-21.5,145,"c(""Frankie Bordeaux"", "" Garrick Shannon"", "" Keith Fogleman"")","Baltimore, MD",Physical Education Complex,4100,NA,NA,NA,UNC Greensboro,made,Isaiah Miller,NA,FALSE,FALSE,UNC Greensboro,Coppin State,FALSE
401268091,2020-12-10,Coppin State,UNC Greensboro,39,1,15:53,2153,2153,Foul on Hayden Koval.,9,6,3,10,0.04510118927402706,0.574000754757323,4,4,-21.5,145,"c(""Frankie Bordeaux"", "" Garrick Shannon"", "" Keith Fogleman"")","Baltimore, MD",Physical Education Complex,4100,NA,NA,NA,NA,NA,NA,NA,NA,NA,Coppin State,Coppin State,FALSE
401268091,2020-12-10,Coppin State,UNC Greensboro,40,1,15:53,2153,2153,Official TV Timeout,9,6,3,0,0.04510118927402706,0.574000754757323,4,4,-21.5,145,"c(""Frankie Bordeaux"", "" Garrick Shannon"", "" Keith Fogleman"")","Baltimore, MD",Physical Education Complex,4100,NA,NA,NA,NA,NA,NA,NA,NA,NA,Coppin State,Coppin State,FALSE
401268091,2020-12-10,Coppin State,UNC Greensboro,41,1,15:53,2153,2153,Nendah Tarke missed Free Throw.,9,6,3,0,0.04510118927402706,0.574000754757323,4,4,-21.5,145,"c(""Frankie Bordeaux"", "" Garrick Shannon"", "" Keith Fogleman"")","Baltimore, MD",Physical Education Complex,4100,NA,NA,NA,Coppin State,missed,Nendah Tarke,NA,FALSE,TRUE,Coppin State,Coppin State,FALSE
401268091,2020-12-10,Coppin State,UNC Greensboro,42,1,15:53,2153,2153,Coppin State Deadball Team Rebound.,9,6,3,0,0.04510118927402706,0.574000754757323,4,4,-21.5,145,"c(""Frankie Bordeaux"", "" Garrick Shannon"", "" Keith Fogleman"")","Baltimore, MD",Physical Education Complex,4100,NA,NA,NA,NA,NA,NA,NA,NA,NA,Coppin State,Coppin State,FALSE
401268091,2020-12-10,Coppin State,UNC Greensboro,43,1,15:53,2153,2153,Nendah Tarke missed Free Throw.,9,6,3,0,0.04510118927402706,0.574000754757323,4,4,-21.5,145,"c(""Frankie Bordeaux"", "" Garrick Shannon"", "" Keith Fogleman"")","Baltimore, MD",Physical Education Complex,4100,NA,NA,NA,Coppin State,missed,Nendah Tarke,NA,FALSE,TRUE,Coppin State,Coppin State,FALSE
401268091,2020-12-10,Coppin State,UNC Greensboro,44,1,15:53,2153,2153,Hayden Koval Defensive Rebound.,9,6,3,0,0.04510118927402706,0.574000754757323,4,4,-21.5,145,"c(""Frankie Bordeaux"", "" Garrick Shannon"", "" Keith Fogleman"")","Baltimore, MD",Physical Education Complex,4100,NA,NA,NA,NA,NA,NA,NA,NA,NA,Coppin State,Coppin State,FALSE
401268091,2020-12-10,Coppin State,UNC Greensboro,45,1,15:28,2128,2128,Hayden Koval missed Three Point Jumper.,9,6,3,25,0.04575951576625053,0.5748646712882423,4,4,-21.5,145,"c(""Frankie Bordeaux"", "" Garrick Shannon"", "" Keith Fogleman"")","Baltimore, MD",Physical Education Complex,4100,NA,NA,NA,UNC Greensboro,missed,Hayden Koval,NA,TRUE,FALSE,UNC Greensboro,UNC Greensboro,FALSE
401268091,2020-12-10,Coppin State,UNC Greensboro,46,1,15:28,2128,2128,Kaleb Hunter Offensive Rebound.,9,6,3,0,0.04575951576625053,0.5748646712882423,4,4,-21.5,145,"c(""Frankie Bordeaux"", "" Garrick Shannon"", "" Keith Fogleman"")","Baltimore, MD",Physical Education Complex,4100,NA,NA,NA,NA,NA,NA,NA,NA,NA,UNC Greensboro,UNC Greensboro,FALSE
401268091,2020-12-10,Coppin State,UNC Greensboro,47,1,15:26,2126,2126,Foul on Nendah Tarke.,9,6,3,2,0.045813217257477695,0.5749341082739277,4,4,-21.5,145,"c(""Frankie Bordeaux"", "" Garrick Shannon"", "" Keith Fogleman"")","Baltimore, MD",Physical Education Complex,4100,NA,NA,NA,NA,NA,NA,NA,NA,NA,UNC Greensboro,UNC Greensboro,FALSE
401268091,2020-12-10,Coppin State,UNC Greensboro,48,1,15:26,2126,2126,Kaleb Hunter made Free Throw.,9,7,2,0,0.04160828725842095,0.550165852514004,4,4,-21.5,145,"c(""Frankie Bordeaux"", "" Garrick Shannon"", "" Keith Fogleman"")","Baltimore, MD",Physical Education Complex,4100,NA,NA,NA,UNC Greensboro,made,Kaleb Hunter,NA,FALSE,TRUE,UNC Greensboro,UNC Greensboro,FALSE
401268091,2020-12-10,Coppin State,UNC Greensboro,49,1,15:26,2126,2126,Kaleb Hunter made Free Throw.,9,8,1,0,0.03777402473423638,0.5251463699997507,4,4,-21.5,145,"c(""Frankie Bordeaux"", "" Garrick Shannon"", "" Keith Fogleman"")","Baltimore, MD",Physical Education Complex,4100,NA,NA,NA,UNC Greensboro,made,Kaleb Hunter,NA,FALSE,TRUE,UNC Greensboro,Coppin State,FALSE
401268091,2020-12-10,Coppin State,UNC Greensboro,50,1,15:19,2119,2119,Anthony Tarke Turnover.,9,8,1,7,0.03790709707742516,0.5252291714270902,4,4,-21.5,145,"c(""Frankie Bordeaux"", "" Garrick Shannon"", "" Keith Fogleman"")","Baltimore, MD",Physical Education Complex,4100,NA,NA,NA,NA,NA,NA,NA,NA,NA,Coppin State,UNC Greensboro,FALSE
401268091,2020-12-10,Coppin State,UNC Greensboro,51,1,15:17,2117,2117,Jarrett Hensley Steal.,9,8,1,2,0.03794536577362587,0.5252528699571531,4,4,-21.5,145,"c(""Frankie Bordeaux"", "" Garrick Shannon"", "" Keith Fogleman"")","Baltimore, MD",Physical Education Complex,4100,NA,NA,NA,NA,NA,NA,NA,NA,NA,Coppin State,UNC Greensboro,FALSE
401268091,2020-12-10,Coppin State,UNC Greensboro,52,1,15:10,2110,2110,Hayden Koval missed Three Point Jumper.,9,8,1,7,0.03808017710086596,0.5253359611048554,4,4,-21.5,145,"c(""Frankie Bordeaux"", "" Garrick Shannon"", "" Keith Fogleman"")","Baltimore, MD",Physical Education Complex,4100,NA,NA,NA,UNC Greensboro,missed,Hayden Koval,NA,TRUE,FALSE,UNC Greensboro,Coppin State,FALSE
401268091,2020-12-10,Coppin State,UNC Greensboro,53,1,15:10,2110,2110,Koby Thomas Defensive Rebound.,9,8,1,0,0.03808017710086596,0.5253359611048554,4,4,-21.5,145,"c(""Frankie Bordeaux"", "" Garrick Shannon"", "" Keith Fogleman"")","Baltimore, MD",Physical Education Complex,4100,NA,NA,NA,NA,NA,NA,NA,NA,NA,UNC Greensboro,Coppin State,FALSE
401268091,2020-12-10,Coppin State,UNC Greensboro,54,1,15:01,2101,2101,Dwaine Jones Jr. missed Three Point Jumper.,9,8,1,9,0.038255503811957275,0.5254431343288437,4,4,-21.5,145,"c(""Frankie Bordeaux"", "" Garrick Shannon"", "" Keith Fogleman"")","Baltimore, MD",Physical Education Complex,4100,NA,NA,NA,Coppin State,missed,Dwaine Jones Jr.,NA,TRUE,FALSE,Coppin State,UNC Greensboro,FALSE
401268091,2020-12-10,Coppin State,UNC Greensboro,55,1,15:01,2101,2101,Khyre Thompson Defensive Rebound.,9,8,1,0,0.038255503811957275,0.5254431343288437,4,4,-21.5,145,"c(""Frankie Bordeaux"", "" Garrick Shannon"", "" Keith Fogleman"")","Baltimore, MD",Physical Education Complex,4100,NA,NA,NA,NA,NA,NA,NA,NA,NA,Coppin State,UNC Greensboro,FALSE
401268091,2020-12-10,Coppin State,UNC Greensboro,56,1,14:48,2088,2088,Jarrett Hensley missed Three Point Jumper.,9,8,1,13,0.038512744941479805,0.5255986424134269,4,4,-21.5,145,"c(""Frankie Bordeaux"", "" Garrick Shannon"", "" Keith Fogleman"")","Baltimore, MD",Physical Education Complex,4100,NA,NA,NA,UNC Greensboro,missed,Jarrett Hensley,NA,TRUE,FALSE,UNC Greensboro,UNC Greensboro,FALSE
401268091,2020-12-10,Coppin State,UNC Greensboro,57,1,14:48,2088,2088,Hayden Koval Offensive Rebound.,9,8,1,0,0.038512744941479805,0.5255986424134269,4,4,-21.5,145,"c(""Frankie Bordeaux"", "" Garrick Shannon"", "" Keith Fogleman"")","Baltimore, MD",Physical Education Complex,4100,NA,NA,NA,NA,NA,NA,NA,NA,NA,UNC Greensboro,UNC Greensboro,FALSE
401268091,2020-12-10,Coppin State,UNC Greensboro,58,1,14:37,2077,2077,Isaiah Miller missed Layup.,9,8,1,11,0.038734119887484375,0.5257308992204772,4,4,-21.5,145,"c(""Frankie Bordeaux"", "" Garrick Shannon"", "" Keith Fogleman"")","Baltimore, MD",Physical Education Complex,4100,NA,NA,NA,UNC Greensboro,missed,Isaiah Miller,NA,FALSE,FALSE,UNC Greensboro,UNC Greensboro,FALSE
401268091,2020-12-10,Coppin State,UNC Greensboro,59,1,14:37,2077,2077,Kaleb Hunter Offensive Rebound.,9,8,1,0,0.038734119887484375,0.5257308992204772,4,4,-21.5,145,"c(""Frankie Bordeaux"", "" Garrick Shannon"", "" Keith Fogleman"")","Baltimore, MD",Physical Education Complex,4100,NA,NA,NA,NA,NA,NA,NA,NA,NA,UNC Greensboro,UNC Greensboro,FALSE
401268091,2020-12-10,Coppin State,UNC Greensboro,60,1,14:35,2075,2075,Kaleb Hunter made Layup.,9,10,-1,2,0.03177875956306369,0.4742449858824665,4,4,-21.5,145,"c(""Frankie Bordeaux"", "" Garrick Shannon"", "" Keith Fogleman"")","Baltimore, MD",Physical Education Complex,4100,NA,NA,NA,UNC Greensboro,made,Kaleb Hunter,NA,FALSE,FALSE,UNC Greensboro,Coppin State,FALSE
401268091,2020-12-10,Coppin State,UNC Greensboro,61,1,14:35,2075,2075,Foul on Koby Thomas.,9,10,-1,0,0.03177875956306369,0.4742449858824665,4,4,-21.5,145,"c(""Frankie Bordeaux"", "" Garrick Shannon"", "" Keith Fogleman"")","Baltimore, MD",Physical Education Complex,4100,NA,NA,NA,NA,NA,NA,NA,NA,NA,UNC Greensboro,UNC Greensboro,FALSE
401268091,2020-12-10,Coppin State,UNC Greensboro,62,1,14:35,2075,2075,Kaleb Hunter missed Free Throw.,9,10,-1,0,0.03177875956306369,0.4742449858824665,4,4,-21.5,145,"c(""Frankie Bordeaux"", "" Garrick Shannon"", "" Keith Fogleman"")","Baltimore, MD",Physical Education Complex,4100,NA,NA,NA,UNC Greensboro,missed,Kaleb Hunter,NA,FALSE,TRUE,UNC Greensboro,Coppin State,FALSE
401268091,2020-12-10,Coppin State,UNC Greensboro,63,1,14:35,2075,2075,Isaiah Gross Defensive Rebound.,9,10,-1,0,0.03177875956306369,0.4742449858824665,4,4,-21.5,145,"c(""Frankie Bordeaux"", "" Garrick Shannon"", "" Keith Fogleman"")","Baltimore, MD",Physical Education Complex,4100,NA,NA,NA,NA,NA,NA,NA,NA,NA,UNC Greensboro,Coppin State,FALSE
401268091,2020-12-10,Coppin State,UNC Greensboro,64,1,14:30,2070,2070,Foul on Jarrett Hensley.,9,10,-1,5,0.03184806143146446,0.47418460503612664,4,4,-21.5,145,"c(""Frankie Bordeaux"", "" Garrick Shannon"", "" Keith Fogleman"")","Baltimore, MD",Physical Education Complex,4100,NA,NA,NA,NA,NA,NA,NA,NA,NA,Coppin State,Coppin State,FALSE
401268091,2020-12-10,Coppin State,UNC Greensboro,65,1,14:22,2062,2062,Chereef Knox missed Three Point Jumper.,9,10,-1,8,0.03195995570897152,0.4740877131146207,4,4,-21.5,145,"c(""Frankie Bordeaux"", "" Garrick Shannon"", "" Keith Fogleman"")","Baltimore, MD",Physical Education Complex,4100,NA,NA,NA,Coppin State,missed,Chereef Knox,NA,TRUE,FALSE,Coppin State,UNC Greensboro,FALSE
401268091,2020-12-10,Coppin State,UNC Greensboro,66,1,14:22,2062,2062,Isaiah Miller Defensive Rebound.,9,10,-1,0,0.03195995570897152,0.4740877131146207,4,4,-21.5,145,"c(""Frankie Bordeaux"", "" Garrick Shannon"", "" Keith Fogleman"")","Baltimore, MD",Physical Education Complex,4100,NA,NA,NA,NA,NA,NA,NA,NA,NA,Coppin State,UNC Greensboro,FALSE
401268091,2020-12-10,Coppin State,UNC Greensboro,67,1,14:11,2051,2051,Khyre Thompson missed Three Point Jumper.,9,10,-1,11,0.03211584545642067,0.47395390462581255,4,4,-21.5,145,"c(""Frankie Bordeaux"", "" Garrick Shannon"", "" Keith Fogleman"")","Baltimore, MD",Physical Education Complex,4100,NA,NA,NA,UNC Greensboro,missed,Khyre Thompson,NA,TRUE,FALSE,UNC Greensboro,UNC Greensboro,FALSE
401268091,2020-12-10,Coppin State,UNC Greensboro,68,1,14:11,2051,2051,Jarrett Hensley Offensive Rebound.,9,10,-1,0,0.03211584545642067,0.47395390462581255,4,4,-21.5,145,"c(""Frankie Bordeaux"", "" Garrick Shannon"", "" Keith Fogleman"")","Baltimore, MD",Physical Education Complex,4100,NA,NA,NA,NA,NA,NA,NA,NA,NA,UNC Greensboro,UNC Greensboro,FALSE
401268091,2020-12-10,Coppin State,UNC Greensboro,69,1,13:47,2027,2027,Dericko Williams Turnover.,9,10,-1,24,0.03246416845187639,0.47365951674357903,4,4,-21.5,145,"c(""Frankie Bordeaux"", "" Garrick Shannon"", "" Keith Fogleman"")","Baltimore, MD",Physical Education Complex,4100,NA,NA,NA,NA,NA,NA,NA,NA,NA,UNC Greensboro,Coppin State,FALSE
401268091,2020-12-10,Coppin State,UNC Greensboro,70,1,13:46,2026,2026,Anthony Tarke Steal.,9,10,-1,1,0.03247892646985616,0.4736471753455028,4,4,-21.5,145,"c(""Frankie Bordeaux"", "" Garrick Shannon"", "" Keith Fogleman"")","Baltimore, MD",Physical Education Complex,4100,NA,NA,NA,NA,NA,NA,NA,NA,NA,UNC Greensboro,Coppin State,FALSE
401268091,2020-12-10,Coppin State,UNC Greensboro,71,1,13:42,2022,2022,Foul on Isaiah Miller.,9,10,-1,4,0.03253815452340637,0.47359774791775133,4,4,-21.5,145,"c(""Frankie Bordeaux"", "" Garrick Shannon"", "" Keith Fogleman"")","Baltimore, MD",Physical Education Complex,4100,NA,NA,NA,NA,NA,NA,NA,NA,NA,Coppin State,Coppin State,FALSE
401268091,2020-12-10,Coppin State,UNC Greensboro,72,1,13:42,2022,2022,Anthony Tarke made Free Throw.,10,10,0,0,0.03603531355501878,0.5,4,4,-21.5,145,"c(""Frankie Bordeaux"", "" Garrick Shannon"", "" Keith Fogleman"")","Baltimore, MD",Physical Education Complex,4100,NA,NA,NA,Coppin State,made,Anthony Tarke,NA,FALSE,TRUE,Coppin State,Coppin State,FALSE
401268091,2020-12-10,Coppin State,UNC Greensboro,73,1,13:42,2022,2022,Anthony Tarke made Free Throw.,11,10,1,0,0.039892843911978663,0.5264022520822487,4,4,-21.5,145,"c(""Frankie Bordeaux"", "" Garrick Shannon"", "" Keith Fogleman"")","Baltimore, MD",Physical Education Complex,4100,NA,NA,NA,Coppin State,made,Anthony Tarke,NA,FALSE,TRUE,Coppin State,UNC Greensboro,FALSE
401268091,2020-12-10,Coppin State,UNC Greensboro,74,1,13:30,2010,2010,Foul on Isaiah Gross.,11,10,1,12,0.04015733043163594,0.5265511372496339,4,4,-21.5,145,"c(""Frankie Bordeaux"", "" Garrick Shannon"", "" Keith Fogleman"")","Baltimore, MD",Physical Education Complex,4100,NA,NA,NA,NA,NA,NA,NA,NA,NA,UNC Greensboro,UNC Greensboro,FALSE
401268091,2020-12-10,Coppin State,UNC Greensboro,75,1,13:21,2001,2001,Dericko Williams missed Jumper.,11,10,1,9,0.04035848420930676,0.5266634079983812,4,4,-21.5,145,"c(""Frankie Bordeaux"", "" Garrick Shannon"", "" Keith Fogleman"")","Baltimore, MD",Physical Education Complex,4100,NA,NA,NA,UNC Greensboro,missed,Dericko Williams,NA,FALSE,FALSE,UNC Greensboro,Coppin State,FALSE
401268091,2020-12-10,Coppin State,UNC Greensboro,76,1,13:21,2001,2001,Coppin State Defensive Rebound.,11,10,1,0,0.04035848420930676,0.5266634079983812,4,4,-21.5,145,"c(""Frankie Bordeaux"", "" Garrick Shannon"", "" Keith Fogleman"")","Baltimore, MD",Physical Education Complex,4100,NA,NA,NA,NA,NA,NA,NA,NA,NA,UNC Greensboro,Coppin State,FALSE
401268091,2020-12-10,Coppin State,UNC Greensboro,77,1,13:08,1988,1988,Isaiah Gross missed Three Point Jumper.,11,10,1,13,0.04065329083884736,0.5268265227868488,4,4,-21.5,145,"c(""Frankie Bordeaux"", "" Garrick Shannon"", "" Keith Fogleman"")","Baltimore, MD",Physical Education Complex,4100,NA,NA,NA,Coppin State,missed,Isaiah Gross,NA,TRUE,FALSE,Coppin State,UNC Greensboro,FALSE
401268091,2020-12-10,Coppin State,UNC Greensboro,78,1,13:08,1988,1988,Kaleb Hunter Defensive Rebound.,11,10,1,0,0.04065329083884736,0.5268265227868488,4,4,-21.5,145,"c(""Frankie Bordeaux"", "" Garrick Shannon"", "" Keith Fogleman"")","Baltimore, MD",Physical Education Complex,4100,NA,NA,NA,NA,NA,NA,NA,NA,NA,Coppin State,UNC Greensboro,FALSE
401268091,2020-12-10,Coppin State,UNC Greensboro,79,1,12:48,1968,1968,Jarrett Hensley missed Three Point Jumper.,11,10,1,20,0.0411167393705408,0.5270797301680951,4,4,-21.5,145,"c(""Frankie Bordeaux"", "" Garrick Shannon"", "" Keith Fogleman"")","Baltimore, MD",Physical Education Complex,4100,NA,NA,NA,UNC Greensboro,missed,Jarrett Hensley,NA,TRUE,FALSE,UNC Greensboro,UNC Greensboro,FALSE
401268091,2020-12-10,Coppin State,UNC Greensboro,80,1,12:48,1968,1968,Khyre Thompson Offensive Rebound.,11,10,1,0,0.0411167393705408,0.5270797301680951,4,4,-21.5,145,"c(""Frankie Bordeaux"", "" Garrick Shannon"", "" Keith Fogleman"")","Baltimore, MD",Physical Education Complex,4100,NA,NA,NA,NA,NA,NA,NA,NA,NA,UNC Greensboro,UNC Greensboro,FALSE
401268091,2020-12-10,Coppin State,UNC Greensboro,81,1,12:42,1962,1962,Khyre Thompson made Jumper.,11,12,-1,6,0.033464348285852895,0.4728437558121363,4,4,-21.5,145,"c(""Frankie Bordeaux"", "" Garrick Shannon"", "" Keith Fogleman"")","Baltimore, MD",Physical Education Complex,4100,NA,NA,NA,UNC Greensboro,made,Khyre Thompson,NA,FALSE,FALSE,UNC Greensboro,Coppin State,FALSE
401268091,2020-12-10,Coppin State,UNC Greensboro,82,1,12:27,1947,1947,Isaiah Gross missed Layup.,11,12,-1,15,0.03370701440351703,0.4726513199164259,4,4,-21.5,145,"c(""Frankie Bordeaux"", "" Garrick Shannon"", "" Keith Fogleman"")","Baltimore, MD",Physical Education Complex,4100,NA,NA,NA,Coppin State,missed,Isaiah Gross,NA,FALSE,FALSE,Coppin State,UNC Greensboro,FALSE
401268091,2020-12-10,Coppin State,UNC Greensboro,83,1,12:27,1947,1947,Dericko Williams Defensive Rebound.,11,12,-1,0,0.03370701440351703,0.4726513199164259,4,4,-21.5,145,"c(""Frankie Bordeaux"", "" Garrick Shannon"", "" Keith Fogleman"")","Baltimore, MD",Physical Education Complex,4100,NA,NA,NA,NA,NA,NA,NA,NA,NA,Coppin State,UNC Greensboro,FALSE
401268091,2020-12-10,Coppin State,UNC Greensboro,84,1,12:14,1934,1934,Khyre Thompson made Layup. Assisted by Dericko Williams.,11,14,-3,13,0.02739625666630986,0.4181102502804134,4,4,-21.5,145,"c(""Frankie Bordeaux"", "" Garrick Shannon"", "" Keith Fogleman"")","Baltimore, MD",Physical Education Complex,4100,NA,NA,NA,UNC Greensboro,made,Khyre Thompson,Dericko Williams,FALSE,FALSE,UNC Greensboro,Coppin State,FALSE
401268091,2020-12-10,Coppin State,UNC Greensboro,85,1,11:46,1906,1906,Anthony Tarke made Three Point Jumper.,14,14,0,28,0.03830227306424393,0.5,4,4,-21.5,145,"c(""Frankie Bordeaux"", "" Garrick Shannon"", "" Keith Fogleman"")","Baltimore, MD",Physical Education Complex,4100,NA,NA,NA,Coppin State,made,Anthony Tarke,NA,TRUE,FALSE,Coppin State,UNC Greensboro,FALSE
401268091,2020-12-10,Coppin State,UNC Greensboro,86,1,11:37,1897,1897,Jarrett Hensley missed Three Point Jumper.,14,14,0,9,0.038493883191368865,0.5,4,4,-21.5,145,"c(""Frankie Bordeaux"", "" Garrick Shannon"", "" Keith Fogleman"")","Baltimore, MD",Physical Education Complex,4100,NA,NA,NA,UNC Greensboro,missed,Jarrett Hensley,NA,TRUE,FALSE,UNC Greensboro,Coppin State,FALSE
401268091,2020-12-10,Coppin State,UNC Greensboro,87,1,11:37,1897,1897,Isaiah Gross Defensive Rebound.,14,14,0,0,0.038493883191368865,0.5,4,4,-21.5,145,"c(""Frankie Bordeaux"", "" Garrick Shannon"", "" Keith Fogleman"")","Baltimore, MD",Physical Education Complex,4100,NA,NA,NA,NA,NA,NA,NA,NA,NA,UNC Greensboro,Coppin State,FALSE
401268091,2020-12-10,Coppin State,UNC Greensboro,88,1,11:22,1882,1882,Kyle Cardaci made Three Point Jumper. Assisted by Chereef Knox.,17,14,3,15,0.05362670682516011,0.5838655118014419,4,4,-21.5,145,"c(""Frankie Bordeaux"", "" Garrick Shannon"", "" Keith Fogleman"")","Baltimore, MD",Physical Education Complex,4100,NA,NA,NA,Coppin State,made,Kyle Cardaci,Chereef Knox,TRUE,FALSE,Coppin State,UNC Greensboro,FALSE
401268091,2020-12-10,Coppin State,UNC Greensboro,89,1,11:19,1879,1879,UNC Greensboro  Timeout,17,14,3,3,0.0537401648806765,0.5839793940933239,3,4,-21.5,145,"c(""Frankie Bordeaux"", "" Garrick Shannon"", "" Keith Fogleman"")","Baltimore, MD",Physical Education Complex,4100,NA,NA,NA,NA,NA,NA,NA,NA,NA,UNC Greensboro,UNC Greensboro,FALSE
401268091,2020-12-10,Coppin State,UNC Greensboro,90,1,11:19,1879,1879,Official TV Timeout,17,14,3,0,0.0537401648806765,0.5839793940933239,3,4,-21.5,145,"c(""Frankie Bordeaux"", "" Garrick Shannon"", "" Keith Fogleman"")","Baltimore, MD",Physical Education Complex,4100,NA,NA,NA,NA,NA,NA,NA,NA,NA,UNC Greensboro,UNC Greensboro,FALSE
401268091,2020-12-10,Coppin State,UNC Greensboro,91,1,10:53,1853,1853,Angelo Allegri missed Three Point Jumper.,17,14,3,26,0.054743658644908294,0.5849681404083931,3,4,-21.5,145,"c(""Frankie Bordeaux"", "" Garrick Shannon"", "" Keith Fogleman"")","Baltimore, MD",Physical Education Complex,4100,NA,NA,NA,UNC Greensboro,missed,Angelo Allegri,NA,TRUE,FALSE,UNC Greensboro,Coppin State,FALSE
401268091,2020-12-10,Coppin State,UNC Greensboro,92,1,10:53,1853,1853,Chereef Knox Defensive Rebound.,17,14,3,0,0.054743658644908294,0.5849681404083931,3,4,-21.5,145,"c(""Frankie Bordeaux"", "" Garrick Shannon"", "" Keith Fogleman"")","Baltimore, MD",Physical Education Complex,4100,NA,NA,NA,NA,NA,NA,NA,NA,NA,UNC Greensboro,Coppin State,FALSE
401268091,2020-12-10,Coppin State,UNC Greensboro,93,1,10:35,1835,1835,Isaiah Gross made Layup.,19,14,5,18,0.06885909810067602,0.6403137454981015,3,4,-21.5,145,"c(""Frankie Bordeaux"", "" Garrick Shannon"", "" Keith Fogleman"")","Baltimore, MD",Physical Education Complex,4100,NA,NA,NA,Coppin State,made,Isaiah Gross,NA,FALSE,FALSE,Coppin State,UNC Greensboro,FALSE
401268091,2020-12-10,Coppin State,UNC Greensboro,94,1,10:24,1824,1824,Kaleb Hunter made Jumper.,19,16,3,11,0.055906310107023384,0.5860781932029631,3,4,-21.5,145,"c(""Frankie Bordeaux"", "" Garrick Shannon"", "" Keith Fogleman"")","Baltimore, MD",Physical Education Complex,4100,NA,NA,NA,UNC Greensboro,made,Kaleb Hunter,NA,FALSE,FALSE,UNC Greensboro,Coppin State,FALSE
401268091,2020-12-10,Coppin State,UNC Greensboro,95,1,10:13,1813,1813,Isaiah Gross Turnover.,19,16,3,11,0.056359489606453886,0.5865023309898767,3,4,-21.5,145,"c(""Frankie Bordeaux"", "" Garrick Shannon"", "" Keith Fogleman"")","Baltimore, MD",Physical Education Complex,4100,NA,NA,NA,NA,NA,NA,NA,NA,NA,Coppin State,UNC Greensboro,FALSE
401268091,2020-12-10,Coppin State,UNC Greensboro,96,1,10:10,1810,1810,Kaleb Hunter Steal.,19,16,3,3,0.05648425925976924,0.5866183669881162,3,4,-21.5,145,"c(""Frankie Bordeaux"", "" Garrick Shannon"", "" Keith Fogleman"")","Baltimore, MD",Physical Education Complex,4100,NA,NA,NA,NA,NA,NA,NA,NA,NA,Coppin State,UNC Greensboro,FALSE
401268091,2020-12-10,Coppin State,UNC Greensboro,97,1,9:57,1797,1797,Angelo Allegri missed Three Point Jumper.,19,16,3,13,0.05703078946283802,0.5871231929956874,3,4,-21.5,145,"c(""Frankie Bordeaux"", "" Garrick Shannon"", "" Keith Fogleman"")","Baltimore, MD",Physical Education Complex,4100,NA,NA,NA,UNC Greensboro,missed,Angelo Allegri,NA,TRUE,FALSE,UNC Greensboro,Coppin State,FALSE
401268091,2020-12-10,Coppin State,UNC Greensboro,98,1,9:57,1797,1797,Chereef Knox Defensive Rebound.,19,16,3,0,0.05703078946283802,0.5871231929956874,3,4,-21.5,145,"c(""Frankie Bordeaux"", "" Garrick Shannon"", "" Keith Fogleman"")","Baltimore, MD",Physical Education Complex,4100,NA,NA,NA,NA,NA,NA,NA,NA,NA,UNC Greensboro,Coppin State,FALSE
401268091,2020-12-10,Coppin State,UNC Greensboro,99,1,9:40,1780,1780,Isaiah Gross missed Layup.,19,16,3,17,0.05775998034072635,0.5877888915380304,3,4,-21.5,145,"c(""Frankie Bordeaux"", "" Garrick Shannon"", "" Keith Fogleman"")","Baltimore, MD",Physical Education Complex,4100,NA,NA,NA,Coppin State,missed,Isaiah Gross,NA,FALSE,FALSE,Coppin State,Coppin State,FALSE
401268091,2020-12-10,Coppin State,UNC Greensboro,100,1,9:40,1780,1780,Bas Leyte Block.,19,16,3,0,0.05775998034072635,0.5877888915380304,3,4,-21.5,145,"c(""Frankie Bordeaux"", "" Garrick Shannon"", "" Keith Fogleman"")","Baltimore, MD",Physical Education Complex,4100,NA,NA,NA,NA,NA,NA,NA,NA,NA,Coppin State,Coppin State,FALSE
401268091,2020-12-10,Coppin State,UNC Greensboro,101,1,9:38,1778,1778,Coppin State Offensive Rebound.,19,16,3,2,0.05784685679741517,0.5878676673317923,3,4,-21.5,145,"c(""Frankie Bordeaux"", "" Garrick Shannon"", "" Keith Fogleman"")","Baltimore, MD",Physical Education Complex,4100,NA,NA,NA,NA,NA,NA,NA,NA,NA,Coppin State,Coppin State,FALSE
401268091,2020-12-10,Coppin State,UNC Greensboro,102,1,9:33,1773,1773,Foul on Angelo Allegri.,19,16,3,5,0.05806505754751815,0.588065060293665,3,4,-21.5,145,"c(""Frankie Bordeaux"", "" Garrick Shannon"", "" Keith Fogleman"")","Baltimore, MD",Physical Education Complex,4100,NA,NA,NA,NA,NA,NA,NA,NA,NA,Coppin State,Coppin State,FALSE
401268091,2020-12-10,Coppin State,UNC Greensboro,103,1,9:33,1773,1773,Anthony Tarke missed Free Throw.,19,16,3,0,0.05806505754751815,0.588065060293665,3,4,-21.5,145,"c(""Frankie Bordeaux"", "" Garrick Shannon"", "" Keith Fogleman"")","Baltimore, MD",Physical Education Complex,4100,NA,NA,NA,Coppin State,missed,Anthony Tarke,NA,FALSE,TRUE,Coppin State,Coppin State,FALSE
401268091,2020-12-10,Coppin State,UNC Greensboro,104,1,9:33,1773,1773,Coppin State Deadball Team Rebound.,19,16,3,0,0.05806505754751815,0.588065060293665,3,4,-21.5,145,"c(""Frankie Bordeaux"", "" Garrick Shannon"", "" Keith Fogleman"")","Baltimore, MD",Physical Education Complex,4100,NA,NA,NA,NA,NA,NA,NA,NA,NA,Coppin State,Coppin State,FALSE
401268091,2020-12-10,Coppin State,UNC Greensboro,105,1,9:33,1773,1773,Anthony Tarke missed Free Throw.,19,16,3,0,0.05806505754751815,0.588065060293665,3,4,-21.5,145,"c(""Frankie Bordeaux"", "" Garrick Shannon"", "" Keith Fogleman"")","Baltimore, MD",Physical Education Complex,4100,NA,NA,NA,Coppin State,missed,Anthony Tarke,NA,FALSE,TRUE,Coppin State,Coppin State,FALSE
401268091,2020-12-10,Coppin State,UNC Greensboro,106,1,9:33,1773,1773,Bas Leyte Defensive Rebound.,19,16,3,0,0.05806505754751815,0.588065060293665,3,4,-21.5,145,"c(""Frankie Bordeaux"", "" Garrick Shannon"", "" Keith Fogleman"")","Baltimore, MD",Physical Education Complex,4100,NA,NA,NA,NA,NA,NA,NA,NA,NA,Coppin State,Coppin State,FALSE
401268091,2020-12-10,Coppin State,UNC Greensboro,107,1,9:28,1768,1768,A.J. McGinnis missed Three Point Jumper.,19,16,3,5,0.05828470512139534,0.5882631234466292,3,4,-21.5,145,"c(""Frankie Bordeaux"", "" Garrick Shannon"", "" Keith Fogleman"")","Baltimore, MD",Physical Education Complex,4100,NA,NA,NA,UNC Greensboro,missed,A.J. McGinnis,NA,TRUE,FALSE,UNC Greensboro,Coppin State,FALSE
401268091,2020-12-10,Coppin State,UNC Greensboro,108,1,9:28,1768,1768,Kyle Cardaci Defensive Rebound.,19,16,3,0,0.05828470512139534,0.5882631234466292,3,4,-21.5,145,"c(""Frankie Bordeaux"", "" Garrick Shannon"", "" Keith Fogleman"")","Baltimore, MD",Physical Education Complex,4100,NA,NA,NA,NA,NA,NA,NA,NA,NA,UNC Greensboro,Coppin State,FALSE
401268091,2020-12-10,Coppin State,UNC Greensboro,109,1,9:22,1762,1762,Anthony Tarke missed Three Point Jumper.,19,16,3,6,0.058550200002794345,0.5885017232232406,3,4,-21.5,145,"c(""Frankie Bordeaux"", "" Garrick Shannon"", "" Keith Fogleman"")","Baltimore, MD",Physical Education Complex,4100,NA,NA,NA,Coppin State,missed,Anthony Tarke,NA,TRUE,FALSE,Coppin State,UNC Greensboro,FALSE
401268091,2020-12-10,Coppin State,UNC Greensboro,110,1,9:22,1762,1762,Isaiah Miller Defensive Rebound.,19,16,3,0,0.058550200002794345,0.5885017232232406,3,4,-21.5,145,"c(""Frankie Bordeaux"", "" Garrick Shannon"", "" Keith Fogleman"")","Baltimore, MD",Physical Education Complex,4100,NA,NA,NA,NA,NA,NA,NA,NA,NA,Coppin State,UNC Greensboro,FALSE
401268091,2020-12-10,Coppin State,UNC Greensboro,111,1,9:11,1751,1751,Isaiah Miller Turnover.,19,16,3,11,0.05904240558482633,0.5889419272526419,3,4,-21.5,145,"c(""Frankie Bordeaux"", "" Garrick Shannon"", "" Keith Fogleman"")","Baltimore, MD",Physical Education Complex,4100,NA,NA,NA,NA,NA,NA,NA,NA,NA,UNC Greensboro,Coppin State,FALSE
401268091,2020-12-10,Coppin State,UNC Greensboro,112,1,8:57,1737,1737,Anthony Tarke made Layup.,21,16,5,14,0.07474749597789039,0.6463922371859259,3,4,-21.5,145,"c(""Frankie Bordeaux"", "" Garrick Shannon"", "" Keith Fogleman"")","Baltimore, MD",Physical Education Complex,4100,NA,NA,NA,Coppin State,made,Anthony Tarke,NA,FALSE,FALSE,Coppin State,UNC Greensboro,FALSE
401268091,2020-12-10,Coppin State,UNC Greensboro,113,1,8:46,1726,1726,Angelo Allegri missed Three Point Jumper.,21,16,5,11,0.07546041270148504,0.6470994296216528,3,4,-21.5,145,"c(""Frankie Bordeaux"", "" Garrick Shannon"", "" Keith Fogleman"")","Baltimore, MD",Physical Education Complex,4100,NA,NA,NA,UNC Greensboro,missed,Angelo Allegri,NA,TRUE,FALSE,UNC Greensboro,UNC Greensboro,FALSE
401268091,2020-12-10,Coppin State,UNC Greensboro,114,1,8:46,1726,1726,UNC Greensboro Offensive Rebound.,21,16,5,0,0.07546041270148504,0.6470994296216528,3,4,-21.5,145,"c(""Frankie Bordeaux"", "" Garrick Shannon"", "" Keith Fogleman"")","Baltimore, MD",Physical Education Complex,4100,NA,NA,NA,NA,NA,NA,NA,NA,NA,UNC Greensboro,UNC Greensboro,FALSE
401268091,2020-12-10,Coppin State,UNC Greensboro,115,1,8:39,1719,1719,A.J. McGinnis missed Three Point Jumper.,21,16,5,7,0.0759198587872434,0.6475529138150684,3,4,-21.5,145,"c(""Frankie Bordeaux"", "" Garrick Shannon"", "" Keith Fogleman"")","Baltimore, MD",Physical Education Complex,4100,NA,NA,NA,UNC Greensboro,missed,A.J. McGinnis,NA,TRUE,FALSE,UNC Greensboro,Coppin State,FALSE
401268091,2020-12-10,Coppin State,UNC Greensboro,116,1,8:39,1719,1719,Nendah Tarke Defensive Rebound.,21,16,5,0,0.0759198587872434,0.6475529138150684,3,4,-21.5,145,"c(""Frankie Bordeaux"", "" Garrick Shannon"", "" Keith Fogleman"")","Baltimore, MD",Physical Education Complex,4100,NA,NA,NA,NA,NA,NA,NA,NA,NA,UNC Greensboro,Coppin State,FALSE
401268091,2020-12-10,Coppin State,UNC Greensboro,117,1,8:28,1708,1708,Kyle Cardaci missed Three Point Jumper.,21,16,5,11,0.07665104322803099,0.6482712811773058,3,4,-21.5,145,"c(""Frankie Bordeaux"", "" Garrick Shannon"", "" Keith Fogleman"")","Baltimore, MD",Physical Education Complex,4100,NA,NA,NA,Coppin State,missed,Kyle Cardaci,NA,TRUE,FALSE,Coppin State,UNC Greensboro,FALSE
401268091,2020-12-10,Coppin State,UNC Greensboro,118,1,8:28,1708,1708,Isaiah Miller Defensive Rebound.,21,16,5,0,0.07665104322803099,0.6482712811773058,3,4,-21.5,145,"c(""Frankie Bordeaux"", "" Garrick Shannon"", "" Keith Fogleman"")","Baltimore, MD",Physical Education Complex,4100,NA,NA,NA,NA,NA,NA,NA,NA,NA,Coppin State,UNC Greensboro,FALSE
401268091,2020-12-10,Coppin State,UNC Greensboro,119,1,8:18,1698,1698,Angelo Allegri missed Three Point Jumper.,21,16,5,10,0.07732564429590409,0.6489307703509138,3,4,-21.5,145,"c(""Frankie Bordeaux"", "" Garrick Shannon"", "" Keith Fogleman"")","Baltimore, MD",Physical Education Complex,4100,NA,NA,NA,UNC Greensboro,missed,Angelo Allegri,NA,TRUE,FALSE,UNC Greensboro,Coppin State,FALSE
401268091,2020-12-10,Coppin State,UNC Greensboro,120,1,8:18,1698,1698,Kyle Cardaci Defensive Rebound.,21,16,5,0,0.07732564429590409,0.6489307703509138,3,4,-21.5,145,"c(""Frankie Bordeaux"", "" Garrick Shannon"", "" Keith Fogleman"")","Baltimore, MD",Physical Education Complex,4100,NA,NA,NA,NA,NA,NA,NA,NA,NA,UNC Greensboro,Coppin State,FALSE
401268091,2020-12-10,Coppin State,UNC Greensboro,121,1,7:54,1674,1674,Koby Thomas missed Layup.,21,16,5,24,0.07898448239593263,0.6505178842850148,3,4,-21.5,145,"c(""Frankie Bordeaux"", "" Garrick Shannon"", "" Keith Fogleman"")","Baltimore, MD",Physical Education Complex,4100,NA,NA,NA,Coppin State,missed,Koby Thomas,NA,FALSE,FALSE,Coppin State,UNC Greensboro,FALSE
401268091,2020-12-10,Coppin State,UNC Greensboro,122,1,7:54,1674,1674,Bas Leyte Block.,21,16,5,0,0.07898448239593263,0.6505178842850148,3,4,-21.5,145,"c(""Frankie Bordeaux"", "" Garrick Shannon"", "" Keith Fogleman"")","Baltimore, MD",Physical Education Complex,4100,NA,NA,NA,NA,NA,NA,NA,NA,NA,Coppin State,UNC Greensboro,FALSE
401268091,2020-12-10,Coppin State,UNC Greensboro,123,1,7:51,1671,1671,Hayden Koval Defensive Rebound.,21,16,5,3,0.07919595112699207,0.6507128241229709,3,4,-21.5,145,"c(""Frankie Bordeaux"", "" Garrick Shannon"", "" Keith Fogleman"")","Baltimore, MD",Physical Education Complex,4100,NA,NA,NA,NA,NA,NA,NA,NA,NA,Coppin State,UNC Greensboro,FALSE
401268091,2020-12-10,Coppin State,UNC Greensboro,124,1,7:45,1665,1665,Official TV Timeout,21,16,5,6,0.07962167724672153,0.6511002903082111,3,4,-21.5,145,"c(""Frankie Bordeaux"", "" Garrick Shannon"", "" Keith Fogleman"")","Baltimore, MD",Physical Education Complex,4100,NA,NA,NA,NA,NA,NA,NA,NA,NA,UNC Greensboro,UNC Greensboro,FALSE
401268091,2020-12-10,Coppin State,UNC Greensboro,125,1,7:41,1661,1661,Isaiah Miller made Jumper.,21,18,3,4,0.06335163845451065,0.5926679131946108,3,4,-21.5,145,"c(""Frankie Bordeaux"", "" Garrick Shannon"", "" Keith Fogleman"")","Baltimore, MD",Physical Education Complex,4100,NA,NA,NA,UNC Greensboro,made,Isaiah Miller,NA,FALSE,FALSE,UNC Greensboro,Coppin State,FALSE
401268091,2020-12-10,Coppin State,UNC Greensboro,126,1,7:28,1648,1648,Chereef Knox missed Three Point Jumper.,21,18,3,13,0.06402375932652046,0.5931948659768457,3,4,-21.5,145,"c(""Frankie Bordeaux"", "" Garrick Shannon"", "" Keith Fogleman"")","Baltimore, MD",Physical Education Complex,4100,NA,NA,NA,Coppin State,missed,Chereef Knox,NA,TRUE,FALSE,Coppin State,UNC Greensboro,FALSE
401268091,2020-12-10,Coppin State,UNC Greensboro,127,1,7:28,1648,1648,Isaiah Miller Defensive Rebound.,21,18,3,0,0.06402375932652046,0.5931948659768457,3,4,-21.5,145,"c(""Frankie Bordeaux"", "" Garrick Shannon"", "" Keith Fogleman"")","Baltimore, MD",Physical Education Complex,4100,NA,NA,NA,NA,NA,NA,NA,NA,NA,Coppin State,UNC Greensboro,FALSE
401268091,2020-12-10,Coppin State,UNC Greensboro,128,1,7:19,1639,1639,Isaiah Miller missed Layup.,21,18,3,9,0.06449724394796769,0.5935559014896915,3,4,-21.5,145,"c(""Frankie Bordeaux"", "" Garrick Shannon"", "" Keith Fogleman"")","Baltimore, MD",Physical Education Complex,4100,NA,NA,NA,UNC Greensboro,missed,Isaiah Miller,NA,FALSE,FALSE,UNC Greensboro,UNC Greensboro,FALSE
401268091,2020-12-10,Coppin State,UNC Greensboro,129,1,7:19,1639,1639,Hayden Koval Offensive Rebound.,21,18,3,0,0.06449724394796769,0.5935559014896915,3,4,-21.5,145,"c(""Frankie Bordeaux"", "" Garrick Shannon"", "" Keith Fogleman"")","Baltimore, MD",Physical Education Complex,4100,NA,NA,NA,NA,NA,NA,NA,NA,NA,UNC Greensboro,UNC Greensboro,FALSE
401268091,2020-12-10,Coppin State,UNC Greensboro,130,1,7:15,1635,1635,Hayden Koval missed Jumper.,21,18,3,4,0.06470981911298612,0.5937155500221006,3,4,-21.5,145,"c(""Frankie Bordeaux"", "" Garrick Shannon"", "" Keith Fogleman"")","Baltimore, MD",Physical Education Complex,4100,NA,NA,NA,UNC Greensboro,missed,Hayden Koval,NA,FALSE,FALSE,UNC Greensboro,UNC Greensboro,FALSE
401268091,2020-12-10,Coppin State,UNC Greensboro,131,1,7:15,1635,1635,Khyre Thompson Offensive Rebound.,21,18,3,0,0.06470981911298612,0.5937155500221006,3,4,-21.5,145,"c(""Frankie Bordeaux"", "" Garrick Shannon"", "" Keith Fogleman"")","Baltimore, MD",Physical Education Complex,4100,NA,NA,NA,NA,NA,NA,NA,NA,NA,UNC Greensboro,UNC Greensboro,FALSE
401268091,2020-12-10,Coppin State,UNC Greensboro,132,1,7:13,1633,1633,Foul on Chereef Knox.,21,18,3,2,0.06481659883511348,0.5937952109833867,3,4,-21.5,145,"c(""Frankie Bordeaux"", "" Garrick Shannon"", "" Keith Fogleman"")","Baltimore, MD",Physical Education Complex,4100,NA,NA,NA,NA,NA,NA,NA,NA,NA,UNC Greensboro,UNC Greensboro,FALSE
401268091,2020-12-10,Coppin State,UNC Greensboro,133,1,7:13,1633,1633,Khyre Thompson made Free Throw.,21,19,2,0,0.05755481529068058,0.5629438071582088,3,4,-21.5,145,"c(""Frankie Bordeaux"", "" Garrick Shannon"", "" Keith Fogleman"")","Baltimore, MD",Physical Education Complex,4100,NA,NA,NA,UNC Greensboro,made,Khyre Thompson,NA,FALSE,TRUE,UNC Greensboro,UNC Greensboro,FALSE
401268091,2020-12-10,Coppin State,UNC Greensboro,134,1,7:13,1633,1633,Khyre Thompson made Free Throw.,21,20,1,0,0.05106218942702029,0.5315975907477417,3,4,-21.5,145,"c(""Frankie Bordeaux"", "" Garrick Shannon"", "" Keith Fogleman"")","Baltimore, MD",Physical Education Complex,4100,NA,NA,NA,UNC Greensboro,made,Khyre Thompson,NA,FALSE,TRUE,UNC Greensboro,Coppin State,FALSE
401268091,2020-12-10,Coppin State,UNC Greensboro,135,1,7:04,1624,1624,Anthony Tarke missed Jumper.,21,20,1,9,0.05140139586028469,0.5317205655619778,3,4,-21.5,145,"c(""Frankie Bordeaux"", "" Garrick Shannon"", "" Keith Fogleman"")","Baltimore, MD",Physical Education Complex,4100,NA,NA,NA,Coppin State,missed,Anthony Tarke,NA,FALSE,FALSE,Coppin State,UNC Greensboro,FALSE
401268091,2020-12-10,Coppin State,UNC Greensboro,136,1,7:04,1624,1624,Keyshaun Langley Defensive Rebound.,21,20,1,0,0.05140139586028469,0.5317205655619778,3,4,-21.5,145,"c(""Frankie Bordeaux"", "" Garrick Shannon"", "" Keith Fogleman"")","Baltimore, MD",Physical Education Complex,4100,NA,NA,NA,NA,NA,NA,NA,NA,NA,Coppin State,UNC Greensboro,FALSE
401268091,2020-12-10,Coppin State,UNC Greensboro,137,1,6:58,1618,1618,Khyre Thompson made Layup. Assisted by Isaiah Miller.,21,22,-1,6,0.04048879933373382,0.4681977238463864,3,4,-21.5,145,"c(""Frankie Bordeaux"", "" Garrick Shannon"", "" Keith Fogleman"")","Baltimore, MD",Physical Education Complex,4100,NA,NA,NA,UNC Greensboro,made,Khyre Thompson,Isaiah Miller,FALSE,FALSE,UNC Greensboro,Coppin State,FALSE
401268091,2020-12-10,Coppin State,UNC Greensboro,138,1,6:56,1616,1616,Coppin State  Timeout,21,22,-1,2,0.04054120898573058,0.4681705229978664,3,3,-21.5,145,"c(""Frankie Bordeaux"", "" Garrick Shannon"", "" Keith Fogleman"")","Baltimore, MD",Physical Education Complex,4100,NA,NA,NA,NA,NA,NA,NA,NA,NA,Coppin State,Coppin State,FALSE
401268091,2020-12-10,Coppin State,UNC Greensboro,139,1,6:35,1595,1595,Nendah Tarke Turnover.,21,22,-1,21,0.04110155084355656,0.46788536025506944,3,3,-21.5,145,"c(""Frankie Bordeaux"", "" Garrick Shannon"", "" Keith Fogleman"")","Baltimore, MD",Physical Education Complex,4100,NA,NA,NA,NA,NA,NA,NA,NA,NA,Coppin State,UNC Greensboro,FALSE
401268091,2020-12-10,Coppin State,UNC Greensboro,140,1,6:34,1594,1594,Keyshaun Langley Steal.,21,22,-1,1,0.04112867161360144,0.4678717772371024,3,3,-21.5,145,"c(""Frankie Bordeaux"", "" Garrick Shannon"", "" Keith Fogleman"")","Baltimore, MD",Physical Education Complex,4100,NA,NA,NA,NA,NA,NA,NA,NA,NA,Coppin State,UNC Greensboro,FALSE
401268091,2020-12-10,Coppin State,UNC Greensboro,141,1,6:15,1575,1575,Khyre Thompson made Three Point Jumper. Assisted by Keyshaun Langley.,21,25,-4,19,0.028607043771195047,0.3731048494396937,3,3,-21.5,145,"c(""Frankie Bordeaux"", "" Garrick Shannon"", "" Keith Fogleman"")","Baltimore, MD",Physical Education Complex,4100,NA,NA,NA,UNC Greensboro,made,Khyre Thompson,Keyshaun Langley,TRUE,FALSE,UNC Greensboro,Coppin State,FALSE
401268091,2020-12-10,Coppin State,UNC Greensboro,142,1,6:05,1565,1565,Foul on Hayden Koval.,21,25,-4,10,0.028755664712839506,0.3725892456288732,3,3,-21.5,145,"c(""Frankie Bordeaux"", "" Garrick Shannon"", "" Keith Fogleman"")","Baltimore, MD",Physical Education Complex,4100,NA,NA,NA,NA,NA,NA,NA,NA,NA,Coppin State,UNC Greensboro,FALSE
401268091,2020-12-10,Coppin State,UNC Greensboro,143,1,6:05,1565,1565,Anthony Tarke made Free Throw.,22,25,-3,0,0.03262642892171432,0.4035142300873883,3,3,-21.5,145,"c(""Frankie Bordeaux"", "" Garrick Shannon"", "" Keith Fogleman"")","Baltimore, MD",Physical Education Complex,4100,NA,NA,NA,Coppin State,made,Anthony Tarke,NA,FALSE,TRUE,Coppin State,Coppin State,FALSE
401268091,2020-12-10,Coppin State,UNC Greensboro,144,1,6:05,1565,1565,Anthony Tarke missed Free Throw.,22,25,-3,0,0.03262642892171432,0.4035142300873883,3,3,-21.5,145,"c(""Frankie Bordeaux"", "" Garrick Shannon"", "" Keith Fogleman"")","Baltimore, MD",Physical Education Complex,4100,NA,NA,NA,Coppin State,missed,Anthony Tarke,NA,FALSE,TRUE,Coppin State,UNC Greensboro,FALSE
401268091,2020-12-10,Coppin State,UNC Greensboro,145,1,6:05,1565,1565,A.J. McGinnis Defensive Rebound.,22,25,-3,0,0.03262642892171432,0.4035142300873883,3,3,-21.5,145,"c(""Frankie Bordeaux"", "" Garrick Shannon"", "" Keith Fogleman"")","Baltimore, MD",Physical Education Complex,4100,NA,NA,NA,NA,NA,NA,NA,NA,NA,Coppin State,UNC Greensboro,FALSE
401268091,2020-12-10,Coppin State,UNC Greensboro,146,1,5:53,1553,1553,Kobe Langley Turnover.,22,25,-3,12,0.032851086883417965,0.40303259315443835,3,3,-21.5,145,"c(""Frankie Bordeaux"", "" Garrick Shannon"", "" Keith Fogleman"")","Baltimore, MD",Physical Education Complex,4100,NA,NA,NA,NA,NA,NA,NA,NA,NA,UNC Greensboro,Coppin State,FALSE
401268091,2020-12-10,Coppin State,UNC Greensboro,147,1,5:46,1546,1546,Dwaine Jones Jr. missed Layup.,22,25,-3,7,0.03298313725346702,0.4027491607345781,3,3,-21.5,145,"c(""Frankie Bordeaux"", "" Garrick Shannon"", "" Keith Fogleman"")","Baltimore, MD",Physical Education Complex,4100,NA,NA,NA,Coppin State,missed,Dwaine Jones Jr.,NA,FALSE,FALSE,Coppin State,UNC Greensboro,FALSE
401268091,2020-12-10,Coppin State,UNC Greensboro,148,1,5:46,1546,1546,Khyre Thompson Defensive Rebound.,22,25,-3,0,0.03298313725346702,0.4027491607345781,3,3,-21.5,145,"c(""Frankie Bordeaux"", "" Garrick Shannon"", "" Keith Fogleman"")","Baltimore, MD",Physical Education Complex,4100,NA,NA,NA,NA,NA,NA,NA,NA,NA,Coppin State,UNC Greensboro,FALSE
401268091,2020-12-10,Coppin State,UNC Greensboro,149,1,5:39,1539,1539,Khyre Thompson missed Three Point Jumper.,22,25,-3,7,0.03311580400405113,0.4024635666898899,3,3,-21.5,145,"c(""Frankie Bordeaux"", "" Garrick Shannon"", "" Keith Fogleman"")","Baltimore, MD",Physical Education Complex,4100,NA,NA,NA,UNC Greensboro,missed,Khyre Thompson,NA,TRUE,FALSE,UNC Greensboro,UNC Greensboro,FALSE
401268091,2020-12-10,Coppin State,UNC Greensboro,150,1,5:39,1539,1539,Khyre Thompson Offensive Rebound.,22,25,-3,0,0.03311580400405113,0.4024635666898899,3,3,-21.5,145,"c(""Frankie Bordeaux"", "" Garrick Shannon"", "" Keith Fogleman"")","Baltimore, MD",Physical Education Complex,4100,NA,NA,NA,NA,NA,NA,NA,NA,NA,UNC Greensboro,UNC Greensboro,FALSE
401268091,2020-12-10,Coppin State,UNC Greensboro,151,1,5:25,1525,1525,Khyre Thompson missed Three Point Jumper.,22,25,-3,14,0.03338258882670126,0.4018848095236825,3,3,-21.5,145,"c(""Frankie Bordeaux"", "" Garrick Shannon"", "" Keith Fogleman"")","Baltimore, MD",Physical Education Complex,4100,NA,NA,NA,UNC Greensboro,missed,Khyre Thompson,NA,TRUE,FALSE,UNC Greensboro,UNC Greensboro,FALSE
401268091,2020-12-10,Coppin State,UNC Greensboro,152,1,5:25,1525,1525,Anthony Tarke Block.,22,25,-3,0,0.03338258882670126,0.4018848095236825,3,3,-21.5,145,"c(""Frankie Bordeaux"", "" Garrick Shannon"", "" Keith Fogleman"")","Baltimore, MD",Physical Education Complex,4100,NA,NA,NA,NA,NA,NA,NA,NA,NA,UNC Greensboro,UNC Greensboro,FALSE
401268091,2020-12-10,Coppin State,UNC Greensboro,153,1,5:25,1525,1525,UNC Greensboro Offensive Rebound.,22,25,-3,0,0.03338258882670126,0.4018848095236825,3,3,-21.5,145,"c(""Frankie Bordeaux"", "" Garrick Shannon"", "" Keith Fogleman"")","Baltimore, MD",Physical Education Complex,4100,NA,NA,NA,NA,NA,NA,NA,NA,NA,UNC Greensboro,UNC Greensboro,FALSE
401268091,2020-12-10,Coppin State,UNC Greensboro,154,1,5:20,1520,1520,Khyre Thompson made Three Point Jumper. Assisted by Kobe Langley.,22,28,-6,5,0.02272509363133887,0.31067216777609735,3,3,-21.5,145,"c(""Frankie Bordeaux"", "" Garrick Shannon"", "" Keith Fogleman"")","Baltimore, MD",Physical Education Complex,4100,NA,NA,NA,UNC Greensboro,made,Khyre Thompson,Kobe Langley,TRUE,FALSE,UNC Greensboro,Coppin State,FALSE
401268091,2020-12-10,Coppin State,UNC Greensboro,155,1,5:08,1508,1508,Kyle Cardaci made Three Point Jumper. Assisted by Anthony Tarke.,25,28,-3,12,0.033708150864040096,0.4011658321658603,3,3,-21.5,145,"c(""Frankie Bordeaux"", "" Garrick Shannon"", "" Keith Fogleman"")","Baltimore, MD",Physical Education Complex,4100,NA,NA,NA,Coppin State,made,Kyle Cardaci,Anthony Tarke,TRUE,FALSE,Coppin State,UNC Greensboro,FALSE
401268091,2020-12-10,Coppin State,UNC Greensboro,156,1,4:47,1487,1487,Mohammed Abdulsalam missed Layup.,25,28,-3,21,0.03411062785638572,0.40024770860618974,3,3,-21.5,145,"c(""Frankie Bordeaux"", "" Garrick Shannon"", "" Keith Fogleman"")","Baltimore, MD",Physical Education Complex,4100,NA,NA,NA,UNC Greensboro,missed,Mohammed Abdulsalam,NA,FALSE,FALSE,UNC Greensboro,Coppin State,FALSE
401268091,2020-12-10,Coppin State,UNC Greensboro,157,1,4:47,1487,1487,Anthony Tarke Block.,25,28,-3,0,0.03411062785638572,0.40024770860618974,3,3,-21.5,145,"c(""Frankie Bordeaux"", "" Garrick Shannon"", "" Keith Fogleman"")","Baltimore, MD",Physical Education Complex,4100,NA,NA,NA,NA,NA,NA,NA,NA,NA,UNC Greensboro,Coppin State,FALSE
401268091,2020-12-10,Coppin State,UNC Greensboro,158,1,4:45,1485,1485,Anthony Tarke Defensive Rebound.,25,28,-3,2,0.03414888003116962,0.4001582995646299,3,3,-21.5,145,"c(""Frankie Bordeaux"", "" Garrick Shannon"", "" Keith Fogleman"")","Baltimore, MD",Physical Education Complex,4100,NA,NA,NA,NA,NA,NA,NA,NA,NA,UNC Greensboro,Coppin State,FALSE
401268091,2020-12-10,Coppin State,UNC Greensboro,159,1,4:43,1483,1483,Anthony Tarke Turnover.,25,28,-3,2,0.03418710770013917,0.4000685220131426,3,3,-21.5,145,"c(""Frankie Bordeaux"", "" Garrick Shannon"", "" Keith Fogleman"")","Baltimore, MD",Physical Education Complex,4100,NA,NA,NA,NA,NA,NA,NA,NA,NA,Coppin State,UNC Greensboro,FALSE
401268091,2020-12-10,Coppin State,UNC Greensboro,160,1,4:42,1482,1482,Kobe Langley Steal.,25,28,-3,1,0.03420621152623237,0.40002349308903007,3,3,-21.5,145,"c(""Frankie Bordeaux"", "" Garrick Shannon"", "" Keith Fogleman"")","Baltimore, MD",Physical Education Complex,4100,NA,NA,NA,NA,NA,NA,NA,NA,NA,Coppin State,UNC Greensboro,FALSE
401268091,2020-12-10,Coppin State,UNC Greensboro,161,1,4:28,1468,1468,Foul on Kobe Langley.,25,28,-3,14,0.03447276778936193,0.3993828123946557,3,3,-21.5,145,"c(""Frankie Bordeaux"", "" Garrick Shannon"", "" Keith Fogleman"")","Baltimore, MD",Physical Education Complex,4100,NA,NA,NA,NA,NA,NA,NA,NA,NA,Coppin State,UNC Greensboro,FALSE
401268091,2020-12-10,Coppin State,UNC Greensboro,162,1,4:28,1468,1468,Foul on Isaiah Gross.,25,28,-3,0,0.03447276778936193,0.3993828123946557,3,3,-21.5,145,"c(""Frankie Bordeaux"", "" Garrick Shannon"", "" Keith Fogleman"")","Baltimore, MD",Physical Education Complex,4100,NA,NA,NA,NA,NA,NA,NA,NA,NA,Coppin State,UNC Greensboro,FALSE
401268091,2020-12-10,Coppin State,UNC Greensboro,163,1,4:27,1467,1467,Mohammed Abdulsalam made Layup.,25,30,-5,1,0.02649132750984156,0.3361752471565244,3,3,-21.5,145,"c(""Frankie Bordeaux"", "" Garrick Shannon"", "" Keith Fogleman"")","Baltimore, MD",Physical Education Complex,4100,NA,NA,NA,UNC Greensboro,made,Mohammed Abdulsalam,NA,FALSE,FALSE,UNC Greensboro,Coppin State,FALSE
401268091,2020-12-10,Coppin State,UNC Greensboro,164,1,3:52,1432,1432,Dwaine Jones Jr. missed Jumper.,25,30,-5,35,0.026884949127643918,0.33359888600788673,3,3,-21.5,145,"c(""Frankie Bordeaux"", "" Garrick Shannon"", "" Keith Fogleman"")","Baltimore, MD",Physical Education Complex,4100,NA,NA,NA,Coppin State,missed,Dwaine Jones Jr.,NA,FALSE,FALSE,Coppin State,UNC Greensboro,FALSE
401268091,2020-12-10,Coppin State,UNC Greensboro,165,1,3:52,1432,1432,Mohammed Abdulsalam Defensive Rebound.,25,30,-5,0,0.026884949127643918,0.33359888600788673,3,3,-21.5,145,"c(""Frankie Bordeaux"", "" Garrick Shannon"", "" Keith Fogleman"")","Baltimore, MD",Physical Education Complex,4100,NA,NA,NA,NA,NA,NA,NA,NA,NA,Coppin State,UNC Greensboro,FALSE
401268091,2020-12-10,Coppin State,UNC Greensboro,166,1,3:36,1416,1416,Bas Leyte missed Three Point Jumper.,25,30,-5,16,0.027076869757414412,0.33246114014073375,3,3,-21.5,145,"c(""Frankie Bordeaux"", "" Garrick Shannon"", "" Keith Fogleman"")","Baltimore, MD",Physical Education Complex,4100,NA,NA,NA,UNC Greensboro,missed,Bas Leyte,NA,TRUE,FALSE,UNC Greensboro,Coppin State,FALSE
401268091,2020-12-10,Coppin State,UNC Greensboro,167,1,3:36,1416,1416,Anthony Tarke Defensive Rebound.,25,30,-5,0,0.027076869757414412,0.33246114014073375,3,3,-21.5,145,"c(""Frankie Bordeaux"", "" Garrick Shannon"", "" Keith Fogleman"")","Baltimore, MD",Physical Education Complex,4100,NA,NA,NA,NA,NA,NA,NA,NA,NA,UNC Greensboro,Coppin State,FALSE
401268091,2020-12-10,Coppin State,UNC Greensboro,168,1,3:31,1411,1411,Isaiah Gross missed Three Point Jumper.,25,30,-5,5,0.027138665221878047,0.33211170449524197,3,3,-21.5,145,"c(""Frankie Bordeaux"", "" Garrick Shannon"", "" Keith Fogleman"")","Baltimore, MD",Physical Education Complex,4100,NA,NA,NA,Coppin State,missed,Isaiah Gross,NA,TRUE,FALSE,Coppin State,UNC Greensboro,FALSE
401268091,2020-12-10,Coppin State,UNC Greensboro,169,1,3:31,1411,1411,Bas Leyte Defensive Rebound.,25,30,-5,0,0.027138665221878047,0.33211170449524197,3,3,-21.5,145,"c(""Frankie Bordeaux"", "" Garrick Shannon"", "" Keith Fogleman"")","Baltimore, MD",Physical Education Complex,4100,NA,NA,NA,NA,NA,NA,NA,NA,NA,Coppin State,UNC Greensboro,FALSE
401268091,2020-12-10,Coppin State,UNC Greensboro,170,1,3:11,1391,1391,Mohammed Abdulsalam Turnover.,25,30,-5,20,0.027393376185225096,0.3307355059164135,3,3,-21.5,145,"c(""Frankie Bordeaux"", "" Garrick Shannon"", "" Keith Fogleman"")","Baltimore, MD",Physical Education Complex,4100,NA,NA,NA,NA,NA,NA,NA,NA,NA,UNC Greensboro,Coppin State,FALSE
401268091,2020-12-10,Coppin State,UNC Greensboro,171,1,3:08,1388,1388,Official TV Timeout,25,30,-5,3,0.02743251249806414,0.3305313408750089,3,3,-21.5,145,"c(""Frankie Bordeaux"", "" Garrick Shannon"", "" Keith Fogleman"")","Baltimore, MD",Physical Education Complex,4100,NA,NA,NA,NA,NA,NA,NA,NA,NA,Coppin State,Coppin State,FALSE
401268091,2020-12-10,Coppin State,UNC Greensboro,172,1,2:56,1376,1376,Isaiah Gross missed Three Point Jumper.,25,30,-5,12,0.027591119983115826,0.3297182885817541,3,3,-21.5,145,"c(""Frankie Bordeaux"", "" Garrick Shannon"", "" Keith Fogleman"")","Baltimore, MD",Physical Education Complex,4100,NA,NA,NA,Coppin State,missed,Isaiah Gross,NA,TRUE,FALSE,Coppin State,UNC Greensboro,FALSE
401268091,2020-12-10,Coppin State,UNC Greensboro,173,1,2:56,1376,1376,Isaiah Miller Defensive Rebound.,25,30,-5,0,0.027591119983115826,0.3297182885817541,3,3,-21.5,145,"c(""Frankie Bordeaux"", "" Garrick Shannon"", "" Keith Fogleman"")","Baltimore, MD",Physical Education Complex,4100,NA,NA,NA,NA,NA,NA,NA,NA,NA,Coppin State,UNC Greensboro,FALSE
401268091,2020-12-10,Coppin State,UNC Greensboro,174,1,2:34,1354,1354,Isaiah Miller made Layup.,25,32,-7,22,0.021088371368722828,0.26841772447719653,3,3,-21.5,145,"c(""Frankie Bordeaux"", "" Garrick Shannon"", "" Keith Fogleman"")","Baltimore, MD",Physical Education Complex,4100,NA,NA,NA,UNC Greensboro,made,Isaiah Miller,NA,FALSE,FALSE,UNC Greensboro,Coppin State,FALSE
401268091,2020-12-10,Coppin State,UNC Greensboro,175,1,2:34,1354,1354,Foul on Chereef Knox.,25,32,-7,0,0.021088371368722828,0.26841772447719653,3,3,-21.5,145,"c(""Frankie Bordeaux"", "" Garrick Shannon"", "" Keith Fogleman"")","Baltimore, MD",Physical Education Complex,4100,NA,NA,NA,NA,NA,NA,NA,NA,NA,UNC Greensboro,UNC Greensboro,FALSE
401268091,2020-12-10,Coppin State,UNC Greensboro,176,1,2:34,1354,1354,Isaiah Miller made Free Throw.,25,33,-8,0,0.018325657570720345,0.2412381863829461,3,3,-21.5,145,"c(""Frankie Bordeaux"", "" Garrick Shannon"", "" Keith Fogleman"")","Baltimore, MD",Physical Education Complex,4100,NA,NA,NA,UNC Greensboro,made,Isaiah Miller,NA,FALSE,TRUE,UNC Greensboro,Coppin State,FALSE
401268091,2020-12-10,Coppin State,UNC Greensboro,177,1,2:28,1348,1348,Anthony Tarke Turnover.,25,33,-8,6,0.018360347572985995,0.24069851354905714,3,3,-21.5,145,"c(""Frankie Bordeaux"", "" Garrick Shannon"", "" Keith Fogleman"")","Baltimore, MD",Physical Education Complex,4100,NA,NA,NA,NA,NA,NA,NA,NA,NA,Coppin State,UNC Greensboro,FALSE
401268091,2020-12-10,Coppin State,UNC Greensboro,178,1,2:24,1344,1344,Dericko Williams Steal.,25,33,-8,4,0.018383507358589818,0.2403379735826388,3,3,-21.5,145,"c(""Frankie Bordeaux"", "" Garrick Shannon"", "" Keith Fogleman"")","Baltimore, MD",Physical Education Complex,4100,NA,NA,NA,NA,NA,NA,NA,NA,NA,Coppin State,UNC Greensboro,FALSE
401268091,2020-12-10,Coppin State,UNC Greensboro,179,1,2:21,1341,1341,Kaleb Hunter missed Three Point Jumper.,25,33,-8,3,0.018400878187811196,0.2400670421645096,3,3,-21.5,145,"c(""Frankie Bordeaux"", "" Garrick Shannon"", "" Keith Fogleman"")","Baltimore, MD",Physical Education Complex,4100,NA,NA,NA,UNC Greensboro,missed,Kaleb Hunter,NA,TRUE,FALSE,UNC Greensboro,Coppin State,FALSE
401268091,2020-12-10,Coppin State,UNC Greensboro,180,1,2:21,1341,1341,Isaiah Gross Defensive Rebound.,25,33,-8,0,0.018400878187811196,0.2400670421645096,3,3,-21.5,145,"c(""Frankie Bordeaux"", "" Garrick Shannon"", "" Keith Fogleman"")","Baltimore, MD",Physical Education Complex,4100,NA,NA,NA,NA,NA,NA,NA,NA,NA,UNC Greensboro,Coppin State,FALSE
401268091,2020-12-10,Coppin State,UNC Greensboro,181,1,2:10,1330,1330,Foul on Kobe Langley.,25,33,-8,11,0.018464410764400814,0.2390684704247863,3,3,-21.5,145,"c(""Frankie Bordeaux"", "" Garrick Shannon"", "" Keith Fogleman"")","Baltimore, MD",Physical Education Complex,4100,NA,NA,NA,NA,NA,NA,NA,NA,NA,Coppin State,Coppin State,FALSE
401268091,2020-12-10,Coppin State,UNC Greensboro,182,1,2:10,1330,1330,Anthony Tarke made Free Throw.,26,33,-7,0,0.02127852064397721,0.2663796313952005,3,3,-21.5,145,"c(""Frankie Bordeaux"", "" Garrick Shannon"", "" Keith Fogleman"")","Baltimore, MD",Physical Education Complex,4100,NA,NA,NA,Coppin State,made,Anthony Tarke,NA,FALSE,TRUE,Coppin State,Coppin State,FALSE
401268091,2020-12-10,Coppin State,UNC Greensboro,183,1,2:10,1330,1330,Anthony Tarke made Free Throw.,27,33,-6,0,0.024510811025639158,0.2955987822067192,3,3,-21.5,145,"c(""Frankie Bordeaux"", "" Garrick Shannon"", "" Keith Fogleman"")","Baltimore, MD",Physical Education Complex,4100,NA,NA,NA,Coppin State,made,Anthony Tarke,NA,FALSE,TRUE,Coppin State,UNC Greensboro,FALSE
401268091,2020-12-10,Coppin State,UNC Greensboro,184,1,2:00,1320,1320,Kaleb Hunter missed Layup.,27,33,-6,10,0.024616598383715285,0.2948110138907111,3,3,-21.5,145,"c(""Frankie Bordeaux"", "" Garrick Shannon"", "" Keith Fogleman"")","Baltimore, MD",Physical Education Complex,4100,NA,NA,NA,UNC Greensboro,missed,Kaleb Hunter,NA,FALSE,FALSE,UNC Greensboro,Coppin State,FALSE
401268091,2020-12-10,Coppin State,UNC Greensboro,185,1,2:00,1320,1320,Chereef Knox Block.,27,33,-6,0,0.024616598383715285,0.2948110138907111,3,3,-21.5,145,"c(""Frankie Bordeaux"", "" Garrick Shannon"", "" Keith Fogleman"")","Baltimore, MD",Physical Education Complex,4100,NA,NA,NA,NA,NA,NA,NA,NA,NA,UNC Greensboro,Coppin State,FALSE
401268091,2020-12-10,Coppin State,UNC Greensboro,186,1,1:57,1317,1317,Dwaine Jones Jr. Defensive Rebound.,27,33,-6,3,0.02464825886555315,0.294572649472317,3,3,-21.5,145,"c(""Frankie Bordeaux"", "" Garrick Shannon"", "" Keith Fogleman"")","Baltimore, MD",Physical Education Complex,4100,NA,NA,NA,NA,NA,NA,NA,NA,NA,UNC Greensboro,Coppin State,FALSE
401268091,2020-12-10,Coppin State,UNC Greensboro,187,1,1:52,1312,1312,Dwaine Jones Jr. made Layup.,29,33,-4,5,0.032793857648329476,0.35813497872322597,3,3,-21.5,145,"c(""Frankie Bordeaux"", "" Garrick Shannon"", "" Keith Fogleman"")","Baltimore, MD",Physical Education Complex,4100,NA,NA,NA,Coppin State,made,Dwaine Jones Jr.,NA,FALSE,FALSE,Coppin State,UNC Greensboro,FALSE
401268091,2020-12-10,Coppin State,UNC Greensboro,188,1,1:43,1303,1303,Isaiah Miller missed Jumper.,29,33,-4,9,0.03295514221373035,0.3575976806911845,3,3,-21.5,145,"c(""Frankie Bordeaux"", "" Garrick Shannon"", "" Keith Fogleman"")","Baltimore, MD",Physical Education Complex,4100,NA,NA,NA,UNC Greensboro,missed,Isaiah Miller,NA,FALSE,FALSE,UNC Greensboro,Coppin State,FALSE
401268091,2020-12-10,Coppin State,UNC Greensboro,189,1,1:43,1303,1303,Chereef Knox Defensive Rebound.,29,33,-4,0,0.03295514221373035,0.3575976806911845,3,3,-21.5,145,"c(""Frankie Bordeaux"", "" Garrick Shannon"", "" Keith Fogleman"")","Baltimore, MD",Physical Education Complex,4100,NA,NA,NA,NA,NA,NA,NA,NA,NA,UNC Greensboro,Coppin State,FALSE
401268091,2020-12-10,Coppin State,UNC Greensboro,190,1,1:41,1301,1301,Chereef Knox made Free Throw.,30,33,-3,2,0.03800134692624217,0.39180088913456795,3,3,-21.5,145,"c(""Frankie Bordeaux"", "" Garrick Shannon"", "" Keith Fogleman"")","Baltimore, MD",Physical Education Complex,4100,NA,NA,NA,Coppin State,made,Chereef Knox,NA,FALSE,TRUE,Coppin State,Coppin State,FALSE
401268091,2020-12-10,Coppin State,UNC Greensboro,191,1,1:41,1301,1301,Chereef Knox made Free Throw.,31,33,-2,0,0.043738252822811664,0.42722903042319654,3,3,-21.5,145,"c(""Frankie Bordeaux"", "" Garrick Shannon"", "" Keith Fogleman"")","Baltimore, MD",Physical Education Complex,4100,NA,NA,NA,Coppin State,made,Chereef Knox,NA,FALSE,TRUE,Coppin State,Coppin State,FALSE
401268091,2020-12-10,Coppin State,UNC Greensboro,192,1,1:40,1300,1300,Foul on Dericko Williams.,31,33,-2,1,0.043767235003170174,0.4271968039869442,3,3,-21.5,145,"c(""Frankie Bordeaux"", "" Garrick Shannon"", "" Keith Fogleman"")","Baltimore, MD",Physical Education Complex,4100,NA,NA,NA,NA,NA,NA,NA,NA,NA,Coppin State,UNC Greensboro,FALSE
401268091,2020-12-10,Coppin State,UNC Greensboro,193,1,1:29,1289,1289,Dericko Williams Turnover.,31,33,-2,11,0.0440867438382742,0.42683770477918004,3,3,-21.5,145,"c(""Frankie Bordeaux"", "" Garrick Shannon"", "" Keith Fogleman"")","Baltimore, MD",Physical Education Complex,4100,NA,NA,NA,NA,NA,NA,NA,NA,NA,UNC Greensboro,Coppin State,FALSE
401268091,2020-12-10,Coppin State,UNC Greensboro,194,1,1:29,1289,1289,Kyle Cardaci made Three Point Jumper. Assisted by Anthony Tarke.,34,33,1,0,0.06695951276736212,0.5367790810008528,3,3,-21.5,145,"c(""Frankie Bordeaux"", "" Garrick Shannon"", "" Keith Fogleman"")","Baltimore, MD",Physical Education Complex,4100,NA,NA,NA,Coppin State,made,Kyle Cardaci,Anthony Tarke,TRUE,FALSE,Coppin State,UNC Greensboro,FALSE
401268091,2020-12-10,Coppin State,UNC Greensboro,195,1,1:01,1261,1261,Dericko Williams made Layup. Assisted by Isaiah Miller.,34,35,-1,28,0.05176156310745787,0.4627333887289013,3,3,-21.5,145,"c(""Frankie Bordeaux"", "" Garrick Shannon"", "" Keith Fogleman"")","Baltimore, MD",Physical Education Complex,4100,NA,NA,NA,UNC Greensboro,made,Dericko Williams,Isaiah Miller,FALSE,FALSE,UNC Greensboro,Coppin State,FALSE
401268091,2020-12-10,Coppin State,UNC Greensboro,196,1,1:01,1261,1261,Foul on Nendah Tarke.,34,35,-1,0,0.05176156310745787,0.4627333887289013,3,3,-21.5,145,"c(""Frankie Bordeaux"", "" Garrick Shannon"", "" Keith Fogleman"")","Baltimore, MD",Physical Education Complex,4100,NA,NA,NA,NA,NA,NA,NA,NA,NA,UNC Greensboro,UNC Greensboro,FALSE
401268091,2020-12-10,Coppin State,UNC Greensboro,197,1,0:49,1249,1249,Foul on Kaleb Hunter.,34,35,-1,12,0.0522059516732481,0.462512318079211,3,3,-21.5,145,"c(""Frankie Bordeaux"", "" Garrick Shannon"", "" Keith Fogleman"")","Baltimore, MD",Physical Education Complex,4100,NA,NA,NA,NA,NA,NA,NA,NA,NA,Coppin State,UNC Greensboro,FALSE
401268091,2020-12-10,Coppin State,UNC Greensboro,198,1,0:49,1249,1249,Dwaine Jones Jr. made Free Throw.,35,35,0,0,0.0601596548496939,0.5,3,3,-21.5,145,"c(""Frankie Bordeaux"", "" Garrick Shannon"", "" Keith Fogleman"")","Baltimore, MD",Physical Education Complex,4100,NA,NA,NA,Coppin State,made,Dwaine Jones Jr.,NA,FALSE,TRUE,Coppin State,Coppin State,FALSE
401268091,2020-12-10,Coppin State,UNC Greensboro,199,1,0:49,1249,1249,Dwaine Jones Jr. missed Free Throw.,35,35,0,0,0.0601596548496939,0.5,3,3,-21.5,145,"c(""Frankie Bordeaux"", "" Garrick Shannon"", "" Keith Fogleman"")","Baltimore, MD",Physical Education Complex,4100,NA,NA,NA,Coppin State,missed,Dwaine Jones Jr.,NA,FALSE,TRUE,Coppin State,UNC Greensboro,FALSE
401268091,2020-12-10,Coppin State,UNC Greensboro,200,1,0:49,1249,1249,Bas Leyte Defensive Rebound.,35,35,0,0,0.0601596548496939,0.5,3,3,-21.5,145,"c(""Frankie Bordeaux"", "" Garrick Shannon"", "" Keith Fogleman"")","Baltimore, MD",Physical Education Complex,4100,NA,NA,NA,NA,NA,NA,NA,NA,NA,Coppin State,UNC Greensboro,FALSE
401268091,2020-12-10,Coppin State,UNC Greensboro,201,1,0:39,1239,1239,Isaiah Miller missed Layup.,35,35,0,10,0.060627542440953995,0.5,3,3,-21.5,145,"c(""Frankie Bordeaux"", "" Garrick Shannon"", "" Keith Fogleman"")","Baltimore, MD",Physical Education Complex,4100,NA,NA,NA,UNC Greensboro,missed,Isaiah Miller,NA,FALSE,FALSE,UNC Greensboro,Coppin State,FALSE
401268091,2020-12-10,Coppin State,UNC Greensboro,202,1,0:39,1239,1239,Dwaine Jones Jr. Defensive Rebound.,35,35,0,0,0.060627542440953995,0.5,3,3,-21.5,145,"c(""Frankie Bordeaux"", "" Garrick Shannon"", "" Keith Fogleman"")","Baltimore, MD",Physical Education Complex,4100,NA,NA,NA,NA,NA,NA,NA,NA,NA,UNC Greensboro,Coppin State,FALSE
401268091,2020-12-10,Coppin State,UNC Greensboro,203,1,0:14,1214,1214,Anthony Tarke Turnover.,35,35,0,25,0.0618081471951501,0.5,3,3,-21.5,145,"c(""Frankie Bordeaux"", "" Garrick Shannon"", "" Keith Fogleman"")","Baltimore, MD",Physical Education Complex,4100,NA,NA,NA,NA,NA,NA,NA,NA,NA,Coppin State,UNC Greensboro,FALSE
401268091,2020-12-10,Coppin State,UNC Greensboro,204,1,0:05,1205,1205,Angelo Allegri Turnover.,35,35,0,9,0.0622362685857784,0.5,3,3,-21.5,145,"c(""Frankie Bordeaux"", "" Garrick Shannon"", "" Keith Fogleman"")","Baltimore, MD",Physical Education Complex,4100,NA,NA,NA,NA,NA,NA,NA,NA,NA,UNC Greensboro,Coppin State,FALSE
401268091,2020-12-10,Coppin State,UNC Greensboro,205,1,0:00,1200,1200,Dwaine Jones Jr. missed Three Point Jumper.,35,35,0,5,0.06247441883391567,0.5,3,3,-21.5,145,"c(""Frankie Bordeaux"", "" Garrick Shannon"", "" Keith Fogleman"")","Baltimore, MD",Physical Education Complex,4100,NA,NA,NA,Coppin State,missed,Dwaine Jones Jr.,NA,TRUE,FALSE,Coppin State,UNC Greensboro,FALSE
401268091,2020-12-10,Coppin State,UNC Greensboro,206,1,0:00,1200,1200,Bas Leyte Defensive Rebound.,35,35,0,0,0.06247441883391567,0.5,3,3,-21.5,145,"c(""Frankie Bordeaux"", "" Garrick Shannon"", "" Keith Fogleman"")","Baltimore, MD",Physical Education Complex,4100,NA,NA,NA,NA,NA,NA,NA,NA,NA,Coppin State,UNC Greensboro,FALSE
401268091,2020-12-10,Coppin State,UNC Greensboro,207,1,0:00,1200,1200,End of 1st half,35,35,0,0,0.06247441883391567,0.5,3,3,-21.5,145,"c(""Frankie Bordeaux"", "" Garrick Shannon"", "" Keith Fogleman"")","Baltimore, MD",Physical Education Complex,4100,NA,NA,NA,NA,NA,NA,NA,NA,NA,UNC Greensboro,NA,FALSE
401268091,2020-12-10,Coppin State,UNC Greensboro,208,2,20:00,1200,1200,PLAY,35,35,0,0,0.06247441883391567,0.5,4,4,-21.5,145,"c(""Frankie Bordeaux"", "" Garrick Shannon"", "" Keith Fogleman"")","Baltimore, MD",Physical Education Complex,4100,NA,NA,NA,NA,NA,NA,NA,NA,NA,NA,Coppin State,FALSE
401268091,2020-12-10,Coppin State,UNC Greensboro,209,2,19:55,1195,1195,Anthony Tarke made Layup.,37,35,2,5,0.0835452716850081,0.5767144681000725,4,4,-21.5,145,"c(""Frankie Bordeaux"", "" Garrick Shannon"", "" Keith Fogleman"")","Baltimore, MD",Physical Education Complex,4100,NA,NA,NA,Coppin State,made,Anthony Tarke,NA,FALSE,FALSE,Coppin State,UNC Greensboro,FALSE
401268091,2020-12-10,Coppin State,UNC Greensboro,210,2,19:50,1190,1190,Hayden Koval missed Three Point Jumper.,37,35,2,5,0.0839200659863174,0.5769176982761992,4,4,-21.5,145,"c(""Frankie Bordeaux"", "" Garrick Shannon"", "" Keith Fogleman"")","Baltimore, MD",Physical Education Complex,4100,NA,NA,NA,UNC Greensboro,missed,Hayden Koval,NA,TRUE,FALSE,UNC Greensboro,Coppin State,FALSE
401268091,2020-12-10,Coppin State,UNC Greensboro,211,2,19:50,1190,1190,Anthony Tarke Defensive Rebound.,37,35,2,0,0.0839200659863174,0.5769176982761992,4,4,-21.5,145,"c(""Frankie Bordeaux"", "" Garrick Shannon"", "" Keith Fogleman"")","Baltimore, MD",Physical Education Complex,4100,NA,NA,NA,NA,NA,NA,NA,NA,NA,UNC Greensboro,Coppin State,FALSE
401268091,2020-12-10,Coppin State,UNC Greensboro,212,2,19:46,1186,1186,Foul on Mohammed Abdulsalam.,37,35,2,4,0.08422009054933076,0.5770790200854459,4,4,-21.5,145,"c(""Frankie Bordeaux"", "" Garrick Shannon"", "" Keith Fogleman"")","Baltimore, MD",Physical Education Complex,4100,NA,NA,NA,NA,NA,NA,NA,NA,NA,Coppin State,Coppin State,FALSE
401268091,2020-12-10,Coppin State,UNC Greensboro,213,2,19:22,1162,1162,Koby Thomas missed Jumper.,37,35,2,24,0.08602671146797282,0.5780283300552139,4,4,-21.5,145,"c(""Frankie Bordeaux"", "" Garrick Shannon"", "" Keith Fogleman"")","Baltimore, MD",Physical Education Complex,4100,NA,NA,NA,Coppin State,missed,Koby Thomas,NA,FALSE,FALSE,Coppin State,UNC Greensboro,FALSE
401268091,2020-12-10,Coppin State,UNC Greensboro,214,2,19:22,1162,1162,Isaiah Miller Defensive Rebound.,37,35,2,0,0.08602671146797282,0.5780283300552139,4,4,-21.5,145,"c(""Frankie Bordeaux"", "" Garrick Shannon"", "" Keith Fogleman"")","Baltimore, MD",Physical Education Complex,4100,NA,NA,NA,NA,NA,NA,NA,NA,NA,Coppin State,UNC Greensboro,FALSE
401268091,2020-12-10,Coppin State,UNC Greensboro,215,2,19:13,1153,1153,Kaleb Hunter missed Jumper.,37,35,2,9,0.08670856647083598,0.5783785381709479,4,4,-21.5,145,"c(""Frankie Bordeaux"", "" Garrick Shannon"", "" Keith Fogleman"")","Baltimore, MD",Physical Education Complex,4100,NA,NA,NA,UNC Greensboro,missed,Kaleb Hunter,NA,FALSE,FALSE,UNC Greensboro,Coppin State,FALSE
401268091,2020-12-10,Coppin State,UNC Greensboro,216,2,19:13,1153,1153,Anthony Tarke Block.,37,35,2,0,0.08670856647083598,0.5783785381709479,4,4,-21.5,145,"c(""Frankie Bordeaux"", "" Garrick Shannon"", "" Keith Fogleman"")","Baltimore, MD",Physical Education Complex,4100,NA,NA,NA,NA,NA,NA,NA,NA,NA,UNC Greensboro,Coppin State,FALSE
401268091,2020-12-10,Coppin State,UNC Greensboro,217,2,19:11,1151,1151,Koby Thomas Defensive Rebound.,37,35,2,2,0.08686052298407887,0.5784561050861952,4,4,-21.5,145,"c(""Frankie Bordeaux"", "" Garrick Shannon"", "" Keith Fogleman"")","Baltimore, MD",Physical Education Complex,4100,NA,NA,NA,NA,NA,NA,NA,NA,NA,UNC Greensboro,Coppin State,FALSE
401268091,2020-12-10,Coppin State,UNC Greensboro,218,2,19:07,1147,1147,Anthony Tarke made Layup. Assisted by Koby Thomas.,39,35,4,4,0.11591678909905574,0.6534294869025121,4,4,-21.5,145,"c(""Frankie Bordeaux"", "" Garrick Shannon"", "" Keith Fogleman"")","Baltimore, MD",Physical Education Complex,4100,NA,NA,NA,Coppin State,made,Anthony Tarke,Koby Thomas,FALSE,FALSE,Coppin State,UNC Greensboro,FALSE
401268091,2020-12-10,Coppin State,UNC Greensboro,219,2,19:07,1147,1147,Foul on Angelo Allegri.,39,35,4,0,0.11591678909905574,0.6534294869025121,4,4,-21.5,145,"c(""Frankie Bordeaux"", "" Garrick Shannon"", "" Keith Fogleman"")","Baltimore, MD",Physical Education Complex,4100,NA,NA,NA,NA,NA,NA,NA,NA,NA,Coppin State,UNC Greensboro,FALSE
401268091,2020-12-10,Coppin State,UNC Greensboro,220,2,19:07,1147,1147,Anthony Tarke made Free Throw.,40,35,5,0,0.1331786421819421,0.6884076490398987,4,4,-21.5,145,"c(""Frankie Bordeaux"", "" Garrick Shannon"", "" Keith Fogleman"")","Baltimore, MD",Physical Education Complex,4100,NA,NA,NA,Coppin State,made,Anthony Tarke,NA,FALSE,TRUE,Coppin State,UNC Greensboro,FALSE
401268091,2020-12-10,Coppin State,UNC Greensboro,221,2,18:44,1124,1124,Kaleb Hunter missed Layup.,40,35,5,23,0.1363830429472753,0.6903615885161296,4,4,-21.5,145,"c(""Frankie Bordeaux"", "" Garrick Shannon"", "" Keith Fogleman"")","Baltimore, MD",Physical Education Complex,4100,NA,NA,NA,UNC Greensboro,missed,Kaleb Hunter,NA,FALSE,FALSE,UNC Greensboro,UNC Greensboro,FALSE
401268091,2020-12-10,Coppin State,UNC Greensboro,222,2,18:44,1124,1124,UNC Greensboro Offensive Rebound.,40,35,5,0,0.1363830429472753,0.6903615885161296,4,4,-21.5,145,"c(""Frankie Bordeaux"", "" Garrick Shannon"", "" Keith Fogleman"")","Baltimore, MD",Physical Education Complex,4100,NA,NA,NA,NA,NA,NA,NA,NA,NA,UNC Greensboro,UNC Greensboro,FALSE
401268091,2020-12-10,Coppin State,UNC Greensboro,223,2,18:28,1108,1108,Isaiah Miller missed Jumper.,40,35,5,16,0.13865631804131553,0.6917279286720982,4,4,-21.5,145,"c(""Frankie Bordeaux"", "" Garrick Shannon"", "" Keith Fogleman"")","Baltimore, MD",Physical Education Complex,4100,NA,NA,NA,UNC Greensboro,missed,Isaiah Miller,NA,FALSE,FALSE,UNC Greensboro,UNC Greensboro,FALSE
401268091,2020-12-10,Coppin State,UNC Greensboro,224,2,18:28,1108,1108,Mohammed Abdulsalam Offensive Rebound.,40,35,5,0,0.13865631804131553,0.6917279286720982,4,4,-21.5,145,"c(""Frankie Bordeaux"", "" Garrick Shannon"", "" Keith Fogleman"")","Baltimore, MD",Physical Education Complex,4100,NA,NA,NA,NA,NA,NA,NA,NA,NA,UNC Greensboro,UNC Greensboro,FALSE
401268091,2020-12-10,Coppin State,UNC Greensboro,225,2,18:08,1088,1088,Isaiah Miller made Layup.,40,37,3,20,0.10632061793938147,0.6200639573376674,4,4,-21.5,145,"c(""Frankie Bordeaux"", "" Garrick Shannon"", "" Keith Fogleman"")","Baltimore, MD",Physical Education Complex,4100,NA,NA,NA,UNC Greensboro,made,Isaiah Miller,NA,FALSE,FALSE,UNC Greensboro,Coppin State,FALSE
401268091,2020-12-10,Coppin State,UNC Greensboro,226,2,17:51,1071,1071,Chereef Knox made Three Point Jumper. Assisted by Dwaine Jones Jr..,43,37,6,17,0.16564256384261122,0.7287350020656941,4,4,-21.5,145,"c(""Frankie Bordeaux"", "" Garrick Shannon"", "" Keith Fogleman"")","Baltimore, MD",Physical Education Complex,4100,NA,NA,NA,Coppin State,made,Chereef Knox,Dwaine Jones Jr,TRUE,FALSE,Coppin State,UNC Greensboro,FALSE
401268091,2020-12-10,Coppin State,UNC Greensboro,227,2,17:30,1050,1050,Angelo Allegri missed Jumper.,43,37,6,21,0.16955555589568536,0.7309123367672583,4,4,-21.5,145,"c(""Frankie Bordeaux"", "" Garrick Shannon"", "" Keith Fogleman"")","Baltimore, MD",Physical Education Complex,4100,NA,NA,NA,UNC Greensboro,missed,Angelo Allegri,NA,FALSE,FALSE,UNC Greensboro,UNC Greensboro,FALSE
401268091,2020-12-10,Coppin State,UNC Greensboro,228,2,17:30,1050,1050,Kaleb Hunter Offensive Rebound.,43,37,6,0,0.16955555589568536,0.7309123367672583,4,4,-21.5,145,"c(""Frankie Bordeaux"", "" Garrick Shannon"", "" Keith Fogleman"")","Baltimore, MD",Physical Education Complex,4100,NA,NA,NA,NA,NA,NA,NA,NA,NA,UNC Greensboro,UNC Greensboro,FALSE
401268091,2020-12-10,Coppin State,UNC Greensboro,229,2,17:10,1030,1030,Hayden Koval missed Three Point Jumper.,43,37,6,20,0.1734605761757692,0.7330916577687563,4,4,-21.5,145,"c(""Frankie Bordeaux"", "" Garrick Shannon"", "" Keith Fogleman"")","Baltimore, MD",Physical Education Complex,4100,NA,NA,NA,UNC Greensboro,missed,Hayden Koval,NA,TRUE,FALSE,UNC Greensboro,Coppin State,FALSE
401268091,2020-12-10,Coppin State,UNC Greensboro,230,2,17:10,1030,1030,Anthony Tarke Defensive Rebound.,43,37,6,0,0.1734605761757692,0.7330916577687563,4,4,-21.5,145,"c(""Frankie Bordeaux"", "" Garrick Shannon"", "" Keith Fogleman"")","Baltimore, MD",Physical Education Complex,4100,NA,NA,NA,NA,NA,NA,NA,NA,NA,UNC Greensboro,Coppin State,FALSE
401268091,2020-12-10,Coppin State,UNC Greensboro,231,2,17:04,1024,1024,Nendah Tarke made Dunk. Assisted by Anthony Tarke.,45,37,8,6,0.22882898169012586,0.7944195961038963,4,4,-21.5,145,"c(""Frankie Bordeaux"", "" Garrick Shannon"", "" Keith Fogleman"")","Baltimore, MD",Physical Education Complex,4100,NA,NA,NA,Coppin State,made,Nendah Tarke,Anthony Tarke,FALSE,FALSE,Coppin State,UNC Greensboro,FALSE
401268091,2020-12-10,Coppin State,UNC Greensboro,232,2,17:01,1021,1021,UNC Greensboro  Timeout,45,37,8,3,0.22968208593454906,0.7948021177937065,3,4,-21.5,145,"c(""Frankie Bordeaux"", "" Garrick Shannon"", "" Keith Fogleman"")","Baltimore, MD",Physical Education Complex,4100,NA,NA,NA,NA,NA,NA,NA,NA,NA,UNC Greensboro,UNC Greensboro,FALSE
401268091,2020-12-10,Coppin State,UNC Greensboro,233,2,17:01,1021,1021,Official TV Timeout,45,37,8,0,0.22968208593454906,0.7948021177937065,3,4,-21.5,145,"c(""Frankie Bordeaux"", "" Garrick Shannon"", "" Keith Fogleman"")","Baltimore, MD",Physical Education Complex,4100,NA,NA,NA,NA,NA,NA,NA,NA,NA,UNC Greensboro,UNC Greensboro,FALSE
401268091,2020-12-10,Coppin State,UNC Greensboro,234,2,16:42,1002,1002,Isaiah Miller missed Layup.,45,37,8,19,0.23526144447113878,0.7973031838488731,3,4,-21.5,145,"c(""Frankie Bordeaux"", "" Garrick Shannon"", "" Keith Fogleman"")","Baltimore, MD",Physical Education Complex,4100,NA,NA,NA,UNC Greensboro,missed,Isaiah Miller,NA,FALSE,FALSE,UNC Greensboro,Coppin State,FALSE
401268091,2020-12-10,Coppin State,UNC Greensboro,235,2,16:42,1002,1002,Koby Thomas Defensive Rebound.,45,37,8,0,0.23526144447113878,0.7973031838488731,3,4,-21.5,145,"c(""Frankie Bordeaux"", "" Garrick Shannon"", "" Keith Fogleman"")","Baltimore, MD",Physical Education Complex,4100,NA,NA,NA,NA,NA,NA,NA,NA,NA,UNC Greensboro,Coppin State,FALSE
401268091,2020-12-10,Coppin State,UNC Greensboro,236,2,16:25,985,985,Koby Thomas Turnover.,45,37,8,17,0.24053778837009207,0.7996672192119463,3,4,-21.5,145,"c(""Frankie Bordeaux"", "" Garrick Shannon"", "" Keith Fogleman"")","Baltimore, MD",Physical Education Complex,4100,NA,NA,NA,NA,NA,NA,NA,NA,NA,Coppin State,UNC Greensboro,FALSE
401268091,2020-12-10,Coppin State,UNC Greensboro,237,2,16:24,984,984,Kaleb Hunter Steal.,45,37,8,1,0.24085727215917038,0.79981030096777594,3,4,-21.5,145,"c(""Frankie Bordeaux"", "" Garrick Shannon"", "" Keith Fogleman"")","Baltimore, MD",Physical Education Complex,4100,NA,NA,NA,NA,NA,NA,NA,NA,NA,Coppin State,UNC Greensboro,FALSE
401268091,2020-12-10,Coppin State,UNC Greensboro,238,2,16:23,983,983,Kaleb Hunter made Layup.,45,39,6,1,0.183511650362416,0.7387543770619364,3,4,-21.5,145,"c(""Frankie Bordeaux"", "" Garrick Shannon"", "" Keith Fogleman"")","Baltimore, MD",Physical Education Complex,4100,NA,NA,NA,UNC Greensboro,made,Kaleb Hunter,NA,FALSE,FALSE,UNC Greensboro,Coppin State,FALSE
401268091,2020-12-10,Coppin State,UNC Greensboro,239,2,16:12,972,972,Nendah Tarke made Layup. Assisted by Anthony Tarke.,47,39,8,11,0.2447754957132955,0.8015641969897638,3,4,-21.5,145,"c(""Frankie Bordeaux"", "" Garrick Shannon"", "" Keith Fogleman"")","Baltimore, MD",Physical Education Complex,4100,NA,NA,NA,Coppin State,made,Nendah Tarke,Anthony Tarke,FALSE,FALSE,Coppin State,UNC Greensboro,FALSE
401268091,2020-12-10,Coppin State,UNC Greensboro,240,2,16:12,972,972,Foul on Hayden Koval.,47,39,8,0,0.2447754957132955,0.8015641969897638,3,4,-21.5,145,"c(""Frankie Bordeaux"", "" Garrick Shannon"", "" Keith Fogleman"")","Baltimore, MD",Physical Education Complex,4100,NA,NA,NA,NA,NA,NA,NA,NA,NA,Coppin State,UNC Greensboro,FALSE
401268091,2020-12-10,Coppin State,UNC Greensboro,241,2,16:12,972,972,Nendah Tarke made Free Throw.,48,39,9,0,0.2784503976114435,0.8278708156920621,3,4,-21.5,145,"c(""Frankie Bordeaux"", "" Garrick Shannon"", "" Keith Fogleman"")","Baltimore, MD",Physical Education Complex,4100,NA,NA,NA,Coppin State,made,Nendah Tarke,NA,FALSE,TRUE,Coppin State,UNC Greensboro,FALSE
401268091,2020-12-10,Coppin State,UNC Greensboro,242,2,15:59,959,959,Isaiah Miller made Jumper.,48,41,7,13,0.21761056747368257,0.7741750853344888,3,4,-21.5,145,"c(""Frankie Bordeaux"", "" Garrick Shannon"", "" Keith Fogleman"")","Baltimore, MD",Physical Education Complex,4100,NA,NA,NA,UNC Greensboro,made,Isaiah Miller,NA,FALSE,FALSE,UNC Greensboro,Coppin State,FALSE
401268091,2020-12-10,Coppin State,UNC Greensboro,243,2,15:44,944,944,Chereef Knox made Three Point Jumper. Assisted by Anthony Tarke.,51,41,10,15,0.3266385149530983,0.8552053426390729,3,4,-21.5,145,"c(""Frankie Bordeaux"", "" Garrick Shannon"", "" Keith Fogleman"")","Baltimore, MD",Physical Education Complex,4100,NA,NA,NA,Coppin State,made,Chereef Knox,Anthony Tarke,TRUE,FALSE,Coppin State,UNC Greensboro,FALSE
401268091,2020-12-10,Coppin State,UNC Greensboro,244,2,15:31,931,931,Isaiah Miller missed Jumper.,51,41,10,13,0.33174102200426897,0.8567989645134326,3,4,-21.5,145,"c(""Frankie Bordeaux"", "" Garrick Shannon"", "" Keith Fogleman"")","Baltimore, MD",Physical Education Complex,4100,NA,NA,NA,UNC Greensboro,missed,Isaiah Miller,NA,FALSE,FALSE,UNC Greensboro,Coppin State,FALSE
401268091,2020-12-10,Coppin State,UNC Greensboro,245,2,15:31,931,931,Koby Thomas Defensive Rebound.,51,41,10,0,0.33174102200426897,0.8567989645134326,3,4,-21.5,145,"c(""Frankie Bordeaux"", "" Garrick Shannon"", "" Keith Fogleman"")","Baltimore, MD",Physical Education Complex,4100,NA,NA,NA,NA,NA,NA,NA,NA,NA,UNC Greensboro,Coppin State,FALSE
401268091,2020-12-10,Coppin State,UNC Greensboro,246,2,15:01,901,901,Nendah Tarke missed Three Point Jumper.,51,41,10,30,0.34291300513236717,0.8601525816014751,3,4,-21.5,145,"c(""Frankie Bordeaux"", "" Garrick Shannon"", "" Keith Fogleman"")","Baltimore, MD",Physical Education Complex,4100,NA,NA,NA,Coppin State,missed,Nendah Tarke,NA,TRUE,FALSE,Coppin State,UNC Greensboro,FALSE
401268091,2020-12-10,Coppin State,UNC Greensboro,247,2,15:01,901,901,Keyshaun Langley Defensive Rebound.,51,41,10,0,0.34291300513236717,0.8601525816014751,3,4,-21.5,145,"c(""Frankie Bordeaux"", "" Garrick Shannon"", "" Keith Fogleman"")","Baltimore, MD",Physical Education Complex,4100,NA,NA,NA,NA,NA,NA,NA,NA,NA,Coppin State,UNC Greensboro,FALSE
401268091,2020-12-10,Coppin State,UNC Greensboro,248,2,14:54,894,894,Keyshaun Langley Turnover.,51,41,10,7,0.345448052912889,0.8608926778073787,3,4,-21.5,145,"c(""Frankie Bordeaux"", "" Garrick Shannon"", "" Keith Fogleman"")","Baltimore, MD",Physical Education Complex,4100,NA,NA,NA,NA,NA,NA,NA,NA,NA,UNC Greensboro,Coppin State,FALSE
401268091,2020-12-10,Coppin State,UNC Greensboro,249,2,14:54,894,894,Official TV Timeout,51,41,10,0,0.345448052912889,0.8608926778073787,3,4,-21.5,145,"c(""Frankie Bordeaux"", "" Garrick Shannon"", "" Keith Fogleman"")","Baltimore, MD",Physical Education Complex,4100,NA,NA,NA,NA,NA,NA,NA,NA,NA,UNC Greensboro,Coppin State,FALSE
401268091,2020-12-10,Coppin State,UNC Greensboro,250,2,14:50,890,890,Anthony Tarke Turnover.,51,41,10,4,0.3468915772718569,0.8613114256642723,3,4,-21.5,145,"c(""Frankie Bordeaux"", "" Garrick Shannon"", "" Keith Fogleman"")","Baltimore, MD",Physical Education Complex,4100,NA,NA,NA,NA,NA,NA,NA,NA,NA,Coppin State,UNC Greensboro,FALSE
401268091,2020-12-10,Coppin State,UNC Greensboro,251,2,14:39,879,879,Isaiah Miller missed Jumper.,51,41,10,11,0.3508569782934708,0.8624532864469865,3,4,-21.5,145,"c(""Frankie Bordeaux"", "" Garrick Shannon"", "" Keith Fogleman"")","Baltimore, MD",Physical Education Complex,4100,NA,NA,NA,UNC Greensboro,missed,Isaiah Miller,NA,FALSE,FALSE,UNC Greensboro,Coppin State,FALSE
401268091,2020-12-10,Coppin State,UNC Greensboro,252,2,14:39,879,879,Nendah Tarke Defensive Rebound.,51,41,10,0,0.3508569782934708,0.8624532864469865,3,4,-21.5,145,"c(""Frankie Bordeaux"", "" Garrick Shannon"", "" Keith Fogleman"")","Baltimore, MD",Physical Education Complex,4100,NA,NA,NA,NA,NA,NA,NA,NA,NA,UNC Greensboro,Coppin State,FALSE
401268091,2020-12-10,Coppin State,UNC Greensboro,253,2,14:17,857,857,Nendah Tarke made Three Point Jumper. Assisted by Chereef Knox.,54,41,13,22,0.4940838205583544,0.9177200755557019,3,4,-21.5,145,"c(""Frankie Bordeaux"", "" Garrick Shannon"", "" Keith Fogleman"")","Baltimore, MD",Physical Education Complex,4100,NA,NA,NA,Coppin State,made,Nendah Tarke,Chereef Knox,TRUE,FALSE,Coppin State,UNC Greensboro,FALSE
401268091,2020-12-10,Coppin State,UNC Greensboro,254,2,13:59,839,839,Keyshaun Langley made Layup. Assisted by Isaiah Miller.,54,43,11,18,0.41009727714891975,0.8868472395197933,3,4,-21.5,145,"c(""Frankie Bordeaux"", "" Garrick Shannon"", "" Keith Fogleman"")","Baltimore, MD",Physical Education Complex,4100,NA,NA,NA,UNC Greensboro,made,Keyshaun Langley,Isaiah Miller,FALSE,FALSE,UNC Greensboro,Coppin State,FALSE
401268091,2020-12-10,Coppin State,UNC Greensboro,255,2,13:40,820,820,Chereef Knox missed Three Point Jumper.,54,43,11,19,0.4184826783129438,0.8888956127425235,3,4,-21.5,145,"c(""Frankie Bordeaux"", "" Garrick Shannon"", "" Keith Fogleman"")","Baltimore, MD",Physical Education Complex,4100,NA,NA,NA,Coppin State,missed,Chereef Knox,NA,TRUE,FALSE,Coppin State,UNC Greensboro,FALSE
401268091,2020-12-10,Coppin State,UNC Greensboro,256,2,13:40,820,820,Khyre Thompson Defensive Rebound.,54,43,11,0,0.4184826783129438,0.8888956127425235,3,4,-21.5,145,"c(""Frankie Bordeaux"", "" Garrick Shannon"", "" Keith Fogleman"")","Baltimore, MD",Physical Education Complex,4100,NA,NA,NA,NA,NA,NA,NA,NA,NA,Coppin State,UNC Greensboro,FALSE
401268091,2020-12-10,Coppin State,UNC Greensboro,257,2,13:31,811,811,Isaiah Miller made Layup.,54,45,9,9,0.333635915954186,0.8468269729500688,3,4,-21.5,145,"c(""Frankie Bordeaux"", "" Garrick Shannon"", "" Keith Fogleman"")","Baltimore, MD",Physical Education Complex,4100,NA,NA,NA,UNC Greensboro,made,Isaiah Miller,NA,FALSE,FALSE,UNC Greensboro,Coppin State,FALSE
401268091,2020-12-10,Coppin State,UNC Greensboro,258,2,13:31,811,811,Foul on Chereef Knox.,54,45,9,0,0.333635915954186,0.8468269729500688,3,4,-21.5,145,"c(""Frankie Bordeaux"", "" Garrick Shannon"", "" Keith Fogleman"")","Baltimore, MD",Physical Education Complex,4100,NA,NA,NA,NA,NA,NA,NA,NA,NA,UNC Greensboro,UNC Greensboro,FALSE
401268091,2020-12-10,Coppin State,UNC Greensboro,259,2,13:31,811,811,Isaiah Miller made Free Throw.,54,46,8,0,0.2928094916883829,0.8205290840064898,3,4,-21.5,145,"c(""Frankie Bordeaux"", "" Garrick Shannon"", "" Keith Fogleman"")","Baltimore, MD",Physical Education Complex,4100,NA,NA,NA,UNC Greensboro,made,Isaiah Miller,NA,FALSE,TRUE,UNC Greensboro,Coppin State,FALSE
401268091,2020-12-10,Coppin State,UNC Greensboro,260,2,13:21,801,801,Foul on Chereef Knox.,54,46,8,10,0.296252555827198,0.8218276807290397,3,4,-21.5,145,"c(""Frankie Bordeaux"", "" Garrick Shannon"", "" Keith Fogleman"")","Baltimore, MD",Physical Education Complex,4100,NA,NA,NA,NA,NA,NA,NA,NA,NA,Coppin State,UNC Greensboro,FALSE
401268091,2020-12-10,Coppin State,UNC Greensboro,261,2,13:21,801,801,Chereef Knox Turnover.,54,46,8,0,0.296252555827198,0.8218276807290397,3,4,-21.5,145,"c(""Frankie Bordeaux"", "" Garrick Shannon"", "" Keith Fogleman"")","Baltimore, MD",Physical Education Complex,4100,NA,NA,NA,NA,NA,NA,NA,NA,NA,Coppin State,UNC Greensboro,FALSE
401268091,2020-12-10,Coppin State,UNC Greensboro,262,2,13:03,783,783,Angelo Allegri made Jumper.,54,48,6,18,0.22793887381549288,0.7612496445533792,3,4,-21.5,145,"c(""Frankie Bordeaux"", "" Garrick Shannon"", "" Keith Fogleman"")","Baltimore, MD",Physical Education Complex,4100,NA,NA,NA,UNC Greensboro,made,Angelo Allegri,NA,FALSE,FALSE,UNC Greensboro,Coppin State,FALSE
401268091,2020-12-10,Coppin State,UNC Greensboro,263,2,12:35,755,755,Dwaine Jones Jr. missed Jumper.,54,48,6,28,0.2364245045739568,0.7654661994468447,3,4,-21.5,145,"c(""Frankie Bordeaux"", "" Garrick Shannon"", "" Keith Fogleman"")","Baltimore, MD",Physical Education Complex,4100,NA,NA,NA,Coppin State,missed,Dwaine Jones Jr.,NA,FALSE,FALSE,Coppin State,UNC Greensboro,FALSE
401268091,2020-12-10,Coppin State,UNC Greensboro,264,2,12:35,755,755,Angelo Allegri Defensive Rebound.,54,48,6,0,0.2364245045739568,0.7654661994468447,3,4,-21.5,145,"c(""Frankie Bordeaux"", "" Garrick Shannon"", "" Keith Fogleman"")","Baltimore, MD",Physical Education Complex,4100,NA,NA,NA,NA,NA,NA,NA,NA,NA,Coppin State,UNC Greensboro,FALSE
401268091,2020-12-10,Coppin State,UNC Greensboro,265,2,12:26,746,746,Foul on Kyle Cardaci.,54,48,6,9,0.2394750286409661,0.7669840216721993,3,4,-21.5,145,"c(""Frankie Bordeaux"", "" Garrick Shannon"", "" Keith Fogleman"")","Baltimore, MD",Physical Education Complex,4100,NA,NA,NA,NA,NA,NA,NA,NA,NA,UNC Greensboro,UNC Greensboro,FALSE
401268091,2020-12-10,Coppin State,UNC Greensboro,266,2,12:23,743,743,Foul on Isaiah Gross.,54,48,6,3,0.240531362562992,0.7675092300048756,3,4,-21.5,145,"c(""Frankie Bordeaux"", "" Garrick Shannon"", "" Keith Fogleman"")","Baltimore, MD",Physical Education Complex,4100,NA,NA,NA,NA,NA,NA,NA,NA,NA,UNC Greensboro,UNC Greensboro,FALSE
401268091,2020-12-10,Coppin State,UNC Greensboro,267,2,12:23,743,743,Bas Leyte made Free Throw.,54,49,5,0,0.20606359358861062,0.7301236443340238,3,4,-21.5,145,"c(""Frankie Bordeaux"", "" Garrick Shannon"", "" Keith Fogleman"")","Baltimore, MD",Physical Education Complex,4100,NA,NA,NA,UNC Greensboro,made,Bas Leyte,NA,FALSE,TRUE,UNC Greensboro,UNC Greensboro,FALSE
401268091,2020-12-10,Coppin State,UNC Greensboro,268,2,12:23,743,743,Bas Leyte made Free Throw.,54,50,4,0,0.17539433127921403,0.6891610351993017,3,4,-21.5,145,"c(""Frankie Bordeaux"", "" Garrick Shannon"", "" Keith Fogleman"")","Baltimore, MD",Physical Education Complex,4100,NA,NA,NA,UNC Greensboro,made,Bas Leyte,NA,FALSE,TRUE,UNC Greensboro,Coppin State,FALSE
401268091,2020-12-10,Coppin State,UNC Greensboro,269,2,11:58,718,718,Foul on Keyshaun Langley.,54,50,4,25,0.1815395535110738,0.692841457687641,3,4,-21.5,145,"c(""Frankie Bordeaux"", "" Garrick Shannon"", "" Keith Fogleman"")","Baltimore, MD",Physical Education Complex,4100,NA,NA,NA,NA,NA,NA,NA,NA,NA,Coppin State,Coppin State,FALSE
401268091,2020-12-10,Coppin State,UNC Greensboro,270,2,11:58,718,718,Nendah Tarke missed Free Throw.,54,50,4,0,0.1815395535110738,0.692841457687641,3,4,-21.5,145,"c(""Frankie Bordeaux"", "" Garrick Shannon"", "" Keith Fogleman"")","Baltimore, MD",Physical Education Complex,4100,NA,NA,NA,Coppin State,missed,Nendah Tarke,NA,FALSE,TRUE,Coppin State,Coppin State,FALSE
401268091,2020-12-10,Coppin State,UNC Greensboro,271,2,11:58,718,718,Coppin State Deadball Team Rebound.,54,50,4,0,0.1815395535110738,0.692841457687641,3,4,-21.5,145,"c(""Frankie Bordeaux"", "" Garrick Shannon"", "" Keith Fogleman"")","Baltimore, MD",Physical Education Complex,4100,NA,NA,NA,NA,NA,NA,NA,NA,NA,Coppin State,Coppin State,FALSE
401268091,2020-12-10,Coppin State,UNC Greensboro,272,2,11:58,718,718,Nendah Tarke missed Free Throw.,54,50,4,0,0.1815395535110738,0.692841457687641,3,4,-21.5,145,"c(""Frankie Bordeaux"", "" Garrick Shannon"", "" Keith Fogleman"")","Baltimore, MD",Physical Education Complex,4100,NA,NA,NA,Coppin State,missed,Nendah Tarke,NA,FALSE,TRUE,Coppin State,Coppin State,FALSE
401268091,2020-12-10,Coppin State,UNC Greensboro,273,2,11:58,718,718,Angelo Allegri Defensive Rebound.,54,50,4,0,0.1815395535110738,0.692841457687641,3,4,-21.5,145,"c(""Frankie Bordeaux"", "" Garrick Shannon"", "" Keith Fogleman"")","Baltimore, MD",Physical Education Complex,4100,NA,NA,NA,NA,NA,NA,NA,NA,NA,Coppin State,Coppin State,FALSE
401268091,2020-12-10,Coppin State,UNC Greensboro,274,2,11:43,703,703,Isaiah Miller Turnover.,54,50,4,15,0.18510927695552493,0.6948373923036854,3,4,-21.5,145,"c(""Frankie Bordeaux"", "" Garrick Shannon"", "" Keith Fogleman"")","Baltimore, MD",Physical Education Complex,4100,NA,NA,NA,NA,NA,NA,NA,NA,NA,UNC Greensboro,Coppin State,FALSE
401268091,2020-12-10,Coppin State,UNC Greensboro,275,2,11:23,683,683,Nendah Tarke Turnover.,54,50,4,20,0.18970203159026297,0.6972484716585071,3,4,-21.5,145,"c(""Frankie Bordeaux"", "" Garrick Shannon"", "" Keith Fogleman"")","Baltimore, MD",Physical Education Complex,4100,NA,NA,NA,NA,NA,NA,NA,NA,NA,Coppin State,UNC Greensboro,FALSE
401268091,2020-12-10,Coppin State,UNC Greensboro,276,2,11:07,667,667,Foul on Isaiah Gross.,54,50,4,16,0.19333434534769423,0.6990644772886601,3,4,-21.5,145,"c(""Frankie Bordeaux"", "" Garrick Shannon"", "" Keith Fogleman"")","Baltimore, MD",Physical Education Complex,4100,NA,NA,NA,NA,NA,NA,NA,NA,NA,UNC Greensboro,UNC Greensboro,FALSE
401268091,2020-12-10,Coppin State,UNC Greensboro,277,2,10:57,657,657,Isaiah Miller missed Three Point Jumper.,54,50,4,10,0.1956269018336752,0.7001858790337311,3,4,-21.5,145,"c(""Frankie Bordeaux"", "" Garrick Shannon"", "" Keith Fogleman"")","Baltimore, MD",Physical Education Complex,4100,NA,NA,NA,UNC Greensboro,missed,Isaiah Miller,NA,TRUE,FALSE,UNC Greensboro,UNC Greensboro,FALSE
401268091,2020-12-10,Coppin State,UNC Greensboro,278,2,10:57,657,657,Kaleb Hunter Offensive Rebound.,54,50,4,0,0.1956269018336752,0.7001858790337311,3,4,-21.5,145,"c(""Frankie Bordeaux"", "" Garrick Shannon"", "" Keith Fogleman"")","Baltimore, MD",Physical Education Complex,4100,NA,NA,NA,NA,NA,NA,NA,NA,NA,UNC Greensboro,UNC Greensboro,FALSE
401268091,2020-12-10,Coppin State,UNC Greensboro,279,2,10:48,648,648,Bas Leyte made Jumper. Assisted by Kaleb Hunter.,54,52,2,9,0.13858595391940398,0.605042484415825,3,4,-21.5,145,"c(""Frankie Bordeaux"", "" Garrick Shannon"", "" Keith Fogleman"")","Baltimore, MD",Physical Education Complex,4100,NA,NA,NA,UNC Greensboro,made,Bas Leyte,Kaleb Hunter,FALSE,FALSE,UNC Greensboro,Coppin State,FALSE
401268091,2020-12-10,Coppin State,UNC Greensboro,280,2,10:22,622,622,Anthony Tarke made Layup. Assisted by Dwaine Jones Jr..,56,52,4,26,0.20414298422205643,0.7043231228705029,3,4,-21.5,145,"c(""Frankie Bordeaux"", "" Garrick Shannon"", "" Keith Fogleman"")","Baltimore, MD",Physical Education Complex,4100,NA,NA,NA,Coppin State,made,Anthony Tarke,Dwaine Jones Jr,FALSE,FALSE,Coppin State,UNC Greensboro,FALSE
401268091,2020-12-10,Coppin State,UNC Greensboro,281,2,10:22,622,622,Foul on Bas Leyte.,56,52,4,0,0.20414298422205643,0.7043231228705029,3,4,-21.5,145,"c(""Frankie Bordeaux"", "" Garrick Shannon"", "" Keith Fogleman"")","Baltimore, MD",Physical Education Complex,4100,NA,NA,NA,NA,NA,NA,NA,NA,NA,Coppin State,UNC Greensboro,FALSE
401268091,2020-12-10,Coppin State,UNC Greensboro,282,2,10:22,622,622,Anthony Tarke made Free Throw.,57,52,5,0,0.24165883918274275,0.7474319424221764,3,4,-21.5,145,"c(""Frankie Bordeaux"", "" Garrick Shannon"", "" Keith Fogleman"")","Baltimore, MD",Physical Education Complex,4100,NA,NA,NA,Coppin State,made,Anthony Tarke,NA,FALSE,TRUE,Coppin State,Coppin State,FALSE
401268091,2020-12-10,Coppin State,UNC Greensboro,283,2,10:07,607,607,Foul on Angelo Allegri.,57,52,5,15,0.24668626113706799,0.7497069242441077,3,4,-21.5,145,"c(""Frankie Bordeaux"", "" Garrick Shannon"", "" Keith Fogleman"")","Baltimore, MD",Physical Education Complex,4100,NA,NA,NA,NA,NA,NA,NA,NA,NA,Coppin State,Coppin State,FALSE
401268091,2020-12-10,Coppin State,UNC Greensboro,284,2,10:07,607,607,Angelo Allegri Turnover.,57,52,5,0,0.24668626113706799,0.7497069242441077,3,4,-21.5,145,"c(""Frankie Bordeaux"", "" Garrick Shannon"", "" Keith Fogleman"")","Baltimore, MD",Physical Education Complex,4100,NA,NA,NA,NA,NA,NA,NA,NA,NA,UNC Greensboro,Coppin State,FALSE
401268091,2020-12-10,Coppin State,UNC Greensboro,285,2,9:42,582,582,Koby Thomas missed Jumper.,57,52,5,25,0.2561832595230605,0.7540917817943367,3,4,-21.5,145,"c(""Frankie Bordeaux"", "" Garrick Shannon"", "" Keith Fogleman"")","Baltimore, MD",Physical Education Complex,4100,NA,NA,NA,Coppin State,missed,Koby Thomas,NA,FALSE,FALSE,Coppin State,UNC Greensboro,FALSE
401268091,2020-12-10,Coppin State,UNC Greensboro,286,2,9:42,582,582,Khyre Thompson Defensive Rebound.,57,52,5,0,0.2561832595230605,0.7540917817943367,3,4,-21.5,145,"c(""Frankie Bordeaux"", "" Garrick Shannon"", "" Keith Fogleman"")","Baltimore, MD",Physical Education Complex,4100,NA,NA,NA,NA,NA,NA,NA,NA,NA,Coppin State,UNC Greensboro,FALSE
401268091,2020-12-10,Coppin State,UNC Greensboro,287,2,9:33,573,573,Isaiah Miller missed Jumper.,57,52,5,9,0.2600347576231543,0.755898221033191,3,4,-21.5,145,"c(""Frankie Bordeaux"", "" Garrick Shannon"", "" Keith Fogleman"")","Baltimore, MD",Physical Education Complex,4100,NA,NA,NA,UNC Greensboro,missed,Isaiah Miller,NA,FALSE,FALSE,UNC Greensboro,Coppin State,FALSE
401268091,2020-12-10,Coppin State,UNC Greensboro,288,2,9:33,573,573,Domantas Sakickas Defensive Rebound.,57,52,5,0,0.2600347576231543,0.755898221033191,3,4,-21.5,145,"c(""Frankie Bordeaux"", "" Garrick Shannon"", "" Keith Fogleman"")","Baltimore, MD",Physical Education Complex,4100,NA,NA,NA,NA,NA,NA,NA,NA,NA,UNC Greensboro,Coppin State,FALSE
401268091,2020-12-10,Coppin State,UNC Greensboro,289,2,9:26,566,566,Dwaine Jones Jr. Turnover.,57,52,5,7,0.2632180777343678,0.7574001880625639,3,4,-21.5,145,"c(""Frankie Bordeaux"", "" Garrick Shannon"", "" Keith Fogleman"")","Baltimore, MD",Physical Education Complex,4100,NA,NA,NA,NA,NA,NA,NA,NA,NA,Coppin State,UNC Greensboro,FALSE
401268091,2020-12-10,Coppin State,UNC Greensboro,290,2,9:25,565,565,Isaiah Miller Steal.,57,52,5,1,0.26368715679784227,0.7576220646227245,3,4,-21.5,145,"c(""Frankie Bordeaux"", "" Garrick Shannon"", "" Keith Fogleman"")","Baltimore, MD",Physical Education Complex,4100,NA,NA,NA,NA,NA,NA,NA,NA,NA,Coppin State,UNC Greensboro,FALSE
401268091,2020-12-10,Coppin State,UNC Greensboro,291,2,9:23,563,563,Isaiah Miller made Dunk.,57,54,3,2,0.18559936205486935,0.6649163801254949,3,4,-21.5,145,"c(""Frankie Bordeaux"", "" Garrick Shannon"", "" Keith Fogleman"")","Baltimore, MD",Physical Education Complex,4100,NA,NA,NA,UNC Greensboro,made,Isaiah Miller,NA,FALSE,FALSE,UNC Greensboro,Coppin State,FALSE
401268091,2020-12-10,Coppin State,UNC Greensboro,292,2,8:59,539,539,Koby Thomas missed Three Point Jumper.,57,54,3,24,0.19314712882545906,0.6690963964705723,3,4,-21.5,145,"c(""Frankie Bordeaux"", "" Garrick Shannon"", "" Keith Fogleman"")","Baltimore, MD",Physical Education Complex,4100,NA,NA,NA,Coppin State,missed,Koby Thomas,NA,TRUE,FALSE,Coppin State,Coppin State,FALSE
401268091,2020-12-10,Coppin State,UNC Greensboro,293,2,8:59,539,539,Anthony Tarke Offensive Rebound.,57,54,3,0,0.19314712882545906,0.6690963964705723,3,4,-21.5,145,"c(""Frankie Bordeaux"", "" Garrick Shannon"", "" Keith Fogleman"")","Baltimore, MD",Physical Education Complex,4100,NA,NA,NA,NA,NA,NA,NA,NA,NA,Coppin State,Coppin State,FALSE
401268091,2020-12-10,Coppin State,UNC Greensboro,294,2,8:54,534,534,Anthony Tarke made Layup.,59,54,5,5,0.2792566982369967,0.7648482603251546,3,4,-21.5,145,"c(""Frankie Bordeaux"", "" Garrick Shannon"", "" Keith Fogleman"")","Baltimore, MD",Physical Education Complex,4100,NA,NA,NA,Coppin State,made,Anthony Tarke,NA,FALSE,FALSE,Coppin State,UNC Greensboro,FALSE
401268091,2020-12-10,Coppin State,UNC Greensboro,295,2,8:41,521,521,Hayden Koval missed Three Point Jumper.,59,54,5,13,0.2853397272497113,0.7674018481478936,3,4,-21.5,145,"c(""Frankie Bordeaux"", "" Garrick Shannon"", "" Keith Fogleman"")","Baltimore, MD",Physical Education Complex,4100,NA,NA,NA,UNC Greensboro,missed,Hayden Koval,NA,TRUE,FALSE,UNC Greensboro,Coppin State,FALSE
401268091,2020-12-10,Coppin State,UNC Greensboro,296,2,8:41,521,521,Anthony Tarke Block.,59,54,5,0,0.2853397272497113,0.7674018481478936,3,4,-21.5,145,"c(""Frankie Bordeaux"", "" Garrick Shannon"", "" Keith Fogleman"")","Baltimore, MD",Physical Education Complex,4100,NA,NA,NA,NA,NA,NA,NA,NA,NA,UNC Greensboro,Coppin State,FALSE
401268091,2020-12-10,Coppin State,UNC Greensboro,297,2,8:39,519,519,Anthony Tarke Defensive Rebound.,59,54,5,2,0.28625322645467677,0.7677724355269123,3,4,-21.5,145,"c(""Frankie Bordeaux"", "" Garrick Shannon"", "" Keith Fogleman"")","Baltimore, MD",Physical Education Complex,4100,NA,NA,NA,NA,NA,NA,NA,NA,NA,UNC Greensboro,Coppin State,FALSE
401268091,2020-12-10,Coppin State,UNC Greensboro,298,2,8:33,513,513,Anthony Tarke made Dunk.,61,54,7,6,0.3966096563655912,0.843254381643345,3,4,-21.5,145,"c(""Frankie Bordeaux"", "" Garrick Shannon"", "" Keith Fogleman"")","Baltimore, MD",Physical Education Complex,4100,NA,NA,NA,Coppin State,made,Anthony Tarke,NA,FALSE,FALSE,Coppin State,UNC Greensboro,FALSE
401268091,2020-12-10,Coppin State,UNC Greensboro,299,2,8:12,492,492,Isaiah Miller Turnover.,61,54,7,21,0.40976639774222645,0.8471134970720342,3,4,-21.5,145,"c(""Frankie Bordeaux"", "" Garrick Shannon"", "" Keith Fogleman"")","Baltimore, MD",Physical Education Complex,4100,NA,NA,NA,NA,NA,NA,NA,NA,NA,UNC Greensboro,Coppin State,FALSE
401268091,2020-12-10,Coppin State,UNC Greensboro,300,2,8:11,491,491,Anthony Tarke Steal.,61,54,7,1,0.41040972481947985,0.8473002748767702,3,4,-21.5,145,"c(""Frankie Bordeaux"", "" Garrick Shannon"", "" Keith Fogleman"")","Baltimore, MD",Physical Education Complex,4100,NA,NA,NA,NA,NA,NA,NA,NA,NA,UNC Greensboro,Coppin State,FALSE
401268091,2020-12-10,Coppin State,UNC Greensboro,301,2,8:08,488,488,Anthony Tarke made Layup.,63,54,9,3,0.5341009037870504,0.9010373396971365,3,4,-21.5,145,"c(""Frankie Bordeaux"", "" Garrick Shannon"", "" Keith Fogleman"")","Baltimore, MD",Physical Education Complex,4100,NA,NA,NA,Coppin State,made,Anthony Tarke,NA,FALSE,FALSE,Coppin State,UNC Greensboro,FALSE
401268091,2020-12-10,Coppin State,UNC Greensboro,302,2,8:08,488,488,Foul on Khyre Thompson.,63,54,9,0,0.5341009037870504,0.9010373396971365,3,4,-21.5,145,"c(""Frankie Bordeaux"", "" Garrick Shannon"", "" Keith Fogleman"")","Baltimore, MD",Physical Education Complex,4100,NA,NA,NA,NA,NA,NA,NA,NA,NA,Coppin State,UNC Greensboro,FALSE
401268091,2020-12-10,Coppin State,UNC Greensboro,303,2,8:08,488,488,Anthony Tarke made Free Throw.,64,54,10,0,0.5943646404827561,0.9208699970650535,3,4,-21.5,145,"c(""Frankie Bordeaux"", "" Garrick Shannon"", "" Keith Fogleman"")","Baltimore, MD",Physical Education Complex,4100,NA,NA,NA,Coppin State,made,Anthony Tarke,NA,FALSE,TRUE,Coppin State,UNC Greensboro,FALSE
401268091,2020-12-10,Coppin State,UNC Greensboro,304,2,7:54,474,474,Isaiah Miller missed Layup.,64,54,10,14,0.6060319161164223,0.9231073649632425,3,4,-21.5,145,"c(""Frankie Bordeaux"", "" Garrick Shannon"", "" Keith Fogleman"")","Baltimore, MD",Physical Education Complex,4100,NA,NA,NA,UNC Greensboro,missed,Isaiah Miller,NA,FALSE,FALSE,UNC Greensboro,Coppin State,FALSE
401268091,2020-12-10,Coppin State,UNC Greensboro,305,2,7:54,474,474,Nendah Tarke Defensive Rebound.,64,54,10,0,0.6060319161164223,0.9231073649632425,3,4,-21.5,145,"c(""Frankie Bordeaux"", "" Garrick Shannon"", "" Keith Fogleman"")","Baltimore, MD",Physical Education Complex,4100,NA,NA,NA,NA,NA,NA,NA,NA,NA,UNC Greensboro,Coppin State,FALSE
401268091,2020-12-10,Coppin State,UNC Greensboro,306,2,7:45,465,465,Koby Thomas made Dunk.,66,54,12,9,0.72438554267239,0.9529905503265014,3,4,-21.5,145,"c(""Frankie Bordeaux"", "" Garrick Shannon"", "" Keith Fogleman"")","Baltimore, MD",Physical Education Complex,4100,NA,NA,NA,Coppin State,made,Koby Thomas,NA,FALSE,FALSE,Coppin State,UNC Greensboro,FALSE
401268091,2020-12-10,Coppin State,UNC Greensboro,307,2,7:39,459,459,UNC Greensboro  Timeout,66,54,12,6,0.7298700886403179,0.9538587899906082,2,4,-21.5,145,"c(""Frankie Bordeaux"", "" Garrick Shannon"", "" Keith Fogleman"")","Baltimore, MD",Physical Education Complex,4100,NA,NA,NA,NA,NA,NA,NA,NA,NA,UNC Greensboro,UNC Greensboro,FALSE
401268091,2020-12-10,Coppin State,UNC Greensboro,308,2,7:39,459,459,Official TV Timeout,66,54,12,0,0.7298700886403179,0.9538587899906082,2,4,-21.5,145,"c(""Frankie Bordeaux"", "" Garrick Shannon"", "" Keith Fogleman"")","Baltimore, MD",Physical Education Complex,4100,NA,NA,NA,NA,NA,NA,NA,NA,NA,UNC Greensboro,UNC Greensboro,FALSE
401268091,2020-12-10,Coppin State,UNC Greensboro,309,2,7:28,448,448,A.J. McGinnis missed Three Point Jumper.,66,54,12,11,0.7406771433586278,0.9555892324293352,2,4,-21.5,145,"c(""Frankie Bordeaux"", "" Garrick Shannon"", "" Keith Fogleman"")","Baltimore, MD",Physical Education Complex,4100,NA,NA,NA,UNC Greensboro,missed,A.J. McGinnis,NA,TRUE,FALSE,UNC Greensboro,UNC Greensboro,FALSE
401268091,2020-12-10,Coppin State,UNC Greensboro,310,2,7:28,448,448,Bas Leyte Offensive Rebound.,66,54,12,0,0.7406771433586278,0.9555892324293352,2,4,-21.5,145,"c(""Frankie Bordeaux"", "" Garrick Shannon"", "" Keith Fogleman"")","Baltimore, MD",Physical Education Complex,4100,NA,NA,NA,NA,NA,NA,NA,NA,NA,UNC Greensboro,UNC Greensboro,FALSE
401268091,2020-12-10,Coppin State,UNC Greensboro,311,2,7:22,442,442,Bas Leyte made Two Point Tip Shot.,66,56,10,6,0.6381368460936215,0.9294178558611585,2,4,-21.5,145,"c(""Frankie Bordeaux"", "" Garrick Shannon"", "" Keith Fogleman"")","Baltimore, MD",Physical Education Complex,4100,NA,NA,NA,UNC Greensboro,made,Bas Leyte,NA,FALSE,FALSE,UNC Greensboro,Coppin State,FALSE
401268091,2020-12-10,Coppin State,UNC Greensboro,312,2,6:59,419,419,Anthony Tarke Turnover.,66,56,10,23,0.6670447981124867,0.9351370232378423,2,4,-21.5,145,"c(""Frankie Bordeaux"", "" Garrick Shannon"", "" Keith Fogleman"")","Baltimore, MD",Physical Education Complex,4100,NA,NA,NA,NA,NA,NA,NA,NA,NA,Coppin State,UNC Greensboro,FALSE
401268091,2020-12-10,Coppin State,UNC Greensboro,313,2,6:59,419,419,Keyshaun Langley Steal.,66,56,10,0,0.6670447981124867,0.9351370232378423,2,4,-21.5,145,"c(""Frankie Bordeaux"", "" Garrick Shannon"", "" Keith Fogleman"")","Baltimore, MD",Physical Education Complex,4100,NA,NA,NA,NA,NA,NA,NA,NA,NA,Coppin State,UNC Greensboro,FALSE
401268091,2020-12-10,Coppin State,UNC Greensboro,314,2,6:47,407,407,Bas Leyte Turnover.,66,56,10,12,0.6815250887217931,0.9378300353077579,2,4,-21.5,145,"c(""Frankie Bordeaux"", "" Garrick Shannon"", "" Keith Fogleman"")","Baltimore, MD",Physical Education Complex,4100,NA,NA,NA,NA,NA,NA,NA,NA,NA,UNC Greensboro,Coppin State,FALSE
401268091,2020-12-10,Coppin State,UNC Greensboro,315,2,6:46,406,406,Anthony Tarke Steal.,66,56,10,1,0.6827048452953077,0.9380443345981794,2,4,-21.5,145,"c(""Frankie Bordeaux"", "" Garrick Shannon"", "" Keith Fogleman"")","Baltimore, MD",Physical Education Complex,4100,NA,NA,NA,NA,NA,NA,NA,NA,NA,UNC Greensboro,Coppin State,FALSE
401268091,2020-12-10,Coppin State,UNC Greensboro,316,2,6:37,397,397,Koby Thomas Turnover.,66,56,10,9,0.6932065615432588,0.9399250356715576,2,4,-21.5,145,"c(""Frankie Bordeaux"", "" Garrick Shannon"", "" Keith Fogleman"")","Baltimore, MD",Physical Education Complex,4100,NA,NA,NA,NA,NA,NA,NA,NA,NA,Coppin State,UNC Greensboro,FALSE
401268091,2020-12-10,Coppin State,UNC Greensboro,317,2,6:32,392,392,Keyshaun Langley Turnover.,66,56,10,5,0.6989859722726893,0.9409433097543533,2,4,-21.5,145,"c(""Frankie Bordeaux"", "" Garrick Shannon"", "" Keith Fogleman"")","Baltimore, MD",Physical Education Complex,4100,NA,NA,NA,NA,NA,NA,NA,NA,NA,UNC Greensboro,Coppin State,FALSE
401268091,2020-12-10,Coppin State,UNC Greensboro,318,2,6:29,389,389,Nendah Tarke made Layup. Assisted by Anthony Tarke.,68,56,12,3,0.8045298741702227,0.9656170939461275,2,4,-21.5,145,"c(""Frankie Bordeaux"", "" Garrick Shannon"", "" Keith Fogleman"")","Baltimore, MD",Physical Education Complex,4100,NA,NA,NA,Coppin State,made,Nendah Tarke,Anthony Tarke,FALSE,FALSE,Coppin State,UNC Greensboro,FALSE
401268091,2020-12-10,Coppin State,UNC Greensboro,319,2,6:21,381,381,Khyre Thompson made Layup. Assisted by Isaiah Miller.,68,58,10,8,0.7117027424834381,0.9431583592985464,2,4,-21.5,145,"c(""Frankie Bordeaux"", "" Garrick Shannon"", "" Keith Fogleman"")","Baltimore, MD",Physical Education Complex,4100,NA,NA,NA,UNC Greensboro,made,Khyre Thompson,Isaiah Miller,FALSE,FALSE,UNC Greensboro,UNC Greensboro,FALSE
401268091,2020-12-10,Coppin State,UNC Greensboro,320,2,6:21,381,381,Foul on Kyle Cardaci.,68,58,10,0,0.7117027424834381,0.9431583592985464,2,4,-21.5,145,"c(""Frankie Bordeaux"", "" Garrick Shannon"", "" Keith Fogleman"")","Baltimore, MD",Physical Education Complex,4100,NA,NA,NA,NA,NA,NA,NA,NA,NA,UNC Greensboro,UNC Greensboro,FALSE
401268091,2020-12-10,Coppin State,UNC Greensboro,321,2,6:21,381,381,Coppin State  Timeout,68,58,10,0,0.7117027424834381,0.9431583592985464,2,3,-21.5,145,"c(""Frankie Bordeaux"", "" Garrick Shannon"", "" Keith Fogleman"")","Baltimore, MD",Physical Education Complex,4100,NA,NA,NA,NA,NA,NA,NA,NA,NA,UNC Greensboro,UNC Greensboro,FALSE
401268091,2020-12-10,Coppin State,UNC Greensboro,322,2,6:19,379,379,Khyre Thompson missed Free Throw.,68,58,10,2,0.7140290902595721,0.9435614314377894,2,3,-21.5,145,"c(""Frankie Bordeaux"", "" Garrick Shannon"", "" Keith Fogleman"")","Baltimore, MD",Physical Education Complex,4100,NA,NA,NA,UNC Greensboro,missed,Khyre Thompson,NA,FALSE,TRUE,UNC Greensboro,Coppin State,FALSE
401268091,2020-12-10,Coppin State,UNC Greensboro,323,2,6:19,379,379,Nendah Tarke Defensive Rebound.,68,58,10,0,0.7140290902595721,0.9435614314377894,2,3,-21.5,145,"c(""Frankie Bordeaux"", "" Garrick Shannon"", "" Keith Fogleman"")","Baltimore, MD",Physical Education Complex,4100,NA,NA,NA,NA,NA,NA,NA,NA,NA,UNC Greensboro,Coppin State,FALSE
401268091,2020-12-10,Coppin State,UNC Greensboro,324,2,5:58,358,358,Anthony Tarke made Layup.,70,58,12,21,0.8350522633430821,0.9701672209737009,2,3,-21.5,145,"c(""Frankie Bordeaux"", "" Garrick Shannon"", "" Keith Fogleman"")","Baltimore, MD",Physical Education Complex,4100,NA,NA,NA,Coppin State,made,Anthony Tarke,NA,FALSE,FALSE,Coppin State,UNC Greensboro,FALSE
401268091,2020-12-10,Coppin State,UNC Greensboro,325,2,5:47,347,347,A.J. McGinnis made Three Point Jumper. Assisted by Khyre Thompson.,70,61,9,11,0.6942000459661384,0.9344486103888152,2,3,-21.5,145,"c(""Frankie Bordeaux"", "" Garrick Shannon"", "" Keith Fogleman"")","Baltimore, MD",Physical Education Complex,4100,NA,NA,NA,UNC Greensboro,made,A.J. McGinnis,Khyre Thompson,TRUE,FALSE,UNC Greensboro,Coppin State,FALSE
401268091,2020-12-10,Coppin State,UNC Greensboro,326,2,5:24,324,324,Chereef Knox made Three Point Jumper.,73,61,12,23,0.8707911498772118,0.9757709082659924,2,3,-21.5,145,"c(""Frankie Bordeaux"", "" Garrick Shannon"", "" Keith Fogleman"")","Baltimore, MD",Physical Education Complex,4100,NA,NA,NA,Coppin State,made,Chereef Knox,NA,TRUE,FALSE,Coppin State,UNC Greensboro,FALSE
401268091,2020-12-10,Coppin State,UNC Greensboro,327,2,5:06,306,306,Isaiah Miller missed Jumper.,73,61,12,18,0.8904181829459091,0.9790001179765236,2,3,-21.5,145,"c(""Frankie Bordeaux"", "" Garrick Shannon"", "" Keith Fogleman"")","Baltimore, MD",Physical Education Complex,4100,NA,NA,NA,UNC Greensboro,missed,Isaiah Miller,NA,FALSE,FALSE,UNC Greensboro,Coppin State,FALSE
401268091,2020-12-10,Coppin State,UNC Greensboro,328,2,5:06,306,306,Anthony Tarke Defensive Rebound.,73,61,12,0,0.8904181829459091,0.9790001179765236,2,3,-21.5,145,"c(""Frankie Bordeaux"", "" Garrick Shannon"", "" Keith Fogleman"")","Baltimore, MD",Physical Education Complex,4100,NA,NA,NA,NA,NA,NA,NA,NA,NA,UNC Greensboro,Coppin State,FALSE
401268091,2020-12-10,Coppin State,UNC Greensboro,329,2,4:51,291,291,Anthony Tarke made Free Throw.,74,61,13,15,0.9247491460819182,0.9855402302499222,2,3,-21.5,145,"c(""Frankie Bordeaux"", "" Garrick Shannon"", "" Keith Fogleman"")","Baltimore, MD",Physical Education Complex,4100,NA,NA,NA,Coppin State,made,Anthony Tarke,NA,FALSE,TRUE,Coppin State,Coppin State,FALSE
401268091,2020-12-10,Coppin State,UNC Greensboro,330,2,4:51,291,291,Coppin State Deadball Team Rebound.,74,61,13,0,0.9247491460819182,0.9855402302499222,2,3,-21.5,145,"c(""Frankie Bordeaux"", "" Garrick Shannon"", "" Keith Fogleman"")","Baltimore, MD",Physical Education Complex,4100,NA,NA,NA,NA,NA,NA,NA,NA,NA,Coppin State,Coppin State,FALSE
401268091,2020-12-10,Coppin State,UNC Greensboro,331,2,4:51,291,291,Foul on Keyshaun Langley.,74,61,13,0,0.9247491460819182,0.9855402302499222,2,3,-21.5,145,"c(""Frankie Bordeaux"", "" Garrick Shannon"", "" Keith Fogleman"")","Baltimore, MD",Physical Education Complex,4100,NA,NA,NA,NA,NA,NA,NA,NA,NA,Coppin State,Coppin State,FALSE
401268091,2020-12-10,Coppin State,UNC Greensboro,332,2,4:51,291,291,Anthony Tarke missed Free Throw.,74,61,13,0,0.9247491460819182,0.9855402302499222,2,3,-21.5,145,"c(""Frankie Bordeaux"", "" Garrick Shannon"", "" Keith Fogleman"")","Baltimore, MD",Physical Education Complex,4100,NA,NA,NA,Coppin State,missed,Anthony Tarke,NA,FALSE,TRUE,Coppin State,Coppin State,FALSE
401268091,2020-12-10,Coppin State,UNC Greensboro,333,2,4:51,291,291,A.J. McGinnis Defensive Rebound.,74,61,13,0,0.9247491460819182,0.9855402302499222,2,3,-21.5,145,"c(""Frankie Bordeaux"", "" Garrick Shannon"", "" Keith Fogleman"")","Baltimore, MD",Physical Education Complex,4100,NA,NA,NA,NA,NA,NA,NA,NA,NA,Coppin State,Coppin State,FALSE
401268091,2020-12-10,Coppin State,UNC Greensboro,334,2,4:39,279,279,Angelo Allegri missed Three Point Jumper.,74,61,13,12,0.9259224672635862,0.9853976525071679,2,3,-21.5,145,"c(""Frankie Bordeaux"", "" Garrick Shannon"", "" Keith Fogleman"")","Baltimore, MD",Physical Education Complex,4100,NA,NA,NA,UNC Greensboro,missed,Angelo Allegri,NA,TRUE,FALSE,UNC Greensboro,UNC Greensboro,FALSE
401268091,2020-12-10,Coppin State,UNC Greensboro,335,2,4:39,279,279,Isaiah Miller Offensive Rebound.,74,61,13,0,0.9259224672635862,0.9853976525071679,2,3,-21.5,145,"c(""Frankie Bordeaux"", "" Garrick Shannon"", "" Keith Fogleman"")","Baltimore, MD",Physical Education Complex,4100,NA,NA,NA,NA,NA,NA,NA,NA,NA,UNC Greensboro,UNC Greensboro,FALSE
401268091,2020-12-10,Coppin State,UNC Greensboro,336,2,4:34,274,274,Isaiah Miller made Layup.,74,63,11,5,0.8672924371942088,0.9721357546844399,2,3,-21.5,145,"c(""Frankie Bordeaux"", "" Garrick Shannon"", "" Keith Fogleman"")","Baltimore, MD",Physical Education Complex,4100,NA,NA,NA,UNC Greensboro,made,Isaiah Miller,NA,FALSE,FALSE,UNC Greensboro,Coppin State,FALSE
401268091,2020-12-10,Coppin State,UNC Greensboro,337,2,4:14,254,254,Official TV Timeout,74,63,11,20,0.8651647828432562,0.9703441579821108,2,3,-21.5,145,"c(""Frankie Bordeaux"", "" Garrick Shannon"", "" Keith Fogleman"")","Baltimore, MD",Physical Education Complex,4100,NA,NA,NA,NA,NA,NA,NA,NA,NA,Coppin State,Coppin State,FALSE
401268091,2020-12-10,Coppin State,UNC Greensboro,338,2,4:10,250,250,Anthony Tarke Turnover.,74,63,11,4,0.8649231488272707,0.9700127880585259,2,3,-21.5,145,"c(""Frankie Bordeaux"", "" Garrick Shannon"", "" Keith Fogleman"")","Baltimore, MD",Physical Education Complex,4100,NA,NA,NA,NA,NA,NA,NA,NA,NA,Coppin State,UNC Greensboro,FALSE
401268091,2020-12-10,Coppin State,UNC Greensboro,339,2,4:01,241,241,A.J. McGinnis missed Three Point Jumper.,74,63,11,9,0.8653788597710518,0.9694968428474907,2,3,-21.5,145,"c(""Frankie Bordeaux"", "" Garrick Shannon"", "" Keith Fogleman"")","Baltimore, MD",Physical Education Complex,4100,NA,NA,NA,UNC Greensboro,missed,A.J. McGinnis,NA,TRUE,FALSE,UNC Greensboro,UNC Greensboro,FALSE
401268091,2020-12-10,Coppin State,UNC Greensboro,340,2,4:01,241,241,Nendah Tarke Block.,74,63,11,0,0.8653788597710518,0.9694968428474907,2,3,-21.5,145,"c(""Frankie Bordeaux"", "" Garrick Shannon"", "" Keith Fogleman"")","Baltimore, MD",Physical Education Complex,4100,NA,NA,NA,NA,NA,NA,NA,NA,NA,UNC Greensboro,UNC Greensboro,FALSE
401268091,2020-12-10,Coppin State,UNC Greensboro,341,2,4:00,240,240,UNC Greensboro Offensive Rebound.,74,63,11,1,0.8655425254720369,0.9694666683646029,2,3,-21.5,145,"c(""Frankie Bordeaux"", "" Garrick Shannon"", "" Keith Fogleman"")","Baltimore, MD",Physical Education Complex,4100,NA,NA,NA,NA,NA,NA,NA,NA,NA,UNC Greensboro,UNC Greensboro,FALSE
401268091,2020-12-10,Coppin State,UNC Greensboro,342,2,3:56,236,236,Khyre Thompson missed Three Point Jumper.,74,63,11,4,0.8664760320306546,0.9694151591795124,2,3,-21.5,145,"c(""Frankie Bordeaux"", "" Garrick Shannon"", "" Keith Fogleman"")","Baltimore, MD",Physical Education Complex,4100,NA,NA,NA,UNC Greensboro,missed,Khyre Thompson,NA,TRUE,FALSE,UNC Greensboro,Coppin State,FALSE
401268091,2020-12-10,Coppin State,UNC Greensboro,343,2,3:56,236,236,Koby Thomas Defensive Rebound.,74,63,11,0,0.8664760320306546,0.9694151591795124,2,3,-21.5,145,"c(""Frankie Bordeaux"", "" Garrick Shannon"", "" Keith Fogleman"")","Baltimore, MD",Physical Education Complex,4100,NA,NA,NA,NA,NA,NA,NA,NA,NA,UNC Greensboro,Coppin State,FALSE
401268091,2020-12-10,Coppin State,UNC Greensboro,344,2,3:34,214,214,Foul on Chereef Knox.,74,63,11,22,0.8818560595585017,0.9717928511728477,2,3,-21.5,145,"c(""Frankie Bordeaux"", "" Garrick Shannon"", "" Keith Fogleman"")","Baltimore, MD",Physical Education Complex,4100,NA,NA,NA,NA,NA,NA,NA,NA,NA,Coppin State,UNC Greensboro,FALSE
401268091,2020-12-10,Coppin State,UNC Greensboro,345,2,3:34,214,214,Chereef Knox Turnover.,74,63,11,0,0.8818560595585017,0.9717928511728477,2,3,-21.5,145,"c(""Frankie Bordeaux"", "" Garrick Shannon"", "" Keith Fogleman"")","Baltimore, MD",Physical Education Complex,4100,NA,NA,NA,NA,NA,NA,NA,NA,NA,Coppin State,UNC Greensboro,FALSE
401268091,2020-12-10,Coppin State,UNC Greensboro,346,2,3:32,212,212,Technical Foul on Coppin State.,74,63,11,2,0.8842373569145942,0.9722724264525054,2,3,-21.5,145,"c(""Frankie Bordeaux"", "" Garrick Shannon"", "" Keith Fogleman"")","Baltimore, MD",Physical Education Complex,4100,NA,NA,NA,NA,NA,NA,NA,NA,NA,UNC Greensboro,UNC Greensboro,FALSE
401268091,2020-12-10,Coppin State,UNC Greensboro,347,2,3:32,212,212,Keyshaun Langley made Free Throw.,74,64,10,0,0.8468104722158922,0.9620875564858202,2,3,-21.5,145,"c(""Frankie Bordeaux"", "" Garrick Shannon"", "" Keith Fogleman"")","Baltimore, MD",Physical Education Complex,4100,NA,NA,NA,UNC Greensboro,made,Keyshaun Langley,NA,FALSE,TRUE,UNC Greensboro,UNC Greensboro,FALSE
401268091,2020-12-10,Coppin State,UNC Greensboro,348,2,3:32,212,212,Keyshaun Langley made Free Throw.,74,65,9,0,0.8000198454310079,0.9483602869630063,2,3,-21.5,145,"c(""Frankie Bordeaux"", "" Garrick Shannon"", "" Keith Fogleman"")","Baltimore, MD",Physical Education Complex,4100,NA,NA,NA,UNC Greensboro,made,Keyshaun Langley,NA,FALSE,TRUE,UNC Greensboro,UNC Greensboro,FALSE
401268091,2020-12-10,Coppin State,UNC Greensboro,349,2,3:22,202,202,Isaiah Miller missed Jumper.,74,65,9,10,0.8194566395243272,0.9529706687303536,2,3,-21.5,145,"c(""Frankie Bordeaux"", "" Garrick Shannon"", "" Keith Fogleman"")","Baltimore, MD",Physical Education Complex,4100,NA,NA,NA,UNC Greensboro,missed,Isaiah Miller,NA,FALSE,FALSE,UNC Greensboro,UNC Greensboro,FALSE
401268091,2020-12-10,Coppin State,UNC Greensboro,350,2,3:22,202,202,Bas Leyte Offensive Rebound.,74,65,9,0,0.8194566395243272,0.9529706687303536,2,3,-21.5,145,"c(""Frankie Bordeaux"", "" Garrick Shannon"", "" Keith Fogleman"")","Baltimore, MD",Physical Education Complex,4100,NA,NA,NA,NA,NA,NA,NA,NA,NA,UNC Greensboro,UNC Greensboro,FALSE
401268091,2020-12-10,Coppin State,UNC Greensboro,351,2,3:20,200,200,Foul on Kyle Cardaci.,74,65,9,2,0.8240154131814613,0.9540949968231942,2,3,-21.5,145,"c(""Frankie Bordeaux"", "" Garrick Shannon"", "" Keith Fogleman"")","Baltimore, MD",Physical Education Complex,4100,NA,NA,NA,NA,NA,NA,NA,NA,NA,UNC Greensboro,UNC Greensboro,FALSE
401268091,2020-12-10,Coppin State,UNC Greensboro,352,2,3:20,200,200,Bas Leyte made Free Throw.,74,66,8,0,0.7697075639187921,0.936852761046804,2,3,-21.5,145,"c(""Frankie Bordeaux"", "" Garrick Shannon"", "" Keith Fogleman"")","Baltimore, MD",Physical Education Complex,4100,NA,NA,NA,UNC Greensboro,made,Bas Leyte,NA,FALSE,TRUE,UNC Greensboro,UNC Greensboro,FALSE
401268091,2020-12-10,Coppin State,UNC Greensboro,353,2,3:20,200,200,Bas Leyte missed Free Throw.,74,66,8,0,0.7697075639187921,0.936852761046804,2,3,-21.5,145,"c(""Frankie Bordeaux"", "" Garrick Shannon"", "" Keith Fogleman"")","Baltimore, MD",Physical Education Complex,4100,NA,NA,NA,UNC Greensboro,missed,Bas Leyte,NA,FALSE,TRUE,UNC Greensboro,Coppin State,FALSE
401268091,2020-12-10,Coppin State,UNC Greensboro,354,2,3:20,200,200,Anthony Tarke Defensive Rebound.,74,66,8,0,0.7697075639187921,0.936852761046804,2,3,-21.5,145,"c(""Frankie Bordeaux"", "" Garrick Shannon"", "" Keith Fogleman"")","Baltimore, MD",Physical Education Complex,4100,NA,NA,NA,NA,NA,NA,NA,NA,NA,UNC Greensboro,Coppin State,FALSE
401268091,2020-12-10,Coppin State,UNC Greensboro,355,2,3:16,196,196,Nendah Tarke made Layup.,76,66,10,4,0.8760899576335011,0.9687696753148891,2,3,-21.5,145,"c(""Frankie Bordeaux"", "" Garrick Shannon"", "" Keith Fogleman"")","Baltimore, MD",Physical Education Complex,4100,NA,NA,NA,Coppin State,made,Nendah Tarke,NA,FALSE,FALSE,Coppin State,UNC Greensboro,FALSE
401268091,2020-12-10,Coppin State,UNC Greensboro,356,2,3:05,185,185,A.J. McGinnis Turnover.,76,66,10,11,0.9008694800228175,0.9747259118142101,2,3,-21.5,145,"c(""Frankie Bordeaux"", "" Garrick Shannon"", "" Keith Fogleman"")","Baltimore, MD",Physical Education Complex,4100,NA,NA,NA,NA,NA,NA,NA,NA,NA,UNC Greensboro,Coppin State,FALSE
401268091,2020-12-10,Coppin State,UNC Greensboro,357,2,3:04,184,184,Anthony Tarke Steal.,76,66,10,1,0.9029942734887831,0.9752368972395487,2,3,-21.5,145,"c(""Frankie Bordeaux"", "" Garrick Shannon"", "" Keith Fogleman"")","Baltimore, MD",Physical Education Complex,4100,NA,NA,NA,NA,NA,NA,NA,NA,NA,UNC Greensboro,Coppin State,FALSE
401268091,2020-12-10,Coppin State,UNC Greensboro,358,2,2:52,172,172,Anthony Tarke made Layup. Assisted by Koby Thomas.,78,66,12,12,0.9647657486094444,0.9911189336134653,2,3,-21.5,145,"c(""Frankie Bordeaux"", "" Garrick Shannon"", "" Keith Fogleman"")","Baltimore, MD",Physical Education Complex,4100,NA,NA,NA,Coppin State,made,Anthony Tarke,Koby Thomas,FALSE,FALSE,Coppin State,UNC Greensboro,FALSE
401268091,2020-12-10,Coppin State,UNC Greensboro,359,2,2:43,163,163,Keyshaun Langley made Three Point Jumper.,78,69,9,9,0.9121574211127247,0.9762637390236723,2,3,-21.5,145,"c(""Frankie Bordeaux"", "" Garrick Shannon"", "" Keith Fogleman"")","Baltimore, MD",Physical Education Complex,4100,NA,NA,NA,UNC Greensboro,made,Keyshaun Langley,NA,TRUE,FALSE,UNC Greensboro,Coppin State,FALSE
401268091,2020-12-10,Coppin State,UNC Greensboro,360,2,2:38,158,158,Coppin State  Timeout,78,69,9,5,0.9213606001133626,0.9785705143223866,2,2,-21.5,145,"c(""Frankie Bordeaux"", "" Garrick Shannon"", "" Keith Fogleman"")","Baltimore, MD",Physical Education Complex,4100,NA,NA,NA,NA,NA,NA,NA,NA,NA,Coppin State,Coppin State,FALSE
401268091,2020-12-10,Coppin State,UNC Greensboro,361,2,2:26,146,146,Foul on Bas Leyte.,78,69,9,12,0.9409183451182795,0.9835178033416758,2,2,-21.5,145,"c(""Frankie Bordeaux"", "" Garrick Shannon"", "" Keith Fogleman"")","Baltimore, MD",Physical Education Complex,4100,NA,NA,NA,NA,NA,NA,NA,NA,NA,Coppin State,Coppin State,FALSE
401268091,2020-12-10,Coppin State,UNC Greensboro,362,2,2:26,146,146,Anthony Tarke missed Free Throw.,78,69,9,0,0.9409183451182795,0.9835178033416758,2,2,-21.5,145,"c(""Frankie Bordeaux"", "" Garrick Shannon"", "" Keith Fogleman"")","Baltimore, MD",Physical Education Complex,4100,NA,NA,NA,Coppin State,missed,Anthony Tarke,NA,FALSE,TRUE,Coppin State,Coppin State,FALSE
401268091,2020-12-10,Coppin State,UNC Greensboro,363,2,2:26,146,146,Coppin State Deadball Team Rebound.,78,69,9,0,0.9409183451182795,0.9835178033416758,2,2,-21.5,145,"c(""Frankie Bordeaux"", "" Garrick Shannon"", "" Keith Fogleman"")","Baltimore, MD",Physical Education Complex,4100,NA,NA,NA,NA,NA,NA,NA,NA,NA,Coppin State,Coppin State,FALSE
401268091,2020-12-10,Coppin State,UNC Greensboro,364,2,2:26,146,146,Anthony Tarke made Free Throw.,79,69,10,0,0.9616631665510127,0.9894724068179268,2,2,-21.5,145,"c(""Frankie Bordeaux"", "" Garrick Shannon"", "" Keith Fogleman"")","Baltimore, MD",Physical Education Complex,4100,NA,NA,NA,Coppin State,made,Anthony Tarke,NA,FALSE,TRUE,Coppin State,UNC Greensboro,FALSE
401268091,2020-12-10,Coppin State,UNC Greensboro,365,2,2:19,139,139,A.J. McGinnis made Three Point Jumper. Assisted by Isaiah Miller.,79,72,7,7,0.8823044122245822,0.964832489957789,2,2,-21.5,145,"c(""Frankie Bordeaux"", "" Garrick Shannon"", "" Keith Fogleman"")","Baltimore, MD",Physical Education Complex,4100,NA,NA,NA,UNC Greensboro,made,A.J. McGinnis,Isaiah Miller,TRUE,FALSE,UNC Greensboro,Coppin State,FALSE
401268091,2020-12-10,Coppin State,UNC Greensboro,366,2,2:01,121,121,Nendah Tarke made Layup. Assisted by Dwaine Jones Jr..,81,72,9,18,0.9711189626875717,0.9914243496002072,2,2,-21.5,145,"c(""Frankie Bordeaux"", "" Garrick Shannon"", "" Keith Fogleman"")","Baltimore, MD",Physical Education Complex,4100,NA,NA,NA,Coppin State,made,Nendah Tarke,Dwaine Jones Jr,FALSE,FALSE,Coppin State,UNC Greensboro,FALSE
401268091,2020-12-10,Coppin State,UNC Greensboro,367,2,1:53,113,113,Isaiah Miller missed Free Throw.,81,72,9,8,0.9779952171127559,0.9933102256973604,2,2,-21.5,145,"c(""Frankie Bordeaux"", "" Garrick Shannon"", "" Keith Fogleman"")","Baltimore, MD",Physical Education Complex,4100,NA,NA,NA,UNC Greensboro,missed,Isaiah Miller,NA,FALSE,TRUE,UNC Greensboro,UNC Greensboro,FALSE
401268091,2020-12-10,Coppin State,UNC Greensboro,368,2,1:53,113,113,Khyre Thompson Offensive Rebound.,81,72,9,0,0.9779952171127559,0.9933102256973604,2,2,-21.5,145,"c(""Frankie Bordeaux"", "" Garrick Shannon"", "" Keith Fogleman"")","Baltimore, MD",Physical Education Complex,4100,NA,NA,NA,NA,NA,NA,NA,NA,NA,UNC Greensboro,UNC Greensboro,FALSE
401268091,2020-12-10,Coppin State,UNC Greensboro,369,2,1:52,112,112,Foul on Nendah Tarke.,81,72,9,1,0.978766417547412,0.9935248675608171,2,2,-21.5,145,"c(""Frankie Bordeaux"", "" Garrick Shannon"", "" Keith Fogleman"")","Baltimore, MD",Physical Education Complex,4100,NA,NA,NA,NA,NA,NA,NA,NA,NA,UNC Greensboro,UNC Greensboro,FALSE
401268091,2020-12-10,Coppin State,UNC Greensboro,370,2,1:50,110,110,Khyre Thompson made Layup.,81,74,7,2,0.9411111565078432,0.9814158263746678,2,2,-21.5,145,"c(""Frankie Bordeaux"", "" Garrick Shannon"", "" Keith Fogleman"")","Baltimore, MD",Physical Education Complex,4100,NA,NA,NA,UNC Greensboro,made,Khyre Thompson,NA,FALSE,FALSE,UNC Greensboro,Coppin State,FALSE
401268091,2020-12-10,Coppin State,UNC Greensboro,371,2,1:40,100,100,Koby Thomas Turnover.,81,74,7,10,0.9563036056597095,0.9858519351230107,2,2,-21.5,145,"c(""Frankie Bordeaux"", "" Garrick Shannon"", "" Keith Fogleman"")","Baltimore, MD",Physical Education Complex,4100,NA,NA,NA,NA,NA,NA,NA,NA,NA,Coppin State,UNC Greensboro,FALSE
401268091,2020-12-10,Coppin State,UNC Greensboro,372,2,1:38,98,98,Keyshaun Langley missed Three Point Jumper.,81,74,7,2,0.9590094982897104,0.9866541867627782,2,2,-21.5,145,"c(""Frankie Bordeaux"", "" Garrick Shannon"", "" Keith Fogleman"")","Baltimore, MD",Physical Education Complex,4100,NA,NA,NA,UNC Greensboro,missed,Keyshaun Langley,NA,TRUE,FALSE,UNC Greensboro,Coppin State,FALSE
401268091,2020-12-10,Coppin State,UNC Greensboro,373,2,1:38,98,98,Anthony Tarke Defensive Rebound.,81,74,7,0,0.9590094982897104,0.9866541867627782,2,2,-21.5,145,"c(""Frankie Bordeaux"", "" Garrick Shannon"", "" Keith Fogleman"")","Baltimore, MD",Physical Education Complex,4100,NA,NA,NA,NA,NA,NA,NA,NA,NA,UNC Greensboro,Coppin State,FALSE
401268091,2020-12-10,Coppin State,UNC Greensboro,374,2,1:30,90,90,Foul on Bas Leyte.,81,74,7,8,0.9686228846634224,0.9895405253120368,2,2,-21.5,145,"c(""Frankie Bordeaux"", "" Garrick Shannon"", "" Keith Fogleman"")","Baltimore, MD",Physical Education Complex,4100,NA,NA,NA,NA,NA,NA,NA,NA,NA,Coppin State,Coppin State,FALSE
401268091,2020-12-10,Coppin State,UNC Greensboro,375,2,1:30,90,90,Nendah Tarke made Free Throw.,82,74,8,0,0.9833696920352943,0.994512032705497,2,2,-21.5,145,"c(""Frankie Bordeaux"", "" Garrick Shannon"", "" Keith Fogleman"")","Baltimore, MD",Physical Education Complex,4100,NA,NA,NA,Coppin State,made,Nendah Tarke,NA,FALSE,TRUE,Coppin State,Coppin State,FALSE
401268091,2020-12-10,Coppin State,UNC Greensboro,376,2,1:30,90,90,Nendah Tarke made Free Throw.,83,74,9,0,0.9912483261629023,0.9971273858148694,2,2,-21.5,145,"c(""Frankie Bordeaux"", "" Garrick Shannon"", "" Keith Fogleman"")","Baltimore, MD",Physical Education Complex,4100,NA,NA,NA,Coppin State,made,Nendah Tarke,NA,FALSE,TRUE,Coppin State,UNC Greensboro,FALSE
401268091,2020-12-10,Coppin State,UNC Greensboro,377,2,1:23,83,83,Isaiah Miller made Jumper.,83,76,7,7,0.9753763949901275,0.9916068769405262,2,2,-21.5,145,"c(""Frankie Bordeaux"", "" Garrick Shannon"", "" Keith Fogleman"")","Baltimore, MD",Physical Education Complex,4100,NA,NA,NA,UNC Greensboro,made,Isaiah Miller,NA,FALSE,FALSE,UNC Greensboro,Coppin State,FALSE
401268091,2020-12-10,Coppin State,UNC Greensboro,378,2,0:58,58,58,Foul on Kyle Cardaci.,83,76,7,25,0.9906249564499963,0.996503108860495,2,2,-21.5,145,"c(""Frankie Bordeaux"", "" Garrick Shannon"", "" Keith Fogleman"")","Baltimore, MD",Physical Education Complex,4100,NA,NA,NA,NA,NA,NA,NA,NA,NA,Coppin State,UNC Greensboro,FALSE
401268091,2020-12-10,Coppin State,UNC Greensboro,379,2,0:58,58,58,Kyle Cardaci Turnover.,83,76,7,0,0.9906249564499963,0.996503108860495,2,2,-21.5,145,"c(""Frankie Bordeaux"", "" Garrick Shannon"", "" Keith Fogleman"")","Baltimore, MD",Physical Education Complex,4100,NA,NA,NA,NA,NA,NA,NA,NA,NA,Coppin State,UNC Greensboro,FALSE
401268091,2020-12-10,Coppin State,UNC Greensboro,380,2,0:52,52,52,Isaiah Miller made Layup.,83,78,5,6,0.962126524493794,0.9852546905212215,2,2,-21.5,145,"c(""Frankie Bordeaux"", "" Garrick Shannon"", "" Keith Fogleman"")","Baltimore, MD",Physical Education Complex,4100,NA,NA,NA,UNC Greensboro,made,Isaiah Miller,NA,FALSE,FALSE,UNC Greensboro,Coppin State,FALSE
401268091,2020-12-10,Coppin State,UNC Greensboro,381,2,0:26,26,26,Kyle Cardaci missed Three Point Jumper.,83,78,5,26,0.9841569319217846,0.9931972303454936,2,2,-21.5,145,"c(""Frankie Bordeaux"", "" Garrick Shannon"", "" Keith Fogleman"")","Baltimore, MD",Physical Education Complex,4100,NA,NA,NA,Coppin State,missed,Kyle Cardaci,NA,TRUE,FALSE,Coppin State,UNC Greensboro,FALSE
401268091,2020-12-10,Coppin State,UNC Greensboro,382,2,0:26,26,26,Isaiah Miller Defensive Rebound.,83,78,5,0,0.9841569319217846,0.9931972303454936,2,2,-21.5,145,"c(""Frankie Bordeaux"", "" Garrick Shannon"", "" Keith Fogleman"")","Baltimore, MD",Physical Education Complex,4100,NA,NA,NA,NA,NA,NA,NA,NA,NA,Coppin State,UNC Greensboro,FALSE
401268091,2020-12-10,Coppin State,UNC Greensboro,383,2,0:23,23,23,Koby Thomas made Free Throw.,84,78,6,3,0.9948040162532878,0.9977528309469768,2,2,-21.5,145,"c(""Frankie Bordeaux"", "" Garrick Shannon"", "" Keith Fogleman"")","Baltimore, MD",Physical Education Complex,4100,NA,NA,NA,Coppin State,made,Koby Thomas,NA,FALSE,TRUE,Coppin State,UNC Greensboro,FALSE
401268091,2020-12-10,Coppin State,UNC Greensboro,384,2,0:23,23,23,Isaiah Miller made Layup.,84,80,4,0,0.9616801913039049,0.983108178118838,2,2,-21.5,145,"c(""Frankie Bordeaux"", "" Garrick Shannon"", "" Keith Fogleman"")","Baltimore, MD",Physical Education Complex,4100,NA,NA,NA,UNC Greensboro,made,Isaiah Miller,NA,FALSE,FALSE,UNC Greensboro,Coppin State,FALSE
401268091,2020-12-10,Coppin State,UNC Greensboro,385,2,0:23,23,23,Koby Thomas missed Free Throw.,84,80,4,0,0.9616801913039049,0.983108178118838,2,2,-21.5,145,"c(""Frankie Bordeaux"", "" Garrick Shannon"", "" Keith Fogleman"")","Baltimore, MD",Physical Education Complex,4100,NA,NA,NA,Coppin State,missed,Koby Thomas,NA,FALSE,TRUE,Coppin State,UNC Greensboro,FALSE
401268091,2020-12-10,Coppin State,UNC Greensboro,386,2,0:23,23,23,A.J. McGinnis Defensive Rebound.,84,80,4,0,0.9616801913039049,0.983108178118838,2,2,-21.5,145,"c(""Frankie Bordeaux"", "" Garrick Shannon"", "" Keith Fogleman"")","Baltimore, MD",Physical Education Complex,4100,NA,NA,NA,NA,NA,NA,NA,NA,NA,Coppin State,UNC Greensboro,FALSE
401268091,2020-12-10,Coppin State,UNC Greensboro,387,2,0:20,20,20,Foul on Khyre Thompson.,84,80,4,3,0.964924238143912,0.9843613261750888,2,2,-21.5,145,"c(""Frankie Bordeaux"", "" Garrick Shannon"", "" Keith Fogleman"")","Baltimore, MD",Physical Education Complex,4100,NA,NA,NA,NA,NA,NA,NA,NA,NA,Coppin State,UNC Greensboro,FALSE
401268091,2020-12-10,Coppin State,UNC Greensboro,388,2,0:08,8,8,Isaiah Miller Turnover.,84,80,4,12,0.9758704465614475,0.9887112925767356,2,2,-21.5,145,"c(""Frankie Bordeaux"", "" Garrick Shannon"", "" Keith Fogleman"")","Baltimore, MD",Physical Education Complex,4100,NA,NA,NA,NA,NA,NA,NA,NA,NA,UNC Greensboro,Coppin State,FALSE
401268091,2020-12-10,Coppin State,UNC Greensboro,389,2,0:08,8,8,Nendah Tarke Steal.,84,80,4,0,0.9758704465614475,0.9887112925767356,2,2,-21.5,145,"c(""Frankie Bordeaux"", "" Garrick Shannon"", "" Keith Fogleman"")","Baltimore, MD",Physical Education Complex,4100,NA,NA,NA,NA,NA,NA,NA,NA,NA,UNC Greensboro,Coppin State,FALSE
401268091,2020-12-10,Coppin State,UNC Greensboro,390,2,0:06,6,6,Foul on Kaleb Hunter.,84,80,4,2,0.977388609920125,0.9893323884792611,2,2,-21.5,145,"c(""Frankie Bordeaux"", "" Garrick Shannon"", "" Keith Fogleman"")","Baltimore, MD",Physical Education Complex,4100,NA,NA,NA,NA,NA,NA,NA,NA,NA,Coppin State,Coppin State,FALSE
401268091,2020-12-10,Coppin State,UNC Greensboro,391,2,0:06,6,6,Nendah Tarke made Free Throw.,85,80,5,0,0.9926002743087944,0.9965374199946047,2,2,-21.5,145,"c(""Frankie Bordeaux"", "" Garrick Shannon"", "" Keith Fogleman"")","Baltimore, MD",Physical Education Complex,4100,NA,NA,NA,Coppin State,made,Nendah Tarke,NA,FALSE,TRUE,Coppin State,Coppin State,FALSE
401268091,2020-12-10,Coppin State,UNC Greensboro,392,2,0:06,6,6,Nendah Tarke made Free Throw.,86,80,6,0,0.9976034834753972,0.9988815889344047,2,2,-21.5,145,"c(""Frankie Bordeaux"", "" Garrick Shannon"", "" Keith Fogleman"")","Baltimore, MD",Physical Education Complex,4100,NA,NA,NA,Coppin State,made,Nendah Tarke,NA,FALSE,TRUE,Coppin State,UNC Greensboro,FALSE
401268091,2020-12-10,Coppin State,UNC Greensboro,393,2,0:01,1,1,Keyshaun Langley missed Three Point Jumper.,86,80,6,5,0.9981159109633733,0.9991001254907949,2,2,-21.5,145,"c(""Frankie Bordeaux"", "" Garrick Shannon"", "" Keith Fogleman"")","Baltimore, MD",Physical Education Complex,4100,NA,NA,NA,UNC Greensboro,missed,Keyshaun Langley,NA,TRUE,FALSE,UNC Greensboro,Coppin State,FALSE
401268091,2020-12-10,Coppin State,UNC Greensboro,394,2,0:01,1,1,Koby Thomas Defensive Rebound.,86,80,6,0,0.9981159109633733,0.9991001254907949,2,2,-21.5,145,"c(""Frankie Bordeaux"", "" Garrick Shannon"", "" Keith Fogleman"")","Baltimore, MD",Physical Education Complex,4100,NA,NA,NA,NA,NA,NA,NA,NA,NA,UNC Greensboro,Coppin State,FALSE
401268091,2020-12-10,Coppin State,UNC Greensboro,395,2,0:00,0,0,End of Game,86,80,6,1,1,1,2,2,-21.5,145,"c(""Frankie Bordeaux"", "" Garrick Shannon"", "" Keith Fogleman"")","Baltimore, MD",Physical Education Complex,4100,NA,NA,NA,NA,NA,NA,NA,NA,NA,Coppin State,NA,FALSE
