play_id,half,time_remaining_half,secs_remaining,secs_remaining_absolute,description,home_score,away_score,score_diff,play_length,win_prob,naive_win_prob,home,away,home_time_out_remaining,away_time_out_remaining,home_favored_by,game_id,date
1,1,20:00,2400,2400,PLAY,0,0,0,0,0.5,0.5,Houston,UCF,4,4,NA,400835296,2016-02-13
2,1,20:00,2400,2400,Jump Ball won by Houston,0,0,0,15,0.5,0.5,Houston,UCF,4,4,NA,400835296,2016-02-13
3,1,19:45,2385,2385,Danrad Knowles Turnover.,0,0,0,0,0.5,0.5,Houston,UCF,4,4,NA,400835296,2016-02-13
4,1,19:45,2385,2385,A.J. Davis Steal.,0,0,0,25,0.5,0.5,Houston,UCF,4,4,NA,400835296,2016-02-13
5,1,19:20,2360,2360,Tacko Fall made Layup. Assisted by Tanksley Efianayi.,0,2,-2,22,0.4551249204640424,0.4551249204640424,Houston,UCF,4,4,NA,400835296,2016-02-13
6,1,18:58,2338,2338,Foul on Tacko Fall.,0,2,-2,0,0.4546487271837898,0.4546487271837898,Houston,UCF,4,4,NA,400835296,2016-02-13
7,1,18:58,2338,2338,Danrad Knowles made Free Throw.,1,2,-1,0,0.4772775329142592,0.4772775329142592,Houston,UCF,4,4,NA,400835296,2016-02-13
8,1,18:58,2338,2338,Danrad Knowles made Free Throw.,2,2,0,21,0.5,0.5,Houston,UCF,4,4,NA,400835296,2016-02-13
9,1,18:37,2317,2317,Foul on Bertrand Nkali.,2,2,0,11,0.5,0.5,Houston,UCF,4,4,NA,400835296,2016-02-13
10,1,18:26,2306,2306,Matt Williams missed Three Point Jumper.,2,2,0,0,0.5,0.5,Houston,UCF,4,4,NA,400835296,2016-02-13
11,1,18:26,2306,2306,Danrad Knowles Defensive Rebound.,2,2,0,9,0.5,0.5,Houston,UCF,4,4,NA,400835296,2016-02-13
12,1,18:17,2297,2297,Galen Robinson Jr. made Layup.,4,2,2,24,0.5462540972634312,0.5462540972634312,Houston,UCF,4,4,NA,400835296,2016-02-13
13,1,17:53,2273,2273,A.J. Davis made Three Point Jumper. Assisted by Matt Williams.,4,5,-1,24,0.47655321655577,0.47655321655577,Houston,UCF,4,4,NA,400835296,2016-02-13
14,1,17:29,2249,2249,Damyean Dotson missed Three Point Jumper.,4,5,-1,0,0.47628057622372727,0.47628057622372727,Houston,UCF,4,4,NA,400835296,2016-02-13
15,1,17:29,2249,2249,Danrad Knowles Offensive Rebound.,4,5,-1,5,0.47628057622372727,0.47628057622372727,Houston,UCF,4,4,NA,400835296,2016-02-13
16,1,17:24,2244,2244,Foul on A.J. Davis.,4,5,-1,0,0.4762234829712621,0.4762234829712621,Houston,UCF,4,4,NA,400835296,2016-02-13
17,1,17:24,2244,2244,Danrad Knowles missed Free Throw.,4,5,-1,0,0.4762234829712621,0.4762234829712621,Houston,UCF,4,4,NA,400835296,2016-02-13
18,1,17:24,2244,2244,Houston Deadball Team Rebound.,4,5,-1,0,0.4762234829712621,0.4762234829712621,Houston,UCF,4,4,NA,400835296,2016-02-13
19,1,17:24,2244,2244,Danrad Knowles made Free Throw.,5,5,0,17,0.5,0.5,Houston,UCF,4,4,NA,400835296,2016-02-13
20,1,17:07,2227,2227,Tanksley Efianayi missed Three Point Jumper.,5,5,0,0,0.5,0.5,Houston,UCF,4,4,NA,400835296,2016-02-13
21,1,17:07,2227,2227,LeRon Barnes Defensive Rebound.,5,5,0,15,0.5,0.5,Houston,UCF,4,4,NA,400835296,2016-02-13
22,1,16:52,2212,2212,LeRon Barnes made Three Point Jumper. Assisted by Galen Robinson Jr..,8,5,3,22,0.5719847230307131,0.5719847230307131,Houston,UCF,4,4,NA,400835296,2016-02-13
23,1,16:30,2190,2190,Matt Williams missed Three Point Jumper.,8,5,3,0,0.572733746647031,0.572733746647031,Houston,UCF,4,4,NA,400835296,2016-02-13
24,1,16:30,2190,2190,Galen Robinson Jr. Defensive Rebound.,8,5,3,11,0.572733746647031,0.572733746647031,Houston,UCF,4,4,NA,400835296,2016-02-13
25,1,16:19,2179,2179,LeRon Barnes made Jumper.,10,5,5,3,0.6203219646060996,0.6203219646060996,Houston,UCF,4,4,NA,400835296,2016-02-13
26,1,16:16,2176,2176,UCF  Timeout,10,5,5,18,0.620486538992012,0.620486538992012,Houston,UCF,3,4,NA,400835296,2016-02-13
27,1,15:58,2158,2158,Daiquan Walker Turnover.,10,5,5,11,0.6214757604639897,0.6214757604639897,Houston,UCF,3,4,NA,400835296,2016-02-13
28,1,15:47,2147,2147,Foul on A.J. Davis.,10,5,5,0,0.6220826282008025,0.6220826282008025,Houston,UCF,3,4,NA,400835296,2016-02-13
29,1,15:47,2147,2147,Danrad Knowles made Free Throw.,11,5,6,0,0.6452161892721886,0.6452161892721886,Houston,UCF,3,4,NA,400835296,2016-02-13
30,1,15:47,2147,2147,Danrad Knowles made Free Throw.,12,5,7,15,0.6676901245958994,0.6676901245958994,Houston,UCF,3,4,NA,400835296,2016-02-13
31,1,15:32,2132,2132,Daiquan Walker missed Three Point Jumper.,12,5,7,0,0.6687873507005244,0.6687873507005244,Houston,UCF,3,4,NA,400835296,2016-02-13
32,1,15:32,2132,2132,Tanksley Efianayi Offensive Rebound.,12,5,7,23,0.6687873507005244,0.6687873507005244,Houston,UCF,3,4,NA,400835296,2016-02-13
33,1,15:09,2109,2109,Tanksley Efianayi made Jumper.,12,7,5,24,0.6241948937326578,0.6241948937326578,Houston,UCF,3,4,NA,400835296,2016-02-13
34,1,14:45,2085,2085,Foul on Tanksley Efianayi.,12,7,5,0,0.6255429599237331,0.6255429599237331,Houston,UCF,3,4,NA,400835296,2016-02-13
35,1,14:45,2085,2085,Damyean Dotson made Free Throw.,13,7,6,0,0.649256234673713,0.649256234673713,Houston,UCF,3,4,NA,400835296,2016-02-13
36,1,14:45,2085,2085,Damyean Dotson made Free Throw.,14,7,7,15,0.6722546097895448,0.6722546097895448,Houston,UCF,3,4,NA,400835296,2016-02-13
37,1,14:30,2070,2070,Foul on Bertrand Nkali.,14,7,7,0,0.6733716401603698,0.6733716401603698,Houston,UCF,3,4,NA,400835296,2016-02-13
38,1,14:30,2070,2070,Justin McBride missed Free Throw.,14,7,7,0,0.6733716401603698,0.6733716401603698,Houston,UCF,3,4,NA,400835296,2016-02-13
39,1,14:30,2070,2070,UCF Deadball Team Rebound.,14,7,7,0,0.6733716401603698,0.6733716401603698,Houston,UCF,3,4,NA,400835296,2016-02-13
40,1,14:30,2070,2070,Justin McBride made Free Throw.,14,8,6,11,0.6502460444590433,0.6502460444590433,Houston,UCF,3,4,NA,400835296,2016-02-13
41,1,14:19,2059,2059,Galen Robinson Jr. made Layup.,16,8,8,17,0.6965886286581311,0.6965886286581311,Houston,UCF,3,4,NA,400835296,2016-02-13
42,1,14:02,2042,2042,Justin McBride made Layup. Assisted by Daiquan Walker.,16,10,6,28,0.65210837103598,0.65210837103598,Houston,UCF,3,4,NA,400835296,2016-02-13
43,1,13:34,2014,2014,Galen Robinson Jr. missed Three Point Jumper.,16,10,6,0,0.6539913575735629,0.6539913575735629,Houston,UCF,3,4,NA,400835296,2016-02-13
44,1,13:34,2014,2014,Tanksley Efianayi Defensive Rebound.,16,10,6,14,0.6539913575735629,0.6539913575735629,Houston,UCF,3,4,NA,400835296,2016-02-13
45,1,13:20,2000,2000,Justin McBride missed Jumper.,16,10,6,0,0.6549411613245077,0.6549411613245077,Houston,UCF,3,4,NA,400835296,2016-02-13
46,1,13:20,2000,2000,Devonta Pollard Defensive Rebound.,16,10,6,3,0.6549411613245077,0.6549411613245077,Houston,UCF,3,4,NA,400835296,2016-02-13
47,1,13:17,1997,1997,Foul on Tanksley Efianayi.,16,10,6,3,0.6551454425900199,0.6551454425900199,Houston,UCF,3,4,NA,400835296,2016-02-13
48,1,13:14,1994,1994,Galen Robinson Jr. Turnover.,16,10,6,0,0.6553499940717292,0.6553499940717292,Houston,UCF,3,4,NA,400835296,2016-02-13
49,1,13:14,1994,1994,Chance McSpadden Steal.,16,10,6,4,0.6553499940717292,0.6553499940717292,Houston,UCF,3,4,NA,400835296,2016-02-13
50,1,13:10,1990,1990,Chance McSpadden made Layup.,16,12,4,17,0.6056905202891126,0.6056905202891126,Houston,UCF,3,4,NA,400835296,2016-02-13
51,1,12:53,1973,1973,Devonta Pollard missed Jumper.,16,12,4,0,0.6065134560365255,0.6065134560365255,Houston,UCF,3,4,NA,400835296,2016-02-13
52,1,12:53,1973,1973,Daiquan Walker Defensive Rebound.,16,12,4,4,0.6065134560365255,0.6065134560365255,Houston,UCF,3,4,NA,400835296,2016-02-13
53,1,12:49,1969,1969,Foul on Kyle Meyer.,16,12,4,10,0.6067081308366806,0.6067081308366806,Houston,UCF,3,4,NA,400835296,2016-02-13
54,1,12:39,1959,1959,Shaheed Davis missed Three Point Jumper.,16,12,4,0,0.6071966000861357,0.6071966000861357,Houston,UCF,3,4,NA,400835296,2016-02-13
55,1,12:39,1959,1959,Ronnie Johnson Defensive Rebound.,16,12,4,9,0.6071966000861357,0.6071966000861357,Houston,UCF,3,4,NA,400835296,2016-02-13
56,1,12:30,1950,1950,Damyean Dotson missed Three Point Jumper.,16,12,4,0,0.6076384392034611,0.6076384392034611,Houston,UCF,3,4,NA,400835296,2016-02-13
57,1,12:30,1950,1950,Damyean Dotson Offensive Rebound.,16,12,4,13,0.6076384392034611,0.6076384392034611,Houston,UCF,3,4,NA,400835296,2016-02-13
58,1,12:17,1937,1937,Damyean Dotson made Dunk. Assisted by Devonta Pollard.,18,12,6,12,0.659290679413047,0.659290679413047,Houston,UCF,3,4,NA,400835296,2016-02-13
59,1,12:05,1925,1925,Foul on Devonta Pollard.,18,12,6,11,0.6601335065627837,0.6601335065627837,Houston,UCF,3,4,NA,400835296,2016-02-13
60,1,11:54,1914,1914,Official TV Timeout,18,12,6,1,0.6609049566389436,0.6609049566389436,Houston,UCF,3,4,NA,400835296,2016-02-13
61,1,11:53,1913,1913,Matt Williams missed Jumper.,18,12,6,0,0.6609749934934006,0.6609749934934006,Houston,UCF,3,4,NA,400835296,2016-02-13
62,1,11:53,1913,1913,Danrad Knowles Defensive Rebound.,18,12,6,20,0.6609749934934006,0.6609749934934006,Houston,UCF,3,4,NA,400835296,2016-02-13
63,1,11:33,1893,1893,Devonta Pollard missed Jumper.,18,12,6,0,0.6623733440387014,0.6623733440387014,Houston,UCF,3,4,NA,400835296,2016-02-13
64,1,11:33,1893,1893,Daiquan Walker Defensive Rebound.,18,12,6,19,0.6623733440387014,0.6623733440387014,Houston,UCF,3,4,NA,400835296,2016-02-13
65,1,11:14,1874,1874,Chance McSpadden Turnover.,18,12,6,0,0.6636996233350986,0.6636996233350986,Houston,UCF,3,4,NA,400835296,2016-02-13
66,1,11:14,1874,1874,Devonta Pollard Steal.,18,12,6,13,0.6636996233350986,0.6636996233350986,Houston,UCF,3,4,NA,400835296,2016-02-13
67,1,11:01,1861,1861,Devonta Pollard made Jumper.,20,12,8,22,0.7133804978053743,0.7133804978053743,Houston,UCF,3,4,NA,400835296,2016-02-13
68,1,10:39,1839,1839,Foul on Shaheed Davis.,20,12,8,0,0.7152618875637983,0.7152618875637983,Houston,UCF,3,4,NA,400835296,2016-02-13
69,1,10:39,1839,1839,Shaheed Davis Turnover.,20,12,8,12,0.7152618875637983,0.7152618875637983,Houston,UCF,3,4,NA,400835296,2016-02-13
70,1,10:27,1827,1827,Danrad Knowles made Jumper. Assisted by LeRon Barnes.,22,12,10,18,0.7609089058581359,0.7609089058581359,Houston,UCF,3,4,NA,400835296,2016-02-13
71,1,10:09,1809,1809,Chance McSpadden made Three Point Jumper. Assisted by Daiquan Walker.,22,15,7,15,0.693609093740556,0.693609093740556,Houston,UCF,3,4,NA,400835296,2016-02-13
72,1,9:54,1794,1794,Devonta Pollard Turnover.,22,15,7,0,0.6948004388932741,0.6948004388932741,Houston,UCF,3,4,NA,400835296,2016-02-13
73,1,9:54,1794,1794,Matt Williams Steal.,22,15,7,15,0.6948004388932741,0.6948004388932741,Houston,UCF,3,4,NA,400835296,2016-02-13
74,1,9:39,1779,1779,Foul on Ronnie Johnson.,22,15,7,0,0.6959998151896163,0.6959998151896163,Houston,UCF,3,4,NA,400835296,2016-02-13
75,1,9:39,1779,1779,Justin McBride made Free Throw.,22,16,6,0,0.6703988400927152,0.6703988400927152,Houston,UCF,3,4,NA,400835296,2016-02-13
76,1,9:39,1779,1779,Justin McBride made Free Throw.,22,17,5,13,0.6437454586300168,0.6437454586300168,Houston,UCF,3,4,NA,400835296,2016-02-13
77,1,9:26,1766,1766,Ronnie Johnson missed Layup.,22,17,5,0,0.6445565143700558,0.6445565143700558,Houston,UCF,3,4,NA,400835296,2016-02-13
78,1,9:26,1766,1766,Justin McBride Defensive Rebound.,22,17,5,8,0.6445565143700558,0.6445565143700558,Houston,UCF,3,4,NA,400835296,2016-02-13
79,1,9:18,1758,1758,Chance McSpadden missed Three Point Jumper.,22,17,5,0,0.6450590711866201,0.6450590711866201,Houston,UCF,3,4,NA,400835296,2016-02-13
80,1,9:18,1758,1758,LeRon Barnes Defensive Rebound.,22,17,5,13,0.6450590711866201,0.6450590711866201,Houston,UCF,3,4,NA,400835296,2016-02-13
81,1,9:05,1745,1745,Wes VanBeck missed Layup.,22,17,5,0,0.6458818568083877,0.6458818568083877,Houston,UCF,3,4,NA,400835296,2016-02-13
82,1,9:05,1745,1745,Justin McBride Block.,22,17,5,0,0.6458818568083877,0.6458818568083877,Houston,UCF,3,4,NA,400835296,2016-02-13
83,1,9:05,1745,1745,Wes VanBeck Offensive Rebound.,22,17,5,8,0.6458818568083877,0.6458818568083877,Houston,UCF,3,4,NA,400835296,2016-02-13
84,1,8:57,1737,1737,Foul on A.J. Davis.,22,17,5,0,0.6463922371859259,0.6463922371859259,Houston,UCF,3,4,NA,400835296,2016-02-13
85,1,8:57,1737,1737,Devonta Pollard made Free Throw.,23,17,6,0,0.6734568566258469,0.6734568566258469,Houston,UCF,3,4,NA,400835296,2016-02-13
86,1,8:57,1737,1737,Devonta Pollard made Free Throw.,24,17,7,17,0.6994132768440082,0.6994132768440082,Houston,UCF,3,4,NA,400835296,2016-02-13
87,1,8:40,1720,1720,Chance McSpadden Turnover.,24,17,7,0,0.7008233362015384,0.7008233362015384,Houston,UCF,3,4,NA,400835296,2016-02-13
88,1,8:40,1720,1720,Devonta Pollard Steal.,24,17,7,8,0.7008233362015384,0.7008233362015384,Houston,UCF,3,4,NA,400835296,2016-02-13
89,1,8:32,1712,1712,Ronnie Johnson made Jumper.,26,17,9,12,0.749986428614603,0.749986428614603,Houston,UCF,3,4,NA,400835296,2016-02-13
90,1,8:20,1700,1700,Foul on Ronnie Johnson.,26,17,9,11,0.7511529129498329,0.7511529129498329,Houston,UCF,3,4,NA,400835296,2016-02-13
91,1,8:09,1689,1689,Matt Williams missed Jumper.,26,17,9,0,0.7522318194293885,0.7522318194293885,Houston,UCF,3,4,NA,400835296,2016-02-13
92,1,8:09,1689,1689,LeRon Barnes Defensive Rebound.,26,17,9,9,0.7522318194293885,0.7522318194293885,Houston,UCF,3,4,NA,400835296,2016-02-13
93,1,8:00,1680,1680,Wes VanBeck made Jumper.,28,17,11,30,0.7962629377497698,0.7962629377497698,Houston,UCF,3,4,NA,400835296,2016-02-13
94,1,7:30,1650,1650,Foul on Danrad Knowles.,28,17,11,0,0.799279967456329,0.799279967456329,Houston,UCF,3,4,NA,400835296,2016-02-13
95,1,7:30,1650,1650,Official TV Timeout,28,17,11,0,0.799279967456329,0.799279967456329,Houston,UCF,3,4,NA,400835296,2016-02-13
96,1,7:30,1650,1650,Justin McBride missed Free Throw.,28,17,11,0,0.799279967456329,0.799279967456329,Houston,UCF,3,4,NA,400835296,2016-02-13
97,1,7:30,1650,1650,Bertrand Nkali Defensive Rebound.,28,17,11,10,0.799279967456329,0.799279967456329,Houston,UCF,3,4,NA,400835296,2016-02-13
98,1,7:20,1640,1640,Devonta Pollard missed Layup.,28,17,11,0,0.800257409862936,0.800257409862936,Houston,UCF,3,4,NA,400835296,2016-02-13
99,1,7:20,1640,1640,Justin McBride Block.,28,17,11,0,0.800257409862936,0.800257409862936,Houston,UCF,3,4,NA,400835296,2016-02-13
100,1,7:20,1640,1640,Shaheed Davis Defensive Rebound.,28,17,11,24,0.800257409862936,0.800257409862936,Houston,UCF,3,4,NA,400835296,2016-02-13
101,1,6:56,1616,1616,Justin McBride missed Jumper.,28,17,11,0,0.8025634137843198,0.8025634137843198,Houston,UCF,3,4,NA,400835296,2016-02-13
102,1,6:56,1616,1616,Devonta Pollard Defensive Rebound.,28,17,11,0,0.8025634137843198,0.8025634137843198,Houston,UCF,3,4,NA,400835296,2016-02-13
103,1,6:56,1616,1616,Foul on Staphon Blair.,28,17,11,0,0.8025634137843198,0.8025634137843198,Houston,UCF,3,4,NA,400835296,2016-02-13
104,1,6:56,1616,1616,Devonta Pollard missed Free Throw.,28,17,11,0,0.8025634137843198,0.8025634137843198,Houston,UCF,3,4,NA,400835296,2016-02-13
105,1,6:56,1616,1616,Houston Offensive Rebound.,28,17,11,7,0.8025634137843198,0.8025634137843198,Houston,UCF,3,4,NA,400835296,2016-02-13
106,1,6:49,1609,1609,Devonta Pollard Turnover.,28,17,11,18,0.8032283450504052,0.8032283450504052,Houston,UCF,3,4,NA,400835296,2016-02-13
107,1,6:31,1591,1591,Foul on Bertrand Nkali.,28,17,11,0,0.8049294470579613,0.8049294470579613,Houston,UCF,3,4,NA,400835296,2016-02-13
108,1,6:31,1591,1591,Justin McBride missed Free Throw.,28,17,11,0,0.8049294470579613,0.8049294470579613,Houston,UCF,3,4,NA,400835296,2016-02-13
109,1,6:31,1591,1591,UCF Deadball Team Rebound.,28,17,11,0,0.8049294470579613,0.8049294470579613,Houston,UCF,3,4,NA,400835296,2016-02-13
110,1,6:31,1591,1591,Justin McBride made Free Throw.,28,18,10,14,0.7838998628832572,0.7838998628832572,Houston,UCF,3,4,NA,400835296,2016-02-13
111,1,6:17,1577,1577,Damyean Dotson missed Three Point Jumper.,28,18,10,0,0.7851949446396241,0.7851949446396241,Houston,UCF,3,4,NA,400835296,2016-02-13
112,1,6:17,1577,1577,Shaheed Davis Defensive Rebound.,28,18,10,17,0.7851949446396241,0.7851949446396241,Houston,UCF,3,4,NA,400835296,2016-02-13
113,1,6:00,1560,1560,Matt Williams missed Three Point Jumper.,28,18,10,0,0.7867731685764249,0.7867731685764249,Houston,UCF,3,4,NA,400835296,2016-02-13
114,1,6:00,1560,1560,Ronnie Johnson Defensive Rebound.,28,18,10,6,0.7867731685764249,0.7867731685764249,Houston,UCF,3,4,NA,400835296,2016-02-13
115,1,5:54,1554,1554,Wes VanBeck made Layup. Assisted by Ronnie Johnson.,30,18,12,25,0.8278847788679162,0.8278847788679162,Houston,UCF,3,4,NA,400835296,2016-02-13
116,1,5:29,1529,1529,Chance McSpadden made Three Point Jumper. Assisted by Shaheed Davis.,30,21,9,24,0.7668798163025099,0.7668798163025099,Houston,UCF,3,4,NA,400835296,2016-02-13
117,1,5:05,1505,1505,Wes VanBeck missed Jumper.,30,21,9,0,0.7691362428412647,0.7691362428412647,Houston,UCF,3,4,NA,400835296,2016-02-13
118,1,5:05,1505,1505,Tacko Fall Block.,30,21,9,0,0.7691362428412647,0.7691362428412647,Houston,UCF,3,4,NA,400835296,2016-02-13
119,1,5:05,1505,1505,Tacko Fall Defensive Rebound.,30,21,9,18,0.7691362428412647,0.7691362428412647,Houston,UCF,3,4,NA,400835296,2016-02-13
120,1,4:47,1487,1487,Shaheed Davis missed Jumper.,30,21,9,0,0.7708821990263708,0.7708821990263708,Houston,UCF,3,4,NA,400835296,2016-02-13
121,1,4:47,1487,1487,Kyle Meyer Defensive Rebound.,30,21,9,7,0.7708821990263708,0.7708821990263708,Houston,UCF,3,4,NA,400835296,2016-02-13
122,1,4:40,1480,1480,Damyean Dotson made Layup. Assisted by Galen Robinson Jr..,32,21,11,10,0.8157368217833832,0.8157368217833832,Houston,UCF,3,4,NA,400835296,2016-02-13
123,1,4:30,1470,1470,Shaheed Davis missed Three Point Jumper.,32,21,11,0,0.8167855920723718,0.8167855920723718,Houston,UCF,3,4,NA,400835296,2016-02-13
124,1,4:30,1470,1470,UCF Deadball Team Rebound.,32,21,11,4,0.8167855920723718,0.8167855920723718,Houston,UCF,3,4,NA,400835296,2016-02-13
125,1,4:26,1466,1466,Tanksley Efianayi missed Layup.,32,21,11,0,0.8172104543267631,0.8172104543267631,Houston,UCF,3,4,NA,400835296,2016-02-13
126,1,4:26,1466,1466,Tacko Fall Offensive Rebound.,32,21,11,0,0.8172104543267631,0.8172104543267631,Houston,UCF,3,4,NA,400835296,2016-02-13
127,1,4:26,1466,1466,Tacko Fall made Two Point Tip Shot.,32,23,9,10,0.7729909288607719,0.7729909288607719,Houston,UCF,3,4,NA,400835296,2016-02-13
128,1,4:16,1456,1456,Devonta Pollard made Jumper. Assisted by Damyean Dotson.,34,23,11,16,0.8182868286074285,0.8182868286074285,Houston,UCF,3,4,NA,400835296,2016-02-13
129,1,4:00,1440,1440,Chance McSpadden missed Three Point Jumper.,34,23,11,0,0.820028012317402,0.820028012317402,Houston,UCF,3,4,NA,400835296,2016-02-13
130,1,4:00,1440,1440,Devonta Pollard Defensive Rebound.,34,23,11,7,0.820028012317402,0.820028012317402,Houston,UCF,3,4,NA,400835296,2016-02-13
131,1,3:53,1433,1433,LeRon Barnes missed Three Point Jumper.,34,23,11,0,0.8207711035480628,0.8207711035480628,Houston,UCF,3,4,NA,400835296,2016-02-13
132,1,3:53,1433,1433,Chance McSpadden Defensive Rebound.,34,23,11,9,0.8207711035480628,0.8207711035480628,Houston,UCF,3,4,NA,400835296,2016-02-13
133,1,3:44,1424,1424,Foul on Galen Robinson Jr..,34,23,11,0,0.8217087088561725,0.8217087088561725,Houston,UCF,3,4,NA,400835296,2016-02-13
134,1,3:44,1424,1424,Official TV Timeout,34,23,11,0,0.8217087088561725,0.8217087088561725,Houston,UCF,3,4,NA,400835296,2016-02-13
135,1,3:44,1424,1424,Tanksley Efianayi made Free Throw.,34,24,10,0,0.8004423215025146,0.8004423215025146,Houston,UCF,3,4,NA,400835296,2016-02-13
136,1,3:44,1424,1424,Tanksley Efianayi made Free Throw.,34,25,9,21,0.7773266999593123,0.7773266999593123,Houston,UCF,3,4,NA,400835296,2016-02-13
137,1,3:23,1403,1403,Galen Robinson Jr. missed Layup.,34,25,9,0,0.7793819064312291,0.7793819064312291,Houston,UCF,3,4,NA,400835296,2016-02-13
138,1,3:23,1403,1403,Staphon Blair Defensive Rebound.,34,25,9,23,0.7793819064312291,0.7793819064312291,Houston,UCF,3,4,NA,400835296,2016-02-13
139,1,3:00,1380,1380,Tacko Fall missed Jumper.,34,25,9,0,0.7815674775723919,0.7815674775723919,Houston,UCF,3,4,NA,400835296,2016-02-13
140,1,3:00,1380,1380,Damyean Dotson Defensive Rebound.,34,25,9,8,0.7815674775723919,0.7815674775723919,Houston,UCF,3,4,NA,400835296,2016-02-13
141,1,2:52,1372,1372,Damyean Dotson missed Three Point Jumper.,34,25,9,0,0.7823183359751497,0.7823183359751497,Houston,UCF,3,4,NA,400835296,2016-02-13
142,1,2:52,1372,1372,Damyean Dotson Offensive Rebound.,34,25,9,23,0.7823183359751497,0.7823183359751497,Houston,UCF,3,4,NA,400835296,2016-02-13
143,1,2:29,1349,1349,Foul on Shaheed Davis.,34,25,9,0,0.7844696858408089,0.7844696858408089,Houston,UCF,3,4,NA,400835296,2016-02-13
144,1,2:29,1349,1349,Devonta Pollard made Free Throw.,35,25,10,0,0.8077493037412243,0.8077493037412243,Houston,UCF,3,4,NA,400835296,2016-02-13
145,1,2:29,1349,1349,Devonta Pollard made Free Throw.,36,25,11,17,0.8290623741936128,0.8290623741936128,Houston,UCF,3,4,NA,400835296,2016-02-13
146,1,2:12,1332,1332,Shaheed Davis missed Three Point Jumper.,36,25,11,0,0.8306989039889967,0.8306989039889967,Houston,UCF,3,4,NA,400835296,2016-02-13
147,1,2:12,1332,1332,UCF Offensive Rebound.,36,25,11,11,0.8306989039889967,0.8306989039889967,Houston,UCF,3,4,NA,400835296,2016-02-13
148,1,2:01,1321,1321,Shaheed Davis Turnover.,36,25,11,27,0.831767885515274,0.831767885515274,Houston,UCF,3,4,NA,400835296,2016-02-13
149,1,1:34,1294,1294,Kyle Meyer made Layup.,38,25,13,7,0.871199646227172,0.871199646227172,Houston,UCF,3,4,NA,400835296,2016-02-13
150,1,1:27,1287,1287,Daiquan Walker missed Jumper.,38,25,13,0,0.8718854495633365,0.8718854495633365,Houston,UCF,3,4,NA,400835296,2016-02-13
151,1,1:27,1287,1287,LeRon Barnes Defensive Rebound.,38,25,13,9,0.8718854495633365,0.8718854495633365,Houston,UCF,3,4,NA,400835296,2016-02-13
152,1,1:18,1278,1278,Kyle Meyer missed Three Point Jumper.,38,25,13,0,0.8727796939323295,0.8727796939323295,Houston,UCF,3,4,NA,400835296,2016-02-13
153,1,1:18,1278,1278,Staphon Blair Defensive Rebound.,38,25,13,17,0.8727796939323295,0.8727796939323295,Houston,UCF,3,4,NA,400835296,2016-02-13
154,1,1:01,1261,1261,Chance McSpadden missed Three Point Jumper.,38,25,13,0,0.8745129132731441,0.8745129132731441,Houston,UCF,3,4,NA,400835296,2016-02-13
155,1,1:01,1261,1261,UCF Offensive Rebound.,38,25,13,6,0.8745129132731441,0.8745129132731441,Houston,UCF,3,4,NA,400835296,2016-02-13
156,1,0:55,1255,1255,Chance McSpadden Turnover.,38,25,13,0,0.8751400765994949,0.8751400765994949,Houston,UCF,3,4,NA,400835296,2016-02-13
157,1,0:55,1255,1255,Kyle Meyer Steal.,38,25,13,10,0.8751400765994949,0.8751400765994949,Houston,UCF,3,4,NA,400835296,2016-02-13
158,1,0:45,1245,1245,Houston  Timeout,38,25,13,1,0.8762051649333713,0.8762051649333713,Houston,UCF,3,3,NA,400835296,2016-02-13
159,1,0:44,1244,1244,LeRon Barnes made Layup. Assisted by Galen Robinson Jr..,40,25,15,32,0.9054408387141458,0.9054408387141458,Houston,UCF,3,3,NA,400835296,2016-02-13
160,1,0:12,1212,1212,Foul on Matt Williams.,40,25,15,0,0.9087173782241759,0.9087173782241759,Houston,UCF,3,3,NA,400835296,2016-02-13
161,1,0:12,1212,1212,Matt Williams Turnover.,40,25,15,12,0.9087173782241759,0.9087173782241759,Houston,UCF,3,3,NA,400835296,2016-02-13
162,1,0:00,1200,1200,End of 1st half,40,25,15,0,0.9099848741674551,0.9099848741674551,Houston,UCF,3,3,NA,400835296,2016-02-13
163,2,20:00,1200,1200,PLAY,40,25,15,0,0.9099848741674551,0.9099848741674551,Houston,UCF,4,4,NA,400835296,2016-02-13
164,2,20:00,1200,1200,Jump Ball won by Houston,40,25,15,19,0.9099848741674551,0.9099848741674551,Houston,UCF,4,4,NA,400835296,2016-02-13
165,2,19:41,1181,1181,Devonta Pollard missed Layup.,40,25,15,0,0.9119039489163225,0.9119039489163225,Houston,UCF,4,4,NA,400835296,2016-02-13
166,2,19:41,1181,1181,Tacko Fall Block.,40,25,15,0,0.9119039489163225,0.9119039489163225,Houston,UCF,4,4,NA,400835296,2016-02-13
167,2,19:41,1181,1181,A.J. Davis Defensive Rebound.,40,25,15,29,0.9119039489163225,0.9119039489163225,Houston,UCF,4,4,NA,400835296,2016-02-13
168,2,19:12,1152,1152,Foul on Damyean Dotson.,40,25,15,0,0.9146747484747211,0.9146747484747211,Houston,UCF,4,4,NA,400835296,2016-02-13
169,2,19:12,1152,1152,Tacko Fall missed Free Throw.,40,25,15,0,0.9146747484747211,0.9146747484747211,Houston,UCF,4,4,NA,400835296,2016-02-13
170,2,19:12,1152,1152,UCF Deadball Team Rebound.,40,25,15,0,0.9146747484747211,0.9146747484747211,Houston,UCF,4,4,NA,400835296,2016-02-13
171,2,19:12,1152,1152,Tacko Fall missed Free Throw.,40,25,15,0,0.9146747484747211,0.9146747484747211,Houston,UCF,4,4,NA,400835296,2016-02-13
172,2,19:12,1152,1152,Galen Robinson Jr. Defensive Rebound.,40,25,15,15,0.9146747484747211,0.9146747484747211,Houston,UCF,4,4,NA,400835296,2016-02-13
173,2,18:57,1137,1137,Devonta Pollard missed Jumper.,40,25,15,0,0.9160578428735209,0.9160578428735209,Houston,UCF,4,4,NA,400835296,2016-02-13
174,2,18:57,1137,1137,Bertrand Nkali Offensive Rebound.,40,25,15,7,0.9160578428735209,0.9160578428735209,Houston,UCF,4,4,NA,400835296,2016-02-13
175,2,18:50,1130,1130,LeRon Barnes missed Three Point Jumper.,40,25,15,0,0.9166960159760563,0.9166960159760563,Houston,UCF,4,4,NA,400835296,2016-02-13
176,2,18:50,1130,1130,Daiquan Walker Defensive Rebound.,40,25,15,9,0.9166960159760563,0.9166960159760563,Houston,UCF,4,4,NA,400835296,2016-02-13
177,2,18:41,1121,1121,A.J. Davis Turnover.,40,25,15,19,0.9175120925480009,0.9175120925480009,Houston,UCF,4,4,NA,400835296,2016-02-13
178,2,18:22,1102,1102,Devonta Pollard missed Jumper.,40,25,15,0,0.9192279434017918,0.9192279434017918,Houston,UCF,4,4,NA,400835296,2016-02-13
179,2,18:22,1102,1102,Bertrand Nkali Offensive Rebound.,40,25,15,5,0.9192279434017918,0.9192279434017918,Houston,UCF,4,4,NA,400835296,2016-02-13
180,2,18:17,1097,1097,Bertrand Nkali missed Layup.,40,25,15,0,0.9196798265623901,0.9196798265623901,Houston,UCF,4,4,NA,400835296,2016-02-13
181,2,18:17,1097,1097,Tacko Fall Block.,40,25,15,0,0.9196798265623901,0.9196798265623901,Houston,UCF,4,4,NA,400835296,2016-02-13
182,2,18:17,1097,1097,LeRon Barnes Offensive Rebound.,40,25,15,15,0.9196798265623901,0.9196798265623901,Houston,UCF,4,4,NA,400835296,2016-02-13
183,2,18:02,1082,1082,LeRon Barnes made Three Point Jumper. Assisted by Bertrand Nkali.,43,25,18,37,0.9501642723742063,0.9501642723742063,Houston,UCF,4,4,NA,400835296,2016-02-13
184,2,17:25,1045,1045,Matt Williams missed Three Point Jumper.,43,25,18,0,0.9528409564482385,0.9528409564482385,Houston,UCF,4,4,NA,400835296,2016-02-13
185,2,17:25,1045,1045,Tacko Fall Offensive Rebound.,43,25,18,25,0.9528409564482385,0.9528409564482385,Houston,UCF,4,4,NA,400835296,2016-02-13
186,2,17:00,1020,1020,Tacko Fall Turnover.,43,25,18,8,0.9547192671069428,0.9547192671069428,Houston,UCF,4,4,NA,400835296,2016-02-13
187,2,16:52,1012,1012,Foul on Tacko Fall.,43,25,18,0,0.9553363915136397,0.9553363915136397,Houston,UCF,4,4,NA,400835296,2016-02-13
188,2,16:52,1012,1012,Devonta Pollard made Free Throw.,44,25,19,0,0.962059816924267,0.962059816924267,Houston,UCF,4,4,NA,400835296,2016-02-13
189,2,16:52,1012,1012,Devonta Pollard made Free Throw.,45,25,20,18,0.9678052411285206,0.9678052411285206,Houston,UCF,4,4,NA,400835296,2016-02-13
190,2,16:34,994,994,Daiquan Walker Turnover.,45,25,20,0,0.9689558635782899,0.9689558635782899,Houston,UCF,4,4,NA,400835296,2016-02-13
191,2,16:34,994,994,Bertrand Nkali Steal.,45,25,20,12,0.9689558635782899,0.9689558635782899,Houston,UCF,4,4,NA,400835296,2016-02-13
192,2,16:22,982,982,Devonta Pollard missed Jumper.,45,25,20,0,0.9697418760302395,0.9697418760302395,Houston,UCF,4,4,NA,400835296,2016-02-13
193,2,16:22,982,982,Matt Williams Defensive Rebound.,45,25,20,30,0.9697418760302395,0.9697418760302395,Houston,UCF,4,4,NA,400835296,2016-02-13
194,2,15:52,952,952,Daiquan Walker missed Jumper.,45,25,20,0,0.9716763860626281,0.9716763860626281,Houston,UCF,4,4,NA,400835296,2016-02-13
195,2,15:52,952,952,Justin McBride Offensive Rebound.,45,25,20,5,0.9716763860626281,0.9716763860626281,Houston,UCF,4,4,NA,400835296,2016-02-13
196,2,15:47,947,947,Justin McBride made Layup.,45,27,18,19,0.9605045000938861,0.9605045000938861,Houston,UCF,4,4,NA,400835296,2016-02-13
197,2,15:28,928,928,Devonta Pollard made Jumper.,47,27,20,17,0.9729770503014284,0.9729770503014284,Houston,UCF,4,4,NA,400835296,2016-02-13
198,2,15:11,911,911,Justin McBride missed Jumper.,47,27,20,0,0.9737944298693647,0.9737944298693647,Houston,UCF,4,4,NA,400835296,2016-02-13
199,2,15:11,911,911,Damyean Dotson Defensive Rebound.,47,27,20,26,0.9737944298693647,0.9737944298693647,Houston,UCF,4,4,NA,400835296,2016-02-13
200,2,14:45,885,885,Damyean Dotson missed Jumper.,47,27,20,0,0.9749417924546849,0.9749417924546849,Houston,UCF,4,4,NA,400835296,2016-02-13
201,2,14:45,885,885,Bertrand Nkali Offensive Rebound.,47,27,20,18,0.9749417924546849,0.9749417924546849,Houston,UCF,4,4,NA,400835296,2016-02-13
202,2,14:27,867,867,Devonta Pollard made Jumper. Assisted by Galen Robinson Jr..,49,27,22,15,0.9830752296506058,0.9830752296506058,Houston,UCF,4,4,NA,400835296,2016-02-13
203,2,14:12,852,852,Justin McBride missed Layup.,49,27,22,0,0.9835586233306405,0.9835586233306405,Houston,UCF,4,4,NA,400835296,2016-02-13
204,2,14:12,852,852,Bertrand Nkali Defensive Rebound.,49,27,22,12,0.9835586233306405,0.9835586233306405,Houston,UCF,4,4,NA,400835296,2016-02-13
205,2,14:00,840,840,Damyean Dotson missed Jumper.,49,27,22,0,0.9839487831441096,0.9839487831441096,Houston,UCF,4,4,NA,400835296,2016-02-13
206,2,14:00,840,840,Bertrand Nkali Offensive Rebound.,49,27,22,18,0.9839487831441096,0.9839487831441096,Houston,UCF,4,4,NA,400835296,2016-02-13
207,2,13:42,822,822,Foul on Justin McBride.,49,27,22,0,0.9845491751598625,0.9845491751598625,Houston,UCF,4,4,NA,400835296,2016-02-13
208,2,13:42,822,822,Official TV Timeout,49,27,22,0,0.9845491751598625,0.9845491751598625,Houston,UCF,4,4,NA,400835296,2016-02-13
209,2,13:42,822,822,Devonta Pollard made Free Throw.,50,27,23,0,0.9871738909334911,0.9871738909334911,Houston,UCF,4,4,NA,400835296,2016-02-13
210,2,13:42,822,822,Devonta Pollard made Free Throw.,51,27,24,22,0.989357551609274,0.989357551609274,Houston,UCF,4,4,NA,400835296,2016-02-13
211,2,13:20,800,800,A.J. Davis missed Three Point Jumper.,51,27,24,0,0.9899399757387838,0.9899399757387838,Houston,UCF,4,4,NA,400835296,2016-02-13
212,2,13:20,800,800,Tanksley Efianayi Offensive Rebound.,51,27,24,8,0.9899399757387838,0.9899399757387838,Houston,UCF,4,4,NA,400835296,2016-02-13
213,2,13:12,792,792,Tanksley Efianayi made Jumper.,51,29,22,16,0.985617474127043,0.985617474127043,Houston,UCF,4,4,NA,400835296,2016-02-13
214,2,12:56,776,776,Devonta Pollard Turnover.,51,29,22,0,0.9862329329731866,0.9862329329731866,Houston,UCF,4,4,NA,400835296,2016-02-13
215,2,12:56,776,776,Shaheed Davis Steal.,51,29,22,11,0.9862329329731866,0.9862329329731866,Houston,UCF,4,4,NA,400835296,2016-02-13
216,2,12:45,765,765,Staphon Blair made Layup. Assisted by Daiquan Walker.,51,31,20,28,0.9804206283529665,0.9804206283529665,Houston,UCF,4,4,NA,400835296,2016-02-13
217,2,12:17,737,737,Galen Robinson Jr. made Layup.,53,31,22,18,0.9878875732002377,0.9878875732002377,Houston,UCF,4,4,NA,400835296,2016-02-13
218,2,11:59,719,719,Tanksley Efianayi made Jumper.,53,33,20,21,0.9831080553822275,0.9831080553822275,Houston,UCF,4,4,NA,400835296,2016-02-13
219,2,11:38,698,698,Devonta Pollard missed Layup.,53,33,20,0,0.9841546472675011,0.9841546472675011,Houston,UCF,4,4,NA,400835296,2016-02-13
220,2,11:38,698,698,Staphon Blair Block.,53,33,20,0,0.9841546472675011,0.9841546472675011,Houston,UCF,4,4,NA,400835296,2016-02-13
221,2,11:38,698,698,Shaheed Davis Defensive Rebound.,53,33,20,5,0.9841546472675011,0.9841546472675011,Houston,UCF,4,4,NA,400835296,2016-02-13
222,2,11:33,693,693,Daiquan Walker Turnover.,53,33,20,0,0.9843772466781965,0.9843772466781965,Houston,UCF,4,4,NA,400835296,2016-02-13
223,2,11:33,693,693,Official TV Timeout,53,33,20,8,0.9843772466781965,0.9843772466781965,Houston,UCF,4,4,NA,400835296,2016-02-13
224,2,11:25,685,685,Ronnie Johnson Turnover.,53,33,20,0,0.9847175924362883,0.9847175924362883,Houston,UCF,4,4,NA,400835296,2016-02-13
225,2,11:25,685,685,A.J. Davis Steal.,53,33,20,3,0.9847175924362883,0.9847175924362883,Houston,UCF,4,4,NA,400835296,2016-02-13
226,2,11:22,682,682,A.J. Davis made Dunk.,53,35,18,22,0.9771679594339271,0.9771679594339271,Houston,UCF,4,4,NA,400835296,2016-02-13
227,2,11:00,660,660,Damyean Dotson made Layup.,55,35,20,11,0.9856972309377642,0.9856972309377642,Houston,UCF,4,4,NA,400835296,2016-02-13
228,2,10:49,649,649,Shaheed Davis made Layup. Assisted by Tanksley Efianayi.,55,37,18,9,0.9788809432378185,0.9788809432378185,Houston,UCF,4,4,NA,400835296,2016-02-13
229,2,10:40,640,640,Houston  Timeout,55,37,18,8,0.9793374986556264,0.9793374986556264,Houston,UCF,4,3,NA,400835296,2016-02-13
230,2,10:32,632,632,Foul on Staphon Blair.,55,37,18,0,0.979748228106312,0.979748228106312,Houston,UCF,4,3,NA,400835296,2016-02-13
231,2,10:32,632,632,Kyle Meyer made Free Throw.,56,37,19,0,0.9836099712533668,0.9836099712533668,Houston,UCF,4,3,NA,400835296,2016-02-13
232,2,10:32,632,632,Kyle Meyer missed Free Throw.,56,37,19,0,0.9836099712533668,0.9836099712533668,Houston,UCF,4,3,NA,400835296,2016-02-13
233,2,10:32,632,632,Eric Weary Jr. Offensive Rebound.,56,37,19,25,0.9836099712533668,0.9836099712533668,Houston,UCF,4,3,NA,400835296,2016-02-13
234,2,10:07,607,607,Eric Weary Jr. missed Jumper.,56,37,19,0,0.9847647258288548,0.9847647258288548,Houston,UCF,4,3,NA,400835296,2016-02-13
235,2,10:07,607,607,Eric Weary Jr. Offensive Rebound.,56,37,19,5,0.9847647258288548,0.9847647258288548,Houston,UCF,4,3,NA,400835296,2016-02-13
236,2,10:02,602,602,Eric Weary Jr. missed Layup.,56,37,19,0,0.9850095397870157,0.9850095397870157,Houston,UCF,4,3,NA,400835296,2016-02-13
237,2,10:02,602,602,A.J. Davis Defensive Rebound.,56,37,19,5,0.9850095397870157,0.9850095397870157,Houston,UCF,4,3,NA,400835296,2016-02-13
238,2,9:57,597,597,Chance McSpadden Turnover.,56,37,19,0,0.9852600074702785,0.9852600074702785,Houston,UCF,4,3,NA,400835296,2016-02-13
239,2,9:57,597,597,Kyle Meyer Steal.,56,37,19,8,0.9852600074702785,0.9852600074702785,Houston,UCF,4,3,NA,400835296,2016-02-13
240,2,9:49,589,589,Ronnie Johnson made Jumper.,58,37,21,14,0.9907751991652669,0.9907751991652669,Houston,UCF,4,3,NA,400835296,2016-02-13
241,2,9:35,575,575,Shaheed Davis made Jumper. Assisted by Chance McSpadden.,58,39,19,27,0.9864365061286723,0.9864365061286723,Houston,UCF,4,3,NA,400835296,2016-02-13
242,2,9:08,548,548,Damyean Dotson made Jumper.,60,39,21,24,0.9924610806587145,0.9924610806587145,Houston,UCF,4,3,NA,400835296,2016-02-13
243,2,8:44,524,524,Chance McSpadden missed Layup.,60,39,21,0,0.9933087760247595,0.9933087760247595,Houston,UCF,4,3,NA,400835296,2016-02-13
244,2,8:44,524,524,Kyle Meyer Defensive Rebound.,60,39,21,9,0.9933087760247595,0.9933087760247595,Houston,UCF,4,3,NA,400835296,2016-02-13
245,2,8:35,515,515,Kyle Meyer missed Three Point Jumper.,60,39,21,0,0.9935643415206277,0.9935643415206277,Houston,UCF,4,3,NA,400835296,2016-02-13
246,2,8:35,515,515,Staphon Blair Defensive Rebound.,60,39,21,10,0.9935643415206277,0.9935643415206277,Houston,UCF,4,3,NA,400835296,2016-02-13
247,2,8:25,505,505,Chance McSpadden made Layup.,60,41,19,1,0.9900239683033248,0.9900239683033248,Houston,UCF,4,3,NA,400835296,2016-02-13
248,2,8:24,504,504,Foul on Eric Weary Jr..,60,41,19,0,0.9900612360284414,0.9900612360284414,Houston,UCF,4,3,NA,400835296,2016-02-13
249,2,8:24,504,504,Chance McSpadden missed Free Throw.,60,41,19,0,0.9900612360284414,0.9900612360284414,Houston,UCF,4,3,NA,400835296,2016-02-13
250,2,8:24,504,504,Danrad Knowles Defensive Rebound.,60,41,19,19,0.9900612360284414,0.9900612360284414,Houston,UCF,4,3,NA,400835296,2016-02-13
251,2,8:05,485,485,Kyle Meyer made Layup.,62,41,21,22,0.9943321377412468,0.9943321377412468,Houston,UCF,4,3,NA,400835296,2016-02-13
252,2,7:43,463,463,Chance McSpadden Turnover.,62,41,21,0,0.9949198611442812,0.9949198611442812,Houston,UCF,4,3,NA,400835296,2016-02-13
253,2,7:43,463,463,Official TV Timeout,62,41,21,16,0.9949198611442812,0.9949198611442812,Houston,UCF,4,3,NA,400835296,2016-02-13
254,2,7:27,447,447,Damyean Dotson made Layup. Assisted by Kyle Meyer.,64,41,23,17,0.9972393139363583,0.9972393139363583,Houston,UCF,4,3,NA,400835296,2016-02-13
255,2,7:10,430,430,Daiquan Walker made Jumper.,64,43,21,20,0.9959726366165703,0.9959726366165703,Houston,UCF,4,3,NA,400835296,2016-02-13
256,2,6:50,410,410,Ronnie Johnson made Jumper.,66,43,23,25,0.9980066576407218,0.9980066576407218,Houston,UCF,4,3,NA,400835296,2016-02-13
257,2,6:25,385,385,Matt Williams made Jumper. Assisted by A.J. Davis.,66,45,21,7,0.9971781119184713,0.9971781119184713,Houston,UCF,4,3,NA,400835296,2016-02-13
258,2,6:18,378,378,Damyean Dotson missed Three Point Jumper.,66,45,21,0,0.997329043407906,0.997329043407906,Houston,UCF,4,3,NA,400835296,2016-02-13
259,2,6:18,378,378,Daiquan Walker Defensive Rebound.,66,45,21,11,0.997329043407906,0.997329043407906,Houston,UCF,4,3,NA,400835296,2016-02-13
260,2,6:07,367,367,Matt Williams made Three Point Jumper. Assisted by Daiquan Walker.,66,48,18,32,0.9942591026062997,0.9942591026062997,Houston,UCF,4,3,NA,400835296,2016-02-13
261,2,5:35,335,335,Wes VanBeck Turnover.,66,48,18,0,0.9956208922571071,0.9956208922571071,Houston,UCF,4,3,NA,400835296,2016-02-13
262,2,5:35,335,335,Daiquan Walker Steal.,66,48,18,9,0.9956208922571071,0.9956208922571071,Houston,UCF,4,3,NA,400835296,2016-02-13
263,2,5:26,326,326,Matt Williams missed Three Point Jumper.,66,48,18,0,0.9960146018970989,0.9960146018970989,Houston,UCF,4,3,NA,400835296,2016-02-13
264,2,5:26,326,326,A.J. Davis Offensive Rebound.,66,48,18,5,0.9960146018970989,0.9960146018970989,Houston,UCF,4,3,NA,400835296,2016-02-13
265,2,5:21,321,321,Foul on Ronnie Johnson.,66,48,18,13,0.9962344267015046,0.9962344267015046,Houston,UCF,4,3,NA,400835296,2016-02-13
266,2,5:08,308,308,Shaheed Davis missed Three Point Jumper.,66,48,18,0,0.9967984638029478,0.9967984638029478,Houston,UCF,4,3,NA,400835296,2016-02-13
267,2,5:08,308,308,Tacko Fall Offensive Rebound.,66,48,18,16,0.9967984638029478,0.9967984638029478,Houston,UCF,4,3,NA,400835296,2016-02-13
268,2,4:52,292,292,Matt Williams made Layup.,66,50,16,0,0.9944847337627558,0.9944847337627558,Houston,UCF,4,3,NA,400835296,2016-02-13
269,2,4:52,292,292,Foul on Eric Weary Jr..,66,50,16,0,0.9944847337627558,0.9944847337627558,Houston,UCF,4,3,NA,400835296,2016-02-13
270,2,4:52,292,292,Matt Williams missed Free Throw.,66,50,16,0,0.9944847337627558,0.9944847337627558,Houston,UCF,4,3,NA,400835296,2016-02-13
271,2,4:52,292,292,Kyle Meyer Defensive Rebound.,66,50,16,27,0.9944847337627558,0.9944847337627558,Houston,UCF,4,3,NA,400835296,2016-02-13
272,2,4:25,265,265,Ronnie Johnson made Jumper.,68,50,18,19,0.9968810355895913,0.9968810355895913,Houston,UCF,4,3,NA,400835296,2016-02-13
273,2,4:06,246,246,Shaheed Davis missed Layup.,68,50,18,0,0.9965754630265148,0.9965754630265148,Houston,UCF,4,3,NA,400835296,2016-02-13
274,2,4:06,246,246,Kyle Meyer Block.,68,50,18,0,0.9965754630265148,0.9965754630265148,Houston,UCF,4,3,NA,400835296,2016-02-13
275,2,4:06,246,246,Danrad Knowles Defensive Rebound.,68,50,18,8,0.9965754630265148,0.9965754630265148,Houston,UCF,4,3,NA,400835296,2016-02-13
276,2,3:58,238,238,Ronnie Johnson missed Three Point Jumper.,68,50,18,0,0.9965164181687184,0.9965164181687184,Houston,UCF,4,3,NA,400835296,2016-02-13
277,2,3:58,238,238,LeRon Barnes Offensive Rebound.,68,50,18,34,0.9965164181687184,0.9965164181687184,Houston,UCF,4,3,NA,400835296,2016-02-13
278,2,3:24,204,204,Danrad Knowles missed Layup.,68,50,18,0,0.9974544262163764,0.9974544262163764,Houston,UCF,4,3,NA,400835296,2016-02-13
279,2,3:24,204,204,Kyle Meyer Offensive Rebound.,68,50,18,0,0.9974544262163764,0.9974544262163764,Houston,UCF,4,3,NA,400835296,2016-02-13
280,2,3:24,204,204,Kyle Meyer made Two Point Tip Shot.,70,50,20,6,0.9986871984845842,0.9986871984845842,Houston,UCF,4,3,NA,400835296,2016-02-13
281,2,3:18,198,198,Matt Williams made Three Point Jumper. Assisted by Daiquan Walker.,70,53,17,10,0.996930178757218,0.996930178757218,Houston,UCF,4,3,NA,400835296,2016-02-13
282,2,3:08,188,188,Danrad Knowles made Dunk. Assisted by Ronnie Johnson.,72,53,19,15,0.9989099506527845,0.9989099506527845,Houston,UCF,4,3,NA,400835296,2016-02-13
283,2,2:53,173,173,Shaheed Davis Turnover.,72,53,19,0,0.9994035901508962,0.9994035901508962,Houston,UCF,4,3,NA,400835296,2016-02-13
284,2,2:53,173,173,Official TV Timeout,72,53,19,27,0.9994035901508962,0.9994035901508962,Houston,UCF,4,3,NA,400835296,2016-02-13
285,2,2:26,146,146,Ronnie Johnson missed Jumper.,72,53,19,0,0.9998217289414333,0.9998217289414333,Houston,UCF,4,3,NA,400835296,2016-02-13
286,2,2:26,146,146,LeRon Barnes Offensive Rebound.,72,53,19,4,0.9998217289414333,0.9998217289414333,Houston,UCF,4,3,NA,400835296,2016-02-13
287,2,2:22,142,142,LeRon Barnes made Layup.,74,53,21,0,0.9999424716255079,0.9999424716255079,Houston,UCF,4,3,NA,400835296,2016-02-13
288,2,2:22,142,142,Foul on Matt Williams.,74,53,21,0,0.9999424716255079,0.9999424716255079,Houston,UCF,4,3,NA,400835296,2016-02-13
289,2,2:22,142,142,LeRon Barnes made Free Throw.,75,53,22,4,0.9999638604944739,0.9999638604944739,Houston,UCF,4,3,NA,400835296,2016-02-13
290,2,2:18,138,138,Tanksley Efianayi missed Layup.,75,53,22,0,0.9999716238570756,0.9999716238570756,Houston,UCF,4,3,NA,400835296,2016-02-13
291,2,2:18,138,138,Bertrand Nkali Block.,75,53,22,0,0.9999716238570756,0.9999716238570756,Houston,UCF,4,3,NA,400835296,2016-02-13
292,2,2:18,138,138,Shaheed Davis Offensive Rebound.,75,53,22,7,0.9999716238570756,0.9999716238570756,Houston,UCF,4,3,NA,400835296,2016-02-13
293,2,2:11,131,131,Shaheed Davis made Layup.,75,55,20,27,0.9999510134396954,0.9999510134396954,Houston,UCF,4,3,NA,400835296,2016-02-13
294,2,1:44,104,104,Galen Robinson Jr. missed Jumper.,75,55,20,0,0.9999924820949138,0.9999924820949138,Houston,UCF,4,3,NA,400835296,2016-02-13
295,2,1:44,104,104,Danrad Knowles Offensive Rebound.,75,55,20,0,0.9999924820949138,0.9999924820949138,Houston,UCF,4,3,NA,400835296,2016-02-13
296,2,1:44,104,104,Danrad Knowles made Two Point Tip Shot.,77,55,22,19,0.9999976894833082,0.9999976894833082,Houston,UCF,4,3,NA,400835296,2016-02-13
297,2,1:25,85,85,Shaheed Davis missed Three Point Jumper.,77,55,22,0,0.9999996246962672,0.9999996246962672,Houston,UCF,4,3,NA,400835296,2016-02-13
298,2,1:25,85,85,Bertrand Nkali Defensive Rebound.,77,55,22,27,0.9999996246962672,0.9999996246962672,Houston,UCF,4,3,NA,400835296,2016-02-13
299,2,0:58,58,58,Foul on Daiquan Walker.,77,55,22,0,0.9999999807280733,0.9999999807280733,Houston,UCF,4,3,NA,400835296,2016-02-13
300,2,0:58,58,58,Ronnie Johnson missed Free Throw.,77,55,22,0,0.9999999807280733,0.9999999807280733,Houston,UCF,4,3,NA,400835296,2016-02-13
301,2,0:58,58,58,Houston Deadball Team Rebound.,77,55,22,0,0.9999999807280733,0.9999999807280733,Houston,UCF,4,3,NA,400835296,2016-02-13
302,2,0:58,58,58,Ronnie Johnson made Free Throw.,78,55,23,6,0.999999991405118,0.999999991405118,Houston,UCF,4,3,NA,400835296,2016-02-13
303,2,0:52,52,52,Foul on Galen Robinson Jr..,78,55,23,3,0.9999999959683321,0.9999999959683321,Houston,UCF,4,3,NA,400835296,2016-02-13
304,2,0:49,49,49,Matt Williams missed Jumper.,78,55,23,0,0.9999999972657391,0.9999999972657391,Houston,UCF,4,3,NA,400835296,2016-02-13
305,2,0:49,49,49,Wes VanBeck Defensive Rebound.,78,55,23,5,0.9999999972657391,0.9999999972657391,Houston,UCF,4,3,NA,400835296,2016-02-13
306,2,0:44,44,44,Eric Weary Jr. made Layup. Assisted by Wes VanBeck.,80,55,25,6,0.9999999997605983,0.9999999997605983,Houston,UCF,4,3,NA,400835296,2016-02-13
307,2,0:38,38,38,Matt Williams made Three Point Jumper.,80,58,22,7,0.999999998445108,0.999999998445108,Houston,UCF,4,3,NA,400835296,2016-02-13
308,2,0:31,31,31,Foul on Daiquan Walker.,80,58,22,20,0.9999999993986258,0.9999999993986258,Houston,UCF,4,3,NA,400835296,2016-02-13
309,2,0:11,11,11,Danrad Knowles made Dunk. Assisted by Eric Weary Jr..,82,58,24,6,0.9999999999963151,0.9999999999963151,Houston,UCF,4,3,NA,400835296,2016-02-13
310,2,0:05,5,5,Matt Williams missed Three Point Jumper.,82,58,24,0,0.9999999999986777,0.9999999999986777,Houston,UCF,4,3,NA,400835296,2016-02-13
311,2,0:05,5,5,Wes VanBeck Block.,82,58,24,0,0.9999999999986777,0.9999999999986777,Houston,UCF,4,3,NA,400835296,2016-02-13
312,2,0:05,5,5,Chad Brown Offensive Rebound.,82,58,24,2,0.9999999999986777,0.9999999999986777,Houston,UCF,4,3,NA,400835296,2016-02-13
313,2,0:03,3,3,Chad Brown missed Jumper.,82,58,24,0,0.999999999999066,0.999999999999066,Houston,UCF,4,3,NA,400835296,2016-02-13
314,2,0:03,3,3,A.J. Davis Offensive Rebound.,82,58,24,0,0.999999999999066,0.999999999999066,Houston,UCF,4,3,NA,400835296,2016-02-13
315,2,0:03,3,3,A.J. Davis missed Layup.,82,58,24,0,0.999999999999066,0.999999999999066,Houston,UCF,4,3,NA,400835296,2016-02-13
316,2,0:03,3,3,Chad Brown Offensive Rebound.,82,58,24,3,0.999999999999066,0.999999999999066,Houston,UCF,4,3,NA,400835296,2016-02-13
317,2,0:00,0,0,End of Game,82,58,24,0,1,1,Houston,UCF,4,3,NA,400835296,2016-02-13
