game_id,date,home,away,play_id,half,time_remaining_half,secs_remaining,secs_remaining_absolute,description,home_score,away_score,score_diff,play_length,win_prob,naive_win_prob,home_time_out_remaining,away_time_out_remaining,home_favored_by,shot_x,shot_y,shot_team,shot_outcome,shooter,assist,three_pt,free_throw,possession_before,possession_after
401166247,2020-02-27,Michigan,Wisconsin,1,1,20:00,2400,2400,PLAY,0,0,0,0,0.7393902247451446,0.5,4,4,6.5,NA,NA,NA,NA,NA,NA,NA,NA,NA,Wisconsin
401166247,2020-02-27,Michigan,Wisconsin,2,1,20:00,2400,2400,Jump Ball won by Wisconsin,0,0,0,0,0.7393902247451446,0.5,4,4,6.5,NA,NA,NA,NA,NA,NA,NA,NA,Wisconsin,Wisconsin
401166247,2020-02-27,Michigan,Wisconsin,3,1,19:37,2377,2377,D'Mitrik Trice made Layup.,0,2,-2,23,0.7030513880494227,0.4554884763831252,4,4,6.5,26,8.355555555555556,Wisconsin,made,D'Mitrik Trice,NA,FALSE,FALSE,Wisconsin,Michigan
401166247,2020-02-27,Michigan,Wisconsin,4,1,19:19,2359,2359,Jon Teske missed Jumper.,0,2,-2,18,0.7023228627323029,0.45510341172991847,4,4,6.5,24,80.6311111111111,Michigan,missed,Jon Teske,NA,FALSE,FALSE,Michigan,Wisconsin
401166247,2020-02-27,Michigan,Wisconsin,5,1,19:19,2359,2359,Brevin Pritzl Defensive Rebound.,0,2,-2,0,0.7023228627323029,0.45510341172991847,4,4,6.5,NA,NA,NA,NA,NA,NA,NA,NA,Michigan,Wisconsin
401166247,2020-02-27,Michigan,Wisconsin,6,1,18:55,2335,2335,Nate Reuvers Turnover.,0,2,-2,24,0.7013304090604106,0.45458332034341126,4,4,6.5,NA,NA,NA,NA,NA,NA,NA,NA,Wisconsin,Michigan
401166247,2020-02-27,Michigan,Wisconsin,7,1,18:42,2322,2322,Zavier Simpson missed Jumper.,0,2,-2,13,0.7007827609890712,0.45429865275097875,4,4,6.5,25,79.58666666666667,Michigan,missed,Zavier Simpson,NA,FALSE,FALSE,Michigan,Wisconsin
401166247,2020-02-27,Michigan,Wisconsin,8,1,18:42,2322,2322,Brad Davison Defensive Rebound.,0,2,-2,0,0.7007827609890712,0.45429865275097875,4,4,6.5,NA,NA,NA,NA,NA,NA,NA,NA,Michigan,Wisconsin
401166247,2020-02-27,Michigan,Wisconsin,9,1,18:31,2311,2311,D'Mitrik Trice made Jumper.,0,4,-4,11,0.6602700755970817,0.40888188100264655,4,4,6.5,17,24.02222222222222,Wisconsin,made,D'Mitrik Trice,NA,FALSE,FALSE,Wisconsin,Michigan
401166247,2020-02-27,Michigan,Wisconsin,10,1,18:19,2299,2299,Jon Teske Turnover.,0,4,-4,12,0.6594763402822019,0.4083634282815735,4,4,6.5,NA,NA,NA,NA,NA,NA,NA,NA,Michigan,Wisconsin
401166247,2020-02-27,Michigan,Wisconsin,11,1,18:08,2288,2288,Aleem Ford Turnover.,0,4,-4,11,0.6587415787139406,0.4078857987708193,4,4,6.5,NA,NA,NA,NA,NA,NA,NA,NA,Wisconsin,Michigan
401166247,2020-02-27,Michigan,Wisconsin,12,1,18:08,2288,2288,Brandon Johns Jr. Steal.,0,4,-4,0,0.6587415787139406,0.4078857987708193,4,4,6.5,NA,NA,NA,NA,NA,NA,NA,NA,Wisconsin,Michigan
401166247,2020-02-27,Michigan,Wisconsin,13,1,17:33,2253,2253,Zavier Simpson made Jumper.,2,4,-2,35,0.697757405600318,0.45275826884777715,4,4,6.5,27,77.49777777777777,Michigan,made,Zavier Simpson,NA,FALSE,FALSE,Michigan,Wisconsin
401166247,2020-02-27,Michigan,Wisconsin,14,1,17:13,2233,2233,Aleem Ford made Dunk. Assisted by D'Mitrik Trice.,2,6,-4,20,0.6549669245250185,0.4054684100655661,4,4,6.5,25,8.355555555555556,Wisconsin,made,Aleem Ford,D'Mitrik Trice,FALSE,FALSE,Wisconsin,Michigan
401166247,2020-02-27,Michigan,Wisconsin,15,1,17:02,2222,2222,Isaiah Livers Turnover.,2,6,-4,11,0.6541922316192426,0.4049800537963451,4,4,6.5,NA,NA,NA,NA,NA,NA,NA,NA,Michigan,Wisconsin
401166247,2020-02-27,Michigan,Wisconsin,16,1,17:02,2222,2222,Brevin Pritzl Steal.,2,6,-4,0,0.6541922316192426,0.4049800537963451,4,4,6.5,NA,NA,NA,NA,NA,NA,NA,NA,Michigan,Wisconsin
401166247,2020-02-27,Michigan,Wisconsin,17,1,16:58,2218,2218,Brevin Pritzl missed Jumper.,2,6,-4,4,0.6539089227881372,0.40480213919801716,4,4,6.5,23,12.533333333333333,Wisconsin,missed,Brevin Pritzl,NA,FALSE,FALSE,Wisconsin,Wisconsin
401166247,2020-02-27,Michigan,Wisconsin,18,1,16:58,2218,2218,Aleem Ford Offensive Rebound.,2,6,-4,0,0.6539089227881372,0.40480213919801716,4,4,6.5,NA,NA,NA,NA,NA,NA,NA,NA,Wisconsin,Wisconsin
401166247,2020-02-27,Michigan,Wisconsin,19,1,16:58,2218,2218,Aleem Ford made Jumper.,2,8,-6,0,0.6090970671443345,0.35933692644085735,4,4,6.5,23,13.577777777777776,Wisconsin,made,Aleem Ford,NA,FALSE,FALSE,Wisconsin,Michigan
401166247,2020-02-27,Michigan,Wisconsin,20,1,16:38,2198,2198,Zavier Simpson made Three Point Jumper. Assisted by Isaiah Livers.,5,8,-3,20,0.6742029543588884,0.4275390179287987,4,4,6.5,12,61.8311111111111,Michigan,made,Zavier Simpson,Isaiah Livers,TRUE,FALSE,Michigan,Wisconsin
401166247,2020-02-27,Michigan,Wisconsin,21,1,16:22,2182,2182,Micah Potter made Three Point Jumper. Assisted by Brad Davison.,5,11,-6,16,0.6055787921662548,0.3570342163763058,4,4,6.5,42,25.066666666666666,Wisconsin,made,Micah Potter,Brad Davison,TRUE,FALSE,Wisconsin,Michigan
401166247,2020-02-27,Michigan,Wisconsin,22,1,16:06,2166,2166,Jon Teske made Jumper.,7,11,-4,16,0.6501495624951027,0.4024765119884969,4,4,6.5,26,77.49777777777777,Michigan,made,Jon Teske,NA,FALSE,FALSE,Michigan,Wisconsin
401166247,2020-02-27,Michigan,Wisconsin,23,1,15:52,2152,2152,D'Mitrik Trice made Three Point Jumper.,7,14,-7,14,0.5785462075029218,0.3326747178701828,4,4,6.5,24,32.37777777777777,Wisconsin,made,D'Mitrik Trice,NA,TRUE,FALSE,Wisconsin,Michigan
401166247,2020-02-27,Michigan,Wisconsin,24,1,15:35,2135,2135,Zavier Simpson made Layup.,9,14,-5,17,0.6246447019997609,0.37725308091688936,4,4,6.5,27,84.80888888888889,Michigan,made,Zavier Simpson,NA,FALSE,FALSE,Michigan,Wisconsin
401166247,2020-02-27,Michigan,Wisconsin,25,1,15:08,2108,2108,Micah Potter made Dunk.,9,16,-7,27,0.5734576692070362,0.3294480176564311,4,4,6.5,25,7.311111111111111,Wisconsin,made,Micah Potter,NA,FALSE,FALSE,Wisconsin,Michigan
401166247,2020-02-27,Michigan,Wisconsin,26,1,14:55,2095,2095,Foul on Jon Teske.,9,16,-7,13,0.5719261664072929,0.3284871232134195,4,4,6.5,NA,NA,NA,NA,NA,NA,NA,NA,Michigan,Wisconsin
401166247,2020-02-27,Michigan,Wisconsin,27,1,14:55,2095,2095,Jon Teske Turnover.,9,16,-7,0,0.5719261664072929,0.3284871232134195,4,4,6.5,NA,NA,NA,NA,NA,NA,NA,NA,Michigan,Wisconsin
401166247,2020-02-27,Michigan,Wisconsin,28,1,14:53,2093,2093,Official TV Timeout,9,16,-7,2,0.5716893888534622,0.32833896002755963,4,4,6.5,NA,NA,NA,NA,NA,NA,NA,NA,Wisconsin,Wisconsin
401166247,2020-02-27,Michigan,Wisconsin,29,1,14:43,2083,2083,Micah Potter made Three Point Jumper. Assisted by Brad Davison.,9,19,-10,10,0.4939302613087721,0.26361766935791414,4,4,6.5,12,31.33333333333333,Wisconsin,made,Micah Potter,Brad Davison,TRUE,FALSE,Wisconsin,Michigan
401166247,2020-02-27,Michigan,Wisconsin,30,1,14:13,2053,2053,Zavier Simpson made Layup.,11,19,-8,30,0.5411522590886114,0.30291652131220775,4,4,6.5,27,84.80888888888889,Michigan,made,Zavier Simpson,NA,FALSE,FALSE,Michigan,Wisconsin
401166247,2020-02-27,Michigan,Wisconsin,31,1,13:53,2033,2033,Nate Reuvers missed Jumper.,11,19,-8,20,0.5384316784541996,0.3012601073586037,4,4,6.5,29,7.311111111111111,Wisconsin,missed,Nate Reuvers,NA,FALSE,FALSE,Wisconsin,Michigan
401166247,2020-02-27,Michigan,Wisconsin,32,1,13:53,2033,2033,Brandon Johns Jr. Defensive Rebound.,11,19,-8,0,0.5384316784541996,0.3012601073586037,4,4,6.5,NA,NA,NA,NA,NA,NA,NA,NA,Wisconsin,Michigan
401166247,2020-02-27,Michigan,Wisconsin,33,1,13:45,2025,2025,Zavier Simpson missed Layup.,11,19,-8,8,0.5373336631086719,0.3005944447310608,4,4,6.5,27,86.89777777777778,Michigan,missed,Zavier Simpson,NA,FALSE,FALSE,Michigan,Michigan
401166247,2020-02-27,Michigan,Wisconsin,34,1,13:45,2025,2025,Zavier Simpson Offensive Rebound.,11,19,-8,0,0.5373336631086719,0.3005944447310608,4,4,6.5,NA,NA,NA,NA,NA,NA,NA,NA,Michigan,Michigan
401166247,2020-02-27,Michigan,Wisconsin,35,1,13:41,2021,2021,Foul on Brevin Pritzl.,11,19,-8,4,0.536782535477859,0.30026092602571347,4,4,6.5,NA,NA,NA,NA,NA,NA,NA,NA,Michigan,Michigan
401166247,2020-02-27,Michigan,Wisconsin,36,1,13:38,2018,2018,Brandon Johns Jr. made Dunk.,13,19,-6,3,0.588445383934882,0.34627897384484535,4,4,6.5,24,85.85333333333332,Michigan,made,Brandon Johns Jr.,NA,FALSE,FALSE,Michigan,Wisconsin
401166247,2020-02-27,Michigan,Wisconsin,37,1,13:20,2000,2000,Micah Potter missed Three Point Jumper.,13,19,-6,18,0.5864430977770551,0.34505883867549225,4,4,6.5,43,22.977777777777774,Wisconsin,missed,Micah Potter,NA,TRUE,FALSE,Wisconsin,Michigan
401166247,2020-02-27,Michigan,Wisconsin,38,1,13:20,2000,2000,Zavier Simpson Defensive Rebound.,13,19,-6,0,0.5864430977770551,0.34505883867549225,4,4,6.5,NA,NA,NA,NA,NA,NA,NA,NA,Wisconsin,Michigan
401166247,2020-02-27,Michigan,Wisconsin,39,1,13:08,1988,1988,Austin Davis made Layup.,15,19,-4,12,0.6361144281291026,0.39421303038095096,4,4,6.5,25,85.85333333333332,Michigan,made,Austin Davis,NA,FALSE,FALSE,Michigan,Wisconsin
401166247,2020-02-27,Michigan,Wisconsin,40,1,12:41,1961,1961,Aleem Ford missed Three Point Jumper.,15,19,-4,27,0.6338158162766351,0.3929012993987763,4,4,6.5,36,29.244444444444444,Wisconsin,missed,Aleem Ford,NA,TRUE,FALSE,Wisconsin,Michigan
401166247,2020-02-27,Michigan,Wisconsin,41,1,12:41,1961,1961,Franz Wagner Defensive Rebound.,15,19,-4,0,0.6338158162766351,0.3929012993987763,4,4,6.5,NA,NA,NA,NA,NA,NA,NA,NA,Wisconsin,Michigan
401166247,2020-02-27,Michigan,Wisconsin,42,1,12:26,1946,1946,Brandon Johns Jr. missed Three Point Jumper.,15,19,-4,15,0.6325184903056983,0.39216450163110467,4,4,6.5,2,88.98666666666666,Michigan,missed,Brandon Johns Jr.,NA,TRUE,FALSE,Michigan,Wisconsin
401166247,2020-02-27,Michigan,Wisconsin,43,1,12:26,1946,1946,D'Mitrik Trice Defensive Rebound.,15,19,-4,0,0.6325184903056983,0.39216450163110467,4,4,6.5,NA,NA,NA,NA,NA,NA,NA,NA,Michigan,Wisconsin
401166247,2020-02-27,Michigan,Wisconsin,44,1,12:20,1940,1940,D'Mitrik Trice made Three Point Jumper.,15,22,-7,6,0.5526014081530618,0.31668111953981376,4,4,6.5,33,32.37777777777777,Wisconsin,made,D'Mitrik Trice,NA,TRUE,FALSE,Wisconsin,Michigan
401166247,2020-02-27,Michigan,Wisconsin,45,1,11:54,1914,1914,Official TV Timeout,15,22,-7,26,0.5491618025294537,0.3146322170090704,4,4,6.5,NA,NA,NA,NA,NA,NA,NA,NA,Michigan,Michigan
401166247,2020-02-27,Michigan,Wisconsin,46,1,11:46,1906,1906,Foul on Nate Reuvers.,15,22,-7,8,0.548097275455092,0.3140037482907089,4,4,6.5,NA,NA,NA,NA,NA,NA,NA,NA,Michigan,Michigan
401166247,2020-02-27,Michigan,Wisconsin,47,1,11:46,1906,1906,Zavier Simpson missed Free Throw.,15,22,-7,0,0.548097275455092,0.3140037482907089,4,4,6.5,25,87.94222222222221,Michigan,missed,Zavier Simpson,NA,FALSE,TRUE,Michigan,Michigan
401166247,2020-02-27,Michigan,Wisconsin,48,1,11:46,1906,1906,Michigan Deadball Team Rebound.,15,22,-7,0,0.548097275455092,0.3140037482907089,4,4,6.5,NA,NA,NA,NA,NA,NA,NA,NA,Michigan,Michigan
401166247,2020-02-27,Michigan,Wisconsin,49,1,11:46,1906,1906,Zavier Simpson made Free Throw.,16,22,-6,0,0.5755725042171417,0.3385351174126266,4,4,6.5,25,87.94222222222221,Michigan,made,Zavier Simpson,NA,FALSE,TRUE,Michigan,Wisconsin
401166247,2020-02-27,Michigan,Wisconsin,50,1,11:35,1895,1895,Tyler Wahl made Layup.,16,24,-8,11,0.5187033131296438,0.28952635955743383,4,4,6.5,26,5.222222222222221,Wisconsin,made,Tyler Wahl,NA,FALSE,FALSE,Wisconsin,Michigan
401166247,2020-02-27,Michigan,Wisconsin,51,1,11:16,1876,1876,Isaiah Livers made Jumper.,18,24,-6,19,0.5719890292945884,0.3364399731517183,4,4,6.5,23,77.49777777777777,Michigan,made,Isaiah Livers,NA,FALSE,FALSE,Michigan,Wisconsin
401166247,2020-02-27,Michigan,Wisconsin,52,1,10:47,1847,1847,Brad Davison missed Three Point Jumper.,18,24,-6,29,0.5684762616450617,0.3344136243547349,4,4,6.5,41,28.2,Wisconsin,missed,Brad Davison,NA,TRUE,FALSE,Wisconsin,Michigan
401166247,2020-02-27,Michigan,Wisconsin,53,1,10:47,1847,1847,Zavier Simpson Defensive Rebound.,18,24,-6,0,0.5684762616450617,0.3344136243547349,4,4,6.5,NA,NA,NA,NA,NA,NA,NA,NA,Wisconsin,Michigan
401166247,2020-02-27,Michigan,Wisconsin,54,1,10:19,1819,1819,Foul on Tyler Wahl.,18,24,-6,28,0.565031181039011,0.3324466865139759,4,4,6.5,NA,NA,NA,NA,NA,NA,NA,NA,Michigan,Michigan
401166247,2020-02-27,Michigan,Wisconsin,55,1,10:19,1819,1819,Isaiah Livers made Free Throw.,19,24,-5,0,0.5933415425260767,0.3587140756129581,4,4,6.5,25,87.94222222222221,Michigan,made,Isaiah Livers,NA,FALSE,TRUE,Michigan,Michigan
401166247,2020-02-27,Michigan,Wisconsin,56,1,10:19,1819,1819,Isaiah Livers made Free Throw.,20,24,-4,0,0.6210450960133952,0.3858572680583134,4,4,6.5,25,87.94222222222221,Michigan,made,Isaiah Livers,NA,FALSE,TRUE,Michigan,Wisconsin
401166247,2020-02-27,Michigan,Wisconsin,57,1,9:55,1795,1795,Micah Potter missed Three Point Jumper.,20,24,-4,24,0.6187734590082712,0.38464556779568737,4,4,6.5,32,32.37777777777777,Wisconsin,missed,Micah Potter,NA,TRUE,FALSE,Wisconsin,Michigan
401166247,2020-02-27,Michigan,Wisconsin,58,1,9:55,1795,1795,Austin Davis Defensive Rebound.,20,24,-4,0,0.6187734590082712,0.38464556779568737,4,4,6.5,NA,NA,NA,NA,NA,NA,NA,NA,Wisconsin,Michigan
401166247,2020-02-27,Michigan,Wisconsin,59,1,9:43,1783,1783,Austin Davis missed Layup.,20,24,-4,12,0.617623086082226,0.38403405005668617,4,4,6.5,24,85.85333333333332,Michigan,missed,Austin Davis,NA,FALSE,FALSE,Michigan,Wisconsin
401166247,2020-02-27,Michigan,Wisconsin,60,1,9:43,1783,1783,Aleem Ford Defensive Rebound.,20,24,-4,0,0.617623086082226,0.38403405005668617,4,4,6.5,NA,NA,NA,NA,NA,NA,NA,NA,Michigan,Wisconsin
401166247,2020-02-27,Michigan,Wisconsin,61,1,9:37,1777,1777,Micah Potter Turnover.,20,24,-4,6,0.617044111280558,0.383726655384583,4,4,6.5,NA,NA,NA,NA,NA,NA,NA,NA,Wisconsin,Michigan
401166247,2020-02-27,Michigan,Wisconsin,62,1,9:37,1777,1777,Franz Wagner Steal.,20,24,-4,0,0.617044111280558,0.383726655384583,4,4,6.5,NA,NA,NA,NA,NA,NA,NA,NA,Wisconsin,Michigan
401166247,2020-02-27,Michigan,Wisconsin,63,1,9:09,1749,1749,Franz Wagner made Layup.,22,24,-2,28,0.6693850276314339,0.4402986117721419,4,4,6.5,23,86.89777777777778,Michigan,made,Franz Wagner,NA,FALSE,FALSE,Michigan,Wisconsin
401166247,2020-02-27,Michigan,Wisconsin,64,1,8:53,1733,1733,Micah Potter made Dunk. Assisted by Brad Davison.,22,26,-4,16,0.6127165968853633,0.38143255590943487,4,4,6.5,24,7.311111111111111,Wisconsin,made,Micah Potter,Brad Davison,FALSE,FALSE,Wisconsin,Michigan
401166247,2020-02-27,Michigan,Wisconsin,65,1,8:27,1707,1707,Franz Wagner missed Layup.,22,26,-4,26,0.6100872218002932,0.3800373602770282,4,4,6.5,25,85.85333333333332,Michigan,missed,Franz Wagner,NA,FALSE,FALSE,Michigan,Wisconsin
401166247,2020-02-27,Michigan,Wisconsin,66,1,8:27,1707,1707,Micah Potter Defensive Rebound.,22,26,-4,0,0.6100872218002932,0.3800373602770282,4,4,6.5,NA,NA,NA,NA,NA,NA,NA,NA,Michigan,Wisconsin
401166247,2020-02-27,Michigan,Wisconsin,67,1,8:13,1693,1693,D'Mitrik Trice made Layup.,22,28,-6,14,0.5486730474132905,0.32323137764267584,4,4,6.5,24,7.311111111111111,Wisconsin,made,D'Mitrik Trice,NA,FALSE,FALSE,Wisconsin,Michigan
401166247,2020-02-27,Michigan,Wisconsin,68,1,8:13,1693,1693,Foul on Austin Davis.,22,28,-6,0,0.5486730474132905,0.32323137764267584,4,4,6.5,NA,NA,NA,NA,NA,NA,NA,NA,Wisconsin,Wisconsin
401166247,2020-02-27,Michigan,Wisconsin,69,1,8:13,1693,1693,D'Mitrik Trice made Free Throw.,22,29,-7,0,0.5180298096229061,0.29689635418816895,4,4,6.5,25,4.177777777777778,Wisconsin,made,D'Mitrik Trice,NA,FALSE,TRUE,Wisconsin,Michigan
401166247,2020-02-27,Michigan,Wisconsin,70,1,7:55,1675,1675,Isaiah Livers missed Layup.,22,29,-7,18,0.5152911095603144,0.2953704909450707,4,4,6.5,24,85.85333333333332,Michigan,missed,Isaiah Livers,NA,FALSE,FALSE,Michigan,Wisconsin
401166247,2020-02-27,Michigan,Wisconsin,71,1,7:55,1675,1675,Micah Potter Defensive Rebound.,22,29,-7,0,0.5152911095603144,0.2953704909450707,4,4,6.5,NA,NA,NA,NA,NA,NA,NA,NA,Michigan,Wisconsin
401166247,2020-02-27,Michigan,Wisconsin,72,1,7:41,1661,1661,Foul on Micah Potter.,22,29,-7,14,0.5131737992355443,0.2942123364574657,4,4,6.5,NA,NA,NA,NA,NA,NA,NA,NA,Michigan,Michigan
401166247,2020-02-27,Michigan,Wisconsin,73,1,7:41,1661,1661,Micah Potter Turnover.,22,29,-7,0,0.5131737992355443,0.2942123364574657,4,4,6.5,NA,NA,NA,NA,NA,NA,NA,NA,Michigan,Michigan
401166247,2020-02-27,Michigan,Wisconsin,74,1,7:41,1661,1661,Official TV Timeout,22,29,-7,0,0.5131737992355443,0.2942123364574657,4,4,6.5,NA,NA,NA,NA,NA,NA,NA,NA,Michigan,Michigan
401166247,2020-02-27,Michigan,Wisconsin,75,1,7:18,1638,1638,Adrien Nunez missed Three Point Jumper.,22,29,-7,23,0.5097097915314764,0.29235271589241263,4,4,6.5,46,75.4088888888889,Michigan,missed,Adrien Nunez,NA,TRUE,FALSE,Michigan,Wisconsin
401166247,2020-02-27,Michigan,Wisconsin,76,1,7:18,1638,1638,Nate Reuvers Defensive Rebound.,22,29,-7,0,0.5097097915314764,0.29235271589241263,4,4,6.5,NA,NA,NA,NA,NA,NA,NA,NA,Michigan,Wisconsin
401166247,2020-02-27,Michigan,Wisconsin,77,1,6:57,1617,1617,Foul on Adrien Nunez.,22,29,-7,21,0.506549710251402,0.2906869872067939,4,4,6.5,NA,NA,NA,NA,NA,NA,NA,NA,Wisconsin,Wisconsin
401166247,2020-02-27,Michigan,Wisconsin,78,1,6:57,1617,1617,Brevin Pritzl made Free Throw.,22,30,-8,0,0.47471275383347045,0.26512761796469814,4,4,6.5,25,4.177777777777778,Wisconsin,made,Brevin Pritzl,NA,FALSE,TRUE,Wisconsin,Wisconsin
401166247,2020-02-27,Michigan,Wisconsin,79,1,6:57,1617,1617,Brevin Pritzl made Free Throw.,22,31,-9,0,0.4430800519035083,0.24105187617584745,4,4,6.5,25,4.177777777777778,Wisconsin,made,Brevin Pritzl,NA,FALSE,TRUE,Wisconsin,Michigan
401166247,2020-02-27,Michigan,Wisconsin,80,1,6:30,1590,1590,Brandon Johns Jr. missed Jumper.,22,31,-9,27,0.43832963566659783,0.2386351455639484,4,4,6.5,38,85.85333333333332,Michigan,missed,Brandon Johns Jr.,NA,FALSE,FALSE,Michigan,Wisconsin
401166247,2020-02-27,Michigan,Wisconsin,81,1,6:30,1590,1590,Brevin Pritzl Defensive Rebound.,22,31,-9,0,0.43832963566659783,0.2386351455639484,4,4,6.5,NA,NA,NA,NA,NA,NA,NA,NA,Michigan,Wisconsin
401166247,2020-02-27,Michigan,Wisconsin,82,1,6:12,1572,1572,Aleem Ford made Three Point Jumper. Assisted by Nate Reuvers.,22,34,-12,18,0.34285805869634167,0.17382759760563443,4,4,6.5,28,32.37777777777777,Wisconsin,made,Aleem Ford,Nate Reuvers,TRUE,FALSE,Wisconsin,Michigan
401166247,2020-02-27,Michigan,Wisconsin,83,1,5:45,1545,1545,Foul on Nate Reuvers.,22,34,-12,27,0.3374227252102022,0.17125353300352922,4,4,6.5,NA,NA,NA,NA,NA,NA,NA,NA,Michigan,Michigan
401166247,2020-02-27,Michigan,Wisconsin,84,1,5:26,1526,1526,Zavier Simpson missed Jumper.,22,34,-12,19,0.3335442866557747,0.16941522074762363,4,4,6.5,34,86.89777777777778,Michigan,missed,Zavier Simpson,NA,FALSE,FALSE,Michigan,Wisconsin
401166247,2020-02-27,Michigan,Wisconsin,85,1,5:26,1526,1526,Aleem Ford Defensive Rebound.,22,34,-12,0,0.3335442866557747,0.16941522074762363,4,4,6.5,NA,NA,NA,NA,NA,NA,NA,NA,Michigan,Wisconsin
401166247,2020-02-27,Michigan,Wisconsin,86,1,5:17,1517,1517,D'Mitrik Trice missed Jumper.,22,34,-12,9,0.33168633799830427,0.16853269913711766,4,4,6.5,21.999999999999996,8.355555555555556,Wisconsin,missed,D'Mitrik Trice,NA,FALSE,FALSE,Wisconsin,Michigan
401166247,2020-02-27,Michigan,Wisconsin,87,1,5:17,1517,1517,Jon Teske Block.,22,34,-12,0,0.33168633799830427,0.16853269913711766,4,4,6.5,NA,NA,NA,NA,NA,NA,NA,NA,Wisconsin,Michigan
401166247,2020-02-27,Michigan,Wisconsin,88,1,5:17,1517,1517,David DeJulius Defensive Rebound.,22,34,-12,0,0.33168633799830427,0.16853269913711766,4,4,6.5,NA,NA,NA,NA,NA,NA,NA,NA,Wisconsin,Michigan
401166247,2020-02-27,Michigan,Wisconsin,89,1,5:09,1509,1509,Isaiah Livers missed Layup.,22,34,-12,8,0.3300217634879147,0.1677405394857541,4,4,6.5,26,85.85333333333332,Michigan,missed,Isaiah Livers,NA,FALSE,FALSE,Michigan,Wisconsin
401166247,2020-02-27,Michigan,Wisconsin,90,1,5:09,1509,1509,Micah Potter Block.,22,34,-12,0,0.3300217634879147,0.1677405394857541,4,4,6.5,NA,NA,NA,NA,NA,NA,NA,NA,Michigan,Wisconsin
401166247,2020-02-27,Michigan,Wisconsin,91,1,5:09,1509,1509,Aleem Ford Defensive Rebound.,22,34,-12,0,0.3300217634879147,0.1677405394857541,4,4,6.5,NA,NA,NA,NA,NA,NA,NA,NA,Michigan,Wisconsin
401166247,2020-02-27,Michigan,Wisconsin,92,1,4:55,1495,1495,D'Mitrik Trice Turnover.,22,34,-12,14,0.3270756532158085,0.16633425460826012,4,4,6.5,NA,NA,NA,NA,NA,NA,NA,NA,Wisconsin,Michigan
401166247,2020-02-27,Michigan,Wisconsin,93,1,4:55,1495,1495,Jon Teske Steal.,22,34,-12,0,0.3270756532158085,0.16633425460826012,4,4,6.5,NA,NA,NA,NA,NA,NA,NA,NA,Wisconsin,Michigan
401166247,2020-02-27,Michigan,Wisconsin,94,1,4:51,1491,1491,David DeJulius missed Layup.,22,34,-12,4,0.32622548995831235,0.16592728771529697,4,4,6.5,25,85.85333333333332,Michigan,missed,David DeJulius,NA,FALSE,FALSE,Michigan,Wisconsin
401166247,2020-02-27,Michigan,Wisconsin,95,1,4:51,1491,1491,Brevin Pritzl Defensive Rebound.,22,34,-12,0,0.32622548995831235,0.16592728771529697,4,4,6.5,NA,NA,NA,NA,NA,NA,NA,NA,Michigan,Wisconsin
401166247,2020-02-27,Michigan,Wisconsin,96,1,4:38,1478,1478,D'Mitrik Trice missed Layup.,22,34,-12,13,0.3234341855028017,0.16458700680017835,4,4,6.5,26,6.266666666666667,Wisconsin,missed,D'Mitrik Trice,NA,FALSE,FALSE,Wisconsin,Michigan
401166247,2020-02-27,Michigan,Wisconsin,97,1,4:38,1478,1478,Jon Teske Block.,22,34,-12,0,0.3234341855028017,0.16458700680017835,4,4,6.5,NA,NA,NA,NA,NA,NA,NA,NA,Wisconsin,Michigan
401166247,2020-02-27,Michigan,Wisconsin,98,1,4:38,1478,1478,Franz Wagner Defensive Rebound.,22,34,-12,0,0.3234341855028017,0.16458700680017835,4,4,6.5,NA,NA,NA,NA,NA,NA,NA,NA,Wisconsin,Michigan
401166247,2020-02-27,Michigan,Wisconsin,99,1,4:31,1471,1471,David DeJulius missed Layup.,22,34,-12,7,0.3219120925590135,0.16385329930353112,4,4,6.5,27,86.89777777777778,Michigan,missed,David DeJulius,NA,FALSE,FALSE,Michigan,Wisconsin
401166247,2020-02-27,Michigan,Wisconsin,100,1,4:31,1471,1471,Micah Potter Defensive Rebound.,22,34,-12,0,0.3219120925590135,0.16385329930353112,4,4,6.5,NA,NA,NA,NA,NA,NA,NA,NA,Michigan,Wisconsin
401166247,2020-02-27,Michigan,Wisconsin,101,1,4:10,1450,1450,Brevin Pritzl made Jumper.,22,36,-14,21,0.2609947977744084,0.12777214041853832,4,4,6.5,16,15.666666666666664,Wisconsin,made,Brevin Pritzl,NA,FALSE,FALSE,Wisconsin,Michigan
401166247,2020-02-27,Michigan,Wisconsin,102,1,4:08,1448,1448,Michigan  Timeout,22,36,-14,2,0.26054307377566344,0.12756231965425613,3,4,6.5,NA,NA,NA,NA,NA,NA,NA,NA,Michigan,Michigan
401166247,2020-02-27,Michigan,Wisconsin,103,1,3:46,1426,1426,Zavier Simpson missed Layup.,22,36,-14,22,0.25569569303627515,0.12533065568272958,3,4,6.5,25,84.80888888888889,Michigan,missed,Zavier Simpson,NA,FALSE,FALSE,Michigan,Wisconsin
401166247,2020-02-27,Michigan,Wisconsin,104,1,3:46,1426,1426,Jon Teske Offensive Rebound.,22,36,-14,0,0.25569569303627515,0.12533065568272958,3,4,6.5,NA,NA,NA,NA,NA,NA,NA,NA,Michigan,Wisconsin
401166247,2020-02-27,Michigan,Wisconsin,105,1,3:46,1426,1426,Jon Teske made Two Point Tip Shot.,24,36,-12,0,0.31197413423421205,0.1590471819195028,3,4,6.5,25,86.89777777777778,Michigan,made,Jon Teske,NA,FALSE,FALSE,Michigan,Wisconsin
401166247,2020-02-27,Michigan,Wisconsin,106,1,3:46,1426,1426,Foul on Trevor Anderson.,24,36,-12,0,0.31197413423421205,0.1590471819195028,3,4,6.5,NA,NA,NA,NA,NA,NA,NA,NA,Michigan,Wisconsin
401166247,2020-02-27,Michigan,Wisconsin,107,1,3:46,1426,1426,Jon Teske made Free Throw.,25,36,-11,0,0.3425100983995391,0.17849803035393225,3,4,6.5,25,87.94222222222221,Michigan,made,Jon Teske,NA,FALSE,TRUE,Michigan,Wisconsin
401166247,2020-02-27,Michigan,Wisconsin,108,1,3:40,1420,1420,Micah Potter Turnover.,25,36,-11,6,0.34124372566047756,0.1778804076922505,3,4,6.5,NA,NA,NA,NA,NA,NA,NA,NA,Wisconsin,Michigan
401166247,2020-02-27,Michigan,Wisconsin,109,1,3:40,1420,1420,Zavier Simpson Steal.,25,36,-11,0,0.34124372566047756,0.1778804076922505,3,4,6.5,NA,NA,NA,NA,NA,NA,NA,NA,Wisconsin,Michigan
401166247,2020-02-27,Michigan,Wisconsin,110,1,3:36,1416,1416,Zavier Simpson made Dunk. Assisted by Jon Teske.,27,36,-9,4,0.40548528455827865,0.22188168081122994,3,4,6.5,25,85.85333333333332,Michigan,made,Zavier Simpson,Jon Teske,FALSE,FALSE,Michigan,Wisconsin
401166247,2020-02-27,Michigan,Wisconsin,111,1,3:11,1391,1391,Aleem Ford made Jumper.,27,38,-11,25,0.3352387498991844,0.17498623025119783,3,4,6.5,23,14.622222222222222,Wisconsin,made,Aleem Ford,NA,FALSE,FALSE,Wisconsin,Michigan
401166247,2020-02-27,Michigan,Wisconsin,112,1,2:57,1377,1377,Zavier Simpson missed Jumper.,27,38,-11,14,0.3323858383514881,0.1736268399634494,3,4,6.5,31,84.80888888888889,Michigan,missed,Zavier Simpson,NA,FALSE,FALSE,Michigan,Michigan
401166247,2020-02-27,Michigan,Wisconsin,113,1,2:57,1377,1377,Michigan Offensive Rebound.,27,38,-11,0,0.3323858383514881,0.1736268399634494,3,4,6.5,NA,NA,NA,NA,NA,NA,NA,NA,Michigan,Michigan
401166247,2020-02-27,Michigan,Wisconsin,114,1,2:44,1364,1364,Franz Wagner Turnover.,27,38,-11,13,0.3297487238667298,0.17237609784479377,3,4,6.5,NA,NA,NA,NA,NA,NA,NA,NA,Michigan,Wisconsin
401166247,2020-02-27,Michigan,Wisconsin,115,1,2:34,1354,1354,Brevin Pritzl missed Three Point Jumper.,27,38,-11,10,0.3277217562939263,0.17141714330927743,3,4,6.5,15,33.422222222222224,Wisconsin,missed,Brevin Pritzl,NA,TRUE,FALSE,Wisconsin,Michigan
401166247,2020-02-27,Michigan,Wisconsin,116,1,2:34,1354,1354,Franz Wagner Defensive Rebound.,27,38,-11,0,0.3277217562939263,0.17141714330927743,3,4,6.5,NA,NA,NA,NA,NA,NA,NA,NA,Wisconsin,Michigan
401166247,2020-02-27,Michigan,Wisconsin,117,1,2:25,1345,1345,Zavier Simpson made Jumper.,29,38,-9,9,0.3919247565020224,0.21515540366917374,3,4,6.5,30,82.72,Michigan,made,Zavier Simpson,NA,FALSE,FALSE,Michigan,Wisconsin
401166247,2020-02-27,Michigan,Wisconsin,118,1,2:01,1321,1321,Brad Davison made Layup.,29,40,-11,24,0.32098508278690147,0.16823211448472594,3,4,6.5,26,4.177777777777778,Wisconsin,made,Brad Davison,NA,FALSE,FALSE,Wisconsin,Michigan
401166247,2020-02-27,Michigan,Wisconsin,119,1,1:46,1306,1306,Isaiah Livers missed Jumper.,29,40,-11,15,0.317869323336618,0.16675367751853115,3,4,6.5,25,77.49777777777777,Michigan,missed,Isaiah Livers,NA,FALSE,FALSE,Michigan,Wisconsin
401166247,2020-02-27,Michigan,Wisconsin,120,1,1:46,1306,1306,Wisconsin Deadball Team Rebound.,29,40,-11,0,0.317869323336618,0.16675367751853115,3,4,6.5,NA,NA,NA,NA,NA,NA,NA,NA,Michigan,Wisconsin
401166247,2020-02-27,Michigan,Wisconsin,121,1,1:46,1306,1306,Foul on Jon Teske.,29,40,-11,0,0.317869323336618,0.16675367751853115,3,4,6.5,NA,NA,NA,NA,NA,NA,NA,NA,Michigan,Wisconsin
401166247,2020-02-27,Michigan,Wisconsin,122,1,1:35,1295,1295,Foul on Franz Wagner.,29,40,-11,11,0.31555154336154445,0.165649370812899,3,4,6.5,NA,NA,NA,NA,NA,NA,NA,NA,Wisconsin,Wisconsin
401166247,2020-02-27,Michigan,Wisconsin,123,1,1:35,1295,1295,Micah Potter missed Free Throw.,29,40,-11,0,0.31555154336154445,0.165649370812899,3,4,6.5,25,4.177777777777778,Wisconsin,missed,Micah Potter,NA,FALSE,TRUE,Wisconsin,Wisconsin
401166247,2020-02-27,Michigan,Wisconsin,124,1,1:35,1295,1295,Wisconsin Deadball Team Rebound.,29,40,-11,0,0.31555154336154445,0.165649370812899,3,4,6.5,NA,NA,NA,NA,NA,NA,NA,NA,Wisconsin,Wisconsin
401166247,2020-02-27,Michigan,Wisconsin,125,1,1:35,1295,1295,Micah Potter made Free Throw.,29,41,-12,0,0.2846989211167729,0.1463199966782339,3,4,6.5,25,4.177777777777778,Wisconsin,made,Micah Potter,NA,FALSE,TRUE,Wisconsin,Michigan
401166247,2020-02-27,Michigan,Wisconsin,126,1,1:28,1288,1288,Zavier Simpson made Layup.,31,41,-10,7,0.3466586671026396,0.1862593645178636,3,4,6.5,26,85.85333333333332,Michigan,made,Zavier Simpson,NA,FALSE,FALSE,Michigan,Wisconsin
401166247,2020-02-27,Michigan,Wisconsin,127,1,1:09,1269,1269,Brad Davison made Layup.,31,43,-12,19,0.2790422833812817,0.14366039415906068,3,4,6.5,24,6.266666666666667,Wisconsin,made,Brad Davison,NA,FALSE,FALSE,Wisconsin,Michigan
401166247,2020-02-27,Michigan,Wisconsin,128,1,0:50,1250,1250,Austin Davis missed Layup.,31,43,-12,19,0.2747543060609913,0.14162146293580496,3,4,6.5,25,84.80888888888889,Michigan,missed,Austin Davis,NA,FALSE,FALSE,Michigan,Wisconsin
401166247,2020-02-27,Michigan,Wisconsin,129,1,0:50,1250,1250,Wisconsin Deadball Team Rebound.,31,43,-12,0,0.2747543060609913,0.14162146293580496,3,4,6.5,NA,NA,NA,NA,NA,NA,NA,NA,Michigan,Wisconsin
401166247,2020-02-27,Michigan,Wisconsin,130,1,0:50,1250,1250,Foul on Isaiah Livers.,31,43,-12,0,0.2747543060609913,0.14162146293580496,3,4,6.5,NA,NA,NA,NA,NA,NA,NA,NA,Michigan,Wisconsin
401166247,2020-02-27,Michigan,Wisconsin,131,1,0:42,1242,1242,Brad Davison missed Three Point Jumper.,31,43,-12,8,0.2729028436061232,0.14073439212539088,3,4,6.5,37,29.244444444444444,Wisconsin,missed,Brad Davison,NA,TRUE,FALSE,Wisconsin,Michigan
401166247,2020-02-27,Michigan,Wisconsin,132,1,0:42,1242,1242,David DeJulius Defensive Rebound.,31,43,-12,0,0.2729028436061232,0.14073439212539088,3,4,6.5,NA,NA,NA,NA,NA,NA,NA,NA,Wisconsin,Michigan
401166247,2020-02-27,Michigan,Wisconsin,133,1,0:09,1209,1209,Zavier Simpson made Layup.,33,43,-10,33,0.3288114622049632,0.17731734496750115,3,4,6.5,24,85.85333333333332,Michigan,made,Zavier Simpson,NA,FALSE,FALSE,Michigan,Wisconsin
401166247,2020-02-27,Michigan,Wisconsin,134,1,0:00,1200,1200,End of 1st half,33,43,-10,9,0.3266325558394698,0.17620114634698963,3,4,6.5,NA,NA,NA,NA,NA,NA,NA,NA,Wisconsin,NA
401166247,2020-02-27,Michigan,Wisconsin,135,2,20:00,1200,1200,PLAY,33,43,-10,0,0.3266325558394698,0.17620114634698963,4,4,6.5,NA,NA,NA,NA,NA,NA,NA,NA,NA,Michigan
401166247,2020-02-27,Michigan,Wisconsin,136,2,20:00,1200,1200,Jump Ball won by Michigan,33,43,-10,0,0.3266325558394698,0.17620114634698963,4,4,6.5,NA,NA,NA,NA,NA,NA,NA,NA,Michigan,Michigan
401166247,2020-02-27,Michigan,Wisconsin,137,2,19:44,1184,1184,Jon Teske made Layup. Assisted by Zavier Simpson.,35,43,-8,16,0.3942299432156485,0.2236552249904552,4,4,6.5,23,86.89777777777778,Michigan,made,Jon Teske,Zavier Simpson,FALSE,FALSE,Michigan,Wisconsin
401166247,2020-02-27,Michigan,Wisconsin,138,2,19:23,1163,1163,Brevin Pritzl missed Layup.,35,43,-8,21,0.3897697810924743,0.22130142769765201,4,4,6.5,24,6.266666666666667,Wisconsin,missed,Brevin Pritzl,NA,FALSE,FALSE,Wisconsin,Michigan
401166247,2020-02-27,Michigan,Wisconsin,139,2,19:23,1163,1163,Franz Wagner Defensive Rebound.,35,43,-8,0,0.3897697810924743,0.22130142769765201,4,4,6.5,NA,NA,NA,NA,NA,NA,NA,NA,Wisconsin,Michigan
401166247,2020-02-27,Michigan,Wisconsin,140,2,19:14,1154,1154,Foul on D'Mitrik Trice.,35,43,-8,9,0.3878861254591991,0.22031253445688334,4,4,6.5,NA,NA,NA,NA,NA,NA,NA,NA,Michigan,Michigan
401166247,2020-02-27,Michigan,Wisconsin,141,2,19:14,1154,1154,Zavier Simpson missed Free Throw.,35,43,-8,0,0.3878861254591991,0.22031253445688334,4,4,6.5,25,87.94222222222221,Michigan,missed,Zavier Simpson,NA,FALSE,TRUE,Michigan,Michigan
401166247,2020-02-27,Michigan,Wisconsin,142,2,19:14,1154,1154,Michigan Deadball Team Rebound.,35,43,-8,0,0.3878861254591991,0.22031253445688334,4,4,6.5,NA,NA,NA,NA,NA,NA,NA,NA,Michigan,Michigan
401166247,2020-02-27,Michigan,Wisconsin,143,2,19:14,1154,1154,Zavier Simpson made Free Throw.,36,43,-7,0,0.4259912635216551,0.24864253632616812,4,4,6.5,25,87.94222222222221,Michigan,made,Zavier Simpson,NA,FALSE,TRUE,Michigan,Wisconsin
401166247,2020-02-27,Michigan,Wisconsin,144,2,18:57,1137,1137,Foul on Franz Wagner.,36,43,-7,17,0.42268107998876736,0.24688213148809982,4,4,6.5,NA,NA,NA,NA,NA,NA,NA,NA,Wisconsin,Wisconsin
401166247,2020-02-27,Michigan,Wisconsin,145,2,18:51,1131,1131,Brevin Pritzl missed Three Point Jumper.,36,43,-7,6,0.42151555425707954,0.24626334244794937,4,4,6.5,47,12.533333333333333,Wisconsin,missed,Brevin Pritzl,NA,TRUE,FALSE,Wisconsin,Michigan
401166247,2020-02-27,Michigan,Wisconsin,146,2,18:51,1131,1131,Isaiah Livers Defensive Rebound.,36,43,-7,0,0.42151555425707954,0.24626334244794937,4,4,6.5,NA,NA,NA,NA,NA,NA,NA,NA,Wisconsin,Michigan
401166247,2020-02-27,Michigan,Wisconsin,147,2,18:45,1125,1125,Foul on Nate Reuvers.,36,43,-7,6,0.4203497252563197,0.24564463955683374,4,4,6.5,NA,NA,NA,NA,NA,NA,NA,NA,Michigan,Michigan
401166247,2020-02-27,Michigan,Wisconsin,148,2,18:43,1123,1123,Isaiah Livers made Three Point Jumper. Assisted by Zavier Simpson.,39,43,-4,2,0.5395151385897853,0.34484731328243257,4,4,6.5,37,61.8311111111111,Michigan,made,Isaiah Livers,Zavier Simpson,TRUE,FALSE,Michigan,Wisconsin
401166247,2020-02-27,Michigan,Wisconsin,149,2,18:17,1097,1097,D'Mitrik Trice missed Jumper.,39,43,-4,26,0.5358748710702261,0.3429592043869802,4,4,6.5,39,12.533333333333333,Wisconsin,missed,D'Mitrik Trice,NA,FALSE,FALSE,Wisconsin,Michigan
401166247,2020-02-27,Michigan,Wisconsin,150,2,18:17,1097,1097,Isaiah Livers Defensive Rebound.,39,43,-4,0,0.5358748710702261,0.3429592043869802,4,4,6.5,NA,NA,NA,NA,NA,NA,NA,NA,Wisconsin,Michigan
401166247,2020-02-27,Michigan,Wisconsin,151,2,18:07,1087,1087,Zavier Simpson Turnover.,39,43,-4,10,0.5344542201002926,0.34221830575128287,4,4,6.5,NA,NA,NA,NA,NA,NA,NA,NA,Michigan,Wisconsin
401166247,2020-02-27,Michigan,Wisconsin,152,2,17:46,1066,1066,D'Mitrik Trice Turnover.,39,43,-4,21,0.5314142543953522,0.34062084164179196,4,4,6.5,NA,NA,NA,NA,NA,NA,NA,NA,Wisconsin,Michigan
401166247,2020-02-27,Michigan,Wisconsin,153,2,17:46,1066,1066,Brandon Johns Jr. Steal.,39,43,-4,0,0.5314142543953522,0.34062084164179196,4,4,6.5,NA,NA,NA,NA,NA,NA,NA,NA,Wisconsin,Michigan
401166247,2020-02-27,Michigan,Wisconsin,154,2,17:31,1051,1051,Foul on Brevin Pritzl.,39,43,-4,15,0.52918286179418494,0.3394353591143091,4,4,6.5,NA,NA,NA,NA,NA,NA,NA,NA,Michigan,Michigan
401166247,2020-02-27,Michigan,Wisconsin,155,2,17:24,1044,1044,Isaiah Livers missed Jumper.,39,43,-4,7,0.5281209568855858,0.33886682714092264,4,4,6.5,28.999999999999996,80.6311111111111,Michigan,missed,Isaiah Livers,NA,FALSE,FALSE,Michigan,Wisconsin
401166247,2020-02-27,Michigan,Wisconsin,156,2,17:24,1044,1044,Brevin Pritzl Defensive Rebound.,39,43,-4,0,0.5281209568855858,0.33886682714092264,4,4,6.5,NA,NA,NA,NA,NA,NA,NA,NA,Michigan,Wisconsin
401166247,2020-02-27,Michigan,Wisconsin,157,2,17:06,1026,1026,Brevin Pritzl missed Jumper.,39,43,-4,18,0.5253207127470592,0.3373530619911868,4,4,6.5,26,11.488888888888887,Wisconsin,missed,Brevin Pritzl,NA,FALSE,FALSE,Wisconsin,Michigan
401166247,2020-02-27,Michigan,Wisconsin,158,2,17:06,1026,1026,Brandon Johns Jr. Defensive Rebound.,39,43,-4,0,0.5253207127470592,0.3373530619911868,4,4,6.5,NA,NA,NA,NA,NA,NA,NA,NA,Wisconsin,Michigan
401166247,2020-02-27,Michigan,Wisconsin,159,2,16:58,1018,1018,Franz Wagner made Layup. Assisted by Zavier Simpson.,41,43,-2,8,0.6071521368329486,0.41602293257973577,4,4,6.5,24,83.76444444444444,Michigan,made,Franz Wagner,Zavier Simpson,FALSE,FALSE,Michigan,Wisconsin
401166247,2020-02-27,Michigan,Wisconsin,160,2,16:54,1014,1014,Wisconsin  Timeout,41,43,-2,4,0.6067216672283662,0.41582901954603163,4,3,6.5,NA,NA,NA,NA,NA,NA,NA,NA,Wisconsin,Wisconsin
401166247,2020-02-27,Michigan,Wisconsin,161,2,16:24,984,984,Micah Potter made Layup. Assisted by D'Mitrik Trice.,41,45,-4,30,0.5183079785962404,0.333465034951892,4,3,6.5,26,7.311111111111111,Wisconsin,made,Micah Potter,D'Mitrik Trice,FALSE,FALSE,Wisconsin,Michigan
401166247,2020-02-27,Michigan,Wisconsin,162,2,16:06,966,966,Isaiah Livers missed Jumper.,41,45,-4,18,0.515064609782439,0.33162218297109075,4,3,6.5,14,70.18666666666667,Michigan,missed,Isaiah Livers,NA,FALSE,FALSE,Michigan,Wisconsin
401166247,2020-02-27,Michigan,Wisconsin,163,2,16:06,966,966,Tyler Wahl Defensive Rebound.,41,45,-4,0,0.515064609782439,0.33162218297109075,4,3,6.5,NA,NA,NA,NA,NA,NA,NA,NA,Michigan,Wisconsin
401166247,2020-02-27,Michigan,Wisconsin,164,2,15:50,950,950,D'Mitrik Trice missed Jumper.,41,45,-4,16,0.5122957302163902,0.3300598569779778,4,3,6.5,21.999999999999996,26.11111111111111,Wisconsin,missed,D'Mitrik Trice,NA,FALSE,FALSE,Wisconsin,Michigan
401166247,2020-02-27,Michigan,Wisconsin,165,2,15:50,950,950,Franz Wagner Defensive Rebound.,41,45,-4,0,0.5122957302163902,0.3300598569779778,4,3,6.5,NA,NA,NA,NA,NA,NA,NA,NA,Wisconsin,Michigan
401166247,2020-02-27,Michigan,Wisconsin,166,2,15:29,929,929,Isaiah Livers made Layup. Assisted by Zavier Simpson.,43,45,-2,21,0.5972287134054253,0.41140118989446745,4,3,6.5,25,85.85333333333332,Michigan,made,Isaiah Livers,Zavier Simpson,FALSE,FALSE,Michigan,Wisconsin
401166247,2020-02-27,Michigan,Wisconsin,167,2,14:59,899,899,Aleem Ford made Layup.,43,47,-4,30,0.5045091320882906,0.3257808305581966,4,3,6.5,26,6.266666666666667,Wisconsin,made,Aleem Ford,NA,FALSE,FALSE,Wisconsin,Michigan
401166247,2020-02-27,Michigan,Wisconsin,168,2,14:32,872,872,Jon Teske missed Three Point Jumper.,43,47,-4,27,0.5006871761842396,0.32371030632428416,4,3,6.5,15,63.919999999999995,Michigan,missed,Jon Teske,NA,TRUE,FALSE,Michigan,Wisconsin
401166247,2020-02-27,Michigan,Wisconsin,169,2,14:32,872,872,Aleem Ford Defensive Rebound.,43,47,-4,0,0.5006871761842396,0.32371030632428416,4,3,6.5,NA,NA,NA,NA,NA,NA,NA,NA,Michigan,Wisconsin
401166247,2020-02-27,Michigan,Wisconsin,170,2,14:21,861,861,D'Mitrik Trice made Three Point Jumper.,43,50,-7,11,0.3637819562157521,0.21481505656828137,4,3,6.5,9,28.2,Wisconsin,made,D'Mitrik Trice,NA,TRUE,FALSE,Wisconsin,Michigan
401166247,2020-02-27,Michigan,Wisconsin,171,2,14:01,841,841,Zavier Simpson missed Layup.,43,50,-7,20,0.3598329229406931,0.21266925836276676,4,3,6.5,23,86.89777777777778,Michigan,missed,Zavier Simpson,NA,FALSE,FALSE,Michigan,Wisconsin
401166247,2020-02-27,Michigan,Wisconsin,172,2,14:01,841,841,Micah Potter Defensive Rebound.,43,50,-7,0,0.3598329229406931,0.21266925836276676,4,3,6.5,NA,NA,NA,NA,NA,NA,NA,NA,Michigan,Wisconsin
401166247,2020-02-27,Michigan,Wisconsin,173,2,13:56,836,836,Brad Davison missed Three Point Jumper.,43,50,-7,5,0.35881616601322774,0.21211395355350196,4,3,6.5,44,21.93333333333333,Wisconsin,missed,Brad Davison,NA,TRUE,FALSE,Wisconsin,Wisconsin
401166247,2020-02-27,Michigan,Wisconsin,174,2,13:56,836,836,Micah Potter Offensive Rebound.,43,50,-7,0,0.35881616601322774,0.21211395355350196,4,3,6.5,NA,NA,NA,NA,NA,NA,NA,NA,Wisconsin,Wisconsin
401166247,2020-02-27,Michigan,Wisconsin,175,2,13:50,830,830,Aleem Ford made Three Point Jumper. Assisted by D'Mitrik Trice.,43,53,-10,6,0.24048337296896843,0.13233968507292476,4,3,6.5,26,32.37777777777777,Wisconsin,made,Aleem Ford,D'Mitrik Trice,TRUE,FALSE,Wisconsin,Michigan
401166247,2020-02-27,Michigan,Wisconsin,176,2,13:47,827,827,Michigan  Timeout,43,53,-10,3,0.2398208074593719,0.13199985552607418,3,3,6.5,NA,NA,NA,NA,NA,NA,NA,NA,Michigan,Michigan
401166247,2020-02-27,Michigan,Wisconsin,177,2,13:29,809,809,Zavier Simpson made Layup.,45,53,-8,18,0.3108755587642048,0.17921629946316736,3,3,6.5,24,85.85333333333332,Michigan,made,Zavier Simpson,NA,FALSE,FALSE,Michigan,Wisconsin
401166247,2020-02-27,Michigan,Wisconsin,178,2,13:13,793,793,Brad Davison missed Three Point Jumper.,45,53,-8,16,0.3069583738089846,0.1770843859848001,3,3,6.5,15,31.33333333333333,Wisconsin,missed,Brad Davison,NA,TRUE,FALSE,Wisconsin,Michigan
401166247,2020-02-27,Michigan,Wisconsin,179,2,13:13,793,793,Brandon Johns Jr. Defensive Rebound.,45,53,-8,0,0.3069583738089846,0.1770843859848001,3,3,6.5,NA,NA,NA,NA,NA,NA,NA,NA,Wisconsin,Michigan
401166247,2020-02-27,Michigan,Wisconsin,180,2,13:07,787,787,Austin Davis missed Layup.,45,53,-8,6,0.3054097240820154,0.17623713533820431,3,3,6.5,24,85.85333333333332,Michigan,missed,Austin Davis,NA,FALSE,FALSE,Michigan,Wisconsin
401166247,2020-02-27,Michigan,Wisconsin,181,2,13:07,787,787,Micah Potter Defensive Rebound.,45,53,-8,0,0.3054097240820154,0.17623713533820431,3,3,6.5,NA,NA,NA,NA,NA,NA,NA,NA,Michigan,Wisconsin
401166247,2020-02-27,Michigan,Wisconsin,182,2,12:51,771,771,Micah Potter made Three Point Jumper. Assisted by Tyler Wahl.,45,56,-11,16,0.1935859147407373,0.10496707477924888,3,3,6.5,24,32.37777777777777,Wisconsin,made,Micah Potter,Tyler Wahl,TRUE,FALSE,Wisconsin,Michigan
401166247,2020-02-27,Michigan,Wisconsin,183,2,12:26,746,746,Brandon Johns Jr. missed Three Point Jumper.,45,56,-11,25,0.18624073226690874,0.1011821484718239,3,3,6.5,47,86.89777777777778,Michigan,missed,Brandon Johns Jr.,NA,TRUE,FALSE,Michigan,Wisconsin
401166247,2020-02-27,Michigan,Wisconsin,184,2,12:26,746,746,Aleem Ford Defensive Rebound.,45,56,-11,0,0.18624073226690874,0.1011821484718239,3,3,6.5,NA,NA,NA,NA,NA,NA,NA,NA,Michigan,Wisconsin
401166247,2020-02-27,Michigan,Wisconsin,185,2,12:05,725,725,Tyler Wahl made Three Point Jumper. Assisted by Brad Davison.,45,59,-14,21,0.10648288689573764,0.055699173441215284,3,3,6.5,37,29.244444444444444,Wisconsin,made,Tyler Wahl,Brad Davison,TRUE,FALSE,Wisconsin,Michigan
401166247,2020-02-27,Michigan,Wisconsin,186,2,11:41,701,701,Zavier Simpson made Layup.,47,59,-12,24,0.14482293166062404,0.07783982568078383,3,3,6.5,27,85.85333333333332,Michigan,made,Zavier Simpson,NA,FALSE,FALSE,Michigan,Wisconsin
401166247,2020-02-27,Michigan,Wisconsin,187,2,11:29,689,689,Brad Davison missed Layup.,47,59,-12,12,0.14186664810000868,0.07636930174009521,3,3,6.5,21.000000000000004,7.311111111111111,Wisconsin,missed,Brad Davison,NA,FALSE,FALSE,Wisconsin,Wisconsin
401166247,2020-02-27,Michigan,Wisconsin,188,2,11:29,689,689,Wisconsin Offensive Rebound.,47,59,-12,0,0.14186664810000868,0.07636930174009521,3,3,6.5,NA,NA,NA,NA,NA,NA,NA,NA,Wisconsin,Wisconsin
401166247,2020-02-27,Michigan,Wisconsin,189,2,11:29,689,689,Official TV Timeout,47,59,-12,0,0.14186664810000868,0.07636930174009521,3,3,6.5,NA,NA,NA,NA,NA,NA,NA,NA,Wisconsin,Wisconsin
401166247,2020-02-27,Michigan,Wisconsin,190,2,11:14,674,674,Micah Potter missed Three Point Jumper.,47,59,-12,15,0.13839691559536188,0.07465330371201444,3,3,6.5,40,28.2,Wisconsin,missed,Micah Potter,NA,TRUE,FALSE,Wisconsin,Michigan
401166247,2020-02-27,Michigan,Wisconsin,191,2,11:14,674,674,David DeJulius Defensive Rebound.,47,59,-12,0,0.13839691559536188,0.07465330371201444,3,3,6.5,NA,NA,NA,NA,NA,NA,NA,NA,Wisconsin,Michigan
401166247,2020-02-27,Michigan,Wisconsin,192,2,11:01,661,661,Isaiah Livers missed Three Point Jumper.,47,59,-12,13,0.13550482235307382,0.0732275381130847,3,3,6.5,47,87.94222222222221,Michigan,missed,Isaiah Livers,NA,TRUE,FALSE,Michigan,Michigan
401166247,2020-02-27,Michigan,Wisconsin,193,2,11:01,661,661,Isaiah Livers Offensive Rebound.,47,59,-12,0,0.13550482235307382,0.0732275381130847,3,3,6.5,NA,NA,NA,NA,NA,NA,NA,NA,Michigan,Michigan
401166247,2020-02-27,Michigan,Wisconsin,194,2,10:56,656,656,Franz Wagner made Layup.,49,59,-10,5,0.19182299792551555,0.1069961933236886,3,3,6.5,26,85.85333333333332,Michigan,made,Franz Wagner,NA,FALSE,FALSE,Michigan,Wisconsin
401166247,2020-02-27,Michigan,Wisconsin,195,2,10:28,628,628,Micah Potter missed Layup.,49,59,-10,28,0.18462019095594648,0.10331805531511418,3,3,6.5,24,6.266666666666667,Wisconsin,missed,Micah Potter,NA,FALSE,FALSE,Wisconsin,Wisconsin
401166247,2020-02-27,Michigan,Wisconsin,196,2,10:28,628,628,Micah Potter Offensive Rebound.,49,59,-10,0,0.18462019095594648,0.10331805531511418,3,3,6.5,NA,NA,NA,NA,NA,NA,NA,NA,Wisconsin,Wisconsin
401166247,2020-02-27,Michigan,Wisconsin,197,2,10:22,622,622,Trevor Anderson missed Three Point Jumper.,49,59,-10,6,0.18299720645231973,0.10248393055441668,3,3,6.5,41,25.066666666666666,Wisconsin,missed,Trevor Anderson,NA,TRUE,FALSE,Wisconsin,Michigan
401166247,2020-02-27,Michigan,Wisconsin,198,2,10:22,622,622,Jon Teske Defensive Rebound.,49,59,-10,0,0.18299720645231973,0.10248393055441668,3,3,6.5,NA,NA,NA,NA,NA,NA,NA,NA,Wisconsin,Michigan
401166247,2020-02-27,Michigan,Wisconsin,199,2,10:15,615,615,Zavier Simpson missed Layup.,49,59,-10,7,0.1810486990614029,0.10147901513168452,3,3,6.5,27,84.80888888888889,Michigan,missed,Zavier Simpson,NA,FALSE,FALSE,Michigan,Wisconsin
401166247,2020-02-27,Michigan,Wisconsin,200,2,10:15,615,615,Tyler Wahl Defensive Rebound.,49,59,-10,0,0.1810486990614029,0.10147901513168452,3,3,6.5,NA,NA,NA,NA,NA,NA,NA,NA,Michigan,Wisconsin
401166247,2020-02-27,Michigan,Wisconsin,201,2,10:03,603,603,Micah Potter made Dunk. Assisted by D'Mitrik Trice.,49,61,-12,12,0.12203668336802927,0.0665335894219666,3,3,6.5,26,6.266666666666667,Wisconsin,made,Micah Potter,D'Mitrik Trice,FALSE,FALSE,Wisconsin,Michigan
401166247,2020-02-27,Michigan,Wisconsin,202,2,9:37,577,577,Foul on Micah Potter.,49,61,-12,26,0.11477932190597526,0.06284815218120698,3,3,6.5,NA,NA,NA,NA,NA,NA,NA,NA,Michigan,Michigan
401166247,2020-02-27,Michigan,Wisconsin,203,2,9:37,577,577,Franz Wagner made Free Throw.,50,61,-11,0,0.13971625677806565,0.077490179463215,3,3,6.5,25,87.94222222222221,Michigan,made,Franz Wagner,NA,FALSE,TRUE,Michigan,Michigan
401166247,2020-02-27,Michigan,Wisconsin,204,2,9:37,577,577,Franz Wagner made Free Throw.,51,61,-10,0,0.16903643616788766,0.09519691255200306,3,3,6.5,25,87.94222222222221,Michigan,made,Franz Wagner,NA,FALSE,TRUE,Michigan,Wisconsin
401166247,2020-02-27,Michigan,Wisconsin,205,2,9:29,569,569,D'Mitrik Trice Turnover.,51,61,-10,8,0.16612068608049996,0.09365185477689177,3,3,6.5,NA,NA,NA,NA,NA,NA,NA,NA,Wisconsin,Michigan
401166247,2020-02-27,Michigan,Wisconsin,206,2,9:24,564,564,Franz Wagner made Layup.,53,61,-8,5,0.23670972835393642,0.13878137785690703,3,3,6.5,26,85.85333333333332,Michigan,made,Franz Wagner,NA,FALSE,FALSE,Michigan,Wisconsin
401166247,2020-02-27,Michigan,Wisconsin,207,2,9:00,540,540,Foul on Franz Wagner.,53,61,-8,24,0.22615305777750166,0.13289057518981956,3,3,6.5,NA,NA,NA,NA,NA,NA,NA,NA,Wisconsin,Wisconsin
401166247,2020-02-27,Michigan,Wisconsin,208,2,8:51,531,531,Aleem Ford missed Layup.,53,61,-8,9,0.2226165886751468,0.13094846701389884,3,3,6.5,27,6.266666666666667,Wisconsin,missed,Aleem Ford,NA,FALSE,FALSE,Wisconsin,Michigan
401166247,2020-02-27,Michigan,Wisconsin,209,2,8:51,531,531,Isaiah Livers Block.,53,61,-8,0,0.2226165886751468,0.13094846701389884,3,3,6.5,NA,NA,NA,NA,NA,NA,NA,NA,Wisconsin,Michigan
401166247,2020-02-27,Michigan,Wisconsin,210,2,8:51,531,531,Franz Wagner Defensive Rebound.,53,61,-8,0,0.2226165886751468,0.13094846701389884,3,3,6.5,NA,NA,NA,NA,NA,NA,NA,NA,Wisconsin,Michigan
401166247,2020-02-27,Michigan,Wisconsin,211,2,8:40,520,520,Zavier Simpson made Layup.,55,61,-6,11,0.3109692642491191,0.19252472392645564,3,3,6.5,26,86.89777777777778,Michigan,made,Zavier Simpson,NA,FALSE,FALSE,Michigan,Wisconsin
401166247,2020-02-27,Michigan,Wisconsin,212,2,8:14,494,494,D'Mitrik Trice made Three Point Jumper.,55,64,-9,26,0.17236567044244228,0.09996280274427576,3,3,6.5,17,31.33333333333333,Wisconsin,made,D'Mitrik Trice,NA,TRUE,FALSE,Wisconsin,Michigan
401166247,2020-02-27,Michigan,Wisconsin,213,2,7:50,470,470,David DeJulius made Layup.,57,64,-7,24,0.24473666122342533,0.14848880439945306,3,3,6.5,27,85.85333333333332,Michigan,made,David DeJulius,NA,FALSE,FALSE,Michigan,Wisconsin
401166247,2020-02-27,Michigan,Wisconsin,214,2,7:16,436,436,Foul on Jon Teske.,57,64,-7,34,0.2288297687649403,0.13943662392883105,3,3,6.5,NA,NA,NA,NA,NA,NA,NA,NA,Wisconsin,Wisconsin
401166247,2020-02-27,Michigan,Wisconsin,215,2,7:16,436,436,Official TV Timeout,57,64,-7,0,0.2288297687649403,0.13943662392883105,3,3,6.5,NA,NA,NA,NA,NA,NA,NA,NA,Wisconsin,Wisconsin
401166247,2020-02-27,Michigan,Wisconsin,216,2,7:16,436,436,Aleem Ford made Free Throw.,57,65,-8,0,0.18619481216565872,0.11105855338702779,3,3,6.5,25,4.177777777777778,Wisconsin,made,Aleem Ford,NA,FALSE,TRUE,Wisconsin,Wisconsin
401166247,2020-02-27,Michigan,Wisconsin,217,2,7:16,436,436,Aleem Ford made Free Throw.,57,66,-9,0,0.1499587995924926,0.08786627720634166,3,3,6.5,25,4.177777777777778,Wisconsin,made,Aleem Ford,NA,FALSE,TRUE,Wisconsin,Michigan
401166247,2020-02-27,Michigan,Wisconsin,218,2,7:05,425,425,Foul on Brevin Pritzl.,57,66,-9,11,0.14423978603750262,0.08469503597793121,3,3,6.5,NA,NA,NA,NA,NA,NA,NA,NA,Michigan,Michigan
401166247,2020-02-27,Michigan,Wisconsin,219,2,6:59,419,419,Isaiah Livers missed Jumper.,57,66,-9,6,0.14125385051201764,0.08305271441778382,3,3,6.5,26,78.54222222222222,Michigan,missed,Isaiah Livers,NA,FALSE,FALSE,Michigan,Wisconsin
401166247,2020-02-27,Michigan,Wisconsin,220,2,6:59,419,419,Nate Reuvers Defensive Rebound.,57,66,-9,0,0.14125385051201764,0.08305271441778382,3,3,6.5,NA,NA,NA,NA,NA,NA,NA,NA,Michigan,Wisconsin
401166247,2020-02-27,Michigan,Wisconsin,221,2,6:39,399,399,Foul on David DeJulius.,57,66,-9,20,0.13209780237641283,0.07808564306749197,3,3,6.5,NA,NA,NA,NA,NA,NA,NA,NA,Wisconsin,Wisconsin
401166247,2020-02-27,Michigan,Wisconsin,222,2,6:29,389,389,D'Mitrik Trice missed Three Point Jumper.,57,66,-9,10,0.12776873299296368,0.07575968090069773,3,3,6.5,26,34.46666666666666,Wisconsin,missed,D'Mitrik Trice,NA,TRUE,FALSE,Wisconsin,Michigan
401166247,2020-02-27,Michigan,Wisconsin,223,2,6:29,389,389,Isaiah Livers Defensive Rebound.,57,66,-9,0,0.12776873299296368,0.07575968090069773,3,3,6.5,NA,NA,NA,NA,NA,NA,NA,NA,Wisconsin,Michigan
401166247,2020-02-27,Michigan,Wisconsin,224,2,6:15,375,375,Franz Wagner made Layup.,59,66,-7,14,0.19627525446997038,0.12107683264982769,3,3,6.5,25,84.80888888888889,Michigan,made,Franz Wagner,NA,FALSE,FALSE,Michigan,Wisconsin
401166247,2020-02-27,Michigan,Wisconsin,225,2,5:45,345,345,D'Mitrik Trice made Jumper.,59,68,-9,30,0.10795570932137684,0.06501052527905604,3,3,6.5,26,14.622222222222222,Wisconsin,made,D'Mitrik Trice,NA,FALSE,FALSE,Wisconsin,Michigan
401166247,2020-02-27,Michigan,Wisconsin,226,2,5:17,317,317,Foul on Nate Reuvers.,59,68,-9,28,0.09301889893912185,0.05662283226822643,3,3,6.5,NA,NA,NA,NA,NA,NA,NA,NA,Michigan,Wisconsin
401166247,2020-02-27,Michigan,Wisconsin,227,2,5:17,317,317,Brandon Johns Jr. made Free Throw.,60,68,-8,0,0.12295311094259953,0.07582367329105848,3,3,6.5,25,87.94222222222221,Michigan,made,Brandon Johns Jr.,NA,FALSE,TRUE,Michigan,Michigan
401166247,2020-02-27,Michigan,Wisconsin,228,2,5:17,317,317,Brandon Johns Jr. missed Free Throw.,60,68,-8,0,0.12295311094259953,0.07582367329105848,3,3,6.5,25,87.94222222222221,Michigan,missed,Brandon Johns Jr.,NA,FALSE,TRUE,Michigan,Wisconsin
401166247,2020-02-27,Michigan,Wisconsin,229,2,5:17,317,317,Aleem Ford Defensive Rebound.,60,68,-8,0,0.12295311094259953,0.07582367329105848,3,3,6.5,NA,NA,NA,NA,NA,NA,NA,NA,Michigan,Wisconsin
401166247,2020-02-27,Michigan,Wisconsin,230,2,4:54,294,294,Foul on David DeJulius.,60,68,-8,23,0.11151609207656554,0.06944106565598065,3,3,6.5,NA,NA,NA,NA,NA,NA,NA,NA,Wisconsin,Wisconsin
401166247,2020-02-27,Michigan,Wisconsin,231,2,4:43,283,283,D'Mitrik Trice made Layup.,60,70,-10,11,0.06104197223140876,0.03748162196875826,3,3,6.5,23,7.311111111111111,Wisconsin,made,D'Mitrik Trice,NA,FALSE,FALSE,Wisconsin,Michigan
401166247,2020-02-27,Michigan,Wisconsin,232,2,4:33,273,273,Brandon Johns Jr. made Dunk. Assisted by Zavier Simpson.,62,70,-8,10,0.11148150292880632,0.07034602819930666,3,3,6.5,25,85.85333333333332,Michigan,made,Brandon Johns Jr.,Zavier Simpson,FALSE,FALSE,Michigan,Wisconsin
401166247,2020-02-27,Michigan,Wisconsin,233,2,4:01,241,241,Micah Potter missed Layup.,62,70,-8,32,0.1158420842656553,0.07477192200799804,3,3,6.5,24,7.311111111111111,Wisconsin,missed,Micah Potter,NA,FALSE,FALSE,Wisconsin,Michigan
401166247,2020-02-27,Michigan,Wisconsin,234,2,4:01,241,241,Brandon Johns Jr. Block.,62,70,-8,0,0.1158420842656553,0.07477192200799804,3,3,6.5,NA,NA,NA,NA,NA,NA,NA,NA,Wisconsin,Michigan
401166247,2020-02-27,Michigan,Wisconsin,235,2,4:01,241,241,Zavier Simpson Defensive Rebound.,62,70,-8,0,0.1158420842656553,0.07477192200799804,3,3,6.5,NA,NA,NA,NA,NA,NA,NA,NA,Wisconsin,Michigan
401166247,2020-02-27,Michigan,Wisconsin,236,2,3:54,234,234,Franz Wagner made Three Point Jumper. Assisted by Zavier Simpson.,65,70,-5,7,0.25099779359206076,0.17203082378263704,3,3,6.5,41,61.8311111111111,Michigan,made,Franz Wagner,Zavier Simpson,TRUE,FALSE,Michigan,Wisconsin
401166247,2020-02-27,Michigan,Wisconsin,237,2,3:19,199,199,D'Mitrik Trice missed Layup.,65,70,-5,35,0.22384022722391023,0.15536393524839087,3,3,6.5,24,6.266666666666667,Wisconsin,missed,D'Mitrik Trice,NA,FALSE,FALSE,Wisconsin,Michigan
401166247,2020-02-27,Michigan,Wisconsin,238,2,3:19,199,199,Isaiah Livers Defensive Rebound.,65,70,-5,0,0.22384022722391023,0.15536393524839087,3,3,6.5,NA,NA,NA,NA,NA,NA,NA,NA,Wisconsin,Michigan
401166247,2020-02-27,Michigan,Wisconsin,239,2,3:05,185,185,Zavier Simpson made Layup.,67,70,-3,14,0.3410282412488264,0.2505440127969777,3,3,6.5,27,85.85333333333332,Michigan,made,Zavier Simpson,NA,FALSE,FALSE,Michigan,Wisconsin
401166247,2020-02-27,Michigan,Wisconsin,240,2,2:50,170,170,Wisconsin  Timeout,67,70,-3,15,0.31669916817403115,0.23292685214482786,3,2,6.5,NA,NA,NA,NA,NA,NA,NA,NA,Wisconsin,Wisconsin
401166247,2020-02-27,Michigan,Wisconsin,241,2,2:32,152,152,D'Mitrik Trice made Three Point Jumper.,67,73,-6,18,0.0971554281743326,0.06694534790800856,3,2,6.5,42,26.11111111111111,Wisconsin,made,D'Mitrik Trice,NA,TRUE,FALSE,Wisconsin,Michigan
401166247,2020-02-27,Michigan,Wisconsin,242,2,1:59,119,119,Zavier Simpson missed Layup.,67,73,-6,33,0.055410451517758336,0.03889619389299874,3,2,6.5,26,84.80888888888889,Michigan,missed,Zavier Simpson,NA,FALSE,FALSE,Michigan,Michigan
401166247,2020-02-27,Michigan,Wisconsin,243,2,1:59,119,119,Nate Reuvers Block.,67,73,-6,0,0.055410451517758336,0.03889619389299874,3,2,6.5,NA,NA,NA,NA,NA,NA,NA,NA,Michigan,Michigan
401166247,2020-02-27,Michigan,Wisconsin,244,2,1:59,119,119,Michigan Offensive Rebound.,67,73,-6,0,0.055410451517758336,0.03889619389299874,3,2,6.5,NA,NA,NA,NA,NA,NA,NA,NA,Michigan,Michigan
401166247,2020-02-27,Michigan,Wisconsin,245,2,1:59,119,119,Michigan  Timeout,67,73,-6,0,0.055410451517758336,0.03889619389299874,2,2,6.5,NA,NA,NA,NA,NA,NA,NA,NA,Michigan,Michigan
401166247,2020-02-27,Michigan,Wisconsin,246,2,1:50,110,110,Franz Wagner made Layup.,69,73,-4,9,0.1295080964701891,0.09392056016255101,2,2,6.5,24,84.80888888888889,Michigan,made,Franz Wagner,NA,FALSE,FALSE,Michigan,Wisconsin
401166247,2020-02-27,Michigan,Wisconsin,247,2,1:26,86,86,Nate Reuvers made Jumper.,69,75,-6,24,0.024748786766671936,0.017848450688287023,2,2,6.5,23,14.622222222222222,Wisconsin,made,Nate Reuvers,NA,FALSE,FALSE,Wisconsin,Michigan
401166247,2020-02-27,Michigan,Wisconsin,248,2,1:15,75,75,Foul on Aleem Ford.,69,75,-6,11,0.018038696106062627,0.013152863969131205,2,2,6.5,NA,NA,NA,NA,NA,NA,NA,NA,Michigan,Wisconsin
401166247,2020-02-27,Michigan,Wisconsin,249,2,1:15,75,75,Zavier Simpson missed Free Throw.,69,75,-6,0,0.018038696106062627,0.013152863969131205,2,2,6.5,25,87.94222222222221,Michigan,missed,Zavier Simpson,NA,FALSE,TRUE,Michigan,Wisconsin
401166247,2020-02-27,Michigan,Wisconsin,250,2,1:15,75,75,Brad Davison Defensive Rebound.,69,75,-6,0,0.018038696106062627,0.013152863969131205,2,2,6.5,NA,NA,NA,NA,NA,NA,NA,NA,Michigan,Wisconsin
401166247,2020-02-27,Michigan,Wisconsin,251,2,1:15,75,75,Foul on Zavier Simpson.,69,75,-6,0,0.018038696106062627,0.013152863969131205,2,2,6.5,NA,NA,NA,NA,NA,NA,NA,NA,Michigan,Wisconsin
401166247,2020-02-27,Michigan,Wisconsin,252,2,0:55,55,55,Foul on David DeJulius.,69,75,-6,20,0.009502593169438687,0.0070839846355998624,2,2,6.5,NA,NA,NA,NA,NA,NA,NA,NA,Wisconsin,Wisconsin
401166247,2020-02-27,Michigan,Wisconsin,253,2,0:55,55,55,D'Mitrik Trice missed Free Throw.,69,75,-6,0,0.009502593169438687,0.0070839846355998624,2,2,6.5,25,4.177777777777778,Wisconsin,missed,D'Mitrik Trice,NA,FALSE,TRUE,Wisconsin,Michigan
401166247,2020-02-27,Michigan,Wisconsin,254,2,0:55,55,55,Franz Wagner Defensive Rebound.,69,75,-6,0,0.009502593169438687,0.0070839846355998624,2,2,6.5,NA,NA,NA,NA,NA,NA,NA,NA,Wisconsin,Michigan
401166247,2020-02-27,Michigan,Wisconsin,255,2,0:50,50,50,Zavier Simpson made Layup.,71,75,-4,5,0.042426025650604035,0.032093875821752056,2,2,6.5,23,87.94222222222221,Michigan,made,Zavier Simpson,NA,FALSE,FALSE,Michigan,Wisconsin
401166247,2020-02-27,Michigan,Wisconsin,256,2,0:45,45,45,Michigan  Timeout,71,75,-4,5,0.03777210811296549,0.028717966465552115,1,2,6.5,NA,NA,NA,NA,NA,NA,NA,NA,Wisconsin,Wisconsin
401166247,2020-02-27,Michigan,Wisconsin,257,2,0:43,43,43,Foul on Franz Wagner.,71,75,-4,2,0.03601472620751402,0.02743885356912882,1,2,6.5,NA,NA,NA,NA,NA,NA,NA,NA,Wisconsin,Wisconsin
401166247,2020-02-27,Michigan,Wisconsin,258,2,0:43,43,43,D'Mitrik Trice made Free Throw.,71,76,-5,0,0.015080738535705305,0.011430585529614127,1,2,6.5,25,4.177777777777778,Wisconsin,made,D'Mitrik Trice,NA,FALSE,TRUE,Wisconsin,Wisconsin
401166247,2020-02-27,Michigan,Wisconsin,259,2,0:43,43,43,D'Mitrik Trice made Free Throw.,71,77,-6,0,0.006236162597091053,0.0047165057842965,1,2,6.5,25,4.177777777777778,Wisconsin,made,D'Mitrik Trice,NA,FALSE,TRUE,Wisconsin,Michigan
401166247,2020-02-27,Michigan,Wisconsin,260,2,0:36,36,36,Zavier Simpson made Layup.,73,77,-4,7,0.03033328586999925,0.023285253298483865,1,2,6.5,24,85.85333333333332,Michigan,made,Zavier Simpson,NA,FALSE,FALSE,Michigan,Wisconsin
401166247,2020-02-27,Michigan,Wisconsin,261,2,0:35,35,35,Foul on Isaiah Livers.,73,77,-4,1,0.029581161475953556,0.02273309801906819,1,2,6.5,NA,NA,NA,NA,NA,NA,NA,NA,Wisconsin,Wisconsin
401166247,2020-02-27,Michigan,Wisconsin,262,2,0:35,35,35,D'Mitrik Trice missed Free Throw.,73,77,-4,0,0.029581161475953556,0.02273309801906819,1,2,6.5,25,4.177777777777778,Wisconsin,missed,D'Mitrik Trice,NA,FALSE,TRUE,Wisconsin,Michigan
401166247,2020-02-27,Michigan,Wisconsin,263,2,0:35,35,35,Zavier Simpson Defensive Rebound.,73,77,-4,0,0.029581161475953556,0.02273309801906819,1,2,6.5,NA,NA,NA,NA,NA,NA,NA,NA,Wisconsin,Michigan
401166247,2020-02-27,Michigan,Wisconsin,264,2,0:27,27,27,Foul on D'Mitrik Trice.,73,77,-4,8,0.024087340287673398,0.018681180598484944,1,2,6.5,NA,NA,NA,NA,NA,NA,NA,NA,Michigan,Michigan
401166247,2020-02-27,Michigan,Wisconsin,265,2,0:27,27,27,Zavier Simpson made Free Throw.,74,77,-3,0,0.0623074279841836,0.04875167572884788,1,2,6.5,25,87.94222222222221,Michigan,made,Zavier Simpson,NA,FALSE,TRUE,Michigan,Michigan
401166247,2020-02-27,Michigan,Wisconsin,266,2,0:27,27,27,Zavier Simpson missed Free Throw.,74,77,-3,0,0.0623074279841836,0.04875167572884788,1,2,6.5,25,87.94222222222221,Michigan,missed,Zavier Simpson,NA,FALSE,TRUE,Michigan,Michigan
401166247,2020-02-27,Michigan,Wisconsin,267,2,0:27,27,27,Brandon Johns Jr. Offensive Rebound.,74,77,-3,0,0.0623074279841836,0.04875167572884788,1,2,6.5,NA,NA,NA,NA,NA,NA,NA,NA,Michigan,Michigan
401166247,2020-02-27,Michigan,Wisconsin,268,2,0:23,23,23,Foul on Brevin Pritzl.,74,77,-3,4,0.05767053471209613,0.04530748007934808,1,2,6.5,NA,NA,NA,NA,NA,NA,NA,NA,Michigan,Wisconsin
401166247,2020-02-27,Michigan,Wisconsin,269,2,0:23,23,23,Brandon Johns Jr. missed Free Throw.,74,77,-3,0,0.05767053471209613,0.04530748007934808,1,2,6.5,25,87.94222222222221,Michigan,missed,Brandon Johns Jr.,NA,FALSE,TRUE,Michigan,Wisconsin
401166247,2020-02-27,Michigan,Wisconsin,270,2,0:23,23,23,Aleem Ford Defensive Rebound.,74,77,-3,0,0.05767053471209613,0.04530748007934808,1,2,6.5,NA,NA,NA,NA,NA,NA,NA,NA,Michigan,Wisconsin
401166247,2020-02-27,Michigan,Wisconsin,271,2,0:21,21,21,Foul on David DeJulius.,74,77,-3,2,0.05544425261085271,0.043649402455195545,1,2,6.5,NA,NA,NA,NA,NA,NA,NA,NA,Wisconsin,Wisconsin
401166247,2020-02-27,Michigan,Wisconsin,272,2,0:21,21,21,Aleem Ford made Free Throw.,74,78,-4,0,0.02054628213618792,0.016049256467977793,1,2,6.5,25,4.177777777777778,Wisconsin,made,Aleem Ford,NA,FALSE,TRUE,Wisconsin,Wisconsin
401166247,2020-02-27,Michigan,Wisconsin,273,2,0:21,21,21,Aleem Ford made Free Throw.,74,79,-5,0,0.007440910637245139,0.005795324383536442,1,2,6.5,25,4.177777777777778,Wisconsin,made,Aleem Ford,NA,FALSE,TRUE,Wisconsin,Michigan
401166247,2020-02-27,Michigan,Wisconsin,274,2,0:14,14,14,Brandon Johns Jr. missed Three Point Jumper.,74,79,-5,7,0.005832483525772461,0.004584635902413504,1,2,6.5,27,60.78666666666667,Michigan,missed,Brandon Johns Jr.,NA,TRUE,FALSE,Michigan,Wisconsin
401166247,2020-02-27,Michigan,Wisconsin,275,2,0:14,14,14,Brad Davison Defensive Rebound.,74,79,-5,0,0.005832483525772461,0.004584635902413504,1,2,6.5,NA,NA,NA,NA,NA,NA,NA,NA,Michigan,Wisconsin
401166247,2020-02-27,Michigan,Wisconsin,276,2,0:11,11,11,Foul on Zavier Simpson.,74,79,-5,3,0.005236090808260434,0.004132454172197103,1,2,6.5,NA,NA,NA,NA,NA,NA,NA,NA,Wisconsin,Wisconsin
401166247,2020-02-27,Michigan,Wisconsin,277,2,0:11,11,11,Brad Davison made Free Throw.,74,80,-6,0,0.0017543888247263098,0.0013835869582565457,1,2,6.5,25,4.177777777777778,Wisconsin,made,Brad Davison,NA,FALSE,TRUE,Wisconsin,Wisconsin
401166247,2020-02-27,Michigan,Wisconsin,278,2,0:11,11,11,Brad Davison made Free Throw.,74,81,-7,0,5.864553696253004e-4,4.623897448740618e-4,1,2,6.5,25,4.177777777777778,Wisconsin,made,Brad Davison,NA,FALSE,TRUE,Wisconsin,Michigan
401166247,2020-02-27,Michigan,Wisconsin,279,2,0:05,5,5,Franz Wagner missed Three Point Jumper.,74,81,-7,6,4.3133406970843825e-4,3.429527742934268e-4,1,2,6.5,37,61.8311111111111,Michigan,missed,Franz Wagner,NA,TRUE,FALSE,Michigan,Wisconsin
401166247,2020-02-27,Michigan,Wisconsin,280,2,0:05,5,5,Brad Davison Defensive Rebound.,74,81,-7,0,4.3133406970843825e-4,3.429527742934268e-4,1,2,6.5,NA,NA,NA,NA,NA,NA,NA,NA,Michigan,Wisconsin
401166247,2020-02-27,Michigan,Wisconsin,281,2,0:00,0,0,End of Game,74,81,-7,5,0,0,1,2,6.5,NA,NA,NA,NA,NA,NA,NA,NA,Wisconsin,NA
