play_id,half,time_remaining_half,secs_remaining,secs_remaining_absolute,description,home_score,away_score,score_diff,play_length,win_prob,naive_win_prob,home,away,home_time_out_remaining,away_time_out_remaining,home_favored_by,game_id,date
1,1,20:00,2400,2400,PLAY,0,0,0,22,0.8163795485493672,0.5,Belmont,Jacksonville State,4,4,9.3,400917802,2017-01-19
2,1,19:38,2378,2378,Christian Cunningham missed Jumper.,0,0,0,0,0.8158844842918164,0.5,Belmont,Jacksonville State,4,4,9.3,400917802,2017-01-19
3,1,19:38,2378,2378,Dylan Windler Defensive Rebound.,0,0,0,18,0.8158844842918164,0.5,Belmont,Jacksonville State,4,4,9.3,400917802,2017-01-19
4,1,19:20,2360,2360,Evan Bradds missed Jumper.,0,0,0,0,0.8154688517051571,0.5,Belmont,Jacksonville State,4,4,9.3,400917802,2017-01-19
5,1,19:20,2360,2360,Christian Cunningham Defensive Rebound.,0,0,0,29,0.8154688517051571,0.5,Belmont,Jacksonville State,4,4,9.3,400917802,2017-01-19
6,1,18:51,2331,2331,Malcolm Drumwright missed Three Point Jumper.,0,0,0,0,0.8147784712073503,0.5,Belmont,Jacksonville State,4,4,9.3,400917802,2017-01-19
7,1,18:51,2331,2331,Christian Cunningham Offensive Rebound.,0,0,0,22,0.8147784712073503,0.5,Belmont,Jacksonville State,4,4,9.3,400917802,2017-01-19
8,1,18:29,2309,2309,Greg Tucker made Jumper.,0,2,-2,16,0.784706411206088,0.45401205950216367,Belmont,Jacksonville State,4,4,9.3,400917802,2017-01-19
9,1,18:13,2293,2293,Evan Bradds missed Layup.,0,2,-2,0,0.7840130166784295,0.4536568568073095,Belmont,Jacksonville State,4,4,9.3,400917802,2017-01-19
10,1,18:13,2293,2293,Christian Cunningham Block.,0,2,-2,1,0.7840130166784295,0.4536568568073095,Belmont,Jacksonville State,4,4,9.3,400917802,2017-01-19
11,1,18:12,2292,2292,Christian Cunningham Defensive Rebound.,0,2,-2,14,0.7839692756704889,0.45363457052289796,Belmont,Jacksonville State,4,4,9.3,400917802,2017-01-19
12,1,17:58,2278,2278,Christian Cunningham missed Jumper.,0,2,-2,0,0.7833518856194222,0.45332155583379324,Belmont,Jacksonville State,4,4,9.3,400917802,2017-01-19
13,1,17:58,2278,2278,Evan Bradds Defensive Rebound.,0,2,-2,9,0.7833518856194222,0.45332155583379324,Belmont,Jacksonville State,4,4,9.3,400917802,2017-01-19
14,1,17:49,2269,2269,Amanze Egekeze missed Three Point Jumper.,0,2,-2,0,0.7829500268005654,0.4531193833259757,Belmont,Jacksonville State,4,4,9.3,400917802,2017-01-19
15,1,17:49,2269,2269,Greg Tucker Defensive Rebound.,0,2,-2,29,0.7829500268005654,0.4531193833259757,Belmont,Jacksonville State,4,4,9.3,400917802,2017-01-19
16,1,17:20,2240,2240,Norbertas Giga Turnover.,0,2,-2,12,0.7816284711778325,0.45246338969984234,Belmont,Jacksonville State,4,4,9.3,400917802,2017-01-19
17,1,17:08,2228,2228,Austin Luke missed Three Point Jumper.,0,2,-2,0,0.7810696041285833,0.45219012861582764,Belmont,Jacksonville State,4,4,9.3,400917802,2017-01-19
18,1,17:08,2228,2228,Christian Cunningham Defensive Rebound.,0,2,-2,24,0.7810696041285833,0.45219012861582764,Belmont,Jacksonville State,4,4,9.3,400917802,2017-01-19
19,1,16:44,2204,2204,Malcolm Drumwright made Jumper.,0,4,-4,16,0.7448285921836338,0.4041781761497037,Belmont,Jacksonville State,4,4,9.3,400917802,2017-01-19
20,1,16:28,2188,2188,Austin Luke made Three Point Jumper. Assisted by Amanze Egekeze.,3,4,-1,23,0.7955180898536881,0.47557840604397134,Belmont,Jacksonville State,4,4,9.3,400917802,2017-01-19
21,1,16:05,2165,2165,Jacara Cross made Jumper.,3,6,-3,2,0.7604808073436822,0.42641140590200466,Belmont,Jacksonville State,4,4,9.3,400917802,2017-01-19
22,1,16:03,2163,2163,Foul on Amanze Egekeze.,3,6,-3,0,0.760358141769345,0.42634282019557657,Belmont,Jacksonville State,4,4,9.3,400917802,2017-01-19
23,1,16:03,2163,2163,Jacara Cross missed Free Throw.,3,6,-3,0,0.760358141769345,0.42634282019557657,Belmont,Jacksonville State,4,4,9.3,400917802,2017-01-19
24,1,16:03,2163,2163,Dylan Windler Defensive Rebound.,3,6,-3,16,0.760358141769345,0.42634282019557657,Belmont,Jacksonville State,4,4,9.3,400917802,2017-01-19
25,1,15:47,2147,2147,Foul on Jacara Cross.,3,6,-3,0,0.75936830716827175,0.42579256894767775,Belmont,Jacksonville State,4,4,9.3,400917802,2017-01-19
26,1,15:47,2147,2147,Official TV Timeout,3,6,-3,12,0.75936830716827175,0.42579256894767775,Belmont,Jacksonville State,4,4,9.3,400917802,2017-01-19
27,1,15:35,2135,2135,Evan Bradds missed Layup.,3,6,-3,0,0.7586159583737083,0.42537797126546634,Belmont,Jacksonville State,4,4,9.3,400917802,2017-01-19
28,1,15:35,2135,2135,Christian Cunningham Defensive Rebound.,3,6,-3,18,0.7586159583737083,0.42537797126546634,Belmont,Jacksonville State,4,4,9.3,400917802,2017-01-19
29,1,15:17,2117,2117,Greg Tucker Turnover.,3,6,-3,1,0.7574712969223143,0.4247528027276655,Belmont,Jacksonville State,4,4,9.3,400917802,2017-01-19
30,1,15:16,2116,2116,Dylan Windler Steal.,3,6,-3,3,0.7574071341537115,0.42471795119452266,Belmont,Jacksonville State,4,4,9.3,400917802,2017-01-19
31,1,15:13,2113,2113,Dylan Windler made Dunk.,5,6,-1,23,0.7924969551320001,0.47469967745685804,Belmont,Jacksonville State,4,4,9.3,400917802,2017-01-19
32,1,14:50,2090,2090,Greg Tucker missed Three Point Jumper.,5,6,-1,0,0.7915211962389074,0.47442533718173074,Belmont,Jacksonville State,4,4,9.3,400917802,2017-01-19
33,1,14:50,2090,2090,Austin Luke Defensive Rebound.,5,6,-1,8,0.7915211962389074,0.47442533718173074,Belmont,Jacksonville State,4,4,9.3,400917802,2017-01-19
34,1,14:42,2082,2082,Taylor Barnette missed Three Point Jumper.,5,6,-1,0,0.7911764036664918,0.47432929561141235,Belmont,Jacksonville State,4,4,9.3,400917802,2017-01-19
35,1,14:42,2082,2082,Greg Tucker Defensive Rebound.,5,6,-1,17,0.7911764036664918,0.47432929561141235,Belmont,Jacksonville State,4,4,9.3,400917802,2017-01-19
36,1,14:25,2065,2065,Greg Tucker missed Jumper.,5,6,-1,0,0.7904344832192337,0.474124088766101,Belmont,Jacksonville State,4,4,9.3,400917802,2017-01-19
37,1,14:25,2065,2065,Amanze Egekeze Defensive Rebound.,5,6,-1,6,0.7904344832192337,0.474124088766101,Belmont,Jacksonville State,4,4,9.3,400917802,2017-01-19
38,1,14:19,2059,2059,Dylan Windler made Three Point Jumper. Assisted by Austin Luke.,8,6,2,28,0.8372098458308441,0.551758022937975,Belmont,Jacksonville State,4,4,9.3,400917802,2017-01-19
39,1,13:51,2031,2031,Christian Cunningham made Layup.,8,8,0,17,0.8059096190174039,0.5,Belmont,Jacksonville State,4,4,9.3,400917802,2017-01-19
40,1,13:34,2014,2014,Dylan Windler missed Three Point Jumper.,8,8,0,0,0.8053096404661806,0.5,Belmont,Jacksonville State,4,4,9.3,400917802,2017-01-19
41,1,13:34,2014,2014,Norbertas Giga Defensive Rebound.,8,8,0,7,0.8053096404661806,0.5,Belmont,Jacksonville State,4,4,9.3,400917802,2017-01-19
42,1,13:27,2007,2007,Foul on Taylor Barnette.,8,8,0,10,0.8050596846362095,0.5,Belmont,Jacksonville State,4,4,9.3,400917802,2017-01-19
43,1,13:17,1997,1997,Erik Durham made Layup. Assisted by Tyrik Edwards.,8,10,-2,19,0.7688837888384431,0.44672511638844487,Belmont,Jacksonville State,4,4,9.3,400917802,2017-01-19
44,1,12:58,1978,1978,Nick Smith missed Three Point Jumper.,8,10,-2,0,0.7677576954082772,0.4462506308031193,Belmont,Jacksonville State,4,4,9.3,400917802,2017-01-19
45,1,12:58,1978,1978,Burton Sampson Offensive Rebound.,8,10,-2,19,0.7677576954082772,0.4462506308031193,Belmont,Jacksonville State,4,4,9.3,400917802,2017-01-19
46,1,12:39,1959,1959,Burton Sampson made Three Point Jumper. Assisted by Michael Benkert.,11,10,1,31,0.8199395998670671,0.5271945989230387,Belmont,Jacksonville State,4,4,9.3,400917802,2017-01-19
47,1,12:08,1928,1928,Tyrik Edwards missed Layup.,11,10,1,0,0.819077566086444,0.5275948448060975,Belmont,Jacksonville State,4,4,9.3,400917802,2017-01-19
48,1,12:08,1928,1928,Norbertas Giga Offensive Rebound.,11,10,1,2,0.819077566086444,0.5275948448060975,Belmont,Jacksonville State,4,4,9.3,400917802,2017-01-19
49,1,12:06,1926,1926,Norbertas Giga made Layup.,11,12,-1,20,0.7838994314337583,0.4723791405620959,Belmont,Jacksonville State,4,4,9.3,400917802,2017-01-19
50,1,11:46,1906,1906,Nick Smith missed Three Point Jumper.,11,12,-1,0,0.7828885106792978,0.4721194061896508,Belmont,Jacksonville State,4,4,9.3,400917802,2017-01-19
51,1,11:46,1906,1906,Burton Sampson Offensive Rebound.,11,12,-1,11,0.7828885106792978,0.4721194061896508,Belmont,Jacksonville State,4,4,9.3,400917802,2017-01-19
52,1,11:35,1895,1895,Michael Benkert missed Three Point Jumper.,11,12,-1,0,0.7823238836005952,0.47197672587231404,Belmont,Jacksonville State,4,4,9.3,400917802,2017-01-19
53,1,11:35,1895,1895,Malcolm Drumwright Defensive Rebound.,11,12,-1,23,0.7823238836005952,0.47197672587231404,Belmont,Jacksonville State,4,4,9.3,400917802,2017-01-19
54,1,11:12,1872,1872,Malcolm Drumwright missed Three Point Jumper.,11,12,-1,0,0.7811237828890982,0.47167824582608886,Belmont,Jacksonville State,4,4,9.3,400917802,2017-01-19
55,1,11:12,1872,1872,Burton Sampson Defensive Rebound.,11,12,-1,3,0.7811237828890982,0.47167824582608886,Belmont,Jacksonville State,4,4,9.3,400917802,2017-01-19
56,1,11:09,1869,1869,Foul on Christian Cunningham.,11,12,-1,0,0.7809653187458669,0.4716392614896913,Belmont,Jacksonville State,4,4,9.3,400917802,2017-01-19
57,1,11:09,1869,1869,Official TV Timeout,11,12,-1,13,0.7809653187458669,0.4716392614896913,Belmont,Jacksonville State,4,4,9.3,400917802,2017-01-19
58,1,10:56,1856,1856,Belmont  Timeout,11,12,-1,13,0.7802735454680874,0.4714700853215193,Belmont,Jacksonville State,3,4,9.3,400917802,2017-01-19
59,1,10:43,1843,1843,Evan Bradds made Layup.,13,12,1,23,0.81653300358355,0.5286996142243332,Belmont,Jacksonville State,3,4,9.3,400917802,2017-01-19
60,1,10:20,1820,1820,Malcolm Drumwright missed Three Point Jumper.,13,12,1,0,0.8158003050903198,0.5290016587898584,Belmont,Jacksonville State,3,4,9.3,400917802,2017-01-19
61,1,10:20,1820,1820,Evan Bradds Defensive Rebound.,13,12,1,15,0.8158003050903198,0.5290016587898584,Belmont,Jacksonville State,3,4,9.3,400917802,2017-01-19
62,1,10:05,1805,1805,Amanze Egekeze made Three Point Jumper. Assisted by Dylan Windler.,16,12,4,30,0.8624414546185132,0.614847869237158,Belmont,Jacksonville State,3,4,9.3,400917802,2017-01-19
63,1,9:35,1775,1775,Jacara Cross missed Layup.,16,12,4,0,0.8622366211776294,0.6163760672517774,Belmont,Jacksonville State,3,4,9.3,400917802,2017-01-19
64,1,9:35,1775,1775,Christian Cunningham Offensive Rebound.,16,12,4,3,0.8622366211776294,0.6163760672517774,Belmont,Jacksonville State,3,4,9.3,400917802,2017-01-19
65,1,9:32,1772,1772,Christian Cunningham made Layup.,16,14,2,15,0.8315138634495917,0.5590786494312441,Belmont,Jacksonville State,3,4,9.3,400917802,2017-01-19
66,1,9:17,1757,1757,Amanze Egekeze missed Three Point Jumper.,16,14,2,0,0.8311615428406373,0.5594835414164011,Belmont,Jacksonville State,3,4,9.3,400917802,2017-01-19
67,1,9:17,1757,1757,Malcolm Drumwright Defensive Rebound.,16,14,2,22,0.8311615428406373,0.5594835414164011,Belmont,Jacksonville State,3,4,9.3,400917802,2017-01-19
68,1,8:55,1735,1735,Tyrik Edwards made Jumper.,16,16,0,11,0.7939103889399931,0.5,Belmont,Jacksonville State,3,4,9.3,400917802,2017-01-19
69,1,8:44,1724,1724,Amanze Egekeze missed Three Point Jumper.,16,16,0,0,0.7934021412881254,0.5,Belmont,Jacksonville State,3,4,9.3,400917802,2017-01-19
70,1,8:44,1724,1724,Christian Cunningham Defensive Rebound.,16,16,0,3,0.7934021412881254,0.5,Belmont,Jacksonville State,3,4,9.3,400917802,2017-01-19
71,1,8:41,1721,1721,Foul on Evan Bradds.,16,16,0,22,0.7932629100903846,0.5,Belmont,Jacksonville State,3,4,9.3,400917802,2017-01-19
72,1,8:19,1699,1699,Jacara Cross missed Jumper.,16,16,0,0,0.792234101037796,0.5,Belmont,Jacksonville State,3,4,9.3,400917802,2017-01-19
73,1,8:19,1699,1699,Amanze Egekeze Defensive Rebound.,16,16,0,19,0.792234101037796,0.5,Belmont,Jacksonville State,3,4,9.3,400917802,2017-01-19
74,1,8:00,1680,1680,Evan Bradds made Jumper.,18,16,2,21,0.8293191937215474,0.5616438491209147,Belmont,Jacksonville State,3,4,9.3,400917802,2017-01-19
75,1,7:39,1659,1659,Tyrik Edwards missed Jumper.,18,16,2,0,0.8287766323832825,0.5622328231647767,Belmont,Jacksonville State,3,4,9.3,400917802,2017-01-19
76,1,7:39,1659,1659,Evan Bradds Block.,18,16,2,1,0.8287766323832825,0.5622328231647767,Belmont,Jacksonville State,3,4,9.3,400917802,2017-01-19
77,1,7:38,1658,1658,Evan Bradds Defensive Rebound.,18,16,2,0,0.8287498932764205,0.5622604916319712,Belmont,Jacksonville State,3,4,9.3,400917802,2017-01-19
78,1,7:38,1658,1658,Official TV Timeout,18,16,2,19,0.8287498932764205,0.5622604916319712,Belmont,Jacksonville State,3,4,9.3,400917802,2017-01-19
79,1,7:19,1639,1639,Austin Luke made Three Point Jumper.,21,16,5,32,0.8756433336389253,0.6527482860491691,Belmont,Jacksonville State,3,4,9.3,400917802,2017-01-19
80,1,6:47,1607,1607,Greg Tucker missed Jumper.,21,16,5,0,0.8755059960890722,0.6547323704015512,Belmont,Jacksonville State,3,4,9.3,400917802,2017-01-19
81,1,6:47,1607,1607,Amanze Egekeze Defensive Rebound.,21,16,5,19,0.8755059960890722,0.6547323704015512,Belmont,Jacksonville State,3,4,9.3,400917802,2017-01-19
82,1,6:28,1588,1588,Evan Bradds made Jumper.,23,16,7,26,0.9009365784160376,0.711591178859199,Belmont,Jacksonville State,3,4,9.3,400917802,2017-01-19
83,1,6:02,1562,1562,Greg Tucker missed Three Point Jumper.,23,16,7,0,0.9010750137231116,0.7136405355242537,Belmont,Jacksonville State,3,4,9.3,400917802,2017-01-19
84,1,6:02,1562,1562,Amanze Egekeze Defensive Rebound.,23,16,7,22,0.9010750137231116,0.7136405355242537,Belmont,Jacksonville State,3,4,9.3,400917802,2017-01-19
85,1,5:40,1540,1540,Austin Luke missed Three Point Jumper.,23,16,7,0,0.9011991676052274,0.7154007912352586,Belmont,Jacksonville State,3,4,9.3,400917802,2017-01-19
86,1,5:40,1540,1540,Christian Cunningham Defensive Rebound.,23,16,7,8,0.9011991676052274,0.7154007912352586,Belmont,Jacksonville State,3,4,9.3,400917802,2017-01-19
87,1,5:32,1532,1532,Foul on Dylan Windler.,23,16,7,0,0.9012479569686966,0.716050274568683,Belmont,Jacksonville State,3,4,9.3,400917802,2017-01-19
88,1,5:32,1532,1532,Greg Tucker made Free Throw.,23,17,6,0,0.8888484497425096,0.6884358774686518,Belmont,Jacksonville State,3,4,9.3,400917802,2017-01-19
89,1,5:32,1532,1532,Greg Tucker made Free Throw.,23,18,5,6,0.8751077866922135,0.6594133139296061,Belmont,Jacksonville State,3,4,9.3,400917802,2017-01-19
90,1,5:26,1526,1526,Austin Luke Turnover.,23,18,5,14,0.8750793832944406,0.659800934116902,Belmont,Jacksonville State,3,4,9.3,400917802,2017-01-19
91,1,5:12,1512,1512,Foul on Greg Tucker.,23,18,5,0,0.8750190268168102,0.6607183550468859,Belmont,Jacksonville State,3,4,9.3,400917802,2017-01-19
92,1,5:12,1512,1512,Greg Tucker Turnover.,23,18,5,13,0.8750190268168102,0.6607183550468859,Belmont,Jacksonville State,3,4,9.3,400917802,2017-01-19
93,1,4:59,1499,1499,Taylor Barnette missed Three Point Jumper.,23,18,5,0,0.8749721158263575,0.6615888354066563,Belmont,Jacksonville State,3,4,9.3,400917802,2017-01-19
94,1,4:59,1499,1499,Amanze Egekeze Offensive Rebound.,23,18,5,6,0.8749721158263575,0.6615888354066563,Belmont,Jacksonville State,3,4,9.3,400917802,2017-01-19
95,1,4:53,1493,1493,Amanze Egekeze made Three Point Jumper. Assisted by Austin Luke.,26,18,8,24,0.9128399377100253,0.7456476690981835,Belmont,Jacksonville State,3,4,9.3,400917802,2017-01-19
96,1,4:29,1469,1469,Foul on Dylan Windler.,26,18,8,4,0.9131657360367019,0.7479264306801865,Belmont,Jacksonville State,3,4,9.3,400917802,2017-01-19
97,1,4:25,1465,1465,Erik Durham missed Jumper.,26,18,8,0,0.9132252325136476,0.7483167647133098,Belmont,Jacksonville State,3,4,9.3,400917802,2017-01-19
98,1,4:25,1465,1465,Amanze Egekeze Defensive Rebound.,26,18,8,24,0.9132252325136476,0.7483167647133098,Belmont,Jacksonville State,3,4,9.3,400917802,2017-01-19
99,1,4:01,1441,1441,Foul on Jacara Cross.,26,18,8,0,0.9136086022220773,0.7507110095023142,Belmont,Jacksonville State,3,4,9.3,400917802,2017-01-19
100,1,4:01,1441,1441,Amanze Egekeze made Free Throw.,27,18,9,0,0.9238830934755397,0.7756003803370732,Belmont,Jacksonville State,3,4,9.3,400917802,2017-01-19
101,1,4:01,1441,1441,Amanze Egekeze made Free Throw.,28,18,10,16,0.9330252219441422,0.7986711957490853,Belmont,Jacksonville State,3,4,9.3,400917802,2017-01-19
102,1,3:45,1425,1425,Jacara Cross made Jumper.,28,20,8,15,0.9138444618089241,0.7522663835804192,Belmont,Jacksonville State,3,4,9.3,400917802,2017-01-19
103,1,3:30,1410,1410,Foul on Amanze Egekeze.,28,20,8,0,0.9140439542857789,0.7536809111056477,Belmont,Jacksonville State,3,4,9.3,400917802,2017-01-19
104,1,3:30,1410,1410,Amanze Egekeze Turnover.,28,20,8,0,0.9140439542857789,0.7536809111056477,Belmont,Jacksonville State,3,4,9.3,400917802,2017-01-19
105,1,3:30,1410,1410,Official TV Timeout,28,20,8,6,0.9140439542857789,0.7536809111056477,Belmont,Jacksonville State,3,4,9.3,400917802,2017-01-19
106,1,3:24,1404,1404,Malcolm Drumwright made Jumper.,28,22,6,0,0.8894035386403559,0.6986769004505433,Belmont,Jacksonville State,3,4,9.3,400917802,2017-01-19
107,1,3:24,1404,1404,Foul on Taylor Barnette.,28,22,6,0,0.8894035386403559,0.6986769004505433,Belmont,Jacksonville State,3,4,9.3,400917802,2017-01-19
108,1,3:24,1404,1404,Malcolm Drumwright missed Free Throw.,28,22,6,0,0.8894035386403559,0.6986769004505433,Belmont,Jacksonville State,3,4,9.3,400917802,2017-01-19
109,1,3:24,1404,1404,Evan Bradds Defensive Rebound.,28,22,6,18,0.8894035386403559,0.6986769004505433,Belmont,Jacksonville State,3,4,9.3,400917802,2017-01-19
110,1,3:06,1386,1386,Michael Benkert made Three Point Jumper. Assisted by Evan Bradds.,31,22,9,22,0.9247696919679669,0.7810019010857296,Belmont,Jacksonville State,3,4,9.3,400917802,2017-01-19
111,1,2:44,1364,1364,Greg Tucker missed Layup.,31,22,9,0,0.9250799656608184,0.7830669116565867,Belmont,Jacksonville State,3,4,9.3,400917802,2017-01-19
112,1,2:44,1364,1364,Evan Bradds Defensive Rebound.,31,22,9,12,0.9250799656608184,0.7830669116565867,Belmont,Jacksonville State,3,4,9.3,400917802,2017-01-19
113,1,2:32,1352,1352,Kevin McClain missed Layup.,31,22,9,0,0.9252468632517438,0.7841888581804812,Belmont,Jacksonville State,3,4,9.3,400917802,2017-01-19
114,1,2:32,1352,1352,Norbertas Giga Block.,31,22,9,0,0.9252468632517438,0.7841888581804812,Belmont,Jacksonville State,3,4,9.3,400917802,2017-01-19
115,1,2:32,1352,1352,Jacksonville St Defensive Rebound.,31,22,9,16,0.9252468632517438,0.7841888581804812,Belmont,Jacksonville State,3,4,9.3,400917802,2017-01-19
116,1,2:16,1336,1336,Tyrik Edwards Turnover.,31,22,9,1,0.9254718715748992,0.7856910354913657,Belmont,Jacksonville State,3,4,9.3,400917802,2017-01-19
117,1,2:15,1335,1335,Kevin McClain Steal.,31,22,9,16,0.9254861388123051,0.7857853991328723,Belmont,Jacksonville State,3,4,9.3,400917802,2017-01-19
118,1,1:59,1319,1319,Evan Bradds Turnover.,31,22,9,12,0.9257196718618407,0.7873071709991522,Belmont,Jacksonville State,3,4,9.3,400917802,2017-01-19
119,1,1:47,1307,1307,Erik Durham missed Three Point Jumper.,31,22,9,0,0.9259034572111725,0.788467874881708,Belmont,Jacksonville State,3,4,9.3,400917802,2017-01-19
120,1,1:47,1307,1307,Burton Sampson Block.,31,22,9,3,0.9259034572111725,0.788467874881708,Belmont,Jacksonville State,3,4,9.3,400917802,2017-01-19
121,1,1:44,1304,1304,Evan Bradds Defensive Rebound.,31,22,9,11,0.925950864619904,0.7887612978734528,Belmont,Jacksonville State,3,4,9.3,400917802,2017-01-19
122,1,1:33,1293,1293,Evan Bradds made Layup.,33,22,11,1,0.9439031103087011,0.834553572142851,Belmont,Jacksonville State,3,4,9.3,400917802,2017-01-19
123,1,1:32,1292,1292,Jacksonville St  Timeout,33,22,11,19,0.943923231083098,0.8346553116116705,Belmont,Jacksonville State,3,3,9.3,400917802,2017-01-19
124,1,1:13,1273,1273,Greg Tucker made Layup. Assisted by Christian Cunningham.,33,24,9,29,0.9264853931488413,0.79189151124022,Belmont,Jacksonville State,3,3,9.3,400917802,2017-01-19
125,1,0:44,1244,1244,Evan Bradds missed Layup.,33,24,9,0,0.9270822289241785,0.7950302494245217,Belmont,Jacksonville State,3,3,9.3,400917802,2017-01-19
126,1,0:44,1244,1244,Tyrik Edwards Defensive Rebound.,33,24,9,8,0.9270822289241785,0.7950302494245217,Belmont,Jacksonville State,3,3,9.3,400917802,2017-01-19
127,1,0:36,1236,1236,Tyrik Edwards missed Layup.,33,24,9,0,0.9272674727140986,0.7959404923893517,Belmont,Jacksonville State,3,3,9.3,400917802,2017-01-19
128,1,0:36,1236,1236,Michael Benkert Block.,33,24,9,2,0.9272674727140986,0.7959404923893517,Belmont,Jacksonville State,3,3,9.3,400917802,2017-01-19
129,1,0:34,1234,1234,Michael Benkert Defensive Rebound.,33,24,9,2,0.9273153310652428,0.7961713717585193,Belmont,Jacksonville State,3,3,9.3,400917802,2017-01-19
130,1,0:32,1232,1232,Evan Bradds made Layup. Assisted by Michael Benkert.,35,24,11,24,0.9453179905111742,0.8411848226536195,Belmont,Jacksonville State,3,3,9.3,400917802,2017-01-19
131,1,0:08,1208,1208,Malcolm Drumwright made Layup. Assisted by Norbertas Giga.,35,26,9,0,0.9279982662089142,0.7993024266644136,Belmont,Jacksonville State,3,3,9.3,400917802,2017-01-19
132,1,0:08,1208,1208,Foul on Michael Benkert.,35,26,9,0,0.9279982662089142,0.7993024266644136,Belmont,Jacksonville State,3,3,9.3,400917802,2017-01-19
133,1,0:08,1208,1208,Malcolm Drumwright made Free Throw.,35,27,8,8,0.9170398649282536,0.7735368906533824,Belmont,Jacksonville State,3,3,9.3,400917802,2017-01-19
134,1,0:00,1200,1200,Austin Luke missed Three Point Jumper.,35,27,8,0,0.9172395346674042,0.774489981219977,Belmont,Jacksonville State,3,3,9.3,400917802,2017-01-19
135,1,0:00,1200,1200,Belmont Deadball Team Rebound.,35,27,8,0,0.9172395346674042,0.774489981219977,Belmont,Jacksonville State,3,3,9.3,400917802,2017-01-19
136,1,0:00,1200,1200,End of 1st half,35,27,8,0,0.9172395346674042,0.774489981219977,Belmont,Jacksonville State,3,3,9.3,400917802,2017-01-19
137,2,20:00,1200,1200,PLAY,35,27,8,12,0.9172395346674042,0.774489981219977,Belmont,Jacksonville State,4,4,9.3,400917802,2017-01-19
138,2,19:48,1188,1188,Foul on Norbertas Giga.,35,27,8,0,0.9175279348357235,0.7758868527602899,Belmont,Jacksonville State,4,4,9.3,400917802,2017-01-19
139,2,19:48,1188,1188,Norbertas Giga Turnover.,35,27,8,10,0.9175279348357235,0.7758868527602899,Belmont,Jacksonville State,4,4,9.3,400917802,2017-01-19
140,2,19:38,1178,1178,Amanze Egekeze made Three Point Jumper. Assisted by Evan Bradds.,38,27,11,21,0.9468713363602055,0.8476865311624507,Belmont,Jacksonville State,4,4,9.3,400917802,2017-01-19
141,2,19:17,1157,1157,Erik Durham made Jumper. Assisted by Malcolm Drumwright.,38,29,9,12,0.9293179844127442,0.8052875695307207,Belmont,Jacksonville State,4,4,9.3,400917802,2017-01-19
142,2,19:05,1145,1145,Evan Bradds made Jumper.,40,29,11,22,0.9477518232056085,0.8514037581887994,Belmont,Jacksonville State,4,4,9.3,400917802,2017-01-19
143,2,18:43,1123,1123,Greg Tucker missed Layup.,40,29,11,0,0.9483238010776268,0.8538170550888519,Belmont,Jacksonville State,4,4,9.3,400917802,2017-01-19
144,2,18:43,1123,1123,Dylan Windler Block.,40,29,11,2,0.9483238010776268,0.8538170550888519,Belmont,Jacksonville State,4,4,9.3,400917802,2017-01-19
145,2,18:41,1121,1121,Christian Cunningham Offensive Rebound.,40,29,11,9,0.9483758291675197,0.8540356228296164,Belmont,Jacksonville State,4,4,9.3,400917802,2017-01-19
146,2,18:32,1112,1112,Norbertas Giga made Jumper. Assisted by Christian Cunningham.,40,31,9,0,0.9304050792181789,0.8102882174250059,Belmont,Jacksonville State,4,4,9.3,400917802,2017-01-19
147,2,18:32,1112,1112,Foul on Dylan Windler.,40,31,9,0,0.9304050792181789,0.8102882174250059,Belmont,Jacksonville State,4,4,9.3,400917802,2017-01-19
148,2,18:32,1112,1112,Norbertas Giga made Free Throw.,40,32,8,23,0.9192060354636088,0.784242564794424,Belmont,Jacksonville State,4,4,9.3,400917802,2017-01-19
149,2,18:09,1089,1089,Austin Luke Turnover.,40,32,8,1,0.9197248409867751,0.786763251673477,Belmont,Jacksonville State,4,4,9.3,400917802,2017-01-19
150,2,18:08,1088,1088,Christian Cunningham Steal.,40,32,8,14,0.9197480809881423,0.7868742134320473,Belmont,Jacksonville State,4,4,9.3,400917802,2017-01-19
151,2,17:54,1074,1074,Norbertas Giga missed Jumper.,40,32,8,0,0.9200812495379502,0.7884442506151655,Belmont,Jacksonville State,4,4,9.3,400917802,2017-01-19
152,2,17:54,1074,1074,Evan Bradds Defensive Rebound.,40,32,8,10,0.9200812495379502,0.7884442506151655,Belmont,Jacksonville State,4,4,9.3,400917802,2017-01-19
153,2,17:44,1064,1064,Amanze Egekeze missed Layup.,40,32,8,0,0.9203295066267757,0.7895880433870099,Belmont,Jacksonville State,4,4,9.3,400917802,2017-01-19
154,2,17:44,1064,1064,Norbertas Giga Block.,40,32,8,2,0.9203295066267757,0.7895880433870099,Belmont,Jacksonville State,4,4,9.3,400917802,2017-01-19
155,2,17:42,1062,1062,Christian Cunningham Defensive Rebound.,40,32,8,12,0.9203803256829639,0.7898193846756835,Belmont,Jacksonville State,4,4,9.3,400917802,2017-01-19
156,2,17:30,1050,1050,Norbertas Giga missed Jumper.,40,32,8,0,0.9206943035852279,0.7912277251091445,Belmont,Jacksonville State,4,4,9.3,400917802,2017-01-19
157,2,17:30,1050,1050,Amanze Egekeze Defensive Rebound.,40,32,8,12,0.9206943035852279,0.7912277251091445,Belmont,Jacksonville State,4,4,9.3,400917802,2017-01-19
158,2,17:18,1038,1038,Evan Bradds Turnover.,40,32,8,6,0.9210254482705901,0.792674887379898,Belmont,Jacksonville State,4,4,9.3,400917802,2017-01-19
159,2,17:12,1032,1032,Foul on Erik Durham.,40,32,8,0,0.9211981533004819,0.7934147415027376,Belmont,Jacksonville State,4,4,9.3,400917802,2017-01-19
160,2,17:12,1032,1032,Erik Durham Turnover.,40,32,8,9,0.9211981533004819,0.7934147415027376,Belmont,Jacksonville State,4,4,9.3,400917802,2017-01-19
161,2,17:03,1023,1023,Amanze Egekeze missed Three Point Jumper.,40,32,8,0,0.9214668943077493,0.7945467487536964,Belmont,Jacksonville State,4,4,9.3,400917802,2017-01-19
162,2,17:03,1023,1023,Christian Cunningham Defensive Rebound.,40,32,8,15,0.9214668943077493,0.7945467487536964,Belmont,Jacksonville State,4,4,9.3,400917802,2017-01-19
163,2,16:48,1008,1008,Foul on Nick Smith.,40,32,8,0,0.921942842430422,0.7964981309075969,Belmont,Jacksonville State,4,4,9.3,400917802,2017-01-19
164,2,16:48,1008,1008,Christian Cunningham made Free Throw.,40,33,7,0,0.9087505095961569,0.767452287789954,Belmont,Jacksonville State,4,4,9.3,400917802,2017-01-19
165,2,16:48,1008,1008,Christian Cunningham missed Free Throw.,40,33,7,0,0.9087505095961569,0.767452287789954,Belmont,Jacksonville State,4,4,9.3,400917802,2017-01-19
166,2,16:48,1008,1008,Amanze Egekeze Defensive Rebound.,40,33,7,0,0.9087505095961569,0.767452287789954,Belmont,Jacksonville State,4,4,9.3,400917802,2017-01-19
167,2,16:48,1008,1008,Foul on Greg Tucker.,40,33,7,14,0.9087505095961569,0.767452287789954,Belmont,Jacksonville State,4,4,9.3,400917802,2017-01-19
168,2,16:34,994,994,Amanze Egekeze made Three Point Jumper. Assisted by Austin Luke.,43,33,10,17,0.9437362798982758,0.8481809385638015,Belmont,Jacksonville State,4,4,9.3,400917802,2017-01-19
169,2,16:17,977,977,Foul on Jacara Cross.,43,33,10,0,0.9444036432087112,0.8506010911587153,Belmont,Jacksonville State,4,4,9.3,400917802,2017-01-19
170,2,16:17,977,977,Jacara Cross Turnover.,43,33,10,17,0.9444036432087112,0.8506010911587153,Belmont,Jacksonville State,4,4,9.3,400917802,2017-01-19
171,2,16:00,960,960,Amanze Egekeze made Jumper.,45,33,12,20,0.9607417092194969,0.8919419077321393,Belmont,Jacksonville State,4,4,9.3,400917802,2017-01-19
172,2,15:40,940,940,Erik Durham missed Jumper.,45,33,12,0,0.9614278382356934,0.8943628102739959,Belmont,Jacksonville State,4,4,9.3,400917802,2017-01-19
173,2,15:40,940,940,Belmont Defensive Rebound.,45,33,12,1,0.9614278382356934,0.8943628102739959,Belmont,Jacksonville State,4,4,9.3,400917802,2017-01-19
174,2,15:39,939,939,Official TV Timeout,45,33,12,19,0.9614598360260671,0.8944764695917055,Belmont,Jacksonville State,4,4,9.3,400917802,2017-01-19
175,2,15:20,920,920,Nick Smith made Layup. Assisted by Burton Sampson.,47,33,14,22,0.9732018282041679,0.9254712129810372,Belmont,Jacksonville State,4,4,9.3,400917802,2017-01-19
176,2,14:58,898,898,Foul on Burton Sampson.,47,33,14,0,0.9737381865056993,0.9273643798896074,Belmont,Jacksonville State,4,4,9.3,400917802,2017-01-19
177,2,14:58,898,898,Tyrik Edwards missed Free Throw.,47,33,14,0,0.9737381865056993,0.9273643798896074,Belmont,Jacksonville State,4,4,9.3,400917802,2017-01-19
178,2,14:58,898,898,Jacksonville St Deadball Team Rebound.,47,33,14,0,0.9737381865056993,0.9273643798896074,Belmont,Jacksonville State,4,4,9.3,400917802,2017-01-19
179,2,14:58,898,898,Tyrik Edwards missed Free Throw.,47,33,14,0,0.9737381865056993,0.9273643798896074,Belmont,Jacksonville State,4,4,9.3,400917802,2017-01-19
180,2,14:58,898,898,Greg Tucker Offensive Rebound.,47,33,14,0,0.9737381865056993,0.9273643798896074,Belmont,Jacksonville State,4,4,9.3,400917802,2017-01-19
181,2,14:58,898,898,Foul on Nick Smith.,47,33,14,12,0.9737381865056993,0.9273643798896074,Belmont,Jacksonville State,4,4,9.3,400917802,2017-01-19
182,2,14:46,886,886,Greg Tucker missed Jumper.,47,33,14,0,0.9740174587138344,0.92834914935238,Belmont,Jacksonville State,4,4,9.3,400917802,2017-01-19
183,2,14:46,886,886,Evan Bradds Defensive Rebound.,47,33,14,16,0.9740174587138344,0.92834914935238,Belmont,Jacksonville State,4,4,9.3,400917802,2017-01-19
184,2,14:30,870,870,Evan Bradds Turnover.,47,33,14,6,0.9743849658859431,0.9296390595220598,Belmont,Jacksonville State,4,4,9.3,400917802,2017-01-19
185,2,14:24,864,864,Tyrik Edwards missed Layup.,47,33,14,0,0.9745232080863854,0.9301215300261387,Belmont,Jacksonville State,4,4,9.3,400917802,2017-01-19
186,2,14:24,864,864,Christian Cunningham Offensive Rebound.,47,33,14,2,0.9745232080863854,0.9301215300261387,Belmont,Jacksonville State,4,4,9.3,400917802,2017-01-19
187,2,14:22,862,862,Christian Cunningham missed Layup.,47,33,14,0,0.9745694945513963,0.9302826607993844,Belmont,Jacksonville State,4,4,9.3,400917802,2017-01-19
188,2,14:22,862,862,Nick Smith Defensive Rebound.,47,33,14,6,0.9745694945513963,0.9302826607993844,Belmont,Jacksonville State,4,4,9.3,400917802,2017-01-19
189,2,14:16,856,856,Kevin McClain missed Layup.,47,33,14,0,0.9747092332756953,0.9307677508500566,Belmont,Jacksonville State,4,4,9.3,400917802,2017-01-19
190,2,14:16,856,856,Norbertas Giga Block.,47,33,14,2,0.9747092332756953,0.9307677508500566,Belmont,Jacksonville State,4,4,9.3,400917802,2017-01-19
191,2,14:14,854,854,Evan Bradds Offensive Rebound.,47,33,14,1,0.9747561674273828,0.9309301948411516,Belmont,Jacksonville State,4,4,9.3,400917802,2017-01-19
192,2,14:13,853,853,Evan Bradds made Layup.,49,33,16,7,0.9824729017695841,0.9513900111487943,Belmont,Jacksonville State,4,4,9.3,400917802,2017-01-19
193,2,14:06,846,846,Jacksonville St  Timeout,49,33,16,17,0.9826113780262538,0.9518616171074764,Belmont,Jacksonville State,4,3,9.3,400917802,2017-01-19
194,2,13:49,829,829,Norbertas Giga made Jumper.,49,35,14,13,0.9753660606642116,0.9330164781363686,Belmont,Jacksonville State,4,3,9.3,400917802,2017-01-19
195,2,13:36,816,816,Michael Benkert missed Three Point Jumper.,49,35,14,0,0.9757071496486573,0.9341623275143248,Belmont,Jacksonville State,4,3,9.3,400917802,2017-01-19
196,2,13:36,816,816,Michael Benkert Offensive Rebound.,49,35,14,10,0.9757071496486573,0.9341623275143248,Belmont,Jacksonville State,4,3,9.3,400917802,2017-01-19
197,2,13:26,806,806,Kevin McClain missed Three Point Jumper.,49,35,14,0,0.9759843131758913,0.9350825927824645,Belmont,Jacksonville State,4,3,9.3,400917802,2017-01-19
198,2,13:26,806,806,Erik Durham Defensive Rebound.,49,35,14,11,0.9759843131758913,0.9350825927824645,Belmont,Jacksonville State,4,3,9.3,400917802,2017-01-19
199,2,13:15,795,795,Foul on Michael Benkert.,49,35,14,0,0.9763064047000805,0.9361405695181604,Belmont,Jacksonville State,4,3,9.3,400917802,2017-01-19
200,2,13:15,795,795,Greg Tucker missed Free Throw.,49,35,14,0,0.9763064047000805,0.9361405695181604,Belmont,Jacksonville State,4,3,9.3,400917802,2017-01-19
201,2,13:15,795,795,Jacksonville St Deadball Team Rebound.,49,35,14,0,0.9763064047000805,0.9361405695181604,Belmont,Jacksonville State,4,3,9.3,400917802,2017-01-19
202,2,13:15,795,795,Greg Tucker made Free Throw.,49,36,13,23,0.9714402166561128,0.9236700727006439,Belmont,Jacksonville State,4,3,9.3,400917802,2017-01-19
203,2,12:52,772,772,Evan Bradds missed Jumper.,49,36,13,0,0.9722506333219246,0.9262945417070046,Belmont,Jacksonville State,4,3,9.3,400917802,2017-01-19
204,2,12:52,772,772,Norbertas Giga Defensive Rebound.,49,36,13,21,0.9722506333219246,0.9262945417070046,Belmont,Jacksonville State,4,3,9.3,400917802,2017-01-19
205,2,12:31,751,751,Greg Tucker missed Three Point Jumper.,49,36,13,0,0.9730942679407804,0.9289677847329588,Belmont,Jacksonville State,4,3,9.3,400917802,2017-01-19
206,2,12:31,751,751,Dylan Windler Defensive Rebound.,49,36,13,6,0.9730942679407804,0.9289677847329588,Belmont,Jacksonville State,4,3,9.3,400917802,2017-01-19
207,2,12:25,745,745,Foul on Greg Tucker.,49,36,13,0,0.9733552480219035,0.9297847391436704,Belmont,Jacksonville State,4,3,9.3,400917802,2017-01-19
208,2,12:25,745,745,Taylor Barnette made Free Throw.,50,36,14,0,0.97805183264809,0.9417013652345236,Belmont,Jacksonville State,4,3,9.3,400917802,2017-01-19
209,2,12:25,745,745,Taylor Barnette made Free Throw.,51,36,15,17,0.9819359291641749,0.9517006130694022,Belmont,Jacksonville State,4,3,9.3,400917802,2017-01-19
210,2,12:08,728,728,Malcolm Drumwright missed Three Point Jumper.,51,36,15,0,0.9825758160188816,0.9536804365049056,Belmont,Jacksonville State,4,3,9.3,400917802,2017-01-19
211,2,12:08,728,728,Dylan Windler Defensive Rebound.,51,36,15,23,0.9825758160188816,0.9536804365049056,Belmont,Jacksonville State,4,3,9.3,400917802,2017-01-19
212,2,11:45,705,705,Amanze Egekeze made Three Point Jumper. Assisted by Austin Luke.,54,36,18,16,0.99094356770095,0.9758102282454334,Belmont,Jacksonville State,4,3,9.3,400917802,2017-01-19
213,2,11:29,689,689,Norbertas Giga Turnover.,54,36,18,1,0.9912543900122068,0.9767765929114873,Belmont,Jacksonville State,4,3,9.3,400917802,2017-01-19
214,2,11:28,688,688,Amanze Egekeze Steal.,54,36,18,2,0.9912726395256128,0.9768334845471094,Belmont,Jacksonville State,4,3,9.3,400917802,2017-01-19
215,2,11:26,686,686,Amanze Egekeze Turnover.,54,36,18,0,0.9913087978989773,0.9769462432162052,Belmont,Jacksonville State,4,3,9.3,400917802,2017-01-19
216,2,11:26,686,686,Official TV Timeout,54,36,18,10,0.9913087978989773,0.9769462432162052,Belmont,Jacksonville State,4,3,9.3,400917802,2017-01-19
217,2,11:16,676,676,Deshawn Jones made Layup.,54,38,16,16,0.987108485502941,0.9661740878458152,Belmont,Jacksonville State,4,3,9.3,400917802,2017-01-19
218,2,11:00,660,660,Amanze Egekeze made Three Point Jumper. Assisted by Austin Luke.,57,38,19,28,0.9933132818401774,0.9823853253158387,Belmont,Jacksonville State,4,3,9.3,400917802,2017-01-19
219,2,10:32,632,632,Christian Cunningham missed Jumper.,57,38,19,0,0.9937118031245563,0.9836099712533668,Belmont,Jacksonville State,4,3,9.3,400917802,2017-01-19
220,2,10:32,632,632,Evan Bradds Defensive Rebound.,57,38,19,13,0.9937118031245563,0.9836099712533668,Belmont,Jacksonville State,4,3,9.3,400917802,2017-01-19
221,2,10:19,619,619,Taylor Barnette missed Three Point Jumper.,57,38,19,0,0.9939062148779122,0.9841977911168581,Belmont,Jacksonville State,4,3,9.3,400917802,2017-01-19
222,2,10:19,619,619,Erik Durham Defensive Rebound.,57,38,19,7,0.9939062148779122,0.9841977911168581,Belmont,Jacksonville State,4,3,9.3,400917802,2017-01-19
223,2,10:12,612,612,Erik Durham Turnover.,57,38,19,10,0.9940155702195742,0.9845251749293384,Belmont,Jacksonville State,4,3,9.3,400917802,2017-01-19
224,2,10:02,602,602,Evan Bradds made Layup.,59,38,21,20,0.9962452341406599,0.990299102452982,Belmont,Jacksonville State,4,3,9.3,400917802,2017-01-19
225,2,9:42,582,582,Foul on Amanze Egekeze.,59,38,21,0,0.996502153966885,0.9910431015426692,Belmont,Jacksonville State,4,3,9.3,400917802,2017-01-19
226,2,9:42,582,582,Norbertas Giga made Free Throw.,59,39,20,0,0.9956273020647244,0.9888181981644193,Belmont,Jacksonville State,4,3,9.3,400917802,2017-01-19
227,2,9:42,582,582,Norbertas Giga missed Free Throw.,59,39,20,0,0.9956273020647244,0.9888181981644193,Belmont,Jacksonville State,4,3,9.3,400917802,2017-01-19
228,2,9:42,582,582,Evan Bradds Defensive Rebound.,59,39,20,25,0.9956273020647244,0.9888181981644193,Belmont,Jacksonville State,4,3,9.3,400917802,2017-01-19
229,2,9:17,557,557,Austin Luke missed Three Point Jumper.,59,39,20,0,0.9960572178032795,0.9900385070522468,Belmont,Jacksonville State,4,3,9.3,400917802,2017-01-19
230,2,9:17,557,557,Andre Statam Defensive Rebound.,59,39,20,10,0.9960572178032795,0.9900385070522468,Belmont,Jacksonville State,4,3,9.3,400917802,2017-01-19
231,2,9:07,547,547,Malcolm Drumwright missed Jumper.,59,39,20,0,0.9962433956688339,0.9905581226171147,Belmont,Jacksonville State,4,3,9.3,400917802,2017-01-19
232,2,9:07,547,547,Evan Bradds Defensive Rebound.,59,39,20,10,0.9962433956688339,0.9905581226171147,Belmont,Jacksonville State,4,3,9.3,400917802,2017-01-19
233,2,8:57,537,537,Evan Bradds made Dunk. Assisted by Austin Luke.,61,39,22,21,0.9977530815785309,0.9943701894059632,Belmont,Jacksonville State,4,3,9.3,400917802,2017-01-19
234,2,8:36,516,516,Deshawn Jones missed Jumper.,61,39,22,0,0.9979458653125024,0.9949078342959422,Belmont,Jacksonville State,4,3,9.3,400917802,2017-01-19
235,2,8:36,516,516,Nick Smith Defensive Rebound.,61,39,22,3,0.9979458653125024,0.9949078342959422,Belmont,Jacksonville State,4,3,9.3,400917802,2017-01-19
236,2,8:33,513,513,Foul on Norbertas Giga.,61,39,22,12,0.9979699427060332,0.9949750947567648,Belmont,Jacksonville State,4,3,9.3,400917802,2017-01-19
237,2,8:21,501,501,Nick Smith missed Three Point Jumper.,61,39,22,0,0.9980619767865926,0.9952317600056133,Belmont,Jacksonville State,4,3,9.3,400917802,2017-01-19
238,2,8:21,501,501,Andre Statam Defensive Rebound.,61,39,22,12,0.9980619767865926,0.9952317600056133,Belmont,Jacksonville State,4,3,9.3,400917802,2017-01-19
239,2,8:09,489,489,Foul on Burton Sampson.,61,39,22,0,0.998151550693092,0.9954798801825003,Belmont,Jacksonville State,4,3,9.3,400917802,2017-01-19
240,2,8:09,489,489,Ashton Spears made Free Throw.,61,40,21,0,0.9976390913795175,0.9942310147598552,Belmont,Jacksonville State,4,3,9.3,400917802,2017-01-19
241,2,8:09,489,489,Ashton Spears missed Free Throw.,61,40,21,0,0.9976390913795175,0.9942310147598552,Belmont,Jacksonville State,4,3,9.3,400917802,2017-01-19
242,2,8:09,489,489,Andre Statam Offensive Rebound.,61,40,21,6,0.9976390913795175,0.9942310147598552,Belmont,Jacksonville State,4,3,9.3,400917802,2017-01-19
243,2,8:03,483,483,Derrick Green made Layup. Assisted by Malcolm Drumwright.,61,42,19,15,0.9962304814103335,0.9908368347290649,Belmont,Jacksonville State,4,3,9.3,400917802,2017-01-19
244,2,7:48,468,468,Kevin McClain made Three Point Jumper.,64,42,22,27,0.998316848618675,0.995929865189122,Belmont,Jacksonville State,4,3,9.3,400917802,2017-01-19
245,2,7:21,441,441,Derrick Green missed Layup.,64,42,22,0,0.9985690370811993,0.9965945675841833,Belmont,Jacksonville State,4,3,9.3,400917802,2017-01-19
246,2,7:21,441,441,Derrick Green Offensive Rebound.,64,42,22,2,0.9985690370811993,0.9965945675841833,Belmont,Jacksonville State,4,3,9.3,400917802,2017-01-19
247,2,7:19,439,439,Foul on Kevin McClain.,64,42,22,0,0.9985899212821127,0.9966485713621953,Belmont,Jacksonville State,4,3,9.3,400917802,2017-01-19
248,2,7:19,439,439,Official TV Timeout,64,42,22,0,0.9985899212821127,0.9966485713621953,Belmont,Jacksonville State,4,3,9.3,400917802,2017-01-19
249,2,7:19,439,439,Derrick Green made Free Throw.,64,43,21,0,0.998174063221649,0.9956626604312411,Belmont,Jacksonville State,4,3,9.3,400917802,2017-01-19
250,2,7:19,439,439,Derrick Green made Free Throw.,64,44,20,29,0.9976358513549948,0.9943883508832446,Belmont,Jacksonville State,4,3,9.3,400917802,2017-01-19
251,2,6:50,410,410,Amanze Egekeze missed Three Point Jumper.,64,44,20,0,0.9980774635232358,0.9955268152205508,Belmont,Jacksonville State,4,3,9.3,400917802,2017-01-19
252,2,6:50,410,410,Jacara Cross Defensive Rebound.,64,44,20,11,0.9980774635232358,0.9955268152205508,Belmont,Jacksonville State,4,3,9.3,400917802,2017-01-19
253,2,6:39,399,399,Ashton Spears missed Layup.,64,44,20,0,0.9982112858121762,0.9958722242724102,Belmont,Jacksonville State,4,3,9.3,400917802,2017-01-19
254,2,6:39,399,399,Dylan Windler Block.,64,44,20,1,0.9982112858121762,0.9958722242724102,Belmont,Jacksonville State,4,3,9.3,400917802,2017-01-19
255,2,6:38,398,398,Jacksonville St Offensive Rebound.,64,44,20,7,0.9982228314162819,0.9959019944414474,Belmont,Jacksonville State,4,3,9.3,400917802,2017-01-19
256,2,6:31,391,391,Ashton Spears missed Three Point Jumper.,64,44,20,0,0.9983015368492025,0.9961046209667296,Belmont,Jacksonville State,4,3,9.3,400917802,2017-01-19
257,2,6:31,391,391,Kevin McClain Block.,64,44,20,1,0.9983015368492025,0.9961046209667296,Belmont,Jacksonville State,4,3,9.3,400917802,2017-01-19
258,2,6:30,390,390,Ashton Spears Offensive Rebound.,64,44,20,2,0.9983125254122801,0.9961328539034177,Belmont,Jacksonville State,4,3,9.3,400917802,2017-01-19
259,2,6:28,388,388,Andre Statam made Layup. Assisted by Ashton Spears.,64,46,18,19,0.9970974833957165,0.9933694173179007,Belmont,Jacksonville State,4,3,9.3,400917802,2017-01-19
260,2,6:09,369,369,Foul on Jacara Cross.,64,46,18,0,0.9974110366529332,0.994175370775979,Belmont,Jacksonville State,4,3,9.3,400917802,2017-01-19
261,2,6:09,369,369,Evan Bradds made Free Throw.,65,46,19,0,0.9980528721715337,0.9956158413106231,Belmont,Jacksonville State,4,3,9.3,400917802,2017-01-19
262,2,6:09,369,369,Evan Bradds made Free Throw.,66,46,20,12,0.9985358224376008,0.9967012556807054,Belmont,Jacksonville State,4,3,9.3,400917802,2017-01-19
263,2,5:57,357,357,Derrick Green missed Three Point Jumper.,66,46,20,0,0.9986624594748127,0.9970172107423625,Belmont,Jacksonville State,4,3,9.3,400917802,2017-01-19
264,2,5:57,357,357,Evan Bradds Defensive Rebound.,66,46,20,15,0.9986624594748127,0.9970172107423625,Belmont,Jacksonville State,4,3,9.3,400917802,2017-01-19
265,2,5:42,342,342,Amanze Egekeze missed Three Point Jumper.,66,46,20,0,0.9988245444712284,0.9974132048065986,Belmont,Jacksonville State,4,3,9.3,400917802,2017-01-19
266,2,5:42,342,342,Jacksonville St Defensive Rebound.,66,46,20,19,0.9988245444712284,0.9974132048065986,Belmont,Jacksonville State,4,3,9.3,400917802,2017-01-19
267,2,5:23,323,323,Malcolm Drumwright missed Three Point Jumper.,66,46,20,0,0.9990369444859738,0.9979175209087088,Belmont,Jacksonville State,4,3,9.3,400917802,2017-01-19
268,2,5:23,323,323,Amanze Egekeze Defensive Rebound.,66,46,20,3,0.9990369444859738,0.9979175209087088,Belmont,Jacksonville State,4,3,9.3,400917802,2017-01-19
269,2,5:20,320,320,Foul on Jacara Cross.,66,46,20,1,0.999070937539284,0.9979967437504638,Belmont,Jacksonville State,4,3,9.3,400917802,2017-01-19
270,2,5:19,319,319,Amanze Egekeze made Free Throw.,67,46,21,0,0.999327548799214,0.9985510251998353,Belmont,Jacksonville State,4,3,9.3,400917802,2017-01-19
271,2,5:19,319,319,Amanze Egekeze made Free Throw.,68,46,22,13,0.9995073014403715,0.9989381294671313,Belmont,Jacksonville State,4,3,9.3,400917802,2017-01-19
272,2,5:06,306,306,Foul on Evan Bradds.,68,46,22,0,0.9995901752613565,0.9991278652166667,Belmont,Jacksonville State,4,3,9.3,400917802,2017-01-19
273,2,5:06,306,306,Andre Statam made Free Throw.,68,47,21,0,0.999435611482917,0.9987991524980021,Belmont,Jacksonville State,4,3,9.3,400917802,2017-01-19
274,2,5:06,306,306,Andre Statam made Free Throw.,68,48,20,0,0.9992227999110628,0.9983467510323693,Belmont,Jacksonville State,4,3,9.3,400917802,2017-01-19
275,2,5:06,306,306,Evan Bradds made Layup. Assisted by Amanze Egekeze.,70,48,22,0,0.9995901752613565,0.9991278652166667,Belmont,Jacksonville State,4,3,9.3,400917802,2017-01-19
276,2,5:06,306,306,Ashton Spears made Three Point Jumper.,70,51,19,7,0.9989298303102754,0.9977243023580923,Belmont,Jacksonville State,4,3,9.3,400917802,2017-01-19
277,2,4:59,299,299,Evan Bradds made Layup.,72,51,21,25,0.9994672880637874,0.9988742537402975,Belmont,Jacksonville State,4,3,9.3,400917802,2017-01-19
278,2,4:34,274,274,Andre Statam missed Jumper.,72,51,21,0,0.9994504608899932,0.9988665775217644,Belmont,Jacksonville State,4,3,9.3,400917802,2017-01-19
279,2,4:34,274,274,Amanze Egekeze Defensive Rebound.,72,51,21,15,0.9994504608899932,0.9988665775217644,Belmont,Jacksonville State,4,3,9.3,400917802,2017-01-19
280,2,4:19,259,259,Foul on Andre Statam.,72,51,21,52,0.9993887170377941,0.9987577995242993,Belmont,Jacksonville State,4,3,9.3,400917802,2017-01-19
281,2,3:27,207,207,Amanze Egekeze made Free Throw.,73,51,22,0,0.9996196308585795,0.9992692549231,Belmont,Jacksonville State,4,3,9.3,400917802,2017-01-19
282,2,3:27,207,207,Amanze Egekeze made Free Throw.,74,51,23,15,0.9997260256954527,0.9994736034472324,Belmont,Jacksonville State,4,3,9.3,400917802,2017-01-19
283,2,3:12,192,192,Ashton Spears made Three Point Jumper. Assisted by Deshawn Jones.,74,54,20,22,0.9995241002561052,0.9991028140375843,Belmont,Jacksonville State,4,3,9.3,400917802,2017-01-19
284,2,2:50,170,170,Tyler Hadden missed Jumper.,74,54,20,0,0.9998066382263846,0.9996459498955707,Belmont,Jacksonville State,4,3,9.3,400917802,2017-01-19
285,2,2:50,170,170,Tyler Hadden Offensive Rebound.,74,54,20,2,0.9998066382263846,0.9996459498955707,Belmont,Jacksonville State,4,3,9.3,400917802,2017-01-19
286,2,2:48,168,168,Foul on Norbertas Giga.,74,54,20,0,0.9998225081792297,0.9996758925219968,Belmont,Jacksonville State,4,3,9.3,400917802,2017-01-19
287,2,2:48,168,168,Tyler Hadden missed Free Throw.,74,54,20,0,0.9998225081792297,0.9996758925219968,Belmont,Jacksonville State,4,3,9.3,400917802,2017-01-19
288,2,2:48,168,168,Belmont Deadball Team Rebound.,74,54,20,0,0.9998225081792297,0.9996758925219968,Belmont,Jacksonville State,4,3,9.3,400917802,2017-01-19
289,2,2:48,168,168,Tyler Hadden missed Free Throw.,74,54,20,0,0.9998225081792297,0.9996758925219968,Belmont,Jacksonville State,4,3,9.3,400917802,2017-01-19
290,2,2:48,168,168,Andre Statam Defensive Rebound.,74,54,20,9,0.9998225081792297,0.9996758925219968,Belmont,Jacksonville State,4,3,9.3,400917802,2017-01-19
291,2,2:39,159,159,Andre Statam missed Three Point Jumper.,74,54,20,0,0.9998807946141834,0.9997850121784614,Belmont,Jacksonville State,4,3,9.3,400917802,2017-01-19
292,2,2:39,159,159,Tyler Hadden Defensive Rebound.,74,54,20,25,0.9998807946141834,0.9997850121784614,Belmont,Jacksonville State,4,3,9.3,400917802,2017-01-19
293,2,2:14,134,134,Dylan Windler missed Jumper.,74,54,20,0,0.9999663810435816,0.9999415081414241,Belmont,Jacksonville State,4,3,9.3,400917802,2017-01-19
294,2,2:14,134,134,Ashton Spears Defensive Rebound.,74,54,20,13,0.9999663810435816,0.9999415081414241,Belmont,Jacksonville State,4,3,9.3,400917802,2017-01-19
295,2,2:01,121,121,Ashton Spears missed Layup.,74,54,20,0,0.9999847394418258,0.9999739648019276,Belmont,Jacksonville State,4,3,9.3,400917802,2017-01-19
296,2,2:01,121,121,Dylan Windler Block.,74,54,20,1,0.9999847394418258,0.9999739648019276,Belmont,Jacksonville State,4,3,9.3,400917802,2017-01-19
297,2,2:00,120,120,Dylan Windler Defensive Rebound.,74,54,20,11,0.9999857054658795,0.9999756503610059,Belmont,Jacksonville State,4,3,9.3,400917802,2017-01-19
298,2,1:49,109,109,Kevin McClain missed Three Point Jumper.,74,54,20,0,0.99999337198412,0.9999889022660445,Belmont,Jacksonville State,4,3,9.3,400917802,2017-01-19
299,2,1:49,109,109,Derrick Green Defensive Rebound.,74,54,20,8,0.99999337198412,0.9999889022660445,Belmont,Jacksonville State,4,3,9.3,400917802,2017-01-19
300,2,1:41,101,101,Norbertas Giga made Layup. Assisted by Derrick Green.,74,56,18,18,0.9999881204900332,0.9999803635167573,Belmont,Jacksonville State,4,3,9.3,400917802,2017-01-19
301,2,1:23,83,83,Foul on Andre Statam.,74,56,18,0,0.9999970782766037,0.999995312638957,Belmont,Jacksonville State,4,3,9.3,400917802,2017-01-19
302,2,1:23,83,83,Michael Benkert missed Free Throw.,74,56,18,0,0.9999970782766037,0.999995312638957,Belmont,Jacksonville State,4,3,9.3,400917802,2017-01-19
303,2,1:23,83,83,Belmont Deadball Team Rebound.,74,56,18,0,0.9999970782766037,0.999995312638957,Belmont,Jacksonville State,4,3,9.3,400917802,2017-01-19
304,2,1:23,83,83,Michael Benkert made Free Throw.,75,56,19,17,0.9999985223203055,0.9999976293360668,Belmont,Jacksonville State,4,3,9.3,400917802,2017-01-19
305,2,1:06,66,66,Ashton Spears made Three Point Jumper. Assisted by Derrick Green.,75,59,16,19,0.9999969069775746,0.9999951813494788,Belmont,Jacksonville State,4,3,9.3,400917802,2017-01-19
306,2,0:47,47,47,Josh Lester missed Layup.,75,59,16,0,0.9999993891605218,0.9999990803265255,Belmont,Jacksonville State,4,3,9.3,400917802,2017-01-19
307,2,0:47,47,47,Josh Lester Offensive Rebound.,75,59,16,6,0.9999993891605218,0.9999990803265255,Belmont,Jacksonville State,4,3,9.3,400917802,2017-01-19
308,2,0:41,41,41,Michael Benkert missed Three Point Jumper.,75,59,16,0,0.9999996480457248,0.9999994759564977,Belmont,Jacksonville State,4,3,9.3,400917802,2017-01-19
309,2,0:41,41,41,Andre Statam Defensive Rebound.,75,59,16,13,0.9999996480457248,0.9999994759564977,Belmont,Jacksonville State,4,3,9.3,400917802,2017-01-19
310,2,0:28,28,28,Ashton Spears missed Three Point Jumper.,75,59,16,0,0.9999998999276456,0.999999854616696,Belmont,Jacksonville State,4,3,9.3,400917802,2017-01-19
311,2,0:28,28,28,Kevin McClain Defensive Rebound.,75,59,16,6,0.9999998999276456,0.999999854616696,Belmont,Jacksonville State,4,3,9.3,400917802,2017-01-19
312,2,0:22,22,22,Foul on Des Curry.,75,59,16,0,0.9999999452829819,0.9999999214216816,Belmont,Jacksonville State,4,3,9.3,400917802,2017-01-19
313,2,0:22,22,22,Kevin McClain made Free Throw.,76,59,17,0,0.9999999803175634,0.9999999717343371,Belmont,Jacksonville State,4,3,9.3,400917802,2017-01-19
314,2,0:22,22,22,Kevin McClain made Free Throw.,77,59,18,7,0.9999999929199669,0.9999999898324666,Belmont,Jacksonville State,4,3,9.3,400917802,2017-01-19
315,2,0:15,15,15,Foul on Josh Lester.,77,59,18,0,0.9999999969071393,0.9999999956188809,Belmont,Jacksonville State,4,3,9.3,400917802,2017-01-19
316,2,0:15,15,15,Des Curry missed Free Throw.,77,59,18,0,0.9999999969071393,0.9999999956188809,Belmont,Jacksonville State,4,3,9.3,400917802,2017-01-19
317,2,0:15,15,15,Jacksonville St Deadball Team Rebound.,77,59,18,0,0.9999999969071393,0.9999999956188809,Belmont,Jacksonville State,4,3,9.3,400917802,2017-01-19
318,2,0:15,15,15,Des Curry made Free Throw.,77,60,17,15,0.9999999909901668,0.9999999872373329,Belmont,Jacksonville State,4,3,9.3,400917802,2017-01-19
319,2,0:00,0,0,End of Game,77,60,17,0,1,1,Belmont,Jacksonville State,4,3,9.3,400917802,2017-01-19
