game_id,date,home,away,play_id,half,time_remaining_half,secs_remaining,secs_remaining_absolute,description,home_score,away_score,score_diff,play_length,win_prob,naive_win_prob,home_time_out_remaining,away_time_out_remaining,home_favored_by,total_line,referees,arena_location,arena,capacity,attendance,shot_x,shot_y,shot_team,shot_outcome,shooter,assist,three_pt,free_throw,possession_before,possession_after,wrong_time
401377718,2022-01-15,South Florida,UCF,1,1,20:00,2400,2400,PLAY,0,0,0,0,0.21696383767440053,0.5,4,4,-8,129.5,"c(""Tim Comer"", "" Garrick Shannon"", "" Keith Patterson"")","Tampa, FL",Yuengling Center,10411,3072,NA,NA,NA,NA,NA,NA,NA,NA,NA,UCF,NA
401377718,2022-01-15,South Florida,UCF,2,1,20:00,2400,2400,Jump Ball won by UCF,0,0,0,0,0.21696383767440053,0.5,4,4,-8,129.5,"c(""Tim Comer"", "" Garrick Shannon"", "" Keith Patterson"")","Tampa, FL",Yuengling Center,10411,3072,NA,NA,NA,NA,NA,NA,NA,NA,UCF,UCF,FALSE
401377718,2022-01-15,South Florida,UCF,3,1,19:49,2389,2389,Isaiah Adams missed Three Point Jumper.,0,0,0,11,0.2172034224081986,0.5,4,4,-8,129.5,"c(""Tim Comer"", "" Garrick Shannon"", "" Keith Patterson"")","Tampa, FL",Yuengling Center,10411,3072,28,29.244444444444444,UCF,missed,Isaiah Adams,NA,TRUE,FALSE,UCF,South Florida,FALSE
401377718,2022-01-15,South Florida,UCF,4,1,19:49,2389,2389,Javon Greene Defensive Rebound.,0,0,0,0,0.2172034224081986,0.5,4,4,-8,129.5,"c(""Tim Comer"", "" Garrick Shannon"", "" Keith Patterson"")","Tampa, FL",Yuengling Center,10411,3072,NA,NA,NA,NA,NA,NA,NA,NA,UCF,South Florida,FALSE
401377718,2022-01-15,South Florida,UCF,5,1,19:38,2378,2378,Caleb Murphy Turnover.,0,0,0,11,0.21744636305544876,0.5,4,4,-8,129.5,"c(""Tim Comer"", "" Garrick Shannon"", "" Keith Patterson"")","Tampa, FL",Yuengling Center,10411,3072,NA,NA,NA,NA,NA,NA,NA,NA,South Florida,UCF,FALSE
401377718,2022-01-15,South Florida,UCF,6,1,19:38,2378,2378,Isaiah Adams Steal.,0,0,0,0,0.21744636305544876,0.5,4,4,-8,129.5,"c(""Tim Comer"", "" Garrick Shannon"", "" Keith Patterson"")","Tampa, FL",Yuengling Center,10411,3072,NA,NA,NA,NA,NA,NA,NA,NA,South Florida,UCF,FALSE
401377718,2022-01-15,South Florida,UCF,7,1,19:21,2361,2361,Brandon Mahan missed Layup.,0,0,0,17,0.21782854982183436,0.5,4,4,-8,129.5,"c(""Tim Comer"", "" Garrick Shannon"", "" Keith Patterson"")","Tampa, FL",Yuengling Center,10411,3072,28,5.222222222222221,UCF,missed,Brandon Mahan,NA,FALSE,FALSE,UCF,South Florida,FALSE
401377718,2022-01-15,South Florida,UCF,8,1,19:21,2361,2361,South Florida Defensive Rebound.,0,0,0,0,0.21782854982183436,0.5,4,4,-8,129.5,"c(""Tim Comer"", "" Garrick Shannon"", "" Keith Patterson"")","Tampa, FL",Yuengling Center,10411,3072,NA,NA,NA,NA,NA,NA,NA,NA,UCF,South Florida,FALSE
401377718,2022-01-15,South Florida,UCF,9,1,19:09,2349,2349,Corey Walker Jr. made Layup. Assisted by Jamir Chaplin.,2,0,2,12,0.2505254454124781,0.5451124007901187,4,4,-8,129.5,"c(""Tim Comer"", "" Garrick Shannon"", "" Keith Patterson"")","Tampa, FL",Yuengling Center,10411,3072,23,86.89777777777778,South Florida,made,Corey Walker Jr.,Jamir Chaplin,FALSE,FALSE,South Florida,UCF,FALSE
401377718,2022-01-15,South Florida,UCF,10,1,18:58,2338,2338,Foul on Brandon Mahan.,2,0,2,11,0.2509879447465461,0.5453512728162102,4,4,-8,129.5,"c(""Tim Comer"", "" Garrick Shannon"", "" Keith Patterson"")","Tampa, FL",Yuengling Center,10411,3072,NA,NA,NA,NA,NA,NA,NA,NA,South Florida,South Florida,FALSE
401377718,2022-01-15,South Florida,UCF,11,1,18:58,2338,2338,Brandon Mahan Turnover.,2,0,2,0,0.2509879447465461,0.5453512728162102,4,4,-8,129.5,"c(""Tim Comer"", "" Garrick Shannon"", "" Keith Patterson"")","Tampa, FL",Yuengling Center,10411,3072,NA,NA,NA,NA,NA,NA,NA,NA,UCF,South Florida,FALSE
401377718,2022-01-15,South Florida,UCF,12,1,18:42,2322,2322,Corey Walker Jr. Turnover.,2,0,2,16,0.2516704230611602,0.5457013472490212,4,4,-8,129.5,"c(""Tim Comer"", "" Garrick Shannon"", "" Keith Patterson"")","Tampa, FL",Yuengling Center,10411,3072,NA,NA,NA,NA,NA,NA,NA,NA,South Florida,UCF,FALSE
401377718,2022-01-15,South Florida,UCF,13,1,18:19,2299,2299,Darius Perry missed Three Point Jumper.,2,0,2,23,0.2526718434053799,0.5462096345603725,4,4,-8,129.5,"c(""Tim Comer"", "" Garrick Shannon"", "" Keith Patterson"")","Tampa, FL",Yuengling Center,10411,3072,30,32.37777777777777,UCF,missed,Darius Perry,NA,TRUE,FALSE,UCF,South Florida,FALSE
401377718,2022-01-15,South Florida,UCF,14,1,18:19,2299,2299,Corey Walker Jr. Defensive Rebound.,2,0,2,0,0.2526718434053799,0.5462096345603725,4,4,-8,129.5,"c(""Tim Comer"", "" Garrick Shannon"", "" Keith Patterson"")","Tampa, FL",Yuengling Center,10411,3072,NA,NA,NA,NA,NA,NA,NA,NA,UCF,South Florida,FALSE
401377718,2022-01-15,South Florida,UCF,15,1,18:08,2288,2288,Russel Tchewa made Jumper. Assisted by Caleb Murphy.,4,0,4,11,0.2899809159418658,0.5921142012291807,4,4,-8,129.5,"c(""Tim Comer"", "" Garrick Shannon"", "" Keith Patterson"")","Tampa, FL",Yuengling Center,10411,3072,34,86.89777777777778,South Florida,made,Russel Tchewa,Caleb Murphy,FALSE,FALSE,South Florida,UCF,FALSE
401377718,2022-01-15,South Florida,UCF,16,1,17:55,2275,2275,Cheikh Mbacke Diong missed Jumper.,4,0,4,13,0.290858200044657,0.5926814134074779,4,4,-8,129.5,"c(""Tim Comer"", "" Garrick Shannon"", "" Keith Patterson"")","Tampa, FL",Yuengling Center,10411,3072,14,11.488888888888887,UCF,missed,Cheikh Mbacke Diong,NA,FALSE,FALSE,UCF,South Florida,FALSE
401377718,2022-01-15,South Florida,UCF,17,1,17:55,2275,2275,Caleb Murphy Defensive Rebound.,4,0,4,0,0.290858200044657,0.5926814134074779,4,4,-8,129.5,"c(""Tim Comer"", "" Garrick Shannon"", "" Keith Patterson"")","Tampa, FL",Yuengling Center,10411,3072,NA,NA,NA,NA,NA,NA,NA,NA,UCF,South Florida,FALSE
401377718,2022-01-15,South Florida,UCF,18,1,17:47,2267,2267,Caleb Murphy Turnover.,4,0,4,8,0.29140322087460085,0.5930318494630225,4,4,-8,129.5,"c(""Tim Comer"", "" Garrick Shannon"", "" Keith Patterson"")","Tampa, FL",Yuengling Center,10411,3072,NA,NA,NA,NA,NA,NA,NA,NA,South Florida,UCF,FALSE
401377718,2022-01-15,South Florida,UCF,19,1,17:32,2252,2252,Darin Green Jr. made Jumper. Assisted by Cheikh Mbacke Diong.,4,2,2,15,0.25479359141651464,0.5472643690441272,4,4,-8,129.5,"c(""Tim Comer"", "" Garrick Shannon"", "" Keith Patterson"")","Tampa, FL",Yuengling Center,10411,3072,41,5.222222222222221,UCF,made,Darin Green Jr.,Cheikh Mbacke Diong,FALSE,FALSE,UCF,South Florida,FALSE
401377718,2022-01-15,South Florida,UCF,20,1,17:17,2237,2237,Jamir Chaplin Turnover.,4,2,2,15,0.2554922486573823,0.5476048335078287,4,4,-8,129.5,"c(""Tim Comer"", "" Garrick Shannon"", "" Keith Patterson"")","Tampa, FL",Yuengling Center,10411,3072,NA,NA,NA,NA,NA,NA,NA,NA,South Florida,UCF,FALSE
401377718,2022-01-15,South Florida,UCF,21,1,17:01,2221,2221,Isaiah Adams missed Jumper.,4,2,2,16,0.2562490509435757,0.5479697085553288,4,4,-8,129.5,"c(""Tim Comer"", "" Garrick Shannon"", "" Keith Patterson"")","Tampa, FL",Yuengling Center,10411,3072,8,6.266666666666667,UCF,missed,Isaiah Adams,NA,FALSE,FALSE,UCF,UCF,FALSE
401377718,2022-01-15,South Florida,UCF,22,1,16:59,2219,2219,South Florida Offensive Rebound.,4,2,2,2,0.25634449392746445,0.5480154318654642,4,4,-8,129.5,"c(""Tim Comer"", "" Garrick Shannon"", "" Keith Patterson"")","Tampa, FL",Yuengling Center,10411,3072,NA,NA,NA,NA,NA,NA,NA,NA,UCF,UCF,FALSE
401377718,2022-01-15,South Florida,UCF,23,1,16:59,2219,2219,Foul on Russel Tchewa.,4,2,2,0,0.25634449392746445,0.5480154318654642,4,4,-8,129.5,"c(""Tim Comer"", "" Garrick Shannon"", "" Keith Patterson"")","Tampa, FL",Yuengling Center,10411,3072,NA,NA,NA,NA,NA,NA,NA,NA,UCF,UCF,FALSE
401377718,2022-01-15,South Florida,UCF,24,1,16:45,2205,2205,Isaiah Adams missed Jumper.,4,2,2,14,0.2570178570828981,0.5483361412138311,4,4,-8,129.5,"c(""Tim Comer"", "" Garrick Shannon"", "" Keith Patterson"")","Tampa, FL",Yuengling Center,10411,3072,30,6.266666666666667,UCF,missed,Isaiah Adams,NA,FALSE,FALSE,UCF,UCF,FALSE
401377718,2022-01-15,South Florida,UCF,25,1,16:45,2205,2205,UCF Offensive Rebound.,4,2,2,0,0.2570178570828981,0.5483361412138311,4,4,-8,129.5,"c(""Tim Comer"", "" Garrick Shannon"", "" Keith Patterson"")","Tampa, FL",Yuengling Center,10411,3072,NA,NA,NA,NA,NA,NA,NA,NA,UCF,UCF,FALSE
401377718,2022-01-15,South Florida,UCF,26,1,16:39,2199,2199,Darius Perry made Jumper. Assisted by Cheikh Mbacke Diong.,4,4,0,6,0.22192083726337808,0.5,4,4,-8,129.5,"c(""Tim Comer"", "" Garrick Shannon"", "" Keith Patterson"")","Tampa, FL",Yuengling Center,10411,3072,37,10.444444444444443,UCF,made,Darius Perry,Cheikh Mbacke Diong,FALSE,FALSE,UCF,South Florida,FALSE
401377718,2022-01-15,South Florida,UCF,27,1,16:24,2184,2184,Caleb Murphy missed Jumper.,4,4,0,15,0.22234481686285246,0.5,4,4,-8,129.5,"c(""Tim Comer"", "" Garrick Shannon"", "" Keith Patterson"")","Tampa, FL",Yuengling Center,10411,3072,28.000000000000004,81.67555555555555,South Florida,missed,Caleb Murphy,NA,FALSE,FALSE,South Florida,South Florida,FALSE
401377718,2022-01-15,South Florida,UCF,28,1,16:24,2184,2184,Russel Tchewa Offensive Rebound.,4,4,0,0,0.22234481686285246,0.5,4,4,-8,129.5,"c(""Tim Comer"", "" Garrick Shannon"", "" Keith Patterson"")","Tampa, FL",Yuengling Center,10411,3072,NA,NA,NA,NA,NA,NA,NA,NA,South Florida,South Florida,FALSE
401377718,2022-01-15,South Florida,UCF,29,1,16:09,2169,2169,Caleb Murphy made Jumper.,6,4,2,15,0.25879189721985973,0.5491651983154032,4,4,-8,129.5,"c(""Tim Comer"", "" Garrick Shannon"", "" Keith Patterson"")","Tampa, FL",Yuengling Center,10411,3072,38,77.49777777777777,South Florida,made,Caleb Murphy,NA,FALSE,FALSE,South Florida,UCF,FALSE
401377718,2022-01-15,South Florida,UCF,30,1,15:58,2158,2158,Cheikh Mbacke Diong Turnover.,6,4,2,11,0.25934630520797797,0.5494197980081144,4,4,-8,129.5,"c(""Tim Comer"", "" Garrick Shannon"", "" Keith Patterson"")","Tampa, FL",Yuengling Center,10411,3072,NA,NA,NA,NA,NA,NA,NA,NA,UCF,South Florida,FALSE
401377718,2022-01-15,South Florida,UCF,31,1,15:58,2158,2158,Official TV Timeout,6,4,2,0,0.25934630520797797,0.5494197980081144,4,4,-8,129.5,"c(""Tim Comer"", "" Garrick Shannon"", "" Keith Patterson"")","Tampa, FL",Yuengling Center,10411,3072,NA,NA,NA,NA,NA,NA,NA,NA,UCF,South Florida,FALSE
401377718,2022-01-15,South Florida,UCF,32,1,15:30,2130,2130,Foul on Russel Tchewa.,6,4,2,28,0.26078397409738774,0.5500721316261907,4,4,-8,129.5,"c(""Tim Comer"", "" Garrick Shannon"", "" Keith Patterson"")","Tampa, FL",Yuengling Center,10411,3072,NA,NA,NA,NA,NA,NA,NA,NA,South Florida,UCF,FALSE
401377718,2022-01-15,South Florida,UCF,33,1,15:30,2130,2130,Russel Tchewa Turnover.,6,4,2,0,0.26078397409738774,0.5500721316261907,4,4,-8,129.5,"c(""Tim Comer"", "" Garrick Shannon"", "" Keith Patterson"")","Tampa, FL",Yuengling Center,10411,3072,NA,NA,NA,NA,NA,NA,NA,NA,South Florida,UCF,FALSE
401377718,2022-01-15,South Florida,UCF,34,1,15:04,2104,2104,Darin Green Jr. Turnover.,6,4,2,26,0.2621531000043634,0.5506838603985946,4,4,-8,129.5,"c(""Tim Comer"", "" Garrick Shannon"", "" Keith Patterson"")","Tampa, FL",Yuengling Center,10411,3072,NA,NA,NA,NA,NA,NA,NA,NA,UCF,South Florida,FALSE
401377718,2022-01-15,South Florida,UCF,35,1,14:42,2082,2082,Caleb Murphy missed Jumper.,6,4,2,22,0.2633374019052015,0.5512064316825768,4,4,-8,129.5,"c(""Tim Comer"", "" Garrick Shannon"", "" Keith Patterson"")","Tampa, FL",Yuengling Center,10411,3072,39,73.32,South Florida,missed,Caleb Murphy,NA,FALSE,FALSE,South Florida,UCF,FALSE
401377718,2022-01-15,South Florida,UCF,36,1,14:42,2082,2082,Isaiah Adams Defensive Rebound.,6,4,2,0,0.2633374019052015,0.5512064316825768,4,4,-8,129.5,"c(""Tim Comer"", "" Garrick Shannon"", "" Keith Patterson"")","Tampa, FL",Yuengling Center,10411,3072,NA,NA,NA,NA,NA,NA,NA,NA,South Florida,UCF,FALSE
401377718,2022-01-15,South Florida,UCF,37,1,14:22,2062,2062,Brandon Mahan missed Three Point Jumper.,6,4,2,20,0.2644346630597484,0.5516857568654909,4,4,-8,129.5,"c(""Tim Comer"", "" Garrick Shannon"", "" Keith Patterson"")","Tampa, FL",Yuengling Center,10411,3072,44,20.888888888888886,UCF,missed,Brandon Mahan,NA,TRUE,FALSE,UCF,South Florida,FALSE
401377718,2022-01-15,South Florida,UCF,38,1,14:22,2062,2062,Bayron Matos Defensive Rebound.,6,4,2,0,0.2644346630597484,0.5516857568654909,4,4,-8,129.5,"c(""Tim Comer"", "" Garrick Shannon"", "" Keith Patterson"")","Tampa, FL",Yuengling Center,10411,3072,NA,NA,NA,NA,NA,NA,NA,NA,UCF,South Florida,FALSE
401377718,2022-01-15,South Florida,UCF,39,1,14:10,2050,2050,Sam Hines Jr. missed Layup.,6,4,2,12,0.2651024811457521,0.5519754153330887,4,4,-8,129.5,"c(""Tim Comer"", "" Garrick Shannon"", "" Keith Patterson"")","Tampa, FL",Yuengling Center,10411,3072,23,86.89777777777778,South Florida,missed,Sam Hines Jr.,NA,FALSE,FALSE,South Florida,South Florida,FALSE
401377718,2022-01-15,South Florida,UCF,40,1,14:10,2050,2050,South Florida Offensive Rebound.,6,4,2,0,0.2651024811457521,0.5519754153330887,4,4,-8,129.5,"c(""Tim Comer"", "" Garrick Shannon"", "" Keith Patterson"")","Tampa, FL",Yuengling Center,10411,3072,NA,NA,NA,NA,NA,NA,NA,NA,South Florida,South Florida,FALSE
401377718,2022-01-15,South Florida,UCF,41,1,13:58,2038,2038,Javon Greene missed Three Point Jumper.,6,4,2,12,0.2657774160593421,0.5522666919959983,4,4,-8,129.5,"c(""Tim Comer"", "" Garrick Shannon"", "" Keith Patterson"")","Tampa, FL",Yuengling Center,10411,3072,42,67.05333333333333,South Florida,missed,Javon Greene,NA,TRUE,FALSE,South Florida,South Florida,FALSE
401377718,2022-01-15,South Florida,UCF,42,1,13:58,2038,2038,Jamir Chaplin Offensive Rebound.,6,4,2,0,0.2657774160593421,0.5522666919959983,4,4,-8,129.5,"c(""Tim Comer"", "" Garrick Shannon"", "" Keith Patterson"")","Tampa, FL",Yuengling Center,10411,3072,NA,NA,NA,NA,NA,NA,NA,NA,South Florida,South Florida,FALSE
401377718,2022-01-15,South Florida,UCF,43,1,13:47,2027,2027,Caleb Murphy made Jumper.,8,4,4,11,0.30959065689320936,0.6039230459556416,4,4,-8,129.5,"c(""Tim Comer"", "" Garrick Shannon"", "" Keith Patterson"")","Tampa, FL",Yuengling Center,10411,3072,36,82.72,South Florida,made,Caleb Murphy,NA,FALSE,FALSE,South Florida,UCF,FALSE
401377718,2022-01-15,South Florida,UCF,44,1,13:30,2010,2010,Darin Green Jr. missed Jumper.,8,4,4,17,0.31102171896484626,0.604731238016845,4,4,-8,129.5,"c(""Tim Comer"", "" Garrick Shannon"", "" Keith Patterson"")","Tampa, FL",Yuengling Center,10411,3072,23,10.444444444444443,UCF,missed,Darin Green Jr.,NA,FALSE,FALSE,UCF,UCF,FALSE
401377718,2022-01-15,South Florida,UCF,45,1,13:30,2010,2010,Cheikh Mbacke Diong Offensive Rebound.,8,4,4,0,0.31102171896484626,0.604731238016845,4,4,-8,129.5,"c(""Tim Comer"", "" Garrick Shannon"", "" Keith Patterson"")","Tampa, FL",Yuengling Center,10411,3072,NA,NA,NA,NA,NA,NA,NA,NA,UCF,UCF,FALSE
401377718,2022-01-15,South Florida,UCF,46,1,13:25,2005,2005,Cheikh Mbacke Diong made Layup.,8,6,2,5,0.2676703233687378,0.5530765182302504,4,4,-8,129.5,"c(""Tim Comer"", "" Garrick Shannon"", "" Keith Patterson"")","Tampa, FL",Yuengling Center,10411,3072,21.999999999999996,4.177777777777778,UCF,made,Cheikh Mbacke Diong,NA,FALSE,FALSE,UCF,South Florida,FALSE
401377718,2022-01-15,South Florida,UCF,47,1,13:17,1997,1997,Foul on Sam Hines Jr..,8,6,2,8,0.2681373752224231,0.5532748836115552,4,4,-8,129.5,"c(""Tim Comer"", "" Garrick Shannon"", "" Keith Patterson"")","Tampa, FL",Yuengling Center,10411,3072,NA,NA,NA,NA,NA,NA,NA,NA,South Florida,UCF,FALSE
401377718,2022-01-15,South Florida,UCF,48,1,13:17,1997,1997,Sam Hines Jr. Turnover.,8,6,2,0,0.2681373752224231,0.5532748836115552,4,4,-8,129.5,"c(""Tim Comer"", "" Garrick Shannon"", "" Keith Patterson"")","Tampa, FL",Yuengling Center,10411,3072,NA,NA,NA,NA,NA,NA,NA,NA,South Florida,UCF,FALSE
401377718,2022-01-15,South Florida,UCF,49,1,12:53,1973,1973,Jamille Reynolds made Layup.,8,8,0,24,0.22913399069092055,0.5,4,4,-8,129.5,"c(""Tim Comer"", "" Garrick Shannon"", "" Keith Patterson"")","Tampa, FL",Yuengling Center,10411,3072,21.999999999999996,5.222222222222221,UCF,made,Jamille Reynolds,NA,FALSE,FALSE,UCF,South Florida,FALSE
401377718,2022-01-15,South Florida,UCF,50,1,12:30,1950,1950,Javon Greene made Three Point Jumper. Assisted by Trey Moss.,11,8,3,23,0.2930785285705376,0.5812841552338529,4,4,-8,129.5,"c(""Tim Comer"", "" Garrick Shannon"", "" Keith Patterson"")","Tampa, FL",Yuengling Center,10411,3072,26,61.8311111111111,South Florida,made,Javon Greene,Trey Moss,TRUE,FALSE,South Florida,UCF,FALSE
401377718,2022-01-15,South Florida,UCF,51,1,12:23,1943,1943,Foul on Darin Green Jr..,11,8,3,7,0.2936022882271538,0.5815484293667335,4,4,-8,129.5,"c(""Tim Comer"", "" Garrick Shannon"", "" Keith Patterson"")","Tampa, FL",Yuengling Center,10411,3072,NA,NA,NA,NA,NA,NA,NA,NA,South Florida,South Florida,FALSE
401377718,2022-01-15,South Florida,UCF,52,1,12:10,1930,1930,Javon Greene missed Three Point Jumper.,11,8,3,13,0.2945829746054748,0.5820420118260582,4,4,-8,129.5,"c(""Tim Comer"", "" Garrick Shannon"", "" Keith Patterson"")","Tampa, FL",Yuengling Center,10411,3072,9,67.05333333333333,South Florida,missed,Javon Greene,NA,TRUE,FALSE,South Florida,South Florida,FALSE
401377718,2022-01-15,South Florida,UCF,53,1,12:10,1930,1930,Bayron Matos Offensive Rebound.,11,8,3,0,0.2945829746054748,0.5820420118260582,4,4,-8,129.5,"c(""Tim Comer"", "" Garrick Shannon"", "" Keith Patterson"")","Tampa, FL",Yuengling Center,10411,3072,NA,NA,NA,NA,NA,NA,NA,NA,South Florida,South Florida,FALSE
401377718,2022-01-15,South Florida,UCF,54,1,12:01,1921,1921,Trey Moss made Three Point Jumper. Assisted by Sam Hines Jr..,14,8,6,9,0.3688006555798965,0.6604142711286558,4,4,-8,129.5,"c(""Tim Comer"", "" Garrick Shannon"", "" Keith Patterson"")","Tampa, FL",Yuengling Center,10411,3072,34,61.8311111111111,South Florida,made,Trey Moss,Sam Hines Jr.,TRUE,FALSE,South Florida,UCF,FALSE
401377718,2022-01-15,South Florida,UCF,55,1,11:48,1908,1908,Darius Johnson missed Jumper.,14,8,6,13,0.3703887879784131,0.6613249759642308,4,4,-8,129.5,"c(""Tim Comer"", "" Garrick Shannon"", "" Keith Patterson"")","Tampa, FL",Yuengling Center,10411,3072,35,13.577777777777776,UCF,missed,Darius Johnson,NA,FALSE,FALSE,UCF,South Florida,FALSE
401377718,2022-01-15,South Florida,UCF,56,1,11:48,1908,1908,Bayron Matos Defensive Rebound.,14,8,6,0,0.3703887879784131,0.6613249759642308,4,4,-8,129.5,"c(""Tim Comer"", "" Garrick Shannon"", "" Keith Patterson"")","Tampa, FL",Yuengling Center,10411,3072,NA,NA,NA,NA,NA,NA,NA,NA,UCF,South Florida,FALSE
401377718,2022-01-15,South Florida,UCF,57,1,11:42,1902,1902,DJ Patrick missed Three Point Jumper.,14,8,6,6,0.37112525321394174,0.661744566163548,4,4,-8,129.5,"c(""Tim Comer"", "" Garrick Shannon"", "" Keith Patterson"")","Tampa, FL",Yuengling Center,10411,3072,47,81.67555555555555,South Florida,missed,DJ Patrick,NA,TRUE,FALSE,South Florida,UCF,FALSE
401377718,2022-01-15,South Florida,UCF,58,1,11:42,1902,1902,Darius Johnson Defensive Rebound.,14,8,6,0,0.37112525321394174,0.661744566163548,4,4,-8,129.5,"c(""Tim Comer"", "" Garrick Shannon"", "" Keith Patterson"")","Tampa, FL",Yuengling Center,10411,3072,NA,NA,NA,NA,NA,NA,NA,NA,South Florida,UCF,FALSE
401377718,2022-01-15,South Florida,UCF,59,1,11:21,1881,1881,Tyem Freeman made Layup.,14,10,4,21,0.32253116949157645,0.6110571015727363,4,4,-8,129.5,"c(""Tim Comer"", "" Garrick Shannon"", "" Keith Patterson"")","Tampa, FL",Yuengling Center,10411,3072,26,7.311111111111111,UCF,made,Tyem Freeman,NA,FALSE,FALSE,UCF,South Florida,FALSE
401377718,2022-01-15,South Florida,UCF,60,1,11:10,1870,1870,Bayron Matos made Dunk. Assisted by DJ Patrick.,16,10,6,11,0.37509342704370696,0.663978845926475,4,4,-8,129.5,"c(""Tim Comer"", "" Garrick Shannon"", "" Keith Patterson"")","Tampa, FL",Yuengling Center,10411,3072,25,86.89777777777778,South Florida,made,Bayron Matos,DJ Patrick,FALSE,FALSE,South Florida,UCF,FALSE
401377718,2022-01-15,South Florida,UCF,61,1,10:55,1855,1855,Jamille Reynolds missed Jumper.,16,10,6,15,0.37697886601457864,0.6650266926222506,4,4,-8,129.5,"c(""Tim Comer"", "" Garrick Shannon"", "" Keith Patterson"")","Tampa, FL",Yuengling Center,10411,3072,13,12.533333333333333,UCF,missed,Jamille Reynolds,NA,FALSE,FALSE,UCF,South Florida,FALSE
401377718,2022-01-15,South Florida,UCF,62,1,10:55,1855,1855,Javon Greene Defensive Rebound.,16,10,6,0,0.37697886601457864,0.6650266926222506,4,4,-8,129.5,"c(""Tim Comer"", "" Garrick Shannon"", "" Keith Patterson"")","Tampa, FL",Yuengling Center,10411,3072,NA,NA,NA,NA,NA,NA,NA,NA,UCF,South Florida,FALSE
401377718,2022-01-15,South Florida,UCF,63,1,10:45,1845,1845,Javon Greene made Three Point Jumper.,19,10,9,10,0.461938264936755,0.7375703784706038,4,4,-8,129.5,"c(""Tim Comer"", "" Garrick Shannon"", "" Keith Patterson"")","Tampa, FL",Yuengling Center,10411,3072,11,63.919999999999995,South Florida,made,Javon Greene,NA,TRUE,FALSE,South Florida,UCF,FALSE
401377718,2022-01-15,South Florida,UCF,64,1,10:15,1815,1815,Darius Johnson made Layup.,19,12,7,30,0.40992889247894526,0.6931344715503758,4,4,-8,129.5,"c(""Tim Comer"", "" Garrick Shannon"", "" Keith Patterson"")","Tampa, FL",Yuengling Center,10411,3072,23,5.222222222222221,UCF,made,Darius Johnson,NA,FALSE,FALSE,UCF,South Florida,FALSE
401377718,2022-01-15,South Florida,UCF,65,1,9:45,1785,1785,Trey Moss missed Three Point Jumper.,19,12,7,30,0.41434543852911776,0.6955190063043506,4,4,-8,129.5,"c(""Tim Comer"", "" Garrick Shannon"", "" Keith Patterson"")","Tampa, FL",Yuengling Center,10411,3072,26,60.78666666666667,South Florida,missed,Trey Moss,NA,TRUE,FALSE,South Florida,South Florida,FALSE
401377718,2022-01-15,South Florida,UCF,66,1,9:45,1785,1785,Sam Hines Jr. Offensive Rebound.,19,12,7,0,0.41434543852911776,0.6955190063043506,4,4,-8,129.5,"c(""Tim Comer"", "" Garrick Shannon"", "" Keith Patterson"")","Tampa, FL",Yuengling Center,10411,3072,NA,NA,NA,NA,NA,NA,NA,NA,South Florida,South Florida,FALSE
401377718,2022-01-15,South Florida,UCF,67,1,9:39,1779,1779,Bayron Matos made Layup. Assisted by Sam Hines Jr..,21,12,9,6,0.47360445748908075,0.7436418897324124,4,4,-8,129.5,"c(""Tim Comer"", "" Garrick Shannon"", "" Keith Patterson"")","Tampa, FL",Yuengling Center,10411,3072,28.999999999999996,85.85333333333332,South Florida,made,Bayron Matos,Sam Hines Jr.,FALSE,FALSE,South Florida,UCF,FALSE
401377718,2022-01-15,South Florida,UCF,68,1,9:24,1764,1764,C.J. Walker made Jumper.,21,14,7,15,0.41749539318291123,0.6972086959640107,4,4,-8,129.5,"c(""Tim Comer"", "" Garrick Shannon"", "" Keith Patterson"")","Tampa, FL",Yuengling Center,10411,3072,26,9.399999999999999,UCF,made,C.J. Walker,NA,FALSE,FALSE,UCF,South Florida,FALSE
401377718,2022-01-15,South Florida,UCF,69,1,9:24,1764,1764,Foul on Sam Hines Jr..,21,14,7,0,0.41749539318291123,0.6972086959640107,4,4,-8,129.5,"c(""Tim Comer"", "" Garrick Shannon"", "" Keith Patterson"")","Tampa, FL",Yuengling Center,10411,3072,NA,NA,NA,NA,NA,NA,NA,NA,UCF,UCF,FALSE
401377718,2022-01-15,South Florida,UCF,70,1,9:24,1764,1764,C.J. Walker made Free Throw.,21,15,6,0,0.38883490175586327,0.671481270423598,4,4,-8,129.5,"c(""Tim Comer"", "" Garrick Shannon"", "" Keith Patterson"")","Tampa, FL",Yuengling Center,10411,3072,NA,NA,UCF,made,C.J. Walker,NA,NA,TRUE,UCF,South Florida,FALSE
401377718,2022-01-15,South Florida,UCF,71,1,8:59,1739,1739,Corey Walker Jr. missed Three Point Jumper.,21,15,6,25,0.39223812435292116,0.67330918725682265,4,4,-8,129.5,"c(""Tim Comer"", "" Garrick Shannon"", "" Keith Patterson"")","Tampa, FL",Yuengling Center,10411,3072,1,87.94222222222221,South Florida,missed,Corey Walker Jr.,NA,TRUE,FALSE,South Florida,UCF,FALSE
401377718,2022-01-15,South Florida,UCF,72,1,8:59,1739,1739,C.J. Walker Defensive Rebound.,21,15,6,0,0.39223812435292116,0.67330918725682265,4,4,-8,129.5,"c(""Tim Comer"", "" Garrick Shannon"", "" Keith Patterson"")","Tampa, FL",Yuengling Center,10411,3072,NA,NA,NA,NA,NA,NA,NA,NA,South Florida,UCF,FALSE
401377718,2022-01-15,South Florida,UCF,73,1,8:43,1723,1723,Brandon Mahan missed Three Point Jumper.,21,15,6,16,0.3944539543220052,0.6744970906095447,4,4,-8,129.5,"c(""Tim Comer"", "" Garrick Shannon"", "" Keith Patterson"")","Tampa, FL",Yuengling Center,10411,3072,10,24.02222222222222,UCF,missed,Brandon Mahan,NA,TRUE,FALSE,UCF,South Florida,FALSE
401377718,2022-01-15,South Florida,UCF,74,1,8:43,1723,1723,South Florida Defensive Rebound.,21,15,6,0,0.3944539543220052,0.6744970906095447,4,4,-8,129.5,"c(""Tim Comer"", "" Garrick Shannon"", "" Keith Patterson"")","Tampa, FL",Yuengling Center,10411,3072,NA,NA,NA,NA,NA,NA,NA,NA,UCF,South Florida,FALSE
401377718,2022-01-15,South Florida,UCF,75,1,8:13,1693,1693,Serrel Smith Jr. missed Three Point Jumper.,21,15,6,30,0.39869349336432086,0.6767686223573242,4,4,-8,129.5,"c(""Tim Comer"", "" Garrick Shannon"", "" Keith Patterson"")","Tampa, FL",Yuengling Center,10411,3072,47,83.76444444444444,South Florida,missed,Serrel Smith Jr.,NA,TRUE,FALSE,South Florida,South Florida,FALSE
401377718,2022-01-15,South Florida,UCF,76,1,8:13,1693,1693,Bayron Matos Offensive Rebound.,21,15,6,0,0.39869349336432086,0.6767686223573242,4,4,-8,129.5,"c(""Tim Comer"", "" Garrick Shannon"", "" Keith Patterson"")","Tampa, FL",Yuengling Center,10411,3072,NA,NA,NA,NA,NA,NA,NA,NA,South Florida,South Florida,FALSE
401377718,2022-01-15,South Florida,UCF,77,1,8:08,1688,1688,Bayron Matos missed Layup.,21,15,6,5,0.3994110325616061,0.6771529634785672,4,4,-8,129.5,"c(""Tim Comer"", "" Garrick Shannon"", "" Keith Patterson"")","Tampa, FL",Yuengling Center,10411,3072,28.000000000000004,87.94222222222221,South Florida,missed,Bayron Matos,NA,FALSE,FALSE,South Florida,South Florida,FALSE
401377718,2022-01-15,South Florida,UCF,78,1,8:08,1688,1688,Bayron Matos Offensive Rebound.,21,15,6,0,0.3994110325616061,0.6771529634785672,4,4,-8,129.5,"c(""Tim Comer"", "" Garrick Shannon"", "" Keith Patterson"")","Tampa, FL",Yuengling Center,10411,3072,NA,NA,NA,NA,NA,NA,NA,NA,South Florida,South Florida,FALSE
401377718,2022-01-15,South Florida,UCF,79,1,7:59,1679,1679,Bayron Matos missed Layup.,21,15,6,9,0.40070272811855456,0.6778382759791461,4,4,-8,129.5,"c(""Tim Comer"", "" Garrick Shannon"", "" Keith Patterson"")","Tampa, FL",Yuengling Center,10411,3072,27,86.89777777777778,South Florida,missed,Bayron Matos,NA,FALSE,FALSE,South Florida,UCF,FALSE
401377718,2022-01-15,South Florida,UCF,80,1,7:59,1679,1679,C.J. Walker Block.,21,15,6,0,0.40070272811855456,0.6778382759791461,4,4,-8,129.5,"c(""Tim Comer"", "" Garrick Shannon"", "" Keith Patterson"")","Tampa, FL",Yuengling Center,10411,3072,NA,NA,NA,NA,NA,NA,NA,NA,South Florida,UCF,FALSE
401377718,2022-01-15,South Florida,UCF,81,1,7:59,1679,1679,Cheikh Mbacke Diong Defensive Rebound.,21,15,6,0,0.40070272811855456,0.6778382759791461,4,4,-8,129.5,"c(""Tim Comer"", "" Garrick Shannon"", "" Keith Patterson"")","Tampa, FL",Yuengling Center,10411,3072,NA,NA,NA,NA,NA,NA,NA,NA,South Florida,UCF,FALSE
401377718,2022-01-15,South Florida,UCF,82,1,7:55,1675,1675,C.J. Walker made Dunk. Assisted by Brandon Mahan.,21,17,4,4,0.34331387725590434,0.6217126260623793,4,4,-8,129.5,"c(""Tim Comer"", "" Garrick Shannon"", "" Keith Patterson"")","Tampa, FL",Yuengling Center,10411,3072,25,5.222222222222221,UCF,made,C.J. Walker,Brandon Mahan,FALSE,FALSE,UCF,South Florida,FALSE
401377718,2022-01-15,South Florida,UCF,83,1,7:54,1674,1674,South Florida  Timeout,21,17,4,1,0.34342261925269446,0.6217665542235177,3,4,-8,129.5,"c(""Tim Comer"", "" Garrick Shannon"", "" Keith Patterson"")","Tampa, FL",Yuengling Center,10411,3072,NA,NA,NA,NA,NA,NA,NA,NA,South Florida,South Florida,FALSE
401377718,2022-01-15,South Florida,UCF,84,1,7:54,1674,1674,Official TV Timeout,21,17,4,0,0.34342261925269446,0.6217665542235177,3,4,-8,129.5,"c(""Tim Comer"", "" Garrick Shannon"", "" Keith Patterson"")","Tampa, FL",Yuengling Center,10411,3072,NA,NA,NA,NA,NA,NA,NA,NA,South Florida,South Florida,FALSE
401377718,2022-01-15,South Florida,UCF,85,1,7:29,1649,1649,Serrel Smith Jr. missed Jumper.,21,17,4,25,0.346152612464533,0.6230926020775627,3,4,-8,129.5,"c(""Tim Comer"", "" Garrick Shannon"", "" Keith Patterson"")","Tampa, FL",Yuengling Center,10411,3072,44,87.94222222222221,South Florida,missed,Serrel Smith Jr.,NA,FALSE,FALSE,South Florida,South Florida,FALSE
401377718,2022-01-15,South Florida,UCF,86,1,7:29,1649,1649,South Florida Offensive Rebound.,21,17,4,0,0.346152612464533,0.6230926020775627,3,4,-8,129.5,"c(""Tim Comer"", "" Garrick Shannon"", "" Keith Patterson"")","Tampa, FL",Yuengling Center,10411,3072,NA,NA,NA,NA,NA,NA,NA,NA,South Florida,South Florida,FALSE
401377718,2022-01-15,South Florida,UCF,87,1,7:22,1642,1642,Jamir Chaplin missed Three Point Jumper.,21,17,4,7,0.3469215663366112,0.6234575479157157,3,4,-8,129.5,"c(""Tim Comer"", "" Garrick Shannon"", "" Keith Patterson"")","Tampa, FL",Yuengling Center,10411,3072,40,68.09777777777778,South Florida,missed,Jamir Chaplin,NA,TRUE,FALSE,South Florida,UCF,FALSE
401377718,2022-01-15,South Florida,UCF,88,1,7:22,1642,1642,Darin Green Jr. Defensive Rebound.,21,17,4,0,0.3469215663366112,0.6234575479157157,3,4,-8,129.5,"c(""Tim Comer"", "" Garrick Shannon"", "" Keith Patterson"")","Tampa, FL",Yuengling Center,10411,3072,NA,NA,NA,NA,NA,NA,NA,NA,South Florida,UCF,FALSE
401377718,2022-01-15,South Florida,UCF,89,1,7:22,1642,1642,Darius Perry missed Layup.,21,17,4,0,0.3469215663366112,0.6234575479157157,3,4,-8,129.5,"c(""Tim Comer"", "" Garrick Shannon"", "" Keith Patterson"")","Tampa, FL",Yuengling Center,10411,3072,26,89.82222222222222,UCF,missed,Darius Perry,NA,FALSE,FALSE,UCF,South Florida,FALSE
401377718,2022-01-15,South Florida,UCF,90,1,7:22,1642,1642,Caleb Murphy Block.,21,17,4,0,0.3469215663366112,0.6234575479157157,3,4,-8,129.5,"c(""Tim Comer"", "" Garrick Shannon"", "" Keith Patterson"")","Tampa, FL",Yuengling Center,10411,3072,NA,NA,NA,NA,NA,NA,NA,NA,UCF,South Florida,FALSE
401377718,2022-01-15,South Florida,UCF,91,1,7:22,1642,1642,Caleb Murphy Defensive Rebound.,21,17,4,0,0.3469215663366112,0.6234575479157157,3,4,-8,129.5,"c(""Tim Comer"", "" Garrick Shannon"", "" Keith Patterson"")","Tampa, FL",Yuengling Center,10411,3072,NA,NA,NA,NA,NA,NA,NA,NA,UCF,South Florida,FALSE
401377718,2022-01-15,South Florida,UCF,92,1,7:06,1626,1626,Foul on Darin Green Jr..,21,17,4,16,0.34868813279142286,0.624284350740108,3,4,-8,129.5,"c(""Tim Comer"", "" Garrick Shannon"", "" Keith Patterson"")","Tampa, FL",Yuengling Center,10411,3072,NA,NA,NA,NA,NA,NA,NA,NA,South Florida,South Florida,FALSE
401377718,2022-01-15,South Florida,UCF,93,1,7:06,1626,1626,Caleb Murphy made Free Throw.,22,17,5,0,0.37804198527346994,0.6535581859782588,3,4,-8,129.5,"c(""Tim Comer"", "" Garrick Shannon"", "" Keith Patterson"")","Tampa, FL",Yuengling Center,10411,3072,NA,NA,South Florida,made,Caleb Murphy,NA,NA,TRUE,South Florida,South Florida,FALSE
401377718,2022-01-15,South Florida,UCF,94,1,7:06,1626,1626,Caleb Murphy made Free Throw.,23,17,6,0,0.40831777164054395,0.6817140344830374,3,4,-8,129.5,"c(""Tim Comer"", "" Garrick Shannon"", "" Keith Patterson"")","Tampa, FL",Yuengling Center,10411,3072,NA,NA,South Florida,made,Caleb Murphy,NA,NA,TRUE,South Florida,UCF,FALSE
401377718,2022-01-15,South Florida,UCF,95,1,6:53,1613,1613,Cheikh Mbacke Diong missed Jumper.,23,17,6,13,0.41019893863861645,0.6826386128118389,3,4,-8,129.5,"c(""Tim Comer"", "" Garrick Shannon"", "" Keith Patterson"")","Tampa, FL",Yuengling Center,10411,3072,23,12.533333333333333,UCF,missed,Cheikh Mbacke Diong,NA,FALSE,FALSE,UCF,South Florida,FALSE
401377718,2022-01-15,South Florida,UCF,96,1,6:53,1613,1613,Bayron Matos Defensive Rebound.,23,17,6,0,0.41019893863861645,0.6826386128118389,3,4,-8,129.5,"c(""Tim Comer"", "" Garrick Shannon"", "" Keith Patterson"")","Tampa, FL",Yuengling Center,10411,3072,NA,NA,NA,NA,NA,NA,NA,NA,UCF,South Florida,FALSE
401377718,2022-01-15,South Florida,UCF,97,1,6:44,1604,1604,Jamir Chaplin made Jumper. Assisted by Caleb Murphy.,25,17,8,9,0.4746593818777516,0.73597633040186206,3,4,-8,129.5,"c(""Tim Comer"", "" Garrick Shannon"", "" Keith Patterson"")","Tampa, FL",Yuengling Center,10411,3072,36,86.89777777777778,South Florida,made,Jamir Chaplin,Caleb Murphy,FALSE,FALSE,South Florida,UCF,FALSE
401377718,2022-01-15,South Florida,UCF,98,1,6:32,1592,1592,Foul on Bayron Matos.,25,17,8,12,0.4767898407021081,0.7369924260000547,3,4,-8,129.5,"c(""Tim Comer"", "" Garrick Shannon"", "" Keith Patterson"")","Tampa, FL",Yuengling Center,10411,3072,NA,NA,NA,NA,NA,NA,NA,NA,UCF,UCF,FALSE
401377718,2022-01-15,South Florida,UCF,99,1,6:32,1592,1592,C.J. Walker made Free Throw.,25,18,7,0,0.44479923662363613,0.7112772550337979,3,4,-8,129.5,"c(""Tim Comer"", "" Garrick Shannon"", "" Keith Patterson"")","Tampa, FL",Yuengling Center,10411,3072,NA,NA,UCF,made,C.J. Walker,NA,NA,TRUE,UCF,UCF,FALSE
401377718,2022-01-15,South Florida,UCF,100,1,6:32,1592,1592,C.J. Walker made Free Throw.,25,19,6,0,0.41325969718164346,0.6841254332907504,3,4,-8,129.5,"c(""Tim Comer"", "" Garrick Shannon"", "" Keith Patterson"")","Tampa, FL",Yuengling Center,10411,3072,NA,NA,UCF,made,C.J. Walker,NA,NA,TRUE,UCF,South Florida,FALSE
401377718,2022-01-15,South Florida,UCF,101,1,6:20,1580,1580,Javon Greene made Three Point Jumper. Assisted by Jamir Chaplin.,28,19,9,12,0.5112812330360712,0.7622581840818783,3,4,-8,129.5,"c(""Tim Comer"", "" Garrick Shannon"", "" Keith Patterson"")","Tampa, FL",Yuengling Center,10411,3072,2,81.67555555555555,South Florida,made,Javon Greene,Jamir Chaplin,TRUE,FALSE,South Florida,UCF,FALSE
401377718,2022-01-15,South Florida,UCF,102,1,6:06,1566,1566,Darius Johnson missed Three Point Jumper.,28,19,9,14,0.5139930998180419,0.7635123344748199,3,4,-8,129.5,"c(""Tim Comer"", "" Garrick Shannon"", "" Keith Patterson"")","Tampa, FL",Yuengling Center,10411,3072,43,25.066666666666666,UCF,missed,Darius Johnson,NA,TRUE,FALSE,UCF,South Florida,FALSE
401377718,2022-01-15,South Florida,UCF,103,1,6:06,1566,1566,Corey Walker Jr. Defensive Rebound.,28,19,9,0,0.5139930998180419,0.7635123344748199,3,4,-8,129.5,"c(""Tim Comer"", "" Garrick Shannon"", "" Keith Patterson"")","Tampa, FL",Yuengling Center,10411,3072,NA,NA,NA,NA,NA,NA,NA,NA,UCF,South Florida,FALSE
401377718,2022-01-15,South Florida,UCF,104,1,5:58,1558,1558,Caleb Murphy missed Jumper.,28,19,9,8,0.5155531950177381,0.7642324641264614,3,4,-8,129.5,"c(""Tim Comer"", "" Garrick Shannon"", "" Keith Patterson"")","Tampa, FL",Yuengling Center,10411,3072,28.999999999999996,82.72,South Florida,missed,Caleb Murphy,NA,FALSE,FALSE,South Florida,UCF,FALSE
401377718,2022-01-15,South Florida,UCF,105,1,5:58,1558,1558,Brandon Mahan Defensive Rebound.,28,19,9,0,0.5155531950177381,0.7642324641264614,3,4,-8,129.5,"c(""Tim Comer"", "" Garrick Shannon"", "" Keith Patterson"")","Tampa, FL",Yuengling Center,10411,3072,NA,NA,NA,NA,NA,NA,NA,NA,South Florida,UCF,FALSE
401377718,2022-01-15,South Florida,UCF,106,1,5:43,1543,1543,Brandon Mahan Turnover.,28,19,9,15,0.5185028226327193,0.7655931936750435,3,4,-8,129.5,"c(""Tim Comer"", "" Garrick Shannon"", "" Keith Patterson"")","Tampa, FL",Yuengling Center,10411,3072,NA,NA,NA,NA,NA,NA,NA,NA,UCF,South Florida,FALSE
401377718,2022-01-15,South Florida,UCF,107,1,5:22,1522,1522,Javon Greene Turnover.,28,19,9,21,0.5226961339136729,0.7675306247713106,3,4,-8,129.5,"c(""Tim Comer"", "" Garrick Shannon"", "" Keith Patterson"")","Tampa, FL",Yuengling Center,10411,3072,NA,NA,NA,NA,NA,NA,NA,NA,South Florida,UCF,FALSE
401377718,2022-01-15,South Florida,UCF,108,1,5:22,1522,1522,Darius Johnson Steal.,28,19,9,0,0.5226961339136729,0.7675306247713106,3,4,-8,129.5,"c(""Tim Comer"", "" Garrick Shannon"", "" Keith Patterson"")","Tampa, FL",Yuengling Center,10411,3072,NA,NA,NA,NA,NA,NA,NA,NA,South Florida,UCF,FALSE
401377718,2022-01-15,South Florida,UCF,109,1,5:11,1511,1511,Jamille Reynolds missed Layup.,28,19,9,11,0.5249274309608581,0.7685651724257632,3,4,-8,129.5,"c(""Tim Comer"", "" Garrick Shannon"", "" Keith Patterson"")","Tampa, FL",Yuengling Center,10411,3072,24,5.222222222222221,UCF,missed,Jamille Reynolds,NA,FALSE,FALSE,UCF,UCF,FALSE
401377718,2022-01-15,South Florida,UCF,110,1,5:11,1511,1511,Caleb Murphy Block.,28,19,9,0,0.5249274309608581,0.7685651724257632,3,4,-8,129.5,"c(""Tim Comer"", "" Garrick Shannon"", "" Keith Patterson"")","Tampa, FL",Yuengling Center,10411,3072,NA,NA,NA,NA,NA,NA,NA,NA,UCF,UCF,FALSE
401377718,2022-01-15,South Florida,UCF,111,1,5:11,1511,1511,UCF Offensive Rebound.,28,19,9,0,0.5249274309608581,0.7685651724257632,3,4,-8,129.5,"c(""Tim Comer"", "" Garrick Shannon"", "" Keith Patterson"")","Tampa, FL",Yuengling Center,10411,3072,NA,NA,NA,NA,NA,NA,NA,NA,UCF,UCF,FALSE
401377718,2022-01-15,South Florida,UCF,112,1,5:02,1502,1502,Darius Perry missed Jumper.,28,19,9,9,0.5267730878432462,0.7694237165125513,3,4,-8,129.5,"c(""Tim Comer"", "" Garrick Shannon"", "" Keith Patterson"")","Tampa, FL",Yuengling Center,10411,3072,8,11.488888888888887,UCF,missed,Darius Perry,NA,FALSE,FALSE,UCF,UCF,FALSE
401377718,2022-01-15,South Florida,UCF,113,1,5:02,1502,1502,Jamille Reynolds Offensive Rebound.,28,19,9,0,0.5267730878432462,0.7694237165125513,3,4,-8,129.5,"c(""Tim Comer"", "" Garrick Shannon"", "" Keith Patterson"")","Tampa, FL",Yuengling Center,10411,3072,NA,NA,NA,NA,NA,NA,NA,NA,UCF,UCF,FALSE
401377718,2022-01-15,South Florida,UCF,114,1,4:49,1489,1489,Darius Perry Turnover.,28,19,9,13,0.5294737607576812,0.7706855913552287,3,4,-8,129.5,"c(""Tim Comer"", "" Garrick Shannon"", "" Keith Patterson"")","Tampa, FL",Yuengling Center,10411,3072,NA,NA,NA,NA,NA,NA,NA,NA,UCF,South Florida,FALSE
401377718,2022-01-15,South Florida,UCF,115,1,4:35,1475,1475,Javon Greene missed Three Point Jumper.,28,19,9,14,0.5324321809805665,0.7720768810806283,3,4,-8,129.5,"c(""Tim Comer"", "" Garrick Shannon"", "" Keith Patterson"")","Tampa, FL",Yuengling Center,10411,3072,47,90.0311111111111,South Florida,missed,Javon Greene,NA,TRUE,FALSE,South Florida,UCF,FALSE
401377718,2022-01-15,South Florida,UCF,116,1,4:35,1475,1475,Darius Perry Defensive Rebound.,28,19,9,0,0.5324321809805665,0.7720768810806283,3,4,-8,129.5,"c(""Tim Comer"", "" Garrick Shannon"", "" Keith Patterson"")","Tampa, FL",Yuengling Center,10411,3072,NA,NA,NA,NA,NA,NA,NA,NA,South Florida,UCF,FALSE
401377718,2022-01-15,South Florida,UCF,117,1,4:23,1463,1463,Dre Fuller Jr. Turnover.,28,19,9,12,0.5350128921088206,0.7732992672057123,3,4,-8,129.5,"c(""Tim Comer"", "" Garrick Shannon"", "" Keith Patterson"")","Tampa, FL",Yuengling Center,10411,3072,NA,NA,NA,NA,NA,NA,NA,NA,UCF,South Florida,FALSE
401377718,2022-01-15,South Florida,UCF,118,1,4:23,1463,1463,Jamir Chaplin Steal.,28,19,9,0,0.5350128921088206,0.7732992672057123,3,4,-8,129.5,"c(""Tim Comer"", "" Garrick Shannon"", "" Keith Patterson"")","Tampa, FL",Yuengling Center,10411,3072,NA,NA,NA,NA,NA,NA,NA,NA,UCF,South Florida,FALSE
401377718,2022-01-15,South Florida,UCF,119,1,4:23,1463,1463,Foul on Dre Fuller Jr..,28,19,9,0,0.5350128921088206,0.7732992672057123,3,4,-8,129.5,"c(""Tim Comer"", "" Garrick Shannon"", "" Keith Patterson"")","Tampa, FL",Yuengling Center,10411,3072,NA,NA,NA,NA,NA,NA,NA,NA,South Florida,South Florida,FALSE
401377718,2022-01-15,South Florida,UCF,120,1,4:23,1463,1463,Caleb Murphy made Free Throw.,29,19,10,0,0.5687169910864105,0.7963072857812479,3,4,-8,129.5,"c(""Tim Comer"", "" Garrick Shannon"", "" Keith Patterson"")","Tampa, FL",Yuengling Center,10411,3072,NA,NA,South Florida,made,Caleb Murphy,NA,NA,TRUE,South Florida,South Florida,FALSE
401377718,2022-01-15,South Florida,UCF,121,1,4:23,1463,1463,Caleb Murphy made Free Throw.,30,19,11,0,0.6017963838466367,0.8175311977691684,3,4,-8,129.5,"c(""Tim Comer"", "" Garrick Shannon"", "" Keith Patterson"")","Tampa, FL",Yuengling Center,10411,3072,NA,NA,South Florida,made,Caleb Murphy,NA,NA,TRUE,South Florida,UCF,FALSE
401377718,2022-01-15,South Florida,UCF,122,1,3:56,1436,1436,Dre Fuller Jr. made Jumper.,30,21,9,27,0.5409267862872481,0.7761150004623141,3,4,-8,129.5,"c(""Tim Comer"", "" Garrick Shannon"", "" Keith Patterson"")","Tampa, FL",Yuengling Center,10411,3072,40,4.177777777777778,UCF,made,Dre Fuller Jr.,NA,FALSE,FALSE,UCF,South Florida,FALSE
401377718,2022-01-15,South Florida,UCF,123,1,3:28,1408,1408,Official TV Timeout,30,21,9,28,0.5469302959675693,0.7788989121770549,3,4,-8,129.5,"c(""Tim Comer"", "" Garrick Shannon"", "" Keith Patterson"")","Tampa, FL",Yuengling Center,10411,3072,NA,NA,NA,NA,NA,NA,NA,NA,South Florida,South Florida,FALSE
401377718,2022-01-15,South Florida,UCF,124,1,3:25,1405,1405,Javon Greene missed Three Point Jumper.,30,21,9,3,0.5475658872165284,0.7791891241101659,3,4,-8,129.5,"c(""Tim Comer"", "" Garrick Shannon"", "" Keith Patterson"")","Tampa, FL",Yuengling Center,10411,3072,45,73.32,South Florida,missed,Javon Greene,NA,TRUE,FALSE,South Florida,South Florida,FALSE
401377718,2022-01-15,South Florida,UCF,125,1,3:25,1405,1405,Caleb Murphy Offensive Rebound.,30,21,9,0,0.5475658872165284,0.7791891241101659,3,4,-8,129.5,"c(""Tim Comer"", "" Garrick Shannon"", "" Keith Patterson"")","Tampa, FL",Yuengling Center,10411,3072,NA,NA,NA,NA,NA,NA,NA,NA,South Florida,South Florida,FALSE
401377718,2022-01-15,South Florida,UCF,126,1,3:10,1390,1390,Caleb Murphy missed Jumper.,30,21,9,15,0.5507298374086692,0.780623324600082,3,4,-8,129.5,"c(""Tim Comer"", "" Garrick Shannon"", "" Keith Patterson"")","Tampa, FL",Yuengling Center,10411,3072,34,68.09777777777778,South Florida,missed,Caleb Murphy,NA,FALSE,FALSE,South Florida,UCF,FALSE
401377718,2022-01-15,South Florida,UCF,127,1,3:10,1390,1390,Dre Fuller Jr. Defensive Rebound.,30,21,9,0,0.5507298374086692,0.780623324600082,3,4,-8,129.5,"c(""Tim Comer"", "" Garrick Shannon"", "" Keith Patterson"")","Tampa, FL",Yuengling Center,10411,3072,NA,NA,NA,NA,NA,NA,NA,NA,South Florida,UCF,FALSE
401377718,2022-01-15,South Florida,UCF,128,1,2:41,1361,1361,Darius Johnson Turnover.,30,21,9,29,0.5568199029717067,0.7833473536928367,3,4,-8,129.5,"c(""Tim Comer"", "" Garrick Shannon"", "" Keith Patterson"")","Tampa, FL",Yuengling Center,10411,3072,NA,NA,NA,NA,NA,NA,NA,NA,UCF,South Florida,FALSE
401377718,2022-01-15,South Florida,UCF,129,1,2:41,1361,1361,Russel Tchewa Steal.,30,21,9,0,0.5568199029717067,0.7833473536928367,3,4,-8,129.5,"c(""Tim Comer"", "" Garrick Shannon"", "" Keith Patterson"")","Tampa, FL",Yuengling Center,10411,3072,NA,NA,NA,NA,NA,NA,NA,NA,UCF,South Florida,FALSE
401377718,2022-01-15,South Florida,UCF,130,1,2:33,1353,1353,Jamir Chaplin missed Three Point Jumper.,30,21,9,8,0.5585037150672072,0.7840953009502931,3,4,-8,129.5,"c(""Tim Comer"", "" Garrick Shannon"", "" Keith Patterson"")","Tampa, FL",Yuengling Center,10411,3072,17,63.919999999999995,South Florida,missed,Jamir Chaplin,NA,TRUE,FALSE,South Florida,South Florida,FALSE
401377718,2022-01-15,South Florida,UCF,131,1,2:33,1353,1353,Jamir Chaplin Offensive Rebound.,30,21,9,0,0.5585037150672072,0.7840953009502931,3,4,-8,129.5,"c(""Tim Comer"", "" Garrick Shannon"", "" Keith Patterson"")","Tampa, FL",Yuengling Center,10411,3072,NA,NA,NA,NA,NA,NA,NA,NA,South Florida,South Florida,FALSE
401377718,2022-01-15,South Florida,UCF,132,1,2:23,1343,1343,Foul on Dre Fuller Jr..,30,21,9,10,0.5606162694723424,0.7850323072613902,3,4,-8,129.5,"c(""Tim Comer"", "" Garrick Shannon"", "" Keith Patterson"")","Tampa, FL",Yuengling Center,10411,3072,NA,NA,NA,NA,NA,NA,NA,NA,South Florida,South Florida,FALSE
401377718,2022-01-15,South Florida,UCF,133,1,2:23,1343,1343,Corey Walker Jr. missed Free Throw.,30,21,9,0,0.5606162694723424,0.7850323072613902,3,4,-8,129.5,"c(""Tim Comer"", "" Garrick Shannon"", "" Keith Patterson"")","Tampa, FL",Yuengling Center,10411,3072,NA,NA,South Florida,missed,Corey Walker Jr.,NA,NA,TRUE,South Florida,South Florida,FALSE
401377718,2022-01-15,South Florida,UCF,134,1,2:23,1343,1343,South Florida Deadball Team Rebound.,30,21,9,0,0.5606162694723424,0.7850323072613902,3,4,-8,129.5,"c(""Tim Comer"", "" Garrick Shannon"", "" Keith Patterson"")","Tampa, FL",Yuengling Center,10411,3072,NA,NA,NA,NA,NA,NA,NA,NA,South Florida,South Florida,FALSE
401377718,2022-01-15,South Florida,UCF,135,1,2:23,1343,1343,Corey Walker Jr. made Free Throw.,31,21,10,0,0.5956997001410034,0.8083233548949357,3,4,-8,129.5,"c(""Tim Comer"", "" Garrick Shannon"", "" Keith Patterson"")","Tampa, FL",Yuengling Center,10411,3072,NA,NA,South Florida,made,Corey Walker Jr.,NA,NA,TRUE,South Florida,UCF,FALSE
401377718,2022-01-15,South Florida,UCF,136,1,2:03,1323,1323,Brandon Mahan made Three Point Jumper. Assisted by Darius Johnson.,31,24,7,20,0.4926679468929238,0.734222915731731,3,4,-8,129.5,"c(""Tim Comer"", "" Garrick Shannon"", "" Keith Patterson"")","Tampa, FL",Yuengling Center,10411,3072,11,26.11111111111111,UCF,made,Brandon Mahan,Darius Johnson,TRUE,FALSE,UCF,South Florida,FALSE
401377718,2022-01-15,South Florida,UCF,137,1,1:48,1308,1308,Corey Walker Jr. made Jumper.,33,24,9,15,0.568131934493658,0.7883703762036599,3,4,-8,129.5,"c(""Tim Comer"", "" Garrick Shannon"", "" Keith Patterson"")","Tampa, FL",Yuengling Center,10411,3072,17,72.27555555555554,South Florida,made,Corey Walker Jr.,NA,FALSE,FALSE,South Florida,UCF,FALSE
401377718,2022-01-15,South Florida,UCF,138,1,1:32,1292,1292,Darius Johnson missed Three Point Jumper.,33,24,9,16,0.5716623629766685,0.7899502128642665,3,4,-8,129.5,"c(""Tim Comer"", "" Garrick Shannon"", "" Keith Patterson"")","Tampa, FL",Yuengling Center,10411,3072,15,30.288888888888888,UCF,missed,Darius Johnson,NA,TRUE,FALSE,UCF,South Florida,FALSE
401377718,2022-01-15,South Florida,UCF,139,1,1:32,1292,1292,Corey Walker Jr. Defensive Rebound.,33,24,9,0,0.5716623629766685,0.7899502128642665,3,4,-8,129.5,"c(""Tim Comer"", "" Garrick Shannon"", "" Keith Patterson"")","Tampa, FL",Yuengling Center,10411,3072,NA,NA,NA,NA,NA,NA,NA,NA,UCF,South Florida,FALSE
401377718,2022-01-15,South Florida,UCF,140,1,1:25,1285,1285,Corey Walker Jr. Turnover.,33,24,9,7,0.5732314776604565,0.7906563218589109,3,4,-8,129.5,"c(""Tim Comer"", "" Garrick Shannon"", "" Keith Patterson"")","Tampa, FL",Yuengling Center,10411,3072,NA,NA,NA,NA,NA,NA,NA,NA,South Florida,UCF,FALSE
401377718,2022-01-15,South Florida,UCF,141,1,1:17,1277,1277,C.J. Walker missed Layup.,33,24,9,8,0.5750453603294892,0.7914761004563403,3,4,-8,129.5,"c(""Tim Comer"", "" Garrick Shannon"", "" Keith Patterson"")","Tampa, FL",Yuengling Center,10411,3072,23,8.355555555555556,UCF,missed,C.J. Walker,NA,FALSE,FALSE,UCF,South Florida,FALSE
401377718,2022-01-15,South Florida,UCF,142,1,1:17,1277,1277,Javon Greene Defensive Rebound.,33,24,9,0,0.5750453603294892,0.7914761004563403,3,4,-8,129.5,"c(""Tim Comer"", "" Garrick Shannon"", "" Keith Patterson"")","Tampa, FL",Yuengling Center,10411,3072,NA,NA,NA,NA,NA,NA,NA,NA,UCF,South Florida,FALSE
401377718,2022-01-15,South Florida,UCF,143,1,1:11,1271,1271,Javon Greene Turnover.,33,24,9,6,0.5764212847030555,0.7921006704614008,3,4,-8,129.5,"c(""Tim Comer"", "" Garrick Shannon"", "" Keith Patterson"")","Tampa, FL",Yuengling Center,10411,3072,NA,NA,NA,NA,NA,NA,NA,NA,South Florida,UCF,FALSE
401377718,2022-01-15,South Florida,UCF,144,1,1:11,1271,1271,Tyem Freeman Steal.,33,24,9,0,0.5764212847030555,0.7921006704614008,3,4,-8,129.5,"c(""Tim Comer"", "" Garrick Shannon"", "" Keith Patterson"")","Tampa, FL",Yuengling Center,10411,3072,NA,NA,NA,NA,NA,NA,NA,NA,South Florida,UCF,FALSE
401377718,2022-01-15,South Florida,UCF,145,1,1:07,1267,1267,C.J. Walker made Dunk. Assisted by Tyem Freeman.,33,26,7,4,0.5035170371343208,0.7393077836541485,3,4,-8,129.5,"c(""Tim Comer"", "" Garrick Shannon"", "" Keith Patterson"")","Tampa, FL",Yuengling Center,10411,3072,25,5.222222222222221,UCF,made,C.J. Walker,Tyem Freeman,FALSE,FALSE,UCF,South Florida,FALSE
401377718,2022-01-15,South Florida,UCF,146,1,0:41,1241,1241,Jamir Chaplin made Jumper. Assisted by Corey Walker Jr..,35,26,9,26,0.5835292540542002,0.7953691437565844,3,4,-8,129.5,"c(""Tim Comer"", "" Garrick Shannon"", "" Keith Patterson"")","Tampa, FL",Yuengling Center,10411,3072,18,83.76444444444444,South Florida,made,Jamir Chaplin,Corey Walker Jr.,FALSE,FALSE,South Florida,UCF,FALSE
401377718,2022-01-15,South Florida,UCF,147,1,0:22,1222,1222,Darius Johnson missed Three Point Jumper.,35,26,9,19,0.5882584165662884,0.7975859907991536,3,4,-8,129.5,"c(""Tim Comer"", "" Garrick Shannon"", "" Keith Patterson"")","Tampa, FL",Yuengling Center,10411,3072,16,32.37777777777777,UCF,missed,Darius Johnson,NA,TRUE,FALSE,UCF,South Florida,FALSE
401377718,2022-01-15,South Florida,UCF,148,1,0:22,1222,1222,Bayron Matos Defensive Rebound.,35,26,9,0,0.5882584165662884,0.7975859907991536,3,4,-8,129.5,"c(""Tim Comer"", "" Garrick Shannon"", "" Keith Patterson"")","Tampa, FL",Yuengling Center,10411,3072,NA,NA,NA,NA,NA,NA,NA,NA,UCF,South Florida,FALSE
401377718,2022-01-15,South Florida,UCF,149,1,0:12,1212,1212,Javon Greene Turnover.,35,26,9,10,0.5908283141757185,0.798805313088401,3,4,-8,129.5,"c(""Tim Comer"", "" Garrick Shannon"", "" Keith Patterson"")","Tampa, FL",Yuengling Center,10411,3072,NA,NA,NA,NA,NA,NA,NA,NA,South Florida,UCF,FALSE
401377718,2022-01-15,South Florida,UCF,150,1,0:02,1202,1202,Darius Johnson Turnover.,35,26,9,10,0.5934225830861416,0.8000404559887966,3,4,-8,129.5,"c(""Tim Comer"", "" Garrick Shannon"", "" Keith Patterson"")","Tampa, FL",Yuengling Center,10411,3072,NA,NA,NA,NA,NA,NA,NA,NA,UCF,South Florida,FALSE
401377718,2022-01-15,South Florida,UCF,151,1,0:00,1200,1200,End of 1st half,35,26,9,2,0.5939360721889868,0.8002839754918194,3,4,-8,129.5,"c(""Tim Comer"", "" Garrick Shannon"", "" Keith Patterson"")","Tampa, FL",Yuengling Center,10411,3072,NA,NA,NA,NA,NA,NA,NA,NA,South Florida,NA,FALSE
401377718,2022-01-15,South Florida,UCF,152,2,20:00,1200,1200,PLAY,35,26,9,0,0.5939360721889868,0.8002839754918194,4,4,-8,129.5,"c(""Tim Comer"", "" Garrick Shannon"", "" Keith Patterson"")","Tampa, FL",Yuengling Center,10411,3072,NA,NA,NA,NA,NA,NA,NA,NA,NA,South Florida,FALSE
401377718,2022-01-15,South Florida,UCF,153,2,20:00,1200,1200,Jump Ball won by South Florida,35,26,9,0,0.5939360721889868,0.8002839754918194,4,4,-8,129.5,"c(""Tim Comer"", "" Garrick Shannon"", "" Keith Patterson"")","Tampa, FL",Yuengling Center,10411,3072,NA,NA,NA,NA,NA,NA,NA,NA,South Florida,South Florida,FALSE
401377718,2022-01-15,South Florida,UCF,154,2,19:39,1179,1179,Javon Greene Turnover.,35,26,9,21,0.5992280359019301,0.8027756581046581,4,4,-8,129.5,"c(""Tim Comer"", "" Garrick Shannon"", "" Keith Patterson"")","Tampa, FL",Yuengling Center,10411,3072,NA,NA,NA,NA,NA,NA,NA,NA,South Florida,UCF,FALSE
401377718,2022-01-15,South Florida,UCF,155,2,19:22,1162,1162,Isaiah Adams missed Jumper.,35,26,9,17,0.6034066668520982,0.8047233308889671,4,4,-8,129.5,"c(""Tim Comer"", "" Garrick Shannon"", "" Keith Patterson"")","Tampa, FL",Yuengling Center,10411,3072,39,10.444444444444443,UCF,missed,Isaiah Adams,NA,FALSE,FALSE,UCF,South Florida,FALSE
401377718,2022-01-15,South Florida,UCF,156,2,19:22,1162,1162,Corey Walker Jr. Block.,35,26,9,0,0.6034066668520982,0.8047233308889671,4,4,-8,129.5,"c(""Tim Comer"", "" Garrick Shannon"", "" Keith Patterson"")","Tampa, FL",Yuengling Center,10411,3072,NA,NA,NA,NA,NA,NA,NA,NA,UCF,South Florida,FALSE
401377718,2022-01-15,South Florida,UCF,157,2,19:22,1162,1162,Caleb Murphy Defensive Rebound.,35,26,9,0,0.6034066668520982,0.8047233308889671,4,4,-8,129.5,"c(""Tim Comer"", "" Garrick Shannon"", "" Keith Patterson"")","Tampa, FL",Yuengling Center,10411,3072,NA,NA,NA,NA,NA,NA,NA,NA,UCF,South Florida,FALSE
401377718,2022-01-15,South Florida,UCF,158,2,19:11,1151,1151,Corey Walker Jr. missed Layup.,35,26,9,11,0.6060764511092641,0.8059607204321669,4,4,-8,129.5,"c(""Tim Comer"", "" Garrick Shannon"", "" Keith Patterson"")","Tampa, FL",Yuengling Center,10411,3072,25,86.89777777777778,South Florida,missed,Corey Walker Jr.,NA,FALSE,FALSE,South Florida,UCF,FALSE
401377718,2022-01-15,South Florida,UCF,159,2,19:11,1151,1151,Isaiah Adams Defensive Rebound.,35,26,9,0,0.6060764511092641,0.8059607204321669,4,4,-8,129.5,"c(""Tim Comer"", "" Garrick Shannon"", "" Keith Patterson"")","Tampa, FL",Yuengling Center,10411,3072,NA,NA,NA,NA,NA,NA,NA,NA,South Florida,UCF,FALSE
401377718,2022-01-15,South Florida,UCF,160,2,18:55,1135,1135,Isaiah Adams Turnover.,35,26,9,16,0.6099321734152692,0.8077409986239191,4,4,-8,129.5,"c(""Tim Comer"", "" Garrick Shannon"", "" Keith Patterson"")","Tampa, FL",Yuengling Center,10411,3072,NA,NA,NA,NA,NA,NA,NA,NA,UCF,South Florida,FALSE
401377718,2022-01-15,South Florida,UCF,161,2,18:55,1135,1135,Corey Walker Jr. Steal.,35,26,9,0,0.6099321734152692,0.8077409986239191,4,4,-8,129.5,"c(""Tim Comer"", "" Garrick Shannon"", "" Keith Patterson"")","Tampa, FL",Yuengling Center,10411,3072,NA,NA,NA,NA,NA,NA,NA,NA,UCF,South Florida,FALSE
401377718,2022-01-15,South Florida,UCF,162,2,18:51,1131,1131,Corey Walker Jr. missed Layup.,35,26,9,4,0.61089359467231,0.8081840450659807,4,4,-8,129.5,"c(""Tim Comer"", "" Garrick Shannon"", "" Keith Patterson"")","Tampa, FL",Yuengling Center,10411,3072,26,85.85333333333332,South Florida,missed,Corey Walker Jr.,NA,FALSE,FALSE,South Florida,UCF,FALSE
401377718,2022-01-15,South Florida,UCF,163,2,18:51,1131,1131,Brandon Mahan Defensive Rebound.,35,26,9,0,0.61089359467231,0.8081840450659807,4,4,-8,129.5,"c(""Tim Comer"", "" Garrick Shannon"", "" Keith Patterson"")","Tampa, FL",Yuengling Center,10411,3072,NA,NA,NA,NA,NA,NA,NA,NA,South Florida,UCF,FALSE
401377718,2022-01-15,South Florida,UCF,164,2,18:44,1124,1124,Darius Perry missed Jumper.,35,26,9,7,0.6125758298789866,0.8089587477743692,4,4,-8,129.5,"c(""Tim Comer"", "" Garrick Shannon"", "" Keith Patterson"")","Tampa, FL",Yuengling Center,10411,3072,20,14.622222222222222,UCF,missed,Darius Perry,NA,FALSE,FALSE,UCF,South Florida,FALSE
401377718,2022-01-15,South Florida,UCF,165,2,18:44,1124,1124,Jamir Chaplin Defensive Rebound.,35,26,9,0,0.6125758298789866,0.8089587477743692,4,4,-8,129.5,"c(""Tim Comer"", "" Garrick Shannon"", "" Keith Patterson"")","Tampa, FL",Yuengling Center,10411,3072,NA,NA,NA,NA,NA,NA,NA,NA,UCF,South Florida,FALSE
401377718,2022-01-15,South Florida,UCF,166,2,18:40,1120,1120,Jamir Chaplin made Layup.,37,26,11,4,0.686448690682773,0.854144901551411,4,4,-8,129.5,"c(""Tim Comer"", "" Garrick Shannon"", "" Keith Patterson"")","Tampa, FL",Yuengling Center,10411,3072,25,85.85333333333332,South Florida,made,Jamir Chaplin,NA,FALSE,FALSE,South Florida,UCF,FALSE
401377718,2022-01-15,South Florida,UCF,167,2,18:32,1112,1112,Cheikh Mbacke Diong missed Layup.,37,26,11,8,0.6884711150776651,0.8550194864091488,4,4,-8,129.5,"c(""Tim Comer"", "" Garrick Shannon"", "" Keith Patterson"")","Tampa, FL",Yuengling Center,10411,3072,27,6.266666666666667,UCF,missed,Cheikh Mbacke Diong,NA,FALSE,FALSE,UCF,South Florida,FALSE
401377718,2022-01-15,South Florida,UCF,168,2,18:32,1112,1112,Caleb Murphy Defensive Rebound.,37,26,11,0,0.6884711150776651,0.8550194864091488,4,4,-8,129.5,"c(""Tim Comer"", "" Garrick Shannon"", "" Keith Patterson"")","Tampa, FL",Yuengling Center,10411,3072,NA,NA,NA,NA,NA,NA,NA,NA,UCF,South Florida,FALSE
401377718,2022-01-15,South Florida,UCF,169,2,18:28,1108,1108,Caleb Murphy missed Layup.,37,26,11,4,0.6894836662391307,0.8554573890481975,4,4,-8,129.5,"c(""Tim Comer"", "" Garrick Shannon"", "" Keith Patterson"")","Tampa, FL",Yuengling Center,10411,3072,26,85.85333333333332,South Florida,missed,Caleb Murphy,NA,FALSE,FALSE,South Florida,South Florida,FALSE
401377718,2022-01-15,South Florida,UCF,170,2,18:28,1108,1108,Darius Perry Block.,37,26,11,0,0.6894836662391307,0.8554573890481975,4,4,-8,129.5,"c(""Tim Comer"", "" Garrick Shannon"", "" Keith Patterson"")","Tampa, FL",Yuengling Center,10411,3072,NA,NA,NA,NA,NA,NA,NA,NA,South Florida,South Florida,FALSE
401377718,2022-01-15,South Florida,UCF,171,2,18:28,1108,1108,South Florida Offensive Rebound.,37,26,11,0,0.6894836662391307,0.8554573890481975,4,4,-8,129.5,"c(""Tim Comer"", "" Garrick Shannon"", "" Keith Patterson"")","Tampa, FL",Yuengling Center,10411,3072,NA,NA,NA,NA,NA,NA,NA,NA,South Florida,South Florida,FALSE
401377718,2022-01-15,South Florida,UCF,172,2,18:14,1094,1094,Russel Tchewa missed Jumper.,37,26,11,14,0.6930417455643126,0.8569971043753325,4,4,-8,129.5,"c(""Tim Comer"", "" Garrick Shannon"", "" Keith Patterson"")","Tampa, FL",Yuengling Center,10411,3072,31,81.67555555555555,South Florida,missed,Russel Tchewa,NA,FALSE,FALSE,South Florida,UCF,FALSE
401377718,2022-01-15,South Florida,UCF,173,2,18:14,1094,1094,C.J. Walker Defensive Rebound.,37,26,11,0,0.6930417455643126,0.8569971043753325,4,4,-8,129.5,"c(""Tim Comer"", "" Garrick Shannon"", "" Keith Patterson"")","Tampa, FL",Yuengling Center,10411,3072,NA,NA,NA,NA,NA,NA,NA,NA,South Florida,UCF,FALSE
401377718,2022-01-15,South Florida,UCF,174,2,18:06,1086,1086,Darin Green Jr. missed Three Point Jumper.,37,26,11,8,0.6950897051159116,0.8578844988209788,4,4,-8,129.5,"c(""Tim Comer"", "" Garrick Shannon"", "" Keith Patterson"")","Tampa, FL",Yuengling Center,10411,3072,45,19.84444444444444,UCF,missed,Darin Green Jr.,NA,TRUE,FALSE,UCF,South Florida,FALSE
401377718,2022-01-15,South Florida,UCF,175,2,18:06,1086,1086,South Florida Defensive Rebound.,37,26,11,0,0.6950897051159116,0.8578844988209788,4,4,-8,129.5,"c(""Tim Comer"", "" Garrick Shannon"", "" Keith Patterson"")","Tampa, FL",Yuengling Center,10411,3072,NA,NA,NA,NA,NA,NA,NA,NA,UCF,South Florida,FALSE
401377718,2022-01-15,South Florida,UCF,176,2,17:37,1057,1057,Jamir Chaplin missed Jumper.,37,26,11,29,0.7026603425712405,0.8611775864845104,4,4,-8,129.5,"c(""Tim Comer"", "" Garrick Shannon"", "" Keith Patterson"")","Tampa, FL",Yuengling Center,10411,3072,37,76.45333333333333,South Florida,missed,Jamir Chaplin,NA,FALSE,FALSE,South Florida,South Florida,FALSE
401377718,2022-01-15,South Florida,UCF,177,2,17:37,1057,1057,Jamir Chaplin Offensive Rebound.,37,26,11,0,0.7026603425712405,0.8611775864845104,4,4,-8,129.5,"c(""Tim Comer"", "" Garrick Shannon"", "" Keith Patterson"")","Tampa, FL",Yuengling Center,10411,3072,NA,NA,NA,NA,NA,NA,NA,NA,South Florida,South Florida,FALSE
401377718,2022-01-15,South Florida,UCF,178,2,17:20,1040,1040,Caleb Murphy made Jumper. Assisted by Sam Hines Jr..,39,26,13,17,0.7715284918800124,0.8981572585270275,4,4,-8,129.5,"c(""Tim Comer"", "" Garrick Shannon"", "" Keith Patterson"")","Tampa, FL",Yuengling Center,10411,3072,9,75.4088888888889,South Florida,made,Caleb Murphy,Sam Hines Jr.,FALSE,FALSE,South Florida,UCF,FALSE
401377718,2022-01-15,South Florida,UCF,179,2,17:08,1028,1028,Cheikh Mbacke Diong made Dunk. Assisted by Darius Johnson.,39,28,11,12,0.7105705733014052,0.8646476910353473,4,4,-8,129.5,"c(""Tim Comer"", "" Garrick Shannon"", "" Keith Patterson"")","Tampa, FL",Yuengling Center,10411,3072,24,4.177777777777778,UCF,made,Cheikh Mbacke Diong,Darius Johnson,FALSE,FALSE,UCF,South Florida,FALSE
401377718,2022-01-15,South Florida,UCF,180,2,16:40,1000,1000,Caleb Murphy missed Jumper.,39,28,11,28,0.7186564573129204,0.8682309888480316,4,4,-8,129.5,"c(""Tim Comer"", "" Garrick Shannon"", "" Keith Patterson"")","Tampa, FL",Yuengling Center,10411,3072,25,64.96444444444444,South Florida,missed,Caleb Murphy,NA,FALSE,FALSE,South Florida,UCF,FALSE
401377718,2022-01-15,South Florida,UCF,181,2,16:40,1000,1000,Brandon Mahan Defensive Rebound.,39,28,11,0,0.7186564573129204,0.8682309888480316,4,4,-8,129.5,"c(""Tim Comer"", "" Garrick Shannon"", "" Keith Patterson"")","Tampa, FL",Yuengling Center,10411,3072,NA,NA,NA,NA,NA,NA,NA,NA,South Florida,UCF,FALSE
401377718,2022-01-15,South Florida,UCF,182,2,16:37,997,997,Foul on Sam Hines Jr..,39,28,11,3,0.7195536629244051,0.8686308608089499,4,4,-8,129.5,"c(""Tim Comer"", "" Garrick Shannon"", "" Keith Patterson"")","Tampa, FL",Yuengling Center,10411,3072,NA,NA,NA,NA,NA,NA,NA,NA,UCF,UCF,FALSE
401377718,2022-01-15,South Florida,UCF,183,2,16:21,981,981,C.J. Walker Turnover.,39,28,11,16,0.7244507554160073,0.8708211001425847,4,4,-8,129.5,"c(""Tim Comer"", "" Garrick Shannon"", "" Keith Patterson"")","Tampa, FL",Yuengling Center,10411,3072,NA,NA,NA,NA,NA,NA,NA,NA,UCF,South Florida,FALSE
401377718,2022-01-15,South Florida,UCF,184,2,16:21,981,981,Caleb Murphy Steal.,39,28,11,0,0.7244507554160073,0.8708211001425847,4,4,-8,129.5,"c(""Tim Comer"", "" Garrick Shannon"", "" Keith Patterson"")","Tampa, FL",Yuengling Center,10411,3072,NA,NA,NA,NA,NA,NA,NA,NA,UCF,South Florida,FALSE
401377718,2022-01-15,South Florida,UCF,185,2,16:14,974,974,Jamir Chaplin missed Three Point Jumper.,39,28,11,7,0.7266555728905191,0.8718112858963378,4,4,-8,129.5,"c(""Tim Comer"", "" Garrick Shannon"", "" Keith Patterson"")","Tampa, FL",Yuengling Center,10411,3072,47,87.94222222222221,South Florida,missed,Jamir Chaplin,NA,TRUE,FALSE,South Florida,UCF,FALSE
401377718,2022-01-15,South Florida,UCF,186,2,16:14,974,974,C.J. Walker Defensive Rebound.,39,28,11,0,0.7266555728905191,0.8718112858963378,4,4,-8,129.5,"c(""Tim Comer"", "" Garrick Shannon"", "" Keith Patterson"")","Tampa, FL",Yuengling Center,10411,3072,NA,NA,NA,NA,NA,NA,NA,NA,South Florida,UCF,FALSE
401377718,2022-01-15,South Florida,UCF,187,2,16:05,965,965,Foul on Caleb Murphy.,39,28,11,9,0.7295142542198338,0.8730968424436274,4,4,-8,129.5,"c(""Tim Comer"", "" Garrick Shannon"", "" Keith Patterson"")","Tampa, FL",Yuengling Center,10411,3072,NA,NA,NA,NA,NA,NA,NA,NA,UCF,UCF,FALSE
401377718,2022-01-15,South Florida,UCF,188,2,15:59,959,959,Darius Johnson missed Three Point Jumper.,39,28,11,6,0.7313494411767879,0.873918635272505,4,4,-8,129.5,"c(""Tim Comer"", "" Garrick Shannon"", "" Keith Patterson"")","Tampa, FL",Yuengling Center,10411,3072,21.999999999999996,30.288888888888888,UCF,missed,Darius Johnson,NA,TRUE,FALSE,UCF,South Florida,FALSE
401377718,2022-01-15,South Florida,UCF,189,2,15:59,959,959,Javon Greene Defensive Rebound.,39,28,11,0,0.7313494411767879,0.873918635272505,4,4,-8,129.5,"c(""Tim Comer"", "" Garrick Shannon"", "" Keith Patterson"")","Tampa, FL",Yuengling Center,10411,3072,NA,NA,NA,NA,NA,NA,NA,NA,UCF,South Florida,FALSE
401377718,2022-01-15,South Florida,UCF,190,2,15:48,948,948,Caleb Murphy missed Jumper.,39,28,11,11,0.7345541513595782,0.8753457608694195,4,4,-8,129.5,"c(""Tim Comer"", "" Garrick Shannon"", "" Keith Patterson"")","Tampa, FL",Yuengling Center,10411,3072,16,85.85333333333332,South Florida,missed,Caleb Murphy,NA,FALSE,FALSE,South Florida,South Florida,FALSE
401377718,2022-01-15,South Florida,UCF,191,2,15:48,948,948,Russel Tchewa Offensive Rebound.,39,28,11,0,0.7345541513595782,0.8753457608694195,4,4,-8,129.5,"c(""Tim Comer"", "" Garrick Shannon"", "" Keith Patterson"")","Tampa, FL",Yuengling Center,10411,3072,NA,NA,NA,NA,NA,NA,NA,NA,South Florida,South Florida,FALSE
401377718,2022-01-15,South Florida,UCF,192,2,15:46,946,946,Russel Tchewa made Layup.,41,28,13,2,0.7982724380176563,0.9093855782161597,4,4,-8,129.5,"c(""Tim Comer"", "" Garrick Shannon"", "" Keith Patterson"")","Tampa, FL",Yuengling Center,10411,3072,26,85.85333333333332,South Florida,made,Russel Tchewa,NA,FALSE,FALSE,South Florida,South Florida,FALSE
401377718,2022-01-15,South Florida,UCF,193,2,15:46,946,946,Foul on Cheikh Mbacke Diong.,41,28,13,0,0.7982724380176563,0.9093855782161597,4,4,-8,129.5,"c(""Tim Comer"", "" Garrick Shannon"", "" Keith Patterson"")","Tampa, FL",Yuengling Center,10411,3072,NA,NA,NA,NA,NA,NA,NA,NA,South Florida,South Florida,FALSE
401377718,2022-01-15,South Florida,UCF,194,2,15:46,946,946,Russel Tchewa missed Free Throw.,41,28,13,0,0.7982724380176563,0.9093855782161597,4,4,-8,129.5,"c(""Tim Comer"", "" Garrick Shannon"", "" Keith Patterson"")","Tampa, FL",Yuengling Center,10411,3072,NA,NA,South Florida,missed,Russel Tchewa,NA,NA,TRUE,South Florida,South Florida,FALSE
401377718,2022-01-15,South Florida,UCF,195,2,15:46,946,946,Corey Walker Jr. Offensive Rebound.,41,28,13,0,0.7982724380176563,0.9093855782161597,4,4,-8,129.5,"c(""Tim Comer"", "" Garrick Shannon"", "" Keith Patterson"")","Tampa, FL",Yuengling Center,10411,3072,NA,NA,NA,NA,NA,NA,NA,NA,South Florida,South Florida,FALSE
401377718,2022-01-15,South Florida,UCF,196,2,15:40,940,940,Javon Greene made Three Point Jumper. Assisted by Corey Walker Jr..,44,28,16,6,0.8720586938528171,0.9452221836990313,4,4,-8,129.5,"c(""Tim Comer"", "" Garrick Shannon"", "" Keith Patterson"")","Tampa, FL",Yuengling Center,10411,3072,39,66.00888888888889,South Florida,made,Javon Greene,Corey Walker Jr.,TRUE,FALSE,South Florida,UCF,FALSE
401377718,2022-01-15,South Florida,UCF,197,2,15:26,926,926,Brandon Mahan Turnover.,44,28,16,14,0.8749186554962678,0.9463425853420123,4,4,-8,129.5,"c(""Tim Comer"", "" Garrick Shannon"", "" Keith Patterson"")","Tampa, FL",Yuengling Center,10411,3072,NA,NA,NA,NA,NA,NA,NA,NA,UCF,South Florida,FALSE
401377718,2022-01-15,South Florida,UCF,198,2,15:26,926,926,Javon Greene Steal.,44,28,16,0,0.8749186554962678,0.9463425853420123,4,4,-8,129.5,"c(""Tim Comer"", "" Garrick Shannon"", "" Keith Patterson"")","Tampa, FL",Yuengling Center,10411,3072,NA,NA,NA,NA,NA,NA,NA,NA,UCF,South Florida,FALSE
401377718,2022-01-15,South Florida,UCF,199,2,15:08,908,908,Caleb Murphy missed Jumper.,44,28,16,18,0.8783279631047687,0.9476735696849601,4,4,-8,129.5,"c(""Tim Comer"", "" Garrick Shannon"", "" Keith Patterson"")","Tampa, FL",Yuengling Center,10411,3072,8,85.85333333333332,South Florida,missed,Caleb Murphy,NA,FALSE,FALSE,South Florida,UCF,FALSE
401377718,2022-01-15,South Florida,UCF,200,2,15:08,908,908,Darius Johnson Defensive Rebound.,44,28,16,0,0.8783279631047687,0.9476735696849601,4,4,-8,129.5,"c(""Tim Comer"", "" Garrick Shannon"", "" Keith Patterson"")","Tampa, FL",Yuengling Center,10411,3072,NA,NA,NA,NA,NA,NA,NA,NA,South Florida,UCF,FALSE
401377718,2022-01-15,South Florida,UCF,201,2,14:55,895,895,C.J. Walker missed Layup.,44,28,16,13,0.8806558536790824,0.9485807690893789,4,4,-8,129.5,"c(""Tim Comer"", "" Garrick Shannon"", "" Keith Patterson"")","Tampa, FL",Yuengling Center,10411,3072,20,5.222222222222221,UCF,missed,C.J. Walker,NA,FALSE,FALSE,UCF,UCF,FALSE
401377718,2022-01-15,South Florida,UCF,202,2,14:55,895,895,UCF Offensive Rebound.,44,28,16,0,0.8806558536790824,0.9485807690893789,4,4,-8,129.5,"c(""Tim Comer"", "" Garrick Shannon"", "" Keith Patterson"")","Tampa, FL",Yuengling Center,10411,3072,NA,NA,NA,NA,NA,NA,NA,NA,UCF,UCF,FALSE
401377718,2022-01-15,South Florida,UCF,203,2,14:39,879,879,Darius Johnson made Layup.,44,30,14,16,0.8399841562736835,0.9289152281486648,4,4,-8,129.5,"c(""Tim Comer"", "" Garrick Shannon"", "" Keith Patterson"")","Tampa, FL",Yuengling Center,10411,3072,21.999999999999996,4.177777777777778,UCF,made,Darius Johnson,NA,FALSE,FALSE,UCF,South Florida,FALSE
401377718,2022-01-15,South Florida,UCF,204,2,14:06,846,846,Russel Tchewa missed Jumper.,44,30,14,33,0.8465795298660688,0.9315851279974625,4,4,-8,129.5,"c(""Tim Comer"", "" Garrick Shannon"", "" Keith Patterson"")","Tampa, FL",Yuengling Center,10411,3072,28.999999999999996,79.58666666666667,South Florida,missed,Russel Tchewa,NA,FALSE,FALSE,South Florida,UCF,FALSE
401377718,2022-01-15,South Florida,UCF,205,2,14:06,846,846,UCF Defensive Rebound.,44,30,14,0,0.8465795298660688,0.9315851279974625,4,4,-8,129.5,"c(""Tim Comer"", "" Garrick Shannon"", "" Keith Patterson"")","Tampa, FL",Yuengling Center,10411,3072,NA,NA,NA,NA,NA,NA,NA,NA,South Florida,UCF,FALSE
401377718,2022-01-15,South Florida,UCF,206,2,13:48,828,828,Darin Green Jr. missed Jumper.,44,30,14,18,0.8503000534387104,0.9331028329869211,4,4,-8,129.5,"c(""Tim Comer"", "" Garrick Shannon"", "" Keith Patterson"")","Tampa, FL",Yuengling Center,10411,3072,40,5.222222222222221,UCF,missed,Darin Green Jr.,NA,FALSE,FALSE,UCF,South Florida,FALSE
401377718,2022-01-15,South Florida,UCF,207,2,13:48,828,828,Corey Walker Jr. Defensive Rebound.,44,30,14,0,0.8503000534387104,0.9331028329869211,4,4,-8,129.5,"c(""Tim Comer"", "" Garrick Shannon"", "" Keith Patterson"")","Tampa, FL",Yuengling Center,10411,3072,NA,NA,NA,NA,NA,NA,NA,NA,UCF,South Florida,FALSE
401377718,2022-01-15,South Florida,UCF,208,2,13:26,806,806,Russel Tchewa missed Jumper.,44,30,14,22,0.8551138809599725,0.9350825927824645,4,4,-8,129.5,"c(""Tim Comer"", "" Garrick Shannon"", "" Keith Patterson"")","Tampa, FL",Yuengling Center,10411,3072,21,84.80888888888889,South Florida,missed,Russel Tchewa,NA,FALSE,FALSE,South Florida,UCF,FALSE
401377718,2022-01-15,South Florida,UCF,209,2,13:26,806,806,Darius Johnson Block.,44,30,14,0,0.8551138809599725,0.9350825927824645,4,4,-8,129.5,"c(""Tim Comer"", "" Garrick Shannon"", "" Keith Patterson"")","Tampa, FL",Yuengling Center,10411,3072,NA,NA,NA,NA,NA,NA,NA,NA,South Florida,UCF,FALSE
401377718,2022-01-15,South Florida,UCF,210,2,13:26,806,806,Cheikh Mbacke Diong Defensive Rebound.,44,30,14,0,0.8551138809599725,0.9350825927824645,4,4,-8,129.5,"c(""Tim Comer"", "" Garrick Shannon"", "" Keith Patterson"")","Tampa, FL",Yuengling Center,10411,3072,NA,NA,NA,NA,NA,NA,NA,NA,South Florida,UCF,FALSE
401377718,2022-01-15,South Florida,UCF,211,2,13:26,806,806,Foul on Corey Walker Jr..,44,30,14,0,0.8551138809599725,0.9350825927824645,4,4,-8,129.5,"c(""Tim Comer"", "" Garrick Shannon"", "" Keith Patterson"")","Tampa, FL",Yuengling Center,10411,3072,NA,NA,NA,NA,NA,NA,NA,NA,South Florida,UCF,FALSE
401377718,2022-01-15,South Florida,UCF,212,2,13:12,792,792,Foul on Caleb Murphy.,44,30,14,14,0.8583848311797395,0.9364382042303323,4,4,-8,129.5,"c(""Tim Comer"", "" Garrick Shannon"", "" Keith Patterson"")","Tampa, FL",Yuengling Center,10411,3072,NA,NA,NA,NA,NA,NA,NA,NA,UCF,UCF,FALSE
401377718,2022-01-15,South Florida,UCF,213,2,13:01,781,781,Foul on Caleb Murphy.,44,30,14,11,0.8610909766779068,0.9375656346935881,4,4,-8,129.5,"c(""Tim Comer"", "" Garrick Shannon"", "" Keith Patterson"")","Tampa, FL",Yuengling Center,10411,3072,NA,NA,NA,NA,NA,NA,NA,NA,UCF,UCF,FALSE
401377718,2022-01-15,South Florida,UCF,214,2,13:01,781,781,Cheikh Mbacke Diong made Free Throw.,44,31,13,0,0.8362886132637914,0.925232288933691,4,4,-8,129.5,"c(""Tim Comer"", "" Garrick Shannon"", "" Keith Patterson"")","Tampa, FL",Yuengling Center,10411,3072,NA,NA,UCF,made,Cheikh Mbacke Diong,NA,NA,TRUE,UCF,UCF,FALSE
401377718,2022-01-15,South Florida,UCF,215,2,13:01,781,781,Cheikh Mbacke Diong made Free Throw.,44,32,12,0,0.8080449620613884,0.910694669184119,4,4,-8,129.5,"c(""Tim Comer"", "" Garrick Shannon"", "" Keith Patterson"")","Tampa, FL",Yuengling Center,10411,3072,NA,NA,UCF,made,Cheikh Mbacke Diong,NA,NA,TRUE,UCF,South Florida,FALSE
401377718,2022-01-15,South Florida,UCF,216,2,12:38,758,758,Javon Greene made Jumper.,46,32,14,23,0.8671908899118722,0.9401240520093124,4,4,-8,129.5,"c(""Tim Comer"", "" Garrick Shannon"", "" Keith Patterson"")","Tampa, FL",Yuengling Center,10411,3072,31,79.58666666666667,South Florida,made,Javon Greene,NA,FALSE,FALSE,South Florida,UCF,FALSE
401377718,2022-01-15,South Florida,UCF,217,2,12:17,737,737,Dre Fuller Jr. made Jumper. Assisted by Darin Green Jr..,46,34,12,21,0.822105499351824,0.916882895845818,4,4,-8,129.5,"c(""Tim Comer"", "" Garrick Shannon"", "" Keith Patterson"")","Tampa, FL",Yuengling Center,10411,3072,32,3.1333333333333333,UCF,made,Dre Fuller Jr.,Darin Green Jr.,FALSE,FALSE,UCF,South Florida,FALSE
401377718,2022-01-15,South Florida,UCF,218,2,11:49,709,709,Javon Greene made Three Point Jumper. Assisted by DJ Patrick.,49,34,15,28,0.9013353578269503,0.9557201261343352,4,4,-8,129.5,"c(""Tim Comer"", "" Garrick Shannon"", "" Keith Patterson"")","Tampa, FL",Yuengling Center,10411,3072,5,68.09777777777778,South Florida,made,Javon Greene,DJ Patrick,TRUE,FALSE,South Florida,UCF,FALSE
401377718,2022-01-15,South Florida,UCF,219,2,11:33,693,693,Darin Green Jr. missed Three Point Jumper.,49,34,15,16,0.9049363636875892,0.95719944083878,4,4,-8,129.5,"c(""Tim Comer"", "" Garrick Shannon"", "" Keith Patterson"")","Tampa, FL",Yuengling Center,10411,3072,4,15.666666666666664,UCF,missed,Darin Green Jr.,NA,TRUE,FALSE,UCF,South Florida,FALSE
401377718,2022-01-15,South Florida,UCF,220,2,11:33,693,693,South Florida Defensive Rebound.,49,34,15,0,0.9049363636875892,0.95719944083878,4,4,-8,129.5,"c(""Tim Comer"", "" Garrick Shannon"", "" Keith Patterson"")","Tampa, FL",Yuengling Center,10411,3072,NA,NA,NA,NA,NA,NA,NA,NA,UCF,South Florida,FALSE
401377718,2022-01-15,South Florida,UCF,221,2,11:30,690,690,Official TV Timeout,49,34,15,3,0.9055708826728159,0.9574589696087105,4,4,-8,129.5,"c(""Tim Comer"", "" Garrick Shannon"", "" Keith Patterson"")","Tampa, FL",Yuengling Center,10411,3072,NA,NA,NA,NA,NA,NA,NA,NA,South Florida,South Florida,FALSE
401377718,2022-01-15,South Florida,UCF,222,2,11:09,669,669,DJ Patrick missed Three Point Jumper.,49,34,15,21,0.9097705910105811,0.959170938661588,4,4,-8,129.5,"c(""Tim Comer"", "" Garrick Shannon"", "" Keith Patterson"")","Tampa, FL",Yuengling Center,10411,3072,47,78.54222222222222,South Florida,missed,DJ Patrick,NA,TRUE,FALSE,South Florida,South Florida,FALSE
401377718,2022-01-15,South Florida,UCF,223,2,11:09,669,669,Corey Walker Jr. Offensive Rebound.,49,34,15,0,0.9097705910105811,0.959170938661588,4,4,-8,129.5,"c(""Tim Comer"", "" Garrick Shannon"", "" Keith Patterson"")","Tampa, FL",Yuengling Center,10411,3072,NA,NA,NA,NA,NA,NA,NA,NA,South Florida,South Florida,FALSE
401377718,2022-01-15,South Florida,UCF,224,2,10:47,647,647,DJ Patrick made Three Point Jumper. Assisted by Javon Greene.,52,34,18,22,0.9527068068131685,0.9789821413903854,4,4,-8,129.5,"c(""Tim Comer"", "" Garrick Shannon"", "" Keith Patterson"")","Tampa, FL",Yuengling Center,10411,3072,6,71.2311111111111,South Florida,made,DJ Patrick,Javon Greene,TRUE,FALSE,South Florida,UCF,FALSE
401377718,2022-01-15,South Florida,UCF,225,2,10:25,625,625,Darin Green Jr. missed Three Point Jumper.,52,34,18,22,0.9555246811563084,0.9801141746885594,4,4,-8,129.5,"c(""Tim Comer"", "" Garrick Shannon"", "" Keith Patterson"")","Tampa, FL",Yuengling Center,10411,3072,35,27.15555555555555,UCF,missed,Darin Green Jr.,NA,TRUE,FALSE,UCF,UCF,FALSE
401377718,2022-01-15,South Florida,UCF,226,2,10:25,625,625,UCF Offensive Rebound.,52,34,18,0,0.9555246811563084,0.9801141746885594,4,4,-8,129.5,"c(""Tim Comer"", "" Garrick Shannon"", "" Keith Patterson"")","Tampa, FL",Yuengling Center,10411,3072,NA,NA,NA,NA,NA,NA,NA,NA,UCF,UCF,FALSE
401377718,2022-01-15,South Florida,UCF,227,2,10:21,621,621,UCF  Timeout,52,34,18,4,0.9560503757137184,0.9803268778489763,4,3,-8,129.5,"c(""Tim Comer"", "" Garrick Shannon"", "" Keith Patterson"")","Tampa, FL",Yuengling Center,10411,3072,NA,NA,NA,NA,NA,NA,NA,NA,UCF,UCF,FALSE
401377718,2022-01-15,South Florida,UCF,228,2,10:21,621,621,Official TV Timeout,52,34,18,0,0.9560503757137184,0.9803268778489763,4,3,-8,129.5,"c(""Tim Comer"", "" Garrick Shannon"", "" Keith Patterson"")","Tampa, FL",Yuengling Center,10411,3072,NA,NA,NA,NA,NA,NA,NA,NA,UCF,UCF,FALSE
401377718,2022-01-15,South Florida,UCF,229,2,10:16,616,616,Darius Perry missed Three Point Jumper.,52,34,18,5,0.9567163098261915,0.9805970956011691,4,3,-8,129.5,"c(""Tim Comer"", "" Garrick Shannon"", "" Keith Patterson"")","Tampa, FL",Yuengling Center,10411,3072,42,22.977777777777774,UCF,missed,Darius Perry,NA,TRUE,FALSE,UCF,UCF,FALSE
401377718,2022-01-15,South Florida,UCF,230,2,10:16,616,616,Darius Perry Offensive Rebound.,52,34,18,0,0.9567163098261915,0.9805970956011691,4,3,-8,129.5,"c(""Tim Comer"", "" Garrick Shannon"", "" Keith Patterson"")","Tampa, FL",Yuengling Center,10411,3072,NA,NA,NA,NA,NA,NA,NA,NA,UCF,UCF,FALSE
401377718,2022-01-15,South Florida,UCF,231,2,10:09,609,609,Foul on DJ Patrick.,52,34,18,7,0.9576675674577112,0.9809846329560084,4,3,-8,129.5,"c(""Tim Comer"", "" Garrick Shannon"", "" Keith Patterson"")","Tampa, FL",Yuengling Center,10411,3072,NA,NA,NA,NA,NA,NA,NA,NA,UCF,UCF,FALSE
401377718,2022-01-15,South Florida,UCF,232,2,10:09,609,609,Darin Green Jr. made Free Throw.,52,35,17,0,0.9478402301968901,0.9764370934583604,4,3,-8,129.5,"c(""Tim Comer"", "" Garrick Shannon"", "" Keith Patterson"")","Tampa, FL",Yuengling Center,10411,3072,NA,NA,UCF,made,Darin Green Jr.,NA,NA,TRUE,UCF,UCF,FALSE
401377718,2022-01-15,South Florida,UCF,233,2,10:09,609,609,Darin Green Jr. missed Free Throw.,52,35,17,0,0.9478402301968901,0.9764370934583604,4,3,-8,129.5,"c(""Tim Comer"", "" Garrick Shannon"", "" Keith Patterson"")","Tampa, FL",Yuengling Center,10411,3072,NA,NA,UCF,missed,Darin Green Jr.,NA,NA,TRUE,UCF,South Florida,FALSE
401377718,2022-01-15,South Florida,UCF,234,2,10:09,609,609,Sam Hines Jr. Defensive Rebound.,52,35,17,0,0.9478402301968901,0.9764370934583604,4,3,-8,129.5,"c(""Tim Comer"", "" Garrick Shannon"", "" Keith Patterson"")","Tampa, FL",Yuengling Center,10411,3072,NA,NA,NA,NA,NA,NA,NA,NA,UCF,South Florida,FALSE
401377718,2022-01-15,South Florida,UCF,235,2,9:48,588,588,Foul on Tyem Freeman.,52,35,17,21,0.9513443120096932,0.9778856092389245,4,3,-8,129.5,"c(""Tim Comer"", "" Garrick Shannon"", "" Keith Patterson"")","Tampa, FL",Yuengling Center,10411,3072,NA,NA,NA,NA,NA,NA,NA,NA,South Florida,South Florida,FALSE
401377718,2022-01-15,South Florida,UCF,236,2,9:46,586,586,DJ Patrick made Three Point Jumper. Assisted by Trey Moss.,55,35,20,2,0.974681985957714,0.9886354621227946,4,3,-8,129.5,"c(""Tim Comer"", "" Garrick Shannon"", "" Keith Patterson"")","Tampa, FL",Yuengling Center,10411,3072,2,87.94222222222221,South Florida,made,DJ Patrick,Trey Moss,TRUE,FALSE,South Florida,UCF,FALSE
401377718,2022-01-15,South Florida,UCF,237,2,9:32,572,572,Jamille Reynolds made Dunk. Assisted by Darin Green Jr..,55,37,18,14,0.9631715792609611,0.9832627584343485,4,3,-8,129.5,"c(""Tim Comer"", "" Garrick Shannon"", "" Keith Patterson"")","Tampa, FL",Yuengling Center,10411,3072,25,4.177777777777778,UCF,made,Jamille Reynolds,Darin Green Jr.,FALSE,FALSE,UCF,South Florida,FALSE
401377718,2022-01-15,South Florida,UCF,238,2,9:06,546,546,Sam Hines Jr. made Layup. Assisted by Bayron Matos.,57,37,20,26,0.9793906134773933,0.990607797788782,4,3,-8,129.5,"c(""Tim Comer"", "" Garrick Shannon"", "" Keith Patterson"")","Tampa, FL",Yuengling Center,10411,3072,27,86.89777777777778,South Florida,made,Sam Hines Jr.,Bayron Matos,FALSE,FALSE,South Florida,UCF,FALSE
401377718,2022-01-15,South Florida,UCF,239,2,8:57,537,537,Foul on Trey Moss.,57,37,20,9,0.9803652479802157,0.9910193968069246,4,3,-8,129.5,"c(""Tim Comer"", "" Garrick Shannon"", "" Keith Patterson"")","Tampa, FL",Yuengling Center,10411,3072,NA,NA,NA,NA,NA,NA,NA,NA,UCF,UCF,FALSE
401377718,2022-01-15,South Florida,UCF,240,2,8:57,537,537,Darius Perry missed Free Throw.,57,37,20,0,0.9803652479802157,0.9910193968069246,4,3,-8,129.5,"c(""Tim Comer"", "" Garrick Shannon"", "" Keith Patterson"")","Tampa, FL",Yuengling Center,10411,3072,NA,NA,UCF,missed,Darius Perry,NA,NA,TRUE,UCF,South Florida,FALSE
401377718,2022-01-15,South Florida,UCF,241,2,8:57,537,537,Javon Greene Defensive Rebound.,57,37,20,0,0.9803652479802157,0.9910193968069246,4,3,-8,129.5,"c(""Tim Comer"", "" Garrick Shannon"", "" Keith Patterson"")","Tampa, FL",Yuengling Center,10411,3072,NA,NA,NA,NA,NA,NA,NA,NA,UCF,South Florida,FALSE
401377718,2022-01-15,South Florida,UCF,242,2,8:55,535,535,Foul on Darius Perry.,57,37,20,2,0.9805640655598314,0.991103200022342,4,3,-8,129.5,"c(""Tim Comer"", "" Garrick Shannon"", "" Keith Patterson"")","Tampa, FL",Yuengling Center,10411,3072,NA,NA,NA,NA,NA,NA,NA,NA,South Florida,South Florida,FALSE
401377718,2022-01-15,South Florida,UCF,243,2,8:26,506,506,Javon Greene Turnover.,57,37,20,29,0.9829835740569814,0.9921201900944356,4,3,-8,129.5,"c(""Tim Comer"", "" Garrick Shannon"", "" Keith Patterson"")","Tampa, FL",Yuengling Center,10411,3072,NA,NA,NA,NA,NA,NA,NA,NA,South Florida,UCF,FALSE
401377718,2022-01-15,South Florida,UCF,244,2,8:19,499,499,Darius Perry made Layup.,57,39,18,7,0.9734313994041922,0.9875941810000725,4,3,-8,129.5,"c(""Tim Comer"", "" Garrick Shannon"", "" Keith Patterson"")","Tampa, FL",Yuengling Center,10411,3072,26,4.177777777777778,UCF,made,Darius Perry,NA,FALSE,FALSE,UCF,South Florida,FALSE
401377718,2022-01-15,South Florida,UCF,245,2,8:09,489,489,Trey Moss missed Three Point Jumper.,57,39,18,10,0.9744772722275945,0.9880362050015843,4,3,-8,129.5,"c(""Tim Comer"", "" Garrick Shannon"", "" Keith Patterson"")","Tampa, FL",Yuengling Center,10411,3072,32,60.78666666666667,South Florida,missed,Trey Moss,NA,TRUE,FALSE,South Florida,South Florida,FALSE
401377718,2022-01-15,South Florida,UCF,246,2,8:09,489,489,South Florida Offensive Rebound.,57,39,18,0,0.9744772722275945,0.9880362050015843,4,3,-8,129.5,"c(""Tim Comer"", "" Garrick Shannon"", "" Keith Patterson"")","Tampa, FL",Yuengling Center,10411,3072,NA,NA,NA,NA,NA,NA,NA,NA,South Florida,South Florida,FALSE
401377718,2022-01-15,South Florida,UCF,247,2,8:07,487,487,Foul on Darius Perry.,57,39,18,2,0.9746874349862019,0.988125377450308,4,3,-8,129.5,"c(""Tim Comer"", "" Garrick Shannon"", "" Keith Patterson"")","Tampa, FL",Yuengling Center,10411,3072,NA,NA,NA,NA,NA,NA,NA,NA,South Florida,South Florida,FALSE
401377718,2022-01-15,South Florida,UCF,248,2,7:50,470,470,Javon Greene made Jumper.,59,39,20,17,0.9856195437247232,0.9932403986478563,4,3,-8,129.5,"c(""Tim Comer"", "" Garrick Shannon"", "" Keith Patterson"")","Tampa, FL",Yuengling Center,10411,3072,23,77.49777777777777,South Florida,made,Javon Greene,NA,FALSE,FALSE,South Florida,UCF,FALSE
401377718,2022-01-15,South Florida,UCF,249,2,7:41,461,461,Darin Green Jr. missed Jumper.,59,39,20,9,0.9863290392959455,0.9935479279376511,4,3,-8,129.5,"c(""Tim Comer"", "" Garrick Shannon"", "" Keith Patterson"")","Tampa, FL",Yuengling Center,10411,3072,36,6.266666666666667,UCF,missed,Darin Green Jr.,NA,FALSE,FALSE,UCF,South Florida,FALSE
401377718,2022-01-15,South Florida,UCF,250,2,7:41,461,461,Bayron Matos Defensive Rebound.,59,39,20,0,0.9863290392959455,0.9935479279376511,4,3,-8,129.5,"c(""Tim Comer"", "" Garrick Shannon"", "" Keith Patterson"")","Tampa, FL",Yuengling Center,10411,3072,NA,NA,NA,NA,NA,NA,NA,NA,UCF,South Florida,FALSE
401377718,2022-01-15,South Florida,UCF,251,2,7:33,453,453,Caleb Murphy Turnover.,59,39,20,8,0.9869926503090788,0.9938381557650274,4,3,-8,129.5,"c(""Tim Comer"", "" Garrick Shannon"", "" Keith Patterson"")","Tampa, FL",Yuengling Center,10411,3072,NA,NA,NA,NA,NA,NA,NA,NA,South Florida,UCF,FALSE
401377718,2022-01-15,South Florida,UCF,252,2,7:33,453,453,Official TV Timeout,59,39,20,0,0.9869926503090788,0.9938381557650274,4,3,-8,129.5,"c(""Tim Comer"", "" Garrick Shannon"", "" Keith Patterson"")","Tampa, FL",Yuengling Center,10411,3072,NA,NA,NA,NA,NA,NA,NA,NA,South Florida,UCF,FALSE
401377718,2022-01-15,South Florida,UCF,253,2,7:21,441,441,Brandon Mahan missed Three Point Jumper.,59,39,20,12,0.9880520060870149,0.9943063957292135,4,3,-8,129.5,"c(""Tim Comer"", "" Garrick Shannon"", "" Keith Patterson"")","Tampa, FL",Yuengling Center,10411,3072,47,6.266666666666667,UCF,missed,Brandon Mahan,NA,TRUE,FALSE,UCF,South Florida,FALSE
401377718,2022-01-15,South Florida,UCF,254,2,7:21,441,441,Caleb Murphy Defensive Rebound.,59,39,20,0,0.9880520060870149,0.9943063957292135,4,3,-8,129.5,"c(""Tim Comer"", "" Garrick Shannon"", "" Keith Patterson"")","Tampa, FL",Yuengling Center,10411,3072,NA,NA,NA,NA,NA,NA,NA,NA,UCF,South Florida,FALSE
401377718,2022-01-15,South Florida,UCF,255,2,6:51,411,411,Foul on Darius Perry.,59,39,20,30,0.9907005087154942,0.9954934778689121,4,3,-8,129.5,"c(""Tim Comer"", "" Garrick Shannon"", "" Keith Patterson"")","Tampa, FL",Yuengling Center,10411,3072,NA,NA,NA,NA,NA,NA,NA,NA,South Florida,South Florida,FALSE
401377718,2022-01-15,South Florida,UCF,256,2,6:51,411,411,Sam Hines Jr. missed Free Throw.,59,39,20,0,0.9907005087154942,0.9954934778689121,4,3,-8,129.5,"c(""Tim Comer"", "" Garrick Shannon"", "" Keith Patterson"")","Tampa, FL",Yuengling Center,10411,3072,NA,NA,South Florida,missed,Sam Hines Jr.,NA,NA,TRUE,South Florida,South Florida,FALSE
401377718,2022-01-15,South Florida,UCF,257,2,6:51,411,411,South Florida Deadball Team Rebound.,59,39,20,0,0.9907005087154942,0.9954934778689121,4,3,-8,129.5,"c(""Tim Comer"", "" Garrick Shannon"", "" Keith Patterson"")","Tampa, FL",Yuengling Center,10411,3072,NA,NA,NA,NA,NA,NA,NA,NA,South Florida,South Florida,FALSE
401377718,2022-01-15,South Florida,UCF,258,2,6:51,411,411,Sam Hines Jr. made Free Throw.,60,39,21,0,0.992884495637833,0.9965557486101663,4,3,-8,129.5,"c(""Tim Comer"", "" Garrick Shannon"", "" Keith Patterson"")","Tampa, FL",Yuengling Center,10411,3072,NA,NA,South Florida,made,Sam Hines Jr.,NA,NA,TRUE,South Florida,UCF,FALSE
401377718,2022-01-15,South Florida,UCF,259,2,6:40,400,400,Darius Perry missed Three Point Jumper.,60,39,21,11,0.9935069084321182,0.9968353327158358,4,3,-8,129.5,"c(""Tim Comer"", "" Garrick Shannon"", "" Keith Patterson"")","Tampa, FL",Yuengling Center,10411,3072,24,31.33333333333333,UCF,missed,Darius Perry,NA,TRUE,FALSE,UCF,South Florida,FALSE
401377718,2022-01-15,South Florida,UCF,260,2,6:40,400,400,Javon Greene Defensive Rebound.,60,39,21,0,0.9935069084321182,0.9968353327158358,4,3,-8,129.5,"c(""Tim Comer"", "" Garrick Shannon"", "" Keith Patterson"")","Tampa, FL",Yuengling Center,10411,3072,NA,NA,NA,NA,NA,NA,NA,NA,UCF,South Florida,FALSE
401377718,2022-01-15,South Florida,UCF,261,2,6:08,368,368,Sam Hines Jr. made Layup. Assisted by Javon Greene.,62,39,23,32,0.9972053843862434,0.9986096621261501,4,3,-8,129.5,"c(""Tim Comer"", "" Garrick Shannon"", "" Keith Patterson"")","Tampa, FL",Yuengling Center,10411,3072,23,87.94222222222221,South Florida,made,Sam Hines Jr.,Javon Greene,FALSE,FALSE,South Florida,UCF,FALSE
401377718,2022-01-15,South Florida,UCF,262,2,5:58,358,358,Darin Green Jr. missed Layup.,62,39,23,10,0.9974812614064499,0.9987377121034432,4,3,-8,129.5,"c(""Tim Comer"", "" Garrick Shannon"", "" Keith Patterson"")","Tampa, FL",Yuengling Center,10411,3072,21.999999999999996,6.266666666666667,UCF,missed,Darin Green Jr.,NA,FALSE,FALSE,UCF,South Florida,FALSE
401377718,2022-01-15,South Florida,UCF,263,2,5:58,358,358,Javon Greene Defensive Rebound.,62,39,23,0,0.9974812614064499,0.9987377121034432,4,3,-8,129.5,"c(""Tim Comer"", "" Garrick Shannon"", "" Keith Patterson"")","Tampa, FL",Yuengling Center,10411,3072,NA,NA,NA,NA,NA,NA,NA,NA,UCF,South Florida,FALSE
401377718,2022-01-15,South Florida,UCF,264,2,5:44,344,344,Caleb Murphy missed Jumper.,62,39,23,14,0.9978567418105747,0.9989144474204552,4,3,-8,129.5,"c(""Tim Comer"", "" Garrick Shannon"", "" Keith Patterson"")","Tampa, FL",Yuengling Center,10411,3072,18,79.58666666666667,South Florida,missed,Caleb Murphy,NA,FALSE,FALSE,South Florida,South Florida,FALSE
401377718,2022-01-15,South Florida,UCF,265,2,5:44,344,344,Javon Greene Offensive Rebound.,62,39,23,0,0.9978567418105747,0.9989144474204552,4,3,-8,129.5,"c(""Tim Comer"", "" Garrick Shannon"", "" Keith Patterson"")","Tampa, FL",Yuengling Center,10411,3072,NA,NA,NA,NA,NA,NA,NA,NA,South Florida,South Florida,FALSE
401377718,2022-01-15,South Florida,UCF,266,2,5:26,326,326,Caleb Murphy made Jumper.,64,39,25,18,0.9990902139319872,0.9995327733566179,4,3,-8,129.5,"c(""Tim Comer"", "" Garrick Shannon"", "" Keith Patterson"")","Tampa, FL",Yuengling Center,10411,3072,36,70.18666666666667,South Florida,made,Caleb Murphy,NA,FALSE,FALSE,South Florida,UCF,FALSE
401377718,2022-01-15,South Florida,UCF,267,2,5:12,312,312,Foul on Bayron Matos.,64,39,25,14,0.9992880590033181,0.9996301153729912,4,3,-8,129.5,"c(""Tim Comer"", "" Garrick Shannon"", "" Keith Patterson"")","Tampa, FL",Yuengling Center,10411,3072,NA,NA,NA,NA,NA,NA,NA,NA,UCF,UCF,FALSE
401377718,2022-01-15,South Florida,UCF,268,2,5:12,312,312,Darius Perry made Free Throw.,64,40,24,0,0.9990236624306291,0.999492685246595,4,3,-8,129.5,"c(""Tim Comer"", "" Garrick Shannon"", "" Keith Patterson"")","Tampa, FL",Yuengling Center,10411,3072,NA,NA,UCF,made,Darius Perry,NA,NA,TRUE,UCF,UCF,FALSE
401377718,2022-01-15,South Florida,UCF,269,2,5:12,312,312,Darius Perry made Free Throw.,64,41,23,0,0.9986612073218223,0.9993042286856291,4,3,-8,129.5,"c(""Tim Comer"", "" Garrick Shannon"", "" Keith Patterson"")","Tampa, FL",Yuengling Center,10411,3072,NA,NA,UCF,made,Darius Perry,NA,NA,TRUE,UCF,South Florida,FALSE
401377718,2022-01-15,South Florida,UCF,270,2,4:54,294,294,Caleb Murphy missed Jumper.,64,41,23,18,0.9989111650973787,0.9994255412302877,4,3,-8,129.5,"c(""Tim Comer"", "" Garrick Shannon"", "" Keith Patterson"")","Tampa, FL",Yuengling Center,10411,3072,28.000000000000004,83.76444444444444,South Florida,missed,Caleb Murphy,NA,FALSE,FALSE,South Florida,South Florida,FALSE
401377718,2022-01-15,South Florida,UCF,271,2,4:54,294,294,Bayron Matos Offensive Rebound.,64,41,23,0,0.9989111650973787,0.9994255412302877,4,3,-8,129.5,"c(""Tim Comer"", "" Garrick Shannon"", "" Keith Patterson"")","Tampa, FL",Yuengling Center,10411,3072,NA,NA,NA,NA,NA,NA,NA,NA,South Florida,South Florida,FALSE
401377718,2022-01-15,South Florida,UCF,272,2,4:52,292,292,Foul on Isaiah Adams.,64,41,23,2,0.9989193494353004,0.9994289075403461,4,3,-8,129.5,"c(""Tim Comer"", "" Garrick Shannon"", "" Keith Patterson"")","Tampa, FL",Yuengling Center,10411,3072,NA,NA,NA,NA,NA,NA,NA,NA,South Florida,South Florida,FALSE
401377718,2022-01-15,South Florida,UCF,273,2,4:52,292,292,Bayron Matos missed Free Throw.,64,41,23,0,0.9989193494353004,0.9994289075403461,4,3,-8,129.5,"c(""Tim Comer"", "" Garrick Shannon"", "" Keith Patterson"")","Tampa, FL",Yuengling Center,10411,3072,NA,NA,South Florida,missed,Bayron Matos,NA,NA,TRUE,South Florida,South Florida,FALSE
401377718,2022-01-15,South Florida,UCF,274,2,4:52,292,292,South Florida Deadball Team Rebound.,64,41,23,0,0.9989193494353004,0.9994289075403461,4,3,-8,129.5,"c(""Tim Comer"", "" Garrick Shannon"", "" Keith Patterson"")","Tampa, FL",Yuengling Center,10411,3072,NA,NA,NA,NA,NA,NA,NA,NA,South Florida,South Florida,FALSE
401377718,2022-01-15,South Florida,UCF,275,2,4:52,292,292,Bayron Matos made Free Throw.,65,41,24,0,0.9992187078906288,0.9995871681325071,4,3,-8,129.5,"c(""Tim Comer"", "" Garrick Shannon"", "" Keith Patterson"")","Tampa, FL",Yuengling Center,10411,3072,NA,NA,South Florida,made,Bayron Matos,NA,NA,TRUE,South Florida,UCF,FALSE
401377718,2022-01-15,South Florida,UCF,276,2,4:45,285,285,Isaiah Adams Turnover.,65,41,24,7,0.9992247574688325,0.9995879650658427,4,3,-8,129.5,"c(""Tim Comer"", "" Garrick Shannon"", "" Keith Patterson"")","Tampa, FL",Yuengling Center,10411,3072,NA,NA,NA,NA,NA,NA,NA,NA,UCF,South Florida,FALSE
401377718,2022-01-15,South Florida,UCF,277,2,4:45,285,285,Javon Greene Steal.,65,41,24,0,0.9992247574688325,0.9995879650658427,4,3,-8,129.5,"c(""Tim Comer"", "" Garrick Shannon"", "" Keith Patterson"")","Tampa, FL",Yuengling Center,10411,3072,NA,NA,NA,NA,NA,NA,NA,NA,UCF,South Florida,FALSE
401377718,2022-01-15,South Florida,UCF,278,2,4:39,279,279,Russel Tchewa Turnover.,65,41,24,6,0.9992144412416679,0.999580382391656,4,3,-8,129.5,"c(""Tim Comer"", "" Garrick Shannon"", "" Keith Patterson"")","Tampa, FL",Yuengling Center,10411,3072,NA,NA,NA,NA,NA,NA,NA,NA,South Florida,UCF,FALSE
401377718,2022-01-15,South Florida,UCF,279,2,4:35,275,275,Foul on Caleb Murphy.,65,41,24,4,0.9992013672410474,0.9995719647689408,4,3,-8,129.5,"c(""Tim Comer"", "" Garrick Shannon"", "" Keith Patterson"")","Tampa, FL",Yuengling Center,10411,3072,NA,NA,NA,NA,NA,NA,NA,NA,UCF,UCF,FALSE
401377718,2022-01-15,South Florida,UCF,280,2,4:35,275,275,Darius Johnson missed Free Throw.,65,41,24,0,0.9992013672410474,0.9995719647689408,4,3,-8,129.5,"c(""Tim Comer"", "" Garrick Shannon"", "" Keith Patterson"")","Tampa, FL",Yuengling Center,10411,3072,NA,NA,UCF,missed,Darius Johnson,NA,NA,TRUE,UCF,UCF,FALSE
401377718,2022-01-15,South Florida,UCF,281,2,4:35,275,275,UCF Deadball Team Rebound.,65,41,24,0,0.9992013672410474,0.9995719647689408,4,3,-8,129.5,"c(""Tim Comer"", "" Garrick Shannon"", "" Keith Patterson"")","Tampa, FL",Yuengling Center,10411,3072,NA,NA,NA,NA,NA,NA,NA,NA,UCF,UCF,FALSE
401377718,2022-01-15,South Florida,UCF,282,2,4:35,275,275,Darius Johnson made Free Throw.,65,42,23,0,0.9988970340703986,0.9994087707943501,4,3,-8,129.5,"c(""Tim Comer"", "" Garrick Shannon"", "" Keith Patterson"")","Tampa, FL",Yuengling Center,10411,3072,NA,NA,UCF,made,Darius Johnson,NA,NA,TRUE,UCF,South Florida,FALSE
401377718,2022-01-15,South Florida,UCF,283,2,4:25,265,265,Foul on Darius Johnson.,65,42,23,10,0.9988345505498066,0.9993699688614844,4,3,-8,129.5,"c(""Tim Comer"", "" Garrick Shannon"", "" Keith Patterson"")","Tampa, FL",Yuengling Center,10411,3072,NA,NA,NA,NA,NA,NA,NA,NA,South Florida,UCF,FALSE
401377718,2022-01-15,South Florida,UCF,284,2,4:25,265,265,Russel Tchewa missed Free Throw.,65,42,23,0,0.9988345505498066,0.9993699688614844,4,3,-8,129.5,"c(""Tim Comer"", "" Garrick Shannon"", "" Keith Patterson"")","Tampa, FL",Yuengling Center,10411,3072,NA,NA,South Florida,missed,Russel Tchewa,NA,NA,TRUE,South Florida,UCF,FALSE
401377718,2022-01-15,South Florida,UCF,285,2,4:25,265,265,C.J. Walker Defensive Rebound.,65,42,23,0,0.9988345505498066,0.9993699688614844,4,3,-8,129.5,"c(""Tim Comer"", "" Garrick Shannon"", "" Keith Patterson"")","Tampa, FL",Yuengling Center,10411,3072,NA,NA,NA,NA,NA,NA,NA,NA,South Florida,UCF,FALSE
401377718,2022-01-15,South Florida,UCF,286,2,4:18,258,258,Darius Perry made Layup.,65,44,21,7,0.9977025077725382,0.9987499006245416,4,3,-8,129.5,"c(""Tim Comer"", "" Garrick Shannon"", "" Keith Patterson"")","Tampa, FL",Yuengling Center,10411,3072,28,5.222222222222221,UCF,made,Darius Perry,NA,FALSE,FALSE,UCF,South Florida,FALSE
401377718,2022-01-15,South Florida,UCF,287,2,4:15,255,255,Javon Greene Turnover.,65,44,21,3,0.9976657981294986,0.9987266144601601,4,3,-8,129.5,"c(""Tim Comer"", "" Garrick Shannon"", "" Keith Patterson"")","Tampa, FL",Yuengling Center,10411,3072,NA,NA,NA,NA,NA,NA,NA,NA,South Florida,UCF,FALSE
401377718,2022-01-15,South Florida,UCF,288,2,4:13,253,253,Darius Perry missed Three Point Jumper.,65,44,21,2,0.9976425761154677,0.9987116993083439,4,3,-8,129.5,"c(""Tim Comer"", "" Garrick Shannon"", "" Keith Patterson"")","Tampa, FL",Yuengling Center,10411,3072,3,18.799999999999997,UCF,missed,Darius Perry,NA,TRUE,FALSE,UCF,South Florida,FALSE
401377718,2022-01-15,South Florida,UCF,289,2,4:13,253,253,Jamir Chaplin Defensive Rebound.,65,44,21,0,0.9976425761154677,0.9987116993083439,4,3,-8,129.5,"c(""Tim Comer"", "" Garrick Shannon"", "" Keith Patterson"")","Tampa, FL",Yuengling Center,10411,3072,NA,NA,NA,NA,NA,NA,NA,NA,UCF,South Florida,FALSE
401377718,2022-01-15,South Florida,UCF,290,2,4:07,247,247,Foul on Darius Johnson.,65,44,21,6,0.997583400823497,0.9986723628801455,4,3,-8,129.5,"c(""Tim Comer"", "" Garrick Shannon"", "" Keith Patterson"")","Tampa, FL",Yuengling Center,10411,3072,NA,NA,NA,NA,NA,NA,NA,NA,South Florida,South Florida,FALSE
401377718,2022-01-15,South Florida,UCF,291,2,4:07,247,247,Jamir Chaplin made Free Throw.,66,44,22,0,0.9982359135893241,0.9990311274981594,4,3,-8,129.5,"c(""Tim Comer"", "" Garrick Shannon"", "" Keith Patterson"")","Tampa, FL",Yuengling Center,10411,3072,NA,NA,South Florida,made,Jamir Chaplin,NA,NA,TRUE,South Florida,South Florida,FALSE
401377718,2022-01-15,South Florida,UCF,292,2,4:07,247,247,Jamir Chaplin made Free Throw.,67,44,23,0,0.9987124669370472,0.9992930125318085,4,3,-8,129.5,"c(""Tim Comer"", "" Garrick Shannon"", "" Keith Patterson"")","Tampa, FL",Yuengling Center,10411,3072,NA,NA,South Florida,made,Jamir Chaplin,NA,NA,TRUE,South Florida,UCF,FALSE
401377718,2022-01-15,South Florida,UCF,293,2,4:00,240,240,Darius Johnson Turnover.,67,44,23,7,0.9986900014196661,0.9992761565755732,4,3,-8,129.5,"c(""Tim Comer"", "" Garrick Shannon"", "" Keith Patterson"")","Tampa, FL",Yuengling Center,10411,3072,NA,NA,NA,NA,NA,NA,NA,NA,UCF,South Florida,FALSE
401377718,2022-01-15,South Florida,UCF,294,2,4:00,240,240,Javon Greene Steal.,67,44,23,0,0.9986900014196661,0.9992761565755732,4,3,-8,129.5,"c(""Tim Comer"", "" Garrick Shannon"", "" Keith Patterson"")","Tampa, FL",Yuengling Center,10411,3072,NA,NA,NA,NA,NA,NA,NA,NA,UCF,South Florida,FALSE
401377718,2022-01-15,South Florida,UCF,295,2,3:52,232,232,Official TV Timeout,67,44,23,8,0.998701601627263,0.9992772938891952,4,3,-8,129.5,"c(""Tim Comer"", "" Garrick Shannon"", "" Keith Patterson"")","Tampa, FL",Yuengling Center,10411,3072,NA,NA,NA,NA,NA,NA,NA,NA,South Florida,South Florida,FALSE
401377718,2022-01-15,South Florida,UCF,296,2,3:51,231,231,Sam Hines Jr. Turnover.,67,44,23,1,0.9987064864877826,0.9992793438510328,4,3,-8,129.5,"c(""Tim Comer"", "" Garrick Shannon"", "" Keith Patterson"")","Tampa, FL",Yuengling Center,10411,3072,NA,NA,NA,NA,NA,NA,NA,NA,South Florida,UCF,FALSE
401377718,2022-01-15,South Florida,UCF,297,2,3:51,231,231,Darius Johnson Steal.,67,44,23,0,0.9987064864877826,0.9992793438510328,4,3,-8,129.5,"c(""Tim Comer"", "" Garrick Shannon"", "" Keith Patterson"")","Tampa, FL",Yuengling Center,10411,3072,NA,NA,NA,NA,NA,NA,NA,NA,South Florida,UCF,FALSE
401377718,2022-01-15,South Florida,UCF,298,2,3:40,220,220,Dre Fuller Jr. made Layup. Assisted by Darius Johnson.,67,46,21,11,0.9977687562783333,0.9987432823831702,4,3,-8,129.5,"c(""Tim Comer"", "" Garrick Shannon"", "" Keith Patterson"")","Tampa, FL",Yuengling Center,10411,3072,25,6.266666666666667,UCF,made,Dre Fuller Jr.,Darius Johnson,FALSE,FALSE,UCF,South Florida,FALSE
401377718,2022-01-15,South Florida,UCF,299,2,3:02,182,182,Caleb Murphy Turnover.,67,46,21,38,0.9993028502224225,0.999591340036313,4,3,-8,129.5,"c(""Tim Comer"", "" Garrick Shannon"", "" Keith Patterson"")","Tampa, FL",Yuengling Center,10411,3072,NA,NA,NA,NA,NA,NA,NA,NA,South Florida,UCF,FALSE
401377718,2022-01-15,South Florida,UCF,300,2,2:58,178,178,Tyem Freeman missed Jumper.,67,46,21,4,0.9994190028218475,0.9996578695379732,4,3,-8,129.5,"c(""Tim Comer"", "" Garrick Shannon"", "" Keith Patterson"")","Tampa, FL",Yuengling Center,10411,3072,24,9.399999999999999,UCF,missed,Tyem Freeman,NA,FALSE,FALSE,UCF,South Florida,FALSE
401377718,2022-01-15,South Florida,UCF,301,2,2:58,178,178,Caleb Murphy Defensive Rebound.,67,46,21,0,0.9994190028218475,0.9996578695379732,4,3,-8,129.5,"c(""Tim Comer"", "" Garrick Shannon"", "" Keith Patterson"")","Tampa, FL",Yuengling Center,10411,3072,NA,NA,NA,NA,NA,NA,NA,NA,UCF,South Florida,FALSE
401377718,2022-01-15,South Florida,UCF,302,2,2:47,167,167,Jamir Chaplin made Dunk. Assisted by Caleb Murphy.,69,46,23,11,0.9998452479426627,0.9999077074770708,4,3,-8,129.5,"c(""Tim Comer"", "" Garrick Shannon"", "" Keith Patterson"")","Tampa, FL",Yuengling Center,10411,3072,25,86.89777777777778,South Florida,made,Jamir Chaplin,Caleb Murphy,FALSE,FALSE,South Florida,UCF,FALSE
401377718,2022-01-15,South Florida,UCF,303,2,2:33,153,153,Jamille Reynolds Turnover.,69,46,23,14,0.9999282650046878,0.9999564941645132,4,3,-8,129.5,"c(""Tim Comer"", "" Garrick Shannon"", "" Keith Patterson"")","Tampa, FL",Yuengling Center,10411,3072,NA,NA,NA,NA,NA,NA,NA,NA,UCF,South Florida,FALSE
401377718,2022-01-15,South Florida,UCF,304,2,2:33,153,153,Corey Walker Jr. Steal.,69,46,23,0,0.9999282650046878,0.9999564941645132,4,3,-8,129.5,"c(""Tim Comer"", "" Garrick Shannon"", "" Keith Patterson"")","Tampa, FL",Yuengling Center,10411,3072,NA,NA,NA,NA,NA,NA,NA,NA,UCF,South Florida,FALSE
401377718,2022-01-15,South Florida,UCF,305,2,2:23,143,143,Foul on Jamille Reynolds.,69,46,23,10,0.9999606696699026,0.9999758510905102,4,3,-8,129.5,"c(""Tim Comer"", "" Garrick Shannon"", "" Keith Patterson"")","Tampa, FL",Yuengling Center,10411,3072,NA,NA,NA,NA,NA,NA,NA,NA,South Florida,South Florida,FALSE
401377718,2022-01-15,South Florida,UCF,306,2,2:23,143,143,Russel Tchewa missed Free Throw.,69,46,23,0,0.9999606696699026,0.9999758510905102,4,3,-8,129.5,"c(""Tim Comer"", "" Garrick Shannon"", "" Keith Patterson"")","Tampa, FL",Yuengling Center,10411,3072,NA,NA,South Florida,missed,Russel Tchewa,NA,NA,TRUE,South Florida,South Florida,FALSE
401377718,2022-01-15,South Florida,UCF,307,2,2:23,143,143,South Florida Deadball Team Rebound.,69,46,23,0,0.9999606696699026,0.9999758510905102,4,3,-8,129.5,"c(""Tim Comer"", "" Garrick Shannon"", "" Keith Patterson"")","Tampa, FL",Yuengling Center,10411,3072,NA,NA,NA,NA,NA,NA,NA,NA,South Florida,South Florida,FALSE
401377718,2022-01-15,South Florida,UCF,308,2,2:23,143,143,Russel Tchewa made Free Throw.,70,46,24,0,0.9999752263051667,0.9999847889821633,4,3,-8,129.5,"c(""Tim Comer"", "" Garrick Shannon"", "" Keith Patterson"")","Tampa, FL",Yuengling Center,10411,3072,NA,NA,South Florida,made,Russel Tchewa,NA,NA,TRUE,South Florida,UCF,FALSE
401377718,2022-01-15,South Florida,UCF,309,2,2:18,138,138,Darius Johnson made Three Point Jumper.,70,49,21,5,0.9999260862695222,0.999954330187355,4,3,-8,129.5,"c(""Tim Comer"", "" Garrick Shannon"", "" Keith Patterson"")","Tampa, FL",Yuengling Center,10411,3072,37,26.11111111111111,UCF,made,Darius Johnson,NA,TRUE,FALSE,UCF,South Florida,FALSE
401377718,2022-01-15,South Florida,UCF,310,2,2:00,120,120,Jamir Chaplin missed Three Point Jumper.,70,49,21,18,0.9999773634989981,0.9999856839884697,4,3,-8,129.5,"c(""Tim Comer"", "" Garrick Shannon"", "" Keith Patterson"")","Tampa, FL",Yuengling Center,10411,3072,43,71.2311111111111,South Florida,missed,Jamir Chaplin,NA,TRUE,FALSE,South Florida,South Florida,FALSE
401377718,2022-01-15,South Florida,UCF,311,2,2:00,120,120,Russel Tchewa Offensive Rebound.,70,49,21,0,0.9999773634989981,0.9999856839884697,4,3,-8,129.5,"c(""Tim Comer"", "" Garrick Shannon"", "" Keith Patterson"")","Tampa, FL",Yuengling Center,10411,3072,NA,NA,NA,NA,NA,NA,NA,NA,South Florida,South Florida,FALSE
401377718,2022-01-15,South Florida,UCF,312,2,1:54,114,114,Javon Greene Turnover.,70,49,21,6,0.9999855065846214,0.9999907601567342,4,3,-8,129.5,"c(""Tim Comer"", "" Garrick Shannon"", "" Keith Patterson"")","Tampa, FL",Yuengling Center,10411,3072,NA,NA,NA,NA,NA,NA,NA,NA,South Florida,UCF,FALSE
401377718,2022-01-15,South Florida,UCF,313,2,1:47,107,107,Tyem Freeman missed Three Point Jumper.,70,49,21,7,0.999991701617989,0.9999946589853185,4,3,-8,129.5,"c(""Tim Comer"", "" Garrick Shannon"", "" Keith Patterson"")","Tampa, FL",Yuengling Center,10411,3072,47,4.177777777777778,UCF,missed,Tyem Freeman,NA,TRUE,FALSE,UCF,South Florida,FALSE
401377718,2022-01-15,South Florida,UCF,314,2,1:47,107,107,Corey Walker Jr. Defensive Rebound.,70,49,21,0,0.999991701617989,0.9999946589853185,4,3,-8,129.5,"c(""Tim Comer"", "" Garrick Shannon"", "" Keith Patterson"")","Tampa, FL",Yuengling Center,10411,3072,NA,NA,NA,NA,NA,NA,NA,NA,UCF,South Florida,FALSE
401377718,2022-01-15,South Florida,UCF,315,2,1:43,103,103,Foul on Darius Johnson.,70,49,21,4,0.9999940820552636,0.9999961699664602,4,3,-8,129.5,"c(""Tim Comer"", "" Garrick Shannon"", "" Keith Patterson"")","Tampa, FL",Yuengling Center,10411,3072,NA,NA,NA,NA,NA,NA,NA,NA,South Florida,South Florida,FALSE
401377718,2022-01-15,South Florida,UCF,316,2,1:43,103,103,Corey Walker Jr. made Free Throw.,71,49,22,0,0.999996732396135,0.9999978852420472,4,3,-8,129.5,"c(""Tim Comer"", "" Garrick Shannon"", "" Keith Patterson"")","Tampa, FL",Yuengling Center,10411,3072,NA,NA,South Florida,made,Corey Walker Jr.,NA,NA,TRUE,South Florida,South Florida,FALSE
401377718,2022-01-15,South Florida,UCF,317,2,1:43,103,103,Corey Walker Jr. made Free Throw.,72,49,23,0,0.9999981957887711,0.9999988323345692,4,3,-8,129.5,"c(""Tim Comer"", "" Garrick Shannon"", "" Keith Patterson"")","Tampa, FL",Yuengling Center,10411,3072,NA,NA,South Florida,made,Corey Walker Jr.,NA,NA,TRUE,South Florida,UCF,FALSE
401377718,2022-01-15,South Florida,UCF,318,2,1:34,94,94,Tyem Freeman Turnover.,72,49,23,9,0.9999992609281041,0.9999995155772046,4,3,-8,129.5,"c(""Tim Comer"", "" Garrick Shannon"", "" Keith Patterson"")","Tampa, FL",Yuengling Center,10411,3072,NA,NA,NA,NA,NA,NA,NA,NA,UCF,South Florida,FALSE
401377718,2022-01-15,South Florida,UCF,319,2,1:34,94,94,Javon Greene Steal.,72,49,23,0,0.9999992609281041,0.9999995155772046,4,3,-8,129.5,"c(""Tim Comer"", "" Garrick Shannon"", "" Keith Patterson"")","Tampa, FL",Yuengling Center,10411,3072,NA,NA,NA,NA,NA,NA,NA,NA,UCF,South Florida,FALSE
401377718,2022-01-15,South Florida,UCF,320,2,1:24,84,84,Foul on Darius Johnson.,72,49,23,10,0.9999997406882024,0.9999998275757231,4,3,-8,129.5,"c(""Tim Comer"", "" Garrick Shannon"", "" Keith Patterson"")","Tampa, FL",Yuengling Center,10411,3072,NA,NA,NA,NA,NA,NA,NA,NA,South Florida,UCF,FALSE
401377718,2022-01-15,South Florida,UCF,321,2,1:24,84,84,Caleb Murphy made Free Throw.,73,49,24,0,0.9999998682467321,0.999999912393261,4,3,-8,129.5,"c(""Tim Comer"", "" Garrick Shannon"", "" Keith Patterson"")","Tampa, FL",Yuengling Center,10411,3072,NA,NA,South Florida,made,Caleb Murphy,NA,NA,TRUE,South Florida,South Florida,FALSE
401377718,2022-01-15,South Florida,UCF,322,2,1:24,84,84,Caleb Murphy missed Free Throw.,73,49,24,0,0.9999998682467321,0.999999912393261,4,3,-8,129.5,"c(""Tim Comer"", "" Garrick Shannon"", "" Keith Patterson"")","Tampa, FL",Yuengling Center,10411,3072,NA,NA,South Florida,missed,Caleb Murphy,NA,NA,TRUE,South Florida,UCF,FALSE
401377718,2022-01-15,South Florida,UCF,323,2,1:24,84,84,Jamille Reynolds Defensive Rebound.,73,49,24,0,0.9999998682467321,0.999999912393261,4,3,-8,129.5,"c(""Tim Comer"", "" Garrick Shannon"", "" Keith Patterson"")","Tampa, FL",Yuengling Center,10411,3072,NA,NA,NA,NA,NA,NA,NA,NA,South Florida,UCF,FALSE
401377718,2022-01-15,South Florida,UCF,324,2,1:19,79,79,Dre Fuller Jr. missed Three Point Jumper.,73,49,24,5,0.9999999252256228,0.999999949916462,4,3,-8,129.5,"c(""Tim Comer"", "" Garrick Shannon"", "" Keith Patterson"")","Tampa, FL",Yuengling Center,10411,3072,47,1.0444444444444445,UCF,missed,Dre Fuller Jr.,NA,TRUE,FALSE,UCF,South Florida,FALSE
401377718,2022-01-15,South Florida,UCF,325,2,1:19,79,79,Javon Greene Defensive Rebound.,73,49,24,0,0.9999999252256228,0.999999949916462,4,3,-8,129.5,"c(""Tim Comer"", "" Garrick Shannon"", "" Keith Patterson"")","Tampa, FL",Yuengling Center,10411,3072,NA,NA,NA,NA,NA,NA,NA,NA,UCF,South Florida,FALSE
401377718,2022-01-15,South Florida,UCF,326,2,0:47,47,47,Javon Greene missed Three Point Jumper.,73,49,24,32,0.9999999987459436,0.9999999991180355,4,3,-8,129.5,"c(""Tim Comer"", "" Garrick Shannon"", "" Keith Patterson"")","Tampa, FL",Yuengling Center,10411,3072,10,58.69777777777777,South Florida,missed,Javon Greene,NA,TRUE,FALSE,South Florida,South Florida,FALSE
401377718,2022-01-15,South Florida,UCF,327,2,0:47,47,47,Jamir Chaplin Offensive Rebound.,73,49,24,0,0.9999999987459436,0.9999999991180355,4,3,-8,129.5,"c(""Tim Comer"", "" Garrick Shannon"", "" Keith Patterson"")","Tampa, FL",Yuengling Center,10411,3072,NA,NA,NA,NA,NA,NA,NA,NA,South Florida,South Florida,FALSE
401377718,2022-01-15,South Florida,UCF,328,2,0:41,41,41,Jamir Chaplin Turnover.,73,49,24,6,0.9999999994657232,0.9999999996206401,4,3,-8,129.5,"c(""Tim Comer"", "" Garrick Shannon"", "" Keith Patterson"")","Tampa, FL",Yuengling Center,10411,3072,NA,NA,NA,NA,NA,NA,NA,NA,South Florida,UCF,FALSE
401377718,2022-01-15,South Florida,UCF,329,2,0:41,41,41,Darius Johnson Steal.,73,49,24,0,0.9999999994657232,0.9999999996206401,4,3,-8,129.5,"c(""Tim Comer"", "" Garrick Shannon"", "" Keith Patterson"")","Tampa, FL",Yuengling Center,10411,3072,NA,NA,NA,NA,NA,NA,NA,NA,South Florida,UCF,FALSE
401377718,2022-01-15,South Florida,UCF,330,2,0:39,39,39,Foul on Corey Walker Jr..,73,49,24,2,0.9999999996006933,0.9999999997155614,4,3,-8,129.5,"c(""Tim Comer"", "" Garrick Shannon"", "" Keith Patterson"")","Tampa, FL",Yuengling Center,10411,3072,NA,NA,NA,NA,NA,NA,NA,NA,UCF,UCF,FALSE
401377718,2022-01-15,South Florida,UCF,331,2,0:39,39,39,Dre Fuller Jr. made Free Throw.,73,50,23,0,0.999999999002169,0.9999999992892138,4,3,-8,129.5,"c(""Tim Comer"", "" Garrick Shannon"", "" Keith Patterson"")","Tampa, FL",Yuengling Center,10411,3072,NA,NA,UCF,made,Dre Fuller Jr.,NA,NA,TRUE,UCF,UCF,FALSE
401377718,2022-01-15,South Florida,UCF,332,2,0:39,39,39,Dre Fuller Jr. made Free Throw.,73,51,22,0,0.9999999975065108,0.9999999982238097,4,3,-8,129.5,"c(""Tim Comer"", "" Garrick Shannon"", "" Keith Patterson"")","Tampa, FL",Yuengling Center,10411,3072,NA,NA,UCF,made,Dre Fuller Jr.,NA,NA,TRUE,UCF,South Florida,FALSE
401377718,2022-01-15,South Florida,UCF,333,2,0:36,36,36,Foul on Dre Fuller Jr..,73,51,22,3,0.9999999983387557,0.9999999988108881,4,3,-8,129.5,"c(""Tim Comer"", "" Garrick Shannon"", "" Keith Patterson"")","Tampa, FL",Yuengling Center,10411,3072,NA,NA,NA,NA,NA,NA,NA,NA,South Florida,South Florida,FALSE
401377718,2022-01-15,South Florida,UCF,334,2,0:36,36,36,Mark Calleja made Free Throw.,74,51,23,0,0.9999999993472276,0.9999999995327482,4,3,-8,129.5,"c(""Tim Comer"", "" Garrick Shannon"", "" Keith Patterson"")","Tampa, FL",Yuengling Center,10411,3072,NA,NA,South Florida,made,Mark Calleja,NA,NA,TRUE,South Florida,South Florida,FALSE
401377718,2022-01-15,South Florida,UCF,335,2,0:36,36,36,Mark Calleja made Free Throw.,75,51,24,0,0.9999999997434984,0.9999999998163972,4,3,-8,129.5,"c(""Tim Comer"", "" Garrick Shannon"", "" Keith Patterson"")","Tampa, FL",Yuengling Center,10411,3072,NA,NA,South Florida,made,Mark Calleja,NA,NA,TRUE,South Florida,UCF,FALSE
401377718,2022-01-15,South Florida,UCF,336,2,0:29,29,29,Tyem Freeman missed Three Point Jumper.,75,51,24,7,0.99999999991088,0.9999999999354743,4,3,-8,129.5,"c(""Tim Comer"", "" Garrick Shannon"", "" Keith Patterson"")","Tampa, FL",Yuengling Center,10411,3072,47,13.577777777777776,UCF,missed,Tyem Freeman,NA,TRUE,FALSE,UCF,South Florida,FALSE
401377718,2022-01-15,South Florida,UCF,337,2,0:29,29,29,Corey Walker Jr. Block.,75,51,24,0,0.99999999991088,0.9999999999354743,4,3,-8,129.5,"c(""Tim Comer"", "" Garrick Shannon"", "" Keith Patterson"")","Tampa, FL",Yuengling Center,10411,3072,NA,NA,NA,NA,NA,NA,NA,NA,UCF,South Florida,FALSE
401377718,2022-01-15,South Florida,UCF,338,2,0:29,29,29,Jamir Chaplin Defensive Rebound.,75,51,24,0,0.99999999991088,0.9999999999354743,4,3,-8,129.5,"c(""Tim Comer"", "" Garrick Shannon"", "" Keith Patterson"")","Tampa, FL",Yuengling Center,10411,3072,NA,NA,NA,NA,NA,NA,NA,NA,UCF,South Florida,FALSE
401377718,2022-01-15,South Florida,UCF,339,2,0:14,14,14,Lamont Evans IV missed Three Point Jumper.,75,51,24,15,0.9999999999918118,0.9999999999939209,4,3,-8,129.5,"c(""Tim Comer"", "" Garrick Shannon"", "" Keith Patterson"")","Tampa, FL",Yuengling Center,10411,3072,41,67.05333333333333,South Florida,missed,Lamont Evans IV,NA,TRUE,FALSE,South Florida,South Florida,FALSE
401377718,2022-01-15,South Florida,UCF,340,2,0:14,14,14,Jamir Chaplin Offensive Rebound.,75,51,24,0,0.9999999999918118,0.9999999999939209,4,3,-8,129.5,"c(""Tim Comer"", "" Garrick Shannon"", "" Keith Patterson"")","Tampa, FL",Yuengling Center,10411,3072,NA,NA,NA,NA,NA,NA,NA,NA,South Florida,South Florida,FALSE
401377718,2022-01-15,South Florida,UCF,341,2,0:00,0,0,End of Game,75,51,24,14,1,1,4,3,-8,129.5,"c(""Tim Comer"", "" Garrick Shannon"", "" Keith Patterson"")","Tampa, FL",Yuengling Center,10411,3072,NA,NA,NA,NA,NA,NA,NA,NA,South Florida,NA,FALSE
