play_id,half,time_remaining_half,secs_remaining,secs_remaining_absolute,description,home_score,away_score,score_diff,play_length,win_prob,naive_win_prob,home,away,home_time_out_remaining,away_time_out_remaining,home_favored_by,game_id,date
1,1,20:00,2400,2400,PLAY,0,0,0,19,0.5,0.5,Georgia,High Point,4,4,NA,303550061,2010-12-21
2,1,19:41,2381,2381,Shay Shine made Two Point Layup.,0,2,-2,19,0.4555734282916538,0.4555734282916538,Georgia,High Point,4,4,NA,303550061,2010-12-21
3,1,19:22,2362,2362,Gerald Robinson Turnover.,0,2,-2,2,0.4551678976921304,0.4551678976921304,Georgia,High Point,4,4,NA,303550061,2010-12-21
4,1,19:20,2360,2360,Shay Shine Steal.,0,2,-2,3,0.4551249204640424,0.4551249204640424,Georgia,High Point,4,4,NA,303550061,2010-12-21
5,1,19:17,2357,2357,Shay Shine missed Two Point Jumper.,0,2,-2,0,0.4550603542849654,0.4550603542849654,Georgia,High Point,4,4,NA,303550061,2010-12-21
6,1,19:17,2357,2357,Travis Leslie Defensive Rebound.,0,2,-2,15,0.4550603542849654,0.4550603542849654,Georgia,High Point,4,4,NA,303550061,2010-12-21
7,1,19:02,2342,2342,Trey Thompkins missed Two Point Jumper.,0,2,-2,0,0.4547357647420433,0.4547357647420433,Georgia,High Point,4,4,NA,303550061,2010-12-21
8,1,19:02,2342,2342,Georgia Offensive Rebound.,0,2,-2,23,0.4547357647420433,0.4547357647420433,Georgia,High Point,4,4,NA,303550061,2010-12-21
9,1,18:39,2319,2319,Trey Thompkins missed Three Point Jumper.,0,2,-2,0,0.45423268255208255,0.45423268255208255,Georgia,High Point,4,4,NA,303550061,2010-12-21
10,1,18:39,2319,2319,Tehran Cox Defensive Rebound.,0,2,-2,4,0.45423268255208255,0.45423268255208255,Georgia,High Point,4,4,NA,303550061,2010-12-21
11,1,18:35,2315,2315,Tehran Cox Turnover.,0,2,-2,0,0.4541445652219872,0.4541445652219872,Georgia,High Point,4,4,NA,303550061,2010-12-21
12,1,18:35,2315,2315,Trey Thompkins Steal.,0,2,-2,2,0.4541445652219872,0.4541445652219872,Georgia,High Point,4,4,NA,303550061,2010-12-21
13,1,18:33,2313,2313,Foul on Tehran Cox,0,2,-2,0,0.4541004401909216,0.4541004401909216,Georgia,High Point,4,4,NA,303550061,2010-12-21
14,1,18:33,2313,2313,Trey Thompkins made Free Throw.,1,2,-1,0,0.4770016653934843,0.4770016653934843,Georgia,High Point,4,4,NA,303550061,2010-12-21
15,1,18:33,2313,2313,Trey Thompkins missed Free Throw.,1,2,-1,0,0.4770016653934843,0.4770016653934843,Georgia,High Point,4,4,NA,303550061,2010-12-21
16,1,18:33,2313,2313,Earnest Bridges Defensive Rebound.,1,2,-1,0,0.4770016653934843,0.4770016653934843,Georgia,High Point,4,4,NA,303550061,2010-12-21
17,1,18:33,2313,2313,Foul on Jeremy Price,1,2,-1,9,0.4770016653934843,0.4770016653934843,Georgia,High Point,4,4,NA,303550061,2010-12-21
18,1,18:24,2304,2304,Foul on Trey Thompkins,1,2,-1,0,0.4769014804261802,0.4769014804261802,Georgia,High Point,4,4,NA,303550061,2010-12-21
19,1,18:24,2304,2304,Corey Law missed Free Throw.,1,2,-1,0,0.4769014804261802,0.4769014804261802,Georgia,High Point,4,4,NA,303550061,2010-12-21
20,1,18:24,2304,2304,null,1,2,-1,0,0.4769014804261802,0.4769014804261802,Georgia,High Point,4,4,NA,303550061,2010-12-21
21,1,18:24,2304,2304,Corey Law missed Free Throw.,1,2,-1,0,0.4769014804261802,0.4769014804261802,Georgia,High Point,4,4,NA,303550061,2010-12-21
22,1,18:24,2304,2304,Shay Shine Offensive Rebound.,1,2,-1,15,0.4769014804261802,0.4769014804261802,Georgia,High Point,4,4,NA,303550061,2010-12-21
23,1,18:09,2289,2289,Shay Shine missed Two Point Jumper.,1,2,-1,0,0.4767335562895253,0.4767335562895253,Georgia,High Point,4,4,NA,303550061,2010-12-21
24,1,18:09,2289,2289,Dustin Ware Defensive Rebound.,1,2,-1,13,0.4767335562895253,0.4767335562895253,Georgia,High Point,4,4,NA,303550061,2010-12-21
25,1,17:56,2276,2276,Jeremy Price made Two Point Layup.  Assisted by Dustin Ware.,3,2,1,0,0.523412878560063,0.523412878560063,Georgia,High Point,4,4,NA,303550061,2010-12-21
26,1,17:56,2276,2276,Foul on Earnest Bridges,3,2,1,0,0.523412878560063,0.523412878560063,Georgia,High Point,4,4,NA,303550061,2010-12-21
27,1,17:56,2276,2276,Jeremy Price made Free Throw.,4,2,2,17,0.5467233091847613,0.5467233091847613,Georgia,High Point,4,4,NA,303550061,2010-12-21
28,1,17:39,2259,2259,Shay Shine Turnover.,4,2,2,0,0.5471060687074408,0.5471060687074408,Georgia,High Point,4,4,NA,303550061,2010-12-21
29,1,17:39,2259,2259,Chris Barnes Steal.,4,2,2,4,0.5471060687074408,0.5471060687074408,Georgia,High Point,4,4,NA,303550061,2010-12-21
30,1,17:35,2255,2255,Gerald Robinson made Two Point Layup.,6,2,4,26,0.593559340860134,0.593559340860134,Georgia,High Point,4,4,NA,303550061,2010-12-21
31,1,17:09,2229,2229,Nick Barbour missed Two Point Jumper.,6,2,4,0,0.5947090144780959,0.5947090144780959,Georgia,High Point,4,4,NA,303550061,2010-12-21
32,1,17:09,2229,2229,Trey Thompkins Defensive Rebound.,6,2,4,12,0.5947090144780959,0.5947090144780959,Georgia,High Point,4,4,NA,303550061,2010-12-21
33,1,16:57,2217,2217,Trey Thompkins made Three Point Jumper.  Assisted by Gerald Robinson.,9,2,7,14,0.6626085041508528,0.6626085041508528,Georgia,High Point,4,4,NA,303550061,2010-12-21
34,1,16:43,2203,2203,Tehran Cox Turnover.,9,2,7,1,0.6636214334265106,0.6636214334265106,Georgia,High Point,4,4,NA,303550061,2010-12-21
35,1,16:42,2202,2202,Travis Leslie Steal.,9,2,7,2,0.6636938599520162,0.6636938599520162,Georgia,High Point,4,4,NA,303550061,2010-12-21
36,1,16:40,2200,2200,Gerald Robinson made Two Point Layup.,11,2,9,1,0.705756384399998,0.705756384399998,Georgia,High Point,4,4,NA,303550061,2010-12-21
37,1,16:39,2199,2199,High Point 30 Second Timeout.,11,2,9,6,0.7058430682791297,0.7058430682791297,Georgia,High Point,3,4,NA,303550061,2010-12-21
38,1,16:33,2193,2193,Nick Barbour missed Three Point Jumper.,11,2,9,0,0.706363258248775,0.706363258248775,Georgia,High Point,3,4,NA,303550061,2010-12-21
39,1,16:33,2193,2193,Trey Thompkins Defensive Rebound.,11,2,9,8,0.706363258248775,0.706363258248775,Georgia,High Point,3,4,NA,303550061,2010-12-21
40,1,16:25,2185,2185,Gerald Robinson made Two Point Layup.,13,2,11,45,0.745914606772778,0.745914606772778,Georgia,High Point,3,4,NA,303550061,2010-12-21
41,1,15:40,2140,2140,Shay Shine made Two Point Jumper.,13,4,9,4,0.7109660395429018,0.7109660395429018,Georgia,High Point,3,4,NA,303550061,2010-12-21
42,1,15:36,2136,2136,Official TV Timeout.,13,4,9,13,0.7113147987123748,0.7113147987123748,Georgia,High Point,3,4,NA,303550061,2010-12-21
43,1,15:23,2123,2123,Georgia 30 Second Timeout.,13,4,9,6,0.7124501081840589,0.7124501081840589,Georgia,High Point,3,3,NA,303550061,2010-12-21
44,1,15:17,2117,2117,Sherrard Brantley missed Three Point Jumper.,13,4,9,0,0.7129750933651915,0.7129750933651915,Georgia,High Point,3,3,NA,303550061,2010-12-21
45,1,15:17,2117,2117,Georges Massoda Defensive Rebound.,13,4,9,23,0.7129750933651915,0.7129750933651915,Georgia,High Point,3,3,NA,303550061,2010-12-21
46,1,14:54,2094,2094,Jairus Simms made Three Point Jumper.  Assisted by Shay Shine.,13,7,6,20,0.648664825823498,0.648664825823498,Georgia,High Point,3,3,NA,303550061,2010-12-21
47,1,14:34,2074,2074,Trey Thompkins made Two Point Jumper.,15,7,8,24,0.6953554880847325,0.6953554880847325,Georgia,High Point,3,3,NA,303550061,2010-12-21
48,1,14:10,2050,2050,Shay Shine missed Two Point Jumper.,15,7,8,0,0.6973312554913411,0.6973312554913411,Georgia,High Point,3,3,NA,303550061,2010-12-21
49,1,14:10,2050,2050,Georges Massoda Offensive Rebound.,15,7,8,4,0.6973312554913411,0.6973312554913411,Georgia,High Point,3,3,NA,303550061,2010-12-21
50,1,14:06,2046,2046,Georges Massoda missed Two Point Layup.,15,7,8,0,0.697661995107545,0.697661995107545,Georgia,High Point,3,3,NA,303550061,2010-12-21
51,1,14:06,2046,2046,Chris Barnes Block.,15,7,8,0,0.697661995107545,0.697661995107545,Georgia,High Point,3,3,NA,303550061,2010-12-21
52,1,14:06,2046,2046,Sherrard Brantley Defensive Rebound.,15,7,8,22,0.697661995107545,0.697661995107545,Georgia,High Point,3,3,NA,303550061,2010-12-21
53,1,13:44,2024,2024,Jeremy Price missed Two Point Layup.,15,7,8,0,0.6994888915689305,0.6994888915689305,Georgia,High Point,3,3,NA,303550061,2010-12-21
54,1,13:44,2024,2024,Travis Leslie Offensive Rebound.,15,7,8,8,0.6994888915689305,0.6994888915689305,Georgia,High Point,3,3,NA,303550061,2010-12-21
55,1,13:36,2016,2016,Travis Leslie missed Two Point Jumper.,15,7,8,0,0.7001566285030998,0.7001566285030998,Georgia,High Point,3,3,NA,303550061,2010-12-21
56,1,13:36,2016,2016,Donte Williams Offensive Rebound.,15,7,8,1,0.7001566285030998,0.7001566285030998,Georgia,High Point,3,3,NA,303550061,2010-12-21
57,1,13:35,2015,2015,Foul on Travis Elliott,15,7,8,15,0.7002402278100951,0.7002402278100951,Georgia,High Point,3,3,NA,303550061,2010-12-21
58,1,13:20,2000,2000,Travis Leslie missed Two Point Jumper.,15,7,8,0,0.7014978298400719,0.7014978298400719,Georgia,High Point,3,3,NA,303550061,2010-12-21
59,1,13:20,2000,2000,Georges Massoda Defensive Rebound.,15,7,8,27,0.7014978298400719,0.7014978298400719,Georgia,High Point,3,3,NA,303550061,2010-12-21
60,1,12:53,1973,1973,Travis Elliott missed Two Point Jumper.,15,7,8,0,0.7037793120790379,0.7037793120790379,Georgia,High Point,3,3,NA,303550061,2010-12-21
61,1,12:53,1973,1973,High Point Offensive Rebound.,15,7,8,25,0.7037793120790379,0.7037793120790379,Georgia,High Point,3,3,NA,303550061,2010-12-21
62,1,12:28,1948,1948,Jairus Simms missed Two Point Jumper.,15,7,8,0,0.7059134799370876,0.7059134799370876,Georgia,High Point,3,3,NA,303550061,2010-12-21
63,1,12:28,1948,1948,Travis Elliott Offensive Rebound.,15,7,8,5,0.7059134799370876,0.7059134799370876,Georgia,High Point,3,3,NA,303550061,2010-12-21
64,1,12:23,1943,1943,Travis Elliott missed Two Point Layup.,15,7,8,0,0.7063429387278931,0.7063429387278931,Georgia,High Point,3,3,NA,303550061,2010-12-21
65,1,12:23,1943,1943,Corey Law Offensive Rebound.,15,7,8,2,0.7063429387278931,0.7063429387278931,Georgia,High Point,3,3,NA,303550061,2010-12-21
66,1,12:21,1941,1941,Corey Law missed Two Point Layup.,15,7,8,0,0.7065149736097571,0.7065149736097571,Georgia,High Point,3,3,NA,303550061,2010-12-21
67,1,12:21,1941,1941,Corey Law Offensive Rebound.,15,7,8,4,0.7065149736097571,0.7065149736097571,Georgia,High Point,3,3,NA,303550061,2010-12-21
68,1,12:17,1937,1937,Corey Law missed Two Point Layup.,15,7,8,0,0.7068594779847691,0.7068594779847691,Georgia,High Point,3,3,NA,303550061,2010-12-21
69,1,12:17,1937,1937,Donte Williams Defensive Rebound.,15,7,8,4,0.7068594779847691,0.7068594779847691,Georgia,High Point,3,3,NA,303550061,2010-12-21
70,1,12:13,1933,1933,Foul on Travis Elliott,15,7,8,20,0.7072045663045139,0.7072045663045139,Georgia,High Point,3,3,NA,303550061,2010-12-21
71,1,11:53,1913,1913,Dustin Ware Turnover.,15,7,8,0,0.7089292806445184,0.7089292806445184,Georgia,High Point,3,3,NA,303550061,2010-12-21
72,1,11:53,1913,1913,Jairus Simms Steal.,15,7,8,0,0.7089292806445184,0.7089292806445184,Georgia,High Point,3,3,NA,303550061,2010-12-21
73,1,11:53,1913,1913,Official TV Timeout.,15,7,8,11,0.7089292806445184,0.7089292806445184,Georgia,High Point,3,3,NA,303550061,2010-12-21
74,1,11:42,1902,1902,Corey Law missed Two Point Layup.,15,7,8,0,0.7098737706211611,0.7098737706211611,Georgia,High Point,3,3,NA,303550061,2010-12-21
75,1,11:42,1902,1902,Jeremy Price Block.,15,7,8,0,0.7098737706211611,0.7098737706211611,Georgia,High Point,3,3,NA,303550061,2010-12-21
76,1,11:42,1902,1902,High Point Offensive Rebound.,15,7,8,0,0.7098737706211611,0.7098737706211611,Georgia,High Point,3,3,NA,303550061,2010-12-21
77,1,11:42,1902,1902,Foul on Jeremy Price,15,7,8,0,0.7098737706211611,0.7098737706211611,Georgia,High Point,3,3,NA,303550061,2010-12-21
78,1,11:42,1902,1902,Corey Law made Free Throw.,15,8,7,0,0.6863101071557828,0.6863101071557828,Georgia,High Point,3,3,NA,303550061,2010-12-21
79,1,11:42,1902,1902,Corey Law made Free Throw.,15,9,6,11,0.661744566163548,0.661744566163548,Georgia,High Point,3,3,NA,303550061,2010-12-21
80,1,11:31,1891,1891,Travis Leslie missed Two Point Jumper.,15,9,6,0,0.6625129994211784,0.6625129994211784,Georgia,High Point,3,3,NA,303550061,2010-12-21
81,1,11:31,1891,1891,Trey Thompkins Offensive Rebound.,15,9,6,22,0.6625129994211784,0.6625129994211784,Georgia,High Point,3,3,NA,303550061,2010-12-21
82,1,11:09,1869,1869,Dustin Ware made Three Point Jumper.,18,9,9,7,0.7353782712046846,0.7353782712046846,Georgia,High Point,3,3,NA,303550061,2010-12-21
83,1,11:02,1862,1862,Du'Vaughn Maxwell Turnover.,18,9,9,13,0.7360176222765986,0.7360176222765986,Georgia,High Point,3,3,NA,303550061,2010-12-21
84,1,10:49,1849,1849,Gerald Robinson made Two Point Jumper.,20,9,11,26,0.77914859432399,0.77914859432399,Georgia,High Point,3,3,NA,303550061,2010-12-21
85,1,10:23,1823,1823,Foul on Nick Barbour,20,9,11,0,0.7817272934076732,0.7817272934076732,Georgia,High Point,3,3,NA,303550061,2010-12-21
86,1,10:23,1823,1823,Nick Barbour Turnover.,20,9,11,10,0.7817272934076732,0.7817272934076732,Georgia,High Point,3,3,NA,303550061,2010-12-21
87,1,10:13,1813,1813,Chris Barnes missed Two Point Layup.,20,9,11,0,0.7827204451186134,0.7827204451186134,Georgia,High Point,3,3,NA,303550061,2010-12-21
88,1,10:13,1813,1813,Earnest Bridges Defensive Rebound.,20,9,11,23,0.7827204451186134,0.7827204451186134,Georgia,High Point,3,3,NA,303550061,2010-12-21
89,1,9:50,1790,1790,Earnest Bridges made Two Point Jumper.,20,11,9,16,0.742621517736663,0.742621517736663,Georgia,High Point,3,3,NA,303550061,2010-12-21
90,1,9:34,1774,1774,Foul on Trey Thompkins,20,11,9,0,0.7441072829087173,0.7441072829087173,Georgia,High Point,3,3,NA,303550061,2010-12-21
91,1,9:34,1774,1774,Trey Thompkins Turnover.,20,11,9,17,0.7441072829087173,0.7441072829087173,Georgia,High Point,3,3,NA,303550061,2010-12-21
92,1,9:17,1757,1757,Tehran Cox missed Two Point Jumper.,20,11,9,0,0.7456980391551115,0.7456980391551115,Georgia,High Point,3,3,NA,303550061,2010-12-21
93,1,9:17,1757,1757,Earnest Bridges Offensive Rebound.,20,11,9,4,0.7456980391551115,0.7456980391551115,Georgia,High Point,3,3,NA,303550061,2010-12-21
94,1,9:13,1753,1753,Nick Barbour missed Three Point Jumper.,20,11,9,0,0.7460744002747169,0.7460744002747169,Georgia,High Point,3,3,NA,303550061,2010-12-21
95,1,9:13,1753,1753,Georgia Defensive Rebound.,20,11,9,18,0.7460744002747169,0.7460744002747169,Georgia,High Point,3,3,NA,303550061,2010-12-21
96,1,8:55,1735,1735,Gerald Robinson made Two Point Layup.,22,11,11,26,0.790561477889693,0.790561477889693,Georgia,High Point,3,3,NA,303550061,2010-12-21
97,1,8:29,1709,1709,Nick Barbour Turnover.,22,11,11,10,0.793238004997918,0.793238004997918,Georgia,High Point,3,3,NA,303550061,2010-12-21
98,1,8:19,1699,1699,Dustin Ware missed Three Point Jumper.,22,11,11,0,0.7942790383380515,0.7942790383380515,Georgia,High Point,3,3,NA,303550061,2010-12-21
99,1,8:19,1699,1699,Shay Shine Defensive Rebound.,22,11,11,13,0.7942790383380515,0.7942790383380515,Georgia,High Point,3,3,NA,303550061,2010-12-21
100,1,8:06,1686,1686,Nick Barbour missed Two Point Layup.,22,11,11,0,0.7956408237583403,0.7956408237583403,Georgia,High Point,3,3,NA,303550061,2010-12-21
101,1,8:06,1686,1686,Chris Barnes Block.,22,11,11,2,0.7956408237583403,0.7956408237583403,Georgia,High Point,3,3,NA,303550061,2010-12-21
102,1,8:04,1684,1684,Travis Leslie Defensive Rebound.,22,11,11,3,0.7958489842842388,0.7958489842842388,Georgia,High Point,3,3,NA,303550061,2010-12-21
103,1,8:01,1681,1681,Dustin Ware made Two Point Layup.,24,11,13,3,0.8334368998863941,0.8334368998863941,Georgia,High Point,3,3,NA,303550061,2010-12-21
104,1,7:58,1678,1678,Official TV Timeout.,24,11,13,13,0.8337492378134916,0.8337492378134916,Georgia,High Point,3,3,NA,303550061,2010-12-21
105,1,7:45,1665,1665,Shay Shine Turnover.,24,11,13,1,0.8350825920614519,0.8350825920614519,Georgia,High Point,3,3,NA,303550061,2010-12-21
106,1,7:44,1664,1664,Chris Barnes Steal.,24,11,13,11,0.8351838912549363,0.8351838912549363,Georgia,High Point,3,3,NA,303550061,2010-12-21
107,1,7:33,1653,1653,Foul on Cameron Solomon,24,11,13,0,0.8362874316633949,0.8362874316633949,Georgia,High Point,3,3,NA,303550061,2010-12-21
108,1,7:33,1653,1653,Gerald Robinson missed Free Throw.,24,11,13,0,0.8362874316633949,0.8362874316633949,Georgia,High Point,3,3,NA,303550061,2010-12-21
109,1,7:33,1653,1653,null,24,11,13,0,0.8362874316633949,0.8362874316633949,Georgia,High Point,3,3,NA,303550061,2010-12-21
110,1,7:33,1653,1653,Gerald Robinson missed Free Throw.,24,11,13,0,0.8362874316633949,0.8362874316633949,Georgia,High Point,3,3,NA,303550061,2010-12-21
111,1,7:33,1653,1653,Travis Elliott Defensive Rebound.,24,11,13,13,0.8362874316633949,0.8362874316633949,Georgia,High Point,3,3,NA,303550061,2010-12-21
112,1,7:20,1640,1640,Jairus Simms made Three Point Jumper.  Assisted by Cameron Solomon.,24,14,10,20,0.7793239224052051,0.7793239224052051,Georgia,High Point,3,3,NA,303550061,2010-12-21
113,1,7:00,1620,1620,Gerald Robinson missed Three Point Jumper.,24,14,10,0,0.7812075909070172,0.7812075909070172,Georgia,High Point,3,3,NA,303550061,2010-12-21
114,1,7:00,1620,1620,High Point Defensive Rebound.,24,14,10,1,0.7812075909070172,0.7812075909070172,Georgia,High Point,3,3,NA,303550061,2010-12-21
115,1,6:59,1619,1619,Foul on Connor Nolte,24,14,10,16,0.781301010303991,0.781301010303991,Georgia,High Point,3,3,NA,303550061,2010-12-21
116,1,6:43,1603,1603,Nick Barbour missed Two Point Jumper.,24,14,10,0,0.7827890364842613,0.7827890364842613,Georgia,High Point,3,3,NA,303550061,2010-12-21
117,1,6:43,1603,1603,Travis Leslie Block.,24,14,10,2,0.7827890364842613,0.7827890364842613,Georgia,High Point,3,3,NA,303550061,2010-12-21
118,1,6:41,1601,1601,Jairus Simms Offensive Rebound.,24,14,10,2,0.782974370805457,0.782974370805457,Georgia,High Point,3,3,NA,303550061,2010-12-21
119,1,6:39,1599,1599,Jairus Simms made Two Point Jumper.,24,16,8,17,0.7363998661491526,0.7363998661491526,Georgia,High Point,3,3,NA,303550061,2010-12-21
120,1,6:22,1582,1582,Dustin Ware made Three Point Jumper.,27,16,11,25,0.8057779118426508,0.8057779118426508,Georgia,High Point,3,3,NA,303550061,2010-12-21
121,1,5:57,1557,1557,Jairus Simms missed Three Point Jumper.,27,16,11,0,0.8081411919395998,0.8081411919395998,Georgia,High Point,3,3,NA,303550061,2010-12-21
122,1,5:57,1557,1557,Corey Law Offensive Rebound.,27,16,11,9,0.8081411919395998,0.8081411919395998,Georgia,High Point,3,3,NA,303550061,2010-12-21
123,1,5:48,1548,1548,Nick Barbour Turnover.,27,16,11,18,0.8089982821588418,0.8089982821588418,Georgia,High Point,3,3,NA,303550061,2010-12-21
124,1,5:30,1530,1530,Sherrard Brantley missed Three Point Jumper.,27,16,11,0,0.8107299679082483,0.8107299679082483,Georgia,High Point,3,3,NA,303550061,2010-12-21
125,1,5:30,1530,1530,Corey Law Defensive Rebound.,27,16,11,31,0.8107299679082483,0.8107299679082483,Georgia,High Point,3,3,NA,303550061,2010-12-21
126,1,4:59,1499,1499,Foul on Chris Barnes,27,16,11,0,0.8137922047307816,0.8137922047307816,Georgia,High Point,3,3,NA,303550061,2010-12-21
127,1,4:59,1499,1499,Corey Law missed Free Throw.,27,16,11,0,0.8137922047307816,0.8137922047307816,Georgia,High Point,3,3,NA,303550061,2010-12-21
128,1,4:59,1499,1499,null,27,16,11,0,0.8137922047307816,0.8137922047307816,Georgia,High Point,3,3,NA,303550061,2010-12-21
129,1,4:59,1499,1499,Corey Law made Free Throw.,27,17,10,28,0.7926157662260945,0.7926157662260945,Georgia,High Point,3,3,NA,303550061,2010-12-21
130,1,4:31,1471,1471,Dustin Ware missed Three Point Jumper.,27,17,10,0,0.7954659868738075,0.7954659868738075,Georgia,High Point,3,3,NA,303550061,2010-12-21
131,1,4:31,1471,1471,Connor Nolte Offensive Rebound.,27,17,10,4,0.7954659868738075,0.7954659868738075,Georgia,High Point,3,3,NA,303550061,2010-12-21
132,1,4:27,1467,1467,Connor Nolte made Two Point Layup.,29,17,12,23,0.8365699991613205,0.8365699991613205,Georgia,High Point,3,3,NA,303550061,2010-12-21
133,1,4:04,1444,1444,Nick Barbour missed Two Point Jumper.,29,17,12,0,0.8390564816172589,0.8390564816172589,Georgia,High Point,3,3,NA,303550061,2010-12-21
134,1,4:04,1444,1444,Corey Law Offensive Rebound.,29,17,12,4,0.8390564816172589,0.8390564816172589,Georgia,High Point,3,3,NA,303550061,2010-12-21
135,1,4:00,1440,1440,Foul on Connor Nolte,29,17,12,0,0.8394854177018833,0.8394854177018833,Georgia,High Point,3,3,NA,303550061,2010-12-21
136,1,4:00,1440,1440,Corey Law made Free Throw.,29,18,11,0,0.820028012317402,0.820028012317402,Georgia,High Point,3,3,NA,303550061,2010-12-21
137,1,4:00,1440,1440,Corey Law made Free Throw.,29,19,10,13,0.7987773533040915,0.7987773533040915,Georgia,High Point,3,3,NA,303550061,2010-12-21
138,1,3:47,1427,1427,Travis Leslie missed Three Point Jumper.,29,19,10,0,0.8001346424315395,0.8001346424315395,Georgia,High Point,3,3,NA,303550061,2010-12-21
139,1,3:47,1427,1427,Travis Leslie Offensive Rebound.,29,19,10,10,0.8001346424315395,0.8001346424315395,Georgia,High Point,3,3,NA,303550061,2010-12-21
140,1,3:37,1417,1417,Chris Barnes missed Two Point Layup.,29,19,10,0,0.8011530588367209,0.8011530588367209,Georgia,High Point,3,3,NA,303550061,2010-12-21
141,1,3:37,1417,1417,Corey Law Defensive Rebound.,29,19,10,10,0.8011530588367209,0.8011530588367209,Georgia,High Point,3,3,NA,303550061,2010-12-21
142,1,3:27,1407,1407,Tehran Cox Turnover.,29,19,10,1,0.8021528378817786,0.8021528378817786,Georgia,High Point,3,3,NA,303550061,2010-12-21
143,1,3:26,1406,1406,Donte Williams Steal.,29,19,10,30,0.8022519174791358,0.8022519174791358,Georgia,High Point,3,3,NA,303550061,2010-12-21
144,1,2:56,1376,1376,Dustin Ware Turnover.,29,19,10,1,0.8051688843326824,0.8051688843326824,Georgia,High Point,3,3,NA,303550061,2010-12-21
145,1,2:55,1375,1375,Shay Shine Steal.,29,19,10,6,0.8052647949804345,0.8052647949804345,Georgia,High Point,3,3,NA,303550061,2010-12-21
146,1,2:49,1369,1369,Shay Shine made Two Point Jumper.,29,21,8,16,0.7574148688163177,0.7574148688163177,Georgia,High Point,3,3,NA,303550061,2010-12-21
147,1,2:33,1353,1353,Travis Leslie made Two Point Jumper.,31,21,10,0,0.8073671914378953,0.8073671914378953,Georgia,High Point,3,3,NA,303550061,2010-12-21
148,1,2:33,1353,1353,Foul on Nick Barbour,31,21,10,0,0.8073671914378953,0.8073671914378953,Georgia,High Point,3,3,NA,303550061,2010-12-21
149,1,2:33,1353,1353,Official TV Timeout.,31,21,10,0,0.8073671914378953,0.8073671914378953,Georgia,High Point,3,3,NA,303550061,2010-12-21
150,1,2:33,1353,1353,Travis Leslie made Free Throw.,32,21,11,33,0.828678735887272,0.828678735887272,Georgia,High Point,3,3,NA,303550061,2010-12-21
151,1,2:00,1320,1320,Jairus Simms missed Two Point Jumper.,32,21,11,0,0.8318656245913886,0.8318656245913886,Georgia,High Point,3,3,NA,303550061,2010-12-21
152,1,2:00,1320,1320,Du'Vaughn Maxwell Offensive Rebound.,32,21,11,2,0.8318656245913886,0.8318656245913886,Georgia,High Point,3,3,NA,303550061,2010-12-21
153,1,1:58,1318,1318,Du'Vaughn Maxwell missed Two Point Layup.,32,21,11,0,0.8320614219884427,0.8320614219884427,Georgia,High Point,3,3,NA,303550061,2010-12-21
154,1,1:58,1318,1318,Chris Barnes Block.,32,21,11,3,0.8320614219884427,0.8320614219884427,Georgia,High Point,3,3,NA,303550061,2010-12-21
155,1,1:55,1315,1315,High Point Offensive Rebound.,32,21,11,0,0.8323559584413055,0.8323559584413055,Georgia,High Point,3,3,NA,303550061,2010-12-21
156,1,1:55,1315,1315,High Point Turnover.,32,21,11,21,0.8323559584413055,0.8323559584413055,Georgia,High Point,3,3,NA,303550061,2010-12-21
157,1,1:34,1294,1294,Sherrard Brantley missed Three Point Jumper.,32,21,11,0,0.8344520122220275,0.8344520122220275,Georgia,High Point,3,3,NA,303550061,2010-12-21
158,1,1:34,1294,1294,Shay Shine Defensive Rebound.,32,21,11,16,0.8344520122220275,0.8344520122220275,Georgia,High Point,3,3,NA,303550061,2010-12-21
159,1,1:18,1278,1278,Shay Shine missed Two Point Jumper.,32,21,11,0,0.8360999918097771,0.8360999918097771,Georgia,High Point,3,3,NA,303550061,2010-12-21
160,1,1:18,1278,1278,Donte Williams Defensive Rebound.,32,21,11,17,0.8360999918097771,0.8360999918097771,Georgia,High Point,3,3,NA,303550061,2010-12-21
161,1,1:01,1261,1261,Travis Leslie missed Two Point Layup.,32,21,11,0,0.8379125047443371,0.8379125047443371,Georgia,High Point,3,3,NA,303550061,2010-12-21
162,1,1:01,1261,1261,Georges Massoda Defensive Rebound.,32,21,11,10,0.8379125047443371,0.8379125047443371,Georgia,High Point,3,3,NA,303550061,2010-12-21
163,1,0:51,1251,1251,Jairus Simms missed Two Point Jumper.,32,21,11,0,0.8390131551962542,0.8390131551962542,Georgia,High Point,3,3,NA,303550061,2010-12-21
164,1,0:51,1251,1251,Donte Williams Defensive Rebound.,32,21,11,1,0.8390131551962542,0.8390131551962542,Georgia,High Point,3,3,NA,303550061,2010-12-21
165,1,0:50,1250,1250,Foul on David Campbell,32,21,11,0,0.8391247489256827,0.8391247489256827,Georgia,High Point,3,3,NA,303550061,2010-12-21
166,1,0:50,1250,1250,Donte Williams made Free Throw.,33,21,12,0,0.8583785370641951,0.8583785370641951,Georgia,High Point,3,3,NA,303550061,2010-12-21
167,1,0:50,1250,1250,Donte Williams made Free Throw.,34,21,13,10,0.8756694277332469,0.8756694277332469,Georgia,High Point,3,3,NA,303550061,2010-12-21
168,1,0:40,1240,1240,Shay Shine made Three Point Jumper.  Assisted by Jairus Simms.,34,24,10,39,0.8189453954696276,0.8189453954696276,Georgia,High Point,3,3,NA,303550061,2010-12-21
169,1,0:01,1201,1201,Sherrard Brantley missed Three Point Jumper.,34,24,10,0,0.8236761334320611,0.8236761334320611,Georgia,High Point,3,3,NA,303550061,2010-12-21
170,1,0:01,1201,1201,null,34,24,10,1,0.8236761334320611,0.8236761334320611,Georgia,High Point,3,3,NA,303550061,2010-12-21
171,1,0:00,1200,1200,End of the 1st Half.,34,24,10,0,0.8237988536530104,0.8237988536530104,Georgia,High Point,3,3,NA,303550061,2010-12-21
172,2,20:00,1200,1200,PLAY,34,24,10,14,0.8237988536530104,0.8237988536530104,Georgia,High Point,4,4,NA,303550061,2010-12-21
173,2,19:46,1186,1186,Tehran Cox missed Two Point Jumper.,34,24,10,0,0.8254862786869437,0.8254862786869437,Georgia,High Point,4,4,NA,303550061,2010-12-21
174,2,19:46,1186,1186,Travis Leslie Defensive Rebound.,34,24,10,12,0.8254862786869437,0.8254862786869437,Georgia,High Point,4,4,NA,303550061,2010-12-21
175,2,19:34,1174,1174,Trey Thompkins made Two Point Layup.  Assisted by Travis Leslie.,36,24,12,30,0.8672108272323817,0.8672108272323817,Georgia,High Point,4,4,NA,303550061,2010-12-21
176,2,19:04,1144,1144,Earnest Bridges missed Two Point Jumper.,36,24,12,0,0.8704903512608937,0.8704903512608937,Georgia,High Point,4,4,NA,303550061,2010-12-21
177,2,19:04,1144,1144,Jeremy Price Defensive Rebound.,36,24,12,15,0.8704903512608937,0.8704903512608937,Georgia,High Point,4,4,NA,303550061,2010-12-21
178,2,18:49,1129,1129,Jeremy Price missed Two Point Layup.,36,24,12,0,0.8720911736687397,0.8720911736687397,Georgia,High Point,4,4,NA,303550061,2010-12-21
179,2,18:49,1129,1129,Earnest Bridges Defensive Rebound.,36,24,12,7,0.8720911736687397,0.8720911736687397,Georgia,High Point,4,4,NA,303550061,2010-12-21
180,2,18:42,1122,1122,Tehran Cox missed Two Point Jumper.,36,24,12,0,0.8728343479723722,0.8728343479723722,Georgia,High Point,4,4,NA,303550061,2010-12-21
181,2,18:42,1122,1122,Jeremy Price Block.,36,24,12,2,0.8728343479723722,0.8728343479723722,Georgia,High Point,4,4,NA,303550061,2010-12-21
182,2,18:40,1120,1120,Gerald Robinson Defensive Rebound.,36,24,12,10,0.873046490481577,0.873046490481577,Georgia,High Point,4,4,NA,303550061,2010-12-21
183,2,18:30,1110,1110,Trey Thompkins made Two Point Layup.  Assisted by Travis Leslie.,38,24,14,0,0.905572492211601,0.905572492211601,Georgia,High Point,4,4,NA,303550061,2010-12-21
184,2,18:30,1110,1110,Foul on Shay Shine,38,24,14,0,0.905572492211601,0.905572492211601,Georgia,High Point,4,4,NA,303550061,2010-12-21
185,2,18:30,1110,1110,Trey Thompkins made Free Throw.,39,24,15,8,0.9185057702420332,0.9185057702420332,Georgia,High Point,4,4,NA,303550061,2010-12-21
186,2,18:22,1102,1102,Nick Barbour Turnover.,39,24,15,1,0.9192279434017918,0.9192279434017918,Georgia,High Point,4,4,NA,303550061,2010-12-21
187,2,18:21,1101,1101,Travis Leslie Steal.,39,24,15,1,0.9193182710348273,0.9193182710348273,Georgia,High Point,4,4,NA,303550061,2010-12-21
188,2,18:20,1100,1100,Dustin Ware made Two Point Jumper.  Assisted by Travis Leslie.,41,24,17,11,0.9404150053356765,0.9404150053356765,Georgia,High Point,4,4,NA,303550061,2010-12-21
189,2,18:09,1089,1089,High Point Full Timeout.,41,24,17,14,0.9412677808348617,0.9412677808348617,Georgia,High Point,3,4,NA,303550061,2010-12-21
190,2,17:55,1075,1075,Corey Law missed Two Point Layup.,41,24,17,0,0.9423588875883326,0.9423588875883326,Georgia,High Point,3,4,NA,303550061,2010-12-21
191,2,17:55,1075,1075,Earnest Bridges Offensive Rebound.,41,24,17,6,0.9423588875883326,0.9423588875883326,Georgia,High Point,3,4,NA,303550061,2010-12-21
192,2,17:49,1069,1069,Earnest Bridges made Two Point Layup.,41,26,15,12,0.9222347770999532,0.9222347770999532,Georgia,High Point,3,4,NA,303550061,2010-12-21
193,2,17:37,1057,1057,Jeremy Price made Two Point Layup.  Assisted by Travis Leslie.,43,26,17,10,0.9437798217735125,0.9437798217735125,Georgia,High Point,3,4,NA,303550061,2010-12-21
194,2,17:27,1047,1047,Shay Shine made Three Point Jumper.  Assisted by Earnest Bridges.,43,29,14,17,0.9117661177697145,0.9117661177697145,Georgia,High Point,3,4,NA,303550061,2010-12-21
195,2,17:10,1030,1030,Travis Leslie made Two Point Layup.  Assisted by Trey Thompkins.,45,29,16,22,0.9366899238009637,0.9366899238009637,Georgia,High Point,3,4,NA,303550061,2010-12-21
196,2,16:48,1008,1008,Jairus Simms Turnover.,45,29,16,13,0.9387220401728585,0.9387220401728585,Georgia,High Point,3,4,NA,303550061,2010-12-21
197,2,16:35,995,995,Trey Thompkins Turnover.,45,29,16,16,0.9399656057291262,0.9399656057291262,Georgia,High Point,3,4,NA,303550061,2010-12-21
198,2,16:19,979,979,Travis Elliott missed Two Point Jumper.,45,29,16,0,0.9415444192084829,0.9415444192084829,Georgia,High Point,3,4,NA,303550061,2010-12-21
199,2,16:19,979,979,Trey Thompkins Block.,45,29,16,2,0.9415444192084829,0.9415444192084829,Georgia,High Point,3,4,NA,303550061,2010-12-21
200,2,16:17,977,977,Travis Leslie Defensive Rebound.,45,29,16,5,0.941745694698844,0.941745694698844,Georgia,High Point,3,4,NA,303550061,2010-12-21
201,2,16:12,972,972,Trey Thompkins missed Two Point Jumper.,45,29,16,0,0.9422528062487822,0.9422528062487822,Georgia,High Point,3,4,NA,303550061,2010-12-21
202,2,16:12,972,972,Jeremy Price Offensive Rebound.,45,29,16,7,0.9422528062487822,0.9422528062487822,Georgia,High Point,3,4,NA,303550061,2010-12-21
203,2,16:05,965,965,Travis Leslie missed Two Point Jumper.,45,29,16,0,0.9429598709749032,0.9429598709749032,Georgia,High Point,3,4,NA,303550061,2010-12-21
204,2,16:05,965,965,Trey Thompkins Offensive Rebound.,45,29,16,5,0.9429598709749032,0.9429598709749032,Georgia,High Point,3,4,NA,303550061,2010-12-21
205,2,16:00,960,960,Gerald Robinson made Two Point Layup.,47,29,18,28,0.9595383645443882,0.9595383645443882,Georgia,High Point,3,4,NA,303550061,2010-12-21
206,2,15:32,932,932,Shay Shine missed Three Point Jumper.,47,29,18,0,0.961519864495641,0.961519864495641,Georgia,High Point,3,4,NA,303550061,2010-12-21
207,2,15:32,932,932,High Point Offensive Rebound.,47,29,18,3,0.961519864495641,0.961519864495641,Georgia,High Point,3,4,NA,303550061,2010-12-21
208,2,15:29,929,929,Official TV Timeout.,47,29,18,23,0.9617121842574289,0.9617121842574289,Georgia,High Point,3,4,NA,303550061,2010-12-21
209,2,15:06,906,906,Jairus Simms Turnover.,47,29,18,1,0.9630947385069252,0.9630947385069252,Georgia,High Point,3,4,NA,303550061,2010-12-21
210,2,15:05,905,905,Dustin Ware Steal.,47,29,18,4,0.963151834433726,0.963151834433726,Georgia,High Point,3,4,NA,303550061,2010-12-21
211,2,15:01,901,901,Gerald Robinson made Two Point Layup.  Assisted by Dustin Ware.,49,29,20,18,0.9742470483939496,0.9742470483939496,Georgia,High Point,3,4,NA,303550061,2010-12-21
212,2,14:43,883,883,Shay Shine missed Two Point Jumper.,49,29,20,0,0.9750268201578348,0.9750268201578348,Georgia,High Point,3,4,NA,303550061,2010-12-21
213,2,14:43,883,883,Shay Shine Offensive Rebound.,49,29,20,5,0.9750268201578348,0.9750268201578348,Georgia,High Point,3,4,NA,303550061,2010-12-21
214,2,14:38,878,878,Shay Shine missed Two Point Layup.,49,29,20,0,0.9752381795398378,0.9752381795398378,Georgia,High Point,3,4,NA,303550061,2010-12-21
215,2,14:38,878,878,Jeremy Price Block.,49,29,20,2,0.9752381795398378,0.9752381795398378,Georgia,High Point,3,4,NA,303550061,2010-12-21
216,2,14:36,876,876,Jairus Simms Offensive Rebound.,49,29,20,13,0.9753223227564634,0.9753223227564634,Georgia,High Point,3,4,NA,303550061,2010-12-21
217,2,14:23,863,863,Foul on Dustin Ware,49,29,20,10,0.9758661650628914,0.9758661650628914,Georgia,High Point,3,4,NA,303550061,2010-12-21
218,2,14:13,853,853,Nick Barbour made Three Point Jumper.,49,32,17,17,0.9593000087437933,0.9593000087437933,Georgia,High Point,3,4,NA,303550061,2010-12-21
219,2,13:56,836,836,Trey Thompkins missed Two Point Jumper.,49,32,17,0,0.96033617535883,0.96033617535883,Georgia,High Point,3,4,NA,303550061,2010-12-21
220,2,13:56,836,836,Georges Massoda Defensive Rebound.,49,32,17,13,0.96033617535883,0.96033617535883,Georgia,High Point,3,4,NA,303550061,2010-12-21
221,2,13:43,823,823,Foul on Vincent Williams,49,32,17,6,0.9611561331610351,0.9611561331610351,Georgia,High Point,3,4,NA,303550061,2010-12-21
222,2,13:37,817,817,Justin Cheek missed Two Point Jumper.,49,32,17,0,0.9615454597204176,0.9615454597204176,Georgia,High Point,3,4,NA,303550061,2010-12-21
223,2,13:37,817,817,Jeremy Price Defensive Rebound.,49,32,17,1,0.9615454597204176,0.9615454597204176,Georgia,High Point,3,4,NA,303550061,2010-12-21
224,2,13:36,816,816,Foul on Georges Massoda,49,32,17,14,0.9616111046398208,0.9616111046398208,Georgia,High Point,3,4,NA,303550061,2010-12-21
225,2,13:22,802,802,Gerald Robinson made Three Point Jumper.  Assisted by Vincent Williams.,52,32,20,14,0.9785360316126259,0.9785360316126259,Georgia,High Point,3,4,NA,303550061,2010-12-21
226,2,13:08,788,788,Foul on Georges Massoda,52,32,20,0,0.9792179830289857,0.9792179830289857,Georgia,High Point,3,4,NA,303550061,2010-12-21
227,2,13:08,788,788,Georges Massoda Turnover.,52,32,20,12,0.9792179830289857,0.9792179830289857,Georgia,High Point,3,4,NA,303550061,2010-12-21
228,2,12:56,776,776,Marcus Thornton Turnover.,52,32,20,14,0.9798320169219145,0.9798320169219145,Georgia,High Point,3,4,NA,303550061,2010-12-21
229,2,12:42,762,762,Tehran Cox Turnover.,52,32,20,15,0.980585578906276,0.980585578906276,Georgia,High Point,3,4,NA,303550061,2010-12-21
230,2,12:27,747,747,Foul on Shay Shine,52,32,20,0,0.9814392805350494,0.9814392805350494,Georgia,High Point,3,4,NA,303550061,2010-12-21
231,2,12:27,747,747,Gerald Robinson made Free Throw.,53,32,21,0,0.9847284047682048,0.9847284047682048,Georgia,High Point,3,4,NA,303550061,2010-12-21
232,2,12:27,747,747,Gerald Robinson made Free Throw.,54,32,22,16,0.9874421249260364,0.9874421249260364,Georgia,High Point,3,4,NA,303550061,2010-12-21
233,2,12:11,731,731,Nick Barbour missed Three Point Jumper.,54,32,22,0,0.9881616071989188,0.9881616071989188,Georgia,High Point,3,4,NA,303550061,2010-12-21
234,2,12:11,731,731,Chris Barnes Defensive Rebound.,54,32,22,8,0.9881616071989188,0.9881616071989188,Georgia,High Point,3,4,NA,303550061,2010-12-21
235,2,12:03,723,723,Gerald Robinson made Two Point Layup.  Assisted by Vincent Williams.,56,32,24,0,0.9923130045325479,0.9923130045325479,Georgia,High Point,3,4,NA,303550061,2010-12-21
236,2,12:03,723,723,Foul on Tehran Cox,56,32,24,0,0.9923130045325479,0.9923130045325479,Georgia,High Point,3,4,NA,303550061,2010-12-21
237,2,12:03,723,723,Gerald Robinson missed Free Throw.,56,32,24,0,0.9923130045325479,0.9923130045325479,Georgia,High Point,3,4,NA,303550061,2010-12-21
238,2,12:03,723,723,Trey Thompkins Offensive Rebound.,56,32,24,3,0.9923130045325479,0.9923130045325479,Georgia,High Point,3,4,NA,303550061,2010-12-21
239,2,12:00,720,720,Trey Thompkins made Two Point Layup.,58,32,26,13,0.99492691922824394,0.99492691922824394,Georgia,High Point,3,4,NA,303550061,2010-12-21
240,2,11:47,707,707,Earnest Bridges missed Two Point Jumper.,58,32,26,0,0.9951921790428269,0.9951921790428269,Georgia,High Point,3,4,NA,303550061,2010-12-21
241,2,11:47,707,707,Trey Thompkins Block.,58,32,26,1,0.9951921790428269,0.9951921790428269,Georgia,High Point,3,4,NA,303550061,2010-12-21
242,2,11:46,706,706,High Point Offensive Rebound.,58,32,26,0,0.9952111166885571,0.9952111166885571,Georgia,High Point,3,4,NA,303550061,2010-12-21
243,2,11:46,706,706,Official TV Timeout.,58,32,26,0,0.9952111166885571,0.9952111166885571,Georgia,High Point,3,4,NA,303550061,2010-12-21
244,2,11:46,706,706,Foul on Marcus Thornton,58,32,26,31,0.9952111166885571,0.9952111166885571,Georgia,High Point,3,4,NA,303550061,2010-12-21
245,2,11:15,675,675,Foul on Travis Elliott,58,32,26,0,0.9957250032428976,0.9957250032428976,Georgia,High Point,3,4,NA,303550061,2010-12-21
246,2,11:15,675,675,Travis Elliott Turnover.,58,32,26,14,0.9957250032428976,0.9957250032428976,Georgia,High Point,3,4,NA,303550061,2010-12-21
247,2,11:01,661,661,Foul on Travis Elliott,58,32,26,0,0.9959270067791549,0.9959270067791549,Georgia,High Point,3,4,NA,303550061,2010-12-21
248,2,11:01,661,661,Trey Thompkins made Free Throw.,59,32,27,0,0.9967009202567252,0.9967009202567252,Georgia,High Point,3,4,NA,303550061,2010-12-21
249,2,11:01,661,661,Trey Thompkins made Free Throw.,60,32,28,30,0.9973281761716273,0.9973281761716273,Georgia,High Point,3,4,NA,303550061,2010-12-21
250,2,10:31,631,631,Nick Barbour missed Three Point Jumper.,60,32,28,0,0.9976197170937474,0.9976197170937474,Georgia,High Point,3,4,NA,303550061,2010-12-21
251,2,10:31,631,631,Marcus Thornton Block.,60,32,28,0,0.9976197170937474,0.9976197170937474,Georgia,High Point,3,4,NA,303550061,2010-12-21
252,2,10:31,631,631,Georgia Defensive Rebound.,60,32,28,0,0.9976197170937474,0.9976197170937474,Georgia,High Point,3,4,NA,303550061,2010-12-21
253,2,10:31,631,631,Foul on Nick Barbour,60,32,28,0,0.9976197170937474,0.9976197170937474,Georgia,High Point,3,4,NA,303550061,2010-12-21
254,2,10:31,631,631,Marcus Thornton missed Free Throw.,60,32,28,0,0.9976197170937474,0.9976197170937474,Georgia,High Point,3,4,NA,303550061,2010-12-21
255,2,10:31,631,631,Corey Law Defensive Rebound.,60,32,28,18,0.9976197170937474,0.9976197170937474,Georgia,High Point,3,4,NA,303550061,2010-12-21
256,2,10:13,613,613,Foul on Connor Nolte,60,32,28,3,0.9977966255113507,0.9977966255113507,Georgia,High Point,3,4,NA,303550061,2010-12-21
257,2,10:10,610,610,Foul on Vincent Williams,60,32,28,0,0.9978267750192563,0.9978267750192563,Georgia,High Point,3,4,NA,303550061,2010-12-21
258,2,10:10,610,610,Shay Shine made Free Throw.,60,33,27,0,0.9972963937405678,0.9972963937405678,Georgia,High Point,3,4,NA,303550061,2010-12-21
259,2,10:10,610,610,Shay Shine missed Free Throw.,60,33,27,0,0.9972963937405678,0.9972963937405678,Georgia,High Point,3,4,NA,303550061,2010-12-21
260,2,10:10,610,610,High Point Offensive Rebound.,60,33,27,10,0.9972963937405678,0.9972963937405678,Georgia,High Point,3,4,NA,303550061,2010-12-21
261,2,10:00,600,600,Corey Law missed Two Point Jumper.,60,33,27,0,0.9974191407242069,0.9974191407242069,Georgia,High Point,3,4,NA,303550061,2010-12-21
262,2,10:00,600,600,Donte Williams Defensive Rebound.,60,33,27,7,0.9974191407242069,0.9974191407242069,Georgia,High Point,3,4,NA,303550061,2010-12-21
263,2,9:53,593,593,Sherrard Brantley missed Three Point Jumper.,60,33,27,0,0.9975073509786225,0.9975073509786225,Georgia,High Point,3,4,NA,303550061,2010-12-21
264,2,9:53,593,593,Georgia Offensive Rebound.,60,33,27,20,0.9975073509786225,0.9975073509786225,Georgia,High Point,3,4,NA,303550061,2010-12-21
265,2,9:33,573,573,Vincent Williams missed Two Point Jumper.,60,33,27,0,0.997770477782821,0.997770477782821,Georgia,High Point,3,4,NA,303550061,2010-12-21
266,2,9:33,573,573,Shay Shine Defensive Rebound.,60,33,27,7,0.997770477782821,0.997770477782821,Georgia,High Point,3,4,NA,303550061,2010-12-21
267,2,9:26,566,566,Foul on Sherrard Brantley,60,33,27,0,0.9978663476748684,0.9978663476748684,Georgia,High Point,3,4,NA,303550061,2010-12-21
268,2,9:26,566,566,Shay Shine made Free Throw.,60,34,26,0,0.9973222269608857,0.9973222269608857,Georgia,High Point,3,4,NA,303550061,2010-12-21
269,2,9:26,566,566,Shay Shine made Free Throw.,60,35,25,9,0.9966398126838115,0.9966398126838115,Georgia,High Point,3,4,NA,303550061,2010-12-21
270,2,9:17,557,557,Foul on Nick Barbour,60,35,25,0,0.996823428258203,0.996823428258203,Georgia,High Point,3,4,NA,303550061,2010-12-21
271,2,9:17,557,557,Marcus Thornton made Free Throw.,61,35,26,0,0.997474334808656,0.997474334808656,Georgia,High Point,3,4,NA,303550061,2010-12-21
272,2,9:17,557,557,Marcus Thornton missed Free Throw.,61,35,26,0,0.997474334808656,0.997474334808656,Georgia,High Point,3,4,NA,303550061,2010-12-21
273,2,9:17,557,557,Georgia Offensive Rebound.,61,35,26,13,0.997474334808656,0.997474334808656,Georgia,High Point,3,4,NA,303550061,2010-12-21
274,2,9:04,544,544,Earnest Bridges missed Two Point Jumper.,61,35,26,0,0.997693161813231,0.997693161813231,Georgia,High Point,3,4,NA,303550061,2010-12-21
275,2,9:04,544,544,Corey Law Offensive Rebound.,61,35,26,9,0.997693161813231,0.997693161813231,Georgia,High Point,3,4,NA,303550061,2010-12-21
276,2,8:55,535,535,Corey Law made Two Point Layup.,61,37,24,16,0.9965148480960264,0.9965148480960264,Georgia,High Point,3,4,NA,303550061,2010-12-21
277,2,8:39,519,519,Foul on Justin Cheek,61,37,24,0,0.996794648183445,0.996794648183445,Georgia,High Point,3,4,NA,303550061,2010-12-21
278,2,8:39,519,519,Marcus Thornton made Free Throw.,62,37,25,0,0.9974747280300343,0.9974747280300343,Georgia,High Point,3,4,NA,303550061,2010-12-21
279,2,8:39,519,519,Marcus Thornton missed Free Throw.,62,37,25,0,0.9974747280300343,0.9974747280300343,Georgia,High Point,3,4,NA,303550061,2010-12-21
280,2,8:39,519,519,Shay Shine Defensive Rebound.,62,37,25,25,0.9974747280300343,0.9974747280300343,Georgia,High Point,3,4,NA,303550061,2010-12-21
281,2,8:14,494,494,Shay Shine missed Two Point Jumper.,62,37,25,0,0.9977722876107129,0.9977722876107129,Georgia,High Point,3,4,NA,303550061,2010-12-21
282,2,8:14,494,494,Connor Nolte Defensive Rebound.,62,37,25,24,0.9977722876107129,0.9977722876107129,Georgia,High Point,3,4,NA,303550061,2010-12-21
283,2,7:50,470,470,Sherrard Brantley made Three Point Jumper.  Assisted by Vincent Williams.,65,37,28,26,0.9990761276407658,0.9990761276407658,Georgia,High Point,3,4,NA,303550061,2010-12-21
284,2,7:24,444,444,Justin Cheek Turnover.,65,37,28,1,0.9992526350788066,0.9992526350788066,Georgia,High Point,3,4,NA,303550061,2010-12-21
285,2,7:23,443,443,Vincent Williams Steal.,65,37,28,1,0.9992598597116313,0.9992598597116313,Georgia,High Point,3,4,NA,303550061,2010-12-21
286,2,7:22,442,442,Vincent Williams made Two Point Layup.,67,37,30,15,0.9995622145367716,0.9995622145367716,Georgia,High Point,3,4,NA,303550061,2010-12-21
287,2,7:07,427,427,High Point 30 Second Timeout.,67,37,30,18,0.9996329325972297,0.9996329325972297,Georgia,High Point,2,4,NA,303550061,2010-12-21
288,2,6:49,409,409,Shay Shine missed Three Point Jumper.,67,37,30,0,0.9997022339261104,0.9997022339261104,Georgia,High Point,2,4,NA,303550061,2010-12-21
289,2,6:49,409,409,Georgia Defensive Rebound.,67,37,30,4,0.9997022339261104,0.9997022339261104,Georgia,High Point,2,4,NA,303550061,2010-12-21
290,2,6:45,405,405,Official TV Timeout.,67,37,30,22,0.999715117953889,0.999715117953889,Georgia,High Point,2,4,NA,303550061,2010-12-21
291,2,6:23,383,383,Sherrard Brantley missed Three Point Jumper.,67,37,30,0,0.9997761819168349,0.9997761819168349,Georgia,High Point,2,4,NA,303550061,2010-12-21
292,2,6:23,383,383,Shay Shine Defensive Rebound.,67,37,30,8,0.9997761819168349,0.9997761819168349,Georgia,High Point,2,4,NA,303550061,2010-12-21
293,2,6:15,375,375,Jairus Simms missed Three Point Jumper.,67,37,30,0,0.9997956459418708,0.9997956459418708,Georgia,High Point,2,4,NA,303550061,2010-12-21
294,2,6:15,375,375,Marcus Thornton Defensive Rebound.,67,37,30,12,0.9997956459418708,0.9997956459418708,Georgia,High Point,2,4,NA,303550061,2010-12-21
295,2,6:03,363,363,Foul on Travis Elliott,67,37,30,0,0.9998231944666189,0.9998231944666189,Georgia,High Point,2,4,NA,303550061,2010-12-21
296,2,6:03,363,363,Vincent Williams missed Free Throw.,67,37,30,0,0.9998231944666189,0.9998231944666189,Georgia,High Point,2,4,NA,303550061,2010-12-21
297,2,6:03,363,363,null,67,37,30,0,0.9998231944666189,0.9998231944666189,Georgia,High Point,2,4,NA,303550061,2010-12-21
298,2,6:03,363,363,Vincent Williams missed Free Throw.,67,37,30,0,0.9998231944666189,0.9998231944666189,Georgia,High Point,2,4,NA,303550061,2010-12-21
299,2,6:03,363,363,Georges Massoda Defensive Rebound.,67,37,30,25,0.9998231944666189,0.9998231944666189,Georgia,High Point,2,4,NA,303550061,2010-12-21
300,2,5:38,338,338,Xavier Martin missed Two Point Jumper.,67,37,30,0,0.9998760004593698,0.9998760004593698,Georgia,High Point,2,4,NA,303550061,2010-12-21
301,2,5:38,338,338,Connor Nolte Defensive Rebound.,67,37,30,1,0.9998760004593698,0.9998760004593698,Georgia,High Point,2,4,NA,303550061,2010-12-21
302,2,5:37,337,337,Foul on Georges Massoda,67,37,30,0,0.9998779907897021,0.9998779907897021,Georgia,High Point,2,4,NA,303550061,2010-12-21
303,2,5:37,337,337,Connor Nolte made Free Throw.,68,37,31,0,0.9999096445087217,0.9999096445087217,Georgia,High Point,2,4,NA,303550061,2010-12-21
304,2,5:37,337,337,Connor Nolte missed Free Throw.,68,37,31,0,0.9999096445087217,0.9999096445087217,Georgia,High Point,2,4,NA,303550061,2010-12-21
305,2,5:37,337,337,Marcus Thornton Offensive Rebound.,68,37,31,2,0.9999096445087217,0.9999096445087217,Georgia,High Point,2,4,NA,303550061,2010-12-21
306,2,5:35,335,335,Marcus Thornton missed Two Point Layup.,68,37,31,0,0.9999126653584532,0.9999126653584532,Georgia,High Point,2,4,NA,303550061,2010-12-21
307,2,5:35,335,335,Earnest Bridges Defensive Rebound.,68,37,31,17,0.9999126653584532,0.9999126653584532,Georgia,High Point,2,4,NA,303550061,2010-12-21
308,2,5:18,318,318,Georges Massoda Turnover.,68,37,31,5,0.999936750798762,0.999936750798762,Georgia,High Point,2,4,NA,303550061,2010-12-21
309,2,5:13,313,313,Marcus Thornton missed Two Point Jumper.,68,37,31,0,0.9999432103137721,0.9999432103137721,Georgia,High Point,2,4,NA,303550061,2010-12-21
310,2,5:13,313,313,Donte Williams Offensive Rebound.,68,37,31,4,0.9999432103137721,0.9999432103137721,Georgia,High Point,2,4,NA,303550061,2010-12-21
311,2,5:09,309,309,Donte Williams made Two Point Dunk Shot.,70,37,33,12,0.9999725381719278,0.9999725381719278,Georgia,High Point,2,4,NA,303550061,2010-12-21
312,2,4:57,297,297,David Campbell missed Two Point Jumper.,70,37,33,0,0.9999771303756304,0.9999771303756304,Georgia,High Point,2,4,NA,303550061,2010-12-21
313,2,4:57,297,297,Du'Vaughn Maxwell Offensive Rebound.,70,37,33,4,0.9999771303756304,0.9999771303756304,Georgia,High Point,2,4,NA,303550061,2010-12-21
314,2,4:53,293,293,Justin Cheek missed Three Point Jumper.,70,37,33,0,0.9999776871828244,0.9999776871828244,Georgia,High Point,2,4,NA,303550061,2010-12-21
315,2,4:53,293,293,Vincent Williams Defensive Rebound.,70,37,33,34,0.9999776871828244,0.9999776871828244,Georgia,High Point,2,4,NA,303550061,2010-12-21
316,2,4:19,259,259,Foul on Du'Vaughn Maxwell,70,37,33,0,0.9999728001649616,0.9999728001649616,Georgia,High Point,2,4,NA,303550061,2010-12-21
317,2,4:19,259,259,Vincent Williams made Free Throw.,71,37,34,0,0.9999802201326861,0.9999802201326861,Georgia,High Point,2,4,NA,303550061,2010-12-21
318,2,4:19,259,259,Vincent Williams missed Free Throw.,71,37,34,0,0.9999802201326861,0.9999802201326861,Georgia,High Point,2,4,NA,303550061,2010-12-21
319,2,4:19,259,259,Georges Massoda Defensive Rebound.,71,37,34,8,0.9999802201326861,0.9999802201326861,Georgia,High Point,2,4,NA,303550061,2010-12-21
320,2,4:11,251,251,Xavier Martin Turnover.,71,37,34,2,0.999978641125442,0.999978641125442,Georgia,High Point,2,4,NA,303550061,2010-12-21
321,2,4:09,249,249,Marcus Thornton Steal.,71,37,34,3,0.9999782893408462,0.9999782893408462,Georgia,High Point,2,4,NA,303550061,2010-12-21
322,2,4:06,246,246,Vincent Williams made Free Throw.,72,37,35,0,0.9999838169600326,0.9999838169600326,Georgia,High Point,2,4,NA,303550061,2010-12-21
323,2,4:06,246,246,Foul on Cameron Solomon,72,37,35,0,0.9999838169600326,0.9999838169600326,Georgia,High Point,2,4,NA,303550061,2010-12-21
324,2,4:06,246,246,Vincent Williams missed Free Throw.,72,37,35,0,0.9999838169600326,0.9999838169600326,Georgia,High Point,2,4,NA,303550061,2010-12-21
325,2,4:06,246,246,null,72,37,35,0,0.9999838169600326,0.9999838169600326,Georgia,High Point,2,4,NA,303550061,2010-12-21
326,2,4:06,246,246,Donte Williams missed Two Point Jumper.,72,37,35,0,0.9999838169600326,0.9999838169600326,Georgia,High Point,2,4,NA,303550061,2010-12-21
327,2,4:06,246,246,Vincent Williams missed Two Point Layup.,72,37,35,0,0.9999838169600326,0.9999838169600326,Georgia,High Point,2,4,NA,303550061,2010-12-21
328,2,4:06,246,246,Marcus Thornton Offensive Rebound.,72,37,35,0,0.9999838169600326,0.9999838169600326,Georgia,High Point,2,4,NA,303550061,2010-12-21
329,2,4:06,246,246,Marcus Thornton made Two Point Layup.,74,37,37,42,0.9999913841961946,0.9999913841961946,Georgia,High Point,2,4,NA,303550061,2010-12-21
330,2,3:24,204,204,Donte Williams Block.,74,37,37,9,0.9999953256448665,0.9999953256448665,Georgia,High Point,2,4,NA,303550061,2010-12-21
331,2,3:15,195,195,Justin Cheek missed Three Point Jumper.,74,37,37,0,0.9999971615817576,0.9999971615817576,Georgia,High Point,2,4,NA,303550061,2010-12-21
332,2,3:15,195,195,Connor Nolte Defensive Rebound.,74,37,37,0,0.9999971615817576,0.9999971615817576,Georgia,High Point,2,4,NA,303550061,2010-12-21
333,2,3:15,195,195,Connor Nolte made Three Point Jumper.  Assisted by Matt Bucklin.,77,37,40,0,0.9999989923105277,0.9999989923105277,Georgia,High Point,2,4,NA,303550061,2010-12-21
334,2,3:15,195,195,Connor Nolte Defensive Rebound.,77,37,40,0,0.9999989923105277,0.9999989923105277,Georgia,High Point,2,4,NA,303550061,2010-12-21
335,2,3:15,195,195,Foul on Connor Nolte,77,37,40,56,0.9999989923105277,0.9999989923105277,Georgia,High Point,2,4,NA,303550061,2010-12-21
336,2,2:19,139,139,Official TV Timeout.,77,37,40,7,0.9999999939593455,0.9999999939593455,Georgia,High Point,2,4,NA,303550061,2010-12-21
337,2,2:12,132,132,Foul on Donte Williams,77,37,40,0,0.9999999972956672,0.9999999972956672,Georgia,High Point,2,4,NA,303550061,2010-12-21
338,2,2:12,132,132,Du'Vaughn Maxwell missed Free Throw.,77,37,40,0,0.9999999972956672,0.9999999972956672,Georgia,High Point,2,4,NA,303550061,2010-12-21
339,2,2:12,132,132,null,77,37,40,0,0.9999999972956672,0.9999999972956672,Georgia,High Point,2,4,NA,303550061,2010-12-21
340,2,2:12,132,132,Du'Vaughn Maxwell made Free Throw.,77,38,39,37,0.9999999955714798,0.9999999955714798,Georgia,High Point,2,4,NA,303550061,2010-12-21
341,2,1:35,95,95,Connor Nolte made Two Point Layup.,79,38,41,19,0.9999999999933635,0.9999999999933635,Georgia,High Point,2,4,NA,303550061,2010-12-21
342,2,1:16,76,76,Justin Cheek missed Three Point Jumper.,79,38,41,0,0.9999999999998127,0.9999999999998127,Georgia,High Point,2,4,NA,303550061,2010-12-21
343,2,1:16,76,76,Matt Bucklin Defensive Rebound.,79,38,41,9,0.9999999999998127,0.9999999999998127,Georgia,High Point,2,4,NA,303550061,2010-12-21
344,2,1:07,67,67,Foul on Justin Cheek,79,38,41,0,0.9999999999999707,0.9999999999999707,Georgia,High Point,2,4,NA,303550061,2010-12-21
345,2,1:07,67,67,Matt Bucklin made Free Throw.,80,38,42,0,0.9999999999999863,0.9999999999999863,Georgia,High Point,2,4,NA,303550061,2010-12-21
346,2,1:07,67,67,Matt Bucklin missed Free Throw.,80,38,42,0,0.9999999999999863,0.9999999999999863,Georgia,High Point,2,4,NA,303550061,2010-12-21
347,2,1:07,67,67,Matt Bucklin Offensive Rebound.,80,38,42,14,0.9999999999999863,0.9999999999999863,Georgia,High Point,2,4,NA,303550061,2010-12-21
348,2,0:53,53,53,Connor Nolte made Three Point Jumper.  Assisted by Matt Bucklin.,83,38,45,7,1,1,Georgia,High Point,2,4,NA,303550061,2010-12-21
349,2,0:46,46,46,Moses Burgess missed Two Point Layup.,83,38,45,0,1,1,Georgia,High Point,2,4,NA,303550061,2010-12-21
350,2,0:46,46,46,Connor Nolte Block.,83,38,45,1,1,1,Georgia,High Point,2,4,NA,303550061,2010-12-21
351,2,0:45,45,45,Donte Williams Defensive Rebound.,83,38,45,4,1,1,Georgia,High Point,2,4,NA,303550061,2010-12-21
352,2,0:41,41,41,Sherrard Brantley made Two Point Layup.  Assisted by Donte Williams.,85,38,47,4,1,1,Georgia,High Point,2,4,NA,303550061,2010-12-21
353,2,0:37,37,37,High Point 30 Second Timeout.,85,38,47,4,1,1,Georgia,High Point,1,4,NA,303550061,2010-12-21
354,2,0:33,33,33,Donte Williams Defensive Rebound.,85,38,47,0,1,1,Georgia,High Point,1,4,NA,303550061,2010-12-21
355,2,0:33,33,33,Tehran Cox missed Three Point Jumper.,85,38,47,33,1,1,Georgia,High Point,1,4,NA,303550061,2010-12-21
356,2,0:00,0,0,End Game,85,38,47,0,1,1,Georgia,High Point,1,4,NA,303550061,2010-12-21
357,2,0:00,0,0,End Game,85,38,47,0,1,1,Georgia,High Point,1,4,NA,303550061,2010-12-21
