game_id,date,home,away,play_id,half,time_remaining_half,secs_remaining,secs_remaining_absolute,description,home_score,away_score,score_diff,play_length,win_prob,naive_win_prob,home_time_out_remaining,away_time_out_remaining,home_favored_by,total_line,referees,arena_location,arena,capacity,attendance,shot_x,shot_y,shot_team,shot_outcome,shooter,assist,three_pt,free_throw,possession_before,possession_after,wrong_time
401370977,2021-11-27,Holy Cross,New Hampshire,1,1,20:00,2400,2400,PLAY,0,0,0,0,0.23090064092102094,0.5,4,4,-7.5,135,"c(""Casey  Kett"", "" Tom Deneen"", "" Josean Vega"")","Worcester, MA",Hart Center,3536,923,NA,NA,NA,NA,NA,NA,NA,NA,NA,New Hampshire,NA
401370977,2021-11-27,Holy Cross,New Hampshire,2,1,19:34,2374,2374,Nick Guadarrama missed Three Point Jumper.,0,0,0,26,0.23146083822665017,0.5,4,4,-7.5,135,"c(""Casey  Kett"", "" Tom Deneen"", "" Josean Vega"")","Worcester, MA",Hart Center,3536,923,NA,NA,New Hampshire,missed,Nick Guadarrama,NA,TRUE,FALSE,New Hampshire,Holy Cross,FALSE
401370977,2021-11-27,Holy Cross,New Hampshire,3,1,19:28,2368,2368,Judson Martindale Defensive Rebound.,0,0,0,6,0.23159274009260122,0.5,4,4,-7.5,135,"c(""Casey  Kett"", "" Tom Deneen"", "" Josean Vega"")","Worcester, MA",Hart Center,3536,923,NA,NA,NA,NA,NA,NA,NA,NA,New Hampshire,Holy Cross,FALSE
401370977,2021-11-27,Holy Cross,New Hampshire,4,1,19:11,2351,2351,Gerrale Gates missed Jumper.,0,0,0,17,0.2319719409420327,0.5,4,4,-7.5,135,"c(""Casey  Kett"", "" Tom Deneen"", "" Josean Vega"")","Worcester, MA",Hart Center,3536,923,NA,NA,Holy Cross,missed,Gerrale Gates,NA,FALSE,FALSE,Holy Cross,Holy Cross,FALSE
401370977,2021-11-27,Holy Cross,New Hampshire,5,1,19:06,2346,2346,Louth-M Coulibaly Offensive Rebound.,0,0,0,5,0.23208503331741506,0.5,4,4,-7.5,135,"c(""Casey  Kett"", "" Tom Deneen"", "" Josean Vega"")","Worcester, MA",Hart Center,3536,923,NA,NA,NA,NA,NA,NA,NA,NA,Holy Cross,Holy Cross,FALSE
401370977,2021-11-27,Holy Cross,New Hampshire,6,1,19:05,2345,2345,Louth-M Coulibaly made Layup.,2,0,2,1,0.26597192298729644,0.5451990876043378,4,4,-7.5,135,"c(""Casey  Kett"", "" Tom Deneen"", "" Josean Vega"")","Worcester, MA",Hart Center,3536,923,NA,NA,Holy Cross,made,Louth-M Coulibaly,NA,FALSE,FALSE,Holy Cross,New Hampshire,FALSE
401370977,2021-11-27,Holy Cross,New Hampshire,7,1,18:58,2338,2338,Nick Johnson made Layup.,2,2,0,7,0.23226748028176214,0.5,4,4,-7.5,135,"c(""Casey  Kett"", "" Tom Deneen"", "" Josean Vega"")","Worcester, MA",Hart Center,3536,923,NA,NA,New Hampshire,made,Nick Johnson,NA,FALSE,FALSE,New Hampshire,Holy Cross,FALSE
401370977,2021-11-27,Holy Cross,New Hampshire,8,1,18:39,2319,2319,Gerrale Gates missed Three Point Jumper.,2,2,0,19,0.232708301402577,0.5,4,4,-7.5,135,"c(""Casey  Kett"", "" Tom Deneen"", "" Josean Vega"")","Worcester, MA",Hart Center,3536,923,NA,NA,Holy Cross,missed,Gerrale Gates,NA,TRUE,FALSE,Holy Cross,New Hampshire,FALSE
401370977,2021-11-27,Holy Cross,New Hampshire,9,1,18:36,2316,2316,Tayler Mattos Defensive Rebound.,2,2,0,3,0.232778884761015,0.5,4,4,-7.5,135,"c(""Casey  Kett"", "" Tom Deneen"", "" Josean Vega"")","Worcester, MA",Hart Center,3536,923,NA,NA,NA,NA,NA,NA,NA,NA,Holy Cross,New Hampshire,FALSE
401370977,2021-11-27,Holy Cross,New Hampshire,10,1,18:25,2305,2305,Foul on Louth-M Coulibaly.,2,2,0,11,0.23304001289972484,0.5,4,4,-7.5,135,"c(""Casey  Kett"", "" Tom Deneen"", "" Josean Vega"")","Worcester, MA",Hart Center,3536,923,NA,NA,NA,NA,NA,NA,NA,NA,New Hampshire,New Hampshire,FALSE
401370977,2021-11-27,Holy Cross,New Hampshire,11,1,18:19,2299,2299,Nick Guadarrama Turnover.,2,2,0,6,0.23318399911890292,0.5,4,4,-7.5,135,"c(""Casey  Kett"", "" Tom Deneen"", "" Josean Vega"")","Worcester, MA",Hart Center,3536,923,NA,NA,NA,NA,NA,NA,NA,NA,New Hampshire,Holy Cross,FALSE
401370977,2021-11-27,Holy Cross,New Hampshire,12,1,18:19,2299,2299,Judson Martindale Steal.,2,2,0,0,0.23318399911890292,0.5,4,4,-7.5,135,"c(""Casey  Kett"", "" Tom Deneen"", "" Josean Vega"")","Worcester, MA",Hart Center,3536,923,NA,NA,NA,NA,NA,NA,NA,NA,New Hampshire,Holy Cross,FALSE
401370977,2021-11-27,Holy Cross,New Hampshire,13,1,18:12,2292,2292,Kyrell Luc missed Three Point Jumper.,2,2,0,7,0.23335338375967635,0.5,4,4,-7.5,135,"c(""Casey  Kett"", "" Tom Deneen"", "" Josean Vega"")","Worcester, MA",Hart Center,3536,923,NA,NA,Holy Cross,missed,Kyrell Luc,NA,TRUE,FALSE,Holy Cross,New Hampshire,FALSE
401370977,2021-11-27,Holy Cross,New Hampshire,14,1,18:08,2288,2288,Tayler Mattos Defensive Rebound.,2,2,0,4,0.2334508575693467,0.5,4,4,-7.5,135,"c(""Casey  Kett"", "" Tom Deneen"", "" Josean Vega"")","Worcester, MA",Hart Center,3536,923,NA,NA,NA,NA,NA,NA,NA,NA,Holy Cross,New Hampshire,FALSE
401370977,2021-11-27,Holy Cross,New Hampshire,15,1,17:53,2273,2273,Tayler Mattos missed Layup.,2,2,0,15,0.23382085849309742,0.5,4,4,-7.5,135,"c(""Casey  Kett"", "" Tom Deneen"", "" Josean Vega"")","Worcester, MA",Hart Center,3536,923,NA,NA,New Hampshire,missed,Tayler Mattos,NA,FALSE,FALSE,New Hampshire,Holy Cross,FALSE
401370977,2021-11-27,Holy Cross,New Hampshire,16,1,17:48,2268,2268,Bo Montgomery Defensive Rebound.,2,2,0,5,0.23394577917751658,0.5,4,4,-7.5,135,"c(""Casey  Kett"", "" Tom Deneen"", "" Josean Vega"")","Worcester, MA",Hart Center,3536,923,NA,NA,NA,NA,NA,NA,NA,NA,New Hampshire,Holy Cross,FALSE
401370977,2021-11-27,Holy Cross,New Hampshire,17,1,17:24,2244,2244,Bo Montgomery made Three Point Jumper.,5,2,3,24,0.2896212112479907,0.5709023243373903,4,4,-7.5,135,"c(""Casey  Kett"", "" Tom Deneen"", "" Josean Vega"")","Worcester, MA",Hart Center,3536,923,NA,NA,Holy Cross,made,Bo Montgomery,NA,TRUE,FALSE,Holy Cross,New Hampshire,FALSE
401370977,2021-11-27,Holy Cross,New Hampshire,18,1,16:52,2212,2212,Blondeau Tchoukuiegno missed Jumper.,5,2,3,32,0.29150046548351566,0.5719847230307131,4,4,-7.5,135,"c(""Casey  Kett"", "" Tom Deneen"", "" Josean Vega"")","Worcester, MA",Hart Center,3536,923,NA,NA,New Hampshire,missed,Blondeau Tchoukuiegno,NA,FALSE,FALSE,New Hampshire,New Hampshire,FALSE
401370977,2021-11-27,Holy Cross,New Hampshire,19,1,16:50,2210,2210,New Hampshire Offensive Rebound.,5,2,3,2,0.2916196771489007,0.5720526697042271,4,4,-7.5,135,"c(""Casey  Kett"", "" Tom Deneen"", "" Josean Vega"")","Worcester, MA",Hart Center,3536,923,NA,NA,NA,NA,NA,NA,NA,NA,New Hampshire,New Hampshire,FALSE
401370977,2021-11-27,Holy Cross,New Hampshire,20,1,16:46,2206,2206,Jayden Martinez missed Jumper.,5,2,3,4,0.29185871976330463,0.5721886558870166,4,4,-7.5,135,"c(""Casey  Kett"", "" Tom Deneen"", "" Josean Vega"")","Worcester, MA",Hart Center,3536,923,NA,NA,New Hampshire,missed,Jayden Martinez,NA,FALSE,FALSE,New Hampshire,New Hampshire,FALSE
401370977,2021-11-27,Holy Cross,New Hampshire,21,1,16:46,2206,2206,New Hampshire Offensive Rebound.,5,2,3,0,0.29185871976330463,0.5721886558870166,4,4,-7.5,135,"c(""Casey  Kett"", "" Tom Deneen"", "" Josean Vega"")","Worcester, MA",Hart Center,3536,923,NA,NA,NA,NA,NA,NA,NA,NA,New Hampshire,New Hampshire,FALSE
401370977,2021-11-27,Holy Cross,New Hampshire,22,1,16:46,2206,2206,New Hampshire  Turnover.,5,2,3,0,0.29185871976330463,0.5721886558870166,4,4,-7.5,135,"c(""Casey  Kett"", "" Tom Deneen"", "" Josean Vega"")","Worcester, MA",Hart Center,3536,923,NA,NA,NA,NA,NA,NA,NA,NA,New Hampshire,Holy Cross,FALSE
401370977,2021-11-27,Holy Cross,New Hampshire,23,1,16:26,2186,2186,Gerrale Gates made Jumper.,7,2,5,20,0.33518556473190236,0.6199381965730206,4,4,-7.5,135,"c(""Casey  Kett"", "" Tom Deneen"", "" Josean Vega"")","Worcester, MA",Hart Center,3536,923,NA,NA,Holy Cross,made,Gerrale Gates,NA,FALSE,FALSE,Holy Cross,New Hampshire,FALSE
401370977,2021-11-27,Holy Cross,New Hampshire,24,1,16:08,2168,2168,Jayden Martinez made Three Point Jumper. Assisted by Blondeau Tchoukuiegno.,7,5,2,18,0.2741020441270153,0.5491883068455469,4,4,-7.5,135,"c(""Casey  Kett"", "" Tom Deneen"", "" Josean Vega"")","Worcester, MA",Hart Center,3536,923,NA,NA,New Hampshire,made,Jayden Martinez,Blondeau Tchoukuiegno,TRUE,FALSE,New Hampshire,Holy Cross,FALSE
401370977,2021-11-27,Holy Cross,New Hampshire,25,1,15:48,2148,2148,Caleb Kenney missed Jumper.,7,5,2,20,0.27511053665362145,0.5496520506452194,4,4,-7.5,135,"c(""Casey  Kett"", "" Tom Deneen"", "" Josean Vega"")","Worcester, MA",Hart Center,3536,923,NA,NA,Holy Cross,missed,Caleb Kenney,NA,FALSE,FALSE,Holy Cross,New Hampshire,FALSE
401370977,2021-11-27,Holy Cross,New Hampshire,26,1,15:43,2143,2143,Foul on Bo Montgomery.,7,5,2,5,0.27536559622805745,0.5497684730248716,4,4,-7.5,135,"c(""Casey  Kett"", "" Tom Deneen"", "" Josean Vega"")","Worcester, MA",Hart Center,3536,923,NA,NA,NA,NA,NA,NA,NA,NA,Holy Cross,New Hampshire,FALSE
401370977,2021-11-27,Holy Cross,New Hampshire,27,1,15:43,2143,2143,Official TV Timeout,7,5,2,0,0.27536559622805745,0.5497684730248716,4,4,-7.5,135,"c(""Casey  Kett"", "" Tom Deneen"", "" Josean Vega"")","Worcester, MA",Hart Center,3536,923,NA,NA,NA,NA,NA,NA,NA,NA,Holy Cross,New Hampshire,FALSE
401370977,2021-11-27,Holy Cross,New Hampshire,28,1,15:42,2142,2142,Blondeau Tchoukuiegno Defensive Rebound.,7,5,2,1,0.27541674933123483,0.5497917817235468,4,4,-7.5,135,"c(""Casey  Kett"", "" Tom Deneen"", "" Josean Vega"")","Worcester, MA",Hart Center,3536,923,NA,NA,NA,NA,NA,NA,NA,NA,Holy Cross,New Hampshire,FALSE
401370977,2021-11-27,Holy Cross,New Hampshire,29,1,15:40,2140,2140,Blondeau Tchoukuiegno Turnover.,7,5,2,2,0.275519196799754,0.5498384236125139,4,4,-7.5,135,"c(""Casey  Kett"", "" Tom Deneen"", "" Josean Vega"")","Worcester, MA",Hart Center,3536,923,NA,NA,NA,NA,NA,NA,NA,NA,New Hampshire,Holy Cross,FALSE
401370977,2021-11-27,Holy Cross,New Hampshire,30,1,15:40,2140,2140,Kyrell Luc Steal.,7,5,2,0,0.275519196799754,0.5498384236125139,4,4,-7.5,135,"c(""Casey  Kett"", "" Tom Deneen"", "" Josean Vega"")","Worcester, MA",Hart Center,3536,923,NA,NA,NA,NA,NA,NA,NA,NA,New Hampshire,Holy Cross,FALSE
401370977,2021-11-27,Holy Cross,New Hampshire,31,1,15:35,2135,2135,Kyrell Luc missed Jumper.,7,5,2,5,0.27577613993214645,0.5499551727708791,4,4,-7.5,135,"c(""Casey  Kett"", "" Tom Deneen"", "" Josean Vega"")","Worcester, MA",Hart Center,3536,923,NA,NA,Holy Cross,missed,Kyrell Luc,NA,FALSE,FALSE,Holy Cross,New Hampshire,FALSE
401370977,2021-11-27,Holy Cross,New Hampshire,32,1,15:32,2132,2132,Jayden Martinez Defensive Rebound.,7,5,2,3,0.2759308715270698,0.5500253226516741,4,4,-7.5,135,"c(""Casey  Kett"", "" Tom Deneen"", "" Josean Vega"")","Worcester, MA",Hart Center,3536,923,NA,NA,NA,NA,NA,NA,NA,NA,Holy Cross,New Hampshire,FALSE
401370977,2021-11-27,Holy Cross,New Hampshire,33,1,15:05,2105,2105,Blondeau Tchoukuiegno Turnover.,7,5,2,27,0.2773425928151094,0.5506602182867172,4,4,-7.5,135,"c(""Casey  Kett"", "" Tom Deneen"", "" Josean Vega"")","Worcester, MA",Hart Center,3536,923,NA,NA,NA,NA,NA,NA,NA,NA,New Hampshire,Holy Cross,FALSE
401370977,2021-11-27,Holy Cross,New Hampshire,34,1,15:05,2105,2105,Judson Martindale Steal.,7,5,2,0,0.2773425928151094,0.5506602182867172,4,4,-7.5,135,"c(""Casey  Kett"", "" Tom Deneen"", "" Josean Vega"")","Worcester, MA",Hart Center,3536,923,NA,NA,NA,NA,NA,NA,NA,NA,New Hampshire,Holy Cross,FALSE
401370977,2021-11-27,Holy Cross,New Hampshire,35,1,15:01,2101,2101,Foul on Nick Johnson.,7,5,2,4,0.2775546729002252,0.5507548434398758,4,4,-7.5,135,"c(""Casey  Kett"", "" Tom Deneen"", "" Josean Vega"")","Worcester, MA",Hart Center,3536,923,NA,NA,NA,NA,NA,NA,NA,NA,Holy Cross,Holy Cross,FALSE
401370977,2021-11-27,Holy Cross,New Hampshire,36,1,14:53,2093,2093,R.J. Johnson missed Layup.,7,5,2,8,0.27798111213355187,0.550944553294396,4,4,-7.5,135,"c(""Casey  Kett"", "" Tom Deneen"", "" Josean Vega"")","Worcester, MA",Hart Center,3536,923,NA,NA,Holy Cross,missed,R.J. Johnson,NA,FALSE,FALSE,Holy Cross,New Hampshire,FALSE
401370977,2021-11-27,Holy Cross,New Hampshire,37,1,14:51,2091,2091,Jayden Martinez Defensive Rebound.,7,5,2,2,0.27808819718915345,0.5509920780621692,4,4,-7.5,135,"c(""Casey  Kett"", "" Tom Deneen"", "" Josean Vega"")","Worcester, MA",Hart Center,3536,923,NA,NA,NA,NA,NA,NA,NA,NA,Holy Cross,New Hampshire,FALSE
401370977,2021-11-27,Holy Cross,New Hampshire,38,1,14:29,2069,2069,Blondeau Tchoukuiegno made Jumper.,7,7,0,22,0.23960501090791184,0.5,4,4,-7.5,135,"c(""Casey  Kett"", "" Tom Deneen"", "" Josean Vega"")","Worcester, MA",Hart Center,3536,923,NA,NA,New Hampshire,made,Blondeau Tchoukuiegno,NA,FALSE,FALSE,New Hampshire,Holy Cross,FALSE
401370977,2021-11-27,Holy Cross,New Hampshire,39,1,14:03,2043,2043,Judson Martindale missed Layup.,7,7,0,26,0.24044214380618253,0.5,4,4,-7.5,135,"c(""Casey  Kett"", "" Tom Deneen"", "" Josean Vega"")","Worcester, MA",Hart Center,3536,923,NA,NA,Holy Cross,missed,Judson Martindale,NA,FALSE,FALSE,Holy Cross,New Hampshire,FALSE
401370977,2021-11-27,Holy Cross,New Hampshire,40,1,13:58,2038,2038,Jayden Martinez Defensive Rebound.,7,7,0,5,0.24060559673366877,0.5,4,4,-7.5,135,"c(""Casey  Kett"", "" Tom Deneen"", "" Josean Vega"")","Worcester, MA",Hart Center,3536,923,NA,NA,NA,NA,NA,NA,NA,NA,Holy Cross,New Hampshire,FALSE
401370977,2021-11-27,Holy Cross,New Hampshire,41,1,13:57,2037,2037,Jayden Martinez made Layup.,7,9,-2,1,0.2043842469512005,0.4477089600936891,4,4,-7.5,135,"c(""Casey  Kett"", "" Tom Deneen"", "" Josean Vega"")","Worcester, MA",Hart Center,3536,923,NA,NA,New Hampshire,made,Jayden Martinez,NA,FALSE,FALSE,New Hampshire,Holy Cross,FALSE
401370977,2021-11-27,Holy Cross,New Hampshire,42,1,13:39,2019,2019,Kyrell Luc Turnover.,7,9,-2,18,0.204624264788276,0.44726866938491106,4,4,-7.5,135,"c(""Casey  Kett"", "" Tom Deneen"", "" Josean Vega"")","Worcester, MA",Hart Center,3536,923,NA,NA,NA,NA,NA,NA,NA,NA,Holy Cross,New Hampshire,FALSE
401370977,2021-11-27,Holy Cross,New Hampshire,43,1,13:17,1997,1997,Foul on Caleb Kenney.,7,9,-2,22,0.20492521360038501,0.44672511638844487,4,4,-7.5,135,"c(""Casey  Kett"", "" Tom Deneen"", "" Josean Vega"")","Worcester, MA",Hart Center,3536,923,NA,NA,NA,NA,NA,NA,NA,NA,New Hampshire,New Hampshire,FALSE
401370977,2021-11-27,Holy Cross,New Hampshire,44,1,13:06,1986,1986,Marco Foster made Three Point Jumper. Assisted by Josh Hopkins.,7,12,-5,11,0.15744266347297128,0.36875733829461205,4,4,-7.5,135,"c(""Casey  Kett"", "" Tom Deneen"", "" Josean Vega"")","Worcester, MA",Hart Center,3536,923,NA,NA,New Hampshire,made,Marco Foster,Josh Hopkins,TRUE,FALSE,New Hampshire,Holy Cross,FALSE
401370977,2021-11-27,Holy Cross,New Hampshire,45,1,12:36,1956,1956,DaJion Humphrey missed Three Point Jumper.,7,12,-5,30,0.1571821566003516,0.36697877578473825,4,4,-7.5,135,"c(""Casey  Kett"", "" Tom Deneen"", "" Josean Vega"")","Worcester, MA",Hart Center,3536,923,NA,NA,Holy Cross,missed,DaJion Humphrey,NA,TRUE,FALSE,Holy Cross,New Hampshire,FALSE
401370977,2021-11-27,Holy Cross,New Hampshire,46,1,12:33,1953,1953,Sloan Seymour Defensive Rebound.,7,12,-5,3,0.157156120192763,0.36679944799680164,4,4,-7.5,135,"c(""Casey  Kett"", "" Tom Deneen"", "" Josean Vega"")","Worcester, MA",Hart Center,3536,923,NA,NA,NA,NA,NA,NA,NA,NA,Holy Cross,New Hampshire,FALSE
401370977,2021-11-27,Holy Cross,New Hampshire,47,1,12:17,1937,1937,Sloan Seymour missed Three Point Jumper.,7,12,-5,16,0.15701713836849657,0.36583833801363824,4,4,-7.5,135,"c(""Casey  Kett"", "" Tom Deneen"", "" Josean Vega"")","Worcester, MA",Hart Center,3536,923,NA,NA,New Hampshire,missed,Sloan Seymour,NA,TRUE,FALSE,New Hampshire,New Hampshire,FALSE
401370977,2021-11-27,Holy Cross,New Hampshire,48,1,12:11,1931,1931,Josh Hopkins Offensive Rebound.,7,12,-5,6,0.15696493122605612,0.3654758442449663,4,4,-7.5,135,"c(""Casey  Kett"", "" Tom Deneen"", "" Josean Vega"")","Worcester, MA",Hart Center,3536,923,NA,NA,NA,NA,NA,NA,NA,NA,New Hampshire,New Hampshire,FALSE
401370977,2021-11-27,Holy Cross,New Hampshire,49,1,11:57,1917,1917,Marco Foster missed Three Point Jumper.,7,12,-5,14,0.15684591056678093,0.36462950105220465,4,4,-7.5,135,"c(""Casey  Kett"", "" Tom Deneen"", "" Josean Vega"")","Worcester, MA",Hart Center,3536,923,NA,NA,New Hampshire,missed,Marco Foster,NA,TRUE,FALSE,New Hampshire,New Hampshire,FALSE
401370977,2021-11-27,Holy Cross,New Hampshire,50,1,11:54,1914,1914,Nick Guadarrama Offensive Rebound.,7,12,-5,3,0.15682124160894884,0.36444846879729903,4,4,-7.5,135,"c(""Casey  Kett"", "" Tom Deneen"", "" Josean Vega"")","Worcester, MA",Hart Center,3536,923,NA,NA,NA,NA,NA,NA,NA,NA,New Hampshire,New Hampshire,FALSE
401370977,2021-11-27,Holy Cross,New Hampshire,51,1,11:54,1914,1914,Foul on Kyrell Luc.,7,12,-5,0,0.15682124160894884,0.36444846879729903,4,4,-7.5,135,"c(""Casey  Kett"", "" Tom Deneen"", "" Josean Vega"")","Worcester, MA",Hart Center,3536,923,NA,NA,NA,NA,NA,NA,NA,NA,New Hampshire,New Hampshire,FALSE
401370977,2021-11-27,Holy Cross,New Hampshire,52,1,11:54,1914,1914,Official TV Timeout,7,12,-5,0,0.15682124160894884,0.36444846879729903,4,4,-7.5,135,"c(""Casey  Kett"", "" Tom Deneen"", "" Josean Vega"")","Worcester, MA",Hart Center,3536,923,NA,NA,NA,NA,NA,NA,NA,NA,New Hampshire,New Hampshire,FALSE
401370977,2021-11-27,Holy Cross,New Hampshire,53,1,11:54,1914,1914,Nick Guadarrama missed Free Throw.,7,12,-5,0,0.15682124160894884,0.36444846879729903,4,4,-7.5,135,"c(""Casey  Kett"", "" Tom Deneen"", "" Josean Vega"")","Worcester, MA",Hart Center,3536,923,NA,NA,New Hampshire,missed,Nick Guadarrama,NA,FALSE,TRUE,New Hampshire,New Hampshire,FALSE
401370977,2021-11-27,Holy Cross,New Hampshire,54,1,11:54,1914,1914,New Hampshire Offensive Rebound.,7,12,-5,0,0.15682124160894884,0.36444846879729903,4,4,-7.5,135,"c(""Casey  Kett"", "" Tom Deneen"", "" Josean Vega"")","Worcester, MA",Hart Center,3536,923,NA,NA,NA,NA,NA,NA,NA,NA,New Hampshire,New Hampshire,FALSE
401370977,2021-11-27,Holy Cross,New Hampshire,55,1,11:54,1914,1914,Nick Guadarrama made Free Throw.,7,13,-6,0,0.14266934172391846,0.33909504336105645,4,4,-7.5,135,"c(""Casey  Kett"", "" Tom Deneen"", "" Josean Vega"")","Worcester, MA",Hart Center,3536,923,NA,NA,New Hampshire,made,Nick Guadarrama,NA,FALSE,TRUE,New Hampshire,Holy Cross,FALSE
401370977,2021-11-27,Holy Cross,New Hampshire,56,1,11:33,1893,1893,Bo Montgomery missed Layup.,7,13,-6,21,0.1423829194320762,0.3376266559612986,4,4,-7.5,135,"c(""Casey  Kett"", "" Tom Deneen"", "" Josean Vega"")","Worcester, MA",Hart Center,3536,923,NA,NA,Holy Cross,missed,Bo Montgomery,NA,FALSE,FALSE,Holy Cross,New Hampshire,FALSE
401370977,2021-11-27,Holy Cross,New Hampshire,57,1,11:29,1889,1889,Marco Foster Defensive Rebound.,7,13,-6,4,0.1423296446156851,0.3373473645511194,4,4,-7.5,135,"c(""Casey  Kett"", "" Tom Deneen"", "" Josean Vega"")","Worcester, MA",Hart Center,3536,923,NA,NA,NA,NA,NA,NA,NA,NA,Holy Cross,New Hampshire,FALSE
401370977,2021-11-27,Holy Cross,New Hampshire,58,1,11:17,1877,1877,Marco Foster made Layup. Assisted by Qon Murphy.,7,15,-8,12,0.11674083679080767,0.28798663701442784,4,4,-7.5,135,"c(""Casey  Kett"", "" Tom Deneen"", "" Josean Vega"")","Worcester, MA",Hart Center,3536,923,NA,NA,New Hampshire,made,Marco Foster,Qon Murphy,FALSE,FALSE,New Hampshire,Holy Cross,FALSE
401370977,2021-11-27,Holy Cross,New Hampshire,59,1,10:59,1859,1859,R.J. Johnson missed Jumper.,7,15,-8,18,0.11635183629219653,0.286448601854438,4,4,-7.5,135,"c(""Casey  Kett"", "" Tom Deneen"", "" Josean Vega"")","Worcester, MA",Hart Center,3536,923,NA,NA,Holy Cross,missed,R.J. Johnson,NA,FALSE,FALSE,Holy Cross,New Hampshire,FALSE
401370977,2021-11-27,Holy Cross,New Hampshire,60,1,10:56,1856,1856,Nick Guadarrama Defensive Rebound.,7,15,-8,3,0.11628742967089165,0.2861922216839579,4,4,-7.5,135,"c(""Casey  Kett"", "" Tom Deneen"", "" Josean Vega"")","Worcester, MA",Hart Center,3536,923,NA,NA,NA,NA,NA,NA,NA,NA,Holy Cross,New Hampshire,FALSE
401370977,2021-11-27,Holy Cross,New Hampshire,61,1,10:48,1848,1848,Qon Murphy Turnover.,7,15,-8,8,0.11611614101402074,0.285508272854986,4,4,-7.5,135,"c(""Casey  Kett"", "" Tom Deneen"", "" Josean Vega"")","Worcester, MA",Hart Center,3536,923,NA,NA,NA,NA,NA,NA,NA,NA,New Hampshire,Holy Cross,FALSE
401370977,2021-11-27,Holy Cross,New Hampshire,62,1,10:20,1820,1820,Bo Montgomery made Jumper.,9,15,-6,28,0.14145185176287878,0.33251721368965587,4,4,-7.5,135,"c(""Casey  Kett"", "" Tom Deneen"", "" Josean Vega"")","Worcester, MA",Hart Center,3536,923,NA,NA,Holy Cross,made,Bo Montgomery,NA,FALSE,FALSE,Holy Cross,New Hampshire,FALSE
401370977,2021-11-27,Holy Cross,New Hampshire,63,1,10:04,1804,1804,Marco Foster missed Layup.,9,15,-6,16,0.1412535067329504,0.33138560216818624,4,4,-7.5,135,"c(""Casey  Kett"", "" Tom Deneen"", "" Josean Vega"")","Worcester, MA",Hart Center,3536,923,NA,NA,New Hampshire,missed,Marco Foster,NA,FALSE,FALSE,New Hampshire,Holy Cross,FALSE
401370977,2021-11-27,Holy Cross,New Hampshire,64,1,10:04,1804,1804,Kyrell Luc Block.,9,15,-6,0,0.1412535067329504,0.33138560216818624,4,4,-7.5,135,"c(""Casey  Kett"", "" Tom Deneen"", "" Josean Vega"")","Worcester, MA",Hart Center,3536,923,NA,NA,NA,NA,NA,NA,NA,NA,New Hampshire,Holy Cross,FALSE
401370977,2021-11-27,Holy Cross,New Hampshire,65,1,9:56,1796,1796,Kyrell Luc Defensive Rebound.,9,15,-6,8,0.14115420115121138,0.3308169601748222,4,4,-7.5,135,"c(""Casey  Kett"", "" Tom Deneen"", "" Josean Vega"")","Worcester, MA",Hart Center,3536,923,NA,NA,NA,NA,NA,NA,NA,NA,New Hampshire,Holy Cross,FALSE
401370977,2021-11-27,Holy Cross,New Hampshire,66,1,9:54,1794,1794,Caleb Kenney made Jumper. Assisted by Kyrell Luc.,11,15,-4,2,0.17208866500282988,0.3845947655818536,4,4,-7.5,135,"c(""Casey  Kett"", "" Tom Deneen"", "" Josean Vega"")","Worcester, MA",Hart Center,3536,923,NA,NA,Holy Cross,made,Caleb Kenney,Kyrell Luc,FALSE,FALSE,Holy Cross,New Hampshire,FALSE
401370977,2021-11-27,Holy Cross,New Hampshire,67,1,9:37,1777,1777,Jayden Martinez missed Three Point Jumper.,11,15,-4,17,0.17210024293563803,0.383726655384583,4,4,-7.5,135,"c(""Casey  Kett"", "" Tom Deneen"", "" Josean Vega"")","Worcester, MA",Hart Center,3536,923,NA,NA,New Hampshire,missed,Jayden Martinez,NA,TRUE,FALSE,New Hampshire,New Hampshire,FALSE
401370977,2021-11-27,Holy Cross,New Hampshire,68,1,9:32,1772,1772,Qon Murphy Offensive Rebound.,11,15,-4,5,0.1721035825936608,0.3834695992246901,4,4,-7.5,135,"c(""Casey  Kett"", "" Tom Deneen"", "" Josean Vega"")","Worcester, MA",Hart Center,3536,923,NA,NA,NA,NA,NA,NA,NA,NA,New Hampshire,New Hampshire,FALSE
401370977,2021-11-27,Holy Cross,New Hampshire,69,1,9:31,1771,1771,Qon Murphy Turnover.,11,15,-4,1,0.17210424115131276,0.3834180870121141,4,4,-7.5,135,"c(""Casey  Kett"", "" Tom Deneen"", "" Josean Vega"")","Worcester, MA",Hart Center,3536,923,NA,NA,NA,NA,NA,NA,NA,NA,New Hampshire,Holy Cross,FALSE
401370977,2021-11-27,Holy Cross,New Hampshire,70,1,9:31,1771,1771,DaJion Humphrey Steal.,11,15,-4,0,0.17210424115131276,0.3834180870121141,4,4,-7.5,135,"c(""Casey  Kett"", "" Tom Deneen"", "" Josean Vega"")","Worcester, MA",Hart Center,3536,923,NA,NA,NA,NA,NA,NA,NA,NA,New Hampshire,Holy Cross,FALSE
401370977,2021-11-27,Holy Cross,New Hampshire,71,1,9:10,1750,1750,Louth-M Coulibaly missed Jumper.,11,15,-4,21,0.17211682519503751,0.3823279566598228,4,4,-7.5,135,"c(""Casey  Kett"", "" Tom Deneen"", "" Josean Vega"")","Worcester, MA",Hart Center,3536,923,NA,NA,Holy Cross,missed,Louth-M Coulibaly,NA,FALSE,FALSE,Holy Cross,New Hampshire,FALSE
401370977,2021-11-27,Holy Cross,New Hampshire,72,1,9:07,1747,1747,Jayden Martinez Defensive Rebound.,11,15,-4,3,0.17211835318534296,0.38217083254052453,4,4,-7.5,135,"c(""Casey  Kett"", "" Tom Deneen"", "" Josean Vega"")","Worcester, MA",Hart Center,3536,923,NA,NA,NA,NA,NA,NA,NA,NA,Holy Cross,New Hampshire,FALSE
401370977,2021-11-27,Holy Cross,New Hampshire,73,1,8:54,1734,1734,Sloan Seymour missed Layup.,11,15,-4,13,0.17212387200170076,0.3814855746553345,4,4,-7.5,135,"c(""Casey  Kett"", "" Tom Deneen"", "" Josean Vega"")","Worcester, MA",Hart Center,3536,923,NA,NA,New Hampshire,missed,Sloan Seymour,NA,FALSE,FALSE,New Hampshire,Holy Cross,FALSE
401370977,2021-11-27,Holy Cross,New Hampshire,74,1,8:50,1730,1730,DaJion Humphrey Defensive Rebound.,11,15,-4,4,0.17212515254858926,0.38127322716177897,4,4,-7.5,135,"c(""Casey  Kett"", "" Tom Deneen"", "" Josean Vega"")","Worcester, MA",Hart Center,3536,923,NA,NA,NA,NA,NA,NA,NA,NA,New Hampshire,Holy Cross,FALSE
401370977,2021-11-27,Holy Cross,New Hampshire,75,1,8:34,1714,1714,DaJion Humphrey made Three Point Jumper. Assisted by Bo Montgomery.,14,15,-1,16,0.23062511558821286,0.4695513670788595,4,4,-7.5,135,"c(""Casey  Kett"", "" Tom Deneen"", "" Josean Vega"")","Worcester, MA",Hart Center,3536,923,NA,NA,Holy Cross,made,DaJion Humphrey,Bo Montgomery,TRUE,FALSE,Holy Cross,New Hampshire,FALSE
401370977,2021-11-27,Holy Cross,New Hampshire,76,1,8:06,1686,1686,Jayden Martinez made Layup.,14,17,-3,28,0.19044937173222676,0.4083695544405919,4,4,-7.5,135,"c(""Casey  Kett"", "" Tom Deneen"", "" Josean Vega"")","Worcester, MA",Hart Center,3536,923,NA,NA,New Hampshire,made,Jayden Martinez,NA,FALSE,FALSE,New Hampshire,Holy Cross,FALSE
401370977,2021-11-27,Holy Cross,New Hampshire,77,1,7:54,1674,1674,Foul on Nick Guadarrama.,14,17,-3,12,0.1905637919935037,0.4078670700628932,4,4,-7.5,135,"c(""Casey  Kett"", "" Tom Deneen"", "" Josean Vega"")","Worcester, MA",Hart Center,3536,923,NA,NA,NA,NA,NA,NA,NA,NA,Holy Cross,Holy Cross,FALSE
401370977,2021-11-27,Holy Cross,New Hampshire,78,1,7:54,1674,1674,Official TV Timeout,14,17,-3,0,0.1905637919935037,0.4078670700628932,4,4,-7.5,135,"c(""Casey  Kett"", "" Tom Deneen"", "" Josean Vega"")","Worcester, MA",Hart Center,3536,923,NA,NA,NA,NA,NA,NA,NA,NA,Holy Cross,Holy Cross,FALSE
401370977,2021-11-27,Holy Cross,New Hampshire,79,1,7:35,1655,1655,Gerrale Gates missed Jumper.,14,17,-3,19,0.19077128635596677,0.4070879866766019,4,4,-7.5,135,"c(""Casey  Kett"", "" Tom Deneen"", "" Josean Vega"")","Worcester, MA",Hart Center,3536,923,NA,NA,Holy Cross,missed,Gerrale Gates,NA,FALSE,FALSE,Holy Cross,New Hampshire,FALSE
401370977,2021-11-27,Holy Cross,New Hampshire,80,1,7:33,1653,1653,Nick Johnson Defensive Rebound.,14,17,-3,2,0.19079481589705677,0.4070069701450345,4,4,-7.5,135,"c(""Casey  Kett"", "" Tom Deneen"", "" Josean Vega"")","Worcester, MA",Hart Center,3536,923,NA,NA,NA,NA,NA,NA,NA,NA,Holy Cross,New Hampshire,FALSE
401370977,2021-11-27,Holy Cross,New Hampshire,81,1,7:27,1647,1647,Foul on DaJion Humphrey.,14,17,-3,6,0.19086715644000823,0.406764881279372,4,4,-7.5,135,"c(""Casey  Kett"", "" Tom Deneen"", "" Josean Vega"")","Worcester, MA",Hart Center,3536,923,NA,NA,NA,NA,NA,NA,NA,NA,New Hampshire,New Hampshire,FALSE
401370977,2021-11-27,Holy Cross,New Hampshire,82,1,7:21,1641,1641,Nick Johnson made Layup. Assisted by Nick Guadarrama.,14,19,-5,6,0.15497052456066426,0.3473769968042266,4,4,-7.5,135,"c(""Casey  Kett"", "" Tom Deneen"", "" Josean Vega"")","Worcester, MA",Hart Center,3536,923,NA,NA,New Hampshire,made,Nick Johnson,Nick Guadarrama,FALSE,FALSE,New Hampshire,Holy Cross,FALSE
401370977,2021-11-27,Holy Cross,New Hampshire,83,1,6:57,1617,1617,Kyrell Luc Turnover.,14,19,-5,24,0.15489702358735868,0.34588462618254295,4,4,-7.5,135,"c(""Casey  Kett"", "" Tom Deneen"", "" Josean Vega"")","Worcester, MA",Hart Center,3536,923,NA,NA,NA,NA,NA,NA,NA,NA,Holy Cross,New Hampshire,FALSE
401370977,2021-11-27,Holy Cross,New Hampshire,84,1,6:41,1601,1601,Foul on Judson Martindale.,14,19,-5,16,0.1548619958094289,0.34489799380516656,4,4,-7.5,135,"c(""Casey  Kett"", "" Tom Deneen"", "" Josean Vega"")","Worcester, MA",Hart Center,3536,923,NA,NA,NA,NA,NA,NA,NA,NA,New Hampshire,New Hampshire,FALSE
401370977,2021-11-27,Holy Cross,New Hampshire,85,1,6:28,1588,1588,Marco Foster missed Three Point Jumper.,14,19,-5,13,0.15483845319100964,0.34409707686784946,4,4,-7.5,135,"c(""Casey  Kett"", "" Tom Deneen"", "" Josean Vega"")","Worcester, MA",Hart Center,3536,923,NA,NA,New Hampshire,missed,Marco Foster,NA,TRUE,FALSE,New Hampshire,Holy Cross,FALSE
401370977,2021-11-27,Holy Cross,New Hampshire,86,1,6:23,1583,1583,Kyrell Luc Defensive Rebound.,14,19,-5,5,0.1548300652691706,0.3437885707998907,4,4,-7.5,135,"c(""Casey  Kett"", "" Tom Deneen"", "" Josean Vega"")","Worcester, MA",Hart Center,3536,923,NA,NA,NA,NA,NA,NA,NA,NA,New Hampshire,Holy Cross,FALSE
401370977,2021-11-27,Holy Cross,New Hampshire,87,1,6:23,1583,1583,Kyrell Luc Turnover.,14,19,-5,0,0.1548300652691706,0.3437885707998907,4,4,-7.5,135,"c(""Casey  Kett"", "" Tom Deneen"", "" Josean Vega"")","Worcester, MA",Hart Center,3536,923,NA,NA,NA,NA,NA,NA,NA,NA,Holy Cross,New Hampshire,FALSE
401370977,2021-11-27,Holy Cross,New Hampshire,88,1,6:10,1570,1570,Blondeau Tchoukuiegno missed Layup.,14,19,-5,13,0.1548087894116547,0.3429837606535523,4,4,-7.5,135,"c(""Casey  Kett"", "" Tom Deneen"", "" Josean Vega"")","Worcester, MA",Hart Center,3536,923,NA,NA,New Hampshire,missed,Blondeau Tchoukuiegno,NA,FALSE,FALSE,New Hampshire,Holy Cross,FALSE
401370977,2021-11-27,Holy Cross,New Hampshire,89,1,6:07,1567,1567,Judson Martindale Defensive Rebound.,14,19,-5,3,0.15480382200173495,0.3427972753460882,4,4,-7.5,135,"c(""Casey  Kett"", "" Tom Deneen"", "" Josean Vega"")","Worcester, MA",Hart Center,3536,923,NA,NA,NA,NA,NA,NA,NA,NA,New Hampshire,Holy Cross,FALSE
401370977,2021-11-27,Holy Cross,New Hampshire,90,1,5:56,1556,1556,Bo Montgomery missed Three Point Jumper.,14,19,-5,11,0.15478473520435418,0.3421102056591483,4,4,-7.5,135,"c(""Casey  Kett"", "" Tom Deneen"", "" Josean Vega"")","Worcester, MA",Hart Center,3536,923,NA,NA,Holy Cross,missed,Bo Montgomery,NA,TRUE,FALSE,Holy Cross,New Hampshire,FALSE
401370977,2021-11-27,Holy Cross,New Hampshire,91,1,5:52,1552,1552,Nick Guadarrama Defensive Rebound.,14,19,-5,4,0.15477727574228703,0.34185885949226397,4,4,-7.5,135,"c(""Casey  Kett"", "" Tom Deneen"", "" Josean Vega"")","Worcester, MA",Hart Center,3536,923,NA,NA,NA,NA,NA,NA,NA,NA,Holy Cross,New Hampshire,FALSE
401370977,2021-11-27,Holy Cross,New Hampshire,92,1,5:34,1534,1534,Blondeau Tchoukuiegno Turnover.,14,19,-5,18,0.15473812271865883,0.34071522238888796,4,4,-7.5,135,"c(""Casey  Kett"", "" Tom Deneen"", "" Josean Vega"")","Worcester, MA",Hart Center,3536,923,NA,NA,NA,NA,NA,NA,NA,NA,New Hampshire,Holy Cross,FALSE
401370977,2021-11-27,Holy Cross,New Hampshire,93,1,5:34,1534,1534,R.J. Johnson Steal.,14,19,-5,0,0.15473812271865883,0.34071522238888796,4,4,-7.5,135,"c(""Casey  Kett"", "" Tom Deneen"", "" Josean Vega"")","Worcester, MA",Hart Center,3536,923,NA,NA,NA,NA,NA,NA,NA,NA,New Hampshire,Holy Cross,FALSE
401370977,2021-11-27,Holy Cross,New Hampshire,94,1,5:18,1518,1518,Gerrale Gates missed Layup.,14,19,-5,16,0.15469223067658683,0.3396771846569944,4,4,-7.5,135,"c(""Casey  Kett"", "" Tom Deneen"", "" Josean Vega"")","Worcester, MA",Hart Center,3536,923,NA,NA,Holy Cross,missed,Gerrale Gates,NA,FALSE,FALSE,Holy Cross,New Hampshire,FALSE
401370977,2021-11-27,Holy Cross,New Hampshire,95,1,5:15,1515,1515,Nick Guadarrama Defensive Rebound.,14,19,-5,3,0.15468211571556528,0.33947987705900246,4,4,-7.5,135,"c(""Casey  Kett"", "" Tom Deneen"", "" Josean Vega"")","Worcester, MA",Hart Center,3536,923,NA,NA,NA,NA,NA,NA,NA,NA,Holy Cross,New Hampshire,FALSE
401370977,2021-11-27,Holy Cross,New Hampshire,96,1,5:05,1505,1505,Marco Foster made Three Point Jumper.,14,22,-8,10,0.10911855723158403,0.2554554261716738,4,4,-7.5,135,"c(""Casey  Kett"", "" Tom Deneen"", "" Josean Vega"")","Worcester, MA",Hart Center,3536,923,NA,NA,New Hampshire,made,Marco Foster,NA,TRUE,FALSE,New Hampshire,Holy Cross,FALSE
401370977,2021-11-27,Holy Cross,New Hampshire,97,1,4:40,1480,1480,R.J. Johnson missed Three Point Jumper.,14,22,-8,25,0.10857817515359705,0.25313092154706474,4,4,-7.5,135,"c(""Casey  Kett"", "" Tom Deneen"", "" Josean Vega"")","Worcester, MA",Hart Center,3536,923,NA,NA,Holy Cross,missed,R.J. Johnson,NA,TRUE,FALSE,Holy Cross,New Hampshire,FALSE
401370977,2021-11-27,Holy Cross,New Hampshire,98,1,4:37,1477,1477,Marco Foster Defensive Rebound.,14,22,-8,3,0.10850920383391281,0.2528448178369774,4,4,-7.5,135,"c(""Casey  Kett"", "" Tom Deneen"", "" Josean Vega"")","Worcester, MA",Hart Center,3536,923,NA,NA,NA,NA,NA,NA,NA,NA,Holy Cross,New Hampshire,FALSE
401370977,2021-11-27,Holy Cross,New Hampshire,99,1,4:32,1472,1472,Jayden Martinez missed Layup.,14,22,-8,5,0.10839206752858595,0.2523642331975785,4,4,-7.5,135,"c(""Casey  Kett"", "" Tom Deneen"", "" Josean Vega"")","Worcester, MA",Hart Center,3536,923,NA,NA,New Hampshire,missed,Jayden Martinez,NA,FALSE,FALSE,New Hampshire,Holy Cross,FALSE
401370977,2021-11-27,Holy Cross,New Hampshire,100,1,4:29,1469,1469,Judson Martindale Defensive Rebound.,14,22,-8,3,0.10832043177924457,0.2520735693198135,4,4,-7.5,135,"c(""Casey  Kett"", "" Tom Deneen"", "" Josean Vega"")","Worcester, MA",Hart Center,3536,923,NA,NA,NA,NA,NA,NA,NA,NA,New Hampshire,Holy Cross,FALSE
401370977,2021-11-27,Holy Cross,New Hampshire,101,1,4:05,1445,1445,R.J. Johnson missed Layup.,14,22,-8,24,0.10771098218471546,0.24968677564454322,4,4,-7.5,135,"c(""Casey  Kett"", "" Tom Deneen"", "" Josean Vega"")","Worcester, MA",Hart Center,3536,923,NA,NA,Holy Cross,missed,R.J. Johnson,NA,FALSE,FALSE,Holy Cross,New Hampshire,FALSE
401370977,2021-11-27,Holy Cross,New Hampshire,102,1,4:02,1442,1442,Blondeau Tchoukuiegno Defensive Rebound.,14,22,-8,3,0.10763452182157458,0.2493880751214859,4,4,-7.5,135,"c(""Casey  Kett"", "" Tom Deneen"", "" Josean Vega"")","Worcester, MA",Hart Center,3536,923,NA,NA,NA,NA,NA,NA,NA,NA,Holy Cross,New Hampshire,FALSE
401370977,2021-11-27,Holy Cross,New Hampshire,103,1,3:42,1422,1422,Marco Foster made Three Point Jumper.,14,25,-11,20,0.07328808017237413,0.17808542600244318,4,4,-7.5,135,"c(""Casey  Kett"", "" Tom Deneen"", "" Josean Vega"")","Worcester, MA",Hart Center,3536,923,NA,NA,New Hampshire,made,Marco Foster,NA,TRUE,FALSE,New Hampshire,Holy Cross,FALSE
401370977,2021-11-27,Holy Cross,New Hampshire,104,1,3:24,1404,1404,Official TV Timeout,14,25,-11,18,0.07277709132857962,0.17626751064364563,4,4,-7.5,135,"c(""Casey  Kett"", "" Tom Deneen"", "" Josean Vega"")","Worcester, MA",Hart Center,3536,923,NA,NA,NA,NA,NA,NA,NA,NA,Holy Cross,Holy Cross,FALSE
401370977,2021-11-27,Holy Cross,New Hampshire,105,1,3:20,1400,1400,Gerrale Gates made Layup.,16,25,-9,4,0.09401298935699977,0.22032989567978756,4,4,-7.5,135,"c(""Casey  Kett"", "" Tom Deneen"", "" Josean Vega"")","Worcester, MA",Hart Center,3536,923,NA,NA,Holy Cross,made,Gerrale Gates,NA,FALSE,FALSE,Holy Cross,New Hampshire,FALSE
401370977,2021-11-27,Holy Cross,New Hampshire,106,1,3:03,1383,1383,Jayden Martinez made Jumper. Assisted by Blondeau Tchoukuiegno.,16,27,-11,17,0.07221010063835573,0.17420737754760574,4,4,-7.5,135,"c(""Casey  Kett"", "" Tom Deneen"", "" Josean Vega"")","Worcester, MA",Hart Center,3536,923,NA,NA,New Hampshire,made,Jayden Martinez,Blondeau Tchoukuiegno,FALSE,FALSE,New Hampshire,Holy Cross,FALSE
401370977,2021-11-27,Holy Cross,New Hampshire,107,1,2:46,1366,1366,Foul on Blondeau Tchoukuiegno.,16,27,-11,17,0.07176442698340023,0.17256808254614608,4,4,-7.5,135,"c(""Casey  Kett"", "" Tom Deneen"", "" Josean Vega"")","Worcester, MA",Hart Center,3536,923,NA,NA,NA,NA,NA,NA,NA,NA,Holy Cross,Holy Cross,FALSE
401370977,2021-11-27,Holy Cross,New Hampshire,108,1,2:40,1360,1360,Gerrale Gates missed Jumper.,16,27,-11,6,0.0716083845832463,0.17199239553747048,4,4,-7.5,135,"c(""Casey  Kett"", "" Tom Deneen"", "" Josean Vega"")","Worcester, MA",Hart Center,3536,923,NA,NA,Holy Cross,missed,Gerrale Gates,NA,FALSE,FALSE,Holy Cross,New Hampshire,FALSE
401370977,2021-11-27,Holy Cross,New Hampshire,109,1,2:40,1360,1360,Jayden Martinez Defensive Rebound.,16,27,-11,0,0.0716083845832463,0.17199239553747048,4,4,-7.5,135,"c(""Casey  Kett"", "" Tom Deneen"", "" Josean Vega"")","Worcester, MA",Hart Center,3536,923,NA,NA,NA,NA,NA,NA,NA,NA,Holy Cross,New Hampshire,FALSE
401370977,2021-11-27,Holy Cross,New Hampshire,110,1,2:12,1332,1332,Jayden Martinez made Layup.,16,29,-13,28,0.05403866562062671,0.13241339041936767,4,4,-7.5,135,"c(""Casey  Kett"", "" Tom Deneen"", "" Josean Vega"")","Worcester, MA",Hart Center,3536,923,NA,NA,New Hampshire,made,Jayden Martinez,NA,FALSE,FALSE,New Hampshire,Holy Cross,FALSE
401370977,2021-11-27,Holy Cross,New Hampshire,111,1,1:51,1311,1311,Malcolm Townsel made Layup.,18,29,-11,21,0.07030925743788596,0.16724963995588615,4,4,-7.5,135,"c(""Casey  Kett"", "" Tom Deneen"", "" Josean Vega"")","Worcester, MA",Hart Center,3536,923,NA,NA,Holy Cross,made,Malcolm Townsel,NA,FALSE,FALSE,Holy Cross,New Hampshire,FALSE
401370977,2021-11-27,Holy Cross,New Hampshire,112,1,1:51,1311,1311,Foul on Marco Foster.,18,29,-11,0,0.07030925743788596,0.16724963995588615,4,4,-7.5,135,"c(""Casey  Kett"", "" Tom Deneen"", "" Josean Vega"")","Worcester, MA",Hart Center,3536,923,NA,NA,NA,NA,NA,NA,NA,NA,Holy Cross,New Hampshire,FALSE
401370977,2021-11-27,Holy Cross,New Hampshire,113,1,1:51,1311,1311,Malcolm Townsel made Free Throw.,19,29,-10,0,0.08046712848520989,0.18857213557176505,4,4,-7.5,135,"c(""Casey  Kett"", "" Tom Deneen"", "" Josean Vega"")","Worcester, MA",Hart Center,3536,923,NA,NA,Holy Cross,made,Malcolm Townsel,NA,FALSE,TRUE,Holy Cross,New Hampshire,FALSE
401370977,2021-11-27,Holy Cross,New Hampshire,114,1,1:30,1290,1290,Jayden Martinez Turnover.,19,29,-10,21,0.07989209651459853,0.18646421073841898,4,4,-7.5,135,"c(""Casey  Kett"", "" Tom Deneen"", "" Josean Vega"")","Worcester, MA",Hart Center,3536,923,NA,NA,NA,NA,NA,NA,NA,NA,New Hampshire,Holy Cross,FALSE
401370977,2021-11-27,Holy Cross,New Hampshire,115,1,1:30,1290,1290,Judson Martindale Steal.,19,29,-10,0,0.07989209651459853,0.18646421073841898,4,4,-7.5,135,"c(""Casey  Kett"", "" Tom Deneen"", "" Josean Vega"")","Worcester, MA",Hart Center,3536,923,NA,NA,NA,NA,NA,NA,NA,NA,New Hampshire,Holy Cross,FALSE
401370977,2021-11-27,Holy Cross,New Hampshire,116,1,1:09,1269,1269,Gerrale Gates missed Layup.,19,29,-10,21,0.07927111290449032,0.1842703407747995,4,4,-7.5,135,"c(""Casey  Kett"", "" Tom Deneen"", "" Josean Vega"")","Worcester, MA",Hart Center,3536,923,NA,NA,Holy Cross,missed,Gerrale Gates,NA,FALSE,FALSE,Holy Cross,Holy Cross,FALSE
401370977,2021-11-27,Holy Cross,New Hampshire,117,1,1:06,1266,1266,Gerrale Gates Offensive Rebound.,19,29,-10,3,0.07917787674575026,0.18394848297319735,4,4,-7.5,135,"c(""Casey  Kett"", "" Tom Deneen"", "" Josean Vega"")","Worcester, MA",Hart Center,3536,923,NA,NA,NA,NA,NA,NA,NA,NA,Holy Cross,Holy Cross,FALSE
401370977,2021-11-27,Holy Cross,New Hampshire,118,1,0:49,1249,1249,R.J. Johnson missed Three Point Jumper.,19,29,-10,17,0.0786249442314975,0.1820787877937269,4,4,-7.5,135,"c(""Casey  Kett"", "" Tom Deneen"", "" Josean Vega"")","Worcester, MA",Hart Center,3536,923,NA,NA,Holy Cross,missed,R.J. Johnson,NA,TRUE,FALSE,Holy Cross,New Hampshire,FALSE
401370977,2021-11-27,Holy Cross,New Hampshire,119,1,0:47,1247,1247,Nick Johnson Defensive Rebound.,19,29,-10,2,0.07855695530204666,0.18185335439381203,4,4,-7.5,135,"c(""Casey  Kett"", "" Tom Deneen"", "" Josean Vega"")","Worcester, MA",Hart Center,3536,923,NA,NA,NA,NA,NA,NA,NA,NA,Holy Cross,New Hampshire,FALSE
401370977,2021-11-27,Holy Cross,New Hampshire,120,1,0:42,1242,1242,New Hampshire Defensive Rebound.,19,29,-10,5,0.07838408972891454,0.1812843916360453,4,4,-7.5,135,"c(""Casey  Kett"", "" Tom Deneen"", "" Josean Vega"")","Worcester, MA",Hart Center,3536,923,NA,NA,NA,NA,NA,NA,NA,NA,New Hampshire,New Hampshire,FALSE
401370977,2021-11-27,Holy Cross,New Hampshire,121,1,0:32,1232,1232,Foul on R.J. Johnson.,19,29,-10,10,0.07802540307763048,0.18012240046126282,4,4,-7.5,135,"c(""Casey  Kett"", "" Tom Deneen"", "" Josean Vega"")","Worcester, MA",Hart Center,3536,923,NA,NA,NA,NA,NA,NA,NA,NA,New Hampshire,New Hampshire,FALSE
401370977,2021-11-27,Holy Cross,New Hampshire,122,1,0:32,1232,1232,Nick Guadarrama made Free Throw.,19,30,-11,0,0.06779684802012521,0.15881517734638048,4,4,-7.5,135,"c(""Casey  Kett"", "" Tom Deneen"", "" Josean Vega"")","Worcester, MA",Hart Center,3536,923,NA,NA,New Hampshire,made,Nick Guadarrama,NA,FALSE,TRUE,New Hampshire,New Hampshire,FALSE
401370977,2021-11-27,Holy Cross,New Hampshire,123,1,0:32,1232,1232,Nick Guadarrama made Free Throw.,19,31,-12,0,0.05882363004997569,0.13959928912903025,4,4,-7.5,135,"c(""Casey  Kett"", "" Tom Deneen"", "" Josean Vega"")","Worcester, MA",Hart Center,3536,923,NA,NA,New Hampshire,made,Nick Guadarrama,NA,FALSE,TRUE,New Hampshire,Holy Cross,FALSE
401370977,2021-11-27,Holy Cross,New Hampshire,124,1,0:03,1203,1203,Kyrell Luc missed Layup.,19,31,-12,29,0.057682723077430574,0.13614184616034286,4,4,-7.5,135,"c(""Casey  Kett"", "" Tom Deneen"", "" Josean Vega"")","Worcester, MA",Hart Center,3536,923,NA,NA,Holy Cross,missed,Kyrell Luc,NA,FALSE,FALSE,Holy Cross,Holy Cross,FALSE
401370977,2021-11-27,Holy Cross,New Hampshire,125,1,0:03,1203,1203,Holy Cross Offensive Rebound.,19,31,-12,0,0.057682723077430574,0.13614184616034286,4,4,-7.5,135,"c(""Casey  Kett"", "" Tom Deneen"", "" Josean Vega"")","Worcester, MA",Hart Center,3536,923,NA,NA,NA,NA,NA,NA,NA,NA,Holy Cross,Holy Cross,FALSE
401370977,2021-11-27,Holy Cross,New Hampshire,126,1,0:00,1200,1200,Gerrale Gates missed Jumper.,19,31,-12,3,0.05756342678619989,0.13578366491085198,4,4,-7.5,135,"c(""Casey  Kett"", "" Tom Deneen"", "" Josean Vega"")","Worcester, MA",Hart Center,3536,923,NA,NA,Holy Cross,missed,Gerrale Gates,NA,FALSE,FALSE,Holy Cross,New Hampshire,FALSE
401370977,2021-11-27,Holy Cross,New Hampshire,127,1,0:00,1200,1200,New Hampshire Defensive Rebound.,19,31,-12,0,0.05756342678619989,0.13578366491085198,4,4,-7.5,135,"c(""Casey  Kett"", "" Tom Deneen"", "" Josean Vega"")","Worcester, MA",Hart Center,3536,923,NA,NA,NA,NA,NA,NA,NA,NA,Holy Cross,New Hampshire,FALSE
401370977,2021-11-27,Holy Cross,New Hampshire,128,1,0:00,1200,1200,End of 1st half,19,31,-12,0,0.05756342678619989,0.13578366491085198,4,4,-7.5,135,"c(""Casey  Kett"", "" Tom Deneen"", "" Josean Vega"")","Worcester, MA",Hart Center,3536,923,NA,NA,NA,NA,NA,NA,NA,NA,New Hampshire,NA,FALSE
401370977,2021-11-27,Holy Cross,New Hampshire,129,2,20:00,1200,1200,PLAY,19,31,-12,0,0.05756342678619989,0.13578366491085198,4,4,-7.5,135,"c(""Casey  Kett"", "" Tom Deneen"", "" Josean Vega"")","Worcester, MA",Hart Center,3536,923,NA,NA,NA,NA,NA,NA,NA,NA,NA,New Hampshire,FALSE
401370977,2021-11-27,Holy Cross,New Hampshire,130,2,19:44,1184,1184,Nick Guadarrama missed Jumper.,19,31,-12,16,0.056945225723784076,0.13391978373833907,4,4,-7.5,135,"c(""Casey  Kett"", "" Tom Deneen"", "" Josean Vega"")","Worcester, MA",Hart Center,3536,923,NA,NA,New Hampshire,missed,Nick Guadarrama,NA,FALSE,FALSE,New Hampshire,Holy Cross,FALSE
401370977,2021-11-27,Holy Cross,New Hampshire,131,2,19:41,1181,1181,Gerrale Gates Defensive Rebound.,19,31,-12,3,0.05683231186331472,0.1335781094484621,4,4,-7.5,135,"c(""Casey  Kett"", "" Tom Deneen"", "" Josean Vega"")","Worcester, MA",Hart Center,3536,923,NA,NA,NA,NA,NA,NA,NA,NA,New Hampshire,Holy Cross,FALSE
401370977,2021-11-27,Holy Cross,New Hampshire,132,2,19:13,1153,1153,Gerrale Gates Turnover.,19,31,-12,28,0.055811986398113224,0.1304797048671108,4,4,-7.5,135,"c(""Casey  Kett"", "" Tom Deneen"", "" Josean Vega"")","Worcester, MA",Hart Center,3536,923,NA,NA,NA,NA,NA,NA,NA,NA,Holy Cross,New Hampshire,FALSE
401370977,2021-11-27,Holy Cross,New Hampshire,133,2,19:13,1153,1153,Nick Johnson Steal.,19,31,-12,0,0.055811986398113224,0.1304797048671108,4,4,-7.5,135,"c(""Casey  Kett"", "" Tom Deneen"", "" Josean Vega"")","Worcester, MA",Hart Center,3536,923,NA,NA,NA,NA,NA,NA,NA,NA,Holy Cross,New Hampshire,FALSE
401370977,2021-11-27,Holy Cross,New Hampshire,134,2,19:08,1148,1148,Foul on Louth-M Coulibaly.,19,31,-12,5,0.05563444992043935,0.12993966093349316,4,4,-7.5,135,"c(""Casey  Kett"", "" Tom Deneen"", "" Josean Vega"")","Worcester, MA",Hart Center,3536,923,NA,NA,NA,NA,NA,NA,NA,NA,New Hampshire,New Hampshire,FALSE
401370977,2021-11-27,Holy Cross,New Hampshire,135,2,18:55,1135,1135,Tayler Mattos missed Jumper.,19,31,-12,13,0.05517645972617501,0.1285473690145539,4,4,-7.5,135,"c(""Casey  Kett"", "" Tom Deneen"", "" Josean Vega"")","Worcester, MA",Hart Center,3536,923,NA,NA,New Hampshire,missed,Tayler Mattos,NA,FALSE,FALSE,New Hampshire,Holy Cross,FALSE
401370977,2021-11-27,Holy Cross,New Hampshire,136,2,18:52,1132,1132,Judson Martindale Defensive Rebound.,19,31,-12,3,0.05507123529377651,0.12822786613337964,4,4,-7.5,135,"c(""Casey  Kett"", "" Tom Deneen"", "" Josean Vega"")","Worcester, MA",Hart Center,3536,923,NA,NA,NA,NA,NA,NA,NA,NA,New Hampshire,Holy Cross,FALSE
401370977,2021-11-27,Holy Cross,New Hampshire,137,2,18:42,1122,1122,Bo Montgomery Turnover.,19,31,-12,10,0.054720846930126424,0.1271656520276278,4,4,-7.5,135,"c(""Casey  Kett"", "" Tom Deneen"", "" Josean Vega"")","Worcester, MA",Hart Center,3536,923,NA,NA,NA,NA,NA,NA,NA,NA,Holy Cross,New Hampshire,FALSE
401370977,2021-11-27,Holy Cross,New Hampshire,138,2,18:42,1122,1122,Jayden Martinez Steal.,19,31,-12,0,0.054720846930126424,0.1271656520276278,4,4,-7.5,135,"c(""Casey  Kett"", "" Tom Deneen"", "" Josean Vega"")","Worcester, MA",Hart Center,3536,923,NA,NA,NA,NA,NA,NA,NA,NA,Holy Cross,New Hampshire,FALSE
401370977,2021-11-27,Holy Cross,New Hampshire,139,2,18:29,1109,1109,Foul on Bo Montgomery.,19,31,-12,13,0.054264144912057395,0.12578658043380822,4,4,-7.5,135,"c(""Casey  Kett"", "" Tom Deneen"", "" Josean Vega"")","Worcester, MA",Hart Center,3536,923,NA,NA,NA,NA,NA,NA,NA,NA,New Hampshire,New Hampshire,FALSE
401370977,2021-11-27,Holy Cross,New Hampshire,140,2,18:29,1109,1109,Nick Johnson made Free Throw.,19,32,-13,0,0.04654551216782016,0.10906772866032508,4,4,-7.5,135,"c(""Casey  Kett"", "" Tom Deneen"", "" Josean Vega"")","Worcester, MA",Hart Center,3536,923,NA,NA,New Hampshire,made,Nick Johnson,NA,FALSE,TRUE,New Hampshire,New Hampshire,FALSE
401370977,2021-11-27,Holy Cross,New Hampshire,141,2,18:29,1109,1109,Nick Johnson made Free Throw.,19,33,-14,0,0.03987849679900438,0.0943312714340833,4,4,-7.5,135,"c(""Casey  Kett"", "" Tom Deneen"", "" Josean Vega"")","Worcester, MA",Hart Center,3536,923,NA,NA,New Hampshire,made,Nick Johnson,NA,FALSE,TRUE,New Hampshire,Holy Cross,FALSE
401370977,2021-11-27,Holy Cross,New Hampshire,142,2,18:11,1091,1091,Kyrell Luc made Three Point Jumper. Assisted by Gerrale Gates.,22,33,-11,18,0.062525069179405,0.14267091113939326,4,4,-7.5,135,"c(""Casey  Kett"", "" Tom Deneen"", "" Josean Vega"")","Worcester, MA",Hart Center,3536,923,NA,NA,Holy Cross,made,Kyrell Luc,Gerrale Gates,TRUE,FALSE,Holy Cross,New Hampshire,FALSE
401370977,2021-11-27,Holy Cross,New Hampshire,143,2,17:50,1070,1070,Tayler Mattos Turnover.,22,33,-11,21,0.06173844054105832,0.1403160889062254,4,4,-7.5,135,"c(""Casey  Kett"", "" Tom Deneen"", "" Josean Vega"")","Worcester, MA",Hart Center,3536,923,NA,NA,NA,NA,NA,NA,NA,NA,New Hampshire,Holy Cross,FALSE
401370977,2021-11-27,Holy Cross,New Hampshire,144,2,17:50,1070,1070,Kyrell Luc Steal.,22,33,-11,0,0.06173844054105832,0.1403160889062254,4,4,-7.5,135,"c(""Casey  Kett"", "" Tom Deneen"", "" Josean Vega"")","Worcester, MA",Hart Center,3536,923,NA,NA,NA,NA,NA,NA,NA,NA,New Hampshire,Holy Cross,FALSE
401370977,2021-11-27,Holy Cross,New Hampshire,145,2,17:43,1063,1063,Kyrell Luc made Dunk.,24,33,-9,7,0.08355362115345774,0.18414214011712146,4,4,-7.5,135,"c(""Casey  Kett"", "" Tom Deneen"", "" Josean Vega"")","Worcester, MA",Hart Center,3536,923,NA,NA,Holy Cross,made,Kyrell Luc,NA,FALSE,FALSE,Holy Cross,New Hampshire,FALSE
401370977,2021-11-27,Holy Cross,New Hampshire,146,2,17:22,1042,1042,Blondeau Tchoukuiegno missed Three Point Jumper.,24,33,-9,21,0.08271923903031565,0.18161638995279752,4,4,-7.5,135,"c(""Casey  Kett"", "" Tom Deneen"", "" Josean Vega"")","Worcester, MA",Hart Center,3536,923,NA,NA,New Hampshire,missed,Blondeau Tchoukuiegno,NA,TRUE,FALSE,New Hampshire,Holy Cross,FALSE
401370977,2021-11-27,Holy Cross,New Hampshire,147,2,17:18,1038,1038,Louth-M Coulibaly Defensive Rebound.,24,33,-9,4,0.08255330293998157,0.1811217985211179,4,4,-7.5,135,"c(""Casey  Kett"", "" Tom Deneen"", "" Josean Vega"")","Worcester, MA",Hart Center,3536,923,NA,NA,NA,NA,NA,NA,NA,NA,New Hampshire,Holy Cross,FALSE
401370977,2021-11-27,Holy Cross,New Hampshire,148,2,17:12,1032,1032,Foul on Blondeau Tchoukuiegno.,24,33,-9,6,0.08229973042818191,0.18037084630465286,4,4,-7.5,135,"c(""Casey  Kett"", "" Tom Deneen"", "" Josean Vega"")","Worcester, MA",Hart Center,3536,923,NA,NA,NA,NA,NA,NA,NA,NA,Holy Cross,Holy Cross,FALSE
401370977,2021-11-27,Holy Cross,New Hampshire,149,2,17:07,1027,1027,Kyrell Luc made Three Point Jumper. Assisted by Louth-M Coulibaly.,27,33,-6,5,0.12916986660344718,0.26657104347820426,4,4,-7.5,135,"c(""Casey  Kett"", "" Tom Deneen"", "" Josean Vega"")","Worcester, MA",Hart Center,3536,923,NA,NA,Holy Cross,made,Kyrell Luc,Louth-M Coulibaly,TRUE,FALSE,Holy Cross,New Hampshire,FALSE
401370977,2021-11-27,Holy Cross,New Hampshire,150,2,17:00,1020,1020,Official TV Timeout,27,33,-6,7,0.12893742774171996,0.265772436430524,4,4,-7.5,135,"c(""Casey  Kett"", "" Tom Deneen"", "" Josean Vega"")","Worcester, MA",Hart Center,3536,923,NA,NA,NA,NA,NA,NA,NA,NA,New Hampshire,New Hampshire,FALSE
401370977,2021-11-27,Holy Cross,New Hampshire,151,2,16:42,1002,1002,Jayden Martinez missed Jumper.,27,33,-6,18,0.1282964687548349,0.2636384165310821,4,4,-7.5,135,"c(""Casey  Kett"", "" Tom Deneen"", "" Josean Vega"")","Worcester, MA",Hart Center,3536,923,NA,NA,New Hampshire,missed,Jayden Martinez,NA,FALSE,FALSE,New Hampshire,New Hampshire,FALSE
401370977,2021-11-27,Holy Cross,New Hampshire,152,2,16:36,996,996,Nick Johnson Offensive Rebound.,27,33,-6,6,0.12806788191590937,0.26289922136047306,4,4,-7.5,135,"c(""Casey  Kett"", "" Tom Deneen"", "" Josean Vega"")","Worcester, MA",Hart Center,3536,923,NA,NA,NA,NA,NA,NA,NA,NA,New Hampshire,New Hampshire,FALSE
401370977,2021-11-27,Holy Cross,New Hampshire,153,2,16:36,996,996,Nick Johnson made Layup.,27,35,-8,0,0.0943362640443435,0.2018768357290719,4,4,-7.5,135,"c(""Casey  Kett"", "" Tom Deneen"", "" Josean Vega"")","Worcester, MA",Hart Center,3536,923,NA,NA,New Hampshire,made,Nick Johnson,NA,FALSE,FALSE,New Hampshire,Holy Cross,FALSE
401370977,2021-11-27,Holy Cross,New Hampshire,154,2,16:15,975,975,Louth-M Coulibaly missed Layup.,27,35,-8,21,0.09327852091912145,0.19888078218473457,4,4,-7.5,135,"c(""Casey  Kett"", "" Tom Deneen"", "" Josean Vega"")","Worcester, MA",Hart Center,3536,923,NA,NA,Holy Cross,missed,Louth-M Coulibaly,NA,FALSE,FALSE,Holy Cross,New Hampshire,FALSE
401370977,2021-11-27,Holy Cross,New Hampshire,155,2,16:12,972,972,Nick Johnson Defensive Rebound.,27,35,-8,3,0.09311870097479283,0.19843580301023622,4,4,-7.5,135,"c(""Casey  Kett"", "" Tom Deneen"", "" Josean Vega"")","Worcester, MA",Hart Center,3536,923,NA,NA,NA,NA,NA,NA,NA,NA,Holy Cross,New Hampshire,FALSE
401370977,2021-11-27,Holy Cross,New Hampshire,156,2,16:08,968,968,Josh Hopkins missed Three Point Jumper.,27,35,-8,4,0.09290338460627627,0.19783851196108956,4,4,-7.5,135,"c(""Casey  Kett"", "" Tom Deneen"", "" Josean Vega"")","Worcester, MA",Hart Center,3536,923,NA,NA,New Hampshire,missed,Josh Hopkins,NA,TRUE,FALSE,New Hampshire,Holy Cross,FALSE
401370977,2021-11-27,Holy Cross,New Hampshire,157,2,16:04,964,964,Louth-M Coulibaly Defensive Rebound.,27,35,-8,4,0.09269316902662653,0.19725357574900793,4,4,-7.5,135,"c(""Casey  Kett"", "" Tom Deneen"", "" Josean Vega"")","Worcester, MA",Hart Center,3536,923,NA,NA,NA,NA,NA,NA,NA,NA,New Hampshire,Holy Cross,FALSE
401370977,2021-11-27,Holy Cross,New Hampshire,158,2,15:55,955,955,Kyrell Luc missed Layup.,27,35,-8,9,0.0922420673210846,0.1959896760163357,4,4,-7.5,135,"c(""Casey  Kett"", "" Tom Deneen"", "" Josean Vega"")","Worcester, MA",Hart Center,3536,923,NA,NA,Holy Cross,missed,Kyrell Luc,NA,FALSE,FALSE,Holy Cross,New Hampshire,FALSE
401370977,2021-11-27,Holy Cross,New Hampshire,159,2,15:55,955,955,Nick Guadarrama Block.,27,35,-8,0,0.0922420673210846,0.1959896760163357,4,4,-7.5,135,"c(""Casey  Kett"", "" Tom Deneen"", "" Josean Vega"")","Worcester, MA",Hart Center,3536,923,NA,NA,NA,NA,NA,NA,NA,NA,Holy Cross,New Hampshire,FALSE
401370977,2021-11-27,Holy Cross,New Hampshire,160,2,15:46,946,946,Nick Guadarrama Defensive Rebound.,27,35,-8,9,0.09181830791598505,0.19479129506672835,4,4,-7.5,135,"c(""Casey  Kett"", "" Tom Deneen"", "" Josean Vega"")","Worcester, MA",Hart Center,3536,923,NA,NA,NA,NA,NA,NA,NA,NA,Holy Cross,New Hampshire,FALSE
401370977,2021-11-27,Holy Cross,New Hampshire,161,2,15:43,943,943,Josh Hopkins missed Layup.,27,35,-8,3,0.09168251269395036,0.19440498089705432,4,4,-7.5,135,"c(""Casey  Kett"", "" Tom Deneen"", "" Josean Vega"")","Worcester, MA",Hart Center,3536,923,NA,NA,New Hampshire,missed,Josh Hopkins,NA,FALSE,FALSE,New Hampshire,New Hampshire,FALSE
401370977,2021-11-27,Holy Cross,New Hampshire,162,2,15:41,941,941,New Hampshire Offensive Rebound.,27,35,-8,2,0.09159338562928651,0.19415083158341667,4,4,-7.5,135,"c(""Casey  Kett"", "" Tom Deneen"", "" Josean Vega"")","Worcester, MA",Hart Center,3536,923,NA,NA,NA,NA,NA,NA,NA,NA,New Hampshire,New Hampshire,FALSE
401370977,2021-11-27,Holy Cross,New Hampshire,163,2,15:41,941,941,Official TV Timeout,27,35,-8,0,0.09159338562928651,0.19415083158341667,4,4,-7.5,135,"c(""Casey  Kett"", "" Tom Deneen"", "" Josean Vega"")","Worcester, MA",Hart Center,3536,923,NA,NA,NA,NA,NA,NA,NA,NA,New Hampshire,New Hampshire,FALSE
401370977,2021-11-27,Holy Cross,New Hampshire,164,2,15:27,927,927,Nick Guadarrama missed Three Point Jumper.,27,35,-8,14,0.09099753954247199,0.19244007084632686,4,4,-7.5,135,"c(""Casey  Kett"", "" Tom Deneen"", "" Josean Vega"")","Worcester, MA",Hart Center,3536,923,NA,NA,New Hampshire,missed,Nick Guadarrama,NA,TRUE,FALSE,New Hampshire,Holy Cross,FALSE
401370977,2021-11-27,Holy Cross,New Hampshire,165,2,15:23,923,923,Kyrell Luc Defensive Rebound.,27,35,-8,4,0.09083517897728886,0.19197064720874768,4,4,-7.5,135,"c(""Casey  Kett"", "" Tom Deneen"", "" Josean Vega"")","Worcester, MA",Hart Center,3536,923,NA,NA,NA,NA,NA,NA,NA,NA,New Hampshire,Holy Cross,FALSE
401370977,2021-11-27,Holy Cross,New Hampshire,166,2,15:09,909,909,Gerrale Gates missed Layup.,27,35,-8,14,0.0902882550418339,0.1903812209644597,4,4,-7.5,135,"c(""Casey  Kett"", "" Tom Deneen"", "" Josean Vega"")","Worcester, MA",Hart Center,3536,923,NA,NA,Holy Cross,missed,Gerrale Gates,NA,FALSE,FALSE,Holy Cross,Holy Cross,FALSE
401370977,2021-11-27,Holy Cross,New Hampshire,167,2,15:04,904,904,Louth-M Coulibaly Offensive Rebound.,27,35,-8,5,0.090099303277255,0.18982997322162037,4,4,-7.5,135,"c(""Casey  Kett"", "" Tom Deneen"", "" Josean Vega"")","Worcester, MA",Hart Center,3536,923,NA,NA,NA,NA,NA,NA,NA,NA,Holy Cross,Holy Cross,FALSE
401370977,2021-11-27,Holy Cross,New Hampshire,168,2,15:04,904,904,Louth-M Coulibaly missed Layup.,27,35,-8,0,0.090099303277255,0.18982997322162037,4,4,-7.5,135,"c(""Casey  Kett"", "" Tom Deneen"", "" Josean Vega"")","Worcester, MA",Hart Center,3536,923,NA,NA,Holy Cross,missed,Louth-M Coulibaly,NA,FALSE,FALSE,Holy Cross,New Hampshire,FALSE
401370977,2021-11-27,Holy Cross,New Hampshire,169,2,14:59,899,899,Blondeau Tchoukuiegno Defensive Rebound.,27,35,-8,5,0.08991280377949915,0.18928530703327792,4,4,-7.5,135,"c(""Casey  Kett"", "" Tom Deneen"", "" Josean Vega"")","Worcester, MA",Hart Center,3536,923,NA,NA,NA,NA,NA,NA,NA,NA,Holy Cross,New Hampshire,FALSE
401370977,2021-11-27,Holy Cross,New Hampshire,170,2,14:53,893,893,Blondeau Tchoukuiegno missed Layup.,27,35,-8,6,0.08969145441560761,0.18863861323906547,4,4,-7.5,135,"c(""Casey  Kett"", "" Tom Deneen"", "" Josean Vega"")","Worcester, MA",Hart Center,3536,923,NA,NA,New Hampshire,missed,Blondeau Tchoukuiegno,NA,FALSE,FALSE,New Hampshire,New Hampshire,FALSE
401370977,2021-11-27,Holy Cross,New Hampshire,171,2,14:53,893,893,Bo Montgomery Block.,27,35,-8,0,0.08969145441560761,0.18863861323906547,4,4,-7.5,135,"c(""Casey  Kett"", "" Tom Deneen"", "" Josean Vega"")","Worcester, MA",Hart Center,3536,923,NA,NA,NA,NA,NA,NA,NA,NA,New Hampshire,New Hampshire,FALSE
401370977,2021-11-27,Holy Cross,New Hampshire,172,2,14:47,887,887,Nick Johnson Offensive Rebound.,27,35,-8,6,0.08947187313523185,0.1879974071316525,4,4,-7.5,135,"c(""Casey  Kett"", "" Tom Deneen"", "" Josean Vega"")","Worcester, MA",Hart Center,3536,923,NA,NA,NA,NA,NA,NA,NA,NA,New Hampshire,New Hampshire,FALSE
401370977,2021-11-27,Holy Cross,New Hampshire,173,2,14:47,887,887,Nick Johnson made Layup.,27,37,-10,0,0.06381234224186633,0.13837601905121474,4,4,-7.5,135,"c(""Casey  Kett"", "" Tom Deneen"", "" Josean Vega"")","Worcester, MA",Hart Center,3536,923,NA,NA,New Hampshire,made,Nick Johnson,NA,FALSE,FALSE,New Hampshire,Holy Cross,FALSE
401370977,2021-11-27,Holy Cross,New Hampshire,174,2,14:29,869,869,Kyrell Luc Turnover.,27,37,-10,18,0.06314400094538032,0.13651260625867578,4,4,-7.5,135,"c(""Casey  Kett"", "" Tom Deneen"", "" Josean Vega"")","Worcester, MA",Hart Center,3536,923,NA,NA,NA,NA,NA,NA,NA,NA,Holy Cross,New Hampshire,FALSE
401370977,2021-11-27,Holy Cross,New Hampshire,175,2,14:29,869,869,Nick Guadarrama Steal.,27,37,-10,0,0.06314400094538032,0.13651260625867578,4,4,-7.5,135,"c(""Casey  Kett"", "" Tom Deneen"", "" Josean Vega"")","Worcester, MA",Hart Center,3536,923,NA,NA,NA,NA,NA,NA,NA,NA,Holy Cross,New Hampshire,FALSE
401370977,2021-11-27,Holy Cross,New Hampshire,176,2,14:23,863,863,Foul on Louth-M Coulibaly.,27,37,-10,6,0.06291934274262967,0.13588988406209287,4,4,-7.5,135,"c(""Casey  Kett"", "" Tom Deneen"", "" Josean Vega"")","Worcester, MA",Hart Center,3536,923,NA,NA,NA,NA,NA,NA,NA,NA,New Hampshire,New Hampshire,FALSE
401370977,2021-11-27,Holy Cross,New Hampshire,177,2,14:23,863,863,Jayden Martinez made Free Throw.,27,38,-11,0,0.052854931011255754,0.11559311270287365,4,4,-7.5,135,"c(""Casey  Kett"", "" Tom Deneen"", "" Josean Vega"")","Worcester, MA",Hart Center,3536,923,NA,NA,New Hampshire,made,Jayden Martinez,NA,FALSE,TRUE,New Hampshire,New Hampshire,FALSE
401370977,2021-11-27,Holy Cross,New Hampshire,178,2,14:23,863,863,Jayden Martinez made Free Throw.,27,39,-12,0,0.04432424823415504,0.09798414713289437,4,4,-7.5,135,"c(""Casey  Kett"", "" Tom Deneen"", "" Josean Vega"")","Worcester, MA",Hart Center,3536,923,NA,NA,New Hampshire,made,Jayden Martinez,NA,FALSE,TRUE,New Hampshire,Holy Cross,FALSE
401370977,2021-11-27,Holy Cross,New Hampshire,179,2,13:59,839,839,R.J. Johnson Turnover.,27,39,-12,24,0.043473082884692975,0.09568555473965282,4,4,-7.5,135,"c(""Casey  Kett"", "" Tom Deneen"", "" Josean Vega"")","Worcester, MA",Hart Center,3536,923,NA,NA,NA,NA,NA,NA,NA,NA,Holy Cross,New Hampshire,FALSE
401370977,2021-11-27,Holy Cross,New Hampshire,180,2,13:59,839,839,Nick Guadarrama Steal.,27,39,-12,0,0.043473082884692975,0.09568555473965282,4,4,-7.5,135,"c(""Casey  Kett"", "" Tom Deneen"", "" Josean Vega"")","Worcester, MA",Hart Center,3536,923,NA,NA,NA,NA,NA,NA,NA,NA,Holy Cross,New Hampshire,FALSE
401370977,2021-11-27,Holy Cross,New Hampshire,181,2,13:34,814,814,Nick Guadarrama Turnover.,27,39,-12,25,0.04250631820702481,0.09312489946925272,4,4,-7.5,135,"c(""Casey  Kett"", "" Tom Deneen"", "" Josean Vega"")","Worcester, MA",Hart Center,3536,923,NA,NA,NA,NA,NA,NA,NA,NA,New Hampshire,Holy Cross,FALSE
401370977,2021-11-27,Holy Cross,New Hampshire,182,2,13:34,814,814,R.J. Johnson Steal.,27,39,-12,0,0.04250631820702481,0.09312489946925272,4,4,-7.5,135,"c(""Casey  Kett"", "" Tom Deneen"", "" Josean Vega"")","Worcester, MA",Hart Center,3536,923,NA,NA,NA,NA,NA,NA,NA,NA,New Hampshire,Holy Cross,FALSE
401370977,2021-11-27,Holy Cross,New Hampshire,183,2,13:24,804,804,DaJion Humphrey missed Layup.,27,39,-12,10,0.04208613622123446,0.09202872790461149,4,4,-7.5,135,"c(""Casey  Kett"", "" Tom Deneen"", "" Josean Vega"")","Worcester, MA",Hart Center,3536,923,NA,NA,Holy Cross,missed,DaJion Humphrey,NA,FALSE,FALSE,Holy Cross,Holy Cross,FALSE
401370977,2021-11-27,Holy Cross,New Hampshire,184,2,13:24,804,804,Josh Hopkins Block.,27,39,-12,0,0.04208613622123446,0.09202872790461149,4,4,-7.5,135,"c(""Casey  Kett"", "" Tom Deneen"", "" Josean Vega"")","Worcester, MA",Hart Center,3536,923,NA,NA,NA,NA,NA,NA,NA,NA,Holy Cross,Holy Cross,FALSE
401370977,2021-11-27,Holy Cross,New Hampshire,185,2,13:24,804,804,Holy Cross Offensive Rebound.,27,39,-12,0,0.04208613622123446,0.09202872790461149,4,4,-7.5,135,"c(""Casey  Kett"", "" Tom Deneen"", "" Josean Vega"")","Worcester, MA",Hart Center,3536,923,NA,NA,NA,NA,NA,NA,NA,NA,Holy Cross,Holy Cross,FALSE
401370977,2021-11-27,Holy Cross,New Hampshire,186,2,13:11,791,791,DaJion Humphrey missed Three Point Jumper.,27,39,-12,13,0.04150458062551163,0.09052693451043668,4,4,-7.5,135,"c(""Casey  Kett"", "" Tom Deneen"", "" Josean Vega"")","Worcester, MA",Hart Center,3536,923,NA,NA,Holy Cross,missed,DaJion Humphrey,NA,TRUE,FALSE,Holy Cross,New Hampshire,FALSE
401370977,2021-11-27,Holy Cross,New Hampshire,187,2,13:09,789,789,Sloan Seymour Defensive Rebound.,27,39,-12,2,0.041411241881137345,0.09028745126917655,4,4,-7.5,135,"c(""Casey  Kett"", "" Tom Deneen"", "" Josean Vega"")","Worcester, MA",Hart Center,3536,923,NA,NA,NA,NA,NA,NA,NA,NA,Holy Cross,New Hampshire,FALSE
401370977,2021-11-27,Holy Cross,New Hampshire,188,2,13:03,783,783,Jayden Martinez made Three Point Jumper. Assisted by Blondeau Tchoukuiegno.,27,42,-15,6,0.02345526649730391,0.05221008419293902,4,4,-7.5,135,"c(""Casey  Kett"", "" Tom Deneen"", "" Josean Vega"")","Worcester, MA",Hart Center,3536,923,NA,NA,New Hampshire,made,Jayden Martinez,Blondeau Tchoukuiegno,TRUE,FALSE,New Hampshire,Holy Cross,FALSE
401370977,2021-11-27,Holy Cross,New Hampshire,189,2,12:49,769,769,R.J. Johnson missed Jumper.,27,42,-15,14,0.022918189087455982,0.05084947873907156,4,4,-7.5,135,"c(""Casey  Kett"", "" Tom Deneen"", "" Josean Vega"")","Worcester, MA",Hart Center,3536,923,NA,NA,Holy Cross,missed,R.J. Johnson,NA,FALSE,FALSE,Holy Cross,New Hampshire,FALSE
401370977,2021-11-27,Holy Cross,New Hampshire,190,2,12:44,764,764,Sloan Seymour Defensive Rebound.,27,42,-15,5,0.02271638221489779,0.050341544701909484,4,4,-7.5,135,"c(""Casey  Kett"", "" Tom Deneen"", "" Josean Vega"")","Worcester, MA",Hart Center,3536,923,NA,NA,NA,NA,NA,NA,NA,NA,Holy Cross,New Hampshire,FALSE
401370977,2021-11-27,Holy Cross,New Hampshire,191,2,12:37,757,757,Blondeau Tchoukuiegno made Layup.,27,44,-17,7,0.015238014007107751,0.03401430151728442,4,4,-7.5,135,"c(""Casey  Kett"", "" Tom Deneen"", "" Josean Vega"")","Worcester, MA",Hart Center,3536,923,NA,NA,New Hampshire,made,Blondeau Tchoukuiegno,NA,FALSE,FALSE,New Hampshire,Holy Cross,FALSE
401370977,2021-11-27,Holy Cross,New Hampshire,192,2,12:20,740,740,Gerrale Gates missed Jumper.,27,44,-17,17,0.014642936966665505,0.03253527483038976,4,4,-7.5,135,"c(""Casey  Kett"", "" Tom Deneen"", "" Josean Vega"")","Worcester, MA",Hart Center,3536,923,NA,NA,Holy Cross,missed,Gerrale Gates,NA,FALSE,FALSE,Holy Cross,Holy Cross,FALSE
401370977,2021-11-27,Holy Cross,New Hampshire,193,2,12:20,740,740,Holy Cross Offensive Rebound.,27,44,-17,0,0.014642936966665505,0.03253527483038976,4,4,-7.5,135,"c(""Casey  Kett"", "" Tom Deneen"", "" Josean Vega"")","Worcester, MA",Hart Center,3536,923,NA,NA,NA,NA,NA,NA,NA,NA,Holy Cross,Holy Cross,FALSE
401370977,2021-11-27,Holy Cross,New Hampshire,194,2,12:18,738,738,DaJion Humphrey missed Three Point Jumper.,27,44,-17,2,0.014569698456097699,0.0323542571961592,4,4,-7.5,135,"c(""Casey  Kett"", "" Tom Deneen"", "" Josean Vega"")","Worcester, MA",Hart Center,3536,923,NA,NA,Holy Cross,missed,DaJion Humphrey,NA,TRUE,FALSE,Holy Cross,New Hampshire,FALSE
401370977,2021-11-27,Holy Cross,New Hampshire,195,2,12:14,734,734,Sloan Seymour Defensive Rebound.,27,44,-17,4,0.014421166734665836,0.03198778153214841,4,4,-7.5,135,"c(""Casey  Kett"", "" Tom Deneen"", "" Josean Vega"")","Worcester, MA",Hart Center,3536,923,NA,NA,NA,NA,NA,NA,NA,NA,Holy Cross,New Hampshire,FALSE
401370977,2021-11-27,Holy Cross,New Hampshire,196,2,12:09,729,729,Blondeau Tchoukuiegno missed Layup.,27,44,-17,5,0.014231948882100396,0.031522074454690685,4,4,-7.5,135,"c(""Casey  Kett"", "" Tom Deneen"", "" Josean Vega"")","Worcester, MA",Hart Center,3536,923,NA,NA,New Hampshire,missed,Blondeau Tchoukuiegno,NA,FALSE,FALSE,New Hampshire,Holy Cross,FALSE
401370977,2021-11-27,Holy Cross,New Hampshire,197,2,12:09,729,729,DaJion Humphrey Block.,27,44,-17,0,0.014231948882100396,0.031522074454690685,4,4,-7.5,135,"c(""Casey  Kett"", "" Tom Deneen"", "" Josean Vega"")","Worcester, MA",Hart Center,3536,923,NA,NA,NA,NA,NA,NA,NA,NA,New Hampshire,Holy Cross,FALSE
401370977,2021-11-27,Holy Cross,New Hampshire,198,2,12:05,725,725,Foul on Blondeau Tchoukuiegno.,27,44,-17,4,0.014084318618171714,0.03115859506670981,4,4,-7.5,135,"c(""Casey  Kett"", "" Tom Deneen"", "" Josean Vega"")","Worcester, MA",Hart Center,3536,923,NA,NA,NA,NA,NA,NA,NA,NA,Holy Cross,Holy Cross,FALSE
401370977,2021-11-27,Holy Cross,New Hampshire,199,2,12:04,724,724,Kyrell Luc Defensive Rebound.,27,44,-17,1,0.014048411339033003,0.031070090538541012,4,4,-7.5,135,"c(""Casey  Kett"", "" Tom Deneen"", "" Josean Vega"")","Worcester, MA",Hart Center,3536,923,NA,NA,NA,NA,NA,NA,NA,NA,New Hampshire,Holy Cross,FALSE
401370977,2021-11-27,Holy Cross,New Hampshire,200,2,11:59,719,719,Judson Martindale Turnover.,27,44,-17,5,0.013874506034894221,0.03064088695749722,4,4,-7.5,135,"c(""Casey  Kett"", "" Tom Deneen"", "" Josean Vega"")","Worcester, MA",Hart Center,3536,923,NA,NA,NA,NA,NA,NA,NA,NA,Holy Cross,New Hampshire,FALSE
401370977,2021-11-27,Holy Cross,New Hampshire,201,2,11:59,719,719,Jayden Martinez Steal.,27,44,-17,0,0.013874506034894221,0.03064088695749722,4,4,-7.5,135,"c(""Casey  Kett"", "" Tom Deneen"", "" Josean Vega"")","Worcester, MA",Hart Center,3536,923,NA,NA,NA,NA,NA,NA,NA,NA,Holy Cross,New Hampshire,FALSE
401370977,2021-11-27,Holy Cross,New Hampshire,202,2,11:54,714,714,Official TV Timeout,27,44,-17,5,0.013709332726510141,0.03023234641129997,4,4,-7.5,135,"c(""Casey  Kett"", "" Tom Deneen"", "" Josean Vega"")","Worcester, MA",Hart Center,3536,923,NA,NA,NA,NA,NA,NA,NA,NA,New Hampshire,New Hampshire,FALSE
401370977,2021-11-27,Holy Cross,New Hampshire,203,2,11:48,708,708,Nick Johnson made Jumper.,27,46,-19,6,0.009015402935635066,0.019956317260764533,4,4,-7.5,135,"c(""Casey  Kett"", "" Tom Deneen"", "" Josean Vega"")","Worcester, MA",Hart Center,3536,923,NA,NA,New Hampshire,made,Nick Johnson,NA,FALSE,FALSE,New Hampshire,Holy Cross,FALSE
401370977,2021-11-27,Holy Cross,New Hampshire,204,2,11:35,695,695,Foul on Nick Johnson.,27,46,-19,13,0.008730996071884834,0.019252140099394847,4,4,-7.5,135,"c(""Casey  Kett"", "" Tom Deneen"", "" Josean Vega"")","Worcester, MA",Hart Center,3536,923,NA,NA,NA,NA,NA,NA,NA,NA,Holy Cross,Holy Cross,FALSE
401370977,2021-11-27,Holy Cross,New Hampshire,205,2,11:18,678,678,Gerrale Gates Turnover.,27,46,-19,17,0.008397436655038394,0.01842387958303416,4,4,-7.5,135,"c(""Casey  Kett"", "" Tom Deneen"", "" Josean Vega"")","Worcester, MA",Hart Center,3536,923,NA,NA,NA,NA,NA,NA,NA,NA,Holy Cross,New Hampshire,FALSE
401370977,2021-11-27,Holy Cross,New Hampshire,206,2,11:04,664,664,Foul on Sloan Seymour.,27,46,-19,14,0.008142571948811857,0.01779087872351138,4,4,-7.5,135,"c(""Casey  Kett"", "" Tom Deneen"", "" Josean Vega"")","Worcester, MA",Hart Center,3536,923,NA,NA,NA,NA,NA,NA,NA,NA,Holy Cross,Holy Cross,FALSE
401370977,2021-11-27,Holy Cross,New Hampshire,207,2,11:04,664,664,Sloan Seymour Turnover.,27,46,-19,0,0.008142571948811857,0.01779087872351138,4,4,-7.5,135,"c(""Casey  Kett"", "" Tom Deneen"", "" Josean Vega"")","Worcester, MA",Hart Center,3536,923,NA,NA,NA,NA,NA,NA,NA,NA,New Hampshire,Holy Cross,FALSE
401370977,2021-11-27,Holy Cross,New Hampshire,208,2,10:51,651,651,DaJion Humphrey made Layup.,29,46,-17,13,0.012061231700629988,0.02612222112484259,4,4,-7.5,135,"c(""Casey  Kett"", "" Tom Deneen"", "" Josean Vega"")","Worcester, MA",Hart Center,3536,923,NA,NA,Holy Cross,made,DaJion Humphrey,NA,FALSE,FALSE,Holy Cross,New Hampshire,FALSE
401370977,2021-11-27,Holy Cross,New Hampshire,209,2,10:51,651,651,Foul on Sloan Seymour.,29,46,-17,0,0.012061231700629988,0.02612222112484259,4,4,-7.5,135,"c(""Casey  Kett"", "" Tom Deneen"", "" Josean Vega"")","Worcester, MA",Hart Center,3536,923,NA,NA,NA,NA,NA,NA,NA,NA,Holy Cross,New Hampshire,FALSE
401370977,2021-11-27,Holy Cross,New Hampshire,210,2,10:51,651,651,DaJion Humphrey made Free Throw.,30,46,-16,0,0.014879617984925866,0.03211946087250573,4,4,-7.5,135,"c(""Casey  Kett"", "" Tom Deneen"", "" Josean Vega"")","Worcester, MA",Hart Center,3536,923,NA,NA,Holy Cross,made,DaJion Humphrey,NA,FALSE,TRUE,Holy Cross,New Hampshire,FALSE
401370977,2021-11-27,Holy Cross,New Hampshire,211,2,10:32,632,632,Nick Johnson missed Layup.,30,46,-16,19,0.01435968002433484,0.030827143100769033,4,4,-7.5,135,"c(""Casey  Kett"", "" Tom Deneen"", "" Josean Vega"")","Worcester, MA",Hart Center,3536,923,NA,NA,New Hampshire,missed,Nick Johnson,NA,FALSE,FALSE,New Hampshire,Holy Cross,FALSE
401370977,2021-11-27,Holy Cross,New Hampshire,212,2,10:32,632,632,Caleb Kenney Block.,30,46,-16,0,0.01435968002433484,0.030827143100769033,4,4,-7.5,135,"c(""Casey  Kett"", "" Tom Deneen"", "" Josean Vega"")","Worcester, MA",Hart Center,3536,923,NA,NA,NA,NA,NA,NA,NA,NA,New Hampshire,Holy Cross,FALSE
401370977,2021-11-27,Holy Cross,New Hampshire,213,2,10:28,628,628,Gerrale Gates Defensive Rebound.,30,46,-16,4,0.014246615464549785,0.03054827317348839,4,4,-7.5,135,"c(""Casey  Kett"", "" Tom Deneen"", "" Josean Vega"")","Worcester, MA",Hart Center,3536,923,NA,NA,NA,NA,NA,NA,NA,NA,New Hampshire,Holy Cross,FALSE
401370977,2021-11-27,Holy Cross,New Hampshire,214,2,10:24,624,624,Kyrell Luc missed Three Point Jumper.,30,46,-16,4,0.014131717502314423,0.03026577656477305,4,4,-7.5,135,"c(""Casey  Kett"", "" Tom Deneen"", "" Josean Vega"")","Worcester, MA",Hart Center,3536,923,NA,NA,Holy Cross,missed,Kyrell Luc,NA,TRUE,FALSE,Holy Cross,New Hampshire,FALSE
401370977,2021-11-27,Holy Cross,New Hampshire,215,2,10:22,622,622,Nick Johnson Defensive Rebound.,30,46,-16,2,0.01407350604597199,0.030123006950379286,4,4,-7.5,135,"c(""Casey  Kett"", "" Tom Deneen"", "" Josean Vega"")","Worcester, MA",Hart Center,3536,923,NA,NA,NA,NA,NA,NA,NA,NA,Holy Cross,New Hampshire,FALSE
401370977,2021-11-27,Holy Cross,New Hampshire,216,2,10:12,612,612,Marco Foster missed Layup.,30,46,-16,10,0.01377369056810411,0.029391524924461853,4,4,-7.5,135,"c(""Casey  Kett"", "" Tom Deneen"", "" Josean Vega"")","Worcester, MA",Hart Center,3536,923,NA,NA,New Hampshire,missed,Marco Foster,NA,FALSE,FALSE,New Hampshire,Holy Cross,FALSE
401370977,2021-11-27,Holy Cross,New Hampshire,217,2,10:09,609,609,Kyrell Luc Defensive Rebound.,30,46,-16,3,0.013680574027313128,0.029165659688621472,4,4,-7.5,135,"c(""Casey  Kett"", "" Tom Deneen"", "" Josean Vega"")","Worcester, MA",Hart Center,3536,923,NA,NA,NA,NA,NA,NA,NA,NA,New Hampshire,Holy Cross,FALSE
401370977,2021-11-27,Holy Cross,New Hampshire,218,2,9:57,597,597,Bo Montgomery missed Jumper.,30,46,-16,12,0.013291195280983109,0.02822781290335873,4,4,-7.5,135,"c(""Casey  Kett"", "" Tom Deneen"", "" Josean Vega"")","Worcester, MA",Hart Center,3536,923,NA,NA,Holy Cross,missed,Bo Montgomery,NA,FALSE,FALSE,Holy Cross,New Hampshire,FALSE
401370977,2021-11-27,Holy Cross,New Hampshire,219,2,9:53,593,593,Jayden Martinez Defensive Rebound.,30,46,-16,4,0.013154845941845388,0.02790185599083461,4,4,-7.5,135,"c(""Casey  Kett"", "" Tom Deneen"", "" Josean Vega"")","Worcester, MA",Hart Center,3536,923,NA,NA,NA,NA,NA,NA,NA,NA,Holy Cross,New Hampshire,FALSE
401370977,2021-11-27,Holy Cross,New Hampshire,220,2,9:44,584,584,Nick Guadarrama made Three Point Jumper. Assisted by Qon Murphy.,30,49,-19,9,0.006601999597223029,0.014060070101525527,4,4,-7.5,135,"c(""Casey  Kett"", "" Tom Deneen"", "" Josean Vega"")","Worcester, MA",Hart Center,3536,923,NA,NA,New Hampshire,made,Nick Guadarrama,Qon Murphy,TRUE,FALSE,New Hampshire,Holy Cross,FALSE
401370977,2021-11-27,Holy Cross,New Hampshire,221,2,9:19,559,559,Foul on Bo Montgomery.,30,49,-19,25,0.005985263468409983,0.012626637878255536,4,4,-7.5,135,"c(""Casey  Kett"", "" Tom Deneen"", "" Josean Vega"")","Worcester, MA",Hart Center,3536,923,NA,NA,NA,NA,NA,NA,NA,NA,Holy Cross,New Hampshire,FALSE
401370977,2021-11-27,Holy Cross,New Hampshire,222,2,9:19,559,559,Bo Montgomery Turnover.,30,49,-19,0,0.005985263468409983,0.012626637878255536,4,4,-7.5,135,"c(""Casey  Kett"", "" Tom Deneen"", "" Josean Vega"")","Worcester, MA",Hart Center,3536,923,NA,NA,NA,NA,NA,NA,NA,NA,Holy Cross,New Hampshire,FALSE
401370977,2021-11-27,Holy Cross,New Hampshire,223,2,8:48,528,528,Qon Murphy made Layup.,30,51,-21,31,0.0032634155680274076,0.006813022204935365,4,4,-7.5,135,"c(""Casey  Kett"", "" Tom Deneen"", "" Josean Vega"")","Worcester, MA",Hart Center,3536,923,NA,NA,New Hampshire,made,Qon Murphy,NA,FALSE,FALSE,New Hampshire,Holy Cross,FALSE
401370977,2021-11-27,Holy Cross,New Hampshire,224,2,8:41,521,521,DaJion Humphrey made Three Point Jumper. Assisted by Louth-M Coulibaly.,33,51,-18,7,0.006470585828194317,0.013422442125255346,4,4,-7.5,135,"c(""Casey  Kett"", "" Tom Deneen"", "" Josean Vega"")","Worcester, MA",Hart Center,3536,923,NA,NA,Holy Cross,made,DaJion Humphrey,Louth-M Coulibaly,TRUE,FALSE,Holy Cross,New Hampshire,FALSE
401370977,2021-11-27,Holy Cross,New Hampshire,225,2,8:08,488,488,Foul on DaJion Humphrey.,33,51,-18,33,0.005820887790316191,0.011919267749809543,4,4,-7.5,135,"c(""Casey  Kett"", "" Tom Deneen"", "" Josean Vega"")","Worcester, MA",Hart Center,3536,923,NA,NA,NA,NA,NA,NA,NA,NA,New Hampshire,New Hampshire,FALSE
401370977,2021-11-27,Holy Cross,New Hampshire,226,2,8:08,488,488,Nick Guadarrama made Free Throw.,33,52,-19,0,0.004559886330612258,0.009349574816924474,4,4,-7.5,135,"c(""Casey  Kett"", "" Tom Deneen"", "" Josean Vega"")","Worcester, MA",Hart Center,3536,923,NA,NA,New Hampshire,made,Nick Guadarrama,NA,FALSE,TRUE,New Hampshire,New Hampshire,FALSE
401370977,2021-11-27,Holy Cross,New Hampshire,227,2,8:08,488,488,Nick Guadarrama made Free Throw.,33,53,-20,0,0.003571079256021369,0.007329776153915121,4,4,-7.5,135,"c(""Casey  Kett"", "" Tom Deneen"", "" Josean Vega"")","Worcester, MA",Hart Center,3536,923,NA,NA,New Hampshire,made,Nick Guadarrama,NA,FALSE,TRUE,New Hampshire,Holy Cross,FALSE
401370977,2021-11-27,Holy Cross,New Hampshire,228,2,7:54,474,474,Kyrell Luc made Layup.,35,53,-18,14,0.005539202713563067,0.011277503390279855,4,4,-7.5,135,"c(""Casey  Kett"", "" Tom Deneen"", "" Josean Vega"")","Worcester, MA",Hart Center,3536,923,NA,NA,Holy Cross,made,Kyrell Luc,NA,FALSE,FALSE,Holy Cross,New Hampshire,FALSE
401370977,2021-11-27,Holy Cross,New Hampshire,229,2,7:54,474,474,Foul on Josh Hopkins.,35,53,-18,0,0.005539202713563067,0.011277503390279855,4,4,-7.5,135,"c(""Casey  Kett"", "" Tom Deneen"", "" Josean Vega"")","Worcester, MA",Hart Center,3536,923,NA,NA,NA,NA,NA,NA,NA,NA,Holy Cross,New Hampshire,FALSE
401370977,2021-11-27,Holy Cross,New Hampshire,230,2,7:54,474,474,Official TV Timeout,35,53,-18,0,0.005539202713563067,0.011277503390279855,4,4,-7.5,135,"c(""Casey  Kett"", "" Tom Deneen"", "" Josean Vega"")","Worcester, MA",Hart Center,3536,923,NA,NA,NA,NA,NA,NA,NA,NA,Holy Cross,New Hampshire,FALSE
401370977,2021-11-27,Holy Cross,New Hampshire,231,2,7:54,474,474,Kyrell Luc made Free Throw.,36,53,-17,0,0.007090972449731906,0.014413519343628273,4,4,-7.5,135,"c(""Casey  Kett"", "" Tom Deneen"", "" Josean Vega"")","Worcester, MA",Hart Center,3536,923,NA,NA,Holy Cross,made,Kyrell Luc,NA,FALSE,TRUE,Holy Cross,New Hampshire,FALSE
401370977,2021-11-27,Holy Cross,New Hampshire,232,2,7:35,455,455,Josh Hopkins made Three Point Jumper.,36,56,-20,19,0.0030820827035398985,0.006235996382644365,4,4,-7.5,135,"c(""Casey  Kett"", "" Tom Deneen"", "" Josean Vega"")","Worcester, MA",Hart Center,3536,923,NA,NA,New Hampshire,made,Josh Hopkins,NA,TRUE,FALSE,New Hampshire,Holy Cross,FALSE
401370977,2021-11-27,Holy Cross,New Hampshire,233,2,7:15,435,435,Louth-M Coulibaly made Layup. Assisted by Judson Martindale.,38,56,-18,20,0.004566126194644481,0.009130800822657081,4,4,-7.5,135,"c(""Casey  Kett"", "" Tom Deneen"", "" Josean Vega"")","Worcester, MA",Hart Center,3536,923,NA,NA,Holy Cross,made,Louth-M Coulibaly,Judson Martindale,FALSE,FALSE,Holy Cross,New Hampshire,FALSE
401370977,2021-11-27,Holy Cross,New Hampshire,234,2,7:15,435,435,Foul on Nick Johnson.,38,56,-18,0,0.004566126194644481,0.009130800822657081,4,4,-7.5,135,"c(""Casey  Kett"", "" Tom Deneen"", "" Josean Vega"")","Worcester, MA",Hart Center,3536,923,NA,NA,NA,NA,NA,NA,NA,NA,Holy Cross,New Hampshire,FALSE
401370977,2021-11-27,Holy Cross,New Hampshire,235,2,7:15,435,435,Louth-M Coulibaly made Free Throw.,39,56,-17,0,0.005916191762160999,0.011814484373296888,4,4,-7.5,135,"c(""Casey  Kett"", "" Tom Deneen"", "" Josean Vega"")","Worcester, MA",Hart Center,3536,923,NA,NA,Holy Cross,made,Louth-M Coulibaly,NA,FALSE,TRUE,Holy Cross,New Hampshire,FALSE
401370977,2021-11-27,Holy Cross,New Hampshire,236,2,6:50,410,410,Josh Hopkins missed Three Point Jumper.,39,56,-17,25,0.005079390981399594,0.010007171510720088,4,4,-7.5,135,"c(""Casey  Kett"", "" Tom Deneen"", "" Josean Vega"")","Worcester, MA",Hart Center,3536,923,NA,NA,New Hampshire,missed,Josh Hopkins,NA,TRUE,FALSE,New Hampshire,Holy Cross,FALSE
401370977,2021-11-27,Holy Cross,New Hampshire,237,2,6:47,407,407,Gerrale Gates Defensive Rebound.,39,56,-17,3,0.00499390246976981,0.009821761833370437,4,4,-7.5,135,"c(""Casey  Kett"", "" Tom Deneen"", "" Josean Vega"")","Worcester, MA",Hart Center,3536,923,NA,NA,NA,NA,NA,NA,NA,NA,New Hampshire,Holy Cross,FALSE
401370977,2021-11-27,Holy Cross,New Hampshire,238,2,6:37,397,397,R.J. Johnson made Three Point Jumper. Assisted by Gerrale Gates.,42,56,-14,10,0.010715311931962368,0.02083043464184058,4,4,-7.5,135,"c(""Casey  Kett"", "" Tom Deneen"", "" Josean Vega"")","Worcester, MA",Hart Center,3536,923,NA,NA,Holy Cross,made,R.J. Johnson,Gerrale Gates,TRUE,FALSE,Holy Cross,New Hampshire,FALSE
401370977,2021-11-27,Holy Cross,New Hampshire,239,2,6:01,361,361,Qon Murphy missed Layup.,42,56,-14,36,0.00905851422074239,0.01722538919922273,4,4,-7.5,135,"c(""Casey  Kett"", "" Tom Deneen"", "" Josean Vega"")","Worcester, MA",Hart Center,3536,923,NA,NA,New Hampshire,missed,Qon Murphy,NA,FALSE,FALSE,New Hampshire,New Hampshire,FALSE
401370977,2021-11-27,Holy Cross,New Hampshire,240,2,5:56,356,356,Nick Guadarrama Offensive Rebound.,42,56,-14,5,0.008819156031357417,0.01671556742715539,4,4,-7.5,135,"c(""Casey  Kett"", "" Tom Deneen"", "" Josean Vega"")","Worcester, MA",Hart Center,3536,923,NA,NA,NA,NA,NA,NA,NA,NA,New Hampshire,New Hampshire,FALSE
401370977,2021-11-27,Holy Cross,New Hampshire,241,2,5:56,356,356,Nick Guadarrama missed Layup.,42,56,-14,0,0.008819156031357417,0.01671556742715539,4,4,-7.5,135,"c(""Casey  Kett"", "" Tom Deneen"", "" Josean Vega"")","Worcester, MA",Hart Center,3536,923,NA,NA,New Hampshire,missed,Nick Guadarrama,NA,FALSE,FALSE,New Hampshire,Holy Cross,FALSE
401370977,2021-11-27,Holy Cross,New Hampshire,242,2,5:55,355,355,Gerrale Gates Defensive Rebound.,42,56,-14,1,0.008770645753784018,0.016612679407477893,4,4,-7.5,135,"c(""Casey  Kett"", "" Tom Deneen"", "" Josean Vega"")","Worcester, MA",Hart Center,3536,923,NA,NA,NA,NA,NA,NA,NA,NA,New Hampshire,Holy Cross,FALSE
401370977,2021-11-27,Holy Cross,New Hampshire,243,2,5:47,347,347,DaJion Humphrey missed Three Point Jumper.,42,56,-14,8,0.008373974111241673,0.015776970122035078,4,4,-7.5,135,"c(""Casey  Kett"", "" Tom Deneen"", "" Josean Vega"")","Worcester, MA",Hart Center,3536,923,NA,NA,Holy Cross,missed,DaJion Humphrey,NA,TRUE,FALSE,Holy Cross,New Hampshire,FALSE
401370977,2021-11-27,Holy Cross,New Hampshire,244,2,5:43,343,343,Josh Hopkins Defensive Rebound.,42,56,-14,4,0.008169468415653431,0.015350024793632143,4,4,-7.5,135,"c(""Casey  Kett"", "" Tom Deneen"", "" Josean Vega"")","Worcester, MA",Hart Center,3536,923,NA,NA,NA,NA,NA,NA,NA,NA,Holy Cross,New Hampshire,FALSE
401370977,2021-11-27,Holy Cross,New Hampshire,245,2,5:22,322,322,Qon Murphy missed Three Point Jumper.,42,56,-14,21,0.007023073472573231,0.013003593058497452,4,4,-7.5,135,"c(""Casey  Kett"", "" Tom Deneen"", "" Josean Vega"")","Worcester, MA",Hart Center,3536,923,NA,NA,New Hampshire,missed,Qon Murphy,NA,TRUE,FALSE,New Hampshire,Holy Cross,FALSE
401370977,2021-11-27,Holy Cross,New Hampshire,246,2,5:19,319,319,Kyrell Luc Defensive Rebound.,42,56,-14,3,0.0068496039668929,0.012655014254495233,4,4,-7.5,135,"c(""Casey  Kett"", "" Tom Deneen"", "" Josean Vega"")","Worcester, MA",Hart Center,3536,923,NA,NA,NA,NA,NA,NA,NA,NA,New Hampshire,Holy Cross,FALSE
401370977,2021-11-27,Holy Cross,New Hampshire,247,2,5:01,301,301,R.J. Johnson made Three Point Jumper.,45,56,-11,18,0.01546624582842939,0.027975571610124466,4,4,-7.5,135,"c(""Casey  Kett"", "" Tom Deneen"", "" Josean Vega"")","Worcester, MA",Hart Center,3536,923,NA,NA,Holy Cross,made,R.J. Johnson,NA,TRUE,FALSE,Holy Cross,New Hampshire,FALSE
401370977,2021-11-27,Holy Cross,New Hampshire,248,2,4:37,277,277,Nick Guadarrama missed Three Point Jumper.,45,56,-11,24,0.015576938790753019,0.02766237523449858,4,4,-7.5,135,"c(""Casey  Kett"", "" Tom Deneen"", "" Josean Vega"")","Worcester, MA",Hart Center,3536,923,NA,NA,New Hampshire,missed,Nick Guadarrama,NA,TRUE,FALSE,New Hampshire,New Hampshire,FALSE
401370977,2021-11-27,Holy Cross,New Hampshire,249,2,4:34,274,274,Jayden Martinez Offensive Rebound.,45,56,-11,3,0.015728513765335374,0.02786424531556012,4,4,-7.5,135,"c(""Casey  Kett"", "" Tom Deneen"", "" Josean Vega"")","Worcester, MA",Hart Center,3536,923,NA,NA,NA,NA,NA,NA,NA,NA,New Hampshire,New Hampshire,FALSE
401370977,2021-11-27,Holy Cross,New Hampshire,250,2,4:34,274,274,Foul on Malcolm Townsel.,45,56,-11,0,0.015728513765335374,0.02786424531556012,4,4,-7.5,135,"c(""Casey  Kett"", "" Tom Deneen"", "" Josean Vega"")","Worcester, MA",Hart Center,3536,923,NA,NA,NA,NA,NA,NA,NA,NA,New Hampshire,New Hampshire,FALSE
401370977,2021-11-27,Holy Cross,New Hampshire,251,2,4:27,267,267,Josh Hopkins missed Three Point Jumper.,45,56,-11,7,0.01614711383587727,0.02844314375108734,4,4,-7.5,135,"c(""Casey  Kett"", "" Tom Deneen"", "" Josean Vega"")","Worcester, MA",Hart Center,3536,923,NA,NA,New Hampshire,missed,Josh Hopkins,NA,TRUE,FALSE,New Hampshire,New Hampshire,FALSE
401370977,2021-11-27,Holy Cross,New Hampshire,252,2,4:22,262,262,Nick Johnson Offensive Rebound.,45,56,-11,5,0.01648028995083717,0.02891043475314633,4,4,-7.5,135,"c(""Casey  Kett"", "" Tom Deneen"", "" Josean Vega"")","Worcester, MA",Hart Center,3536,923,NA,NA,NA,NA,NA,NA,NA,NA,New Hampshire,New Hampshire,FALSE
401370977,2021-11-27,Holy Cross,New Hampshire,253,2,4:18,258,258,Foul on R.J. Johnson.,45,56,-11,4,0.01675258769622656,0.029290431623154152,4,4,-7.5,135,"c(""Casey  Kett"", "" Tom Deneen"", "" Josean Vega"")","Worcester, MA",Hart Center,3536,923,NA,NA,NA,NA,NA,NA,NA,NA,New Hampshire,New Hampshire,FALSE
401370977,2021-11-27,Holy Cross,New Hampshire,254,2,4:18,258,258,Jayden Martinez made Free Throw.,45,57,-12,0,0.012242066862044392,0.02147792015334547,4,4,-7.5,135,"c(""Casey  Kett"", "" Tom Deneen"", "" Josean Vega"")","Worcester, MA",Hart Center,3536,923,NA,NA,New Hampshire,made,Jayden Martinez,NA,FALSE,TRUE,New Hampshire,New Hampshire,FALSE
401370977,2021-11-27,Holy Cross,New Hampshire,255,2,4:18,258,258,Jayden Martinez made Free Throw.,45,58,-13,0,0.008934937521634238,0.01571547042792193,4,4,-7.5,135,"c(""Casey  Kett"", "" Tom Deneen"", "" Josean Vega"")","Worcester, MA",Hart Center,3536,923,NA,NA,New Hampshire,made,Jayden Martinez,NA,FALSE,TRUE,New Hampshire,Holy Cross,FALSE
401370977,2021-11-27,Holy Cross,New Hampshire,256,2,4:05,245,245,Malcolm Townsel made Jumper.,47,58,-11,13,0.017533569449928427,0.030322773482592602,4,4,-7.5,135,"c(""Casey  Kett"", "" Tom Deneen"", "" Josean Vega"")","Worcester, MA",Hart Center,3536,923,NA,NA,Holy Cross,made,Malcolm Townsel,NA,FALSE,FALSE,Holy Cross,New Hampshire,FALSE
401370977,2021-11-27,Holy Cross,New Hampshire,257,2,4:05,245,245,Official TV Timeout,47,58,-11,0,0.017533569449928427,0.030322773482592602,4,4,-7.5,135,"c(""Casey  Kett"", "" Tom Deneen"", "" Josean Vega"")","Worcester, MA",Hart Center,3536,923,NA,NA,NA,NA,NA,NA,NA,NA,Holy Cross,New Hampshire,FALSE
401370977,2021-11-27,Holy Cross,New Hampshire,258,2,3:46,226,226,Nick Johnson made Layup. Assisted by Nick Guadarrama.,47,60,-13,19,0.009494466717257781,0.016254599261103383,4,4,-7.5,135,"c(""Casey  Kett"", "" Tom Deneen"", "" Josean Vega"")","Worcester, MA",Hart Center,3536,923,NA,NA,New Hampshire,made,Nick Johnson,Nick Guadarrama,FALSE,FALSE,New Hampshire,Holy Cross,FALSE
401370977,2021-11-27,Holy Cross,New Hampshire,259,2,3:35,215,215,R.J. Johnson made Jumper.,49,60,-11,11,0.016857706638661915,0.028429641475557845,4,4,-7.5,135,"c(""Casey  Kett"", "" Tom Deneen"", "" Josean Vega"")","Worcester, MA",Hart Center,3536,923,NA,NA,Holy Cross,made,R.J. Johnson,NA,FALSE,FALSE,Holy Cross,New Hampshire,FALSE
401370977,2021-11-27,Holy Cross,New Hampshire,260,2,3:04,184,184,Jayden Martinez made Layup.,49,62,-13,31,0.005074302490171236,0.008364795978678626,4,4,-7.5,135,"c(""Casey  Kett"", "" Tom Deneen"", "" Josean Vega"")","Worcester, MA",Hart Center,3536,923,NA,NA,New Hampshire,made,Jayden Martinez,NA,FALSE,FALSE,New Hampshire,Holy Cross,FALSE
401370977,2021-11-27,Holy Cross,New Hampshire,261,2,2:48,168,168,Foul on Blondeau Tchoukuiegno.,49,62,-13,16,0.003308666380003659,0.005366639374224857,4,4,-7.5,135,"c(""Casey  Kett"", "" Tom Deneen"", "" Josean Vega"")","Worcester, MA",Hart Center,3536,923,NA,NA,NA,NA,NA,NA,NA,NA,Holy Cross,Holy Cross,FALSE
401370977,2021-11-27,Holy Cross,New Hampshire,262,2,2:48,168,168,DaJion Humphrey made Free Throw.,50,62,-12,0,0.0049363016122826705,0.00799853067746421,4,4,-7.5,135,"c(""Casey  Kett"", "" Tom Deneen"", "" Josean Vega"")","Worcester, MA",Hart Center,3536,923,NA,NA,Holy Cross,made,DaJion Humphrey,NA,FALSE,TRUE,Holy Cross,Holy Cross,FALSE
401370977,2021-11-27,Holy Cross,New Hampshire,263,2,2:48,168,168,DaJion Humphrey made Free Throw.,51,62,-11,0,0.0073587093496100976,0.011905696391860813,4,4,-7.5,135,"c(""Casey  Kett"", "" Tom Deneen"", "" Josean Vega"")","Worcester, MA",Hart Center,3536,923,NA,NA,Holy Cross,made,DaJion Humphrey,NA,FALSE,TRUE,Holy Cross,New Hampshire,FALSE
401370977,2021-11-27,Holy Cross,New Hampshire,264,2,2:25,145,145,Blondeau Tchoukuiegno made Jumper.,51,64,-13,23,0.0016592628625789966,0.002624860614252572,4,4,-7.5,135,"c(""Casey  Kett"", "" Tom Deneen"", "" Josean Vega"")","Worcester, MA",Hart Center,3536,923,NA,NA,New Hampshire,made,Blondeau Tchoukuiegno,NA,FALSE,FALSE,New Hampshire,Holy Cross,FALSE
401370977,2021-11-27,Holy Cross,New Hampshire,265,2,2:13,133,133,R.J. Johnson missed Three Point Jumper.,51,64,-13,12,0.0010919021058825313,0.0017035949293298636,4,4,-7.5,135,"c(""Casey  Kett"", "" Tom Deneen"", "" Josean Vega"")","Worcester, MA",Hart Center,3536,923,NA,NA,Holy Cross,missed,R.J. Johnson,NA,TRUE,FALSE,Holy Cross,New Hampshire,FALSE
401370977,2021-11-27,Holy Cross,New Hampshire,266,2,2:10,130,130,Blondeau Tchoukuiegno Defensive Rebound.,51,64,-13,3,9.755163002191416e-4,0.001516623363115932,4,4,-7.5,135,"c(""Casey  Kett"", "" Tom Deneen"", "" Josean Vega"")","Worcester, MA",Hart Center,3536,923,NA,NA,NA,NA,NA,NA,NA,NA,Holy Cross,New Hampshire,FALSE
401370977,2021-11-27,Holy Cross,New Hampshire,267,2,1:49,109,109,Nick Guadarrama made Layup. Assisted by Blondeau Tchoukuiegno.,51,66,-15,21,1.268667651946698e-4,1.9224092592475065e-4,4,4,-7.5,135,"c(""Casey  Kett"", "" Tom Deneen"", "" Josean Vega"")","Worcester, MA",Hart Center,3536,923,NA,NA,New Hampshire,made,Nick Guadarrama,Blondeau Tchoukuiegno,FALSE,FALSE,New Hampshire,Holy Cross,FALSE
401370977,2021-11-27,Holy Cross,New Hampshire,268,2,1:30,90,90,Foul on Nick Johnson.,51,66,-15,19,3.9463216697405244e-5,5.832468877494092e-5,4,4,-7.5,135,"c(""Casey  Kett"", "" Tom Deneen"", "" Josean Vega"")","Worcester, MA",Hart Center,3536,923,NA,NA,NA,NA,NA,NA,NA,NA,Holy Cross,Holy Cross,FALSE
401370977,2021-11-27,Holy Cross,New Hampshire,269,2,1:30,90,90,DaJion Humphrey made Free Throw.,52,66,-14,0,7.558778317175587e-5,1.1171308822519318e-4,4,4,-7.5,135,"c(""Casey  Kett"", "" Tom Deneen"", "" Josean Vega"")","Worcester, MA",Hart Center,3536,923,NA,NA,Holy Cross,made,DaJion Humphrey,NA,FALSE,TRUE,Holy Cross,Holy Cross,FALSE
401370977,2021-11-27,Holy Cross,New Hampshire,270,2,1:30,90,90,DaJion Humphrey made Free Throw.,53,66,-13,0,1.4477593326596658e-4,2.1396092203836072e-4,4,4,-7.5,135,"c(""Casey  Kett"", "" Tom Deneen"", "" Josean Vega"")","Worcester, MA",Hart Center,3536,923,NA,NA,Holy Cross,made,DaJion Humphrey,NA,FALSE,TRUE,Holy Cross,New Hampshire,FALSE
401370977,2021-11-27,Holy Cross,New Hampshire,271,2,1:02,62,62,Blondeau Tchoukuiegno made Layup.,53,68,-15,28,5.321824663312439e-6,7.565860489744244e-6,4,4,-7.5,135,"c(""Casey  Kett"", "" Tom Deneen"", "" Josean Vega"")","Worcester, MA",Hart Center,3536,923,NA,NA,New Hampshire,made,Blondeau Tchoukuiegno,NA,FALSE,FALSE,New Hampshire,Holy Cross,FALSE
401370977,2021-11-27,Holy Cross,New Hampshire,272,2,0:49,49,49,Kyrell Luc missed Layup.,53,68,-15,13,1.8652347243709313e-6,2.602131708905596e-6,4,4,-7.5,135,"c(""Casey  Kett"", "" Tom Deneen"", "" Josean Vega"")","Worcester, MA",Hart Center,3536,923,NA,NA,Holy Cross,missed,Kyrell Luc,NA,FALSE,FALSE,Holy Cross,New Hampshire,FALSE
401370977,2021-11-27,Holy Cross,New Hampshire,273,2,0:46,46,46,Nick Johnson Defensive Rebound.,53,68,-15,3,1.44768886576485e-6,2.010676909111592e-6,4,4,-7.5,135,"c(""Casey  Kett"", "" Tom Deneen"", "" Josean Vega"")","Worcester, MA",Hart Center,3536,923,NA,NA,NA,NA,NA,NA,NA,NA,Holy Cross,New Hampshire,FALSE
401370977,2021-11-27,Holy Cross,New Hampshire,274,2,0:18,18,18,Blondeau Tchoukuiegno made Layup. Assisted by Nick Guadarrama.,53,70,-17,28,1.355439774357564e-8,1.8034568965002644e-8,4,4,-7.5,135,"c(""Casey  Kett"", "" Tom Deneen"", "" Josean Vega"")","Worcester, MA",Hart Center,3536,923,NA,NA,New Hampshire,made,Blondeau Tchoukuiegno,Nick Guadarrama,FALSE,FALSE,New Hampshire,Holy Cross,FALSE
401370977,2021-11-27,Holy Cross,New Hampshire,275,2,0:01,1,1,R.J. Johnson made Jumper.,55,70,-15,17,1.880764265274209e-8,2.4346264161995137e-8,4,4,-7.5,135,"c(""Casey  Kett"", "" Tom Deneen"", "" Josean Vega"")","Worcester, MA",Hart Center,3536,923,NA,NA,Holy Cross,made,R.J. Johnson,NA,FALSE,FALSE,Holy Cross,New Hampshire,FALSE
401370977,2021-11-27,Holy Cross,New Hampshire,276,2,0:00,0,0,End of Game,55,70,-15,1,0,0,4,4,-7.5,135,"c(""Casey  Kett"", "" Tom Deneen"", "" Josean Vega"")","Worcester, MA",Hart Center,3536,923,NA,NA,NA,NA,NA,NA,NA,NA,New Hampshire,NA,FALSE
