play_id,half,time_remaining_half,secs_remaining,secs_remaining_absolute,description,home_score,away_score,score_diff,play_length,win_prob,naive_win_prob,home,away,home_time_out_remaining,away_time_out_remaining,home_favored_by,game_id,date
1,1,20:00,2400,2400,PLAY,0,0,0,16,0.5,0.5,Maryland,Fordham,6,6,NA,400591098,2014-11-20
2,1,19:44,2384,2384,Jake Layman made Three Point Jumper. Assisted by Dez Wells.,3,0,3,25,0.566326754274086,0.566326754274086,Maryland,Fordham,6,6,NA,400591098,2014-11-20
3,1,19:19,2359,2359,Ryan Rhoomes Turnover.,3,0,3,2,0.56711918246611,0.56711918246611,Maryland,Fordham,6,6,NA,400591098,2014-11-20
4,1,19:17,2357,2357,Jake Layman Turnover.,3,0,3,17,0.5671831196943142,0.5671831196943142,Maryland,Fordham,6,6,NA,400591098,2014-11-20
5,1,19:00,2340,2340,Christian Sengfelder missed Three Point Jumper.,3,0,3,0,0.5677296468698028,0.5677296468698028,Maryland,Fordham,6,6,NA,400591098,2014-11-20
6,1,19:00,2340,2340,Bryan Smith Offensive Rebound.,3,0,3,5,0.5677296468698028,0.5677296468698028,Maryland,Fordham,6,6,NA,400591098,2014-11-20
7,1,18:55,2335,2335,Nemanja Zarkovic made Three Point Jumper. Assisted by Bryan Smith.,3,3,0,31,0.5,0.5,Maryland,Fordham,6,6,NA,400591098,2014-11-20
8,1,18:24,2304,2304,Melo Trimble Turnover.,3,3,0,1,0.5,0.5,Maryland,Fordham,6,6,NA,400591098,2014-11-20
9,1,18:23,2303,2303,Bryan Smith Steal.,3,3,0,27,0.5,0.5,Maryland,Fordham,6,6,NA,400591098,2014-11-20
10,1,17:56,2276,2276,Ryan Rhoomes missed Jumper.,3,3,0,1,0.5,0.5,Maryland,Fordham,6,6,NA,400591098,2014-11-20
11,1,17:55,2275,2275,Richaud Pack Defensive Rebound.,3,3,0,7,0.5,0.5,Maryland,Fordham,6,6,NA,400591098,2014-11-20
12,1,17:48,2268,2268,Foul on Ryan Rhoomes.,3,3,0,9,0.5,0.5,Maryland,Fordham,6,6,NA,400591098,2014-11-20
13,1,17:39,2259,2259,Dez Wells made Three Point Jumper. Assisted by Richaud Pack.,6,3,3,16,0.5703984778225291,0.5703984778225291,Maryland,Fordham,6,6,NA,400591098,2014-11-20
14,1,17:23,2243,2243,Foul on Christian Sengfelder.,6,3,3,0,0.5709360006525587,0.5709360006525587,Maryland,Fordham,6,6,NA,400591098,2014-11-20
15,1,17:23,2243,2243,Christian Sengfelder Turnover.,6,3,3,0,0.5709360006525587,0.5709360006525587,Maryland,Fordham,6,6,NA,400591098,2014-11-20
16,1,17:23,2243,2243,Christian Sengfelder Turnover.,6,3,3,21,0.5709360006525587,0.5709360006525587,Maryland,Fordham,6,6,NA,400591098,2014-11-20
17,1,17:02,2222,2222,Jake Layman missed Free Throw.,6,3,3,0,0.5716454788876979,0.5716454788876979,Maryland,Fordham,6,6,NA,400591098,2014-11-20
18,1,17:02,2222,2222,Foul on Bryan Smith.,6,3,3,0,0.5716454788876979,0.5716454788876979,Maryland,Fordham,6,6,NA,400591098,2014-11-20
19,1,17:02,2222,2222,Maryland Deadball Team Rebound.,6,3,3,0,0.5716454788876979,0.5716454788876979,Maryland,Fordham,6,6,NA,400591098,2014-11-20
20,1,17:02,2222,2222,Jake Layman missed Free Throw.,6,3,3,0,0.5716454788876979,0.5716454788876979,Maryland,Fordham,6,6,NA,400591098,2014-11-20
21,1,17:02,2222,2222,Bryan Smith Defensive Rebound.,6,3,3,18,0.5716454788876979,0.5716454788876979,Maryland,Fordham,6,6,NA,400591098,2014-11-20
22,1,16:44,2204,2204,Mandell Thomas missed Three Point Jumper.,6,3,3,0,0.5722566941444102,0.5722566941444102,Maryland,Fordham,6,6,NA,400591098,2014-11-20
23,1,16:44,2204,2204,Jake Layman Defensive Rebound.,6,3,3,0,0.5722566941444102,0.5722566941444102,Maryland,Fordham,6,6,NA,400591098,2014-11-20
24,1,16:44,2204,2204,Jake Layman Defensive Rebound.,6,3,3,7,0.5722566941444102,0.5722566941444102,Maryland,Fordham,6,6,NA,400591098,2014-11-20
25,1,16:37,2197,2197,Richaud Pack made Layup. Assisted by Melo Trimble.,8,3,5,28,0.6193358963094133,0.6193358963094133,Maryland,Fordham,6,6,NA,400591098,2014-11-20
26,1,16:09,2169,2169,Christian Sengfelder made Layup. Assisted by Nemanja Zarkovic.,8,5,3,27,0.5734515488149341,0.5734515488149341,Maryland,Fordham,6,6,NA,400591098,2014-11-20
27,1,15:42,2142,2142,Jake Layman missed Jumper.,8,5,3,0,0.5743799751788942,0.5743799751788942,Maryland,Fordham,6,6,NA,400591098,2014-11-20
28,1,15:42,2142,2142,Richaud Pack Offensive Rebound.,8,5,3,2,0.5743799751788942,0.5743799751788942,Maryland,Fordham,6,6,NA,400591098,2014-11-20
29,1,15:40,2140,2140,Dez Wells missed Jumper.,8,5,3,0,0.5744490742188592,0.5744490742188592,Maryland,Fordham,6,6,NA,400591098,2014-11-20
30,1,15:40,2140,2140,Bryan Smith Defensive Rebound.,8,5,3,16,0.5744490742188592,0.5744490742188592,Maryland,Fordham,6,6,NA,400591098,2014-11-20
31,1,15:24,2124,2124,Nemanja Zarkovic missed Three Point Jumper.,8,5,3,0,0.5750035951095774,0.5750035951095774,Maryland,Fordham,6,6,NA,400591098,2014-11-20
32,1,15:24,2124,2124,Nemanja Zarkovic missed Three Point Jumper.,8,5,3,0,0.5750035951095774,0.5750035951095774,Maryland,Fordham,6,6,NA,400591098,2014-11-20
33,1,15:24,2124,2124,Damonte Dodd Defensive Rebound.,8,5,3,10,0.5750035951095774,0.5750035951095774,Maryland,Fordham,6,6,NA,400591098,2014-11-20
34,1,15:14,2114,2114,Jake Layman made Three Point Jumper. Assisted by Richaud Pack.,11,5,6,19,0.6473568756391959,0.6473568756391959,Maryland,Fordham,6,6,NA,400591098,2014-11-20
35,1,14:55,2095,2095,Mandell Thomas missed Three Point Jumper.,11,5,6,0,0.6485992248914556,0.6485992248914556,Maryland,Fordham,6,6,NA,400591098,2014-11-20
36,1,14:55,2095,2095,Richaud Pack Defensive Rebound.,11,5,6,8,0.6485992248914556,0.6485992248914556,Maryland,Fordham,6,6,NA,400591098,2014-11-20
37,1,14:47,2087,2087,Melo Trimble missed Three Point Jumper.,11,5,6,0,0.6491246532797366,0.6491246532797366,Maryland,Fordham,6,6,NA,400591098,2014-11-20
38,1,14:47,2087,2087,Bryan Smith Defensive Rebound.,11,5,6,8,0.6491246532797366,0.6491246532797366,Maryland,Fordham,6,6,NA,400591098,2014-11-20
39,1,14:39,2079,2079,Mandell Thomas missed Three Point Jumper.,11,5,6,0,0.649651527967279,0.649651527967279,Maryland,Fordham,6,6,NA,400591098,2014-11-20
40,1,14:39,2079,2079,Richaud Pack Defensive Rebound.,11,5,6,23,0.649651527967279,0.649651527967279,Maryland,Fordham,6,6,NA,400591098,2014-11-20
41,1,14:16,2056,2056,Foul on Bryan Smith.,11,5,6,0,0.6511747386834992,0.6511747386834992,Maryland,Fordham,6,6,NA,400591098,2014-11-20
42,1,14:16,2056,2056,Foul on Bryan Smith.,11,5,6,0,0.6511747386834992,0.6511747386834992,Maryland,Fordham,6,6,NA,400591098,2014-11-20
43,1,14:16,2056,2056,Official TV Timeout,11,5,6,0,0.6511747386834992,0.6511747386834992,Maryland,Fordham,6,6,NA,400591098,2014-11-20
44,1,14:16,2056,2056,Official TV Timeout,11,5,6,18,0.6511747386834992,0.6511747386834992,Maryland,Fordham,6,6,NA,400591098,2014-11-20
45,1,13:58,2038,2038,Foul on Dekeba Battee-Aston.,11,5,6,0,0.6523760619857397,0.6523760619857397,Maryland,Fordham,6,6,NA,400591098,2014-11-20
46,1,13:58,2038,2038,Michal Cekovsky missed Free Throw.,11,5,6,0,0.6523760619857397,0.6523760619857397,Maryland,Fordham,6,6,NA,400591098,2014-11-20
47,1,13:58,2038,2038,Michal Cekovsky missed Free Throw.,11,5,6,0,0.6523760619857397,0.6523760619857397,Maryland,Fordham,6,6,NA,400591098,2014-11-20
48,1,13:58,2038,2038,Maryland Deadball Team Rebound.,11,5,6,0,0.6523760619857397,0.6523760619857397,Maryland,Fordham,6,6,NA,400591098,2014-11-20
49,1,13:58,2038,2038,Michal Cekovsky missed Free Throw.,11,5,6,0,0.6523760619857397,0.6523760619857397,Maryland,Fordham,6,6,NA,400591098,2014-11-20
50,1,13:58,2038,2038,Michal Cekovsky missed Free Throw.,11,5,6,0,0.6523760619857397,0.6523760619857397,Maryland,Fordham,6,6,NA,400591098,2014-11-20
51,1,13:58,2038,2038,Mandell Thomas Defensive Rebound.,11,5,6,8,0.6523760619857397,0.6523760619857397,Maryland,Fordham,6,6,NA,400591098,2014-11-20
52,1,13:50,2030,2030,Mandell Thomas missed Jumper.,11,5,6,0,0.652912730006935,0.652912730006935,Maryland,Fordham,6,6,NA,400591098,2014-11-20
53,1,13:50,2030,2030,Michal Cekovsky Defensive Rebound.,11,5,6,0,0.652912730006935,0.652912730006935,Maryland,Fordham,6,6,NA,400591098,2014-11-20
54,1,13:50,2030,2030,Michal Cekovsky Defensive Rebound.,11,5,6,9,0.652912730006935,0.652912730006935,Maryland,Fordham,6,6,NA,400591098,2014-11-20
55,1,13:41,2021,2021,Foul on Jake Layman.,11,5,6,0,0.6535185752672347,0.6535185752672347,Maryland,Fordham,6,6,NA,400591098,2014-11-20
56,1,13:41,2021,2021,Jake Layman Turnover.,11,5,6,12,0.6535185752672347,0.6535185752672347,Maryland,Fordham,6,6,NA,400591098,2014-11-20
57,1,13:29,2009,2009,Manny Suarez made Three Point Jumper. Assisted by Jon Severe.,11,8,3,27,0.5790959885875403,0.5790959885875403,Maryland,Fordham,6,6,NA,400591098,2014-11-20
58,1,13:02,1982,1982,Melo Trimble missed Three Point Jumper.,11,8,3,0,0.580088906418124,0.580088906418124,Maryland,Fordham,6,6,NA,400591098,2014-11-20
59,1,13:02,1982,1982,Manny Suarez Defensive Rebound.,11,8,3,16,0.580088906418124,0.580088906418124,Maryland,Fordham,6,6,NA,400591098,2014-11-20
60,1,12:46,1966,1966,Foul on Michal Cekovsky.,11,8,3,7,0.5806839397376166,0.5806839397376166,Maryland,Fordham,6,6,NA,400591098,2014-11-20
61,1,12:39,1959,1959,Nemanja Zarkovic missed Three Point Jumper.,11,8,3,0,0.5809458847514788,0.5809458847514788,Maryland,Fordham,6,6,NA,400591098,2014-11-20
62,1,12:39,1959,1959,Nemanja Zarkovic Offensive Rebound.,11,8,3,9,0.5809458847514788,0.5809458847514788,Maryland,Fordham,6,6,NA,400591098,2014-11-20
63,1,12:30,1950,1950,Jon Severe Turnover.,11,8,3,1,0.5812841552338529,0.5812841552338529,Maryland,Fordham,6,6,NA,400591098,2014-11-20
64,1,12:29,1949,1949,Dez Wells Steal.,11,8,3,4,0.5813218452620726,0.5813218452620726,Maryland,Fordham,6,6,NA,400591098,2014-11-20
65,1,12:25,1945,1945,Foul on Manny Suarez.,11,8,3,0,0.5814728164529512,0.5814728164529512,Maryland,Fordham,6,6,NA,400591098,2014-11-20
66,1,12:25,1945,1945,Melo Trimble made Free Throw.,12,8,4,0,0.6078848298510939,0.6078848298510939,Maryland,Fordham,6,6,NA,400591098,2014-11-20
67,1,12:25,1945,1945,Melo Trimble made Free Throw.,13,8,5,10,0.6336801102472889,0.6336801102472889,Maryland,Fordham,6,6,NA,400591098,2014-11-20
68,1,12:15,1935,1935,Jon Severe missed Jumper.,13,8,5,0,0.634282365640379,0.634282365640379,Maryland,Fordham,6,6,NA,400591098,2014-11-20
69,1,12:15,1935,1935,Jon Severe missed Jumper.,13,8,5,0,0.634282365640379,0.634282365640379,Maryland,Fordham,6,6,NA,400591098,2014-11-20
70,1,12:15,1935,1935,Dion Wiley Block.,13,8,5,0,0.634282365640379,0.634282365640379,Maryland,Fordham,6,6,NA,400591098,2014-11-20
71,1,12:15,1935,1935,Dion Wiley Block.,13,8,5,1,0.634282365640379,0.634282365640379,Maryland,Fordham,6,6,NA,400591098,2014-11-20
72,1,12:14,1934,1934,Dion Wiley Defensive Rebound.,13,8,5,0,0.6343427652127168,0.6343427652127168,Maryland,Fordham,6,6,NA,400591098,2014-11-20
73,1,12:14,1934,1934,Dion Wiley Defensive Rebound.,13,8,5,5,0.6343427652127168,0.6343427652127168,Maryland,Fordham,6,6,NA,400591098,2014-11-20
74,1,12:09,1929,1929,Melo Trimble Turnover.,13,8,5,1,0.6346452190841646,0.6346452190841646,Maryland,Fordham,6,6,NA,400591098,2014-11-20
75,1,12:08,1928,1928,Manny Suarez Steal.,13,8,5,0,0.634705738680748,0.634705738680748,Maryland,Fordham,6,6,NA,400591098,2014-11-20
76,1,12:08,1928,1928,Manny Suarez Steal.,13,8,5,3,0.634705738680748,0.634705738680748,Maryland,Fordham,6,6,NA,400591098,2014-11-20
77,1,12:05,1925,1925,Manny Suarez missed Jumper.,13,8,5,0,0.6348872048370062,0.6348872048370062,Maryland,Fordham,6,6,NA,400591098,2014-11-20
78,1,12:05,1925,1925,Manny Suarez missed Jumper.,13,8,5,0,0.6348872048370062,0.6348872048370062,Maryland,Fordham,6,6,NA,400591098,2014-11-20
79,1,12:05,1925,1925,Jon Severe Offensive Rebound.,13,8,5,0,0.6348872048370062,0.6348872048370062,Maryland,Fordham,6,6,NA,400591098,2014-11-20
80,1,12:05,1925,1925,Jon Severe Offensive Rebound.,13,8,5,7,0.6348872048370062,0.6348872048370062,Maryland,Fordham,6,6,NA,400591098,2014-11-20
81,1,11:58,1918,1918,Nemanja Zarkovic missed Layup.,13,8,5,0,0.6353101319377064,0.6353101319377064,Maryland,Fordham,6,6,NA,400591098,2014-11-20
82,1,11:58,1918,1918,Nemanja Zarkovic missed Layup.,13,8,5,0,0.6353101319377064,0.6353101319377064,Maryland,Fordham,6,6,NA,400591098,2014-11-20
83,1,11:58,1918,1918,Dion Wiley Defensive Rebound.,13,8,5,0,0.6353101319377064,0.6353101319377064,Maryland,Fordham,6,6,NA,400591098,2014-11-20
84,1,11:58,1918,1918,Dion Wiley Defensive Rebound.,13,8,5,15,0.6353101319377064,0.6353101319377064,Maryland,Fordham,6,6,NA,400591098,2014-11-20
85,1,11:43,1903,1903,Dion Wiley missed Three Point Jumper.,13,8,5,0,0.6362145723514234,0.6362145723514234,Maryland,Fordham,6,6,NA,400591098,2014-11-20
86,1,11:43,1903,1903,Manny Suarez Defensive Rebound.,13,8,5,14,0.6362145723514234,0.6362145723514234,Maryland,Fordham,6,6,NA,400591098,2014-11-20
87,1,11:29,1889,1889,Christian Sengfelder missed Jumper.,13,8,5,0,0.6370573402665893,0.6370573402665893,Maryland,Fordham,6,6,NA,400591098,2014-11-20
88,1,11:29,1889,1889,Christian Sengfelder missed Jumper.,13,8,5,0,0.6370573402665893,0.6370573402665893,Maryland,Fordham,6,6,NA,400591098,2014-11-20
89,1,11:29,1889,1889,Michal Cekovsky Defensive Rebound.,13,8,5,0,0.6370573402665893,0.6370573402665893,Maryland,Fordham,6,6,NA,400591098,2014-11-20
90,1,11:29,1889,1889,Michal Cekovsky Defensive Rebound.,13,8,5,8,0.6370573402665893,0.6370573402665893,Maryland,Fordham,6,6,NA,400591098,2014-11-20
91,1,11:21,1881,1881,Foul on Michal Cekovsky.,13,8,5,0,0.6375387149302355,0.6375387149302355,Maryland,Fordham,6,6,NA,400591098,2014-11-20
92,1,11:21,1881,1881,Foul on Michal Cekovsky.,13,8,5,0,0.6375387149302355,0.6375387149302355,Maryland,Fordham,6,6,NA,400591098,2014-11-20
93,1,11:21,1881,1881,Michal Cekovsky Turnover.,13,8,5,0,0.6375387149302355,0.6375387149302355,Maryland,Fordham,6,6,NA,400591098,2014-11-20
94,1,11:21,1881,1881,Michal Cekovsky Turnover.,13,8,5,0,0.6375387149302355,0.6375387149302355,Maryland,Fordham,6,6,NA,400591098,2014-11-20
95,1,11:21,1881,1881,Official TV Timeout,13,8,5,0,0.6375387149302355,0.6375387149302355,Maryland,Fordham,6,6,NA,400591098,2014-11-20
96,1,11:21,1881,1881,Official TV Timeout,13,8,5,4,0.6375387149302355,0.6375387149302355,Maryland,Fordham,6,6,NA,400591098,2014-11-20
97,1,11:17,1877,1877,Dekeba Battee-Aston Turnover.,13,8,5,1,0.6377794202723023,0.6377794202723023,Maryland,Fordham,6,6,NA,400591098,2014-11-20
98,1,11:16,1876,1876,Richaud Pack Steal.,13,8,5,16,0.6378396023547469,0.6378396023547469,Maryland,Fordham,6,6,NA,400591098,2014-11-20
99,1,11:00,1860,1860,Jared Nickens missed Three Point Jumper.,13,8,5,0,0.6388031677470286,0.6388031677470286,Maryland,Fordham,6,6,NA,400591098,2014-11-20
100,1,11:00,1860,1860,Jared Nickens missed Three Point Jumper.,13,8,5,0,0.6388031677470286,0.6388031677470286,Maryland,Fordham,6,6,NA,400591098,2014-11-20
101,1,11:00,1860,1860,Jared Nickens Offensive Rebound.,13,8,5,0,0.6388031677470286,0.6388031677470286,Maryland,Fordham,6,6,NA,400591098,2014-11-20
102,1,11:00,1860,1860,Jared Nickens Offensive Rebound.,13,8,5,4,0.6388031677470286,0.6388031677470286,Maryland,Fordham,6,6,NA,400591098,2014-11-20
103,1,10:56,1856,1856,Jared Nickens missed Jumper.,13,8,5,0,0.6390443505328853,0.6390443505328853,Maryland,Fordham,6,6,NA,400591098,2014-11-20
104,1,10:56,1856,1856,Jared Nickens Offensive Rebound.,13,8,5,0,0.6390443505328853,0.6390443505328853,Maryland,Fordham,6,6,NA,400591098,2014-11-20
105,1,10:56,1856,1856,Jared Nickens missed Jumper.,13,8,5,0,0.6390443505328853,0.6390443505328853,Maryland,Fordham,6,6,NA,400591098,2014-11-20
106,1,10:56,1856,1856,Jared Nickens Offensive Rebound.,13,8,5,2,0.6390443505328853,0.6390443505328853,Maryland,Fordham,6,6,NA,400591098,2014-11-20
107,1,10:54,1854,1854,Jared Nickens missed Jumper.,13,8,5,0,0.6391650012742478,0.6391650012742478,Maryland,Fordham,6,6,NA,400591098,2014-11-20
108,1,10:54,1854,1854,Jared Nickens missed Jumper.,13,8,5,2,0.6391650012742478,0.6391650012742478,Maryland,Fordham,6,6,NA,400591098,2014-11-20
109,1,10:52,1852,1852,Maryland Offensive Rebound.,13,8,5,12,0.6392856953641772,0.6392856953641772,Maryland,Fordham,6,6,NA,400591098,2014-11-20
110,1,10:40,1840,1840,Foul on Dekeba Battee-Aston.,13,8,5,0,0.6400109288661632,0.6400109288661632,Maryland,Fordham,6,6,NA,400591098,2014-11-20
111,1,10:40,1840,1840,Jake Layman missed Free Throw.,13,8,5,0,0.6400109288661632,0.6400109288661632,Maryland,Fordham,6,6,NA,400591098,2014-11-20
112,1,10:40,1840,1840,Manny Suarez Defensive Rebound.,13,8,5,7,0.6400109288661632,0.6400109288661632,Maryland,Fordham,6,6,NA,400591098,2014-11-20
113,1,10:33,1833,1833,Jake Layman Defensive Rebound.,13,8,5,0,0.6404349925531321,0.6404349925531321,Maryland,Fordham,6,6,NA,400591098,2014-11-20
114,1,10:33,1833,1833,Christian Sengfelder missed Three Point Jumper.,13,8,5,10,0.6404349925531321,0.6404349925531321,Maryland,Fordham,6,6,NA,400591098,2014-11-20
115,1,10:23,1823,1823,Richaud Pack missed Jumper.,13,8,5,0,0.6410423795849501,0.6410423795849501,Maryland,Fordham,6,6,NA,400591098,2014-11-20
116,1,10:23,1823,1823,Christian Sengfelder Defensive Rebound.,13,8,5,25,0.6410423795849501,0.6410423795849501,Maryland,Fordham,6,6,NA,400591098,2014-11-20
117,1,9:58,1798,1798,Mandell Thomas missed Jumper.,13,8,5,0,0.6425711392533157,0.6425711392533157,Maryland,Fordham,6,6,NA,400591098,2014-11-20
118,1,9:58,1798,1798,Ryan Rhoomes Offensive Rebound.,13,8,5,3,0.6425711392533157,0.6425711392533157,Maryland,Fordham,6,6,NA,400591098,2014-11-20
119,1,9:55,1795,1795,Ryan Rhoomes made Layup.,13,10,3,0,0.5872011676838496,0.5872011676838496,Maryland,Fordham,6,6,NA,400591098,2014-11-20
120,1,9:55,1795,1795,Foul on Jake Layman.,13,10,3,0,0.5872011676838496,0.5872011676838496,Maryland,Fordham,6,6,NA,400591098,2014-11-20
121,1,9:55,1795,1795,Foul on Jake Layman.,13,10,3,0,0.5872011676838496,0.5872011676838496,Maryland,Fordham,6,6,NA,400591098,2014-11-20
122,1,9:55,1795,1795,Ryan Rhoomes made Free Throw.,13,11,2,31,0.558465837640201,0.558465837640201,Maryland,Fordham,6,6,NA,400591098,2014-11-20
123,1,9:24,1764,1764,Jared Nickens made Three Point Jumper. Assisted by Jon Graham.,16,11,5,0,0.6446818971309605,0.6446818971309605,Maryland,Fordham,6,6,NA,400591098,2014-11-20
124,1,9:24,1764,1764,Jared Nickens made Three Point Jumper. Assisted by Jon Graham.,16,11,5,26,0.6446818971309605,0.6446818971309605,Maryland,Fordham,6,6,NA,400591098,2014-11-20
125,1,8:58,1738,1738,Manny Suarez missed Three Point Jumper.,16,11,5,0,0.6463282628912292,0.6463282628912292,Maryland,Fordham,6,6,NA,400591098,2014-11-20
126,1,8:58,1738,1738,Manny Suarez missed Three Point Jumper.,16,11,5,0,0.6463282628912292,0.6463282628912292,Maryland,Fordham,6,6,NA,400591098,2014-11-20
127,1,8:58,1738,1738,Jon Graham Defensive Rebound.,16,11,5,0,0.6463282628912292,0.6463282628912292,Maryland,Fordham,6,6,NA,400591098,2014-11-20
128,1,8:58,1738,1738,Jon Graham Defensive Rebound.,16,11,5,23,0.6463282628912292,0.6463282628912292,Maryland,Fordham,6,6,NA,400591098,2014-11-20
129,1,8:35,1715,1715,Damonte Dodd missed Jumper.,16,11,5,0,0.6478133079462229,0.6478133079462229,Maryland,Fordham,6,6,NA,400591098,2014-11-20
130,1,8:35,1715,1715,Jon Graham Offensive Rebound.,16,11,5,0,0.6478133079462229,0.6478133079462229,Maryland,Fordham,6,6,NA,400591098,2014-11-20
131,1,8:35,1715,1715,Damonte Dodd missed Jumper.,16,11,5,0,0.6478133079462229,0.6478133079462229,Maryland,Fordham,6,6,NA,400591098,2014-11-20
132,1,8:35,1715,1715,Jon Graham Offensive Rebound.,16,11,5,8,0.6478133079462229,0.6478133079462229,Maryland,Fordham,6,6,NA,400591098,2014-11-20
133,1,8:27,1707,1707,Foul on Christian Sengfelder.,16,11,5,0,0.6483369485605345,0.6483369485605345,Maryland,Fordham,6,6,NA,400591098,2014-11-20
134,1,8:27,1707,1707,Foul on Christian Sengfelder.,16,11,5,0,0.6483369485605345,0.6483369485605345,Maryland,Fordham,6,6,NA,400591098,2014-11-20
135,1,8:27,1707,1707,Dion Wiley missed Free Throw.,16,11,5,0,0.6483369485605345,0.6483369485605345,Maryland,Fordham,6,6,NA,400591098,2014-11-20
136,1,8:27,1707,1707,Dion Wiley missed Free Throw.,16,11,5,0,0.6483369485605345,0.6483369485605345,Maryland,Fordham,6,6,NA,400591098,2014-11-20
137,1,8:27,1707,1707,Bryan Smith Defensive Rebound.,16,11,5,32,0.6483369485605345,0.6483369485605345,Maryland,Fordham,6,6,NA,400591098,2014-11-20
138,1,7:55,1675,1675,Mandell Thomas missed Jumper.,16,11,5,0,0.6504527170723914,0.6504527170723914,Maryland,Fordham,6,6,NA,400591098,2014-11-20
139,1,7:55,1675,1675,Mandell Thomas missed Jumper.,16,11,5,0,0.6504527170723914,0.6504527170723914,Maryland,Fordham,6,6,NA,400591098,2014-11-20
140,1,7:55,1675,1675,Damonte Dodd Defensive Rebound.,16,11,5,0,0.6504527170723914,0.6504527170723914,Maryland,Fordham,6,6,NA,400591098,2014-11-20
141,1,7:55,1675,1675,Damonte Dodd Defensive Rebound.,16,11,5,11,0.6504527170723914,0.6504527170723914,Maryland,Fordham,6,6,NA,400591098,2014-11-20
142,1,7:44,1664,1664,Richaud Pack missed Three Point Jumper.,16,11,5,0,0.651164569988355,0.651164569988355,Maryland,Fordham,6,6,NA,400591098,2014-11-20
143,1,7:44,1664,1664,Manny Suarez Defensive Rebound.,16,11,5,0,0.651164569988355,0.651164569988355,Maryland,Fordham,6,6,NA,400591098,2014-11-20
144,1,7:44,1664,1664,Manny Suarez Defensive Rebound.,16,11,5,35,0.651164569988355,0.651164569988355,Maryland,Fordham,6,6,NA,400591098,2014-11-20
145,1,7:09,1629,1629,Ryan Rhoomes missed Jumper.,16,11,5,0,0.6533718934203778,0.6533718934203778,Maryland,Fordham,6,6,NA,400591098,2014-11-20
146,1,7:09,1629,1629,Ryan Rhoomes missed Jumper.,16,11,5,0,0.6533718934203778,0.6533718934203778,Maryland,Fordham,6,6,NA,400591098,2014-11-20
147,1,7:09,1629,1629,Dion Wiley Defensive Rebound.,16,11,5,21,0.6533718934203778,0.6533718934203778,Maryland,Fordham,6,6,NA,400591098,2014-11-20
148,1,6:48,1608,1608,Dion Wiley missed Layup.,16,11,5,0,0.6546707365350705,0.6546707365350705,Maryland,Fordham,6,6,NA,400591098,2014-11-20
149,1,6:48,1608,1608,Manny Suarez Block.,16,11,5,0,0.6546707365350705,0.6546707365350705,Maryland,Fordham,6,6,NA,400591098,2014-11-20
150,1,6:48,1608,1608,Dion Wiley missed Layup.,16,11,5,0,0.6546707365350705,0.6546707365350705,Maryland,Fordham,6,6,NA,400591098,2014-11-20
151,1,6:48,1608,1608,Manny Suarez Block.,16,11,5,2,0.6546707365350705,0.6546707365350705,Maryland,Fordham,6,6,NA,400591098,2014-11-20
152,1,6:46,1606,1606,Bryan Smith Defensive Rebound.,16,11,5,4,0.6547939942205286,0.6547939942205286,Maryland,Fordham,6,6,NA,400591098,2014-11-20
153,1,6:42,1602,1602,Dion Wiley Defensive Rebound.,16,11,5,0,0.6550404139332007,0.6550404139332007,Maryland,Fordham,6,6,NA,400591098,2014-11-20
154,1,6:42,1602,1602,Bryan Smith missed Three Point Jumper.,16,11,5,8,0.6550404139332007,0.6550404139332007,Maryland,Fordham,6,6,NA,400591098,2014-11-20
155,1,6:34,1594,1594,Foul on Dez Wells.,16,11,5,0,0.6555331494316142,0.6555331494316142,Maryland,Fordham,6,6,NA,400591098,2014-11-20
156,1,6:34,1594,1594,Dez Wells Turnover.,16,11,5,0,0.6555331494316142,0.6555331494316142,Maryland,Fordham,6,6,NA,400591098,2014-11-20
157,1,6:34,1594,1594,Official TV Timeout,16,11,5,0,0.6555331494316142,0.6555331494316142,Maryland,Fordham,6,6,NA,400591098,2014-11-20
158,1,6:34,1594,1594,Dez Wells Turnover.,16,11,5,0,0.6555331494316142,0.6555331494316142,Maryland,Fordham,6,6,NA,400591098,2014-11-20
159,1,6:34,1594,1594,Official TV Timeout,16,11,5,32,0.6555331494316142,0.6555331494316142,Maryland,Fordham,6,6,NA,400591098,2014-11-20
160,1,6:02,1562,1562,Manny Suarez missed Jumper.,16,11,5,0,0.6575143390056941,0.6575143390056941,Maryland,Fordham,6,6,NA,400591098,2014-11-20
161,1,6:02,1562,1562,Richaud Pack Defensive Rebound.,16,11,5,0,0.6575143390056941,0.6575143390056941,Maryland,Fordham,6,6,NA,400591098,2014-11-20
162,1,6:02,1562,1562,Manny Suarez missed Jumper.,16,11,5,0,0.6575143390056941,0.6575143390056941,Maryland,Fordham,6,6,NA,400591098,2014-11-20
163,1,6:02,1562,1562,Richaud Pack Defensive Rebound.,16,11,5,16,0.6575143390056941,0.6575143390056941,Maryland,Fordham,6,6,NA,400591098,2014-11-20
164,1,5:46,1546,1546,Dez Wells Turnover.,16,11,5,1,0.6585199193539275,0.6585199193539275,Maryland,Fordham,6,6,NA,400591098,2014-11-20
165,1,5:45,1545,1545,Zaire Thompson Steal.,16,11,5,0,0.6585832701176404,0.6585832701176404,Maryland,Fordham,6,6,NA,400591098,2014-11-20
166,1,5:45,1545,1545,Zaire Thompson Steal.,16,11,5,3,0.6585832701176404,0.6585832701176404,Maryland,Fordham,6,6,NA,400591098,2014-11-20
167,1,5:42,1542,1542,Mandell Thomas made Layup.,16,13,3,30,0.5974137537776998,0.5974137537776998,Maryland,Fordham,6,6,NA,400591098,2014-11-20
168,1,5:12,1512,1512,Foul on Bryan Smith.,16,13,3,0,0.5986632137699877,0.5986632137699877,Maryland,Fordham,6,6,NA,400591098,2014-11-20
169,1,5:12,1512,1512,Foul on Bryan Smith.,16,13,3,0,0.5986632137699877,0.5986632137699877,Maryland,Fordham,6,6,NA,400591098,2014-11-20
170,1,5:12,1512,1512,Richaud Pack missed Free Throw.,16,13,3,0,0.5986632137699877,0.5986632137699877,Maryland,Fordham,6,6,NA,400591098,2014-11-20
171,1,5:12,1512,1512,Maryland Deadball Team Rebound.,16,13,3,0,0.5986632137699877,0.5986632137699877,Maryland,Fordham,6,6,NA,400591098,2014-11-20
172,1,5:12,1512,1512,Richaud Pack missed Free Throw.,16,13,3,0,0.5986632137699877,0.5986632137699877,Maryland,Fordham,6,6,NA,400591098,2014-11-20
173,1,5:12,1512,1512,Maryland Deadball Team Rebound.,16,13,3,0,0.5986632137699877,0.5986632137699877,Maryland,Fordham,6,6,NA,400591098,2014-11-20
174,1,5:12,1512,1512,Richaud Pack missed Free Throw.,16,13,3,0,0.5986632137699877,0.5986632137699877,Maryland,Fordham,6,6,NA,400591098,2014-11-20
175,1,5:12,1512,1512,Nemanja Zarkovic Defensive Rebound.,16,13,3,25,0.5986632137699877,0.5986632137699877,Maryland,Fordham,6,6,NA,400591098,2014-11-20
176,1,4:47,1487,1487,Ryan Rhoomes made Layup.,16,15,1,0,0.5336518076730631,0.5336518076730631,Maryland,Fordham,6,6,NA,400591098,2014-11-20
177,1,4:47,1487,1487,Ryan Rhoomes made Layup.,16,15,1,13,0.5336518076730631,0.5336518076730631,Maryland,Fordham,6,6,NA,400591098,2014-11-20
178,1,4:34,1474,1474,Melo Trimble missed Three Point Jumper.,16,15,1,0,0.5338550219627176,0.5338550219627176,Maryland,Fordham,6,6,NA,400591098,2014-11-20
179,1,4:34,1474,1474,Melo Trimble missed Three Point Jumper.,16,15,1,0,0.5338550219627176,0.5338550219627176,Maryland,Fordham,6,6,NA,400591098,2014-11-20
180,1,4:34,1474,1474,Dez Wells Offensive Rebound.,16,15,1,0,0.5338550219627176,0.5338550219627176,Maryland,Fordham,6,6,NA,400591098,2014-11-20
181,1,4:34,1474,1474,Dez Wells Offensive Rebound.,16,15,1,4,0.5338550219627176,0.5338550219627176,Maryland,Fordham,6,6,NA,400591098,2014-11-20
182,1,4:30,1470,1470,Dez Wells made Two Point Tip Shot.,18,15,3,6,0.6005244467787804,0.6005244467787804,Maryland,Fordham,6,6,NA,400591098,2014-11-20
183,1,4:24,1464,1464,Mandell Thomas missed Three Point Jumper.,18,15,3,0,0.6008039404893467,0.6008039404893467,Maryland,Fordham,6,6,NA,400591098,2014-11-20
184,1,4:24,1464,1464,Mandell Thomas missed Three Point Jumper.,18,15,3,0,0.6008039404893467,0.6008039404893467,Maryland,Fordham,6,6,NA,400591098,2014-11-20
185,1,4:24,1464,1464,Jared Nickens Defensive Rebound.,18,15,3,0,0.6008039404893467,0.6008039404893467,Maryland,Fordham,6,6,NA,400591098,2014-11-20
186,1,4:24,1464,1464,Jared Nickens Defensive Rebound.,18,15,3,25,0.6008039404893467,0.6008039404893467,Maryland,Fordham,6,6,NA,400591098,2014-11-20
187,1,3:59,1439,1439,Melo Trimble Turnover.,18,15,3,0,0.6019984003417512,0.6019984003417512,Maryland,Fordham,6,6,NA,400591098,2014-11-20
188,1,3:59,1439,1439,Official TV Timeout,18,15,3,0,0.6019984003417512,0.6019984003417512,Maryland,Fordham,6,6,NA,400591098,2014-11-20
189,1,3:59,1439,1439,Melo Trimble Turnover.,18,15,3,0,0.6019984003417512,0.6019984003417512,Maryland,Fordham,6,6,NA,400591098,2014-11-20
190,1,3:59,1439,1439,Official TV Timeout,18,15,3,12,0.6019984003417512,0.6019984003417512,Maryland,Fordham,6,6,NA,400591098,2014-11-20
191,1,3:47,1427,1427,Manny Suarez Turnover.,18,15,3,21,0.6025594157838314,0.6025594157838314,Maryland,Fordham,6,6,NA,400591098,2014-11-20
192,1,3:26,1406,1406,Richaud Pack made Layup.,20,15,5,29,0.6682353012593973,0.6682353012593973,Maryland,Fordham,6,6,NA,400591098,2014-11-20
193,1,2:57,1377,1377,Foul on Damonte Dodd.,20,15,5,0,0.6702141215133028,0.6702141215133028,Maryland,Fordham,6,6,NA,400591098,2014-11-20
194,1,2:57,1377,1377,Ryan Rhoomes missed Free Throw.,20,15,5,0,0.6702141215133028,0.6702141215133028,Maryland,Fordham,6,6,NA,400591098,2014-11-20
195,1,2:57,1377,1377,Fordham Deadball Team Rebound.,20,15,5,0,0.6702141215133028,0.6702141215133028,Maryland,Fordham,6,6,NA,400591098,2014-11-20
196,1,2:57,1377,1377,Ryan Rhoomes made Free Throw.,20,16,4,11,0.6381452246244329,0.6381452246244329,Maryland,Fordham,6,6,NA,400591098,2014-11-20
197,1,2:46,1366,1366,Michal Cekovsky Turnover.,20,16,4,12,0.6387661109601975,0.6387661109601975,Maryland,Fordham,6,6,NA,400591098,2014-11-20
198,1,2:34,1354,1354,Ryan Rhoomes missed Layup.,20,16,4,0,0.6394439553673289,0.6394439553673289,Maryland,Fordham,6,6,NA,400591098,2014-11-20
199,1,2:34,1354,1354,Jared Nickens Defensive Rebound.,20,16,4,9,0.6394439553673289,0.6394439553673289,Maryland,Fordham,6,6,NA,400591098,2014-11-20
200,1,2:25,1345,1345,Jared Nickens missed Three Point Jumper.,20,16,4,0,0.6399545158274951,0.6399545158274951,Maryland,Fordham,6,6,NA,400591098,2014-11-20
201,1,2:25,1345,1345,Michal Cekovsky Offensive Rebound.,20,16,4,0,0.6399545158274951,0.6399545158274951,Maryland,Fordham,6,6,NA,400591098,2014-11-20
202,1,2:25,1345,1345,Jared Nickens missed Three Point Jumper.,20,16,4,0,0.6399545158274951,0.6399545158274951,Maryland,Fordham,6,6,NA,400591098,2014-11-20
203,1,2:25,1345,1345,Michal Cekovsky Offensive Rebound.,20,16,4,25,0.6399545158274951,0.6399545158274951,Maryland,Fordham,6,6,NA,400591098,2014-11-20
204,1,2:00,1320,1320,Jared Nickens made Three Point Jumper. Assisted by Melo Trimble.,23,16,7,0,0.7344827170730402,0.7344827170730402,Maryland,Fordham,6,6,NA,400591098,2014-11-20
205,1,2:00,1320,1320,Jared Nickens made Three Point Jumper. Assisted by Melo Trimble.,23,16,7,17,0.7344827170730402,0.7344827170730402,Maryland,Fordham,6,6,NA,400591098,2014-11-20
206,1,1:43,1303,1303,Nemanja Zarkovic Turnover.,23,16,7,1,0.7359766559524851,0.7359766559524851,Maryland,Fordham,6,6,NA,400591098,2014-11-20
207,1,1:42,1302,1302,Melo Trimble Steal.,23,16,7,2,0.7360658477306085,0.7360658477306085,Maryland,Fordham,6,6,NA,400591098,2014-11-20
208,1,1:40,1300,1300,Richaud Pack Turnover.,23,16,7,0,0.7362447202726876,0.7362447202726876,Maryland,Fordham,6,6,NA,400591098,2014-11-20
209,1,1:40,1300,1300,Fordham  Timeout,23,16,7,34,0.7362447202726876,0.7362447202726876,Maryland,Fordham,5,6,NA,400591098,2014-11-20
210,1,1:06,1266,1266,Manny Suarez missed Jumper.,23,16,7,4,0.7394044018480989,0.7394044018480989,Maryland,Fordham,5,6,NA,400591098,2014-11-20
211,1,1:02,1262,1262,Ryan Rhoomes Offensive Rebound.,23,16,7,30,0.7397934223266572,0.7397934223266572,Maryland,Fordham,5,6,NA,400591098,2014-11-20
212,1,0:32,1232,1232,Ryan Rhoomes missed Dunk.,23,16,7,0,0.7428554133256546,0.7428554133256546,Maryland,Fordham,5,6,NA,400591098,2014-11-20
213,1,0:32,1232,1232,Dez Wells Block.,23,16,7,2,0.7428554133256546,0.7428554133256546,Maryland,Fordham,5,6,NA,400591098,2014-11-20
214,1,0:30,1230,1230,Manny Suarez Offensive Rebound.,23,16,7,1,0.7430695197864526,0.7430695197864526,Maryland,Fordham,5,6,NA,400591098,2014-11-20
215,1,0:29,1229,1229,Manny Suarez missed Layup.,23,16,7,0,0.7431770793905463,0.7431770793905463,Maryland,Fordham,5,6,NA,400591098,2014-11-20
216,1,0:29,1229,1229,Manny Suarez missed Layup.,23,16,7,1,0.7431770793905463,0.7431770793905463,Maryland,Fordham,5,6,NA,400591098,2014-11-20
217,1,0:28,1228,1228,Ryan Rhoomes Offensive Rebound.,23,16,7,0,0.7432849796733723,0.7432849796733723,Maryland,Fordham,5,6,NA,400591098,2014-11-20
218,1,0:28,1228,1228,Ryan Rhoomes Offensive Rebound.,23,16,7,1,0.7432849796733723,0.7432849796733723,Maryland,Fordham,5,6,NA,400591098,2014-11-20
219,1,0:27,1227,1227,Ryan Rhoomes Turnover.,23,16,7,1,0.7433932229521067,0.7433932229521067,Maryland,Fordham,5,6,NA,400591098,2014-11-20
220,1,0:26,1226,1226,Maryland  Timeout,23,16,7,21,0.743501811539874,0.743501811539874,Maryland,Fordham,5,5,NA,400591098,2014-11-20
221,1,0:05,1205,1205,Melo Trimble Turnover.,23,16,7,0,0.7458575563937224,0.7458575563937224,Maryland,Fordham,5,5,NA,400591098,2014-11-20
222,1,0:05,1205,1205,Melo Trimble Turnover.,23,16,7,1,0.7458575563937224,0.7458575563937224,Maryland,Fordham,5,5,NA,400591098,2014-11-20
223,1,0:04,1204,1204,Jon Severe Steal.,23,16,7,3,0.7459706172322522,0.7459706172322522,Maryland,Fordham,5,5,NA,400591098,2014-11-20
224,1,0:01,1201,1201,Jon Severe made Layup.,23,18,5,1,0.6836782407911076,0.6836782407911076,Maryland,Fordham,5,5,NA,400591098,2014-11-20
225,1,0:00,1200,1200,End of 1st half,23,18,5,0,0.6837696278036713,0.6837696278036713,Maryland,Fordham,5,5,NA,400591098,2014-11-20
226,2,20:00,1200,1200,PLAY,23,18,5,20,0.6837696278036713,0.6837696278036713,Maryland,Fordham,5,5,NA,400591098,2014-11-20
227,2,19:40,1180,1180,Melo Trimble made Three Point Jumper. Assisted by Dez Wells.,26,18,8,36,0.7767992735106369,0.7767992735106369,Maryland,Fordham,5,5,NA,400591098,2014-11-20
228,2,19:04,1144,1144,Christian Sengfelder made Three Point Jumper. Assisted by Nemanja Zarkovic.,26,21,5,29,0.6886628771841761,0.6886628771841761,Maryland,Fordham,5,5,NA,400591098,2014-11-20
229,2,18:35,1115,1115,Jake Layman made Layup.,28,21,7,17,0.7553883979259478,0.7553883979259478,Maryland,Fordham,5,5,NA,400591098,2014-11-20
230,2,18:18,1098,1098,Manny Suarez missed Three Point Jumper.,28,21,7,0,0.757158668182922,0.757158668182922,Maryland,Fordham,5,5,NA,400591098,2014-11-20
231,2,18:18,1098,1098,Damonte Dodd Defensive Rebound.,28,21,7,16,0.757158668182922,0.757158668182922,Maryland,Fordham,5,5,NA,400591098,2014-11-20
232,2,18:02,1082,1082,Richaud Pack made Three Point Jumper. Assisted by Damonte Dodd.,31,21,10,7,0.837224968846611,0.837224968846611,Maryland,Fordham,5,5,NA,400591098,2014-11-20
233,2,17:55,1075,1075,Fordham  Timeout,31,21,10,0,0.8380265996704085,0.8380265996704085,Maryland,Fordham,4,5,NA,400591098,2014-11-20
234,2,17:55,1075,1075,Official TV Timeout,31,21,10,25,0.8380265996704085,0.8380265996704085,Maryland,Fordham,4,5,NA,400591098,2014-11-20
235,2,17:30,1050,1050,Christian Sengfelder made Three Point Jumper. Assisted by Nemanja Zarkovic.,31,24,7,28,0.762384832818822,0.762384832818822,Maryland,Fordham,4,5,NA,400591098,2014-11-20
236,2,17:02,1022,1022,Dez Wells made Layup.,33,24,9,0,0.8209065279511493,0.8209065279511493,Maryland,Fordham,4,5,NA,400591098,2014-11-20
237,2,17:02,1022,1022,Foul on Ryan Rhoomes.,33,24,9,0,0.8209065279511493,0.8209065279511493,Maryland,Fordham,4,5,NA,400591098,2014-11-20
238,2,17:02,1022,1022,Dez Wells made Free Throw.,34,24,10,1,0.8444434201618393,0.8444434201618393,Maryland,Fordham,4,5,NA,400591098,2014-11-20
239,2,17:01,1021,1021,Fordham  Turnover.,34,24,10,12,0.8445720774495676,0.8445720774495676,Maryland,Fordham,4,5,NA,400591098,2014-11-20
240,2,16:49,1009,1009,Jake Layman Turnover.,34,24,10,2,0.8461428160946499,0.8461428160946499,Maryland,Fordham,4,5,NA,400591098,2014-11-20
241,2,16:47,1007,1007,Mandell Thomas Steal.,34,24,10,16,0.8464096129816766,0.8464096129816766,Maryland,Fordham,4,5,NA,400591098,2014-11-20
242,2,16:31,991,991,Nemanja Zarkovic missed Three Point Jumper.,34,24,10,2,0.8485992087539368,0.8485992087539368,Maryland,Fordham,4,5,NA,400591098,2014-11-20
243,2,16:29,989,989,Jake Layman Defensive Rebound.,34,24,10,0,0.8488801080755839,0.8488801080755839,Maryland,Fordham,4,5,NA,400591098,2014-11-20
244,2,16:29,989,989,Foul on Christian Sengfelder.,34,24,10,16,0.8488801080755839,0.8488801080755839,Maryland,Fordham,4,5,NA,400591098,2014-11-20
245,2,16:13,973,973,Dez Wells Turnover.,34,24,10,10,0.8511887400501275,0.8511887400501275,Maryland,Fordham,4,5,NA,400591098,2014-11-20
246,2,16:03,963,963,Christian Sengfelder Turnover.,34,24,10,9,0.8526542770132757,0.8526542770132757,Maryland,Fordham,4,5,NA,400591098,2014-11-20
247,2,15:54,954,954,Foul on Dez Wells.,34,24,10,0,0.8538994875440735,0.8538994875440735,Maryland,Fordham,4,5,NA,400591098,2014-11-20
248,2,15:54,954,954,Dez Wells Turnover.,34,24,10,0,0.8538994875440735,0.8538994875440735,Maryland,Fordham,4,5,NA,400591098,2014-11-20
249,2,15:54,954,954,Official TV Timeout,34,24,10,27,0.8538994875440735,0.8538994875440735,Maryland,Fordham,4,5,NA,400591098,2014-11-20
250,2,15:27,927,927,Mandell Thomas missed Three Point Jumper.,34,24,10,0,0.8572690720267766,0.8572690720267766,Maryland,Fordham,4,5,NA,400591098,2014-11-20
251,2,15:27,927,927,Richaud Pack Defensive Rebound.,34,24,10,17,0.8572690720267766,0.8572690720267766,Maryland,Fordham,4,5,NA,400591098,2014-11-20
252,2,15:10,910,910,Melo Trimble missed Three Point Jumper.,34,24,10,0,0.8591826114693605,0.8591826114693605,Maryland,Fordham,4,5,NA,400591098,2014-11-20
253,2,15:10,910,910,Ryan Rhoomes Defensive Rebound.,34,24,10,21,0.8591826114693605,0.8591826114693605,Maryland,Fordham,4,5,NA,400591098,2014-11-20
254,2,14:49,889,889,Jon Severe missed Jumper.,34,24,10,0,0.8614157378827917,0.8614157378827917,Maryland,Fordham,4,5,NA,400591098,2014-11-20
255,2,14:49,889,889,Richaud Pack Defensive Rebound.,34,24,10,6,0.8614157378827917,0.8614157378827917,Maryland,Fordham,4,5,NA,400591098,2014-11-20
256,2,14:43,883,883,Foul on Mandell Thomas.,34,24,10,0,0.8620392130178246,0.8620392130178246,Maryland,Fordham,4,5,NA,400591098,2014-11-20
257,2,14:43,883,883,Dion Wiley missed Free Throw.,34,24,10,0,0.8620392130178246,0.8620392130178246,Maryland,Fordham,4,5,NA,400591098,2014-11-20
258,2,14:43,883,883,Maryland Deadball Team Rebound.,34,24,10,0,0.8620392130178246,0.8620392130178246,Maryland,Fordham,4,5,NA,400591098,2014-11-20
259,2,14:43,883,883,Dion Wiley made Free Throw.,35,24,11,15,0.8824215785721634,0.8824215785721634,Maryland,Fordham,4,5,NA,400591098,2014-11-20
260,2,14:28,868,868,Ryan Rhoomes Turnover.,35,24,11,1,0.883909590348956,0.883909590348956,Maryland,Fordham,4,5,NA,400591098,2014-11-20
261,2,14:27,867,867,Dion Wiley Steal.,35,24,11,3,0.8840089033342624,0.8840089033342624,Maryland,Fordham,4,5,NA,400591098,2014-11-20
262,2,14:24,864,864,Jake Layman made Dunk. Assisted by Dion Wiley.,37,24,13,13,0.9171060237391161,0.9171060237391161,Maryland,Fordham,4,5,NA,400591098,2014-11-20
263,2,14:11,851,851,Fordham  Timeout,37,24,13,9,0.918250731795472,0.918250731795472,Maryland,Fordham,3,5,NA,400591098,2014-11-20
264,2,14:02,842,842,Bryan Smith missed Three Point Jumper.,37,24,13,0,0.9190577968996038,0.9190577968996038,Maryland,Fordham,3,5,NA,400591098,2014-11-20
265,2,14:02,842,842,Jake Layman Defensive Rebound.,37,24,13,23,0.9190577968996038,0.9190577968996038,Maryland,Fordham,3,5,NA,400591098,2014-11-20
266,2,13:39,819,819,Dion Wiley missed Jumper.,37,24,13,0,0.9212128261948764,0.9212128261948764,Maryland,Fordham,3,5,NA,400591098,2014-11-20
267,2,13:39,819,819,Jon Severe Defensive Rebound.,37,24,13,6,0.9212128261948764,0.9212128261948764,Maryland,Fordham,3,5,NA,400591098,2014-11-20
268,2,13:33,813,813,Jon Severe Turnover.,37,24,13,0,0.9218040542349755,0.9218040542349755,Maryland,Fordham,3,5,NA,400591098,2014-11-20
269,2,13:33,813,813,Jake Layman Steal.,37,24,13,4,0.9218040542349755,0.9218040542349755,Maryland,Fordham,3,5,NA,400591098,2014-11-20
270,2,13:29,809,809,Jake Layman made Dunk. Assisted by Richaud Pack.,39,24,15,9,0.9454799447074225,0.9454799447074225,Maryland,Fordham,3,5,NA,400591098,2014-11-20
271,2,13:20,800,800,Nemanja Zarkovic made Jumper.,39,26,13,14,0.9231367004502187,0.9231367004502187,Maryland,Fordham,3,5,NA,400591098,2014-11-20
272,2,13:06,786,786,Jared Nickens missed Three Point Jumper.,39,26,13,0,0.9246622171943617,0.9246622171943617,Maryland,Fordham,3,5,NA,400591098,2014-11-20
273,2,13:06,786,786,Jared Nickens Offensive Rebound.,39,26,13,3,0.9246622171943617,0.9246622171943617,Maryland,Fordham,3,5,NA,400591098,2014-11-20
274,2,13:03,783,783,Jared Nickens made Jumper.,41,26,15,11,0.947789915807061,0.947789915807061,Maryland,Fordham,3,5,NA,400591098,2014-11-20
275,2,12:52,772,772,Foul on Richaud Pack.,41,26,15,5,0.9488514338522185,0.9488514338522185,Maryland,Fordham,3,5,NA,400591098,2014-11-20
276,2,12:47,767,767,Ryan Rhoomes made Layup. Assisted by Nemanja Zarkovic.,41,28,13,40,0.9269056486503606,0.9269056486503606,Maryland,Fordham,3,5,NA,400591098,2014-11-20
277,2,12:07,727,727,Jared Nickens missed Three Point Jumper.,41,28,13,0,0.9323751738251794,0.9323751738251794,Maryland,Fordham,3,5,NA,400591098,2014-11-20
278,2,12:07,727,727,Jon Severe Defensive Rebound.,41,28,13,3,0.9323751738251794,0.9323751738251794,Maryland,Fordham,3,5,NA,400591098,2014-11-20
279,2,12:04,724,724,Jon Severe Turnover.,41,28,13,15,0.932801871834864,0.932801871834864,Maryland,Fordham,3,5,NA,400591098,2014-11-20
280,2,11:49,709,709,Jared Nickens made Jumper.,43,28,15,10,0.9557201261343352,0.9557201261343352,Maryland,Fordham,3,5,NA,400591098,2014-11-20
281,2,11:39,699,699,Foul on Jared Nickens.,43,28,15,0,0.9566649831295057,0.9566649831295057,Maryland,Fordham,3,5,NA,400591098,2014-11-20
282,2,11:39,699,699,Official TV Timeout,43,28,15,5,0.9566649831295057,0.9566649831295057,Maryland,Fordham,3,5,NA,400591098,2014-11-20
283,2,11:34,694,694,Foul on Jared Nickens.,43,28,15,15,0.9571118445385814,0.9571118445385814,Maryland,Fordham,3,5,NA,400591098,2014-11-20
284,2,11:19,679,679,Christian Sengfelder missed Three Point Jumper.,43,28,15,0,0.9583747466243716,0.9583747466243716,Maryland,Fordham,3,5,NA,400591098,2014-11-20
285,2,11:19,679,679,Christian Sengfelder Offensive Rebound.,43,28,15,8,0.9583747466243716,0.9583747466243716,Maryland,Fordham,3,5,NA,400591098,2014-11-20
286,2,11:11,671,671,Mandell Thomas made Three Point Jumper. Assisted by Christian Sengfelder.,43,31,12,36,0.9256790614245006,0.9256790614245006,Maryland,Fordham,3,5,NA,400591098,2014-11-20
287,2,10:35,635,635,Michal Cekovsky missed Layup.,43,31,12,0,0.9296191429825986,0.9296191429825986,Maryland,Fordham,3,5,NA,400591098,2014-11-20
288,2,10:35,635,635,Mandell Thomas Defensive Rebound.,43,31,12,7,0.9296191429825986,0.9296191429825986,Maryland,Fordham,3,5,NA,400591098,2014-11-20
289,2,10:28,628,628,Mandell Thomas missed Three Point Jumper.,43,31,12,0,0.9304140414973786,0.9304140414973786,Maryland,Fordham,3,5,NA,400591098,2014-11-20
290,2,10:28,628,628,Dez Wells Defensive Rebound.,43,31,12,11,0.9304140414973786,0.9304140414973786,Maryland,Fordham,3,5,NA,400591098,2014-11-20
291,2,10:17,617,617,Maryland  Timeout,43,31,12,9,0.931709713704371,0.931709713704371,Maryland,Fordham,3,4,NA,400591098,2014-11-20
292,2,10:08,608,608,Michal Cekovsky made Dunk. Assisted by Dez Wells.,45,31,14,22,0.9556114655614626,0.9556114655614626,Maryland,Fordham,3,4,NA,400591098,2014-11-20
293,2,9:46,586,586,Bryan Smith missed Three Point Jumper.,45,31,14,0,0.9579557726306456,0.9579557726306456,Maryland,Fordham,3,4,NA,400591098,2014-11-20
294,2,9:46,586,586,Christian Sengfelder Offensive Rebound.,45,31,14,0,0.9579557726306456,0.9579557726306456,Maryland,Fordham,3,4,NA,400591098,2014-11-20
295,2,9:46,586,586,Christian Sengfelder Offensive Rebound.,45,31,14,8,0.9579557726306456,0.9579557726306456,Maryland,Fordham,3,4,NA,400591098,2014-11-20
296,2,9:38,578,578,Foul on Michal Cekovsky.,45,31,14,0,0.9588866722913805,0.9588866722913805,Maryland,Fordham,3,4,NA,400591098,2014-11-20
297,2,9:38,578,578,Mandell Thomas missed Free Throw.,45,31,14,0,0.9588866722913805,0.9588866722913805,Maryland,Fordham,3,4,NA,400591098,2014-11-20
298,2,9:38,578,578,Fordham Deadball Team Rebound.,45,31,14,0,0.9588866722913805,0.9588866722913805,Maryland,Fordham,3,4,NA,400591098,2014-11-20
299,2,9:38,578,578,Mandell Thomas made Free Throw.,45,32,13,12,0.9490434131438708,0.9490434131438708,Maryland,Fordham,3,4,NA,400591098,2014-11-20
300,2,9:26,566,566,Dez Wells missed Three Point Jumper.,45,32,13,4,0.9507360646388571,0.9507360646388571,Maryland,Fordham,3,4,NA,400591098,2014-11-20
301,2,9:22,562,562,Fordham Defensive Rebound.,45,32,13,26,0.9513291033442719,0.9513291033442719,Maryland,Fordham,3,4,NA,400591098,2014-11-20
302,2,8:56,536,536,Ryan Rhoomes Turnover.,45,32,13,0,0.955232563790942,0.955232563790942,Maryland,Fordham,3,4,NA,400591098,2014-11-20
303,2,8:56,536,536,Ryan Rhoomes Turnover.,45,32,13,27,0.955232563790942,0.955232563790942,Maryland,Fordham,3,4,NA,400591098,2014-11-20
304,2,8:29,509,509,Melo Trimble made Three Point Jumper. Assisted by Richaud Pack.,48,32,16,19,0.979343852975936,0.979343852975936,Maryland,Fordham,3,4,NA,400591098,2014-11-20
305,2,8:10,490,490,Nemanja Zarkovic made Jumper. Assisted by Mandell Thomas.,48,34,14,2,0.9686310314853457,0.9686310314853457,Maryland,Fordham,3,4,NA,400591098,2014-11-20
306,2,8:08,488,488,Fordham  Timeout,48,34,14,18,0.9688083829788773,0.9688083829788773,Maryland,Fordham,2,4,NA,400591098,2014-11-20
307,2,7:50,470,470,Dez Wells missed Layup.,48,34,14,0,0.9704881171541478,0.9704881171541478,Maryland,Fordham,2,4,NA,400591098,2014-11-20
308,2,7:50,470,470,Dez Wells missed Layup.,48,35,13,0,0.9624390476413044,0.9624390476413044,Maryland,Fordham,2,4,NA,400591098,2014-11-20
309,2,7:50,470,470,Ryan Rhoomes Block.,48,34,14,0,0.9704881171541478,0.9704881171541478,Maryland,Fordham,2,4,NA,400591098,2014-11-20
310,2,7:50,470,470,Ryan Rhoomes Block.,48,35,13,2,0.9624390476413044,0.9624390476413044,Maryland,Fordham,2,4,NA,400591098,2014-11-20
311,2,7:48,468,468,Ryan Rhoomes Defensive Rebound.,48,34,14,12,0.9706877822247627,0.9706877822247627,Maryland,Fordham,2,4,NA,400591098,2014-11-20
312,2,7:36,456,456,Foul on Jon Graham.,48,34,14,0,0.9719600078858558,0.9719600078858558,Maryland,Fordham,2,4,NA,400591098,2014-11-20
313,2,7:36,456,456,Official TV Timeout,48,34,14,9,0.9719600078858558,0.9719600078858558,Maryland,Fordham,2,4,NA,400591098,2014-11-20
314,2,7:27,447,447,Foul on Dez Wells.,48,34,14,0,0.9730097936592715,0.9730097936592715,Maryland,Fordham,2,4,NA,400591098,2014-11-20
315,2,7:27,447,447,Foul on Dez Wells.,48,35,13,0,0.9654055282331783,0.9654055282331783,Maryland,Fordham,2,4,NA,400591098,2014-11-20
316,2,7:27,447,447,Manny Suarez missed Free Throw.,48,34,14,0,0.9730097936592715,0.9730097936592715,Maryland,Fordham,2,4,NA,400591098,2014-11-20
317,2,7:27,447,447,Manny Suarez missed Free Throw.,48,34,14,0,0.9730097936592715,0.9730097936592715,Maryland,Fordham,2,4,NA,400591098,2014-11-20
318,2,7:27,447,447,Mandell Thomas Offensive Rebound.,48,34,14,21,0.9730097936592715,0.9730097936592715,Maryland,Fordham,2,4,NA,400591098,2014-11-20
319,2,7:06,426,426,Christian Sengfelder missed Three Point Jumper.,48,34,14,0,0.9757989483819023,0.9757989483819023,Maryland,Fordham,2,4,NA,400591098,2014-11-20
320,2,7:06,426,426,Nemanja Zarkovic Offensive Rebound.,48,34,14,0,0.9757989483819023,0.9757989483819023,Maryland,Fordham,2,4,NA,400591098,2014-11-20
321,2,7:06,426,426,Nemanja Zarkovic Offensive Rebound.,48,34,14,17,0.9757989483819023,0.9757989483819023,Maryland,Fordham,2,4,NA,400591098,2014-11-20
322,2,6:49,409,409,Christian Sengfelder missed Layup.,48,34,14,0,0.9778782119306226,0.9778782119306226,Maryland,Fordham,2,4,NA,400591098,2014-11-20
323,2,6:49,409,409,Christian Sengfelder Offensive Rebound.,48,34,14,0,0.9778782119306226,0.9778782119306226,Maryland,Fordham,2,4,NA,400591098,2014-11-20
324,2,6:49,409,409,Christian Sengfelder missed Layup.,48,34,14,0,0.9778782119306226,0.9778782119306226,Maryland,Fordham,2,4,NA,400591098,2014-11-20
325,2,6:49,409,409,Christian Sengfelder Offensive Rebound.,48,34,14,5,0.9778782119306226,0.9778782119306226,Maryland,Fordham,2,4,NA,400591098,2014-11-20
326,2,6:44,404,404,Foul on Manny Suarez.,48,34,14,0,0.9784290158343867,0.9784290158343867,Maryland,Fordham,2,4,NA,400591098,2014-11-20
327,2,6:44,404,404,Foul on Manny Suarez.,48,34,14,0,0.9784290158343867,0.9784290158343867,Maryland,Fordham,2,4,NA,400591098,2014-11-20
328,2,6:44,404,404,Manny Suarez Turnover.,48,34,14,32,0.9784290158343867,0.9784290158343867,Maryland,Fordham,2,4,NA,400591098,2014-11-20
329,2,6:12,372,372,Dion Wiley missed Three Point Jumper.,48,34,14,0,0.9816739192522449,0.9816739192522449,Maryland,Fordham,2,4,NA,400591098,2014-11-20
330,2,6:12,372,372,Michal Cekovsky Offensive Rebound.,48,34,14,0,0.9816739192522449,0.9816739192522449,Maryland,Fordham,2,4,NA,400591098,2014-11-20
331,2,6:12,372,372,Michal Cekovsky Offensive Rebound.,48,34,14,2,0.9816739192522449,0.9816739192522449,Maryland,Fordham,2,4,NA,400591098,2014-11-20
332,2,6:10,370,370,Michal Cekovsky made Layup.,50,34,16,0,0.9896700289484531,0.9896700289484531,Maryland,Fordham,2,4,NA,400591098,2014-11-20
333,2,6:10,370,370,Michal Cekovsky made Layup.,50,34,16,15,0.9896700289484531,0.9896700289484531,Maryland,Fordham,2,4,NA,400591098,2014-11-20
334,2,5:55,355,355,Manny Suarez missed Jumper.,50,34,16,0,0.9906576716581026,0.9906576716581026,Maryland,Fordham,2,4,NA,400591098,2014-11-20
335,2,5:55,355,355,Fordham Offensive Rebound.,50,34,16,0,0.9906576716581026,0.9906576716581026,Maryland,Fordham,2,4,NA,400591098,2014-11-20
336,2,5:55,355,355,Manny Suarez missed Jumper.,50,34,16,0,0.9906576716581026,0.9906576716581026,Maryland,Fordham,2,4,NA,400591098,2014-11-20
337,2,5:55,355,355,Fordham Offensive Rebound.,50,34,16,19,0.9906576716581026,0.9906576716581026,Maryland,Fordham,2,4,NA,400591098,2014-11-20
338,2,5:36,336,336,Mandell Thomas missed Jumper.,50,34,16,0,0.991955979196029,0.991955979196029,Maryland,Fordham,2,4,NA,400591098,2014-11-20
339,2,5:36,336,336,Bryan Smith Offensive Rebound.,50,34,16,14,0.991955979196029,0.991955979196029,Maryland,Fordham,2,4,NA,400591098,2014-11-20
340,2,5:22,322,322,Nemanja Zarkovic missed Layup.,50,34,16,0,0.9929519564843974,0.9929519564843974,Maryland,Fordham,2,4,NA,400591098,2014-11-20
341,2,5:22,322,322,Melo Trimble Defensive Rebound.,50,34,16,0,0.9929519564843974,0.9929519564843974,Maryland,Fordham,2,4,NA,400591098,2014-11-20
342,2,5:22,322,322,Melo Trimble Defensive Rebound.,50,34,16,8,0.9929519564843974,0.9929519564843974,Maryland,Fordham,2,4,NA,400591098,2014-11-20
343,2,5:14,314,314,Foul on Melo Trimble.,50,34,16,0,0.993531646276779,0.993531646276779,Maryland,Fordham,2,4,NA,400591098,2014-11-20
344,2,5:14,314,314,Melo Trimble Turnover.,50,34,16,22,0.993531646276779,0.993531646276779,Maryland,Fordham,2,4,NA,400591098,2014-11-20
345,2,4:52,292,292,Bryan Smith Turnover.,50,34,16,0,0.9944847337627558,0.9944847337627558,Maryland,Fordham,2,4,NA,400591098,2014-11-20
346,2,4:52,292,292,Bryan Smith Turnover.,50,34,16,1,0.9944847337627558,0.9944847337627558,Maryland,Fordham,2,4,NA,400591098,2014-11-20
347,2,4:51,291,291,Jared Nickens Steal.,50,34,16,0,0.9944923026628719,0.9944923026628719,Maryland,Fordham,2,4,NA,400591098,2014-11-20
348,2,4:51,291,291,Jared Nickens Steal.,50,34,16,3,0.9944923026628719,0.9944923026628719,Maryland,Fordham,2,4,NA,400591098,2014-11-20
349,2,4:48,288,288,Foul on Nemanja Zarkovic.,50,34,16,0,0.9945013929307672,0.9945013929307672,Maryland,Fordham,2,4,NA,400591098,2014-11-20
350,2,4:48,288,288,Jared Nickens made Free Throw.,51,34,17,0,0.9960204770548695,0.9960204770548695,Maryland,Fordham,2,4,NA,400591098,2014-11-20
351,2,4:48,288,288,Jared Nickens made Free Throw.,51,34,17,0,0.9960204770548695,0.9960204770548695,Maryland,Fordham,2,4,NA,400591098,2014-11-20
352,2,4:48,288,288,Jared Nickens missed Free Throw.,51,34,17,0,0.9960204770548695,0.9960204770548695,Maryland,Fordham,2,4,NA,400591098,2014-11-20
353,2,4:48,288,288,Jared Nickens missed Free Throw.,51,34,17,0,0.9960204770548695,0.9960204770548695,Maryland,Fordham,2,4,NA,400591098,2014-11-20
354,2,4:48,288,288,Christian Sengfelder Defensive Rebound.,51,34,17,0,0.9960204770548695,0.9960204770548695,Maryland,Fordham,2,4,NA,400591098,2014-11-20
355,2,4:48,288,288,Christian Sengfelder Defensive Rebound.,51,34,17,19,0.9960204770548695,0.9960204770548695,Maryland,Fordham,2,4,NA,400591098,2014-11-20
356,2,4:29,269,269,Mandell Thomas missed Layup.,51,34,17,0,0.9957936379077864,0.9957936379077864,Maryland,Fordham,2,4,NA,400591098,2014-11-20
357,2,4:29,269,269,Mandell Thomas missed Layup.,51,34,17,0,0.9957936379077864,0.9957936379077864,Maryland,Fordham,2,4,NA,400591098,2014-11-20
358,2,4:29,269,269,Ryan Rhoomes Offensive Rebound.,51,34,17,9,0.9957936379077864,0.9957936379077864,Maryland,Fordham,2,4,NA,400591098,2014-11-20
359,2,4:20,260,260,Mandell Thomas Turnover.,51,34,17,0,0.9955950003409779,0.9955950003409779,Maryland,Fordham,2,4,NA,400591098,2014-11-20
360,2,4:20,260,260,Mandell Thomas Turnover.,51,34,17,2,0.9955950003409779,0.9955950003409779,Maryland,Fordham,2,4,NA,400591098,2014-11-20
361,2,4:18,258,258,Richaud Pack made Layup. Assisted by Dion Wiley.,53,34,19,23,0.9976401118155658,0.9976401118155658,Maryland,Fordham,2,4,NA,400591098,2014-11-20
362,2,3:55,235,235,Mandell Thomas made Three Point Jumper.,53,37,16,21,0.993487354679426,0.993487354679426,Maryland,Fordham,2,4,NA,400591098,2014-11-20
363,2,3:34,214,214,Dion Wiley missed Three Point Jumper.,53,37,16,0,0.9942252073924528,0.9942252073924528,Maryland,Fordham,2,4,NA,400591098,2014-11-20
364,2,3:34,214,214,Dion Wiley missed Three Point Jumper.,53,37,16,0,0.9942252073924528,0.9942252073924528,Maryland,Fordham,2,4,NA,400591098,2014-11-20
365,2,3:34,214,214,Jared Nickens Offensive Rebound.,53,37,16,0,0.9942252073924528,0.9942252073924528,Maryland,Fordham,2,4,NA,400591098,2014-11-20
366,2,3:34,214,214,Jared Nickens Offensive Rebound.,53,37,16,4,0.9942252073924528,0.9942252073924528,Maryland,Fordham,2,4,NA,400591098,2014-11-20
367,2,3:30,210,210,Jared Nickens missed Layup.,53,37,16,0,0.9945285790460391,0.9945285790460391,Maryland,Fordham,2,4,NA,400591098,2014-11-20
368,2,3:30,210,210,Michal Cekovsky Offensive Rebound.,53,37,16,3,0.9945285790460391,0.9945285790460391,Maryland,Fordham,2,4,NA,400591098,2014-11-20
369,2,3:27,207,207,Michal Cekovsky made Layup.,55,37,18,7,0.9972893638899604,0.9972893638899604,Maryland,Fordham,2,4,NA,400591098,2014-11-20
370,2,3:20,200,200,Mandell Thomas missed Three Point Jumper.,55,37,18,0,0.9976904221295378,0.9976904221295378,Maryland,Fordham,2,4,NA,400591098,2014-11-20
371,2,3:20,200,200,Bryan Smith Offensive Rebound.,55,37,18,5,0.9976904221295378,0.9976904221295378,Maryland,Fordham,2,4,NA,400591098,2014-11-20
372,2,3:15,195,195,Bryan Smith made Jumper.,55,39,16,20,0.9960225928212382,0.9960225928212382,Maryland,Fordham,2,4,NA,400591098,2014-11-20
373,2,2:55,175,175,Foul on Christian Sengfelder.,55,39,16,0,0.9979393469004567,0.9979393469004567,Maryland,Fordham,2,4,NA,400591098,2014-11-20
374,2,2:55,175,175,Official TV Timeout,55,39,16,1,0.9979393469004567,0.9979393469004567,Maryland,Fordham,2,4,NA,400591098,2014-11-20
375,2,2:54,174,174,Dion Wiley missed Three Point Jumper.,55,39,16,2,0.9980090555913438,0.9980090555913438,Maryland,Fordham,2,4,NA,400591098,2014-11-20
376,2,2:52,172,172,Ryan Rhoomes Defensive Rebound.,55,39,16,0,0.9981422885940385,0.9981422885940385,Maryland,Fordham,2,4,NA,400591098,2014-11-20
377,2,2:52,172,172,Foul on Michal Cekovsky.,55,39,16,0,0.9981422885940385,0.9981422885940385,Maryland,Fordham,2,4,NA,400591098,2014-11-20
378,2,2:52,172,172,Ryan Rhoomes made Free Throw.,55,40,15,0,0.9972506596117402,0.9972506596117402,Maryland,Fordham,2,4,NA,400591098,2014-11-20
379,2,2:52,172,172,Ryan Rhoomes made Free Throw.,55,41,14,0,0.9959328272858103,0.9959328272858103,Maryland,Fordham,2,4,NA,400591098,2014-11-20
380,2,2:52,172,172,Ryan Rhoomes made Free Throw.,55,41,14,9,0.9959328272858103,0.9959328272858103,Maryland,Fordham,2,4,NA,400591098,2014-11-20
381,2,2:43,163,163,Jared Nickens missed Three Point Jumper.,55,41,14,0,0.9969256364735916,0.9969256364735916,Maryland,Fordham,2,4,NA,400591098,2014-11-20
382,2,2:43,163,163,Fordham Deadball Team Rebound.,55,41,14,0,0.9969256364735916,0.9969256364735916,Maryland,Fordham,2,4,NA,400591098,2014-11-20
383,2,2:43,163,163,Fordham Deadball Team Rebound.,55,41,14,8,0.9969256364735916,0.9969256364735916,Maryland,Fordham,2,4,NA,400591098,2014-11-20
384,2,2:35,155,155,Mandell Thomas missed Three Point Jumper.,55,41,14,0,0.9976351509090025,0.9976351509090025,Maryland,Fordham,2,4,NA,400591098,2014-11-20
385,2,2:35,155,155,Richaud Pack Defensive Rebound.,55,41,14,17,0.9976351509090025,0.9976351509090025,Maryland,Fordham,2,4,NA,400591098,2014-11-20
386,2,2:18,138,138,Foul on Ryan Rhoomes.,55,41,14,0,0.9987239192391187,0.9987239192391187,Maryland,Fordham,2,4,NA,400591098,2014-11-20
387,2,2:18,138,138,Damonte Dodd made Free Throw.,56,41,15,0,0.9992067598366396,0.9992067598366396,Maryland,Fordham,2,4,NA,400591098,2014-11-20
388,2,2:18,138,138,Damonte Dodd made Free Throw.,56,41,15,0,0.9992067598366396,0.9992067598366396,Maryland,Fordham,2,4,NA,400591098,2014-11-20
389,2,2:18,138,138,Damonte Dodd made Free Throw.,57,41,16,29,0.9995069944690554,0.9995069944690554,Maryland,Fordham,2,4,NA,400591098,2014-11-20
390,2,1:49,109,109,Mandell Thomas made Jumper.,57,43,14,0,0.9996599680772571,0.9996599680772571,Maryland,Fordham,2,4,NA,400591098,2014-11-20
391,2,1:49,109,109,Mandell Thomas made Jumper.,57,43,14,8,0.9996599680772571,0.9996599680772571,Maryland,Fordham,2,4,NA,400591098,2014-11-20
392,2,1:41,101,101,Foul on Nemanja Zarkovic.,57,43,14,0,0.9997817464132741,0.9997817464132741,Maryland,Fordham,2,4,NA,400591098,2014-11-20
393,2,1:41,101,101,Varun Ram made Free Throw.,58,43,15,0,0.9998804613680091,0.9998804613680091,Maryland,Fordham,2,4,NA,400591098,2014-11-20
394,2,1:41,101,101,Foul on Nemanja Zarkovic.,57,43,14,0,0.9997817464132741,0.9997817464132741,Maryland,Fordham,2,4,NA,400591098,2014-11-20
395,2,1:41,101,101,Varun Ram made Free Throw.,58,43,15,0,0.9998804613680091,0.9998804613680091,Maryland,Fordham,2,4,NA,400591098,2014-11-20
396,2,1:41,101,101,Varun Ram made Free Throw.,59,43,16,0,0.9999345309891982,0.9999345309891982,Maryland,Fordham,2,4,NA,400591098,2014-11-20
397,2,1:41,101,101,Varun Ram made Free Throw.,59,43,16,13,0.9999345309891982,0.9999345309891982,Maryland,Fordham,2,4,NA,400591098,2014-11-20
398,2,1:28,88,88,Mandell Thomas made Three Point Jumper. Assisted by Bryan Smith.,59,46,13,8,0.9998095805792929,0.9998095805792929,Maryland,Fordham,2,4,NA,400591098,2014-11-20
399,2,1:20,80,80,Foul on Nemanja Zarkovic.,59,46,13,0,0.9998818938179574,0.9998818938179574,Maryland,Fordham,2,4,NA,400591098,2014-11-20
400,2,1:20,80,80,Varun Ram made Free Throw.,60,46,14,0,0.9999410926598007,0.9999410926598007,Maryland,Fordham,2,4,NA,400591098,2014-11-20
401,2,1:20,80,80,Varun Ram made Free Throw.,60,46,14,0,0.9999410926598007,0.9999410926598007,Maryland,Fordham,2,4,NA,400591098,2014-11-20
402,2,1:20,80,80,Varun Ram made Free Throw.,61,46,15,6,0.9999706198973286,0.9999706198973286,Maryland,Fordham,2,4,NA,400591098,2014-11-20
403,2,1:14,74,74,Mandell Thomas missed Three Point Jumper.,61,46,15,3,0.9999809487014061,0.9999809487014061,Maryland,Fordham,2,4,NA,400591098,2014-11-20
404,2,1:11,71,71,Damonte Dodd Defensive Rebound.,61,46,15,1,0.9999847873058157,0.9999847873058157,Maryland,Fordham,2,4,NA,400591098,2014-11-20
405,2,1:10,70,70,Foul on Mandell Thomas.,61,46,15,0,0.999985903705155,0.999985903705155,Maryland,Fordham,2,4,NA,400591098,2014-11-20
406,2,1:10,70,70,Damonte Dodd made Free Throw.,62,46,16,0,0.9999933055393032,0.9999933055393032,Maryland,Fordham,2,4,NA,400591098,2014-11-20
407,2,1:10,70,70,Damonte Dodd missed Free Throw.,62,46,16,2,0.9999933055393032,0.9999933055393032,Maryland,Fordham,2,4,NA,400591098,2014-11-20
408,2,1:08,68,68,Fordham Defensive Rebound.,62,46,16,0,0.9999943161838222,0.9999943161838222,Maryland,Fordham,2,4,NA,400591098,2014-11-20
409,2,1:08,68,68,Fordham Defensive Rebound.,62,46,16,7,0.9999943161838222,0.9999943161838222,Maryland,Fordham,2,4,NA,400591098,2014-11-20
410,2,1:01,61,61,Ryan Rhoomes made Layup. Assisted by Mandell Thomas.,62,48,14,1,0.9999845812854065,0.9999845812854065,Maryland,Fordham,2,4,NA,400591098,2014-11-20
411,2,1:00,60,60,Fordham  Timeout,62,48,14,0,0.9999856890539959,0.9999856890539959,Maryland,Fordham,1,4,NA,400591098,2014-11-20
412,2,1:00,60,60,Maryland  Timeout,62,48,14,0,0.9999856890539959,0.9999856890539959,Maryland,Fordham,1,3,NA,400591098,2014-11-20
413,2,1:00,60,60,Maryland  Timeout,62,48,14,8,0.9999856890539959,0.9999856890539959,Maryland,Fordham,1,3,NA,400591098,2014-11-20
414,2,0:52,52,52,Foul on Nemanja Zarkovic.,62,48,14,0,0.9999922323134296,0.9999922323134296,Maryland,Fordham,1,3,NA,400591098,2014-11-20
415,2,0:52,52,52,Dion Wiley made Free Throw.,63,48,15,0,0.9999966479175896,0.9999966479175896,Maryland,Fordham,1,3,NA,400591098,2014-11-20
416,2,0:52,52,52,Dion Wiley made Free Throw.,63,48,15,0,0.9999966479175896,0.9999966479175896,Maryland,Fordham,1,3,NA,400591098,2014-11-20
417,2,0:52,52,52,Dion Wiley made Free Throw.,64,48,16,15,0.9999985534395369,0.9999985534395369,Maryland,Fordham,1,3,NA,400591098,2014-11-20
418,2,0:37,37,37,Mandell Thomas missed Three Point Jumper.,64,48,16,0,0.9999996437824653,0.9999996437824653,Maryland,Fordham,1,3,NA,400591098,2014-11-20
419,2,0:37,37,37,Mandell Thomas missed Three Point Jumper.,64,48,16,0,0.9999996437824653,0.9999996437824653,Maryland,Fordham,1,3,NA,400591098,2014-11-20
420,2,0:37,37,37,Bryan Smith Offensive Rebound.,64,48,16,0,0.9999996437824653,0.9999996437824653,Maryland,Fordham,1,3,NA,400591098,2014-11-20
421,2,0:37,37,37,Bryan Smith Offensive Rebound.,64,48,16,6,0.9999996437824653,0.9999996437824653,Maryland,Fordham,1,3,NA,400591098,2014-11-20
422,2,0:31,31,31,Ryan Rhoomes made Layup. Assisted by Bryan Smith.,64,50,14,0,0.9999986442411101,0.9999986442411101,Maryland,Fordham,1,3,NA,400591098,2014-11-20
423,2,0:31,31,31,Ryan Rhoomes made Layup. Assisted by Bryan Smith.,64,50,14,1,0.9999986442411101,0.9999986442411101,Maryland,Fordham,1,3,NA,400591098,2014-11-20
424,2,0:30,30,30,Foul on Mandell Thomas.,64,50,14,0,0.9999987583295832,0.9999987583295832,Maryland,Fordham,1,3,NA,400591098,2014-11-20
425,2,0:30,30,30,Foul on Mandell Thomas.,64,50,14,0,0.9999987583295832,0.9999987583295832,Maryland,Fordham,1,3,NA,400591098,2014-11-20
426,2,0:30,30,30,Jared Nickens made Free Throw.,65,50,15,0,0.999999529943549,0.999999529943549,Maryland,Fordham,1,3,NA,400591098,2014-11-20
427,2,0:30,30,30,Jared Nickens made Free Throw.,66,50,16,9,0.9999998220518439,0.9999998220518439,Maryland,Fordham,1,3,NA,400591098,2014-11-20
428,2,0:21,21,21,Nemanja Zarkovic missed Jumper.,66,50,16,0,0.99999992921745,0.99999992921745,Maryland,Fordham,1,3,NA,400591098,2014-11-20
429,2,0:21,21,21,Nemanja Zarkovic missed Jumper.,66,50,16,0,0.99999992921745,0.99999992921745,Maryland,Fordham,1,3,NA,400591098,2014-11-20
430,2,0:21,21,21,Dion Wiley Defensive Rebound.,66,50,16,21,0.99999992921745,0.99999992921745,Maryland,Fordham,1,3,NA,400591098,2014-11-20
431,2,0:00,0,0,End of Game,66,50,16,0,1,1,Maryland,Fordham,1,3,NA,400591098,2014-11-20
