game_id,date,home,away,play_id,half,time_remaining_half,secs_remaining,secs_remaining_absolute,description,home_score,away_score,score_diff,play_length,win_prob,naive_win_prob,home_time_out_remaining,away_time_out_remaining,home_favored_by,shot_x,shot_y,shot_team,shot_outcome,shooter,assist,three_pt,free_throw,possession_before,possession_after
401087477,2018-11-29,North Carolina A&T,Central Connecticut,1,1,20:00:00,2400,2400,PLAY,0,0,0,0,0.4165614487315841,0.5,4,4,-2.1,NA,NA,NA,NA,NA,NA,NA,NA,NA,North Carolina A&T
401087477,2018-11-29,North Carolina A&T,Central Connecticut,2,1,19:46:00,2386,2386,Ibrahim Sylla made Layup. Assisted by Kameron Langley.,2,0,2,14,0.46041203824512617,0.5443207085263143,4,4,-2.1,NA,NA,North Carolina A&T,made,Ibrahim Sylla,Kameron Langley,FALSE,FALSE,North Carolina A&T,Central Connecticut
401087477,2018-11-29,North Carolina A&T,Central Connecticut,3,1,19:33:00,2373,2373,Ian Krishnan missed Three Point Jumper.,2,0,2,13,0.460799117771137,0.5445967041932466,4,4,-2.1,NA,NA,Central Connecticut,missed,Ian Krishnan,NA,TRUE,FALSE,Central Connecticut,North Carolina A&T
401087477,2018-11-29,North Carolina A&T,Central Connecticut,4,1,19:33:00,2373,2373,North Carolina A&T Defensive Rebound.,2,0,2,0,0.460799117771137,0.5445967041932466,4,4,-2.1,NA,NA,NA,NA,NA,NA,NA,NA,Central Connecticut,North Carolina A&T
401087477,2018-11-29,North Carolina A&T,Central Connecticut,5,1,19:18:00,2358,2358,Ibrahim Sylla made Layup. Assisted by Milik Gantz.,4,0,4,15,0.5062123129984519,0.5891169978155235,4,4,-2.1,NA,NA,North Carolina A&T,made,Ibrahim Sylla,Milik Gantz,FALSE,FALSE,North Carolina A&T,Central Connecticut
401087477,2018-11-29,North Carolina A&T,Central Connecticut,6,1,19:00:00,2340,2340,Jamir Coleman missed Jumper.,4,0,4,18,0.5071576210714418,0.589877460375824,4,4,-2.1,NA,NA,Central Connecticut,missed,Jamir Coleman,NA,FALSE,FALSE,Central Connecticut,North Carolina A&T
401087477,2018-11-29,North Carolina A&T,Central Connecticut,7,1,19:00:00,2340,2340,Milik Gantz Defensive Rebound.,4,0,4,0,0.5071576210714418,0.589877460375824,4,4,-2.1,NA,NA,NA,NA,NA,NA,NA,NA,Central Connecticut,North Carolina A&T
401087477,2018-11-29,North Carolina A&T,Central Connecticut,8,1,18:43:00,2323,2323,Quavius Copeland made Three Point Jumper. Assisted by Kameron Langley.,7,0,7,17,0.5761747524540337,0.6550471536192952,4,4,-2.1,NA,NA,North Carolina A&T,made,Quavius Copeland,Kameron Langley,TRUE,FALSE,North Carolina A&T,Central Connecticut
401087477,2018-11-29,North Carolina A&T,Central Connecticut,9,1,18:19:00,2299,2299,Foul on Terry Harris.,7,0,7,24,0.5782196036290767,0.6567369002038402,4,4,-2.1,NA,NA,NA,NA,NA,NA,NA,NA,Central Connecticut,Central Connecticut
401087477,2018-11-29,North Carolina A&T,Central Connecticut,10,1,18:08:00,2288,2288,Jamir Coleman Turnover.,7,0,7,11,0.5791650768940577,0.6575165306730196,4,4,-2.1,NA,NA,NA,NA,NA,NA,NA,NA,Central Connecticut,North Carolina A&T
401087477,2018-11-29,North Carolina A&T,Central Connecticut,11,1,18:07:00,2287,2287,Milik Gantz Steal.,7,0,7,1,0.5792512732759808,0.6575875542448711,4,4,-2.1,NA,NA,NA,NA,NA,NA,NA,NA,Central Connecticut,North Carolina A&T
401087477,2018-11-29,North Carolina A&T,Central Connecticut,12,1,17:55:00,2275,2275,Ibrahim Sylla made Layup.,9,0,9,12,0.6251555362826848,0.6992834548234705,4,4,-2.1,NA,NA,North Carolina A&T,made,Ibrahim Sylla,NA,FALSE,FALSE,North Carolina A&T,Central Connecticut
401087477,2018-11-29,North Carolina A&T,Central Connecticut,13,1,17:52:00,2272,2272,Central Connecticut  Timeout,9,0,9,3,0.625469601045932,0.6995407308099254,3,4,-2.1,NA,NA,NA,NA,NA,NA,NA,NA,Central Connecticut,Central Connecticut
401087477,2018-11-29,North Carolina A&T,Central Connecticut,14,1,17:27:00,2247,2247,Deion Bute made Jumper.,9,2,7,25,0.5827299761191156,0.6604462108138633,3,4,-2.1,NA,NA,Central Connecticut,made,Deion Bute,NA,FALSE,FALSE,Central Connecticut,North Carolina A&T
401087477,2018-11-29,North Carolina A&T,Central Connecticut,15,1,17:04:00,2224,2224,Terry Harris Turnover.,9,2,7,23,0.5847547341227424,0.6621028623683558,3,4,-2.1,NA,NA,NA,NA,NA,NA,NA,NA,North Carolina A&T,Central Connecticut
401087477,2018-11-29,North Carolina A&T,Central Connecticut,16,1,17:04:00,2224,2224,Foul on Terry Harris.,9,2,7,0,0.5847547341227424,0.6621028623683558,3,4,-2.1,NA,NA,NA,NA,NA,NA,NA,NA,North Carolina A&T,Central Connecticut
401087477,2018-11-29,North Carolina A&T,Central Connecticut,17,1,16:34:00,2194,2194,Jamir Coleman missed Jumper.,9,2,7,30,0.587418238421734,0.6642735817521442,3,4,-2.1,NA,NA,Central Connecticut,missed,Jamir Coleman,NA,FALSE,FALSE,Central Connecticut,Central Connecticut
401087477,2018-11-29,North Carolina A&T,Central Connecticut,18,1,16:34:00,2194,2194,Deion Bute Offensive Rebound.,9,2,7,0,0.587418238421734,0.6642735817521442,3,4,-2.1,NA,NA,NA,NA,NA,NA,NA,NA,Central Connecticut,Central Connecticut
401087477,2018-11-29,North Carolina A&T,Central Connecticut,19,1,16:28:00,2188,2188,Central Connecticut  Turnover.,9,2,7,6,0.5879536225569642,0.6647086981141016,3,4,-2.1,NA,NA,NA,NA,NA,NA,NA,NA,Central Connecticut,North Carolina A&T
401087477,2018-11-29,North Carolina A&T,Central Connecticut,20,1,16:15:00,2175,2175,Milik Gantz missed Three Point Jumper.,9,2,7,13,0.5891163344108232,0.6656522149321017,3,4,-2.1,NA,NA,North Carolina A&T,missed,Milik Gantz,NA,TRUE,FALSE,North Carolina A&T,Central Connecticut
401087477,2018-11-29,North Carolina A&T,Central Connecticut,21,1,16:15:00,2175,2175,Deion Bute Defensive Rebound.,9,2,7,0,0.5891163344108232,0.6656522149321017,3,4,-2.1,NA,NA,NA,NA,NA,NA,NA,NA,North Carolina A&T,Central Connecticut
401087477,2018-11-29,North Carolina A&T,Central Connecticut,22,1,16:06:00,2166,2166,Ian Krishnan missed Three Point Jumper.,9,2,7,9,0.5899234016786103,0.6663059721641955,3,4,-2.1,NA,NA,Central Connecticut,missed,Ian Krishnan,NA,TRUE,FALSE,Central Connecticut,North Carolina A&T
401087477,2018-11-29,North Carolina A&T,Central Connecticut,23,1,16:06:00,2166,2166,Ronald Jackson Defensive Rebound.,9,2,7,0,0.5899234016786103,0.6663059721641955,3,4,-2.1,NA,NA,NA,NA,NA,NA,NA,NA,Central Connecticut,North Carolina A&T
401087477,2018-11-29,North Carolina A&T,Central Connecticut,24,1,15:53:00,2153,2153,Kameron Langley missed Jumper.,9,2,7,13,0.5910935181787127,0.6672523656094168,3,4,-2.1,NA,NA,North Carolina A&T,missed,Kameron Langley,NA,FALSE,FALSE,North Carolina A&T,North Carolina A&T
401087477,2018-11-29,North Carolina A&T,Central Connecticut,25,1,15:53:00,2153,2153,Ronald Jackson Offensive Rebound.,9,2,7,0,0.5910935181787127,0.6672523656094168,3,4,-2.1,NA,NA,NA,NA,NA,NA,NA,NA,North Carolina A&T,North Carolina A&T
401087477,2018-11-29,North Carolina A&T,Central Connecticut,26,1,15:34:00,2134,2134,Ibrahim Sylla made Dunk. Assisted by Kameron Langley.,11,2,9,19,0.6401911059162582,0.7114892760024809,3,4,-2.1,NA,NA,North Carolina A&T,made,Ibrahim Sylla,Kameron Langley,FALSE,FALSE,North Carolina A&T,Central Connecticut
401087477,2018-11-29,North Carolina A&T,Central Connecticut,27,1,15:16:00,2116,2116,Deion Bute Turnover.,11,2,9,18,0.6421489528238008,0.7130626545034742,3,4,-2.1,NA,NA,NA,NA,NA,NA,NA,NA,Central Connecticut,North Carolina A&T
401087477,2018-11-29,North Carolina A&T,Central Connecticut,28,1,15:15:00,2115,2115,Milik Gantz Steal.,11,2,9,1,0.6422580469651823,0.7131502340927139,3,4,-2.1,NA,NA,NA,NA,NA,NA,NA,NA,Central Connecticut,North Carolina A&T
401087477,2018-11-29,North Carolina A&T,Central Connecticut,29,1,14:57:00,2097,2097,Quavius Copeland missed Three Point Jumper.,11,2,9,18,0.6442278046542269,0.7147299395504217,3,4,-2.1,NA,NA,North Carolina A&T,missed,Quavius Copeland,NA,TRUE,FALSE,North Carolina A&T,Central Connecticut
401087477,2018-11-29,North Carolina A&T,Central Connecticut,30,1,14:57:00,2097,2097,Tyler Kohl Defensive Rebound.,11,2,9,0,0.6442278046542269,0.7147299395504217,3,4,-2.1,NA,NA,NA,NA,NA,NA,NA,NA,North Carolina A&T,Central Connecticut
401087477,2018-11-29,North Carolina A&T,Central Connecticut,31,1,14:47:00,2087,2087,Tyler Kohl missed Three Point Jumper.,11,2,9,10,0.6453272151450531,0.7156103719239637,3,4,-2.1,NA,NA,Central Connecticut,missed,Tyler Kohl,NA,TRUE,FALSE,Central Connecticut,North Carolina A&T
401087477,2018-11-29,North Carolina A&T,Central Connecticut,32,1,14:47:00,2087,2087,Ronald Jackson Defensive Rebound.,11,2,9,0,0.6453272151450531,0.7156103719239637,3,4,-2.1,NA,NA,NA,NA,NA,NA,NA,NA,Central Connecticut,North Carolina A&T
401087477,2018-11-29,North Carolina A&T,Central Connecticut,33,1,14:27:00,2067,2067,Kameron Langley made Layup.,13,2,11,20,0.6932229328691257,0.7574022007193694,3,4,-2.1,NA,NA,North Carolina A&T,made,Kameron Langley,NA,FALSE,FALSE,North Carolina A&T,Central Connecticut
401087477,2018-11-29,North Carolina A&T,Central Connecticut,34,1,14:13:00,2053,2053,Jamir Coleman Turnover.,13,2,11,14,0.6949620694222354,0.7587778728953003,3,4,-2.1,NA,NA,NA,NA,NA,NA,NA,NA,Central Connecticut,North Carolina A&T
401087477,2018-11-29,North Carolina A&T,Central Connecticut,35,1,14:01:00,2041,2041,Kameron Langley Turnover.,13,2,11,12,0.6964581411646668,0.7599599676339687,3,4,-2.1,NA,NA,NA,NA,NA,NA,NA,NA,North Carolina A&T,Central Connecticut
401087477,2018-11-29,North Carolina A&T,Central Connecticut,36,1,13:57:00,2037,2037,Kashaun Hicks Steal.,13,2,11,4,0.696957966355578,0.7603546344741351,3,4,-2.1,NA,NA,NA,NA,NA,NA,NA,NA,North Carolina A&T,Central Connecticut
401087477,2018-11-29,North Carolina A&T,Central Connecticut,37,1,13:46:00,2026,2026,Joe Hugley missed Jumper.,13,2,11,11,0.6983354798305758,0.7614416760267894,3,4,-2.1,NA,NA,Central Connecticut,missed,Joe Hugley,NA,FALSE,FALSE,Central Connecticut,Central Connecticut
401087477,2018-11-29,North Carolina A&T,Central Connecticut,38,1,13:46:00,2026,2026,Milik Gantz Block.,13,2,11,0,0.6983354798305758,0.7614416760267894,3,4,-2.1,NA,NA,NA,NA,NA,NA,NA,NA,Central Connecticut,Central Connecticut
401087477,2018-11-29,North Carolina A&T,Central Connecticut,39,1,13:44:00,2024,2024,Thai Segwai Offensive Rebound.,13,2,11,2,0.6985864153897369,0.7616395958926991,3,4,-2.1,NA,NA,NA,NA,NA,NA,NA,NA,Central Connecticut,Central Connecticut
401087477,2018-11-29,North Carolina A&T,Central Connecticut,40,1,13:41:00,2021,2021,Deion Bute missed Jumper.,13,2,11,3,0.6989630984509474,0.7619366385755805,3,4,-2.1,NA,NA,Central Connecticut,missed,Deion Bute,NA,FALSE,FALSE,Central Connecticut,North Carolina A&T
401087477,2018-11-29,North Carolina A&T,Central Connecticut,41,1,13:41:00,2021,2021,Ibrahim Sylla Defensive Rebound.,13,2,11,0,0.6989630984509474,0.7619366385755805,3,4,-2.1,NA,NA,NA,NA,NA,NA,NA,NA,Central Connecticut,North Carolina A&T
401087477,2018-11-29,North Carolina A&T,Central Connecticut,42,1,13:34:00,2014,2014,Quavius Copeland missed Three Point Jumper.,13,2,11,7,0.69984334351181,0.7626305110457586,3,4,-2.1,NA,NA,North Carolina A&T,missed,Quavius Copeland,NA,TRUE,FALSE,North Carolina A&T,Central Connecticut
401087477,2018-11-29,North Carolina A&T,Central Connecticut,43,1,13:34:00,2014,2014,Ian Krishnan Defensive Rebound.,13,2,11,0,0.69984334351181,0.7626305110457586,3,4,-2.1,NA,NA,NA,NA,NA,NA,NA,NA,North Carolina A&T,Central Connecticut
401087477,2018-11-29,North Carolina A&T,Central Connecticut,44,1,13:27:00,2007,2007,Ian Krishnan Turnover.,13,2,11,7,0.7007254582912126,0.7633254906002436,3,4,-2.1,NA,NA,NA,NA,NA,NA,NA,NA,Central Connecticut,North Carolina A&T
401087477,2018-11-29,North Carolina A&T,Central Connecticut,45,1,13:25:00,2005,2005,Kameron Langley Steal.,13,2,11,2,0.7009778387177431,0.7635242638202586,3,4,-2.1,NA,NA,NA,NA,NA,NA,NA,NA,Central Connecticut,North Carolina A&T
401087477,2018-11-29,North Carolina A&T,Central Connecticut,46,1,13:22:00,2002,2002,Milik Gantz made Dunk. Assisted by Kameron Langley.,15,2,13,3,0.7440595443648202,0.8001387634955416,3,4,-2.1,NA,NA,North Carolina A&T,made,Milik Gantz,Kameron Langley,FALSE,FALSE,North Carolina A&T,Central Connecticut
401087477,2018-11-29,North Carolina A&T,Central Connecticut,47,1,13:05:00,1985,1985,Foul on Ronald Jackson.,15,2,13,17,0.7463410328172694,0.8019126428497073,3,4,-2.1,NA,NA,NA,NA,NA,NA,NA,NA,Central Connecticut,Central Connecticut
401087477,2018-11-29,North Carolina A&T,Central Connecticut,48,1,12:55:00,1975,1975,Kashaun Hicks missed Free Throw.,15,2,13,10,0.7476869626909569,0.802958190872033,3,4,-2.1,NA,NA,Central Connecticut,missed,Kashaun Hicks,NA,FALSE,TRUE,Central Connecticut,Central Connecticut
401087477,2018-11-29,North Carolina A&T,Central Connecticut,49,1,12:55:00,1975,1975,Central Connecticut Deadball Team Rebound.,15,2,13,0,0.7476869626909569,0.802958190872033,3,4,-2.1,NA,NA,NA,NA,NA,NA,NA,NA,Central Connecticut,Central Connecticut
401087477,2018-11-29,North Carolina A&T,Central Connecticut,50,1,12:55:00,1975,1975,Kashaun Hicks made Free Throw.,15,3,12,0,0.7267599772099623,0.7852990553256338,3,4,-2.1,NA,NA,Central Connecticut,made,Kashaun Hicks,NA,FALSE,TRUE,Central Connecticut,North Carolina A&T
401087477,2018-11-29,North Carolina A&T,Central Connecticut,51,1,12:34:00,1954,1954,Foul on Deion Bute.,15,3,12,21,0.7295343524126361,0.7874654167538694,3,4,-2.1,NA,NA,NA,NA,NA,NA,NA,NA,North Carolina A&T,North Carolina A&T
401087477,2018-11-29,North Carolina A&T,Central Connecticut,52,1,12:34:00,1954,1954,Ibrahim Sylla missed Free Throw.,15,3,12,0,0.7295343524126361,0.7874654167538694,3,4,-2.1,NA,NA,North Carolina A&T,missed,Ibrahim Sylla,NA,FALSE,TRUE,North Carolina A&T,North Carolina A&T
401087477,2018-11-29,North Carolina A&T,Central Connecticut,53,1,12:34:00,1954,1954,North Carolina A&T Deadball Team Rebound.,15,3,12,0,0.7295343524126361,0.7874654167538694,3,4,-2.1,NA,NA,NA,NA,NA,NA,NA,NA,North Carolina A&T,North Carolina A&T
401087477,2018-11-29,North Carolina A&T,Central Connecticut,54,1,12:34:00,1954,1954,Ibrahim Sylla made Free Throw.,16,3,13,0,0.7505231286807705,0.8051592662450043,3,4,-2.1,NA,NA,North Carolina A&T,made,Ibrahim Sylla,NA,FALSE,TRUE,North Carolina A&T,Central Connecticut
401087477,2018-11-29,North Carolina A&T,Central Connecticut,55,1,12:18:00,1938,1938,Joe Hugley missed Three Point Jumper.,16,3,13,16,0.7526931531318165,0.8068415350082846,3,4,-2.1,NA,NA,Central Connecticut,missed,Joe Hugley,NA,TRUE,FALSE,Central Connecticut,Central Connecticut
401087477,2018-11-29,North Carolina A&T,Central Connecticut,56,1,12:18:00,1938,1938,Karrington Wallace Offensive Rebound.,16,3,13,0,0.7526931531318165,0.8068415350082846,3,4,-2.1,NA,NA,NA,NA,NA,NA,NA,NA,Central Connecticut,Central Connecticut
401087477,2018-11-29,North Carolina A&T,Central Connecticut,57,1,12:13:00,1933,1933,Karrington Wallace Turnover.,16,3,13,5,0.7533729515691973,0.8073682260931876,3,4,-2.1,NA,NA,NA,NA,NA,NA,NA,NA,Central Connecticut,North Carolina A&T
401087477,2018-11-29,North Carolina A&T,Central Connecticut,58,1,12:12:00,1932,1932,Ronald Jackson Steal.,16,3,13,1,0.7535090077364406,0.8074736218485717,3,4,-2.1,NA,NA,NA,NA,NA,NA,NA,NA,Central Connecticut,North Carolina A&T
401087477,2018-11-29,North Carolina A&T,Central Connecticut,59,1,12:08:00,1928,1928,Ronald Jackson missed Layup.,16,3,13,4,0.7540533622078928,0.8078952302366086,3,4,-2.1,NA,NA,North Carolina A&T,missed,Ronald Jackson,NA,FALSE,FALSE,North Carolina A&T,North Carolina A&T
401087477,2018-11-29,North Carolina A&T,Central Connecticut,60,1,12:08:00,1928,1928,Ronald Jackson Offensive Rebound.,16,3,13,0,0.7540533622078928,0.8078952302366086,3,4,-2.1,NA,NA,NA,NA,NA,NA,NA,NA,North Carolina A&T,North Carolina A&T
401087477,2018-11-29,North Carolina A&T,Central Connecticut,61,1,12:05:00,1925,1925,Ronald Jackson Turnover.,16,3,13,3,0.7544611061217031,0.8082108909380359,3,4,-2.1,NA,NA,NA,NA,NA,NA,NA,NA,North Carolina A&T,Central Connecticut
401087477,2018-11-29,North Carolina A&T,Central Connecticut,62,1,12:05:00,1925,1925,Foul on Ronald Jackson.,16,3,13,0,0.7544611061217031,0.8082108909380359,3,4,-2.1,NA,NA,NA,NA,NA,NA,NA,NA,North Carolina A&T,Central Connecticut
401087477,2018-11-29,North Carolina A&T,Central Connecticut,63,1,11:41:00,1901,1901,Karrington Wallace made Dunk. Assisted by Thai Segwai.,16,5,11,24,0.714295862736452,0.7739730340487763,3,4,-2.1,NA,NA,Central Connecticut,made,Karrington Wallace,Thai Segwai,FALSE,FALSE,Central Connecticut,North Carolina A&T
401087477,2018-11-29,North Carolina A&T,Central Connecticut,64,1,11:18:00,1878,1878,Ronald Jackson made Three Point Jumper. Assisted by Aaren Edmead.,19,5,14,23,0.7807612811410225,0.829677049043652,3,4,-2.1,NA,NA,North Carolina A&T,made,Ronald Jackson,Aaren Edmead,TRUE,FALSE,North Carolina A&T,Central Connecticut
401087477,2018-11-29,North Carolina A&T,Central Connecticut,65,1,11:07:00,1867,1867,Ian Krishnan missed Jumper.,19,5,14,11,0.782240880531824,0.8308085687069761,3,4,-2.1,NA,NA,Central Connecticut,missed,Ian Krishnan,NA,FALSE,FALSE,Central Connecticut,Central Connecticut
401087477,2018-11-29,North Carolina A&T,Central Connecticut,66,1,11:07:00,1867,1867,Central Connecticut Offensive Rebound.,19,5,14,0,0.782240880531824,0.8308085687069761,3,4,-2.1,NA,NA,NA,NA,NA,NA,NA,NA,Central Connecticut,Central Connecticut
401087477,2018-11-29,North Carolina A&T,Central Connecticut,67,1,10:47:00,1847,1847,Kashaun Hicks missed Three Point Jumper.,19,5,14,20,0.7849225765115365,0.8328566242657268,3,4,-2.1,NA,NA,Central Connecticut,missed,Kashaun Hicks,NA,TRUE,FALSE,Central Connecticut,North Carolina A&T
401087477,2018-11-29,North Carolina A&T,Central Connecticut,68,1,10:47:00,1847,1847,Ronald Jackson Defensive Rebound.,19,5,14,0,0.7849225765115365,0.8328566242657268,3,4,-2.1,NA,NA,NA,NA,NA,NA,NA,NA,Central Connecticut,North Carolina A&T
401087477,2018-11-29,North Carolina A&T,Central Connecticut,69,1,10:44:00,1844,1844,Foul on Karrington Wallace.,19,5,14,3,0.7853241469789674,0.8331630321533303,3,4,-2.1,NA,NA,NA,NA,NA,NA,NA,NA,North Carolina A&T,North Carolina A&T
401087477,2018-11-29,North Carolina A&T,Central Connecticut,70,1,10:33:00,1833,1833,D'Andre Johnson Turnover.,19,5,14,11,0.7867956142152859,0.8342852416071516,3,4,-2.1,NA,NA,NA,NA,NA,NA,NA,NA,North Carolina A&T,Central Connecticut
401087477,2018-11-29,North Carolina A&T,Central Connecticut,71,1,10:17:00,1817,1817,Joe Hugley Turnover.,19,5,14,16,0.7889346163770108,0.8359151453722078,3,4,-2.1,NA,NA,NA,NA,NA,NA,NA,NA,Central Connecticut,North Carolina A&T
401087477,2018-11-29,North Carolina A&T,Central Connecticut,72,1,09:59:00,1799,1799,Foul on Kashaun Hicks.,19,5,14,18,0.7913419790677468,0.8377478859421031,3,4,-2.1,NA,NA,NA,NA,NA,NA,NA,NA,North Carolina A&T,North Carolina A&T
401087477,2018-11-29,North Carolina A&T,Central Connecticut,73,1,09:59:00,1799,1799,Ibrahim Sylla missed Free Throw.,19,5,14,0,0.7913419790677468,0.8377478859421031,3,4,-2.1,NA,NA,North Carolina A&T,missed,Ibrahim Sylla,NA,FALSE,TRUE,North Carolina A&T,North Carolina A&T
401087477,2018-11-29,North Carolina A&T,Central Connecticut,74,1,09:59:00,1799,1799,North Carolina A&T Deadball Team Rebound.,19,5,14,0,0.7913419790677468,0.8377478859421031,3,4,-2.1,NA,NA,NA,NA,NA,NA,NA,NA,North Carolina A&T,North Carolina A&T
401087477,2018-11-29,North Carolina A&T,Central Connecticut,75,1,09:59:00,1799,1799,Ibrahim Sylla missed Free Throw.,19,5,14,0,0.7913419790677468,0.8377478859421031,3,4,-2.1,NA,NA,North Carolina A&T,missed,Ibrahim Sylla,NA,FALSE,TRUE,North Carolina A&T,North Carolina A&T
401087477,2018-11-29,North Carolina A&T,Central Connecticut,76,1,09:59:00,1799,1799,Karrington Wallace Defensive Rebound.,19,5,14,0,0.7913419790677468,0.8377478859421031,3,4,-2.1,NA,NA,NA,NA,NA,NA,NA,NA,North Carolina A&T,North Carolina A&T
401087477,2018-11-29,North Carolina A&T,Central Connecticut,77,1,09:51:00,1791,1791,Joe Hugley Turnover.,19,5,14,8,0.7924131306177565,0.8385629012897765,3,4,-2.1,NA,NA,NA,NA,NA,NA,NA,NA,Central Connecticut,North Carolina A&T
401087477,2018-11-29,North Carolina A&T,Central Connecticut,78,1,09:19:00,1759,1759,Foul on Ian Krishnan.,19,5,14,32,0.7967123524980949,0.8418320899499783,3,4,-2.1,NA,NA,NA,NA,NA,NA,NA,NA,North Carolina A&T,North Carolina A&T
401087477,2018-11-29,North Carolina A&T,Central Connecticut,79,1,09:18:00,1758,1758,D'Andre Johnson missed Three Point Jumper.,19,5,14,1,0.7968472058433727,0.841934597682243,3,4,-2.1,NA,NA,North Carolina A&T,missed,D'Andre Johnson,NA,TRUE,FALSE,North Carolina A&T,Central Connecticut
401087477,2018-11-29,North Carolina A&T,Central Connecticut,80,1,09:18:00,1758,1758,Karrington Wallace Defensive Rebound.,19,5,14,0,0.7968472058433727,0.841934597682243,3,4,-2.1,NA,NA,NA,NA,NA,NA,NA,NA,North Carolina A&T,Central Connecticut
401087477,2018-11-29,North Carolina A&T,Central Connecticut,81,1,09:03:00,1743,1743,Ian Krishnan missed Jumper.,19,5,14,15,0.798874695984716,0.8434756328797562,3,4,-2.1,NA,NA,Central Connecticut,missed,Ian Krishnan,NA,FALSE,FALSE,Central Connecticut,North Carolina A&T
401087477,2018-11-29,North Carolina A&T,Central Connecticut,82,1,09:03:00,1743,1743,Ibrahim Sylla Defensive Rebound.,19,5,14,0,0.798874695984716,0.8434756328797562,3,4,-2.1,NA,NA,NA,NA,NA,NA,NA,NA,Central Connecticut,North Carolina A&T
401087477,2018-11-29,North Carolina A&T,Central Connecticut,83,1,08:43:00,1723,1723,Foul on Ibrahim Sylla.,19,5,14,20,0.8015938562734307,0.8455422113750913,3,4,-2.1,NA,NA,NA,NA,NA,NA,NA,NA,North Carolina A&T,Central Connecticut
401087477,2018-11-29,North Carolina A&T,Central Connecticut,84,1,08:43:00,1723,1723,Ibrahim Sylla Turnover.,19,5,14,0,0.8015938562734307,0.8455422113750913,3,4,-2.1,NA,NA,NA,NA,NA,NA,NA,NA,North Carolina A&T,Central Connecticut
401087477,2018-11-29,North Carolina A&T,Central Connecticut,85,1,08:40:00,1720,1720,Joe Hugley missed Three Point Jumper.,19,5,14,3,0.8020035103653931,0.8458535591393982,3,4,-2.1,NA,NA,Central Connecticut,missed,Joe Hugley,NA,TRUE,FALSE,Central Connecticut,North Carolina A&T
401087477,2018-11-29,North Carolina A&T,Central Connecticut,86,1,08:40:00,1720,1720,Aaren Edmead Defensive Rebound.,19,5,14,0,0.8020035103653931,0.8458535591393982,3,4,-2.1,NA,NA,NA,NA,NA,NA,NA,NA,Central Connecticut,North Carolina A&T
401087477,2018-11-29,North Carolina A&T,Central Connecticut,87,1,08:32:00,1712,1712,Aaren Edmead missed Three Point Jumper.,19,5,14,8,0.8030984112855908,0.8466857480437214,3,4,-2.1,NA,NA,North Carolina A&T,missed,Aaren Edmead,NA,TRUE,FALSE,North Carolina A&T,Central Connecticut
401087477,2018-11-29,North Carolina A&T,Central Connecticut,88,1,08:32:00,1712,1712,Joe Hugley Defensive Rebound.,19,5,14,0,0.8030984112855908,0.8466857480437214,3,4,-2.1,NA,NA,NA,NA,NA,NA,NA,NA,North Carolina A&T,Central Connecticut
401087477,2018-11-29,North Carolina A&T,Central Connecticut,89,1,08:19:00,1699,1699,Foul on Nelson Nweke.,19,5,14,13,0.8048858598194978,0.8480444832634249,3,4,-2.1,NA,NA,NA,NA,NA,NA,NA,NA,Central Connecticut,Central Connecticut
401087477,2018-11-29,North Carolina A&T,Central Connecticut,90,1,08:19:00,1699,1699,Jamir Coleman made Free Throw.,19,6,13,0,0.784875027975352,0.83153353088747906,3,4,-2.1,NA,NA,Central Connecticut,made,Jamir Coleman,NA,FALSE,TRUE,Central Connecticut,Central Connecticut
401087477,2018-11-29,North Carolina A&T,Central Connecticut,91,1,08:19:00,1699,1699,Jamir Coleman made Free Throw.,19,7,12,0,0.7634151384888054,0.8136228338245908,3,4,-2.1,NA,NA,Central Connecticut,made,Jamir Coleman,NA,FALSE,TRUE,Central Connecticut,North Carolina A&T
401087477,2018-11-29,North Carolina A&T,Central Connecticut,92,1,07:59:00,1679,1679,Quavius Copeland made Three Point Jumper. Assisted by Nelson Nweke.,22,7,15,20,0.8261680954101128,0.8652547077643667,3,4,-2.1,NA,NA,North Carolina A&T,made,Quavius Copeland,Nelson Nweke,TRUE,FALSE,North Carolina A&T,Central Connecticut
401087477,2018-11-29,North Carolina A&T,Central Connecticut,93,1,07:40:00,1660,1660,Ian Krishnan missed Layup.,22,7,15,19,0.8286677990526702,0.8671362773528702,3,4,-2.1,NA,NA,Central Connecticut,missed,Ian Krishnan,NA,FALSE,FALSE,Central Connecticut,Central Connecticut
401087477,2018-11-29,North Carolina A&T,Central Connecticut,94,1,07:40:00,1660,1660,Joe Hugley Offensive Rebound.,22,7,15,0,0.8286677990526702,0.8671362773528702,3,4,-2.1,NA,NA,NA,NA,NA,NA,NA,NA,Central Connecticut,Central Connecticut
401087477,2018-11-29,North Carolina A&T,Central Connecticut,95,1,07:31:00,1651,1651,Joe Hugley made Three Point Jumper. Assisted by Ian Krishnan.,22,10,12,9,0.7698927876547628,0.8185789628570198,3,4,-2.1,NA,NA,Central Connecticut,made,Joe Hugley,Ian Krishnan,TRUE,FALSE,Central Connecticut,North Carolina A&T
401087477,2018-11-29,North Carolina A&T,Central Connecticut,96,1,07:06:00,1626,1626,D'Andre Johnson made Three Point Jumper. Assisted by Quavius Copeland.,25,10,15,25,0.8329731396966048,0.8703605099951625,3,4,-2.1,NA,NA,North Carolina A&T,made,D'Andre Johnson,Quavius Copeland,TRUE,FALSE,North Carolina A&T,Central Connecticut
401087477,2018-11-29,North Carolina A&T,Central Connecticut,97,1,06:52:00,1612,1612,Deion Bute Turnover.,25,10,15,14,0.8347014475040438,0.8716502854942818,3,4,-2.1,NA,NA,NA,NA,NA,NA,NA,NA,Central Connecticut,North Carolina A&T
401087477,2018-11-29,North Carolina A&T,Central Connecticut,98,1,06:31:00,1591,1591,D'Andre Johnson Turnover.,25,10,15,21,0.8372646480826482,0.8735600169369316,3,4,-2.1,NA,NA,NA,NA,NA,NA,NA,NA,North Carolina A&T,Central Connecticut
401087477,2018-11-29,North Carolina A&T,Central Connecticut,99,1,06:09:00,1569,1569,Ian Krishnan made Jumper.,25,12,13,22,0.8018027850324924,0.8443271647748314,3,4,-2.1,NA,NA,Central Connecticut,made,Ian Krishnan,NA,FALSE,FALSE,Central Connecticut,North Carolina A&T
401087477,2018-11-29,North Carolina A&T,Central Connecticut,100,1,05:48:00,1548,1548,Quavius Copeland missed Three Point Jumper.,25,12,13,21,0.8044500644158097,0.8463130428273646,3,4,-2.1,NA,NA,North Carolina A&T,missed,Quavius Copeland,NA,TRUE,FALSE,North Carolina A&T,Central Connecticut
401087477,2018-11-29,North Carolina A&T,Central Connecticut,101,1,05:48:00,1548,1548,Joe Hugley Defensive Rebound.,25,12,13,0,0.8044500644158097,0.8463130428273646,3,4,-2.1,NA,NA,NA,NA,NA,NA,NA,NA,North Carolina A&T,Central Connecticut
401087477,2018-11-29,North Carolina A&T,Central Connecticut,102,1,05:32:00,1532,1532,Foul on Kameron Langley.,25,12,13,16,0.8064856625061081,0.8478414001578567,3,4,-2.1,NA,NA,NA,NA,NA,NA,NA,NA,Central Connecticut,Central Connecticut
401087477,2018-11-29,North Carolina A&T,Central Connecticut,103,1,05:32:00,1532,1532,Joe Hugley made Free Throw.,25,13,12,0,0.7850257634478026,0.8300009539540538,3,4,-2.1,NA,NA,Central Connecticut,made,Joe Hugley,NA,FALSE,TRUE,Central Connecticut,Central Connecticut
401087477,2018-11-29,North Carolina A&T,Central Connecticut,104,1,05:32:00,1532,1532,Joe Hugley made Free Throw.,25,14,11,0,0.7618886830631751,0.8105361737646233,3,4,-2.1,NA,NA,Central Connecticut,made,Joe Hugley,NA,FALSE,TRUE,Central Connecticut,North Carolina A&T
401087477,2018-11-29,North Carolina A&T,Central Connecticut,105,1,05:20:00,1520,1520,Kameron Langley missed Layup.,25,14,11,12,0.7634322041099382,0.8117050895638223,3,4,-2.1,NA,NA,North Carolina A&T,missed,Kameron Langley,NA,FALSE,FALSE,North Carolina A&T,Central Connecticut
401087477,2018-11-29,North Carolina A&T,Central Connecticut,106,1,05:20:00,1520,1520,Joe Hugley Block.,25,14,11,0,0.7634322041099382,0.8117050895638223,3,4,-2.1,NA,NA,NA,NA,NA,NA,NA,NA,North Carolina A&T,Central Connecticut
401087477,2018-11-29,North Carolina A&T,Central Connecticut,107,1,05:17:00,1517,1517,Jamir Coleman Defensive Rebound.,25,14,11,3,0.7638209951481424,0.811999789662869,3,4,-2.1,NA,NA,NA,NA,NA,NA,NA,NA,North Carolina A&T,Central Connecticut
401087477,2018-11-29,North Carolina A&T,Central Connecticut,108,1,05:13:00,1513,1513,Jamir Coleman missed Layup.,25,14,11,4,0.7643413604946098,0.8123944091711787,3,4,-2.1,NA,NA,Central Connecticut,missed,Jamir Coleman,NA,FALSE,FALSE,Central Connecticut,North Carolina A&T
401087477,2018-11-29,North Carolina A&T,Central Connecticut,109,1,05:13:00,1513,1513,D'Andre Johnson Defensive Rebound.,25,14,11,0,0.7643413604946098,0.8123944091711787,3,4,-2.1,NA,NA,NA,NA,NA,NA,NA,NA,Central Connecticut,North Carolina A&T
401087477,2018-11-29,North Carolina A&T,Central Connecticut,110,1,05:08:00,1508,1508,D'Andre Johnson Turnover.,25,14,11,5,0.7649951617346884,0.8128905421930162,3,4,-2.1,NA,NA,NA,NA,NA,NA,NA,NA,North Carolina A&T,Central Connecticut
401087477,2018-11-29,North Carolina A&T,Central Connecticut,111,1,05:08:00,1508,1508,Jamir Coleman Steal.,25,14,11,0,0.7649951617346884,0.8128905421930162,3,4,-2.1,NA,NA,NA,NA,NA,NA,NA,NA,North Carolina A&T,Central Connecticut
401087477,2018-11-29,North Carolina A&T,Central Connecticut,112,1,05:08:00,1508,1508,Foul on Ibrahim Sylla.,25,14,11,0,0.7649951617346884,0.8128905421930162,3,4,-2.1,NA,NA,NA,NA,NA,NA,NA,NA,North Carolina A&T,Central Connecticut
401087477,2018-11-29,North Carolina A&T,Central Connecticut,113,1,05:08:00,1508,1508,Jamir Coleman missed Free Throw.,25,14,11,0,0.7649951617346884,0.8128905421930162,3,4,-2.1,NA,NA,Central Connecticut,missed,Jamir Coleman,NA,FALSE,TRUE,Central Connecticut,Central Connecticut
401087477,2018-11-29,North Carolina A&T,Central Connecticut,114,1,05:08:00,1508,1508,Central Connecticut Deadball Team Rebound.,25,14,11,0,0.7649951617346884,0.8128905421930162,3,4,-2.1,NA,NA,NA,NA,NA,NA,NA,NA,North Carolina A&T,Central Connecticut
401087477,2018-11-29,North Carolina A&T,Central Connecticut,115,1,05:08:00,1508,1508,Jamir Coleman made Free Throw.,25,15,10,0,0.7401458596168041,0.7917268615822456,3,4,-2.1,NA,NA,Central Connecticut,made,Jamir Coleman,NA,FALSE,TRUE,Central Connecticut,North Carolina A&T
401087477,2018-11-29,North Carolina A&T,Central Connecticut,116,1,04:37:00,1477,1477,Kameron Langley missed Jumper.,25,15,10,31,0.7442265756794865,0.794843349536831,3,4,-2.1,NA,NA,North Carolina A&T,missed,Kameron Langley,NA,FALSE,FALSE,North Carolina A&T,Central Connecticut
401087477,2018-11-29,North Carolina A&T,Central Connecticut,117,1,04:37:00,1477,1477,Jamir Coleman Defensive Rebound.,25,15,10,0,0.7442265756794865,0.794843349536831,3,4,-2.1,NA,NA,NA,NA,NA,NA,NA,NA,North Carolina A&T,Central Connecticut
401087477,2018-11-29,North Carolina A&T,Central Connecticut,118,1,04:26:00,1466,1466,Ian Krishnan missed Three Point Jumper.,25,15,10,11,0.7457216277397578,0.7959902681704991,3,4,-2.1,NA,NA,Central Connecticut,missed,Ian Krishnan,NA,TRUE,FALSE,Central Connecticut,Central Connecticut
401087477,2018-11-29,North Carolina A&T,Central Connecticut,119,1,04:26:00,1466,1466,Jamir Coleman Offensive Rebound.,25,15,10,0,0.7457216277397578,0.7959902681704991,3,4,-2.1,NA,NA,NA,NA,NA,NA,NA,NA,Central Connecticut,Central Connecticut
401087477,2018-11-29,North Carolina A&T,Central Connecticut,120,1,04:22:00,1462,1462,Jamir Coleman made Layup.,25,17,8,4,0.6912613657414776,0.7486116538468703,3,4,-2.1,NA,NA,Central Connecticut,made,Jamir Coleman,NA,FALSE,FALSE,Central Connecticut,North Carolina A&T
401087477,2018-11-29,North Carolina A&T,Central Connecticut,121,1,04:04:00,1444,1444,Milik Gantz made Layup. Assisted by Kameron Langley.,27,17,10,18,0.7487881637566799,0.7983511063385511,3,4,-2.1,NA,NA,North Carolina A&T,made,Milik Gantz,Kameron Langley,FALSE,FALSE,North Carolina A&T,Central Connecticut
401087477,2018-11-29,North Carolina A&T,Central Connecticut,122,1,03:46:00,1426,1426,Joe Hugley made Three Point Jumper. Assisted by Tyson Batiste.,27,20,7,18,0.665730536782181,0.7254074663012964,3,4,-2.1,NA,NA,Central Connecticut,made,Joe Hugley,Tyson Batiste,TRUE,FALSE,Central Connecticut,North Carolina A&T
401087477,2018-11-29,North Carolina A&T,Central Connecticut,123,1,03:25:00,1405,1405,Amari Hamilton missed Three Point Jumper.,27,20,7,21,0.6681509123989279,0.7272543752526895,3,4,-2.1,NA,NA,North Carolina A&T,missed,Amari Hamilton,NA,TRUE,FALSE,North Carolina A&T,Central Connecticut
401087477,2018-11-29,North Carolina A&T,Central Connecticut,124,1,03:25:00,1405,1405,Ian Krishnan Defensive Rebound.,27,20,7,0,0.6681509123989279,0.7272543752526895,3,4,-2.1,NA,NA,NA,NA,NA,NA,NA,NA,North Carolina A&T,Central Connecticut
401087477,2018-11-29,North Carolina A&T,Central Connecticut,125,1,03:17:00,1397,1397,Joe Hugley missed Three Point Jumper.,27,20,7,8,0.6690581214380497,0.7279434132308853,3,4,-2.1,NA,NA,Central Connecticut,missed,Joe Hugley,NA,TRUE,FALSE,Central Connecticut,North Carolina A&T
401087477,2018-11-29,North Carolina A&T,Central Connecticut,126,1,03:17:00,1397,1397,Tyrone Lyons Defensive Rebound.,27,20,7,0,0.6690581214380497,0.7279434132308853,3,4,-2.1,NA,NA,NA,NA,NA,NA,NA,NA,Central Connecticut,North Carolina A&T
401087477,2018-11-29,North Carolina A&T,Central Connecticut,127,1,02:56:00,1376,1376,Foul on Ian Krishnan.,27,20,7,21,0.6714157871899963,0.7297280503340247,3,4,-2.1,NA,NA,NA,NA,NA,NA,NA,NA,North Carolina A&T,North Carolina A&T
401087477,2018-11-29,North Carolina A&T,Central Connecticut,128,1,02:56:00,1376,1376,Tyrone Lyons missed Free Throw.,27,20,7,0,0.6714157871899963,0.7297280503340247,3,4,-2.1,NA,NA,North Carolina A&T,missed,Tyrone Lyons,NA,FALSE,TRUE,North Carolina A&T,North Carolina A&T
401087477,2018-11-29,North Carolina A&T,Central Connecticut,129,1,02:56:00,1376,1376,North Carolina A&T Deadball Team Rebound.,27,20,7,0,0.6714157871899963,0.7297280503340247,3,4,-2.1,NA,NA,NA,NA,NA,NA,NA,NA,North Carolina A&T,North Carolina A&T
401087477,2018-11-29,North Carolina A&T,Central Connecticut,130,1,02:56:00,1376,1376,Tyrone Lyons made Free Throw.,28,20,8,0,0.7019262351473475,0.7567853277077223,3,4,-2.1,NA,NA,North Carolina A&T,made,Tyrone Lyons,NA,FALSE,TRUE,North Carolina A&T,Central Connecticut
401087477,2018-11-29,North Carolina A&T,Central Connecticut,131,1,02:50:00,1370,1370,Jamir Coleman missed Three Point Jumper.,28,20,8,6,0.7026383214458223,0.7573250181763532,3,4,-2.1,NA,NA,Central Connecticut,missed,Jamir Coleman,NA,TRUE,FALSE,Central Connecticut,Central Connecticut
401087477,2018-11-29,North Carolina A&T,Central Connecticut,132,1,02:50:00,1370,1370,Tyson Batiste Offensive Rebound.,28,20,8,0,0.7026383214458223,0.7573250181763532,3,4,-2.1,NA,NA,NA,NA,NA,NA,NA,NA,Central Connecticut,Central Connecticut
401087477,2018-11-29,North Carolina A&T,Central Connecticut,133,1,02:40:00,1360,1360,Kashaun Hicks missed Layup.,28,20,8,10,0.7038239217496948,0.7582229605713092,3,4,-2.1,NA,NA,Central Connecticut,missed,Kashaun Hicks,NA,FALSE,FALSE,Central Connecticut,Central Connecticut
401087477,2018-11-29,North Carolina A&T,Central Connecticut,134,1,02:40:00,1360,1360,Deion Bute Offensive Rebound.,28,20,8,0,0.7038239217496948,0.7582229605713092,3,4,-2.1,NA,NA,NA,NA,NA,NA,NA,NA,Central Connecticut,Central Connecticut
401087477,2018-11-29,North Carolina A&T,Central Connecticut,135,1,02:40:00,1360,1360,Deion Bute missed Layup.,28,20,8,0,0.7038239217496948,0.7582229605713092,3,4,-2.1,NA,NA,Central Connecticut,missed,Deion Bute,NA,FALSE,FALSE,Central Connecticut,North Carolina A&T
401087477,2018-11-29,North Carolina A&T,Central Connecticut,136,1,02:40:00,1360,1360,Kameron Langley Defensive Rebound.,28,20,8,0,0.7038239217496948,0.7582229605713092,3,4,-2.1,NA,NA,NA,NA,NA,NA,NA,NA,Central Connecticut,North Carolina A&T
401087477,2018-11-29,North Carolina A&T,Central Connecticut,137,1,02:39:00,1359,1359,Foul on Deion Bute.,28,20,8,1,0.7039424975836401,0.7583127385920458,3,4,-2.1,NA,NA,NA,NA,NA,NA,NA,NA,North Carolina A&T,North Carolina A&T
401087477,2018-11-29,North Carolina A&T,Central Connecticut,138,1,02:39:00,1359,1359,Milik Gantz missed Free Throw.,28,20,8,0,0.7039424975836401,0.7583127385920458,3,4,-2.1,NA,NA,North Carolina A&T,missed,Milik Gantz,NA,FALSE,TRUE,North Carolina A&T,North Carolina A&T
401087477,2018-11-29,North Carolina A&T,Central Connecticut,139,1,02:39:00,1359,1359,North Carolina A&T Deadball Team Rebound.,28,20,8,0,0.7039424975836401,0.7583127385920458,3,4,-2.1,NA,NA,NA,NA,NA,NA,NA,NA,North Carolina A&T,North Carolina A&T
401087477,2018-11-29,North Carolina A&T,Central Connecticut,140,1,02:39:00,1359,1359,Milik Gantz missed Free Throw.,28,20,8,0,0.7039424975836401,0.7583127385920458,3,4,-2.1,NA,NA,North Carolina A&T,missed,Milik Gantz,NA,FALSE,TRUE,North Carolina A&T,North Carolina A&T
401087477,2018-11-29,North Carolina A&T,Central Connecticut,141,1,02:39:00,1359,1359,Joe Hugley Defensive Rebound.,28,20,8,0,0.7039424975836401,0.7583127385920458,3,4,-2.1,NA,NA,NA,NA,NA,NA,NA,NA,North Carolina A&T,North Carolina A&T
401087477,2018-11-29,North Carolina A&T,Central Connecticut,142,1,01:58:00,1318,1318,Foul on D'Andre Johnson.,28,20,8,41,0.7088533383666015,0.7620334495770422,3,4,-2.1,NA,NA,NA,NA,NA,NA,NA,NA,North Carolina A&T,Central Connecticut
401087477,2018-11-29,North Carolina A&T,Central Connecticut,143,1,01:58:00,1318,1318,Kashaun Hicks made Free Throw.,28,21,7,0,0.6779439408918881,0.7346564923756794,3,4,-2.1,NA,NA,Central Connecticut,made,Kashaun Hicks,NA,FALSE,TRUE,Central Connecticut,Central Connecticut
401087477,2018-11-29,North Carolina A&T,Central Connecticut,144,1,01:58:00,1318,1318,Kashaun Hicks made Free Throw.,28,22,6,0,0.645394632540873,0.705347781832303,3,4,-2.1,NA,NA,Central Connecticut,made,Kashaun Hicks,NA,FALSE,TRUE,Central Connecticut,North Carolina A&T
401087477,2018-11-29,North Carolina A&T,Central Connecticut,145,1,01:39:00,1299,1299,Foul on Kashaun Hicks.,28,22,6,19,0.6474335489580435,0.7068819150428072,3,4,-2.1,NA,NA,NA,NA,NA,NA,NA,NA,North Carolina A&T,North Carolina A&T
401087477,2018-11-29,North Carolina A&T,Central Connecticut,146,1,01:39:00,1299,1299,Aaren Edmead made Free Throw.,29,22,7,0,0.6801566344969614,0.7363344061409873,3,4,-2.1,NA,NA,North Carolina A&T,made,Aaren Edmead,NA,FALSE,TRUE,North Carolina A&T,North Carolina A&T
401087477,2018-11-29,North Carolina A&T,Central Connecticut,147,1,01:39:00,1299,1299,Aaren Edmead made Free Throw.,30,22,8,0,0.7111973558172776,0.7638163033308895,3,4,-2.1,NA,NA,North Carolina A&T,made,Aaren Edmead,NA,FALSE,TRUE,North Carolina A&T,Central Connecticut
401087477,2018-11-29,North Carolina A&T,Central Connecticut,148,1,01:11:00,1271,1271,Tyson Batiste Turnover.,30,22,8,28,0.7147884627422807,0.7665636820575403,3,4,-2.1,NA,NA,NA,NA,NA,NA,NA,NA,Central Connecticut,North Carolina A&T
401087477,2018-11-29,North Carolina A&T,Central Connecticut,149,1,01:10:00,1270,1270,D'Andre Johnson Steal.,30,22,8,1,0.7149204084561207,0.7666650585870382,3,4,-2.1,NA,NA,NA,NA,NA,NA,NA,NA,Central Connecticut,North Carolina A&T
401087477,2018-11-29,North Carolina A&T,Central Connecticut,150,1,01:05:00,1265,1265,Milik Gantz made Layup.,32,22,10,5,0.7721992426009011,0.8161593153328012,3,4,-2.1,NA,NA,North Carolina A&T,made,Milik Gantz,NA,FALSE,FALSE,North Carolina A&T,Central Connecticut
401087477,2018-11-29,North Carolina A&T,Central Connecticut,151,1,01:05:00,1265,1265,Foul on Thai Segwai.,32,22,10,0,0.7721992426009011,0.8161593153328012,3,4,-2.1,NA,NA,NA,NA,NA,NA,NA,NA,North Carolina A&T,Central Connecticut
401087477,2018-11-29,North Carolina A&T,Central Connecticut,152,1,01:05:00,1265,1265,Milik Gantz made Free Throw.,33,22,11,0,0.7973519155143427,0.8374796908910178,3,4,-2.1,NA,NA,North Carolina A&T,made,Milik Gantz,NA,FALSE,TRUE,North Carolina A&T,Central Connecticut
401087477,2018-11-29,North Carolina A&T,Central Connecticut,153,1,00:49:00,1249,1249,Foul on Aaren Edmead.,33,22,11,16,0.799645580624736,0.8392366300734303,3,4,-2.1,NA,NA,NA,NA,NA,NA,NA,NA,Central Connecticut,Central Connecticut
401087477,2018-11-29,North Carolina A&T,Central Connecticut,154,1,00:49:00,1249,1249,Joe Hugley made Free Throw.,33,23,10,0,0.7744913647026811,0.8179212122062731,3,4,-2.1,NA,NA,Central Connecticut,made,Joe Hugley,NA,FALSE,TRUE,Central Connecticut,Central Connecticut
401087477,2018-11-29,North Carolina A&T,Central Connecticut,155,1,00:49:00,1249,1249,Joe Hugley made Free Throw.,33,24,9,0,0.7471775554254813,0.7944717393183895,3,4,-2.1,NA,NA,Central Connecticut,made,Joe Hugley,NA,FALSE,TRUE,Central Connecticut,Central Connecticut
401087477,2018-11-29,North Carolina A&T,Central Connecticut,156,1,00:49:00,1249,1249,Joe Hugley made Free Throw.,33,25,8,0,0.7177610686838978,0.768855718129522,3,4,-2.1,NA,NA,Central Connecticut,made,Joe Hugley,NA,FALSE,TRUE,Central Connecticut,North Carolina A&T
401087477,2018-11-29,North Carolina A&T,Central Connecticut,157,1,00:26:00,1226,1226,Tyrone Lyons Turnover.,33,25,8,23,0.7210461988328464,0.7714091631545859,3,4,-2.1,NA,NA,NA,NA,NA,NA,NA,NA,North Carolina A&T,Central Connecticut
401087477,2018-11-29,North Carolina A&T,Central Connecticut,158,1,00:04:00,1204,1204,Tyson Batiste Turnover.,33,25,8,22,0.7243732282062431,0.7740157941061502,3,4,-2.1,NA,NA,NA,NA,NA,NA,NA,NA,Central Connecticut,North Carolina A&T
401087477,2018-11-29,North Carolina A&T,Central Connecticut,159,1,00:03:00,1203,1203,Milik Gantz Steal.,33,25,8,1,0.7245249308481884,0.7741347727953571,3,4,-2.1,NA,NA,NA,NA,NA,NA,NA,NA,Central Connecticut,North Carolina A&T
401087477,2018-11-29,North Carolina A&T,Central Connecticut,160,1,00:00:00,1200,1200,Milik Gantz missed Dunk.,33,25,8,3,0.7249780082610937,0.774489981219977,3,4,-2.1,NA,NA,North Carolina A&T,missed,Milik Gantz,NA,FALSE,FALSE,North Carolina A&T,Central Connecticut
401087477,2018-11-29,North Carolina A&T,Central Connecticut,161,1,00:00:00,1200,1200,Central Connecticut Defensive Rebound.,33,25,8,0,0.7249780082610937,0.774489981219977,3,4,-2.1,NA,NA,NA,NA,NA,NA,NA,NA,North Carolina A&T,Central Connecticut
401087477,2018-11-29,North Carolina A&T,Central Connecticut,162,1,00:00:00,1200,1200,End of 1st half,33,25,8,0,0.7249780082610937,0.774489981219977,3,4,-2.1,NA,NA,NA,NA,NA,NA,NA,NA,Central Connecticut,NA
401087477,2018-11-29,North Carolina A&T,Central Connecticut,163,2,20:00:00,1200,1200,PLAY,33,25,8,0,0.7249780082610937,0.774489981219977,4,4,-2.1,NA,NA,NA,NA,NA,NA,NA,NA,NA,Central Connecticut
401087477,2018-11-29,North Carolina A&T,Central Connecticut,164,2,19:35:00,1175,1175,Foul on Milik Gantz.,33,25,8,25,0.7286511269952319,0.7773629688158294,4,4,-2.1,NA,NA,NA,NA,NA,NA,NA,NA,Central Connecticut,Central Connecticut
401087477,2018-11-29,North Carolina A&T,Central Connecticut,165,2,19:35:00,1175,1175,Kashaun Hicks made Free Throw.,33,26,7,0,0.696670763342996,0.7491471708883459,4,4,-2.1,NA,NA,Central Connecticut,made,Kashaun Hicks,NA,FALSE,TRUE,Central Connecticut,Central Connecticut
401087477,2018-11-29,North Carolina A&T,Central Connecticut,166,2,19:35:00,1175,1175,Kashaun Hicks made Free Throw.,33,27,6,0,0.6626662238488727,0.7186496853798265,4,4,-2.1,NA,NA,Central Connecticut,made,Kashaun Hicks,NA,FALSE,TRUE,Central Connecticut,North Carolina A&T
401087477,2018-11-29,North Carolina A&T,Central Connecticut,167,2,19:16:00,1156,1156,Terry Harris missed Three Point Jumper.,33,27,6,19,0.6650414944498145,0.7204971065659819,4,4,-2.1,NA,NA,North Carolina A&T,missed,Terry Harris,NA,TRUE,FALSE,North Carolina A&T,Central Connecticut
401087477,2018-11-29,North Carolina A&T,Central Connecticut,168,2,19:16:00,1156,1156,Tyson Batiste Defensive Rebound.,33,27,6,0,0.6650414944498145,0.7204971065659819,4,4,-2.1,NA,NA,NA,NA,NA,NA,NA,NA,North Carolina A&T,Central Connecticut
401087477,2018-11-29,North Carolina A&T,Central Connecticut,169,2,19:06:00,1146,1146,Kashaun Hicks Turnover.,33,27,6,10,0.6662768673507885,0.721456663853357,4,4,-2.1,NA,NA,NA,NA,NA,NA,NA,NA,Central Connecticut,North Carolina A&T
401087477,2018-11-29,North Carolina A&T,Central Connecticut,170,2,19:04:00,1144,1144,Milik Gantz Steal.,33,27,6,2,0.666523190606929,0.7216479314873679,4,4,-2.1,NA,NA,NA,NA,NA,NA,NA,NA,Central Connecticut,North Carolina A&T
401087477,2018-11-29,North Carolina A&T,Central Connecticut,171,2,19:03:00,1143,1143,Quavius Copeland made Three Point Jumper. Assisted by Milik Gantz.,36,27,9,1,0.7630760873763682,0.8068529692091025,4,4,-2.1,NA,NA,North Carolina A&T,made,Quavius Copeland,Milik Gantz,TRUE,FALSE,North Carolina A&T,Central Connecticut
401087477,2018-11-29,North Carolina A&T,Central Connecticut,172,2,18:52:00,1132,1132,Ian Krishnan made Three Point Jumper. Assisted by Tyson Batiste.,36,30,6,11,0.6679984034417296,0.7227932485313521,4,4,-2.1,NA,NA,Central Connecticut,made,Ian Krishnan,Tyson Batiste,TRUE,FALSE,Central Connecticut,North Carolina A&T
401087477,2018-11-29,North Carolina A&T,Central Connecticut,173,2,18:30:00,1110,1110,Kameron Langley made Three Point Jumper.,39,30,9,22,0.7677821892875734,0.8105103310203006,4,4,-2.1,NA,NA,North Carolina A&T,made,Kameron Langley,NA,TRUE,FALSE,North Carolina A&T,Central Connecticut
401087477,2018-11-29,North Carolina A&T,Central Connecticut,174,2,18:07:00,1087,1087,Deion Bute Turnover.,39,30,9,23,0.7710945807975305,0.8130884766306709,4,4,-2.1,NA,NA,NA,NA,NA,NA,NA,NA,Central Connecticut,North Carolina A&T
401087477,2018-11-29,North Carolina A&T,Central Connecticut,175,2,17:54:00,1074,1074,Kameron Langley missed Three Point Jumper.,39,30,9,13,0.773001501002121,0.8145755698381355,4,4,-2.1,NA,NA,North Carolina A&T,missed,Kameron Langley,NA,TRUE,FALSE,North Carolina A&T,Central Connecticut
401087477,2018-11-29,North Carolina A&T,Central Connecticut,176,2,17:54:00,1074,1074,Central Connecticut Defensive Rebound.,39,30,9,0,0.773001501002121,0.8145755698381355,4,4,-2.1,NA,NA,NA,NA,NA,NA,NA,NA,North Carolina A&T,Central Connecticut
401087477,2018-11-29,North Carolina A&T,Central Connecticut,177,2,17:37:00,1057,1057,Kashaun Hicks missed Three Point Jumper.,39,30,9,17,0.7755513764614522,0.8165682614544376,4,4,-2.1,NA,NA,Central Connecticut,missed,Kashaun Hicks,NA,TRUE,FALSE,Central Connecticut,Central Connecticut
401087477,2018-11-29,North Carolina A&T,Central Connecticut,178,2,17:37:00,1057,1057,Deion Bute Offensive Rebound.,39,30,9,0,0.7755513764614522,0.8165682614544376,4,4,-2.1,NA,NA,NA,NA,NA,NA,NA,NA,Central Connecticut,Central Connecticut
401087477,2018-11-29,North Carolina A&T,Central Connecticut,179,2,17:32:00,1052,1052,Deion Bute missed Layup.,39,30,9,5,0.7763160019896386,0.8171668385221537,4,4,-2.1,NA,NA,Central Connecticut,missed,Deion Bute,NA,FALSE,FALSE,Central Connecticut,Central Connecticut
401087477,2018-11-29,North Carolina A&T,Central Connecticut,180,2,17:32:00,1052,1052,Ibrahim Sylla Block.,39,30,9,0,0.7763160019896386,0.8171668385221537,4,4,-2.1,NA,NA,NA,NA,NA,NA,NA,NA,Central Connecticut,Central Connecticut
401087477,2018-11-29,North Carolina A&T,Central Connecticut,181,2,17:30:00,1050,1050,Central Connecticut Offensive Rebound.,39,30,9,2,0.776623934988795,0.8174080409693785,4,4,-2.1,NA,NA,NA,NA,NA,NA,NA,NA,Central Connecticut,Central Connecticut
401087477,2018-11-29,North Carolina A&T,Central Connecticut,182,2,17:19:00,1039,1039,Ian Krishnan made Three Point Jumper. Assisted by Tyson Batiste.,39,33,6,11,0.6799143883073124,0.7320966247819747,4,4,-2.1,NA,NA,Central Connecticut,made,Ian Krishnan,Tyson Batiste,TRUE,FALSE,Central Connecticut,North Carolina A&T
401087477,2018-11-29,North Carolina A&T,Central Connecticut,183,2,17:05:00,1025,1025,Quavius Copeland missed Jumper.,39,33,6,14,0.6818889084551355,0.7336554519772805,4,4,-2.1,NA,NA,North Carolina A&T,missed,Quavius Copeland,NA,FALSE,FALSE,North Carolina A&T,Central Connecticut
401087477,2018-11-29,North Carolina A&T,Central Connecticut,184,2,17:05:00,1025,1025,Kashaun Hicks Defensive Rebound.,39,33,6,0,0.6818889084551355,0.7336554519772805,4,4,-2.1,NA,NA,NA,NA,NA,NA,NA,NA,North Carolina A&T,Central Connecticut
401087477,2018-11-29,North Carolina A&T,Central Connecticut,185,2,16:43:00,1003,1003,Ian Krishnan missed Three Point Jumper.,39,33,6,22,0.6851461772275791,0.7362397939499291,4,4,-2.1,NA,NA,Central Connecticut,missed,Ian Krishnan,NA,TRUE,FALSE,Central Connecticut,Central Connecticut
401087477,2018-11-29,North Carolina A&T,Central Connecticut,186,2,16:43:00,1003,1003,Deion Bute Offensive Rebound.,39,33,6,0,0.6851461772275791,0.7362397939499291,4,4,-2.1,NA,NA,NA,NA,NA,NA,NA,NA,Central Connecticut,Central Connecticut
401087477,2018-11-29,North Carolina A&T,Central Connecticut,187,2,16:36:00,996,996,Jamir Coleman made Layup. Assisted by Tyson Batiste.,39,35,4,7,0.6079938728713146,0.6653666015585541,4,4,-2.1,NA,NA,Central Connecticut,made,Jamir Coleman,Tyson Batiste,FALSE,FALSE,Central Connecticut,North Carolina A&T
401087477,2018-11-29,North Carolina A&T,Central Connecticut,188,2,16:10:00,970,970,Aaren Edmead missed Three Point Jumper.,39,35,4,26,0.611292715757679,0.6679639220298952,4,4,-2.1,NA,NA,North Carolina A&T,missed,Aaren Edmead,NA,TRUE,FALSE,North Carolina A&T,North Carolina A&T
401087477,2018-11-29,North Carolina A&T,Central Connecticut,189,2,16:10:00,970,970,Ronald Jackson Offensive Rebound.,39,35,4,0,0.611292715757679,0.6679639220298952,4,4,-2.1,NA,NA,NA,NA,NA,NA,NA,NA,North Carolina A&T,North Carolina A&T
401087477,2018-11-29,North Carolina A&T,Central Connecticut,190,2,16:00:00,960,960,Ibrahim Sylla missed Layup.,39,35,4,10,0.6125795862262712,0.668980437525638,4,4,-2.1,NA,NA,North Carolina A&T,missed,Ibrahim Sylla,NA,FALSE,FALSE,North Carolina A&T,North Carolina A&T
401087477,2018-11-29,North Carolina A&T,Central Connecticut,191,2,16:00:00,960,960,Ibrahim Sylla Offensive Rebound.,39,35,4,0,0.6125795862262712,0.668980437525638,4,4,-2.1,NA,NA,NA,NA,NA,NA,NA,NA,North Carolina A&T,North Carolina A&T
401087477,2018-11-29,North Carolina A&T,Central Connecticut,192,2,15:46:00,946,946,Ibrahim Sylla made Layup. Assisted by Andre Jackson.,41,35,6,14,0.6942556172808756,0.7435266027115248,4,4,-2.1,NA,NA,North Carolina A&T,made,Ibrahim Sylla,Andre Jackson,FALSE,FALSE,North Carolina A&T,Central Connecticut
401087477,2018-11-29,North Carolina A&T,Central Connecticut,193,2,15:31:00,931,931,Deion Bute missed Jumper.,41,35,6,15,0.6964043646421736,0.7452377039285368,4,4,-2.1,NA,NA,Central Connecticut,missed,Deion Bute,NA,FALSE,FALSE,Central Connecticut,North Carolina A&T
401087477,2018-11-29,North Carolina A&T,Central Connecticut,194,2,15:31:00,931,931,Milik Gantz Defensive Rebound.,41,35,6,0,0.6964043646421736,0.7452377039285368,4,4,-2.1,NA,NA,NA,NA,NA,NA,NA,NA,Central Connecticut,North Carolina A&T
401087477,2018-11-29,North Carolina A&T,Central Connecticut,195,2,15:17:00,917,917,Foul on Kashaun Hicks.,41,35,6,14,0.6982930472277129,0.7467371442127858,4,4,-2.1,NA,NA,NA,NA,NA,NA,NA,NA,North Carolina A&T,North Carolina A&T
401087477,2018-11-29,North Carolina A&T,Central Connecticut,196,2,15:17:00,917,917,Milik Gantz made Free Throw.,42,35,7,0,0.7348551032460986,0.7792841404862979,4,4,-2.1,NA,NA,North Carolina A&T,made,Milik Gantz,NA,FALSE,TRUE,North Carolina A&T,North Carolina A&T
401087477,2018-11-29,North Carolina A&T,Central Connecticut,197,2,15:17:00,917,917,Milik Gantz made Free Throw.,43,35,8,0,0.7684555944222995,0.8087199000603443,4,4,-2.1,NA,NA,North Carolina A&T,made,Milik Gantz,NA,FALSE,TRUE,North Carolina A&T,Central Connecticut
401087477,2018-11-29,North Carolina A&T,Central Connecticut,198,2,15:10:00,910,910,Tyson Batiste Turnover.,43,35,8,7,0.7694517772847116,0.8095076274833327,4,4,-2.1,NA,NA,NA,NA,NA,NA,NA,NA,Central Connecticut,North Carolina A&T
401087477,2018-11-29,North Carolina A&T,Central Connecticut,199,2,15:09:00,909,909,Milik Gantz Steal.,43,35,8,1,0.7695923974547789,0.8096187790355404,4,4,-2.1,NA,NA,NA,NA,NA,NA,NA,NA,Central Connecticut,North Carolina A&T
401087477,2018-11-29,North Carolina A&T,Central Connecticut,200,2,15:08:00,908,908,Milik Gantz Turnover.,43,35,8,1,0.7697326318584033,0.8097296162630393,4,4,-2.1,NA,NA,NA,NA,NA,NA,NA,NA,North Carolina A&T,Central Connecticut
401087477,2018-11-29,North Carolina A&T,Central Connecticut,201,2,15:08:00,908,908,Foul on Milik Gantz.,43,35,8,0,0.7697326318584033,0.8097296162630393,4,4,-2.1,NA,NA,NA,NA,NA,NA,NA,NA,North Carolina A&T,Central Connecticut
401087477,2018-11-29,North Carolina A&T,Central Connecticut,202,2,14:56:00,896,896,Ian Krishnan missed Three Point Jumper.,43,35,8,12,0.7713898221267204,0.8110388607321456,4,4,-2.1,NA,NA,Central Connecticut,missed,Ian Krishnan,NA,TRUE,FALSE,Central Connecticut,North Carolina A&T
401087477,2018-11-29,North Carolina A&T,Central Connecticut,203,2,14:56:00,896,896,North Carolina A&T Defensive Rebound.,43,35,8,0,0.7713898221267204,0.8110388607321456,4,4,-2.1,NA,NA,NA,NA,NA,NA,NA,NA,Central Connecticut,North Carolina A&T
401087477,2018-11-29,North Carolina A&T,Central Connecticut,204,2,14:54:00,894,894,Foul on Deion Bute.,43,35,8,2,0.7716622748696372,0.8112540437939805,4,4,-2.1,NA,NA,NA,NA,NA,NA,NA,NA,North Carolina A&T,North Carolina A&T
401087477,2018-11-29,North Carolina A&T,Central Connecticut,205,2,14:40:00,880,880,Andre Jackson made Layup.,45,35,10,14,0.831383893002738,0.8623498432074272,4,4,-2.1,NA,NA,North Carolina A&T,made,Andre Jackson,NA,FALSE,FALSE,North Carolina A&T,Central Connecticut
401087477,2018-11-29,North Carolina A&T,Central Connecticut,206,2,14:25:00,865,865,Jamir Coleman missed Layup.,45,35,10,15,0.8333627507632246,0.8639021809961185,4,4,-2.1,NA,NA,Central Connecticut,missed,Jamir Coleman,NA,FALSE,FALSE,Central Connecticut,North Carolina A&T
401087477,2018-11-29,North Carolina A&T,Central Connecticut,207,2,14:25:00,865,865,Ronald Jackson Defensive Rebound.,45,35,10,0,0.8333627507632246,0.8639021809961185,4,4,-2.1,NA,NA,NA,NA,NA,NA,NA,NA,Central Connecticut,North Carolina A&T
401087477,2018-11-29,North Carolina A&T,Central Connecticut,208,2,14:19:00,859,859,Andre Jackson made Layup. Assisted by Ronald Jackson.,47,35,12,6,0.8793275935551316,0.9023926252883672,4,4,-2.1,NA,NA,North Carolina A&T,made,Andre Jackson,Ronald Jackson,FALSE,FALSE,North Carolina A&T,Central Connecticut
401087477,2018-11-29,North Carolina A&T,Central Connecticut,209,2,14:06:00,846,846,Karrington Wallace made Layup. Assisted by Ian Krishnan.,47,37,10,13,0.8359095435055802,0.8659033385482487,4,4,-2.1,NA,NA,Central Connecticut,made,Karrington Wallace,Ian Krishnan,FALSE,FALSE,Central Connecticut,Central Connecticut
401087477,2018-11-29,North Carolina A&T,Central Connecticut,210,2,14:06:00,846,846,Foul on Ronald Jackson.,47,37,10,0,0.8359095435055802,0.8659033385482487,4,4,-2.1,NA,NA,NA,NA,NA,NA,NA,NA,Central Connecticut,Central Connecticut
401087477,2018-11-29,North Carolina A&T,Central Connecticut,211,2,14:06:00,846,846,Karrington Wallace missed Free Throw.,47,37,10,0,0.8359095435055802,0.8659033385482487,4,4,-2.1,NA,NA,Central Connecticut,missed,Karrington Wallace,NA,FALSE,TRUE,Central Connecticut,Central Connecticut
401087477,2018-11-29,North Carolina A&T,Central Connecticut,212,2,14:06:00,846,846,Central Connecticut Offensive Rebound.,47,37,10,0,0.8359095435055802,0.8659033385482487,4,4,-2.1,NA,NA,NA,NA,NA,NA,NA,NA,Central Connecticut,Central Connecticut
401087477,2018-11-29,North Carolina A&T,Central Connecticut,213,2,14:06:00,846,846,Foul on Joe Hugley.,47,37,10,0,0.8359095435055802,0.8659033385482487,4,4,-2.1,NA,NA,NA,NA,NA,NA,NA,NA,Central Connecticut,Central Connecticut
401087477,2018-11-29,North Carolina A&T,Central Connecticut,214,2,14:06:00,846,846,Ibrahim Sylla made Free Throw.,48,37,11,0,0.8599197748931452,0.8861226751128999,4,4,-2.1,NA,NA,North Carolina A&T,made,Ibrahim Sylla,NA,FALSE,TRUE,North Carolina A&T,North Carolina A&T
401087477,2018-11-29,North Carolina A&T,Central Connecticut,215,2,14:06:00,846,846,Ibrahim Sylla made Free Throw.,49,37,12,0,0.8809172478343137,0.9036325979368608,4,4,-2.1,NA,NA,North Carolina A&T,made,Ibrahim Sylla,NA,FALSE,TRUE,North Carolina A&T,Central Connecticut
401087477,2018-11-29,North Carolina A&T,Central Connecticut,216,2,14:06:00,846,846,Ibrahim Sylla made Layup.,51,37,14,0,0.9148376763995678,0.9315851279974624,4,4,-2.1,NA,NA,North Carolina A&T,made,Ibrahim Sylla,NA,FALSE,FALSE,Central Connecticut,Central Connecticut
401087477,2018-11-29,North Carolina A&T,Central Connecticut,217,2,13:59:00,839,839,Joe Hugley missed Three Point Jumper.,51,37,14,7,0.9155871117459584,0.9321668890267942,4,4,-2.1,NA,NA,Central Connecticut,missed,Joe Hugley,NA,TRUE,FALSE,Central Connecticut,Central Connecticut
401087477,2018-11-29,North Carolina A&T,Central Connecticut,218,2,13:59:00,839,839,Ibrahim Sylla Block.,51,37,14,0,0.9155871117459584,0.9321668890267942,4,4,-2.1,NA,NA,NA,NA,NA,NA,NA,NA,Central Connecticut,Central Connecticut
401087477,2018-11-29,North Carolina A&T,Central Connecticut,219,2,13:59:00,839,839,Central Connecticut Offensive Rebound.,51,37,14,0,0.9155871117459584,0.9321668890267942,4,4,-2.1,NA,NA,NA,NA,NA,NA,NA,NA,Central Connecticut,Central Connecticut
401087477,2018-11-29,North Carolina A&T,Central Connecticut,220,2,13:43:00,823,823,Kashaun Hicks missed Layup.,51,37,14,16,0.9173516900415648,0.9335388796902534,4,4,-2.1,NA,NA,Central Connecticut,missed,Kashaun Hicks,NA,FALSE,FALSE,Central Connecticut,North Carolina A&T
401087477,2018-11-29,North Carolina A&T,Central Connecticut,221,2,13:43:00,823,823,Ibrahim Sylla Block.,51,37,14,0,0.9173516900415648,0.9335388796902534,4,4,-2.1,NA,NA,NA,NA,NA,NA,NA,NA,Central Connecticut,North Carolina A&T
401087477,2018-11-29,North Carolina A&T,Central Connecticut,222,2,13:41:00,821,821,Milik Gantz Defensive Rebound.,51,37,14,2,0.9175784183803508,0.9337153976477112,4,4,-2.1,NA,NA,NA,NA,NA,NA,NA,NA,Central Connecticut,North Carolina A&T
401087477,2018-11-29,North Carolina A&T,Central Connecticut,223,2,13:34:00,814,814,Ibrahim Sylla made Dunk. Assisted by Kameron Langley.,53,37,16,7,0.9426726864562492,0.9541195925542292,4,4,-2.1,NA,NA,North Carolina A&T,made,Ibrahim Sylla,Kameron Langley,FALSE,FALSE,North Carolina A&T,Central Connecticut
401087477,2018-11-29,North Carolina A&T,Central Connecticut,224,2,13:18:00,798,798,Central Connecticut  Timeout,53,37,16,16,0.9442472889189945,0.955343156625142,3,4,-2.1,NA,NA,NA,NA,NA,NA,NA,NA,Central Connecticut,Central Connecticut
401087477,2018-11-29,North Carolina A&T,Central Connecticut,225,2,13:09:00,789,789,Foul on D'Andre Johnson.,53,37,16,9,0.9451776683724288,0.9560674759926492,3,4,-2.1,NA,NA,NA,NA,NA,NA,NA,NA,Central Connecticut,Central Connecticut
401087477,2018-11-29,North Carolina A&T,Central Connecticut,226,2,12:56:00,776,776,Kashaun Hicks made Jumper. Assisted by Thai Segwai.,53,39,14,13,0.923186514238688,0.9380978504440556,3,4,-2.1,NA,NA,Central Connecticut,made,Kashaun Hicks,Thai Segwai,FALSE,FALSE,Central Connecticut,North Carolina A&T
401087477,2018-11-29,North Carolina A&T,Central Connecticut,227,2,12:49:00,769,769,North Carolina A&T  Timeout,53,39,14,7,0.924164292291875,0.9388648387872236,3,3,-2.1,NA,NA,NA,NA,NA,NA,NA,NA,North Carolina A&T,North Carolina A&T
401087477,2018-11-29,North Carolina A&T,Central Connecticut,228,2,12:33:00,753,753,Andre Jackson missed Three Point Jumper.,53,39,14,16,0.9265243119690398,0.9407190444557124,3,3,-2.1,NA,NA,North Carolina A&T,missed,Andre Jackson,NA,TRUE,FALSE,North Carolina A&T,Central Connecticut
401087477,2018-11-29,North Carolina A&T,Central Connecticut,229,2,12:33:00,753,753,Joe Hugley Defensive Rebound.,53,39,14,0,0.9265243119690398,0.9407190444557124,3,3,-2.1,NA,NA,NA,NA,NA,NA,NA,NA,North Carolina A&T,Central Connecticut
401087477,2018-11-29,North Carolina A&T,Central Connecticut,230,2,12:20:00,740,740,Ian Krishnan missed Layup.,53,39,14,13,0.9285767528620053,0.942334615793003,3,3,-2.1,NA,NA,Central Connecticut,missed,Ian Krishnan,NA,FALSE,FALSE,Central Connecticut,North Carolina A&T
401087477,2018-11-29,North Carolina A&T,Central Connecticut,231,2,12:20:00,740,740,Milik Gantz Defensive Rebound.,53,39,14,0,0.9285767528620053,0.942334615793003,3,3,-2.1,NA,NA,NA,NA,NA,NA,NA,NA,Central Connecticut,North Carolina A&T
401087477,2018-11-29,North Carolina A&T,Central Connecticut,232,2,12:01:00,721,721,D'Andre Johnson missed Three Point Jumper.,53,39,14,19,0.9317068826259942,0.9448016457020136,3,3,-2.1,NA,NA,North Carolina A&T,missed,D'Andre Johnson,NA,TRUE,FALSE,North Carolina A&T,Central Connecticut
401087477,2018-11-29,North Carolina A&T,Central Connecticut,233,2,12:01:00,721,721,Kashaun Hicks Defensive Rebound.,53,39,14,0,0.9317068826259942,0.9448016457020136,3,3,-2.1,NA,NA,NA,NA,NA,NA,NA,NA,North Carolina A&T,Central Connecticut
401087477,2018-11-29,North Carolina A&T,Central Connecticut,234,2,11:46:00,706,706,Joe Hugley missed Three Point Jumper.,53,39,14,15,0.933898237746982,0.9465250887334754,3,3,-2.1,NA,NA,Central Connecticut,missed,Joe Hugley,NA,TRUE,FALSE,Central Connecticut,Central Connecticut
401087477,2018-11-29,North Carolina A&T,Central Connecticut,235,2,11:46:00,706,706,Joe Hugley Offensive Rebound.,53,39,14,0,0.933898237746982,0.9465250887334754,3,3,-2.1,NA,NA,NA,NA,NA,NA,NA,NA,Central Connecticut,Central Connecticut
401087477,2018-11-29,North Carolina A&T,Central Connecticut,236,2,11:39:00,699,699,Joe Hugley missed Layup.,53,39,14,7,0.9348338745524014,0.9472596672444308,3,3,-2.1,NA,NA,Central Connecticut,missed,Joe Hugley,NA,FALSE,FALSE,Central Connecticut,North Carolina A&T
401087477,2018-11-29,North Carolina A&T,Central Connecticut,237,2,11:39:00,699,699,Kameron Langley Defensive Rebound.,53,39,14,0,0.9348338745524014,0.9472596672444308,3,3,-2.1,NA,NA,NA,NA,NA,NA,NA,NA,Central Connecticut,North Carolina A&T
401087477,2018-11-29,North Carolina A&T,Central Connecticut,238,2,11:34:00,694,694,Andre Jackson missed Layup.,53,39,14,5,0.9354748330907616,0.947762480692201,3,3,-2.1,NA,NA,North Carolina A&T,missed,Andre Jackson,NA,FALSE,FALSE,North Carolina A&T,Central Connecticut
401087477,2018-11-29,North Carolina A&T,Central Connecticut,239,2,11:34:00,694,694,Joe Hugley Defensive Rebound.,53,39,14,0,0.9354748330907616,0.947762480692201,3,3,-2.1,NA,NA,NA,NA,NA,NA,NA,NA,North Carolina A&T,Central Connecticut
401087477,2018-11-29,North Carolina A&T,Central Connecticut,240,2,11:23:00,683,683,Karrington Wallace missed Layup.,53,39,14,11,0.936819914306928,0.9488167287232936,3,3,-2.1,NA,NA,Central Connecticut,missed,Karrington Wallace,NA,FALSE,FALSE,Central Connecticut,North Carolina A&T
401087477,2018-11-29,North Carolina A&T,Central Connecticut,241,2,11:23:00,683,683,D'Andre Johnson Block.,53,39,14,0,0.936819914306928,0.9488167287232936,3,3,-2.1,NA,NA,NA,NA,NA,NA,NA,NA,Central Connecticut,North Carolina A&T
401087477,2018-11-29,North Carolina A&T,Central Connecticut,242,2,11:21:00,681,681,Ibrahim Sylla Defensive Rebound.,53,39,14,2,0.93705654954077,0.949002092480748,3,3,-2.1,NA,NA,NA,NA,NA,NA,NA,NA,Central Connecticut,North Carolina A&T
401087477,2018-11-29,North Carolina A&T,Central Connecticut,243,2,10:51:00,651,651,Kameron Langley missed Three Point Jumper.,53,39,14,30,0.9404502003164522,0.95165964540409,3,3,-2.1,NA,NA,North Carolina A&T,missed,Kameron Langley,NA,TRUE,FALSE,North Carolina A&T,Central Connecticut
401087477,2018-11-29,North Carolina A&T,Central Connecticut,244,2,10:51:00,651,651,Tyson Batiste Defensive Rebound.,53,39,14,0,0.9404502003164522,0.95165964540409,3,3,-2.1,NA,NA,NA,NA,NA,NA,NA,NA,North Carolina A&T,Central Connecticut
401087477,2018-11-29,North Carolina A&T,Central Connecticut,245,2,10:40:00,640,640,Foul on D'Andre Johnson.,53,39,14,11,0.941679942949136,0.952623749035144,3,3,-2.1,NA,NA,NA,NA,NA,NA,NA,NA,Central Connecticut,Central Connecticut
401087477,2018-11-29,North Carolina A&T,Central Connecticut,246,2,10:37:00,637,637,Ian Krishnan made Jumper.,53,41,12,3,0.9135947868373396,0.9293953846166876,3,3,-2.1,NA,NA,Central Connecticut,made,Ian Krishnan,NA,FALSE,FALSE,Central Connecticut,North Carolina A&T
401087477,2018-11-29,North Carolina A&T,Central Connecticut,247,2,10:12:00,612,612,Aaren Edmead missed Three Point Jumper.,53,41,12,25,0.9173002413049436,0.9323217172154008,3,3,-2.1,NA,NA,North Carolina A&T,missed,Aaren Edmead,NA,TRUE,FALSE,North Carolina A&T,Central Connecticut
401087477,2018-11-29,North Carolina A&T,Central Connecticut,248,2,10:12:00,612,612,Karrington Wallace Defensive Rebound.,53,41,12,0,0.9173002413049436,0.9323217172154008,3,3,-2.1,NA,NA,NA,NA,NA,NA,NA,NA,North Carolina A&T,Central Connecticut
401087477,2018-11-29,North Carolina A&T,Central Connecticut,249,2,10:03:00,603,603,Tyson Batiste Turnover.,53,41,12,9,0.918744545061896,0.9334664105780334,3,3,-2.1,NA,NA,NA,NA,NA,NA,NA,NA,Central Connecticut,North Carolina A&T
401087477,2018-11-29,North Carolina A&T,Central Connecticut,250,2,09:40:00,580,580,Foul on Karrington Wallace.,53,41,12,23,0.922802117725509,0.9366943425499452,3,3,-2.1,NA,NA,NA,NA,NA,NA,NA,NA,North Carolina A&T,Central Connecticut
401087477,2018-11-29,North Carolina A&T,Central Connecticut,251,2,09:40:00,580,580,Ronald Jackson made Free Throw.,54,41,13,0,0.9373547913477032,0.9487735514464122,3,3,-2.1,NA,NA,North Carolina A&T,made,Ronald Jackson,NA,FALSE,TRUE,North Carolina A&T,North Carolina A&T
401087477,2018-11-29,North Carolina A&T,Central Connecticut,252,2,09:40:00,580,580,Ronald Jackson missed Free Throw.,54,41,13,0,0.9373547913477032,0.9487735514464122,3,3,-2.1,NA,NA,North Carolina A&T,missed,Ronald Jackson,NA,FALSE,TRUE,North Carolina A&T,Central Connecticut
401087477,2018-11-29,North Carolina A&T,Central Connecticut,253,2,09:40:00,580,580,Joe Hugley Defensive Rebound.,54,41,13,0,0.9373547913477032,0.9487735514464122,3,3,-2.1,NA,NA,NA,NA,NA,NA,NA,NA,North Carolina A&T,Central Connecticut
401087477,2018-11-29,North Carolina A&T,Central Connecticut,254,2,09:34:00,574,574,Foul on Ronald Jackson.,54,41,13,6,0.9383846560198212,0.9495934775359792,3,3,-2.1,NA,NA,NA,NA,NA,NA,NA,NA,Central Connecticut,Central Connecticut
401087477,2018-11-29,North Carolina A&T,Central Connecticut,255,2,09:34:00,574,574,Ian Krishnan made Free Throw.,54,42,12,0,0.9239600183371616,0.9376184712998156,3,3,-2.1,NA,NA,Central Connecticut,made,Ian Krishnan,NA,FALSE,TRUE,Central Connecticut,Central Connecticut
401087477,2018-11-29,North Carolina A&T,Central Connecticut,256,2,09:34:00,574,574,Ian Krishnan made Free Throw.,54,43,11,0,0.9064949515617482,0.9230291765156434,3,3,-2.1,NA,NA,Central Connecticut,made,Ian Krishnan,NA,FALSE,TRUE,Central Connecticut,North Carolina A&T
401087477,2018-11-29,North Carolina A&T,Central Connecticut,257,2,09:10:00,550,550,Aaren Edmead missed Jumper.,54,43,11,24,0.9121700106546344,0.9275873319418824,3,3,-2.1,NA,NA,North Carolina A&T,missed,Aaren Edmead,NA,FALSE,FALSE,North Carolina A&T,Central Connecticut
401087477,2018-11-29,North Carolina A&T,Central Connecticut,258,2,09:10:00,550,550,Joe Hugley Defensive Rebound.,54,43,11,0,0.9121700106546344,0.9275873319418824,3,3,-2.1,NA,NA,NA,NA,NA,NA,NA,NA,North Carolina A&T,Central Connecticut
401087477,2018-11-29,North Carolina A&T,Central Connecticut,259,2,09:02:00,542,542,Joe Hugley missed Three Point Jumper.,54,43,11,8,0.9140978433001362,0.9291373208685728,3,3,-2.1,NA,NA,Central Connecticut,missed,Joe Hugley,NA,TRUE,FALSE,Central Connecticut,North Carolina A&T
401087477,2018-11-29,North Carolina A&T,Central Connecticut,260,2,09:02:00,542,542,Kameron Langley Defensive Rebound.,54,43,11,0,0.9140978433001362,0.9291373208685728,3,3,-2.1,NA,NA,NA,NA,NA,NA,NA,NA,Central Connecticut,North Carolina A&T
401087477,2018-11-29,North Carolina A&T,Central Connecticut,261,2,08:54:00,534,534,Tyrone Lyons made Layup.,56,43,13,8,0.9457691654557612,0.9554921420634472,3,3,-2.1,NA,NA,North Carolina A&T,made,Tyrone Lyons,NA,FALSE,FALSE,North Carolina A&T,Central Connecticut
401087477,2018-11-29,North Carolina A&T,Central Connecticut,262,2,08:54:00,534,534,Foul on Tyson Batiste.,56,43,13,0,0.9457691654557612,0.9554921420634472,3,3,-2.1,NA,NA,NA,NA,NA,NA,NA,NA,North Carolina A&T,Central Connecticut
401087477,2018-11-29,North Carolina A&T,Central Connecticut,263,2,08:54:00,534,534,Tyrone Lyons made Free Throw.,57,43,14,0,0.9566710321887294,0.9645127671085064,3,3,-2.1,NA,NA,North Carolina A&T,made,Tyrone Lyons,NA,FALSE,TRUE,North Carolina A&T,Central Connecticut
401087477,2018-11-29,North Carolina A&T,Central Connecticut,264,2,08:39:00,519,519,Joe Hugley made Layup. Assisted by Deion Bute.,57,45,12,15,0.9348579549378656,0.946336312916239,3,3,-2.1,NA,NA,Central Connecticut,made,Joe Hugley,Deion Bute,FALSE,FALSE,Central Connecticut,North Carolina A&T
401087477,2018-11-29,North Carolina A&T,Central Connecticut,265,2,08:10:00,490,490,Foul on Jamir Coleman.,57,45,12,29,0.9391987440038344,0.9497913684971176,3,3,-2.1,NA,NA,NA,NA,NA,NA,NA,NA,North Carolina A&T,North Carolina A&T
401087477,2018-11-29,North Carolina A&T,Central Connecticut,266,2,07:52:00,472,472,Quavius Copeland Turnover.,57,45,12,18,0.9420077436196408,0.952035530687675,3,3,-2.1,NA,NA,NA,NA,NA,NA,NA,NA,North Carolina A&T,Central Connecticut
401087477,2018-11-29,North Carolina A&T,Central Connecticut,267,2,07:50:00,470,470,Joe Hugley Steal.,57,45,12,2,0.9423409840968142,0.952302569768089,3,3,-2.1,NA,NA,NA,NA,NA,NA,NA,NA,North Carolina A&T,Central Connecticut
401087477,2018-11-29,North Carolina A&T,Central Connecticut,268,2,07:50:00,470,470,Joe Hugley Turnover.,57,45,12,0,0.9423409840968142,0.952302569768089,3,3,-2.1,NA,NA,NA,NA,NA,NA,NA,NA,Central Connecticut,North Carolina A&T
401087477,2018-11-29,North Carolina A&T,Central Connecticut,269,2,07:25:00,445,445,Ibrahim Sylla missed Layup.,57,45,12,25,0.9470511921775928,0.956095375945446,3,3,-2.1,NA,NA,North Carolina A&T,missed,Ibrahim Sylla,NA,FALSE,FALSE,North Carolina A&T,North Carolina A&T
401087477,2018-11-29,North Carolina A&T,Central Connecticut,270,2,07:25:00,445,445,Deion Bute Block.,57,45,12,0,0.9470511921775928,0.956095375945446,3,3,-2.1,NA,NA,NA,NA,NA,NA,NA,NA,North Carolina A&T,North Carolina A&T
401087477,2018-11-29,North Carolina A&T,Central Connecticut,271,2,07:22:00,442,442,Ibrahim Sylla Offensive Rebound.,57,45,12,3,0.9476961319697794,0.9566170844724398,3,3,-2.1,NA,NA,NA,NA,NA,NA,NA,NA,North Carolina A&T,North Carolina A&T
401087477,2018-11-29,North Carolina A&T,Central Connecticut,272,2,07:19:00,439,439,Ibrahim Sylla made Layup.,59,45,14,3,0.9685733778665024,0.9740198331414892,3,3,-2.1,NA,NA,North Carolina A&T,made,Ibrahim Sylla,NA,FALSE,FALSE,North Carolina A&T,Central Connecticut
401087477,2018-11-29,North Carolina A&T,Central Connecticut,273,2,07:10:00,430,430,Ian Krishnan missed Three Point Jumper.,59,45,14,9,0.9700899491924364,0.9752468672552144,3,3,-2.1,NA,NA,Central Connecticut,missed,Ian Krishnan,NA,TRUE,FALSE,Central Connecticut,Central Connecticut
401087477,2018-11-29,North Carolina A&T,Central Connecticut,274,2,07:10:00,430,430,Deion Bute Offensive Rebound.,59,45,14,0,0.9700899491924364,0.9752468672552144,3,3,-2.1,NA,NA,NA,NA,NA,NA,NA,NA,Central Connecticut,Central Connecticut
401087477,2018-11-29,North Carolina A&T,Central Connecticut,275,2,07:04:00,424,424,Deion Bute missed Layup.,59,45,14,6,0.9710998807547584,0.9760645271013006,3,3,-2.1,NA,NA,Central Connecticut,missed,Deion Bute,NA,FALSE,FALSE,Central Connecticut,Central Connecticut
401087477,2018-11-29,North Carolina A&T,Central Connecticut,276,2,07:04:00,424,424,Deion Bute Offensive Rebound.,59,45,14,0,0.9710998807547584,0.9760645271013006,3,3,-2.1,NA,NA,NA,NA,NA,NA,NA,NA,Central Connecticut,Central Connecticut
401087477,2018-11-29,North Carolina A&T,Central Connecticut,277,2,07:01:00,421,421,Deion Bute made Layup.,59,47,12,3,0.9525572041327124,0.9605594270676532,3,3,-2.1,NA,NA,Central Connecticut,made,Deion Bute,NA,FALSE,FALSE,Central Connecticut,North Carolina A&T
401087477,2018-11-29,North Carolina A&T,Central Connecticut,278,2,06:56:00,416,416,Quavius Copeland made Layup. Assisted by Kameron Langley.,61,47,14,5,0.9723392797203588,0.9770666264933576,3,3,-2.1,NA,NA,North Carolina A&T,made,Quavius Copeland,Kameron Langley,FALSE,FALSE,North Carolina A&T,Central Connecticut
401087477,2018-11-29,North Carolina A&T,Central Connecticut,279,2,06:41:00,401,401,Tyson Batiste made Layup.,61,49,12,15,0.9566066880782764,0.9638338918911102,3,3,-2.1,NA,NA,Central Connecticut,made,Tyson Batiste,NA,FALSE,FALSE,Central Connecticut,North Carolina A&T
401087477,2018-11-29,North Carolina A&T,Central Connecticut,280,2,06:20:00,380,380,Kameron Langley Turnover.,61,49,12,21,0.9604319742714246,0.9669227920712988,3,3,-2.1,NA,NA,NA,NA,NA,NA,NA,NA,North Carolina A&T,Central Connecticut
401087477,2018-11-29,North Carolina A&T,Central Connecticut,281,2,06:19:00,379,379,Ian Krishnan Steal.,61,49,12,1,0.9606110766086348,0.9670675689683436,3,3,-2.1,NA,NA,NA,NA,NA,NA,NA,NA,North Carolina A&T,Central Connecticut
401087477,2018-11-29,North Carolina A&T,Central Connecticut,282,2,06:16:00,376,376,Foul on Quavius Copeland.,61,49,12,3,0.9611488123453044,0.9675024113611176,3,3,-2.1,NA,NA,NA,NA,NA,NA,NA,NA,Central Connecticut,Central Connecticut
401087477,2018-11-29,North Carolina A&T,Central Connecticut,283,2,06:16:00,376,376,Ian Krishnan made Free Throw.,61,50,11,0,0.949097263511808,0.9573342465621276,3,3,-2.1,NA,NA,Central Connecticut,made,Ian Krishnan,NA,FALSE,TRUE,Central Connecticut,Central Connecticut
401087477,2018-11-29,North Carolina A&T,Central Connecticut,284,2,06:16:00,376,376,Ian Krishnan made Free Throw.,61,51,10,0,0.9335657462740976,0.9441681627465576,3,3,-2.1,NA,NA,Central Connecticut,made,Ian Krishnan,NA,FALSE,TRUE,Central Connecticut,North Carolina A&T
401087477,2018-11-29,North Carolina A&T,Central Connecticut,285,2,05:58:00,358,358,Foul on Nelson Nweke.,61,51,10,18,0.938189380579104,0.9479230342984638,3,3,-2.1,NA,NA,NA,NA,NA,NA,NA,NA,North Carolina A&T,Central Connecticut
401087477,2018-11-29,North Carolina A&T,Central Connecticut,286,2,05:58:00,358,358,Ibrahim Sylla Turnover.,61,51,10,0,0.938189380579104,0.9479230342984638,3,3,-2.1,NA,NA,NA,NA,NA,NA,NA,NA,North Carolina A&T,Central Connecticut
401087477,2018-11-29,North Carolina A&T,Central Connecticut,287,2,05:46:00,346,346,Ian Krishnan missed Three Point Jumper.,61,51,10,12,0.941475624938767,0.9506053502729892,3,3,-2.1,NA,NA,Central Connecticut,missed,Ian Krishnan,NA,TRUE,FALSE,Central Connecticut,North Carolina A&T
401087477,2018-11-29,North Carolina A&T,Central Connecticut,288,2,05:46:00,346,346,Quavius Copeland Defensive Rebound.,61,51,10,0,0.941475624938767,0.9506053502729892,3,3,-2.1,NA,NA,NA,NA,NA,NA,NA,NA,Central Connecticut,North Carolina A&T
401087477,2018-11-29,North Carolina A&T,Central Connecticut,289,2,05:15:00,315,315,Andre Jackson missed Three Point Jumper.,61,51,10,31,0.9510511170550122,0.9584903399346164,3,3,-2.1,NA,NA,North Carolina A&T,missed,Andre Jackson,NA,TRUE,FALSE,North Carolina A&T,North Carolina A&T
401087477,2018-11-29,North Carolina A&T,Central Connecticut,290,2,05:15:00,315,315,North Carolina A&T Offensive Rebound.,61,51,10,0,0.9510511170550122,0.9584903399346164,3,3,-2.1,NA,NA,NA,NA,NA,NA,NA,NA,North Carolina A&T,North Carolina A&T
401087477,2018-11-29,North Carolina A&T,Central Connecticut,291,2,05:13:00,313,313,Foul on Deion Bute.,61,51,10,2,0.9517259003815598,0.959049565399522,3,3,-2.1,NA,NA,NA,NA,NA,NA,NA,NA,North Carolina A&T,Central Connecticut
401087477,2018-11-29,North Carolina A&T,Central Connecticut,292,2,05:13:00,313,313,Nelson Nweke made Free Throw.,62,51,11,0,0.9643168016675754,0.9697909319490122,3,3,-2.1,NA,NA,North Carolina A&T,made,Nelson Nweke,NA,FALSE,TRUE,North Carolina A&T,North Carolina A&T
401087477,2018-11-29,North Carolina A&T,Central Connecticut,293,2,05:13:00,313,313,Nelson Nweke missed Free Throw.,62,51,11,0,0.9643168016675754,0.9697909319490122,3,3,-2.1,NA,NA,North Carolina A&T,missed,Nelson Nweke,NA,FALSE,TRUE,North Carolina A&T,Central Connecticut
401087477,2018-11-29,North Carolina A&T,Central Connecticut,294,2,05:13:00,313,313,Jamir Coleman Defensive Rebound.,62,51,11,0,0.9643168016675754,0.9697909319490122,3,3,-2.1,NA,NA,NA,NA,NA,NA,NA,NA,North Carolina A&T,Central Connecticut
401087477,2018-11-29,North Carolina A&T,Central Connecticut,295,2,04:58:00,298,298,Foul on Andre Jackson.,62,51,11,15,0.9673942658560802,0.9723202636547924,3,3,-2.1,NA,NA,NA,NA,NA,NA,NA,NA,Central Connecticut,Central Connecticut
401087477,2018-11-29,North Carolina A&T,Central Connecticut,296,2,04:58:00,298,298,Tyson Batiste made Free Throw.,62,52,10,0,0.9554927002323332,0.962146401526744,3,3,-2.1,NA,NA,Central Connecticut,made,Tyson Batiste,NA,FALSE,TRUE,Central Connecticut,Central Connecticut
401087477,2018-11-29,North Carolina A&T,Central Connecticut,297,2,04:58:00,298,298,Tyson Batiste missed Free Throw.,62,52,10,0,0.9554927002323332,0.962146401526744,3,3,-2.1,NA,NA,Central Connecticut,missed,Tyson Batiste,NA,FALSE,TRUE,Central Connecticut,North Carolina A&T
401087477,2018-11-29,North Carolina A&T,Central Connecticut,298,2,04:58:00,298,298,Ibrahim Sylla Defensive Rebound.,62,52,10,0,0.9554927002323332,0.962146401526744,3,3,-2.1,NA,NA,NA,NA,NA,NA,NA,NA,Central Connecticut,North Carolina A&T
401087477,2018-11-29,North Carolina A&T,Central Connecticut,299,2,04:46:00,286,286,Quavius Copeland made Three Point Jumper.,65,52,13,12,0.982981269443462,0.9855500347897576,3,3,-2.1,NA,NA,North Carolina A&T,made,Quavius Copeland,NA,TRUE,FALSE,North Carolina A&T,Central Connecticut
401087477,2018-11-29,North Carolina A&T,Central Connecticut,300,2,04:32:00,272,272,Ian Krishnan missed Jumper.,65,52,13,14,0.982505564561913,0.9850999556244544,3,3,-2.1,NA,NA,Central Connecticut,missed,Ian Krishnan,NA,FALSE,FALSE,Central Connecticut,North Carolina A&T
401087477,2018-11-29,North Carolina A&T,Central Connecticut,301,2,04:32:00,272,272,Ibrahim Sylla Defensive Rebound.,65,52,13,0,0.982505564561913,0.9850999556244544,3,3,-2.1,NA,NA,NA,NA,NA,NA,NA,NA,Central Connecticut,North Carolina A&T
401087477,2018-11-29,North Carolina A&T,Central Connecticut,302,2,04:05:00,245,245,Milik Gantz missed Three Point Jumper.,65,52,13,27,0.9808858689879388,0.9836183459331744,3,3,-2.1,NA,NA,North Carolina A&T,missed,Milik Gantz,NA,TRUE,FALSE,North Carolina A&T,North Carolina A&T
401087477,2018-11-29,North Carolina A&T,Central Connecticut,303,2,04:05:00,245,245,Ronald Jackson Offensive Rebound.,65,52,13,0,0.9808858689879388,0.9836183459331744,3,3,-2.1,NA,NA,NA,NA,NA,NA,NA,NA,North Carolina A&T,North Carolina A&T
401087477,2018-11-29,North Carolina A&T,Central Connecticut,304,2,04:00:00,240,240,Ronald Jackson missed Layup.,65,52,13,5,0.980749320614167,0.9834818790776264,3,3,-2.1,NA,NA,North Carolina A&T,missed,Ronald Jackson,NA,FALSE,FALSE,North Carolina A&T,Central Connecticut
401087477,2018-11-29,North Carolina A&T,Central Connecticut,305,2,04:00:00,240,240,Karrington Wallace Defensive Rebound.,65,52,13,0,0.980749320614167,0.9834818790776264,3,3,-2.1,NA,NA,NA,NA,NA,NA,NA,NA,North Carolina A&T,Central Connecticut
401087477,2018-11-29,North Carolina A&T,Central Connecticut,306,2,03:54:00,234,234,Jamir Coleman missed Jumper.,65,52,13,6,0.980752777552907,0.9834614735883176,3,3,-2.1,NA,NA,Central Connecticut,missed,Jamir Coleman,NA,FALSE,FALSE,Central Connecticut,North Carolina A&T
401087477,2018-11-29,North Carolina A&T,Central Connecticut,307,2,03:54:00,234,234,Milik Gantz Defensive Rebound.,65,52,13,0,0.980752777552907,0.9834614735883176,3,3,-2.1,NA,NA,NA,NA,NA,NA,NA,NA,Central Connecticut,North Carolina A&T
401087477,2018-11-29,North Carolina A&T,Central Connecticut,308,2,03:43:00,223,223,North Carolina A&T  Timeout,65,52,13,11,0.9813792019960896,0.9839582644586456,3,2,-2.1,NA,NA,NA,NA,NA,NA,NA,NA,North Carolina A&T,North Carolina A&T
401087477,2018-11-29,North Carolina A&T,Central Connecticut,309,2,03:25:00,205,205,Foul on Deion Bute.,65,52,13,18,0.9844721652161014,0.9865659471995044,3,2,-2.1,NA,NA,NA,NA,NA,NA,NA,NA,North Carolina A&T,North Carolina A&T
401087477,2018-11-29,North Carolina A&T,Central Connecticut,310,2,03:25:00,205,205,Ibrahim Sylla made Free Throw.,66,52,14,0,0.9887932236402076,0.9903100865904078,3,2,-2.1,NA,NA,North Carolina A&T,made,Ibrahim Sylla,NA,FALSE,TRUE,North Carolina A&T,North Carolina A&T
401087477,2018-11-29,North Carolina A&T,Central Connecticut,311,2,03:25:00,205,205,Ibrahim Sylla missed Free Throw.,66,52,14,0,0.9887932236402076,0.9903100865904078,3,2,-2.1,NA,NA,North Carolina A&T,missed,Ibrahim Sylla,NA,FALSE,TRUE,North Carolina A&T,North Carolina A&T
401087477,2018-11-29,North Carolina A&T,Central Connecticut,312,2,03:25:00,205,205,North Carolina A&T Offensive Rebound.,66,52,14,0,0.9887932236402076,0.9903100865904078,3,2,-2.1,NA,NA,NA,NA,NA,NA,NA,NA,North Carolina A&T,North Carolina A&T
401087477,2018-11-29,North Carolina A&T,Central Connecticut,313,2,02:51:00,171,171,Foul on Joe Hugley.,66,52,14,34,0.99547843699503,0.9960547705138804,3,2,-2.1,NA,NA,NA,NA,NA,NA,NA,NA,North Carolina A&T,North Carolina A&T
401087477,2018-11-29,North Carolina A&T,Central Connecticut,314,2,02:51:00,171,171,Ronald Jackson made Free Throw.,67,52,15,0,0.9969496935196916,0.9973389970570072,3,2,-2.1,NA,NA,North Carolina A&T,made,Ronald Jackson,NA,FALSE,TRUE,North Carolina A&T,North Carolina A&T
401087477,2018-11-29,North Carolina A&T,Central Connecticut,315,2,02:51:00,171,171,Ronald Jackson made Free Throw.,68,52,16,0,0.9979432118325704,0.9982059431164704,3,2,-2.1,NA,NA,North Carolina A&T,made,Ronald Jackson,NA,FALSE,TRUE,North Carolina A&T,Central Connecticut
401087477,2018-11-29,North Carolina A&T,Central Connecticut,316,2,02:39:00,159,159,Joe Hugley missed Three Point Jumper.,68,52,16,12,0.9986717768254686,0.9988372121009546,3,2,-2.1,NA,NA,Central Connecticut,missed,Joe Hugley,NA,TRUE,FALSE,Central Connecticut,North Carolina A&T
401087477,2018-11-29,North Carolina A&T,Central Connecticut,317,2,02:39:00,159,159,Milik Gantz Defensive Rebound.,68,52,16,0,0.9986717768254686,0.9988372121009546,3,2,-2.1,NA,NA,NA,NA,NA,NA,NA,NA,Central Connecticut,North Carolina A&T
401087477,2018-11-29,North Carolina A&T,Central Connecticut,318,2,02:31:00,151,151,Milik Gantz made Layup.,70,52,18,8,0.9995976709970656,0.9996469245257268,3,2,-2.1,NA,NA,North Carolina A&T,made,Milik Gantz,NA,FALSE,FALSE,North Carolina A&T,Central Connecticut
401087477,2018-11-29,North Carolina A&T,Central Connecticut,319,2,02:18:00,138,138,Joe Hugley made Layup. Assisted by Ian Krishnan.,70,54,16,13,0.9994406111079712,0.9995069944690554,3,2,-2.1,NA,NA,Central Connecticut,made,Joe Hugley,Ian Krishnan,FALSE,FALSE,Central Connecticut,North Carolina A&T
401087477,2018-11-29,North Carolina A&T,Central Connecticut,320,2,02:18:00,138,138,Foul on Ibrahim Sylla.,70,54,16,0,0.9994406111079712,0.9995069944690554,3,2,-2.1,NA,NA,NA,NA,NA,NA,NA,NA,Central Connecticut,Central Connecticut
401087477,2018-11-29,North Carolina A&T,Central Connecticut,321,2,02:18:00,138,138,Joe Hugley made Free Throw.,70,55,15,0,0.9990999861835302,0.9992067598366396,3,2,-2.1,NA,NA,Central Connecticut,made,Joe Hugley,NA,FALSE,TRUE,Central Connecticut,North Carolina A&T
401087477,2018-11-29,North Carolina A&T,Central Connecticut,322,2,02:01:00,121,121,Milik Gantz Turnover.,70,55,15,17,0.999588957625618,0.9996356482329876,3,2,-2.1,NA,NA,NA,NA,NA,NA,NA,NA,North Carolina A&T,Central Connecticut
401087477,2018-11-29,North Carolina A&T,Central Connecticut,323,2,01:47:00,107,107,Jamir Coleman made Jumper.,70,57,13,14,0.999388890727641,0.9994556064216784,3,2,-2.1,NA,NA,Central Connecticut,made,Jamir Coleman,NA,FALSE,FALSE,Central Connecticut,North Carolina A&T
401087477,2018-11-29,North Carolina A&T,Central Connecticut,324,2,01:12:00,72,72,Quavius Copeland missed Three Point Jumper.,70,57,13,35,0.9999210140305144,0.9999287072842972,3,2,-2.1,NA,NA,North Carolina A&T,missed,Quavius Copeland,NA,TRUE,FALSE,North Carolina A&T,Central Connecticut
401087477,2018-11-29,North Carolina A&T,Central Connecticut,325,2,01:12:00,72,72,Central Connecticut Defensive Rebound.,70,57,13,0,0.9999210140305144,0.9999287072842972,3,2,-2.1,NA,NA,NA,NA,NA,NA,NA,NA,North Carolina A&T,Central Connecticut
401087477,2018-11-29,North Carolina A&T,Central Connecticut,326,2,01:11:00,71,71,Foul on Ibrahim Sylla.,70,57,13,1,0.99992605828683645,0.9999332339967764,3,2,-2.1,NA,NA,NA,NA,NA,NA,NA,NA,Central Connecticut,Central Connecticut
401087477,2018-11-29,North Carolina A&T,Central Connecticut,327,2,01:11:00,71,71,Thai Segwai made Free Throw.,70,58,12,0,0.9998451040139128,0.9998601348722091,3,2,-2.1,NA,NA,Central Connecticut,made,Thai Segwai,NA,FALSE,TRUE,Central Connecticut,Central Connecticut
401087477,2018-11-29,North Carolina A&T,Central Connecticut,328,2,01:11:00,71,71,Thai Segwai missed Free Throw.,70,58,12,0,0.9998451040139128,0.9998601348722091,3,2,-2.1,NA,NA,Central Connecticut,missed,Thai Segwai,NA,FALSE,TRUE,Central Connecticut,North Carolina A&T
401087477,2018-11-29,North Carolina A&T,Central Connecticut,329,2,01:11:00,71,71,Ronald Jackson Defensive Rebound.,70,58,12,0,0.9998451040139128,0.9998601348722091,3,2,-2.1,NA,NA,NA,NA,NA,NA,NA,NA,Central Connecticut,North Carolina A&T
401087477,2018-11-29,North Carolina A&T,Central Connecticut,330,2,01:03:00,63,63,Quavius Copeland Turnover.,70,58,12,8,0.9999059233366016,0.9999147826305852,3,2,-2.1,NA,NA,NA,NA,NA,NA,NA,NA,North Carolina A&T,Central Connecticut
401087477,2018-11-29,North Carolina A&T,Central Connecticut,331,2,00:55:00,55,55,Ian Krishnan missed Three Point Jumper.,70,58,12,8,0.9999439905622304,0.9999491011366496,3,2,-2.1,NA,NA,Central Connecticut,missed,Ian Krishnan,NA,TRUE,FALSE,Central Connecticut,Central Connecticut
401087477,2018-11-29,North Carolina A&T,Central Connecticut,332,2,00:55:00,55,55,Joe Hugley Offensive Rebound.,70,58,12,0,0.9999439905622304,0.9999491011366496,3,2,-2.1,NA,NA,NA,NA,NA,NA,NA,NA,Central Connecticut,Central Connecticut
401087477,2018-11-29,North Carolina A&T,Central Connecticut,333,2,00:50:00,50,50,Joe Hugley missed Layup.,70,58,12,5,0.9999599672478954,0.9999635455157618,3,2,-2.1,NA,NA,Central Connecticut,missed,Joe Hugley,NA,FALSE,FALSE,Central Connecticut,Central Connecticut
401087477,2018-11-29,North Carolina A&T,Central Connecticut,334,2,00:50:00,50,50,Ibrahim Sylla Block.,70,58,12,0,0.9999599672478954,0.9999635455157618,3,2,-2.1,NA,NA,NA,NA,NA,NA,NA,NA,Central Connecticut,Central Connecticut
401087477,2018-11-29,North Carolina A&T,Central Connecticut,335,2,00:48:00,48,48,Joe Hugley Offensive Rebound.,70,58,12,2,0.9999650958482244,0.999968189456011,3,2,-2.1,NA,NA,NA,NA,NA,NA,NA,NA,Central Connecticut,Central Connecticut
401087477,2018-11-29,North Carolina A&T,Central Connecticut,336,2,00:45:00,45,45,Joe Hugley made Layup.,70,60,10,3,0.9998352918109896,0.9998497011897334,3,2,-2.1,NA,NA,Central Connecticut,made,Joe Hugley,NA,FALSE,FALSE,Central Connecticut,North Carolina A&T
401087477,2018-11-29,North Carolina A&T,Central Connecticut,337,2,00:39:00,39,39,Foul on Ian Krishnan.,70,60,10,6,0.9998848891646334,0.9998946948799846,3,2,-2.1,NA,NA,NA,NA,NA,NA,NA,NA,North Carolina A&T,North Carolina A&T
401087477,2018-11-29,North Carolina A&T,Central Connecticut,338,2,00:39:00,39,39,Quavius Copeland made Free Throw.,71,60,11,0,0.9999539323863996,0.9999578569034908,3,2,-2.1,NA,NA,North Carolina A&T,made,Quavius Copeland,NA,FALSE,TRUE,North Carolina A&T,North Carolina A&T
401087477,2018-11-29,North Carolina A&T,Central Connecticut,339,2,00:39:00,39,39,Quavius Copeland made Free Throw.,72,60,12,0,0.9999815644016128,0.9999831349767796,3,2,-2.1,NA,NA,North Carolina A&T,made,Quavius Copeland,NA,FALSE,TRUE,North Carolina A&T,Central Connecticut
401087477,2018-11-29,North Carolina A&T,Central Connecticut,340,2,00:28:00,28,28,Jamir Coleman Turnover.,72,60,12,11,0.9999918995651176,0.999992554691209,3,2,-2.1,NA,NA,NA,NA,NA,NA,NA,NA,Central Connecticut,North Carolina A&T
401087477,2018-11-29,North Carolina A&T,Central Connecticut,341,2,00:00:00,0,0,End of Game,72,60,12,28,1,1,3,2,-2.1,NA,NA,NA,NA,NA,NA,NA,NA,North Carolina A&T,NA
