game_id,date,home,away,play_id,half,time_remaining_half,secs_remaining,secs_remaining_absolute,description,home_score,away_score,score_diff,play_length,win_prob,naive_win_prob,home_time_out_remaining,away_time_out_remaining,home_favored_by,shot_x,shot_y,shot_team,shot_outcome,shooter,assist,three_pt,free_throw,possession_before,possession_after
401086901,2019-01-17,Northern Arizona,Sacramento State,1,1,20:00:00,2400,2400,PLAY,0,0,0,0,0.5400219518269808,0.5,4,4,1,NA,NA,NA,NA,NA,NA,NA,NA,NA,Sacramento State
401086901,2019-01-17,Northern Arizona,Sacramento State,2,1,19:21:00,2361,2361,Bryce Fowler missed Jumper.,0,0,0,39,0.5398641370422527,0.5,4,4,1,NA,NA,Sacramento State,missed,Bryce Fowler,NA,FALSE,FALSE,Sacramento State,Northern Arizona
401086901,2019-01-17,Northern Arizona,Sacramento State,3,1,19:21:00,2361,2361,Bernie Andre Defensive Rebound.,0,0,0,0,0.5398641370422527,0.5,4,4,1,NA,NA,NA,NA,NA,NA,NA,NA,Sacramento State,Northern Arizona
401086901,2019-01-17,Northern Arizona,Sacramento State,4,1,19:08:00,2348,2348,Ted McCree Turnover.,0,0,0,13,0.5398098730695048,0.5,4,4,1,NA,NA,NA,NA,NA,NA,NA,NA,Northern Arizona,Sacramento State
401086901,2019-01-17,Northern Arizona,Sacramento State,5,1,19:06:00,2346,2346,Marcus Graves Steal.,0,0,0,2,0.5398014493163196,0.5,4,4,1,NA,NA,NA,NA,NA,NA,NA,NA,Northern Arizona,Sacramento State
401086901,2019-01-17,Northern Arizona,Sacramento State,6,1,18:57:00,2337,2337,Marcus Graves missed Jumper.,0,0,0,9,0.5397632907682834,0.5,4,4,1,NA,NA,Sacramento State,missed,Marcus Graves,NA,FALSE,FALSE,Sacramento State,Sacramento State
401086901,2019-01-17,Northern Arizona,Sacramento State,7,1,18:57:00,2337,2337,Joshua Patton Offensive Rebound.,0,0,0,0,0.5397632907682834,0.5,4,4,1,NA,NA,NA,NA,NA,NA,NA,NA,Sacramento State,Sacramento State
401086901,2019-01-17,Northern Arizona,Sacramento State,8,1,18:46:00,2326,2326,Bryce Fowler made Three Point Jumper. Assisted by Joshua Patton.,0,3,-3,11,0.4712206995787662,0.4318163477183905,4,4,1,NA,NA,Sacramento State,made,Bryce Fowler,Joshua Patton,TRUE,FALSE,Sacramento State,Northern Arizona
401086901,2019-01-17,Northern Arizona,Sacramento State,9,1,18:04:00,2284,2284,Carlos Hines missed Jumper.,0,3,-3,42,0.46963126734698496,0.4304353206722421,4,4,1,NA,NA,Northern Arizona,missed,Carlos Hines,NA,FALSE,FALSE,Northern Arizona,Sacramento State
401086901,2019-01-17,Northern Arizona,Sacramento State,10,1,18:04:00,2284,2284,Calvin Martin Defensive Rebound.,0,3,-3,0,0.46963126734698496,0.4304353206722421,4,4,1,NA,NA,NA,NA,NA,NA,NA,NA,Northern Arizona,Sacramento State
401086901,2019-01-17,Northern Arizona,Sacramento State,11,1,17:32:00,2252,2252,Joshua Patton made Layup.,32,38,-6,32,0.3986682853438784,0.3614973992060293,4,4,1,NA,NA,Sacramento State,made,Joshua Patton,NA,FALSE,FALSE,Sacramento State,Northern Arizona
401086901,2019-01-17,Northern Arizona,Sacramento State,13,1,17:18:00,2238,2238,Marcus Graves Defensive Rebound.,0,3,-3,0,0.4678510199273615,0.42889546373223,4,4,1,NA,NA,NA,NA,NA,NA,NA,NA,Northern Arizona,Sacramento State
401086901,2019-01-17,Northern Arizona,Sacramento State,14,1,17:14:00,2234,2234,Calvin Martin missed Layup.,0,3,-3,4,0.46769449109946465,0.42876045509782373,4,4,1,NA,NA,Sacramento State,missed,Calvin Martin,NA,FALSE,FALSE,Sacramento State,Sacramento State
401086901,2019-01-17,Northern Arizona,Sacramento State,15,1,17:14:00,2234,2234,Isaiah Thomas Block.,0,3,-3,0,0.46769449109946465,0.42876045509782373,4,4,1,NA,NA,NA,NA,NA,NA,NA,NA,Sacramento State,Sacramento State
401086901,2019-01-17,Northern Arizona,Sacramento State,16,1,17:14:00,2234,2234,Bernie Andre Defensive Rebound.,0,3,-3,0,0.46769449109946465,0.42876045509782373,4,4,1,NA,NA,NA,NA,NA,NA,NA,NA,Sacramento State,Sacramento State
401086901,2019-01-17,Northern Arizona,Sacramento State,17,1,17:14:00,2234,2234,Foul on Calvin Martin.,0,3,-3,0,0.46769449109946465,0.42876045509782373,4,4,1,NA,NA,NA,NA,NA,NA,NA,NA,Sacramento State,Sacramento State
401086901,2019-01-17,Northern Arizona,Sacramento State,18,1,17:14:00,2234,2234,Ted McCree missed Jumper.,0,3,-3,0,0.46769449109946465,0.42876045509782373,4,4,1,NA,NA,Northern Arizona,missed,Ted McCree,NA,FALSE,FALSE,Sacramento State,Sacramento State
401086901,2019-01-17,Northern Arizona,Sacramento State,19,1,17:14:00,2234,2234,Joshua Patton Defensive Rebound.,0,3,-3,0,0.46769449109946465,0.42876045509782373,4,4,1,NA,NA,NA,NA,NA,NA,NA,NA,Sacramento State,Sacramento State
401086901,2019-01-17,Northern Arizona,Sacramento State,20,1,17:14:00,2234,2234,Foul on Isaiah Thomas.,0,3,-3,0,0.46769449109946465,0.42876045509782373,4,4,1,NA,NA,NA,NA,NA,NA,NA,NA,Sacramento State,Sacramento State
401086901,2019-01-17,Northern Arizona,Sacramento State,21,1,17:10:00,2230,2230,Joshua Patton made Dunk. Assisted by Bryce Fowler.,0,5,-5,4,0.42026795650795545,0.3824638294046496,4,4,1,NA,NA,Sacramento State,made,Joshua Patton,Bryce Fowler,FALSE,FALSE,Sacramento State,Northern Arizona
401086901,2019-01-17,Northern Arizona,Sacramento State,22,1,16:40:00,2200,2200,Bernie Andre missed Jumper.,0,5,-5,30,0.4184350969618803,0.3808281866647437,4,4,1,NA,NA,Northern Arizona,missed,Bernie Andre,NA,FALSE,FALSE,Northern Arizona,Sacramento State
401086901,2019-01-17,Northern Arizona,Sacramento State,23,1,16:40:00,2200,2200,Chibueze Jacobs Defensive Rebound.,0,5,-5,0,0.4184350969618803,0.3808281866647437,4,4,1,NA,NA,NA,NA,NA,NA,NA,NA,Northern Arizona,Sacramento State
401086901,2019-01-17,Northern Arizona,Sacramento State,24,1,16:39:00,2199,2199,Joshua Patton made Layup. Assisted by Marcus Graves.,0,7,-7,1,0.3719268325443522,0.336088807147249,4,4,1,NA,NA,Sacramento State,made,Joshua Patton,Marcus Graves,FALSE,FALSE,Sacramento State,Northern Arizona
401086901,2019-01-17,Northern Arizona,Sacramento State,25,1,16:39:00,2199,2199,Northern Arizona  Timeout,0,7,-7,0,0.3719268325443522,0.336088807147249,3,4,1,NA,NA,NA,NA,NA,NA,NA,NA,Sacramento State,Northern Arizona
401086901,2019-01-17,Northern Arizona,Sacramento State,26,1,16:28:00,2188,2188,Nik Mains missed Layup.,0,7,-7,11,0.3710394543392957,0.3352913018858985,3,4,1,NA,NA,Northern Arizona,missed,Nik Mains,NA,FALSE,FALSE,Northern Arizona,Northern Arizona
401086901,2019-01-17,Northern Arizona,Sacramento State,27,1,16:28:00,2188,2188,Nik Mains Offensive Rebound.,0,7,-7,0,0.3710394543392957,0.3352913018858985,3,4,1,NA,NA,NA,NA,NA,NA,NA,NA,Northern Arizona,Northern Arizona
401086901,2019-01-17,Northern Arizona,Sacramento State,28,1,16:22:00,2182,2182,Foul on Marcus Graves.,0,7,-7,6,0.3705547215660105,0.33485594821010506,3,4,1,NA,NA,NA,NA,NA,NA,NA,NA,Northern Arizona,Northern Arizona
401086901,2019-01-17,Northern Arizona,Sacramento State,29,1,16:22:00,2182,2182,Davon Bolton made Free Throw.,1,7,-6,0,0.39369790875774574,0.3570342163763058,3,4,1,NA,NA,Northern Arizona,made,Davon Bolton,NA,FALSE,TRUE,Northern Arizona,Northern Arizona
401086901,2019-01-17,Northern Arizona,Sacramento State,30,1,16:22:00,2182,2182,Davon Bolton made Free Throw.,2,7,-5,0,0.4173281886985109,0.379842549881732,3,4,1,NA,NA,Northern Arizona,made,Davon Bolton,NA,FALSE,TRUE,Northern Arizona,Sacramento State
401086901,2019-01-17,Northern Arizona,Sacramento State,31,1,15:59:00,2159,2159,Osi Nwachukwu made Three Point Jumper. Assisted by Marcus Graves.,2,10,-8,23,0.34593652797329244,0.31153939656493634,3,4,1,NA,NA,Sacramento State,made,Osi Nwachukwu,Marcus Graves,TRUE,FALSE,Sacramento State,Northern Arizona
401086901,2019-01-17,Northern Arizona,Sacramento State,32,1,15:33:00,2133,2133,Foul on Marcus Graves.,2,10,-8,26,0.3436002933730268,0.3094452699301163,3,4,1,NA,NA,NA,NA,NA,NA,NA,NA,Northern Arizona,Northern Arizona
401086901,2019-01-17,Northern Arizona,Sacramento State,33,1,15:33:00,2133,2133,Official TV Timeout,2,10,-8,0,0.3436002933730268,0.3094452699301163,3,4,1,NA,NA,NA,NA,NA,NA,NA,NA,Northern Arizona,Northern Arizona
401086901,2019-01-17,Northern Arizona,Sacramento State,34,1,15:23:00,2123,2123,Brooks DeBisschop made Layup. Assisted by Davon Bolton.,4,10,-6,10,0.3894387312924845,0.35322901126962186,3,4,1,NA,NA,Northern Arizona,made,Brooks DeBisschop,Davon Bolton,FALSE,FALSE,Northern Arizona,Sacramento State
401086901,2019-01-17,Northern Arizona,Sacramento State,35,1,15:05:00,2105,2105,Ethan Esposito missed Jumper.,4,10,-6,18,0.3881220233357662,0.35205559269668435,3,4,1,NA,NA,Sacramento State,missed,Ethan Esposito,NA,FALSE,FALSE,Sacramento State,Sacramento State
401086901,2019-01-17,Northern Arizona,Sacramento State,36,1,15:05:00,2105,2105,Elijah McCullough Offensive Rebound.,4,10,-6,0,0.3881220233357662,0.35205559269668435,3,4,1,NA,NA,NA,NA,NA,NA,NA,NA,Sacramento State,Sacramento State
401086901,2019-01-17,Northern Arizona,Sacramento State,37,1,14:50:00,2090,2090,Davon Bolton missed Three Point Jumper.,4,10,-6,15,0.3870178788945377,0.3510725495325854,3,4,1,NA,NA,Northern Arizona,missed,Davon Bolton,NA,TRUE,FALSE,Northern Arizona,Sacramento State
401086901,2019-01-17,Northern Arizona,Sacramento State,38,1,14:50:00,2090,2090,Bryce Fowler Defensive Rebound.,4,10,-6,0,0.3870178788945377,0.3510725495325854,3,4,1,NA,NA,NA,NA,NA,NA,NA,NA,Northern Arizona,Sacramento State
401086901,2019-01-17,Northern Arizona,Sacramento State,39,1,14:36:00,2076,2076,Izayah Mauriohooho-Le'afa missed Three Point Jumper.,4,10,-6,14,0.385981431956094,0.35015051234383593,3,4,1,NA,NA,Sacramento State,missed,Izayah Mauriohooho-Le'afa,NA,TRUE,FALSE,Sacramento State,Northern Arizona
401086901,2019-01-17,Northern Arizona,Sacramento State,40,1,14:36:00,2076,2076,Northern Arizona Defensive Rebound.,4,10,-6,0,0.385981431956094,0.35015051234383593,3,4,1,NA,NA,NA,NA,NA,NA,NA,NA,Sacramento State,Northern Arizona
401086901,2019-01-17,Northern Arizona,Sacramento State,41,1,14:10:00,2050,2050,Foul on Davon Bolton.,4,10,-6,26,0.38404067644760354,0.34842575112358487,3,4,1,NA,NA,NA,NA,NA,NA,NA,NA,Northern Arizona,Sacramento State
401086901,2019-01-17,Northern Arizona,Sacramento State,42,1,13:39:00,2019,2019,James Bridges made Layup.,4,12,-8,31,0.33313049222761226,0.3000939922499867,3,4,1,NA,NA,Sacramento State,made,James Bridges,NA,FALSE,FALSE,Sacramento State,Northern Arizona
401086901,2019-01-17,Northern Arizona,Sacramento State,43,1,13:26:00,2006,2006,Carlos Hines Turnover.,4,12,-8,13,0.3319091237329557,0.29900603191963626,3,4,1,NA,NA,NA,NA,NA,NA,NA,NA,Northern Arizona,Sacramento State
401086901,2019-01-17,Northern Arizona,Sacramento State,44,1,13:24:00,2004,2004,Osi Nwachukwu Steal.,4,12,-8,2,0.33172066252628307,0.2988382009460382,3,4,1,NA,NA,NA,NA,NA,NA,NA,NA,Northern Arizona,Sacramento State
401086901,2019-01-17,Northern Arizona,Sacramento State,45,1,13:17:00,1997,1997,Joshua Patton made Layup.,4,14,-10,7,0.28550694995596526,0.2554872428574041,3,4,1,NA,NA,Sacramento State,made,Joshua Patton,NA,FALSE,FALSE,Sacramento State,Northern Arizona
401086901,2019-01-17,Northern Arizona,Sacramento State,46,1,13:02:00,1982,1982,Ted McCree missed Layup.,4,14,-10,15,0.28388922611307477,0.254049918471783,3,4,1,NA,NA,Northern Arizona,missed,Ted McCree,NA,FALSE,FALSE,Northern Arizona,Sacramento State
401086901,2019-01-17,Northern Arizona,Sacramento State,47,1,13:02:00,1982,1982,Osi Nwachukwu Defensive Rebound.,4,14,-10,0,0.28388922611307477,0.254049918471783,3,4,1,NA,NA,NA,NA,NA,NA,NA,NA,Northern Arizona,Sacramento State
401086901,2019-01-17,Northern Arizona,Sacramento State,48,1,12:47:00,1967,1967,James Bridges made Three Point Jumper.,4,17,-13,15,0.22119947229834505,0.1962041933016948,3,4,1,NA,NA,Sacramento State,made,James Bridges,NA,TRUE,FALSE,Sacramento State,Northern Arizona
401086901,2019-01-17,Northern Arizona,Sacramento State,49,1,12:18:00,1938,1938,Nik Mains missed Three Point Jumper.,4,17,-13,29,0.2177443559969172,0.19315846499171535,3,4,1,NA,NA,Northern Arizona,missed,Nik Mains,NA,TRUE,FALSE,Northern Arizona,Sacramento State
401086901,2019-01-17,Northern Arizona,Sacramento State,50,1,12:18:00,1938,1938,Osi Nwachukwu Defensive Rebound.,4,17,-13,0,0.2177443559969172,0.19315846499171535,3,4,1,NA,NA,NA,NA,NA,NA,NA,NA,Northern Arizona,Sacramento State
401086901,2019-01-17,Northern Arizona,Sacramento State,51,1,11:59:00,1919,1919,Joshua Patton made Dunk. Assisted by Izayah Mauriohooho-Le'afa.,4,19,-15,19,0.1803237726157629,0.1591700777799753,3,4,1,NA,NA,Sacramento State,made,Joshua Patton,Izayah Mauriohooho-Le'afa,FALSE,FALSE,Sacramento State,Northern Arizona
401086901,2019-01-17,Northern Arizona,Sacramento State,52,1,11:45:00,1905,1905,Foul on Calvin Martin.,4,19,-15,14,0.1786582763852509,0.15771172468528405,3,4,1,NA,NA,NA,NA,NA,NA,NA,NA,Northern Arizona,Northern Arizona
401086901,2019-01-17,Northern Arizona,Sacramento State,53,1,11:45:00,1905,1905,Official TV Timeout,4,19,-15,0,0.1786582763852509,0.15771172468528405,3,4,1,NA,NA,NA,NA,NA,NA,NA,NA,Northern Arizona,Northern Arizona
401086901,2019-01-17,Northern Arizona,Sacramento State,54,1,11:34:00,1894,1894,Carlos Hines Turnover.,4,19,-15,11,0.1773585004062896,0.156574326094253,3,4,1,NA,NA,NA,NA,NA,NA,NA,NA,Northern Arizona,Sacramento State
401086901,2019-01-17,Northern Arizona,Sacramento State,55,1,11:15:00,1875,1875,Foul on Aziz Seck.,4,19,-15,19,0.1751288934364834,0.15462459508646692,3,4,1,NA,NA,NA,NA,NA,NA,NA,NA,Sacramento State,Sacramento State
401086901,2019-01-17,Northern Arizona,Sacramento State,56,1,11:15:00,1875,1875,Joshua Patton made Free Throw.,4,20,-16,0,0.15936546192230394,0.14039264441584304,3,4,1,NA,NA,Sacramento State,made,Joshua Patton,NA,FALSE,TRUE,Sacramento State,Sacramento State
401086901,2019-01-17,Northern Arizona,Sacramento State,57,1,11:15:00,1875,1875,Joshua Patton missed Free Throw.,4,20,-16,0,0.15936546192230394,0.14039264441584304,3,4,1,NA,NA,Sacramento State,missed,Joshua Patton,NA,FALSE,TRUE,Sacramento State,Northern Arizona
401086901,2019-01-17,Northern Arizona,Sacramento State,58,1,11:15:00,1875,1875,Bernie Andre Defensive Rebound.,4,20,-16,0,0.15936546192230394,0.14039264441584304,3,4,1,NA,NA,NA,NA,NA,NA,NA,NA,Sacramento State,Northern Arizona
401086901,2019-01-17,Northern Arizona,Sacramento State,59,1,10:55:00,1855,1855,Ted McCree missed Three Point Jumper.,4,20,-16,20,0.15706687904925945,0.1383888154897572,3,4,1,NA,NA,Northern Arizona,missed,Ted McCree,NA,TRUE,FALSE,Northern Arizona,Sacramento State
401086901,2019-01-17,Northern Arizona,Sacramento State,60,1,10:55:00,1855,1855,Chibueze Jacobs Defensive Rebound.,4,20,-16,0,0.15706687904925945,0.1383888154897572,3,4,1,NA,NA,NA,NA,NA,NA,NA,NA,Northern Arizona,Sacramento State
401086901,2019-01-17,Northern Arizona,Sacramento State,61,1,10:24:00,1824,1824,Joshua Patton missed Layup.,4,20,-16,31,0.15353204327305078,0.13530959963043426,3,4,1,NA,NA,Sacramento State,missed,Joshua Patton,NA,FALSE,FALSE,Sacramento State,Northern Arizona
401086901,2019-01-17,Northern Arizona,Sacramento State,62,1,10:24:00,1824,1824,Aziz Seck Block.,4,20,-16,0,0.15353204327305078,0.13530959963043426,3,4,1,NA,NA,NA,NA,NA,NA,NA,NA,Sacramento State,Northern Arizona
401086901,2019-01-17,Northern Arizona,Sacramento State,63,1,10:21:00,1821,1821,Bernie Andre Defensive Rebound.,4,20,-16,3,0.15319121812269473,0.13501282618461163,3,4,1,NA,NA,NA,NA,NA,NA,NA,NA,Sacramento State,Northern Arizona
401086901,2019-01-17,Northern Arizona,Sacramento State,64,1,10:11:00,1811,1811,Aziz Seck missed Layup.,4,20,-16,10,0.1520561879231734,0.1340246233034328,3,4,1,NA,NA,Northern Arizona,missed,Aziz Seck,NA,FALSE,FALSE,Northern Arizona,Sacramento State
401086901,2019-01-17,Northern Arizona,Sacramento State,65,1,10:11:00,1811,1811,Chibueze Jacobs Defensive Rebound.,4,20,-16,0,0.1520561879231734,0.1340246233034328,3,4,1,NA,NA,NA,NA,NA,NA,NA,NA,Northern Arizona,Sacramento State
401086901,2019-01-17,Northern Arizona,Sacramento State,66,1,10:03:00,1803,1803,Foul on Luke Avdalovic.,4,20,-16,8,0.15114905167657652,0.1332349563859844,3,4,1,NA,NA,NA,NA,NA,NA,NA,NA,Northern Arizona,Sacramento State
401086901,2019-01-17,Northern Arizona,Sacramento State,67,1,10:03:00,1803,1803,Chibueze Jacobs made Free Throw.,4,21,-17,0,0.13673723597113627,0.1202891714912462,3,4,1,NA,NA,Sacramento State,made,Chibueze Jacobs,NA,FALSE,TRUE,Sacramento State,Sacramento State
401086901,2019-01-17,Northern Arizona,Sacramento State,68,1,10:03:00,1803,1803,Chibueze Jacobs made Free Throw.,4,22,-18,0,0.12349963880828382,0.1084438874239527,3,4,1,NA,NA,Sacramento State,made,Chibueze Jacobs,NA,FALSE,TRUE,Sacramento State,Northern Arizona
401086901,2019-01-17,Northern Arizona,Sacramento State,69,1,10:03:00,1803,1803,Bernie Andre made Layup.,6,22,-16,0,0.15114905167657652,0.1332349563859844,3,4,1,NA,NA,Northern Arizona,made,Bernie Andre,NA,FALSE,FALSE,Northern Arizona,Sacramento State
401086901,2019-01-17,Northern Arizona,Sacramento State,70,1,10:03:00,1803,1803,Ethan Esposito Turnover.,6,22,-16,0,0.15114905167657652,0.1332349563859844,3,4,1,NA,NA,NA,NA,NA,NA,NA,NA,Northern Arizona,Northern Arizona
401086901,2019-01-17,Northern Arizona,Sacramento State,71,1,10:03:00,1803,1803,Carlos Hines Steal.,6,22,-16,0,0.15114905167657652,0.1332349563859844,3,4,1,NA,NA,NA,NA,NA,NA,NA,NA,Northern Arizona,Northern Arizona
401086901,2019-01-17,Northern Arizona,Sacramento State,72,1,09:55:00,1795,1795,Foul on James Bridges.,6,22,-16,8,0.15024240352730991,0.13244580624832925,3,4,1,NA,NA,NA,NA,NA,NA,NA,NA,Northern Arizona,Northern Arizona
401086901,2019-01-17,Northern Arizona,Sacramento State,73,1,09:43:00,1783,1783,Davon Bolton missed Jumper.,6,22,-16,12,0.1488827545792154,0.13126250139259624,3,4,1,NA,NA,Northern Arizona,missed,Davon Bolton,NA,FALSE,FALSE,Northern Arizona,Northern Arizona
401086901,2019-01-17,Northern Arizona,Sacramento State,74,1,09:43:00,1783,1783,Northern Arizona Offensive Rebound.,6,22,-16,0,0.1488827545792154,0.13126250139259624,3,4,1,NA,NA,NA,NA,NA,NA,NA,NA,Northern Arizona,Northern Arizona
401086901,2019-01-17,Northern Arizona,Sacramento State,75,1,09:34:00,1774,1774,Bernie Andre missed Jumper.,6,22,-16,9,0.1478628026112236,0.13037491827357306,3,4,1,NA,NA,Northern Arizona,missed,Bernie Andre,NA,FALSE,FALSE,Northern Arizona,Northern Arizona
401086901,2019-01-17,Northern Arizona,Sacramento State,76,1,09:34:00,1774,1774,Isaiah Thomas Offensive Rebound.,6,22,-16,0,0.1478628026112236,0.13037491827357306,3,4,1,NA,NA,NA,NA,NA,NA,NA,NA,Northern Arizona,Northern Arizona
401086901,2019-01-17,Northern Arizona,Sacramento State,77,1,09:19:00,1759,1759,Carlos Hines made Jumper.,8,22,-14,15,0.178552623877328,0.15816791005002173,3,4,1,NA,NA,Northern Arizona,made,Carlos Hines,NA,FALSE,FALSE,Northern Arizona,Sacramento State
401086901,2019-01-17,Northern Arizona,Sacramento State,78,1,08:58:00,1738,1738,Foul on Carlos Hines.,8,22,-14,21,0.17608225135289687,0.15600910470184906,3,4,1,NA,NA,NA,NA,NA,NA,NA,NA,Sacramento State,Sacramento State
401086901,2019-01-17,Northern Arizona,Sacramento State,79,1,08:45:00,1725,1725,Osi Nwachukwu missed Three Point Jumper.,8,22,-14,13,0.17454436626157033,0.15466514373132703,3,4,1,NA,NA,Sacramento State,missed,Osi Nwachukwu,NA,TRUE,FALSE,Sacramento State,Northern Arizona
401086901,2019-01-17,Northern Arizona,Sacramento State,80,1,08:45:00,1725,1725,Luke Avdalovic Defensive Rebound.,8,22,-14,0,0.17454436626157033,0.15466514373132703,3,4,1,NA,NA,NA,NA,NA,NA,NA,NA,Sacramento State,Northern Arizona
401086901,2019-01-17,Northern Arizona,Sacramento State,81,1,08:30:00,1710,1710,Carlos Hines missed Three Point Jumper.,8,22,-14,15,0.1727601130165479,0.15310574862899426,3,4,1,NA,NA,Northern Arizona,missed,Carlos Hines,NA,TRUE,FALSE,Northern Arizona,Sacramento State
401086901,2019-01-17,Northern Arizona,Sacramento State,82,1,08:30:00,1710,1710,Osi Nwachukwu Defensive Rebound.,8,22,-14,0,0.1727601130165479,0.15310574862899426,3,4,1,NA,NA,NA,NA,NA,NA,NA,NA,Northern Arizona,Sacramento State
401086901,2019-01-17,Northern Arizona,Sacramento State,83,1,08:21:00,1701,1701,Foul on Bryce Fowler.,8,22,-14,9,0.1716839449687914,0.15216509892525287,3,4,1,NA,NA,NA,NA,NA,NA,NA,NA,Northern Arizona,Sacramento State
401086901,2019-01-17,Northern Arizona,Sacramento State,84,1,08:01:00,1681,1681,Izayah Mauriohooho-Le'afa made Three Point Jumper. Assisted by Joshua Patton.,8,25,-17,20,0.1232223370866659,0.10855130780640118,3,4,1,NA,NA,Sacramento State,made,Izayah Mauriohooho-Le'afa,Joshua Patton,TRUE,FALSE,Sacramento State,Northern Arizona
401086901,2019-01-17,Northern Arizona,Sacramento State,85,1,07:20:00,1640,1640,Bernie Andre missed Jumper.,8,25,-17,41,0.11889851116681054,0.10480477697222608,3,4,1,NA,NA,Northern Arizona,missed,Bernie Andre,NA,FALSE,FALSE,Northern Arizona,Northern Arizona
401086901,2019-01-17,Northern Arizona,Sacramento State,86,1,07:20:00,1640,1640,Northern Arizona Deadball Team Rebound.,8,25,-17,0,0.11889851116681054,0.10480477697222608,3,4,1,NA,NA,NA,NA,NA,NA,NA,NA,Northern Arizona,Northern Arizona
401086901,2019-01-17,Northern Arizona,Sacramento State,87,1,07:20:00,1640,1640,Foul on Chibueze Jacobs.,8,25,-17,0,0.11889851116681054,0.10480477697222608,3,4,1,NA,NA,NA,NA,NA,NA,NA,NA,Northern Arizona,Northern Arizona
401086901,2019-01-17,Northern Arizona,Sacramento State,88,1,07:20:00,1640,1640,Brooks DeBisschop missed Free Throw.,8,25,-17,0,0.11889851116681054,0.10480477697222608,3,4,1,NA,NA,Northern Arizona,missed,Brooks DeBisschop,NA,FALSE,TRUE,Northern Arizona,Northern Arizona
401086901,2019-01-17,Northern Arizona,Sacramento State,89,1,07:20:00,1640,1640,Northern Arizona Deadball Team Rebound.,8,25,-17,0,0.11889851116681054,0.10480477697222608,3,4,1,NA,NA,NA,NA,NA,NA,NA,NA,Northern Arizona,Northern Arizona
401086901,2019-01-17,Northern Arizona,Sacramento State,90,1,07:20:00,1640,1640,Technical Foul on Chibueze Jacobs.,8,25,-17,0,0.11889851116681054,0.10480477697222608,3,4,1,NA,NA,NA,NA,NA,NA,NA,NA,Northern Arizona,Northern Arizona
401086901,2019-01-17,Northern Arizona,Sacramento State,91,1,07:20:00,1640,1640,Brooks DeBisschop made Free Throw.,9,25,-16,0,0.1327649877030951,0.11724629939450092,3,4,1,NA,NA,Northern Arizona,made,Brooks DeBisschop,NA,FALSE,TRUE,Northern Arizona,Northern Arizona
401086901,2019-01-17,Northern Arizona,Sacramento State,92,1,07:19:00,1639,1639,Ted McCree made Three Point Jumper.,12,25,-13,1,0.18258046213081724,0.1623333451554366,3,4,1,NA,NA,Northern Arizona,made,Ted McCree,NA,TRUE,FALSE,Northern Arizona,Sacramento State
401086901,2019-01-17,Northern Arizona,Sacramento State,93,1,06:57:00,1617,1617,Jordan Tolbert missed Three Point Jumper.,12,25,-13,22,0.18014066231504314,0.16021031746848824,3,4,1,NA,NA,Sacramento State,missed,Jordan Tolbert,NA,TRUE,FALSE,Sacramento State,Sacramento State
401086901,2019-01-17,Northern Arizona,Sacramento State,94,1,06:57:00,1617,1617,Osi Nwachukwu Offensive Rebound.,12,25,-13,0,0.18014066231504314,0.16021031746848824,3,4,1,NA,NA,NA,NA,NA,NA,NA,NA,Sacramento State,Sacramento State
401086901,2019-01-17,Northern Arizona,Sacramento State,95,1,06:53:00,1613,1613,Joshua Patton missed Layup.,12,25,-13,4,0.17970173708370604,0.1598287264899618,3,4,1,NA,NA,Sacramento State,missed,Joshua Patton,NA,FALSE,FALSE,Sacramento State,Northern Arizona
401086901,2019-01-17,Northern Arizona,Sacramento State,96,1,06:53:00,1613,1613,Bernie Andre Defensive Rebound.,12,25,-13,0,0.17970173708370604,0.1598287264899618,3,4,1,NA,NA,NA,NA,NA,NA,NA,NA,Sacramento State,Northern Arizona
401086901,2019-01-17,Northern Arizona,Sacramento State,97,1,06:31:00,1591,1591,Ted McCree made Three Point Jumper.,15,25,-10,22,0.2408251035855269,0.2161001371167429,3,4,1,NA,NA,Northern Arizona,made,Ted McCree,NA,TRUE,FALSE,Northern Arizona,Sacramento State
401086901,2019-01-17,Northern Arizona,Sacramento State,98,1,06:31:00,1591,1591,Izayah Mauriohooho-Le'afa Turnover.,15,25,-10,0,0.2408251035855269,0.2161001371167429,3,4,1,NA,NA,NA,NA,NA,NA,NA,NA,Northern Arizona,Sacramento State
401086901,2019-01-17,Northern Arizona,Sacramento State,99,1,06:31:00,1591,1591,Brooks DeBisschop Steal.,15,25,-10,0,0.2408251035855269,0.2161001371167429,3,4,1,NA,NA,NA,NA,NA,NA,NA,NA,Northern Arizona,Sacramento State
401086901,2019-01-17,Northern Arizona,Sacramento State,100,1,06:31:00,1591,1591,Sacramento State  Timeout,15,25,-10,0,0.2408251035855269,0.2161001371167429,3,3,1,NA,NA,NA,NA,NA,NA,NA,NA,Northern Arizona,Sacramento State
401086901,2019-01-17,Northern Arizona,Sacramento State,101,1,06:31:00,1591,1591,Bernie Andre made Jumper.,17,25,-8,0,0.29101628190656903,0.26292293025157015,3,3,1,NA,NA,Northern Arizona,made,Bernie Andre,NA,FALSE,FALSE,Northern Arizona,Sacramento State
401086901,2019-01-17,Northern Arizona,Sacramento State,102,1,06:02:00,1562,1562,Chibueze Jacobs missed Layup.,17,25,-8,29,0.2881853350458528,0.26046004296114705,3,3,1,NA,NA,Sacramento State,missed,Chibueze Jacobs,NA,FALSE,FALSE,Sacramento State,Sacramento State
401086901,2019-01-17,Northern Arizona,Sacramento State,103,1,06:02:00,1562,1562,Calvin Martin Offensive Rebound.,17,25,-8,0,0.2881853350458528,0.26046004296114705,3,3,1,NA,NA,NA,NA,NA,NA,NA,NA,Sacramento State,Sacramento State
401086901,2019-01-17,Northern Arizona,Sacramento State,104,1,06:02:00,1562,1562,Calvin Martin made Layup.,17,27,-10,0,0.23774028541882772,0.213413086522098,3,3,1,NA,NA,Sacramento State,made,Calvin Martin,NA,FALSE,FALSE,Sacramento State,Northern Arizona
401086901,2019-01-17,Northern Arizona,Sacramento State,105,1,05:58:00,1558,1558,Foul on Bernie Andre.,17,27,-10,4,0.23731239356647457,0.21304037601437675,3,3,1,NA,NA,NA,NA,NA,NA,NA,NA,Sacramento State,Sacramento State
401086901,2019-01-17,Northern Arizona,Sacramento State,106,1,05:58:00,1558,1558,Bryce Fowler missed Free Throw.,17,27,-10,0,0.23731239356647457,0.21304037601437675,3,3,1,NA,NA,Sacramento State,missed,Bryce Fowler,NA,FALSE,TRUE,Sacramento State,Northern Arizona
401086901,2019-01-17,Northern Arizona,Sacramento State,107,1,05:58:00,1558,1558,Brooks DeBisschop Defensive Rebound.,17,27,-10,0,0.23731239356647457,0.21304037601437675,3,3,1,NA,NA,NA,NA,NA,NA,NA,NA,Sacramento State,Northern Arizona
401086901,2019-01-17,Northern Arizona,Sacramento State,108,1,05:46:00,1546,1546,Carlos Hines made Dunk.,19,27,-8,12,0.28660529709213284,0.25908519972842203,3,3,1,NA,NA,Northern Arizona,made,Carlos Hines,NA,FALSE,FALSE,Northern Arizona,Sacramento State
401086901,2019-01-17,Northern Arizona,Sacramento State,109,1,05:26:00,1526,1526,Joshua Patton made Three Point Jumper. Assisted by Bryce Fowler.,19,30,-11,20,0.2109502915264652,0.18888125429172029,3,3,1,NA,NA,Sacramento State,made,Joshua Patton,Bryce Fowler,TRUE,FALSE,Sacramento State,Northern Arizona
401086901,2019-01-17,Northern Arizona,Sacramento State,110,1,04:54:00,1494,1494,Bernie Andre made Three Point Jumper. Assisted by Brooks DeBisschop.,22,30,-8,32,0.28128511083995594,0.2544451092356311,3,3,1,NA,NA,Northern Arizona,made,Bernie Andre,Brooks DeBisschop,TRUE,FALSE,Northern Arizona,Sacramento State
401086901,2019-01-17,Northern Arizona,Sacramento State,111,1,04:29:00,1469,1469,James Bridges missed Three Point Jumper.,22,30,-8,25,0.27857795890380677,0.2520735693198135,3,3,1,NA,NA,Sacramento State,missed,James Bridges,NA,TRUE,FALSE,Sacramento State,Northern Arizona
401086901,2019-01-17,Northern Arizona,Sacramento State,112,1,04:29:00,1469,1469,Davon Bolton Defensive Rebound.,22,30,-8,0,0.27857795890380677,0.2520735693198135,3,3,1,NA,NA,NA,NA,NA,NA,NA,NA,Sacramento State,Northern Arizona
401086901,2019-01-17,Northern Arizona,Sacramento State,113,1,04:21:00,1461,1461,Bernie Andre missed Layup.,22,30,-8,8,0.27768526062477694,0.2512896345350296,3,3,1,NA,NA,Northern Arizona,missed,Bernie Andre,NA,FALSE,FALSE,Northern Arizona,Sacramento State
401086901,2019-01-17,Northern Arizona,Sacramento State,114,1,04:21:00,1461,1461,Marcus Graves Defensive Rebound.,22,30,-8,0,0.27768526062477694,0.2512896345350296,3,3,1,NA,NA,NA,NA,NA,NA,NA,NA,Northern Arizona,Sacramento State
401086901,2019-01-17,Northern Arizona,Sacramento State,115,1,04:03:00,1443,1443,Marcus Graves made Layup.,22,32,-10,18,0.2241665246428578,0.20154192429555623,3,3,1,NA,NA,Sacramento State,made,Marcus Graves,NA,FALSE,FALSE,Sacramento State,Northern Arizona
401086901,2019-01-17,Northern Arizona,Sacramento State,116,1,03:45:00,1425,1425,Bernie Andre made Layup. Assisted by Brooks DeBisschop.,24,32,-8,18,0.27363747505247155,0.2477336164195808,3,3,1,NA,NA,Northern Arizona,made,Bernie Andre,Brooks DeBisschop,FALSE,FALSE,Northern Arizona,Sacramento State
401086901,2019-01-17,Northern Arizona,Sacramento State,117,1,03:17:00,1397,1397,Marcus Graves missed Jumper.,24,32,-8,28,0.2706462907439524,0.24511922054650467,3,3,1,NA,NA,Sacramento State,missed,Marcus Graves,NA,FALSE,FALSE,Sacramento State,Northern Arizona
401086901,2019-01-17,Northern Arizona,Sacramento State,118,1,03:17:00,1397,1397,Davon Bolton Defensive Rebound.,24,32,-8,0,0.2706462907439524,0.24511922054650467,3,3,1,NA,NA,NA,NA,NA,NA,NA,NA,Sacramento State,Northern Arizona
401086901,2019-01-17,Northern Arizona,Sacramento State,119,1,03:00:00,1380,1380,Bernie Andre missed Three Point Jumper.,24,32,-8,17,0.2688748733396945,0.24357523746512968,3,3,1,NA,NA,Northern Arizona,missed,Bernie Andre,NA,TRUE,FALSE,Northern Arizona,Northern Arizona
401086901,2019-01-17,Northern Arizona,Sacramento State,120,1,03:00:00,1380,1380,Brooks DeBisschop Offensive Rebound.,24,32,-8,0,0.2688748733396945,0.24357523746512968,3,3,1,NA,NA,NA,NA,NA,NA,NA,NA,Northern Arizona,Northern Arizona
401086901,2019-01-17,Northern Arizona,Sacramento State,121,1,02:54:00,1374,1374,Carlos Hines missed Layup.,24,32,-8,6,0.2682540722686341,0.2430346444111724,3,3,1,NA,NA,Northern Arizona,missed,Carlos Hines,NA,FALSE,FALSE,Northern Arizona,Northern Arizona
401086901,2019-01-17,Northern Arizona,Sacramento State,122,1,02:54:00,1374,1374,Bernie Andre Offensive Rebound.,24,32,-8,0,0.2682540722686341,0.2430346444111724,3,3,1,NA,NA,NA,NA,NA,NA,NA,NA,Northern Arizona,Northern Arizona
401086901,2019-01-17,Northern Arizona,Sacramento State,123,1,02:47:00,1367,1367,Bernie Andre made Layup.,26,32,-6,7,0.32688673597473594,0.29845784210902776,3,3,1,NA,NA,Northern Arizona,made,Bernie Andre,NA,FALSE,FALSE,Northern Arizona,Sacramento State
401086901,2019-01-17,Northern Arizona,Sacramento State,124,1,02:16:00,1336,1336,Bryce Fowler missed Layup.,26,32,-6,31,0.3241169361561751,0.2960671673298584,3,3,1,NA,NA,Sacramento State,missed,Bryce Fowler,NA,FALSE,FALSE,Sacramento State,Northern Arizona
401086901,2019-01-17,Northern Arizona,Sacramento State,125,1,02:16:00,1336,1336,Brooks DeBisschop Defensive Rebound.,26,32,-6,0,0.3241169361561751,0.2960671673298584,3,3,1,NA,NA,NA,NA,NA,NA,NA,NA,Sacramento State,Northern Arizona
401086901,2019-01-17,Northern Arizona,Sacramento State,126,1,02:04:00,1324,1324,Davon Bolton missed Jumper.,26,32,-6,12,0.32302894015636463,0.29512730569532303,3,3,1,NA,NA,Northern Arizona,missed,Davon Bolton,NA,FALSE,FALSE,Northern Arizona,Sacramento State
401086901,2019-01-17,Northern Arizona,Sacramento State,127,1,02:04:00,1324,1324,Northern Arizona Deadball Team Rebound.,26,32,-6,0,0.32302894015636463,0.29512730569532303,3,3,1,NA,NA,NA,NA,NA,NA,NA,NA,Northern Arizona,Northern Arizona
401086901,2019-01-17,Northern Arizona,Sacramento State,128,1,02:04:00,1324,1324,Foul on Bernie Andre.,26,32,-6,0,0.32302894015636463,0.29512730569532303,3,3,1,NA,NA,NA,NA,NA,NA,NA,NA,Northern Arizona,Sacramento State
401086901,2019-01-17,Northern Arizona,Sacramento State,129,1,02:04:00,1324,1324,James Bridges made Free Throw.,26,33,-7,0,0.2921451396122474,0.26586346536226746,3,3,1,NA,NA,Sacramento State,made,James Bridges,NA,FALSE,TRUE,Sacramento State,Sacramento State
401086901,2019-01-17,Northern Arizona,Sacramento State,130,1,02:04:00,1324,1324,James Bridges missed Free Throw.,26,33,-7,0,0.2921451396122474,0.26586346536226746,3,3,1,NA,NA,Sacramento State,missed,James Bridges,NA,FALSE,TRUE,Sacramento State,Northern Arizona
401086901,2019-01-17,Northern Arizona,Sacramento State,131,1,02:04:00,1324,1324,Ted McCree Defensive Rebound.,26,33,-7,0,0.2921451396122474,0.26586346536226746,3,3,1,NA,NA,NA,NA,NA,NA,NA,NA,Northern Arizona,Northern Arizona
401086901,2019-01-17,Northern Arizona,Sacramento State,132,1,01:43:00,1303,1303,Foul on Izayah Mauriohooho-Le'afa.,26,33,-7,21,0.290029588353284,0.2640233440475149,3,3,1,NA,NA,NA,NA,NA,NA,NA,NA,Northern Arizona,Sacramento State
401086901,2019-01-17,Northern Arizona,Sacramento State,133,1,01:43:00,1303,1303,Brooks DeBisschop made Free Throw.,27,33,-6,0,0.32108527359127226,0.29344531021990794,3,3,1,NA,NA,Northern Arizona,made,Brooks DeBisschop,NA,FALSE,TRUE,Northern Arizona,Northern Arizona
401086901,2019-01-17,Northern Arizona,Sacramento State,134,1,01:43:00,1303,1303,Brooks DeBisschop missed Free Throw.,27,33,-6,0,0.32108527359127226,0.29344531021990794,3,3,1,NA,NA,Northern Arizona,missed,Brooks DeBisschop,NA,FALSE,TRUE,Northern Arizona,Sacramento State
401086901,2019-01-17,Northern Arizona,Sacramento State,135,1,01:43:00,1303,1303,Joshua Patton Defensive Rebound.,27,33,-6,0,0.32108527359127226,0.29344531021990794,3,3,1,NA,NA,NA,NA,NA,NA,NA,NA,Northern Arizona,Sacramento State
401086901,2019-01-17,Northern Arizona,Sacramento State,136,1,01:29:00,1289,1289,Marcus Graves missed Layup.,27,33,-6,14,0.3197519932085838,0.29228850600394535,3,3,1,NA,NA,Sacramento State,missed,Marcus Graves,NA,FALSE,FALSE,Sacramento State,Sacramento State
401086901,2019-01-17,Northern Arizona,Sacramento State,137,1,01:29:00,1289,1289,Joshua Patton Offensive Rebound.,27,33,-6,0,0.3197519932085838,0.29228850600394535,3,3,1,NA,NA,NA,NA,NA,NA,NA,NA,Sacramento State,Sacramento State
401086901,2019-01-17,Northern Arizona,Sacramento State,138,1,01:29:00,1289,1289,Foul on Ted McCree.,27,33,-6,0,0.3197519932085838,0.29228850600394535,3,3,1,NA,NA,NA,NA,NA,NA,NA,NA,Sacramento State,Sacramento State
401086901,2019-01-17,Northern Arizona,Sacramento State,139,1,01:27:00,1287,1287,Joshua Patton missed Free Throw.,27,33,-6,2,0.31955859373717216,0.29212046569890726,3,3,1,NA,NA,Sacramento State,missed,Joshua Patton,NA,FALSE,TRUE,Sacramento State,Sacramento State
401086901,2019-01-17,Northern Arizona,Sacramento State,140,1,01:27:00,1287,1287,Sacramento State Deadball Team Rebound.,27,33,-6,0,0.31955859373717216,0.29212046569890726,3,3,1,NA,NA,NA,NA,NA,NA,NA,NA,Sacramento State,Sacramento State
401086901,2019-01-17,Northern Arizona,Sacramento State,141,1,01:27:00,1287,1287,Joshua Patton missed Free Throw.,27,33,-6,0,0.31955859373717216,0.29212046569890726,3,3,1,NA,NA,Sacramento State,missed,Joshua Patton,NA,FALSE,TRUE,Sacramento State,Sacramento State
401086901,2019-01-17,Northern Arizona,Sacramento State,142,1,01:27:00,1287,1287,Northern Arizona Defensive Rebound.,27,33,-6,0,0.31955859373717216,0.29212046569890726,3,3,1,NA,NA,NA,NA,NA,NA,NA,NA,Sacramento State,Sacramento State
401086901,2019-01-17,Northern Arizona,Sacramento State,143,1,01:27:00,1287,1287,Foul on Osi Nwachukwu.,27,33,-6,0,0.31955859373717216,0.29212046569890726,3,3,1,NA,NA,NA,NA,NA,NA,NA,NA,Sacramento State,Sacramento State
401086901,2019-01-17,Northern Arizona,Sacramento State,144,1,01:26:00,1286,1286,Brooks DeBisschop made Free Throw.,28,33,-5,1,0.35236463785777844,0.32345707718222566,3,3,1,NA,NA,Northern Arizona,made,Brooks DeBisschop,NA,FALSE,TRUE,Northern Arizona,Northern Arizona
401086901,2019-01-17,Northern Arizona,Sacramento State,145,1,01:26:00,1286,1286,Brooks DeBisschop made Free Throw.,29,33,-4,0,0.3867307428383376,0.35655602564147026,3,3,1,NA,NA,Northern Arizona,made,Brooks DeBisschop,NA,FALSE,TRUE,Northern Arizona,Sacramento State
401086901,2019-01-17,Northern Arizona,Sacramento State,146,1,01:04:00,1264,1264,Bryce Fowler missed Jumper.,29,33,-4,22,0.3850704894367511,0.3551438949163887,3,3,1,NA,NA,Sacramento State,missed,Bryce Fowler,NA,FALSE,FALSE,Sacramento State,Northern Arizona
401086901,2019-01-17,Northern Arizona,Sacramento State,147,1,01:04:00,1264,1264,Chris Bowling Defensive Rebound.,29,33,-4,0,0.3850704894367511,0.3551438949163887,3,3,1,NA,NA,NA,NA,NA,NA,NA,NA,Sacramento State,Northern Arizona
401086901,2019-01-17,Northern Arizona,Sacramento State,148,1,00:46:00,1246,1246,Carlos Hines missed Layup.,29,33,-4,18,0.3836441730534262,0.35392267719363396,3,3,1,NA,NA,Northern Arizona,missed,Carlos Hines,NA,FALSE,FALSE,Northern Arizona,Sacramento State
401086901,2019-01-17,Northern Arizona,Sacramento State,149,1,00:46:00,1246,1246,Joshua Patton Block.,29,33,-4,0,0.3836441730534262,0.35392267719363396,3,3,1,NA,NA,NA,NA,NA,NA,NA,NA,Northern Arizona,Sacramento State
401086901,2019-01-17,Northern Arizona,Sacramento State,150,1,00:43:00,1243,1243,Joshua Patton Defensive Rebound.,29,33,-4,3,0.38339971260520767,0.35371259029708096,3,3,1,NA,NA,NA,NA,NA,NA,NA,NA,Northern Arizona,Sacramento State
401086901,2019-01-17,Northern Arizona,Sacramento State,151,1,00:29:00,1229,1229,Marcus Graves made Layup.,29,35,-6,14,0.31352848904995445,0.2868453615269724,3,3,1,NA,NA,Sacramento State,made,Marcus Graves,NA,FALSE,FALSE,Sacramento State,Sacramento State
401086901,2019-01-17,Northern Arizona,Sacramento State,152,1,00:29:00,1229,1229,Nik Mains Turnover.,29,35,-6,0,0.31352848904995445,0.2868453615269724,3,3,1,NA,NA,NA,NA,NA,NA,NA,NA,Sacramento State,Sacramento State
401086901,2019-01-17,Northern Arizona,Sacramento State,153,1,00:29:00,1229,1229,Izayah Mauriohooho-Le'afa Steal.,29,35,-6,0,0.31352848904995445,0.2868453615269724,3,3,1,NA,NA,NA,NA,NA,NA,NA,NA,Sacramento State,Sacramento State
401086901,2019-01-17,Northern Arizona,Sacramento State,154,1,00:18:00,1218,1218,Bryce Fowler missed Jumper.,29,35,-6,11,0.312271823454326,0.2857368869961779,3,3,1,NA,NA,Sacramento State,missed,Bryce Fowler,NA,FALSE,FALSE,Sacramento State,Northern Arizona
401086901,2019-01-17,Northern Arizona,Sacramento State,155,1,00:18:00,1218,1218,Brooks DeBisschop Defensive Rebound.,29,35,-6,0,0.312271823454326,0.2857368869961779,3,3,1,NA,NA,NA,NA,NA,NA,NA,NA,Sacramento State,Northern Arizona
401086901,2019-01-17,Northern Arizona,Sacramento State,156,1,00:17:00,1217,1217,Carlos Hines made Three Point Jumper.,32,35,-3,1,0.417822271369468,0.3873792583509177,3,3,1,NA,NA,Northern Arizona,made,Carlos Hines,NA,TRUE,FALSE,Northern Arizona,Sacramento State
401086901,2019-01-17,Northern Arizona,Sacramento State,157,1,00:02:00,1202,1202,Foul on Brooks DeBisschop.,32,35,-3,15,0.4167497161528786,0.38646822339613696,3,3,1,NA,NA,NA,NA,NA,NA,NA,NA,Sacramento State,Sacramento State
401086901,2019-01-17,Northern Arizona,Sacramento State,158,1,00:02:00,1202,1202,Osi Nwachukwu made Free Throw.,32,36,-4,0,0.3798484890751373,0.35063635532794507,3,3,1,NA,NA,Sacramento State,made,Osi Nwachukwu,NA,FALSE,TRUE,Sacramento State,Sacramento State
401086901,2019-01-17,Northern Arizona,Sacramento State,159,1,00:02:00,1202,1202,Osi Nwachukwu missed Free Throw.,32,36,-4,0,0.3798484890751373,0.35063635532794507,3,3,1,NA,NA,Sacramento State,missed,Osi Nwachukwu,NA,FALSE,TRUE,Sacramento State,Northern Arizona
401086901,2019-01-17,Northern Arizona,Sacramento State,160,1,00:02:00,1202,1202,Nik Mains Defensive Rebound.,32,36,-4,0,0.3798484890751373,0.35063635532794507,3,3,1,NA,NA,NA,NA,NA,NA,NA,NA,Sacramento State,Northern Arizona
401086901,2019-01-17,Northern Arizona,Sacramento State,162,2,20:00:00,1200,1200,PLAY,32,38,-6,0,0.3101530300852981,0.28386293076294067,4,4,1,NA,NA,NA,NA,NA,NA,NA,NA,NA,Sacramento State
401086901,2019-01-17,Northern Arizona,Sacramento State,163,2,19:36:00,1176,1176,Foul on Isaiah Thomas.,32,38,-6,24,0.30741901295963797,0.28144876326149104,4,4,1,NA,NA,NA,NA,NA,NA,NA,NA,Sacramento State,Sacramento State
401086901,2019-01-17,Northern Arizona,Sacramento State,164,2,19:36:00,1176,1176,Joshua Patton missed Free Throw.,32,38,-6,0,0.30741901295963797,0.28144876326149104,4,4,1,NA,NA,Sacramento State,missed,Joshua Patton,NA,FALSE,TRUE,Sacramento State,Sacramento State
401086901,2019-01-17,Northern Arizona,Sacramento State,165,2,19:36:00,1176,1176,Sacramento State Deadball Team Rebound.,32,38,-6,0,0.30741901295963797,0.28144876326149104,4,4,1,NA,NA,NA,NA,NA,NA,NA,NA,Sacramento State,Sacramento State
401086901,2019-01-17,Northern Arizona,Sacramento State,166,2,19:36:00,1176,1176,Joshua Patton made Free Throw.,32,39,-7,0,0.2751939594568071,0.25095958534583207,4,4,1,NA,NA,Sacramento State,made,Joshua Patton,NA,FALSE,TRUE,Sacramento State,Northern Arizona
401086901,2019-01-17,Northern Arizona,Sacramento State,167,2,19:17:00,1157,1157,Carlos Hines missed Layup.,32,39,-7,19,0.27292585030541777,0.24895522639555964,4,4,1,NA,NA,Northern Arizona,missed,Carlos Hines,NA,FALSE,FALSE,Northern Arizona,Northern Arizona
401086901,2019-01-17,Northern Arizona,Sacramento State,168,2,19:17:00,1157,1157,Isaiah Thomas Offensive Rebound.,32,39,-7,0,0.27292585030541777,0.24895522639555964,4,4,1,NA,NA,NA,NA,NA,NA,NA,NA,Northern Arizona,Northern Arizona
401086901,2019-01-17,Northern Arizona,Sacramento State,169,2,19:10:00,1150,1150,Isaiah Thomas made Layup.,34,39,-5,7,0.3390813343277835,0.3118479173478962,4,4,1,NA,NA,Northern Arizona,made,Isaiah Thomas,NA,FALSE,FALSE,Northern Arizona,Sacramento State
401086901,2019-01-17,Northern Arizona,Sacramento State,170,2,18:55:00,1135,1135,Marcus Graves missed Layup.,34,39,-5,15,0.3376247900588691,0.3105726762696668,4,4,1,NA,NA,Sacramento State,missed,Marcus Graves,NA,FALSE,FALSE,Sacramento State,Sacramento State
401086901,2019-01-17,Northern Arizona,Sacramento State,171,2,18:55:00,1135,1135,Isaiah Thomas Block.,34,39,-5,0,0.3376247900588691,0.3105726762696668,4,4,1,NA,NA,NA,NA,NA,NA,NA,NA,Sacramento State,Sacramento State
401086901,2019-01-17,Northern Arizona,Sacramento State,172,2,18:52:00,1132,1132,Marcus Graves Offensive Rebound.,34,39,-5,3,0.33733391097780396,0.3103180102333284,4,4,1,NA,NA,NA,NA,NA,NA,NA,NA,Sacramento State,Sacramento State
401086901,2019-01-17,Northern Arizona,Sacramento State,173,2,18:52:00,1132,1132,Osi Nwachukwu missed Three Point Jumper.,34,39,-5,0,0.33733391097780396,0.3103180102333284,4,4,1,NA,NA,Sacramento State,missed,Osi Nwachukwu,NA,TRUE,FALSE,Sacramento State,Northern Arizona
401086901,2019-01-17,Northern Arizona,Sacramento State,174,2,18:52:00,1132,1132,Brooks DeBisschop Defensive Rebound.,34,39,-5,0,0.33733391097780396,0.3103180102333284,4,4,1,NA,NA,NA,NA,NA,NA,NA,NA,Sacramento State,Northern Arizona
401086901,2019-01-17,Northern Arizona,Sacramento State,175,2,18:17:00,1097,1097,Foul on Isaiah Thomas.,34,39,-5,35,0.3339145806868173,0.30732219734105287,4,4,1,NA,NA,NA,NA,NA,NA,NA,NA,Northern Arizona,Sacramento State
401086901,2019-01-17,Northern Arizona,Sacramento State,176,2,18:17:00,1097,1097,Joshua Patton made Free Throw.,34,40,-6,0,0.29879001487987356,0.2738448659586592,4,4,1,NA,NA,Sacramento State,made,Joshua Patton,NA,FALSE,TRUE,Sacramento State,Sacramento State
401086901,2019-01-17,Northern Arizona,Sacramento State,177,2,18:17:00,1097,1097,Joshua Patton made Free Throw.,34,41,-7,0,0.2658853509425756,0.24273635676182495,4,4,1,NA,NA,Sacramento State,made,Joshua Patton,NA,FALSE,TRUE,Sacramento State,Northern Arizona
401086901,2019-01-17,Northern Arizona,Sacramento State,178,2,18:09:00,1089,1089,Carlos Hines missed Three Point Jumper.,34,41,-7,8,0.2649307654832332,0.2418921312610347,4,4,1,NA,NA,Northern Arizona,missed,Carlos Hines,NA,TRUE,FALSE,Northern Arizona,Sacramento State
401086901,2019-01-17,Northern Arizona,Sacramento State,179,2,18:09:00,1089,1089,Marcus Graves Defensive Rebound.,34,41,-7,0,0.2649307654832332,0.2418921312610347,4,4,1,NA,NA,NA,NA,NA,NA,NA,NA,Northern Arizona,Sacramento State
401086901,2019-01-17,Northern Arizona,Sacramento State,180,2,17:56:00,1076,1076,Izayah Mauriohooho-Le'afa Turnover.,34,41,-7,13,0.26335805881238905,0.24050013140778895,4,4,1,NA,NA,NA,NA,NA,NA,NA,NA,Sacramento State,Northern Arizona
401086901,2019-01-17,Northern Arizona,Sacramento State,181,2,17:56:00,1076,1076,Carlos Hines Steal.,34,41,-7,0,0.26335805881238905,0.24050013140778895,4,4,1,NA,NA,NA,NA,NA,NA,NA,NA,Sacramento State,Northern Arizona
401086901,2019-01-17,Northern Arizona,Sacramento State,182,2,17:52:00,1072,1072,Foul on Luke Avdalovic.,34,41,-7,4,0.26286777807383443,0.24006586750925996,4,4,1,NA,NA,NA,NA,NA,NA,NA,NA,Northern Arizona,Sacramento State
401086901,2019-01-17,Northern Arizona,Sacramento State,183,2,17:41:00,1061,1061,Joshua Patton made Layup.,34,43,-9,11,0.20273070626576223,0.1839062571024822,4,4,1,NA,NA,Sacramento State,made,Joshua Patton,NA,FALSE,FALSE,Sacramento State,Northern Arizona
401086901,2019-01-17,Northern Arizona,Sacramento State,184,2,17:27:00,1047,1047,Brooks DeBisschop made Layup. Assisted by Bernie Andre.,36,43,-7,14,0.25971774322660063,0.23727165341165068,4,4,1,NA,NA,Northern Arizona,made,Brooks DeBisschop,Bernie Andre,FALSE,FALSE,Northern Arizona,Sacramento State
401086901,2019-01-17,Northern Arizona,Sacramento State,185,2,17:10:00,1030,1030,Izayah Mauriohooho-Le'afa missed Three Point Jumper.,36,43,-7,17,0.25747241253727704,0.23527528511868576,4,4,1,NA,NA,Sacramento State,missed,Izayah Mauriohooho-Le'afa,NA,TRUE,FALSE,Sacramento State,Northern Arizona
401086901,2019-01-17,Northern Arizona,Sacramento State,186,2,17:10:00,1030,1030,Carlos Hines Defensive Rebound.,36,43,-7,0,0.25747241253727704,0.23527528511868576,4,4,1,NA,NA,NA,NA,NA,NA,NA,NA,Sacramento State,Northern Arizona
401086901,2019-01-17,Northern Arizona,Sacramento State,187,2,16:49:00,1009,1009,Bernie Andre missed Jumper.,36,43,-7,21,0.25455530669651477,0.23267561697053868,4,4,1,NA,NA,Northern Arizona,missed,Bernie Andre,NA,FALSE,FALSE,Northern Arizona,Sacramento State
401086901,2019-01-17,Northern Arizona,Sacramento State,188,2,16:49:00,1009,1009,Calvin Martin Defensive Rebound.,36,43,-7,0,0.25455530669651477,0.23267561697053868,4,4,1,NA,NA,NA,NA,NA,NA,NA,NA,Northern Arizona,Sacramento State
401086901,2019-01-17,Northern Arizona,Sacramento State,189,2,16:39:00,999,999,Joshua Patton missed Layup.,36,43,-7,10,0.25310248037411137,0.23137839422317041,4,4,1,NA,NA,Sacramento State,missed,Joshua Patton,NA,FALSE,FALSE,Sacramento State,Sacramento State
401086901,2019-01-17,Northern Arizona,Sacramento State,190,2,16:39:00,999,999,Bernie Andre Block.,36,43,-7,0,0.25310248037411137,0.23137839422317041,4,4,1,NA,NA,NA,NA,NA,NA,NA,NA,Sacramento State,Sacramento State
401086901,2019-01-17,Northern Arizona,Sacramento State,191,2,16:36:00,996,996,Calvin Martin Offensive Rebound.,36,43,-7,3,0.25265792227178724,0.23098112852855113,4,4,1,NA,NA,NA,NA,NA,NA,NA,NA,Sacramento State,Sacramento State
401086901,2019-01-17,Northern Arizona,Sacramento State,192,2,16:28:00,988,988,Izayah Mauriohooho-Le'afa missed Three Point Jumper.,36,43,-7,8,0.25145183937334603,0.22990261002023124,4,4,1,NA,NA,Sacramento State,missed,Izayah Mauriohooho-Le'afa,NA,TRUE,FALSE,Sacramento State,Sacramento State
401086901,2019-01-17,Northern Arizona,Sacramento State,193,2,16:28:00,988,988,Bryce Fowler Offensive Rebound.,36,43,-7,0,0.25145183937334603,0.22990261002023124,4,4,1,NA,NA,NA,NA,NA,NA,NA,NA,Sacramento State,Sacramento State
401086901,2019-01-17,Northern Arizona,Sacramento State,194,2,16:28:00,988,988,Calvin Martin Turnover.,36,43,-7,0,0.25145183937334603,0.22990261002023124,4,4,1,NA,NA,NA,NA,NA,NA,NA,NA,Sacramento State,Northern Arizona
401086901,2019-01-17,Northern Arizona,Sacramento State,195,2,16:06:00,966,966,Ted McCree missed Jumper.,36,43,-7,22,0.24798225611754932,0.2267945493863772,4,4,1,NA,NA,Northern Arizona,missed,Ted McCree,NA,FALSE,FALSE,Northern Arizona,Sacramento State
401086901,2019-01-17,Northern Arizona,Sacramento State,196,2,16:06:00,966,966,Chibueze Jacobs Defensive Rebound.,36,43,-7,0,0.24798225611754932,0.2267945493863772,4,4,1,NA,NA,NA,NA,NA,NA,NA,NA,Northern Arizona,Sacramento State
401086901,2019-01-17,Northern Arizona,Sacramento State,197,2,16:05:00,965,965,Bryce Fowler Turnover.,36,43,-7,1,0.2478248035178723,0.22665345279728047,4,4,1,NA,NA,NA,NA,NA,NA,NA,NA,Sacramento State,Northern Arizona
401086901,2019-01-17,Northern Arizona,Sacramento State,198,2,16:05:00,965,965,Brooks DeBisschop Steal.,36,43,-7,0,0.2478248035178723,0.22665345279728047,4,4,1,NA,NA,NA,NA,NA,NA,NA,NA,Sacramento State,Northern Arizona
401086901,2019-01-17,Northern Arizona,Sacramento State,199,2,15:56:00,956,956,Ted McCree made Dunk. Assisted by Bernie Andre.,38,43,-5,9,0.31756845220641855,0.29283071462836296,4,4,1,NA,NA,Northern Arizona,made,Ted McCree,Bernie Andre,FALSE,FALSE,Northern Arizona,Sacramento State
401086901,2019-01-17,Northern Arizona,Sacramento State,200,2,15:35:00,935,935,Bryce Fowler Turnover.,38,43,-5,21,0.3150524705453385,0.29058857729501275,4,4,1,NA,NA,NA,NA,NA,NA,NA,NA,Sacramento State,Northern Arizona
401086901,2019-01-17,Northern Arizona,Sacramento State,201,2,15:33:00,933,933,Brooks DeBisschop Steal.,38,43,-5,2,0.31482569768570284,0.29038681498840857,4,4,1,NA,NA,NA,NA,NA,NA,NA,NA,Sacramento State,Northern Arizona
401086901,2019-01-17,Northern Arizona,Sacramento State,202,2,15:20:00,920,920,Bernie Andre missed Layup.,38,43,-5,13,0.31339529355917367,0.28911526557548967,4,4,1,NA,NA,Northern Arizona,missed,Bernie Andre,NA,FALSE,FALSE,Northern Arizona,Northern Arizona
401086901,2019-01-17,Northern Arizona,Sacramento State,203,2,15:20:00,920,920,Brooks DeBisschop Offensive Rebound.,38,43,-5,0,0.31339529355917367,0.28911526557548967,4,4,1,NA,NA,NA,NA,NA,NA,NA,NA,Northern Arizona,Northern Arizona
401086901,2019-01-17,Northern Arizona,Sacramento State,204,2,15:15:00,915,915,Foul on Davon Bolton.,38,43,-5,5,0.3128625171744981,0.2886420832983721,4,4,1,NA,NA,NA,NA,NA,NA,NA,NA,Northern Arizona,Sacramento State
401086901,2019-01-17,Northern Arizona,Sacramento State,205,2,15:15:00,915,915,Official TV Timeout,38,43,-5,0,0.3128625171744981,0.2886420832983721,4,4,1,NA,NA,NA,NA,NA,NA,NA,NA,Sacramento State,Sacramento State
401086901,2019-01-17,Northern Arizona,Sacramento State,206,2,15:04:00,904,904,Davon Bolton missed Three Point Jumper.,38,43,-5,11,0.31171663597832955,0.2876249633971386,4,4,1,NA,NA,Northern Arizona,missed,Davon Bolton,NA,TRUE,FALSE,Northern Arizona,Sacramento State
401086901,2019-01-17,Northern Arizona,Sacramento State,207,2,15:04:00,904,904,Marcus Graves Defensive Rebound.,38,43,-5,0,0.31171663597832955,0.2876249633971386,4,4,1,NA,NA,NA,NA,NA,NA,NA,NA,Northern Arizona,Sacramento State
401086901,2019-01-17,Northern Arizona,Sacramento State,208,2,14:33:00,873,873,Joshua Patton missed Layup.,38,43,-5,31,0.30858936159051836,0.28485031631402585,4,4,1,NA,NA,Sacramento State,missed,Joshua Patton,NA,FALSE,FALSE,Sacramento State,Northern Arizona
401086901,2019-01-17,Northern Arizona,Sacramento State,209,2,14:33:00,873,873,Brooks DeBisschop Defensive Rebound.,38,43,-5,0,0.30858936159051836,0.28485031631402585,4,4,1,NA,NA,NA,NA,NA,NA,NA,NA,Sacramento State,Northern Arizona
401086901,2019-01-17,Northern Arizona,Sacramento State,210,2,14:22:00,862,862,Brooks DeBisschop made Layup. Assisted by Carlos Hines.,40,43,-3,11,0.391316644743184,0.3646535460524669,4,4,1,NA,NA,Northern Arizona,made,Brooks DeBisschop,Carlos Hines,FALSE,FALSE,Northern Arizona,Sacramento State
401086901,2019-01-17,Northern Arizona,Sacramento State,211,2,14:22:00,862,862,Foul on Chibueze Jacobs.,40,43,-3,0,0.391316644743184,0.3646535460524669,4,4,1,NA,NA,NA,NA,NA,NA,NA,NA,Northern Arizona,Sacramento State
401086901,2019-01-17,Northern Arizona,Sacramento State,212,2,14:22:00,862,862,Brooks DeBisschop made Free Throw.,41,43,-2,0,0.4361734014741492,0.4085051419646765,4,4,1,NA,NA,Northern Arizona,made,Brooks DeBisschop,NA,FALSE,TRUE,Northern Arizona,Sacramento State
401086901,2019-01-17,Northern Arizona,Sacramento State,213,2,14:06:00,846,846,Izayah Mauriohooho-Le'afa missed Three Point Jumper.,41,43,-2,16,0.43533100480078873,0.40780605669823616,4,4,1,NA,NA,Sacramento State,missed,Izayah Mauriohooho-Le'afa,NA,TRUE,FALSE,Sacramento State,Sacramento State
401086901,2019-01-17,Northern Arizona,Sacramento State,214,2,14:06:00,846,846,Bryce Fowler Offensive Rebound.,41,43,-2,0,0.43533100480078873,0.40780605669823616,4,4,1,NA,NA,NA,NA,NA,NA,NA,NA,Sacramento State,Sacramento State
401086901,2019-01-17,Northern Arizona,Sacramento State,215,2,14:00:00,840,840,Joshua Patton Turnover.,41,43,-2,6,0.43500615616355487,0.4075355620941794,4,4,1,NA,NA,NA,NA,NA,NA,NA,NA,Sacramento State,Northern Arizona
401086901,2019-01-17,Northern Arizona,Sacramento State,216,2,13:56:00,836,836,Ted McCree Steal.,41,43,-2,4,0.4347861352570467,0.40735203578819,4,4,1,NA,NA,NA,NA,NA,NA,NA,NA,Sacramento State,Northern Arizona
401086901,2019-01-17,Northern Arizona,Sacramento State,217,2,13:49:00,829,829,Ted McCree missed Layup.,41,43,-2,7,0.4343935132595282,0.40702386912829414,4,4,1,NA,NA,Northern Arizona,missed,Ted McCree,NA,FALSE,FALSE,Northern Arizona,Sacramento State
401086901,2019-01-17,Northern Arizona,Sacramento State,218,2,13:49:00,829,829,Marcus Graves Defensive Rebound.,41,43,-2,0,0.4343935132595282,0.40702386912829414,4,4,1,NA,NA,NA,NA,NA,NA,NA,NA,Northern Arizona,Sacramento State
401086901,2019-01-17,Northern Arizona,Sacramento State,219,2,13:31:00,811,811,Joshua Patton Turnover.,41,43,-2,18,0.4333302812874345,0.4061307446399644,4,4,1,NA,NA,NA,NA,NA,NA,NA,NA,Sacramento State,Northern Arizona
401086901,2019-01-17,Northern Arizona,Sacramento State,220,2,13:31:00,811,811,Ted McCree Steal.,41,43,-2,0,0.4333302812874345,0.4061307446399644,4,4,1,NA,NA,NA,NA,NA,NA,NA,NA,Sacramento State,Northern Arizona
401086901,2019-01-17,Northern Arizona,Sacramento State,221,2,13:24:00,804,804,Davon Bolton made Layup.,43,43,0,7,0.5278354410884845,0.5,4,4,1,NA,NA,Northern Arizona,made,Davon Bolton,NA,FALSE,FALSE,Northern Arizona,Sacramento State
401086901,2019-01-17,Northern Arizona,Sacramento State,222,2,13:20:00,800,800,Sacramento State  Timeout,43,43,0,4,0.5277992449855387,0.5,4,3,1,NA,NA,NA,NA,NA,NA,NA,NA,Sacramento State,Sacramento State
401086901,2019-01-17,Northern Arizona,Sacramento State,223,2,12:49:00,769,769,Bryce Fowler missed Three Point Jumper.,43,43,0,31,0.5275036088407314,0.5,4,3,1,NA,NA,Sacramento State,missed,Bryce Fowler,NA,TRUE,FALSE,Sacramento State,Sacramento State
401086901,2019-01-17,Northern Arizona,Sacramento State,224,2,12:49:00,769,769,Marcus Graves Offensive Rebound.,43,43,0,0,0.5275036088407314,0.5,4,3,1,NA,NA,NA,NA,NA,NA,NA,NA,Sacramento State,Sacramento State
401086901,2019-01-17,Northern Arizona,Sacramento State,225,2,12:33:00,753,753,Bryce Fowler Turnover.,43,43,0,16,0.5273382694290839,0.5,4,3,1,NA,NA,NA,NA,NA,NA,NA,NA,Sacramento State,Northern Arizona
401086901,2019-01-17,Northern Arizona,Sacramento State,226,2,12:33:00,753,753,Brooks DeBisschop Steal.,43,43,0,0,0.5273382694290839,0.5,4,3,1,NA,NA,NA,NA,NA,NA,NA,NA,Sacramento State,Northern Arizona
401086901,2019-01-17,Northern Arizona,Sacramento State,227,2,12:28:00,748,748,Carlos Hines missed Three Point Jumper.,43,43,0,5,0.5272844961096186,0.5,4,3,1,NA,NA,Northern Arizona,missed,Carlos Hines,NA,TRUE,FALSE,Northern Arizona,Northern Arizona
401086901,2019-01-17,Northern Arizona,Sacramento State,228,2,12:28:00,748,748,Northern Arizona Offensive Rebound.,43,43,0,0,0.5272844961096186,0.5,4,3,1,NA,NA,NA,NA,NA,NA,NA,NA,Northern Arizona,Northern Arizona
401086901,2019-01-17,Northern Arizona,Sacramento State,229,2,12:28:00,748,748,Foul on Izayah Mauriohooho-Le'afa.,43,43,0,0,0.5272844961096186,0.5,4,3,1,NA,NA,NA,NA,NA,NA,NA,NA,Northern Arizona,Northern Arizona
401086901,2019-01-17,Northern Arizona,Sacramento State,230,2,12:13:00,733,733,Ted McCree made Three Point Jumper. Assisted by Brooks DeBisschop.,46,43,3,15,0.670588108571267,0.6461762906310983,4,3,1,NA,NA,Northern Arizona,made,Ted McCree,Brooks DeBisschop,TRUE,FALSE,Northern Arizona,Sacramento State
401086901,2019-01-17,Northern Arizona,Sacramento State,231,2,11:42:00,702,702,Foul on Brooks DeBisschop.,46,43,3,31,0.6736486780407017,0.6496661035997736,4,3,1,NA,NA,NA,NA,NA,NA,NA,NA,Sacramento State,Sacramento State
401086901,2019-01-17,Northern Arizona,Sacramento State,232,2,11:25:00,685,685,Foul on Carlos Hines.,46,43,3,17,0.6750835139321448,0.6513203195031447,4,3,1,NA,NA,NA,NA,NA,NA,NA,NA,Sacramento State,Sacramento State
401086901,2019-01-17,Northern Arizona,Sacramento State,233,2,11:20:00,680,680,Ethan Esposito made Layup.,46,45,1,5,0.5781468521487996,0.5520523384334253,4,3,1,NA,NA,Sacramento State,made,Ethan Esposito,NA,FALSE,FALSE,Sacramento State,Northern Arizona
401086901,2019-01-17,Northern Arizona,Sacramento State,234,2,10:42:00,642,642,Brooks DeBisschop made Jumper.,48,45,3,38,0.6784834674723453,0.6552632978155842,4,3,1,NA,NA,Northern Arizona,made,Brooks DeBisschop,NA,FALSE,FALSE,Northern Arizona,Sacramento State
401086901,2019-01-17,Northern Arizona,Sacramento State,235,2,10:17:00,617,617,Osi Nwachukwu missed Jumper.,48,45,3,25,0.6806446942235247,0.657756750144446,4,3,1,NA,NA,Sacramento State,missed,Osi Nwachukwu,NA,FALSE,FALSE,Sacramento State,Sacramento State
401086901,2019-01-17,Northern Arizona,Sacramento State,236,2,10:17:00,617,617,Joshua Patton Offensive Rebound.,48,45,3,0,0.6806446942235247,0.657756750144446,4,3,1,NA,NA,NA,NA,NA,NA,NA,NA,Sacramento State,Sacramento State
401086901,2019-01-17,Northern Arizona,Sacramento State,237,2,10:03:00,603,603,Joshua Patton made Layup.,48,47,1,14,0.580020118371369,0.5548038948791936,4,3,1,NA,NA,Sacramento State,made,Joshua Patton,NA,FALSE,FALSE,Sacramento State,Northern Arizona
401086901,2019-01-17,Northern Arizona,Sacramento State,238,2,10:03:00,603,603,Foul on Carlos Hines.,48,47,1,0,0.580020118371369,0.5548038948791936,4,3,1,NA,NA,NA,NA,NA,NA,NA,NA,Sacramento State,Sacramento State
401086901,2019-01-17,Northern Arizona,Sacramento State,239,2,10:03:00,603,603,Joshua Patton made Free Throw.,48,48,0,0,0.5256664556437769,0.5,4,3,1,NA,NA,Sacramento State,made,Joshua Patton,NA,FALSE,TRUE,Sacramento State,Northern Arizona
401086901,2019-01-17,Northern Arizona,Sacramento State,240,2,09:40:00,580,580,Davon Bolton made Layup.,50,48,2,23,0.6342873036128582,0.6104166019471698,4,3,1,NA,NA,Northern Arizona,made,Davon Bolton,NA,FALSE,FALSE,Northern Arizona,Sacramento State
401086901,2019-01-17,Northern Arizona,Sacramento State,241,2,09:32:00,572,572,Izayah Mauriohooho-Le'afa missed Three Point Jumper.,50,48,2,8,0.6350033351690497,0.6112530078038394,4,3,1,NA,NA,Sacramento State,missed,Izayah Mauriohooho-Le'afa,NA,TRUE,FALSE,Sacramento State,Northern Arizona
401086901,2019-01-17,Northern Arizona,Sacramento State,242,2,09:32:00,572,572,Isaiah Thomas Defensive Rebound.,50,48,2,0,0.6350033351690497,0.6112530078038394,4,3,1,NA,NA,NA,NA,NA,NA,NA,NA,Sacramento State,Northern Arizona
401086901,2019-01-17,Northern Arizona,Sacramento State,243,2,09:22:00,562,562,Foul on Ethan Esposito.,50,48,2,10,0.6359784035303644,0.6123854738767276,4,3,1,NA,NA,NA,NA,NA,NA,NA,NA,Northern Arizona,Northern Arizona
401086901,2019-01-17,Northern Arizona,Sacramento State,244,2,09:10:00,550,550,Foul on Osi Nwachukwu.,50,48,2,12,0.6372781894668111,0.6138853319382451,4,3,1,NA,NA,NA,NA,NA,NA,NA,NA,Northern Arizona,Northern Arizona
401086901,2019-01-17,Northern Arizona,Sacramento State,245,2,09:10:00,550,550,Isaiah Thomas missed Free Throw.,50,48,2,0,0.6372781894668111,0.6138853319382451,4,3,1,NA,NA,Northern Arizona,missed,Isaiah Thomas,NA,FALSE,TRUE,Northern Arizona,Northern Arizona
401086901,2019-01-17,Northern Arizona,Sacramento State,246,2,09:10:00,550,550,Northern Arizona Deadball Team Rebound.,50,48,2,0,0.6372781894668111,0.6138853319382451,4,3,1,NA,NA,NA,NA,NA,NA,NA,NA,Northern Arizona,Northern Arizona
401086901,2019-01-17,Northern Arizona,Sacramento State,247,2,09:10:00,550,550,Isaiah Thomas missed Free Throw.,50,48,2,0,0.6372781894668111,0.6138853319382451,4,3,1,NA,NA,Northern Arizona,missed,Isaiah Thomas,NA,FALSE,TRUE,Northern Arizona,Northern Arizona
401086901,2019-01-17,Northern Arizona,Sacramento State,248,2,09:10:00,550,550,Ethan Esposito Defensive Rebound.,50,48,2,0,0.6372781894668111,0.6138853319382451,4,3,1,NA,NA,NA,NA,NA,NA,NA,NA,Northern Arizona,Northern Arizona
401086901,2019-01-17,Northern Arizona,Sacramento State,249,2,08:49:00,529,529,Joshua Patton made Dunk. Assisted by Izayah Mauriohooho-Le'afa.,50,50,0,21,0.5246484297658062,0.5,4,3,1,NA,NA,Sacramento State,made,Joshua Patton,Izayah Mauriohooho-Le'afa,FALSE,FALSE,Sacramento State,Northern Arizona
401086901,2019-01-17,Northern Arizona,Sacramento State,250,2,08:32:00,512,512,Isaiah Thomas made Layup.,52,50,2,17,0.6408100433389942,0.6180212419111969,4,3,1,NA,NA,Northern Arizona,made,Isaiah Thomas,NA,FALSE,FALSE,Northern Arizona,Sacramento State
401086901,2019-01-17,Northern Arizona,Sacramento State,251,2,08:15:00,495,495,Foul on Bernie Andre.,52,50,2,17,0.6421560563479604,0.6196251274169704,4,3,1,NA,NA,NA,NA,NA,NA,NA,NA,Sacramento State,Sacramento State
401086901,2019-01-17,Northern Arizona,Sacramento State,252,2,08:15:00,495,495,Ethan Esposito made Free Throw.,52,51,1,0,0.5843740745742197,0.5606939017657171,4,3,1,NA,NA,Sacramento State,made,Ethan Esposito,NA,FALSE,TRUE,Sacramento State,Sacramento State
401086901,2019-01-17,Northern Arizona,Sacramento State,253,2,08:15:00,495,495,Ethan Esposito made Free Throw.,52,52,0,0,0.5241753805093013,0.5,4,3,1,NA,NA,Sacramento State,made,Ethan Esposito,NA,FALSE,TRUE,Sacramento State,Northern Arizona
401086901,2019-01-17,Northern Arizona,Sacramento State,254,2,07:46:00,466,466,Brooks DeBisschop missed Three Point Jumper.,52,52,0,29,0.5237525967256683,0.5,4,3,1,NA,NA,Northern Arizona,missed,Brooks DeBisschop,NA,TRUE,FALSE,Northern Arizona,Sacramento State
401086901,2019-01-17,Northern Arizona,Sacramento State,255,2,07:46:00,466,466,Joshua Patton Defensive Rebound.,52,52,0,0,0.5237525967256683,0.5,4,3,1,NA,NA,NA,NA,NA,NA,NA,NA,Northern Arizona,Sacramento State
401086901,2019-01-17,Northern Arizona,Sacramento State,256,2,07:32:00,452,452,Foul on Isaiah Thomas.,52,52,0,14,0.5235302199402632,0.5,4,3,1,NA,NA,NA,NA,NA,NA,NA,NA,Sacramento State,Sacramento State
401086901,2019-01-17,Northern Arizona,Sacramento State,257,2,07:32:00,452,452,Joshua Patton made Free Throw.,52,53,-1,0,0.4600164439378357,0.4367243484643139,4,3,1,NA,NA,Sacramento State,made,Joshua Patton,NA,FALSE,TRUE,Sacramento State,Sacramento State
401086901,2019-01-17,Northern Arizona,Sacramento State,258,2,07:32:00,452,452,Joshua Patton made Free Throw.,52,54,-2,0,0.3977753004572474,0.37544349823991974,4,3,1,NA,NA,Sacramento State,made,Joshua Patton,NA,FALSE,TRUE,Sacramento State,Sacramento State
401086901,2019-01-17,Northern Arizona,Sacramento State,259,2,07:16:00,436,436,Foul on Bernie Andre.,52,54,-2,16,0.3948645781187109,0.37285376536745934,4,3,1,NA,NA,NA,NA,NA,NA,NA,NA,Sacramento State,Sacramento State
401086901,2019-01-17,Northern Arizona,Sacramento State,260,2,07:07:00,427,427,Joshua Patton made Layup.,52,56,-4,9,0.2764378494074784,0.258340251487656,4,3,1,NA,NA,Sacramento State,made,Joshua Patton,NA,FALSE,FALSE,Sacramento State,Northern Arizona
401086901,2019-01-17,Northern Arizona,Sacramento State,261,2,07:07:00,427,427,Foul on Luke Avdalovic.,52,56,-4,0,0.2764378494074784,0.258340251487656,4,3,1,NA,NA,NA,NA,NA,NA,NA,NA,Sacramento State,Sacramento State
401086901,2019-01-17,Northern Arizona,Sacramento State,262,2,07:07:00,427,427,Joshua Patton made Free Throw.,52,57,-5,0,0.22690795078079007,0.2111068768932199,4,3,1,NA,NA,Sacramento State,made,Joshua Patton,NA,FALSE,TRUE,Sacramento State,Northern Arizona
401086901,2019-01-17,Northern Arizona,Sacramento State,263,2,06:45:00,405,405,Foul on Calvin Martin.,52,57,-5,22,0.21928188590458347,0.204154978065742,4,3,1,NA,NA,NA,NA,NA,NA,NA,NA,Northern Arizona,Sacramento State
401086901,2019-01-17,Northern Arizona,Sacramento State,264,2,06:45:00,405,405,Carlos Hines missed Three Point Jumper.,52,57,-5,0,0.21928188590458347,0.204154978065742,4,3,1,NA,NA,Northern Arizona,missed,Carlos Hines,NA,TRUE,FALSE,Northern Arizona,Sacramento State
401086901,2019-01-17,Northern Arizona,Sacramento State,265,2,06:45:00,405,405,Joshua Patton Defensive Rebound.,52,57,-5,0,0.21928188590458347,0.204154978065742,4,3,1,NA,NA,NA,NA,NA,NA,NA,NA,Northern Arizona,Sacramento State
401086901,2019-01-17,Northern Arizona,Sacramento State,266,2,06:27:00,387,387,Foul on Luke Avdalovic.,52,57,-5,18,0.21345993182079737,0.19887509142825213,4,3,1,NA,NA,NA,NA,NA,NA,NA,NA,Sacramento State,Sacramento State
401086901,2019-01-17,Northern Arizona,Sacramento State,267,2,06:27:00,387,387,Osi Nwachukwu made Free Throw.,52,58,-6,0,0.1703904627645132,0.15815665520192446,4,3,1,NA,NA,Sacramento State,made,Osi Nwachukwu,NA,FALSE,TRUE,Sacramento State,Sacramento State
401086901,2019-01-17,Northern Arizona,Sacramento State,268,2,06:27:00,387,387,Osi Nwachukwu made Free Throw.,52,59,-7,0,0.13452475992855772,0.12447967676077563,4,3,1,NA,NA,Sacramento State,made,Osi Nwachukwu,NA,FALSE,TRUE,Sacramento State,Northern Arizona
401086901,2019-01-17,Northern Arizona,Sacramento State,269,2,06:16:00,376,376,Carlos Hines made Three Point Jumper.,55,59,-4,11,0.26056926362297295,0.2439426624687196,4,3,1,NA,NA,Northern Arizona,made,Carlos Hines,NA,TRUE,FALSE,Northern Arizona,Sacramento State
401086901,2019-01-17,Northern Arizona,Sacramento State,270,2,06:10:00,370,370,Northern Arizona  Timeout,55,59,-4,6,0.25865851281158797,0.24221379172746488,3,3,1,NA,NA,NA,NA,NA,NA,NA,NA,Sacramento State,Sacramento State
401086901,2019-01-17,Northern Arizona,Sacramento State,271,2,05:49:00,349,349,Joshua Patton made Layup. Assisted by Marcus Graves.,55,61,-6,21,0.1570986651957479,0.14608716784576423,3,3,1,NA,NA,Sacramento State,made,Joshua Patton,Marcus Graves,FALSE,FALSE,Sacramento State,Northern Arizona
401086901,2019-01-17,Northern Arizona,Sacramento State,272,2,05:38:00,338,338,Foul on Ethan Esposito.,55,61,-6,11,0.15258703180093744,0.1419701898224369,3,3,1,NA,NA,NA,NA,NA,NA,NA,NA,Northern Arizona,Sacramento State
401086901,2019-01-17,Northern Arizona,Sacramento State,273,2,05:38:00,338,338,Brooks DeBisschop missed Free Throw.,55,61,-6,0,0.15258703180093744,0.1419701898224369,3,3,1,NA,NA,Northern Arizona,missed,Brooks DeBisschop,NA,FALSE,TRUE,Northern Arizona,Sacramento State
401086901,2019-01-17,Northern Arizona,Sacramento State,274,2,05:38:00,338,338,Joshua Patton Defensive Rebound.,55,61,-6,0,0.15258703180093744,0.1419701898224369,3,3,1,NA,NA,NA,NA,NA,NA,NA,NA,Northern Arizona,Sacramento State
401086901,2019-01-17,Northern Arizona,Sacramento State,275,2,05:19:00,319,319,Marcus Graves missed Layup.,55,61,-6,19,0.14373099786155147,0.13385779052947125,3,3,1,NA,NA,Sacramento State,missed,Marcus Graves,NA,FALSE,FALSE,Sacramento State,Sacramento State
401086901,2019-01-17,Northern Arizona,Sacramento State,276,2,05:19:00,319,319,Marcus Graves Offensive Rebound.,55,61,-6,0,0.14373099786155147,0.13385779052947125,3,3,1,NA,NA,NA,NA,NA,NA,NA,NA,Sacramento State,Sacramento State
401086901,2019-01-17,Northern Arizona,Sacramento State,277,2,05:19:00,319,319,Foul on Brooks DeBisschop.,55,61,-6,0,0.14373099786155147,0.13385779052947125,3,3,1,NA,NA,NA,NA,NA,NA,NA,NA,Sacramento State,Sacramento State
401086901,2019-01-17,Northern Arizona,Sacramento State,278,2,05:19:00,319,319,Marcus Graves missed Free Throw.,55,61,-6,0,0.14373099786155147,0.13385779052947125,3,3,1,NA,NA,Sacramento State,missed,Marcus Graves,NA,FALSE,TRUE,Sacramento State,Sacramento State
401086901,2019-01-17,Northern Arizona,Sacramento State,279,2,05:19:00,319,319,Sacramento State Deadball Team Rebound.,55,61,-6,0,0.14373099786155147,0.13385779052947125,3,3,1,NA,NA,NA,NA,NA,NA,NA,NA,Sacramento State,Sacramento State
401086901,2019-01-17,Northern Arizona,Sacramento State,280,2,05:19:00,319,319,Marcus Graves made Free Throw.,55,62,-7,0,0.10950054583713704,0.10169943279969286,3,3,1,NA,NA,Sacramento State,made,Marcus Graves,NA,FALSE,TRUE,Sacramento State,Northern Arizona
401086901,2019-01-17,Northern Arizona,Sacramento State,281,2,04:58:00,298,298,Foul on Marcus Graves.,55,62,-7,21,0.10116053800102534,0.09407975405970911,3,3,1,NA,NA,NA,NA,NA,NA,NA,NA,Northern Arizona,Northern Arizona
401086901,2019-01-17,Northern Arizona,Sacramento State,282,2,04:58:00,298,298,Carlos Hines made Free Throw.,56,62,-6,0,0.134603816461932,0.12550902062047112,3,3,1,NA,NA,Northern Arizona,made,Carlos Hines,NA,FALSE,TRUE,Northern Arizona,Northern Arizona
401086901,2019-01-17,Northern Arizona,Sacramento State,283,2,04:58:00,298,298,Carlos Hines made Free Throw.,57,62,-5,0,0.17692701300622887,0.1655195103228605,3,3,1,NA,NA,Northern Arizona,made,Carlos Hines,NA,FALSE,TRUE,Northern Arizona,Sacramento State
401086901,2019-01-17,Northern Arizona,Sacramento State,284,2,04:49:00,289,289,Marcus Graves Turnover.,57,62,-5,9,0.17584203997235442,0.164619921701308,3,3,1,NA,NA,NA,NA,NA,NA,NA,NA,Sacramento State,Northern Arizona
401086901,2019-01-17,Northern Arizona,Sacramento State,285,2,04:49:00,289,289,Chris Bowling Steal.,57,62,-5,0,0.17584203997235442,0.164619921701308,3,3,1,NA,NA,NA,NA,NA,NA,NA,NA,Sacramento State,Northern Arizona
401086901,2019-01-17,Northern Arizona,Sacramento State,286,2,04:21:00,261,261,Carlos Hines missed Three Point Jumper.,57,62,-5,28,0.1795642461508535,0.16856525232097058,3,3,1,NA,NA,Northern Arizona,missed,Carlos Hines,NA,TRUE,FALSE,Northern Arizona,Sacramento State
401086901,2019-01-17,Northern Arizona,Sacramento State,287,2,04:21:00,261,261,Sacramento State Defensive Rebound.,57,62,-5,0,0.1795642461508535,0.16856525232097058,3,3,1,NA,NA,NA,NA,NA,NA,NA,NA,Northern Arizona,Sacramento State
401086901,2019-01-17,Northern Arizona,Sacramento State,288,2,04:19:00,259,259,Ethan Esposito missed Layup.,57,62,-5,2,0.1799840551427703,0.16899473739707724,3,3,1,NA,NA,Sacramento State,missed,Ethan Esposito,NA,FALSE,FALSE,Sacramento State,Northern Arizona
401086901,2019-01-17,Northern Arizona,Sacramento State,289,2,04:19:00,259,259,Brooks DeBisschop Block.,57,62,-5,0,0.1799840551427703,0.16899473739707724,3,3,1,NA,NA,NA,NA,NA,NA,NA,NA,Sacramento State,Northern Arizona
401086901,2019-01-17,Northern Arizona,Sacramento State,290,2,04:15:00,255,255,Brooks DeBisschop Defensive Rebound.,57,62,-5,4,0.18079420923454517,0.16982646905679247,3,3,1,NA,NA,NA,NA,NA,NA,NA,NA,Sacramento State,Northern Arizona
401086901,2019-01-17,Northern Arizona,Sacramento State,291,2,03:52:00,232,232,Ted McCree missed Jumper.,57,62,-5,23,0.18260164045727736,0.17191335963624613,3,3,1,NA,NA,Northern Arizona,missed,Ted McCree,NA,FALSE,FALSE,Northern Arizona,Northern Arizona
401086901,2019-01-17,Northern Arizona,Sacramento State,292,2,03:52:00,232,232,Brooks DeBisschop Offensive Rebound.,57,62,-5,0,0.18260164045727736,0.17191335963624613,3,3,1,NA,NA,NA,NA,NA,NA,NA,NA,Northern Arizona,Northern Arizona
401086901,2019-01-17,Northern Arizona,Sacramento State,293,2,03:46:00,226,226,Foul on Ethan Esposito.,57,62,-5,6,0.1816108804334232,0.17106848768462732,3,3,1,NA,NA,NA,NA,NA,NA,NA,NA,Northern Arizona,Sacramento State
401086901,2019-01-17,Northern Arizona,Sacramento State,294,2,03:46:00,226,226,Brooks DeBisschop missed Free Throw.,57,62,-5,0,0.1816108804334232,0.17106848768462732,3,3,1,NA,NA,Northern Arizona,missed,Brooks DeBisschop,NA,FALSE,TRUE,Northern Arizona,Sacramento State
401086901,2019-01-17,Northern Arizona,Sacramento State,295,2,03:46:00,226,226,Joshua Patton Defensive Rebound.,57,62,-5,0,0.1816108804334232,0.17106848768462732,3,3,1,NA,NA,NA,NA,NA,NA,NA,NA,Northern Arizona,Sacramento State
401086901,2019-01-17,Northern Arizona,Sacramento State,296,2,03:17:00,197,197,Calvin Martin Turnover.,57,62,-5,29,0.1624589031784647,0.15329866581265586,3,3,1,NA,NA,NA,NA,NA,NA,NA,NA,Sacramento State,Northern Arizona
401086901,2019-01-17,Northern Arizona,Sacramento State,297,2,03:17:00,197,197,Ted McCree Steal.,57,62,-5,0,0.1624589031784647,0.15329866581265586,3,3,1,NA,NA,NA,NA,NA,NA,NA,NA,Sacramento State,Northern Arizona
401086901,2019-01-17,Northern Arizona,Sacramento State,298,2,03:06:00,186,186,Ted McCree made Three Point Jumper.,60,62,-2,11,0.34098249848392137,0.326008933092161,3,3,1,NA,NA,Northern Arizona,made,Ted McCree,NA,TRUE,FALSE,Northern Arizona,Sacramento State
401086901,2019-01-17,Northern Arizona,Sacramento State,299,2,02:43:00,163,163,Calvin Martin missed Layup.,60,62,-2,23,0.318229941303994,0.3045042714980945,3,3,1,NA,NA,Sacramento State,missed,Calvin Martin,NA,FALSE,FALSE,Sacramento State,Northern Arizona
401086901,2019-01-17,Northern Arizona,Sacramento State,300,2,02:43:00,163,163,Chris Bowling Defensive Rebound.,60,62,-2,0,0.318229941303994,0.3045042714980945,3,3,1,NA,NA,NA,NA,NA,NA,NA,NA,Sacramento State,Northern Arizona
401086901,2019-01-17,Northern Arizona,Sacramento State,301,2,02:37:00,157,157,Foul on Calvin Martin.,60,62,-2,6,0.31199523289948095,0.2986093362377535,3,3,1,NA,NA,NA,NA,NA,NA,NA,NA,Northern Arizona,Northern Arizona
401086901,2019-01-17,Northern Arizona,Sacramento State,302,2,02:35:00,155,155,Chris Bowling missed Free Throw.,60,62,-2,2,0.3098743932278377,0.2966034457706839,3,3,1,NA,NA,Northern Arizona,missed,Chris Bowling,NA,FALSE,TRUE,Northern Arizona,Northern Arizona
401086901,2019-01-17,Northern Arizona,Sacramento State,303,2,02:35:00,155,155,Northern Arizona Deadball Team Rebound.,60,62,-2,0,0.3098743932278377,0.2966034457706839,3,3,1,NA,NA,NA,NA,NA,NA,NA,NA,Northern Arizona,Northern Arizona
401086901,2019-01-17,Northern Arizona,Sacramento State,304,2,02:34:00,154,154,Chris Bowling made Free Throw.,61,62,-1,1,0.4081732281546416,0.3931265841565736,3,3,1,NA,NA,Northern Arizona,made,Chris Bowling,NA,FALSE,TRUE,Northern Arizona,Sacramento State
401086901,2019-01-17,Northern Arizona,Sacramento State,305,2,02:18:00,138,138,Bryce Fowler Turnover.,61,62,-1,16,0.397541393059299,0.3832193132798142,3,3,1,NA,NA,NA,NA,NA,NA,NA,NA,Sacramento State,Northern Arizona
401086901,2019-01-17,Northern Arizona,Sacramento State,306,2,01:53:00,113,113,Carlos Hines Turnover.,61,62,-1,25,0.377657278228455,0.3645645259919245,3,3,1,NA,NA,NA,NA,NA,NA,NA,NA,Northern Arizona,Sacramento State
401086901,2019-01-17,Northern Arizona,Sacramento State,307,2,01:50:00,110,110,Joshua Patton Steal.,61,62,-1,3,0.3749415146812364,0.36200569436953534,3,3,1,NA,NA,NA,NA,NA,NA,NA,NA,Northern Arizona,Sacramento State
401086901,2019-01-17,Northern Arizona,Sacramento State,308,2,01:47:00,107,107,Foul on Davon Bolton.,61,62,-1,3,0.37214667405773455,0.3593700150990061,3,3,1,NA,NA,NA,NA,NA,NA,NA,NA,Sacramento State,Sacramento State
401086901,2019-01-17,Northern Arizona,Sacramento State,309,2,01:47:00,107,107,Joshua Patton missed Free Throw.,61,62,-1,0,0.37214667405773455,0.3593700150990061,3,3,1,NA,NA,Sacramento State,missed,Joshua Patton,NA,FALSE,TRUE,Sacramento State,Sacramento State
401086901,2019-01-17,Northern Arizona,Sacramento State,310,2,01:47:00,107,107,Sacramento State Deadball Team Rebound.,61,62,-1,0,0.37214667405773455,0.3593700150990061,3,3,1,NA,NA,NA,NA,NA,NA,NA,NA,Sacramento State,Sacramento State
401086901,2019-01-17,Northern Arizona,Sacramento State,311,2,01:47:00,107,107,Joshua Patton missed Free Throw.,61,62,-1,0,0.37214667405773455,0.3593700150990061,3,3,1,NA,NA,Sacramento State,missed,Joshua Patton,NA,FALSE,TRUE,Sacramento State,Sacramento State
401086901,2019-01-17,Northern Arizona,Sacramento State,312,2,01:47:00,107,107,Davon Bolton Defensive Rebound.,61,62,-1,0,0.37214667405773455,0.3593700150990061,3,3,1,NA,NA,NA,NA,NA,NA,NA,NA,Sacramento State,Sacramento State
401086901,2019-01-17,Northern Arizona,Sacramento State,313,2,01:26:00,86,86,Bernie Andre made Jumper.,63,62,1,21,0.6724621705903168,0.6610487922584657,3,3,1,NA,NA,Northern Arizona,made,Bernie Andre,NA,FALSE,FALSE,Northern Arizona,Sacramento State
401086901,2019-01-17,Northern Arizona,Sacramento State,314,2,01:07:00,67,67,Sacramento State  Timeout,63,62,1,19,0.6916569452111622,0.6813572400008068,3,2,1,NA,NA,NA,NA,NA,NA,NA,NA,Sacramento State,Sacramento State
401086901,2019-01-17,Northern Arizona,Sacramento State,315,2,01:05:00,65,65,Marcus Graves missed Layup.,63,62,1,2,0.6937832822736363,0.683604056717259,3,2,1,NA,NA,Sacramento State,missed,Marcus Graves,NA,FALSE,FALSE,Sacramento State,Northern Arizona
401086901,2019-01-17,Northern Arizona,Sacramento State,316,2,01:05:00,65,65,Chris Bowling Defensive Rebound.,63,62,1,0,0.6937832822736363,0.683604056717259,3,2,1,NA,NA,NA,NA,NA,NA,NA,NA,Sacramento State,Northern Arizona
401086901,2019-01-17,Northern Arizona,Sacramento State,317,2,00:29:00,29,29,Davon Bolton missed Three Point Jumper.,63,62,1,36,0.7345886698140229,0.7266446279420194,3,2,1,NA,NA,Northern Arizona,missed,Davon Bolton,NA,TRUE,FALSE,Northern Arizona,Sacramento State
401086901,2019-01-17,Northern Arizona,Sacramento State,318,2,00:29:00,29,29,Joshua Patton Defensive Rebound.,63,62,1,0,0.7345886698140229,0.7266446279420194,3,2,1,NA,NA,NA,NA,NA,NA,NA,NA,Northern Arizona,Sacramento State
401086901,2019-01-17,Northern Arizona,Sacramento State,319,2,00:14:00,14,14,Joshua Patton made Layup.,63,64,-1,15,0.2613697905797223,0.25424668313989673,3,2,1,NA,NA,Sacramento State,made,Joshua Patton,NA,FALSE,FALSE,Sacramento State,Northern Arizona
401086901,2019-01-17,Northern Arizona,Sacramento State,320,2,00:14:00,14,14,Northern Arizona  Timeout,63,64,-1,0,0.2613697905797223,0.25424668313989673,2,2,1,NA,NA,NA,NA,NA,NA,NA,NA,Sacramento State,Northern Arizona
401086901,2019-01-17,Northern Arizona,Sacramento State,321,2,00:08:00,8,8,Foul on Marcus Graves.,63,64,-1,6,0.25308802058937424,0.24635462456246857,2,2,1,NA,NA,NA,NA,NA,NA,NA,NA,Northern Arizona,Sacramento State
401086901,2019-01-17,Northern Arizona,Sacramento State,322,2,00:08:00,8,8,Davon Bolton made Free Throw.,64,64,0,0,0.5089839983608944,0.5,2,2,1,NA,NA,Northern Arizona,made,Davon Bolton,NA,FALSE,TRUE,Northern Arizona,Northern Arizona
401086901,2019-01-17,Northern Arizona,Sacramento State,323,2,00:08:00,8,8,Davon Bolton missed Free Throw.,64,64,0,0,0.5089839983608944,0.5,2,2,1,NA,NA,Northern Arizona,missed,Davon Bolton,NA,FALSE,TRUE,Northern Arizona,Sacramento State
401086901,2019-01-17,Northern Arizona,Sacramento State,324,2,00:08:00,8,8,Izayah Mauriohooho-Le'afa Defensive Rebound.,64,64,0,0,0.5089839983608944,0.5,2,2,1,NA,NA,NA,NA,NA,NA,NA,NA,Northern Arizona,Sacramento State
401086901,2019-01-17,Northern Arizona,Sacramento State,325,2,00:00:00,0,0,Joshua Patton made Layup.,63,64,-1,8,4.39710786687858e-18,4.248354255291589e-18,2,2,1,NA,NA,Sacramento State,made,Joshua Patton,NA,FALSE,FALSE,Sacramento State,Northern Arizona
401086901,2019-01-17,Northern Arizona,Sacramento State,326,2,00:00:00,0,0,End of Game,63,64,-1,0,4.39710786687858e-18,4.248354255291589e-18,2,2,1,NA,NA,NA,NA,NA,NA,NA,NA,Northern Arizona,NA
