game_id,date,home,away,play_id,half,time_remaining_half,secs_remaining,secs_remaining_absolute,description,home_score,away_score,score_diff,play_length,win_prob,naive_win_prob,home_time_out_remaining,away_time_out_remaining,home_favored_by,shot_x,shot_y,shot_team,shot_outcome,shooter,assist,three_pt,free_throw,possession_before,possession_after,win_prob_naive
401171032,2020-02-10,Longwood,Campbell,1,1,20:00,2400,2400,PLAY,0,0,0,0,0.5360343986035031,0.5,4,4,0.9,NA,NA,NA,NA,NA,NA,NA,NA,NA,Campbell,NA
401171032,2020-02-10,Longwood,Campbell,2,1,19:38,2378,2378,Cory Gensler made Three Point Jumper. Assisted by Cedric Henderson Jr..,0,3,-3,22,0.46914405907387974,0.433484240757866,4,4,0.9,NA,NA,Campbell,made,Cory Gensler,Cedric Henderson Jr,TRUE,FALSE,Campbell,Longwood,NA
401171032,2020-02-10,Longwood,Campbell,3,1,19:23,2363,2363,JaShaun Smith missed Jumper.,0,3,-3,15,0.46860609907011674,0.4330084573040888,4,4,0.9,NA,NA,Longwood,missed,JaShaun Smith,NA,FALSE,FALSE,Longwood,Campbell,NA
401171032,2020-02-10,Longwood,Campbell,4,1,19:20,2360,2360,Joshua Lusane Defensive Rebound.,0,3,-3,3,0.4684978294596577,0.4329127569306653,4,4,0.9,NA,NA,NA,NA,NA,NA,NA,NA,Longwood,Campbell,NA
401171032,2020-02-10,Longwood,Campbell,5,1,19:14,2354,2354,Jordan Whitfield Turnover.,0,3,-3,6,0.4682806285596026,0.43272082956111063,4,4,0.9,NA,NA,NA,NA,NA,NA,NA,NA,Campbell,Longwood,NA
401171032,2020-02-10,Longwood,Campbell,6,1,19:14,2354,2354,Jaylon Wilson Steal.,0,3,-3,0,0.4682806285596026,0.43272082956111063,4,4,0.9,NA,NA,NA,NA,NA,NA,NA,NA,Campbell,Longwood,NA
401171032,2020-02-10,Longwood,Campbell,7,1,18:59,2339,2339,DeShaun Wade missed Three Point Jumper.,0,3,-3,15,0.46773385943473417,0.4322380386409041,4,4,0.9,NA,NA,Longwood,missed,DeShaun Wade,NA,TRUE,FALSE,Longwood,Campbell,NA
401171032,2020-02-10,Longwood,Campbell,8,1,18:56,2336,2336,Ricky Clemons Defensive Rebound.,0,3,-3,3,0.46762387578791226,0.432140987932238,4,4,0.9,NA,NA,NA,NA,NA,NA,NA,NA,Longwood,Campbell,NA
401171032,2020-02-10,Longwood,Campbell,9,1,18:41,2321,2321,Cedric Henderson Jr. Turnover.,0,3,-3,15,0.46707091793839667,0.4316533888996481,4,4,0.9,NA,NA,NA,NA,NA,NA,NA,NA,Campbell,Longwood,NA
401171032,2020-02-10,Longwood,Campbell,10,1,18:22,2302,2302,Jordan Cintron missed Layup.,0,3,-3,19,0.466363525781105,0.4310304656645372,4,4,0.9,NA,NA,Longwood,missed,Jordan Cintron,NA,FALSE,FALSE,Longwood,Campbell,NA
401171032,2020-02-10,Longwood,Campbell,11,1,18:19,2299,2299,Joshua Lusane Defensive Rebound.,0,3,-3,3,0.4662511492701525,0.430931600167075,4,4,0.9,NA,NA,NA,NA,NA,NA,NA,NA,Longwood,Campbell,NA
401171032,2020-02-10,Longwood,Campbell,12,1,18:01,2281,2281,Cory Gensler made Three Point Jumper. Assisted by Joshua Lusane.,0,6,-6,18,0.39689794101767306,0.3633245851589914,4,4,0.9,NA,NA,Campbell,made,Cory Gensler,Joshua Lusane,TRUE,FALSE,Campbell,Longwood,NA
401171032,2020-02-10,Longwood,Campbell,13,1,17:46,2266,2266,JaShaun Smith Turnover.,0,6,-6,15,0.39586212981382274,0.36238153565743253,4,4,0.9,NA,NA,NA,NA,NA,NA,NA,NA,Longwood,Campbell,NA
401171032,2020-02-10,Longwood,Campbell,14,1,17:46,2266,2266,Cedric Henderson Jr. Steal.,0,6,-6,0,0.39586212981382274,0.36238153565743253,4,4,0.9,NA,NA,NA,NA,NA,NA,NA,NA,Longwood,Campbell,NA
401171032,2020-02-10,Longwood,Campbell,15,1,17:41,2261,2261,Jordan Whitfield made Layup. Assisted by Cedric Henderson Jr..,0,8,-8,5,0.351377817589669,0.31968712946572414,4,4,0.9,NA,NA,Campbell,made,Jordan Whitfield,Cedric Henderson Jr,FALSE,FALSE,Campbell,Longwood,NA
401171032,2020-02-10,Longwood,Campbell,16,1,17:41,2261,2261,Longwood  Timeout,0,8,-8,0,0.351377817589669,0.31968712946572414,3,4,0.9,NA,NA,NA,NA,NA,NA,NA,NA,Campbell,Longwood,NA
401171032,2020-02-10,Longwood,Campbell,17,1,17:12,2232,2232,Heru Bligen missed Jumper.,0,8,-8,29,0.34884784485256787,0.3173819300027084,3,4,0.9,NA,NA,Longwood,missed,Heru Bligen,NA,FALSE,FALSE,Longwood,Campbell,NA
401171032,2020-02-10,Longwood,Campbell,18,1,17:09,2229,2229,Cedric Henderson Jr. Defensive Rebound.,0,8,-8,3,0.34858509087363665,0.31714274131502684,3,4,0.9,NA,NA,NA,NA,NA,NA,NA,NA,Longwood,Campbell,NA
401171032,2020-02-10,Longwood,Campbell,19,1,16:48,2208,2208,Jordan Whitfield missed Three Point Jumper.,0,8,-8,21,0.3467412877201398,0.31546551294746167,3,4,0.9,NA,NA,Campbell,missed,Jordan Whitfield,NA,TRUE,FALSE,Campbell,Campbell,NA
401171032,2020-02-10,Longwood,Campbell,20,1,16:44,2204,2204,Cedric Henderson Jr. Offensive Rebound.,0,8,-8,4,0.3463892826687701,0.3151455546954682,3,4,0.9,NA,NA,NA,NA,NA,NA,NA,NA,Campbell,Campbell,NA
401171032,2020-02-10,Longwood,Campbell,21,1,16:43,2203,2203,Cedric Henderson Jr. missed Layup.,0,8,-8,1,0.34630124550864705,0.31506554502027034,3,4,0.9,NA,NA,Campbell,missed,Cedric Henderson Jr.,NA,FALSE,FALSE,Campbell,Campbell,NA
401171032,2020-02-10,Longwood,Campbell,22,1,16:43,2203,2203,JaShaun Smith Block.,0,8,-8,0,0.34630124550864705,0.31506554502027034,3,4,0.9,NA,NA,NA,NA,NA,NA,NA,NA,Campbell,Campbell,NA
401171032,2020-02-10,Longwood,Campbell,23,1,16:43,2203,2203,Campbell Offensive Rebound.,0,8,-8,0,0.34630124550864705,0.31506554502027034,3,4,0.9,NA,NA,NA,NA,NA,NA,NA,NA,Campbell,Campbell,NA
401171032,2020-02-10,Longwood,Campbell,24,1,16:39,2199,2199,Foul on Cedric Henderson Jr..,0,8,-8,4,0.34594895924983005,0.314745431660361,3,4,0.9,NA,NA,NA,NA,NA,NA,NA,NA,Longwood,Longwood,NA
401171032,2020-02-10,Longwood,Campbell,25,1,16:17,2177,2177,Shabooty Phillips missed Jumper.,0,8,-8,22,0.34400795960511316,0.31298316775804624,3,4,0.9,NA,NA,Longwood,missed,Shabooty Phillips,NA,FALSE,FALSE,Longwood,Campbell,NA
401171032,2020-02-10,Longwood,Campbell,26,1,16:15,2175,2175,Joshua Lusane Defensive Rebound.,0,8,-8,2,0.3438312619662206,0.3128228671946094,3,4,0.9,NA,NA,NA,NA,NA,NA,NA,NA,Longwood,Campbell,NA
401171032,2020-02-10,Longwood,Campbell,27,1,15:53,2153,2153,Joshua Lusane missed Jumper.,0,8,-8,22,0.34188350977109433,0.3110571427308553,3,4,0.9,NA,NA,Campbell,missed,Joshua Lusane,NA,FALSE,FALSE,Campbell,Longwood,NA
401171032,2020-02-10,Longwood,Campbell,28,1,15:50,2150,2150,JaShaun Smith Defensive Rebound.,0,8,-8,3,0.3416171019305906,0.3108157972470566,3,4,0.9,NA,NA,NA,NA,NA,NA,NA,NA,Campbell,Longwood,NA
401171032,2020-02-10,Longwood,Campbell,29,1,15:45,2145,2145,JaShaun Smith made Three Point Jumper. Assisted by Shabooty Phillips.,3,8,-5,5,0.4112616086942005,0.37780682323070147,3,4,0.9,NA,NA,Longwood,made,JaShaun Smith,Shabooty Phillips,TRUE,FALSE,Longwood,Campbell,NA
401171032,2020-02-10,Longwood,Campbell,30,1,15:26,2126,2126,Cory Gensler missed Three Point Jumper.,3,8,-5,19,0.41008612241519915,0.3767532432232344,3,4,0.9,NA,NA,Campbell,missed,Cory Gensler,NA,TRUE,FALSE,Campbell,Longwood,NA
401171032,2020-02-10,Longwood,Campbell,31,1,15:23,2123,2123,Leslie Nkereuwem Defensive Rebound.,3,8,-5,3,0.4098997450363912,0.376586311279402,3,4,0.9,NA,NA,NA,NA,NA,NA,NA,NA,Campbell,Longwood,NA
401171032,2020-02-10,Longwood,Campbell,32,1,15:12,2112,2112,JaShaun Smith made Layup.,5,8,-3,11,0.4589568760348107,0.424578415039436,3,4,0.9,NA,NA,Longwood,made,JaShaun Smith,NA,FALSE,FALSE,Longwood,Campbell,NA
401171032,2020-02-10,Longwood,Campbell,33,1,14:54,2094,2094,Cory Gensler made Three Point Jumper. Assisted by Cedric Henderson Jr..,5,11,-6,18,0.3836518005477283,0.35133517417650195,3,4,0.9,NA,NA,Campbell,made,Cory Gensler,Cedric Henderson Jr,TRUE,FALSE,Campbell,Longwood,NA
401171032,2020-02-10,Longwood,Campbell,34,1,14:29,2069,2069,JaShaun Smith Turnover.,5,11,-6,25,0.38182000994493537,0.3496877791331088,3,4,0.9,NA,NA,NA,NA,NA,NA,NA,NA,Longwood,Campbell,NA
401171032,2020-02-10,Longwood,Campbell,35,1,14:29,2069,2069,Official TV Timeout,5,11,-6,0,0.38182000994493537,0.3496877791331088,3,4,0.9,NA,NA,NA,NA,NA,NA,NA,NA,Longwood,Campbell,NA
401171032,2020-02-10,Longwood,Campbell,36,1,14:11,2051,2051,Ja'Cor Nelson made Layup. Assisted by Austin McCullough.,5,13,-8,18,0.3326933419123448,0.30275136308695133,3,4,0.9,NA,NA,Campbell,made,Ja'Cor Nelson,Austin McCullough,FALSE,FALSE,Campbell,Longwood,NA
401171032,2020-02-10,Longwood,Campbell,37,1,13:51,2031,2031,Heru Bligen made Layup.,7,13,-6,20,0.3789991594810609,0.34715444833080616,3,4,0.9,NA,NA,Longwood,made,Heru Bligen,NA,FALSE,FALSE,Longwood,Campbell,NA
401171032,2020-02-10,Longwood,Campbell,38,1,13:25,2005,2005,Ja'Cor Nelson missed Layup.,7,13,-6,26,0.37704171512560625,0.3453987128827322,3,4,0.9,NA,NA,Campbell,missed,Ja'Cor Nelson,NA,FALSE,FALSE,Campbell,Longwood,NA
401171032,2020-02-10,Longwood,Campbell,39,1,13:22,2002,2002,Leslie Nkereuwem Defensive Rebound.,7,13,-6,3,0.37681434642606526,0.34519487714014024,3,4,0.9,NA,NA,NA,NA,NA,NA,NA,NA,Campbell,Longwood,NA
401171032,2020-02-10,Longwood,Campbell,40,1,13:19,1999,1999,Christian Wilson made Three Point Jumper. Assisted by Heru Bligen.,10,13,-3,3,0.4542543451945666,0.4205378590324588,3,4,0.9,NA,NA,Longwood,made,Christian Wilson,Heru Bligen,TRUE,FALSE,Longwood,Campbell,NA
401171032,2020-02-10,Longwood,Campbell,41,1,12:41,1961,1961,Trey Spencer made Jumper. Assisted by Milos Stajcic.,10,15,-5,38,0.39946279437985943,0.36727704899447666,3,4,0.9,NA,NA,Campbell,made,Trey Spencer,Milos Stajcic,FALSE,FALSE,Campbell,Longwood,NA
401171032,2020-02-10,Longwood,Campbell,42,1,12:08,1928,1928,Sean Flood missed Layup.,10,15,-5,33,0.3972321431363505,0.365294261319252,3,4,0.9,NA,NA,Longwood,missed,Sean Flood,NA,FALSE,FALSE,Longwood,Campbell,NA
401171032,2020-02-10,Longwood,Campbell,43,1,12:04,1924,1924,Ja'Cor Nelson Defensive Rebound.,10,15,-5,4,0.3969597600571361,0.36505233611556004,3,4,0.9,NA,NA,NA,NA,NA,NA,NA,NA,Longwood,Campbell,NA
401171032,2020-02-10,Longwood,Campbell,44,1,12:02,1922,1922,Trey Spencer missed Three Point Jumper.,10,15,-5,2,0.39682361950934136,0.3649314603569984,3,4,0.9,NA,NA,Campbell,missed,Trey Spencer,NA,TRUE,FALSE,Campbell,Longwood,NA
401171032,2020-02-10,Longwood,Campbell,45,1,12:00,1920,1920,Christian Wilson Defensive Rebound.,10,15,-5,2,0.39668750915488693,0.3648106386363195,3,4,0.9,NA,NA,NA,NA,NA,NA,NA,NA,Campbell,Longwood,NA
401171032,2020-02-10,Longwood,Campbell,46,1,12:00,1920,1920,Foul on Austin McCullough.,10,15,-5,0,0.39668750915488693,0.3648106386363195,3,4,0.9,NA,NA,NA,NA,NA,NA,NA,NA,Longwood,Longwood,NA
401171032,2020-02-10,Longwood,Campbell,47,1,11:45,1905,1905,Shabooty Phillips made Jumper.,12,15,-3,15,0.4501238098249995,0.41700735833789904,3,4,0.9,NA,NA,Longwood,made,Shabooty Phillips,NA,FALSE,FALSE,Longwood,Campbell,NA
401171032,2020-02-10,Longwood,Campbell,48,1,11:01,1861,1861,Jaylon Wilson missed Three Point Jumper.,12,17,-5,44,0.39267242339043934,0.361257105291123,3,4,0.9,NA,NA,Longwood,missed,Jaylon Wilson,NA,TRUE,FALSE,Longwood,Campbell,NA
401171032,2020-02-10,Longwood,Campbell,49,1,10:58,1858,1858,Austin McCullough Defensive Rebound.,12,17,-5,3,0.39246757384355757,0.3610762596966901,3,4,0.9,NA,NA,NA,NA,NA,NA,NA,NA,Longwood,Campbell,NA
401171032,2020-02-10,Longwood,Campbell,50,1,10:38,1838,1838,Foul on Jaylon Wilson.,12,17,-5,20,0.39109798635410464,0.3598679943191041,3,4,0.9,NA,NA,NA,NA,NA,NA,NA,NA,Campbell,Campbell,NA
401171032,2020-02-10,Longwood,Campbell,51,1,10:38,1838,1838,Official TV Timeout,12,17,-5,0,0.39109798635410464,0.3598679943191041,3,4,0.9,NA,NA,NA,NA,NA,NA,NA,NA,Campbell,Campbell,NA
401171032,2020-02-10,Longwood,Campbell,52,1,10:38,1838,1838,Milos Stajcic made Free Throw.,12,18,-6,0,0.3640365887681967,0.3337829562865805,3,4,0.9,NA,NA,Campbell,made,Milos Stajcic,NA,FALSE,TRUE,Campbell,Campbell,NA
401171032,2020-02-10,Longwood,Campbell,53,1,10:38,1838,1838,Milos Stajcic made Free Throw.,12,19,-7,0,0.33780884554391855,0.30867694563187736,3,4,0.9,NA,NA,Campbell,made,Milos Stajcic,NA,FALSE,TRUE,Campbell,Longwood,NA
401171032,2020-02-10,Longwood,Campbell,54,1,10:27,1827,1827,Shabooty Phillips missed Three Point Jumper.,12,19,-7,11,0.33683908814110575,0.3078120156016228,3,4,0.9,NA,NA,Longwood,missed,Shabooty Phillips,NA,TRUE,FALSE,Longwood,Campbell,NA
401171032,2020-02-10,Longwood,Campbell,55,1,10:24,1824,1824,Campbell Defensive Rebound.,12,19,-7,3,0.3365740737293143,0.3075757083748177,3,4,0.9,NA,NA,NA,NA,NA,NA,NA,NA,Longwood,Campbell,NA
401171032,2020-02-10,Longwood,Campbell,56,1,10:03,1803,1803,Foul on Ja'Cor Nelson.,12,19,-7,21,0.334711219959908,0.3059152370225907,3,4,0.9,NA,NA,NA,NA,NA,NA,NA,NA,Longwood,Longwood,NA
401171032,2020-02-10,Longwood,Campbell,57,1,10:03,1803,1803,Ja'Cor Nelson Turnover.,12,19,-7,0,0.334711219959908,0.3059152370225907,3,4,0.9,NA,NA,NA,NA,NA,NA,NA,NA,Campbell,Longwood,NA
401171032,2020-02-10,Longwood,Campbell,58,1,9:49,1789,1789,Jaylon Wilson made Three Point Jumper. Assisted by JaShaun Smith.,15,19,-4,14,0.4160035532463409,0.3843403333809641,3,4,0.9,NA,NA,Longwood,made,Jaylon Wilson,JaShaun Smith,TRUE,FALSE,Longwood,Campbell,NA
401171032,2020-02-10,Longwood,Campbell,59,1,9:20,1760,1760,LaDarius Knight Turnover.,15,19,-4,29,0.41428463760257117,0.38284912339063054,3,4,0.9,NA,NA,NA,NA,NA,NA,NA,NA,Campbell,Longwood,NA
401171032,2020-02-10,Longwood,Campbell,60,1,9:07,1747,1747,DeShaun Wade made Layup.,17,19,-2,13,0.4726944667697325,0.44024393034878806,3,4,0.9,NA,NA,Longwood,made,DeShaun Wade,NA,FALSE,FALSE,Longwood,Campbell,NA
401171032,2020-02-10,Longwood,Campbell,61,1,9:07,1747,1747,Foul on Cory Gensler.,17,19,-2,0,0.4726944667697325,0.44024393034878806,3,4,0.9,NA,NA,NA,NA,NA,NA,NA,NA,Longwood,Campbell,NA
401171032,2020-02-10,Longwood,Campbell,62,1,9:07,1747,1747,DeShaun Wade missed Free Throw.,17,19,-2,0,0.4726944667697325,0.44024393034878806,3,4,0.9,NA,NA,Longwood,missed,DeShaun Wade,NA,FALSE,TRUE,Longwood,Campbell,NA
401171032,2020-02-10,Longwood,Campbell,63,1,9:06,1746,1746,Cory Gensler Defensive Rebound.,17,19,-2,1,0.4726600302391102,0.44021655583996494,3,4,0.9,NA,NA,NA,NA,NA,NA,NA,NA,Longwood,Campbell,NA
401171032,2020-02-10,Longwood,Campbell,64,1,8:37,1717,1717,Cory Gensler missed Three Point Jumper.,17,19,-2,29,0.4716492326245797,0.4394121864957256,3,4,0.9,NA,NA,Campbell,missed,Cory Gensler,NA,TRUE,FALSE,Campbell,Longwood,NA
401171032,2020-02-10,Longwood,Campbell,65,1,8:33,1713,1713,DeShaun Wade Defensive Rebound.,17,19,-2,4,0.471507866828919,0.4392995306210445,3,4,0.9,NA,NA,NA,NA,NA,NA,NA,NA,Campbell,Longwood,NA
401171032,2020-02-10,Longwood,Campbell,66,1,8:13,1693,1693,JaShaun Smith made Layup.,19,19,0,20,0.5322951518639832,0.5,3,4,0.9,NA,NA,Longwood,made,JaShaun Smith,NA,FALSE,FALSE,Longwood,Campbell,NA
401171032,2020-02-10,Longwood,Campbell,67,1,7:55,1675,1675,Trey Spencer missed Layup.,19,19,0,18,0.5321694500038591,0.5,3,4,0.9,NA,NA,Campbell,missed,Trey Spencer,NA,FALSE,FALSE,Campbell,Longwood,NA
401171032,2020-02-10,Longwood,Campbell,68,1,7:55,1675,1675,JaShaun Smith Block.,19,19,0,0,0.5321694500038591,0.5,3,4,0.9,NA,NA,NA,NA,NA,NA,NA,NA,Campbell,Longwood,NA
401171032,2020-02-10,Longwood,Campbell,69,1,7:51,1671,1671,Heru Bligen Defensive Rebound.,19,19,0,4,0.532141042830249,0.5,3,4,0.9,NA,NA,NA,NA,NA,NA,NA,NA,Campbell,Longwood,NA
401171032,2020-02-10,Longwood,Campbell,70,1,7:45,1665,1665,JaShaun Smith made Layup.,21,19,2,6,0.5934198221358229,0.5620661480250033,3,4,0.9,NA,NA,Longwood,made,JaShaun Smith,NA,FALSE,FALSE,Longwood,Campbell,NA
401171032,2020-02-10,Longwood,Campbell,71,1,7:24,1644,1644,Jordan Whitfield made Three Point Jumper. Assisted by Trey Spencer.,21,22,-1,21,0.5005007818151,0.4685536400444692,3,4,0.9,NA,NA,Campbell,made,Jordan Whitfield,Trey Spencer,TRUE,FALSE,Campbell,Longwood,NA
401171032,2020-02-10,Longwood,Campbell,72,1,6:57,1617,1617,Shabooty Phillips made Layup.,23,22,1,27,0.5633029881593048,0.5318158785084459,3,4,0.9,NA,NA,Longwood,made,Shabooty Phillips,NA,FALSE,FALSE,Longwood,Campbell,NA
401171032,2020-02-10,Longwood,Campbell,73,1,6:39,1599,1599,Official TV Timeout,23,22,1,18,0.5634083578534501,0.5320603267215861,3,4,0.9,NA,NA,NA,NA,NA,NA,NA,NA,Campbell,Campbell,NA
401171032,2020-02-10,Longwood,Campbell,74,1,6:25,1585,1585,Cory Gensler missed Jumper.,23,22,1,14,0.5634891425025236,0.5322506132922464,3,4,0.9,NA,NA,Campbell,missed,Cory Gensler,NA,FALSE,FALSE,Campbell,Longwood,NA
401171032,2020-02-10,Longwood,Campbell,75,1,6:22,1582,1582,JaShaun Smith Defensive Rebound.,23,22,1,3,0.5635064193066521,0.5322914888937231,3,4,0.9,NA,NA,NA,NA,NA,NA,NA,NA,Campbell,Longwood,NA
401171032,2020-02-10,Longwood,Campbell,76,1,6:13,1573,1573,Foul on Joshua Lusane.,23,22,1,9,0.5635583329501378,0.5324144557275214,3,4,0.9,NA,NA,NA,NA,NA,NA,NA,NA,Longwood,Longwood,NA
401171032,2020-02-10,Longwood,Campbell,77,1,6:13,1573,1573,Leslie Nkereuwem missed Free Throw.,23,22,1,0,0.5635583329501378,0.5324144557275214,3,4,0.9,NA,NA,Longwood,missed,Leslie Nkereuwem,NA,FALSE,TRUE,Longwood,Longwood,NA
401171032,2020-02-10,Longwood,Campbell,78,1,6:13,1573,1573,Longwood Deadball Team Rebound.,23,22,1,0,0.5635583329501378,0.5324144557275214,3,4,0.9,NA,NA,NA,NA,NA,NA,NA,NA,Longwood,Longwood,NA
401171032,2020-02-10,Longwood,Campbell,79,1,6:13,1573,1573,Leslie Nkereuwem made Free Throw.,24,22,2,0,0.5951883571252342,0.5645575896075963,3,4,0.9,NA,NA,Longwood,made,Leslie Nkereuwem,NA,FALSE,TRUE,Longwood,Campbell,NA
401171032,2020-02-10,Longwood,Campbell,80,1,5:54,1554,1554,Cory Gensler made Three Point Jumper. Assisted by Joshua Lusane.,24,25,-1,19,0.4985705343950244,0.46732351831370933,3,4,0.9,NA,NA,Campbell,made,Cory Gensler,Joshua Lusane,TRUE,FALSE,Campbell,Longwood,NA
401171032,2020-02-10,Longwood,Campbell,81,1,5:27,1527,1527,Leslie Nkereuwem made Dunk. Assisted by Heru Bligen.,26,25,1,27,0.5638337506409362,0.5330576296374667,3,4,0.9,NA,NA,Longwood,made,Leslie Nkereuwem,Heru Bligen,FALSE,FALSE,Longwood,Campbell,NA
401171032,2020-02-10,Longwood,Campbell,82,1,5:04,1504,1504,Ricky Clemons missed Free Throw.,26,25,1,23,0.563984640949202,0.53339408256951,3,4,0.9,NA,NA,Campbell,missed,Ricky Clemons,NA,FALSE,TRUE,Campbell,Campbell,NA
401171032,2020-02-10,Longwood,Campbell,83,1,5:04,1504,1504,Campbell Deadball Team Rebound.,26,25,1,0,0.563984640949202,0.53339408256951,3,4,0.9,NA,NA,NA,NA,NA,NA,NA,NA,Campbell,Campbell,NA
401171032,2020-02-10,Longwood,Campbell,84,1,5:04,1504,1504,Ricky Clemons missed Free Throw.,26,25,1,0,0.563984640949202,0.53339408256951,3,4,0.9,NA,NA,Campbell,missed,Ricky Clemons,NA,FALSE,TRUE,Campbell,Campbell,NA
401171032,2020-02-10,Longwood,Campbell,85,1,5:04,1504,1504,Leslie Nkereuwem Defensive Rebound.,26,25,1,0,0.563984640949202,0.53339408256951,3,4,0.9,NA,NA,NA,NA,NA,NA,NA,NA,Campbell,Campbell,NA
401171032,2020-02-10,Longwood,Campbell,86,1,5:04,1504,1504,Foul on Jaylon Wilson.,26,25,1,0,0.563984640949202,0.53339408256951,3,4,0.9,NA,NA,NA,NA,NA,NA,NA,NA,Campbell,Campbell,NA
401171032,2020-02-10,Longwood,Campbell,87,1,4:46,1486,1486,Shabooty Phillips made Jumper.,28,25,3,18,0.628926738224142,0.5997969502423529,3,4,0.9,NA,NA,Longwood,made,Shabooty Phillips,NA,FALSE,FALSE,Longwood,Campbell,NA
401171032,2020-02-10,Longwood,Campbell,88,1,4:20,1460,1460,Cedric Henderson Jr. missed Three Point Jumper.,28,25,3,26,0.6298949284179416,0.6009924299429911,3,4,0.9,NA,NA,Campbell,missed,Cedric Henderson Jr.,NA,TRUE,FALSE,Campbell,Longwood,NA
401171032,2020-02-10,Longwood,Campbell,89,1,4:16,1456,1456,Sean Flood Defensive Rebound.,28,25,3,4,0.6300501955978598,0.6011827058429856,3,4,0.9,NA,NA,NA,NA,NA,NA,NA,NA,Campbell,Longwood,NA
401171032,2020-02-10,Longwood,Campbell,90,1,4:02,1442,1442,Sean Flood missed Layup.,28,25,3,14,0.630600809241875,0.6018559983958909,3,4,0.9,NA,NA,Longwood,missed,Sean Flood,NA,FALSE,FALSE,Longwood,Longwood,NA
401171032,2020-02-10,Longwood,Campbell,91,1,4:02,1442,1442,Ricky Clemons Block.,28,25,3,0,0.630600809241875,0.6018559983958909,3,4,0.9,NA,NA,NA,NA,NA,NA,NA,NA,Longwood,Longwood,NA
401171032,2020-02-10,Longwood,Campbell,92,1,4:02,1442,1442,Longwood Offensive Rebound.,28,25,3,0,0.630600809241875,0.6018559983958909,3,4,0.9,NA,NA,NA,NA,NA,NA,NA,NA,Longwood,Longwood,NA
401171032,2020-02-10,Longwood,Campbell,93,1,3:56,1436,1436,Shabooty Phillips missed Jumper.,28,25,3,6,0.6308319311477328,0.6021399045856703,3,4,0.9,NA,NA,Longwood,missed,Shabooty Phillips,NA,FALSE,FALSE,Longwood,Campbell,NA
401171032,2020-02-10,Longwood,Campbell,94,1,3:56,1436,1436,Campbell Defensive Rebound.,28,25,3,0,0.6308319311477328,0.6021399045856703,3,4,0.9,NA,NA,NA,NA,NA,NA,NA,NA,Longwood,Campbell,NA
401171032,2020-02-10,Longwood,Campbell,95,1,3:24,1404,1404,Cedric Henderson Jr. made Three Point Jumper.,28,28,0,32,0.5300522249961602,0.5,3,4,0.9,NA,NA,Campbell,made,Cedric Henderson Jr.,NA,TRUE,FALSE,Campbell,Longwood,NA
401171032,2020-02-10,Longwood,Campbell,96,1,3:01,1381,1381,DeShaun Wade missed Three Point Jumper.,28,28,0,23,0.5298615102415536,0.5,3,4,0.9,NA,NA,Longwood,missed,DeShaun Wade,NA,TRUE,FALSE,Longwood,Campbell,NA
401171032,2020-02-10,Longwood,Campbell,97,1,2:57,1377,1377,Cory Gensler Defensive Rebound.,28,28,0,4,0.5298280660111991,0.5,3,4,0.9,NA,NA,NA,NA,NA,NA,NA,NA,Longwood,Campbell,NA
401171032,2020-02-10,Longwood,Campbell,98,1,2:40,1360,1360,Foul on DeShaun Wade.,28,28,0,17,0.5296851296757328,0.5,3,4,0.9,NA,NA,NA,NA,NA,NA,NA,NA,Campbell,Campbell,NA
401171032,2020-02-10,Longwood,Campbell,99,1,2:28,1348,1348,Joshua Lusane missed Layup.,28,28,0,12,0.529583539626351,0.5,3,4,0.9,NA,NA,Campbell,missed,Joshua Lusane,NA,FALSE,FALSE,Campbell,Longwood,NA
401171032,2020-02-10,Longwood,Campbell,100,1,2:25,1345,1345,Jordan Cintron Defensive Rebound.,28,28,0,3,0.529558062982867,0.5,3,4,0.9,NA,NA,NA,NA,NA,NA,NA,NA,Campbell,Longwood,NA
401171032,2020-02-10,Longwood,Campbell,101,1,2:12,1332,1332,Heru Bligen missed Three Point Jumper.,28,28,0,13,0.5294473412511611,0.5,3,4,0.9,NA,NA,Longwood,missed,Heru Bligen,NA,TRUE,FALSE,Longwood,Campbell,NA
401171032,2020-02-10,Longwood,Campbell,102,1,2:09,1329,1329,Joshua Lusane Defensive Rebound.,28,28,0,3,0.5294217222624421,0.5,3,4,0.9,NA,NA,NA,NA,NA,NA,NA,NA,Longwood,Campbell,NA
401171032,2020-02-10,Longwood,Campbell,103,1,1:55,1315,1315,Joshua Lusane missed Three Point Jumper.,28,28,0,14,0.5293018832088665,0.5,3,4,0.9,NA,NA,Campbell,missed,Joshua Lusane,NA,TRUE,FALSE,Campbell,Longwood,NA
401171032,2020-02-10,Longwood,Campbell,104,1,1:51,1311,1311,JaShaun Smith Defensive Rebound.,28,28,0,4,0.5292675687505607,0.5,3,4,0.9,NA,NA,NA,NA,NA,NA,NA,NA,Campbell,Longwood,NA
401171032,2020-02-10,Longwood,Campbell,105,1,1:39,1299,1299,Shabooty Phillips missed Three Point Jumper.,28,28,0,12,0.5291644684582997,0.5,3,4,0.9,NA,NA,Longwood,missed,Shabooty Phillips,NA,TRUE,FALSE,Longwood,Longwood,NA
401171032,2020-02-10,Longwood,Campbell,106,1,1:36,1296,1296,Longwood Offensive Rebound.,28,28,0,3,0.5291386628958522,0.5,3,4,0.9,NA,NA,NA,NA,NA,NA,NA,NA,Longwood,Longwood,NA
401171032,2020-02-10,Longwood,Campbell,107,1,1:22,1282,1282,Foul on Cory Gensler.,28,28,0,14,0.5290181264471583,0.5,3,4,0.9,NA,NA,NA,NA,NA,NA,NA,NA,Longwood,Longwood,NA
401171032,2020-02-10,Longwood,Campbell,108,1,1:22,1282,1282,DeShaun Wade made Free Throw.,29,28,1,0,0.5656346700757443,0.5368976439240658,3,4,0.9,NA,NA,Longwood,made,DeShaun Wade,NA,FALSE,TRUE,Longwood,Longwood,NA
401171032,2020-02-10,Longwood,Campbell,109,1,1:22,1282,1282,DeShaun Wade made Free Throw.,30,28,2,0,0.6015486066817048,0.5733955941940945,3,4,0.9,NA,NA,Longwood,made,DeShaun Wade,NA,FALSE,TRUE,Longwood,Campbell,NA
401171032,2020-02-10,Longwood,Campbell,110,1,1:13,1273,1273,Jordan Whitfield Turnover.,30,28,2,9,0.6017738951976237,0.5737016349170487,3,4,0.9,NA,NA,NA,NA,NA,NA,NA,NA,Campbell,Longwood,NA
401171032,2020-02-10,Longwood,Campbell,111,1,1:13,1273,1273,DeShaun Wade Steal.,30,28,2,0,0.6017738951976237,0.5737016349170487,3,4,0.9,NA,NA,NA,NA,NA,NA,NA,NA,Campbell,Longwood,NA
401171032,2020-02-10,Longwood,Campbell,112,1,0:55,1255,1255,DeShaun Wade made Three Point Jumper. Assisted by Heru Bligen.,33,28,5,18,0.7035351729611186,0.6789432821987232,3,4,0.9,NA,NA,Longwood,made,DeShaun Wade,Heru Bligen,TRUE,FALSE,Longwood,Campbell,NA
401171032,2020-02-10,Longwood,Campbell,113,1,0:37,1237,1237,Foul on Heru Bligen.,33,28,5,18,0.7048349129042193,0.680436980733746,3,4,0.9,NA,NA,NA,NA,NA,NA,NA,NA,Campbell,Campbell,NA
401171032,2020-02-10,Longwood,Campbell,114,1,0:35,1235,1235,Jordan Whitfield Turnover.,33,28,5,2,0.7049843634840485,0.6806081734276322,3,4,0.9,NA,NA,NA,NA,NA,NA,NA,NA,Campbell,Longwood,NA
401171032,2020-02-10,Longwood,Campbell,115,1,0:13,1213,1213,Foul on Ja'Cor Nelson.,33,28,5,22,0.7067020172912892,0.6825677115313032,3,4,0.9,NA,NA,NA,NA,NA,NA,NA,NA,Longwood,Longwood,NA
401171032,2020-02-10,Longwood,Campbell,116,1,0:13,1213,1213,Shabooty Phillips missed Free Throw.,33,28,5,0,0.7067020172912892,0.6825677115313032,3,4,0.9,NA,NA,Longwood,missed,Shabooty Phillips,NA,FALSE,TRUE,Longwood,Longwood,NA
401171032,2020-02-10,Longwood,Campbell,117,1,0:13,1213,1213,Longwood Deadball Team Rebound.,33,28,5,0,0.7067020172912892,0.6825677115313032,3,4,0.9,NA,NA,NA,NA,NA,NA,NA,NA,Longwood,Longwood,NA
401171032,2020-02-10,Longwood,Campbell,118,1,0:13,1213,1213,Shabooty Phillips made Free Throw.,34,28,6,0,0.7374079238552868,0.7147805406554393,3,4,0.9,NA,NA,Longwood,made,Shabooty Phillips,NA,FALSE,TRUE,Longwood,Campbell,NA
401171032,2020-02-10,Longwood,Campbell,119,1,0:07,1207,1207,Foul on Sean Flood.,34,28,6,6,0.7379663858123078,0.7154103791432505,3,4,0.9,NA,NA,NA,NA,NA,NA,NA,NA,Campbell,Campbell,NA
401171032,2020-02-10,Longwood,Campbell,120,1,0:07,1207,1207,Campbell  Timeout,34,28,6,0,0.7379663858123078,0.7154103791432505,3,3,0.9,NA,NA,NA,NA,NA,NA,NA,NA,Campbell,Campbell,NA
401171032,2020-02-10,Longwood,Campbell,121,1,0:02,1202,1202,Jordan Whitfield made Three Point Jumper. Assisted by Trey Spencer.,34,31,3,5,0.640061038279257,0.6135317766038629,3,3,0.9,NA,NA,Campbell,made,Jordan Whitfield,Trey Spencer,TRUE,FALSE,Campbell,Longwood,NA
401171032,2020-02-10,Longwood,Campbell,122,1,0:00,1200,1200,End of 1st half,34,31,3,2,0.6401622838633149,0.6136521367497382,3,3,0.9,NA,NA,NA,NA,NA,NA,NA,NA,Longwood,NA,NA
401171032,2020-02-10,Longwood,Campbell,123,2,20:00,1200,1200,PLAY,34,31,3,0,0.6401622838633149,0.6136521367497382,4,4,0.9,NA,NA,NA,NA,NA,NA,NA,NA,NA,Longwood,NA
401171032,2020-02-10,Longwood,Campbell,124,2,19:50,1190,1190,DeShaun Wade missed Layup.,34,31,3,10,0.6406619054747492,0.6142468765901157,4,4,0.9,NA,NA,Longwood,missed,DeShaun Wade,NA,FALSE,FALSE,Longwood,Campbell,NA
401171032,2020-02-10,Longwood,Campbell,125,2,19:50,1190,1190,Joshua Lusane Block.,34,31,3,0,0.6406619054747492,0.6142468765901157,4,4,0.9,NA,NA,NA,NA,NA,NA,NA,NA,Longwood,Campbell,NA
401171032,2020-02-10,Longwood,Campbell,126,2,19:46,1186,1186,Jordan Whitfield Defensive Rebound.,34,31,3,4,0.640858947358297,0.6144817700366086,4,4,0.9,NA,NA,NA,NA,NA,NA,NA,NA,Longwood,Campbell,NA
401171032,2020-02-10,Longwood,Campbell,127,2,19:45,1185,1185,Foul on JaShaun Smith.,34,31,3,1,0.6409079803185926,0.614540249785984,4,4,0.9,NA,NA,NA,NA,NA,NA,NA,NA,Campbell,Campbell,NA
401171032,2020-02-10,Longwood,Campbell,128,2,19:45,1185,1185,Cedric Henderson Jr. made Free Throw.,34,32,2,0,0.6043988918687437,0.5771191863646207,4,4,0.9,NA,NA,Campbell,made,Cedric Henderson Jr.,NA,FALSE,TRUE,Campbell,Campbell,NA
401171032,2020-02-10,Longwood,Campbell,129,2,19:45,1185,1185,Cedric Henderson Jr. made Free Throw.,34,33,1,0,0.5666874880034395,0.5387916903514686,4,4,0.9,NA,NA,Campbell,made,Cedric Henderson Jr.,NA,FALSE,TRUE,Campbell,Longwood,NA
401171032,2020-02-10,Longwood,Campbell,130,2,19:33,1173,1173,Jaylon Wilson missed Layup.,34,33,1,12,0.566828316493996,0.539034795708979,4,4,0.9,NA,NA,Longwood,missed,Jaylon Wilson,NA,FALSE,FALSE,Longwood,Campbell,NA
401171032,2020-02-10,Longwood,Campbell,131,2,19:31,1171,1171,Cedric Henderson Jr. Defensive Rebound.,34,33,1,2,0.5668514737846098,0.5390749521306997,4,4,0.9,NA,NA,NA,NA,NA,NA,NA,NA,Longwood,Campbell,NA
401171032,2020-02-10,Longwood,Campbell,132,2,19:06,1146,1146,Cedric Henderson Jr. made Jumper.,34,35,-1,25,0.4882378878404103,0.46042881927252544,4,4,0.9,NA,NA,Campbell,made,Cedric Henderson Jr.,NA,FALSE,FALSE,Campbell,Longwood,NA
401171032,2020-02-10,Longwood,Campbell,133,2,18:33,1113,1113,Jaylon Wilson missed Three Point Jumper.,34,35,-1,33,0.48730693214011206,0.45977704469918423,4,4,0.9,NA,NA,Longwood,missed,Jaylon Wilson,NA,TRUE,FALSE,Longwood,Campbell,NA
401171032,2020-02-10,Longwood,Campbell,134,2,18:29,1109,1109,Joshua Lusane Defensive Rebound.,34,35,-1,4,0.4871932817979129,0.45969725520359156,4,4,0.9,NA,NA,NA,NA,NA,NA,NA,NA,Longwood,Campbell,NA
401171032,2020-02-10,Longwood,Campbell,135,2,18:18,1098,1098,Cory Gensler missed Three Point Jumper.,34,35,-1,11,0.48687886368754296,0.4594760620737479,4,4,0.9,NA,NA,Campbell,missed,Cory Gensler,NA,TRUE,FALSE,Campbell,Campbell,NA
401171032,2020-02-10,Longwood,Campbell,136,2,18:15,1095,1095,Ricky Clemons Offensive Rebound.,34,35,-1,3,0.48679254132892397,0.4594152001983081,4,4,0.9,NA,NA,NA,NA,NA,NA,NA,NA,Campbell,Campbell,NA
401171032,2020-02-10,Longwood,Campbell,137,2,18:02,1082,1082,Joshua Lusane missed Layup.,34,35,-1,13,0.48641495066344137,0.45914817417764114,4,4,0.9,NA,NA,Campbell,missed,Joshua Lusane,NA,FALSE,FALSE,Campbell,Longwood,NA
401171032,2020-02-10,Longwood,Campbell,138,2,18:02,1082,1082,JaShaun Smith Block.,34,35,-1,0,0.48641495066344137,0.45914817417764114,4,4,0.9,NA,NA,NA,NA,NA,NA,NA,NA,Campbell,Longwood,NA
401171032,2020-02-10,Longwood,Campbell,139,2,17:58,1078,1078,DeShaun Wade Defensive Rebound.,34,35,-1,4,0.4862974476556659,0.45906478275408297,4,4,0.9,NA,NA,NA,NA,NA,NA,NA,NA,Campbell,Longwood,NA
401171032,2020-02-10,Longwood,Campbell,140,2,17:54,1074,1074,Foul on Jordan Whitfield.,34,35,-1,4,0.48617923978803707,0.45898073682958834,4,4,0.9,NA,NA,NA,NA,NA,NA,NA,NA,Longwood,Longwood,NA
401171032,2020-02-10,Longwood,Campbell,141,2,17:45,1065,1065,Leslie Nkereuwem made Dunk. Assisted by Shabooty Phillips.,36,35,1,9,0.5680904277937489,0.5412109840560421,4,4,0.9,NA,NA,Longwood,made,Leslie Nkereuwem,Shabooty Phillips,FALSE,FALSE,Longwood,Campbell,NA
401171032,2020-02-10,Longwood,Campbell,142,2,17:28,1048,1048,Cedric Henderson Jr. made Layup. Assisted by Joshua Lusane.,36,37,-1,17,0.4853904293102953,0.45841549146052324,4,4,0.9,NA,NA,Campbell,made,Cedric Henderson Jr.,Joshua Lusane,FALSE,FALSE,Campbell,Longwood,NA
401171032,2020-02-10,Longwood,Campbell,143,2,17:10,1030,1030,JaShaun Smith missed Jumper.,36,37,-1,18,0.4848188572775096,0.45800064032974364,4,4,0.9,NA,NA,Longwood,missed,JaShaun Smith,NA,FALSE,FALSE,Longwood,Campbell,NA
401171032,2020-02-10,Longwood,Campbell,144,2,17:07,1027,1027,Joshua Lusane Defensive Rebound.,36,37,-1,3,0.48472120319926976,0.4579292930663841,4,4,0.9,NA,NA,NA,NA,NA,NA,NA,NA,Longwood,Campbell,NA
401171032,2020-02-10,Longwood,Campbell,145,2,16:48,1008,1008,Cedric Henderson Jr. missed Layup.,36,37,-1,19,0.4840847910582152,0.4574609101322602,4,4,0.9,NA,NA,Campbell,missed,Cedric Henderson Jr.,NA,FALSE,FALSE,Campbell,Campbell,NA
401171032,2020-02-10,Longwood,Campbell,146,2,16:48,1008,1008,Joshua Lusane Offensive Rebound.,36,37,-1,0,0.4840847910582152,0.4574609101322602,4,4,0.9,NA,NA,NA,NA,NA,NA,NA,NA,Campbell,Campbell,NA
401171032,2020-02-10,Longwood,Campbell,147,2,16:48,1008,1008,Joshua Lusane made Layup.,36,39,-3,0,0.4001548966571755,0.37479366170784995,4,4,0.9,NA,NA,Campbell,made,Joshua Lusane,NA,FALSE,FALSE,Campbell,Longwood,NA
401171032,2020-02-10,Longwood,Campbell,148,2,16:48,1008,1008,Foul on Shabooty Phillips.,36,39,-3,0,0.4001548966571755,0.37479366170784995,4,4,0.9,NA,NA,NA,NA,NA,NA,NA,NA,Campbell,Campbell,NA
401171032,2020-02-10,Longwood,Campbell,149,2,16:48,1008,1008,Joshua Lusane missed Free Throw.,36,39,-3,0,0.4001548966571755,0.37479366170784995,4,4,0.9,NA,NA,Campbell,missed,Joshua Lusane,NA,FALSE,TRUE,Campbell,Longwood,NA
401171032,2020-02-10,Longwood,Campbell,150,2,16:47,1007,1007,Leslie Nkereuwem Defensive Rebound.,36,39,-3,1,0.4000725160658955,0.37472145590562583,4,4,0.9,NA,NA,NA,NA,NA,NA,NA,NA,Campbell,Longwood,NA
401171032,2020-02-10,Longwood,Campbell,151,2,16:36,996,996,Shabooty Phillips Turnover.,36,39,-3,11,0.3991487476849488,0.3739104861616358,4,4,0.9,NA,NA,NA,NA,NA,NA,NA,NA,Longwood,Campbell,NA
401171032,2020-02-10,Longwood,Campbell,152,2,16:36,996,996,Cedric Henderson Jr. Steal.,36,39,-3,0,0.3991487476849488,0.3739104861616358,4,4,0.9,NA,NA,NA,NA,NA,NA,NA,NA,Longwood,Campbell,NA
401171032,2020-02-10,Longwood,Campbell,153,2,16:36,996,996,Foul on Shabooty Phillips.,36,39,-3,0,0.3991487476849488,0.3739104861616358,4,4,0.9,NA,NA,NA,NA,NA,NA,NA,NA,Longwood,Campbell,NA
401171032,2020-02-10,Longwood,Campbell,154,2,16:09,969,969,Cedric Henderson Jr. missed Three Point Jumper.,36,39,-3,27,0.39673205569425735,0.37177815828372335,4,4,0.9,NA,NA,Campbell,missed,Cedric Henderson Jr.,NA,TRUE,FALSE,Campbell,Longwood,NA
401171032,2020-02-10,Longwood,Campbell,155,2,16:06,966,966,Heru Bligen Defensive Rebound.,36,39,-3,3,0.3964556877897471,0.37153366867482857,4,4,0.9,NA,NA,NA,NA,NA,NA,NA,NA,Campbell,Longwood,NA
401171032,2020-02-10,Longwood,Campbell,156,2,16:02,962,962,Heru Bligen made Layup.,38,39,-1,4,0.4824011142719695,0.4561950318688558,4,4,0.9,NA,NA,Longwood,made,Heru Bligen,NA,FALSE,FALSE,Longwood,Campbell,NA
401171032,2020-02-10,Longwood,Campbell,157,2,15:42,942,942,Jordan Whitfield made Layup.,38,41,-3,20,0.3943991776623974,0.36971975301505827,4,4,0.9,NA,NA,Campbell,made,Jordan Whitfield,NA,FALSE,FALSE,Campbell,Longwood,NA
401171032,2020-02-10,Longwood,Campbell,158,2,15:11,911,911,Shabooty Phillips Turnover.,38,41,-3,31,0.39204784278188287,0.3676563710955497,4,4,0.9,NA,NA,NA,NA,NA,NA,NA,NA,Longwood,Campbell,NA
401171032,2020-02-10,Longwood,Campbell,159,2,15:11,911,911,Cory Gensler Steal.,38,41,-3,0,0.39204784278188287,0.3676563710955497,4,4,0.9,NA,NA,NA,NA,NA,NA,NA,NA,Longwood,Campbell,NA
401171032,2020-02-10,Longwood,Campbell,160,2,15:07,907,907,Foul on JaShaun Smith.,38,41,-3,4,0.391761064012622,0.3674052750496156,4,4,0.9,NA,NA,NA,NA,NA,NA,NA,NA,Campbell,Campbell,NA
401171032,2020-02-10,Longwood,Campbell,161,2,15:07,907,907,Official TV Timeout,38,41,-3,0,0.391761064012622,0.3674052750496156,4,4,0.9,NA,NA,NA,NA,NA,NA,NA,NA,Campbell,Campbell,NA
401171032,2020-02-10,Longwood,Campbell,162,2,15:07,907,907,Cedric Henderson Jr. missed Free Throw.,38,41,-3,0,0.391761064012622,0.3674052750496156,4,4,0.9,NA,NA,Campbell,missed,Cedric Henderson Jr.,NA,FALSE,TRUE,Campbell,Campbell,NA
401171032,2020-02-10,Longwood,Campbell,163,2,15:07,907,907,Campbell Deadball Team Rebound.,38,41,-3,0,0.391761064012622,0.3674052750496156,4,4,0.9,NA,NA,NA,NA,NA,NA,NA,NA,Campbell,Campbell,NA
401171032,2020-02-10,Longwood,Campbell,164,2,15:07,907,907,Cedric Henderson Jr. made Free Throw.,38,42,-4,0,0.3495456048937928,0.3264059182083898,4,4,0.9,NA,NA,Campbell,made,Cedric Henderson Jr.,NA,FALSE,TRUE,Campbell,Longwood,NA
401171032,2020-02-10,Longwood,Campbell,165,2,14:49,889,889,Heru Bligen made Layup.,40,42,-2,18,0.43474514055640595,0.40964823520247273,4,4,0.9,NA,NA,Longwood,made,Heru Bligen,NA,FALSE,FALSE,Longwood,Campbell,NA
401171032,2020-02-10,Longwood,Campbell,166,2,14:16,856,856,Campbell  Turnover.,40,42,-2,33,0.4330784545445871,0.4082461558821419,4,4,0.9,NA,NA,NA,NA,NA,NA,NA,NA,Campbell,Longwood,NA
401171032,2020-02-10,Longwood,Campbell,167,2,13:58,838,838,Foul on Leslie Nkereuwem.,40,42,-2,18,0.4321303007568166,0.40744413919496875,4,4,0.9,NA,NA,NA,NA,NA,NA,NA,NA,Longwood,Campbell,NA
401171032,2020-02-10,Longwood,Campbell,168,2,13:58,838,838,Leslie Nkereuwem Turnover.,40,42,-2,0,0.4321303007568166,0.40744413919496875,4,4,0.9,NA,NA,NA,NA,NA,NA,NA,NA,Longwood,Campbell,NA
401171032,2020-02-10,Longwood,Campbell,169,2,13:36,816,816,Milos Stajcic Turnover.,40,42,-2,22,0.43088853879357286,0.40638678542307666,4,4,0.9,NA,NA,NA,NA,NA,NA,NA,NA,Campbell,Longwood,NA
401171032,2020-02-10,Longwood,Campbell,170,2,13:36,816,816,Heru Bligen Steal.,40,42,-2,0,0.43088853879357286,0.40638678542307666,4,4,0.9,NA,NA,NA,NA,NA,NA,NA,NA,Campbell,Longwood,NA
401171032,2020-02-10,Longwood,Campbell,171,2,13:32,812,812,Leslie Nkereuwem missed Layup.,40,42,-2,4,0.43064973515311517,0.406182485653765,4,4,0.9,NA,NA,Longwood,missed,Leslie Nkereuwem,NA,FALSE,FALSE,Longwood,Longwood,NA
401171032,2020-02-10,Longwood,Campbell,172,2,13:32,812,812,Trey Spencer Block.,40,42,-2,0,0.43064973515311517,0.406182485653765,4,4,0.9,NA,NA,NA,NA,NA,NA,NA,NA,Longwood,Longwood,NA
401171032,2020-02-10,Longwood,Campbell,173,2,13:32,812,812,Longwood Offensive Rebound.,40,42,-2,0,0.43064973515311517,0.406182485653765,4,4,0.9,NA,NA,NA,NA,NA,NA,NA,NA,Longwood,Longwood,NA
401171032,2020-02-10,Longwood,Campbell,174,2,13:24,804,804,Christian Wilson made Three Point Jumper. Assisted by Jordan Cintron.,43,42,1,8,0.5722582213447388,0.5475457407067457,4,4,0.9,NA,NA,Longwood,made,Christian Wilson,Jordan Cintron,TRUE,FALSE,Longwood,Campbell,NA
401171032,2020-02-10,Longwood,Campbell,175,2,12:58,778,778,Jordan Whitfield missed Three Point Jumper.,43,42,1,26,0.5728123877241597,0.5483239201348192,4,4,0.9,NA,NA,Campbell,missed,Jordan Whitfield,NA,TRUE,FALSE,Campbell,Longwood,NA
401171032,2020-02-10,Longwood,Campbell,176,2,12:54,774,774,Sean Flood Defensive Rebound.,43,42,1,4,0.572907478636586,0.5484551916654117,4,4,0.9,NA,NA,NA,NA,NA,NA,NA,NA,Campbell,Longwood,NA
401171032,2020-02-10,Longwood,Campbell,177,2,12:42,762,762,Heru Bligen missed Jumper.,43,42,1,12,0.5732106965069408,0.5488701524986933,4,4,0.9,NA,NA,Longwood,missed,Heru Bligen,NA,FALSE,FALSE,Longwood,Campbell,NA
401171032,2020-02-10,Longwood,Campbell,178,2,12:37,757,757,Cedric Henderson Jr. Defensive Rebound.,43,42,1,5,0.5733454703543659,0.5490530034870467,4,4,0.9,NA,NA,NA,NA,NA,NA,NA,NA,Longwood,Campbell,NA
401171032,2020-02-10,Longwood,Campbell,179,2,12:25,745,745,Milos Stajcic Turnover.,43,42,1,12,0.5736907848539657,0.5495176780213549,4,4,0.9,NA,NA,NA,NA,NA,NA,NA,NA,Campbell,Longwood,NA
401171032,2020-02-10,Longwood,Campbell,180,2,12:13,733,733,Shabooty Phillips missed Three Point Jumper.,43,42,1,12,0.5740692378672434,0.5500215722469715,4,4,0.9,NA,NA,Longwood,missed,Shabooty Phillips,NA,TRUE,FALSE,Longwood,Campbell,NA
401171032,2020-02-10,Longwood,Campbell,181,2,12:09,729,729,Trey Spencer Defensive Rebound.,43,42,1,4,0.5742029532636841,0.5501985130965733,4,4,0.9,NA,NA,NA,NA,NA,NA,NA,NA,Longwood,Campbell,NA
401171032,2020-02-10,Longwood,Campbell,182,2,11:41,701,701,Cory Gensler missed Jumper.,43,42,1,28,0.5750320339349038,0.5513200034284139,4,4,0.9,NA,NA,Campbell,missed,Cory Gensler,NA,FALSE,FALSE,Campbell,Longwood,NA
401171032,2020-02-10,Longwood,Campbell,183,2,11:34,694,694,Shabooty Phillips Defensive Rebound.,43,42,1,7,0.5752128508104941,0.5515713539058666,4,4,0.9,NA,NA,NA,NA,NA,NA,NA,NA,Campbell,Longwood,NA
401171032,2020-02-10,Longwood,Campbell,184,2,11:27,687,687,Foul on Ricky Clemons.,43,42,1,7,0.5753864404911307,0.5518148417153272,4,4,0.9,NA,NA,NA,NA,NA,NA,NA,NA,Longwood,Longwood,NA
401171032,2020-02-10,Longwood,Campbell,185,2,11:27,687,687,Official TV Timeout,43,42,1,0,0.5753864404911307,0.5518148417153272,4,4,0.9,NA,NA,NA,NA,NA,NA,NA,NA,Longwood,Longwood,NA
401171032,2020-02-10,Longwood,Campbell,186,2,11:24,684,684,Sean Flood made Three Point Jumper. Assisted by Shabooty Phillips.,46,42,4,3,0.716957634711833,0.6971326548186279,4,4,0.9,NA,NA,Longwood,made,Sean Flood,Shabooty Phillips,TRUE,FALSE,Longwood,Campbell,NA
401171032,2020-02-10,Longwood,Campbell,187,2,10:54,654,654,Ricky Clemons missed Three Point Jumper.,46,42,4,30,0.7199806845285598,0.70052375346504,4,4,0.9,NA,NA,Campbell,missed,Ricky Clemons,NA,TRUE,FALSE,Campbell,Longwood,NA
401171032,2020-02-10,Longwood,Campbell,188,2,10:50,650,650,Sean Flood Defensive Rebound.,46,42,4,4,0.7203843917676569,0.7009767567309027,4,4,0.9,NA,NA,NA,NA,NA,NA,NA,NA,Campbell,Longwood,NA
401171032,2020-02-10,Longwood,Campbell,189,2,10:21,621,621,Jaylon Wilson missed Layup.,46,42,4,29,0.7234885510423229,0.7044511907649676,4,4,0.9,NA,NA,Longwood,missed,Jaylon Wilson,NA,FALSE,FALSE,Longwood,Longwood,NA
401171032,2020-02-10,Longwood,Campbell,190,2,10:21,621,621,Longwood Offensive Rebound.,46,42,4,0,0.7234885510423229,0.7044511907649676,4,4,0.9,NA,NA,NA,NA,NA,NA,NA,NA,Longwood,Longwood,NA
401171032,2020-02-10,Longwood,Campbell,191,2,10:19,619,619,Foul on Ricky Clemons.,46,42,4,2,0.723720238299498,0.7047096508793423,4,4,0.9,NA,NA,NA,NA,NA,NA,NA,NA,Longwood,Longwood,NA
401171032,2020-02-10,Longwood,Campbell,192,2,9:59,599,599,Jordan Cintron missed Jumper.,46,42,4,20,0.7262243499187266,0.7074943801722636,4,4,0.9,NA,NA,Longwood,missed,Jordan Cintron,NA,FALSE,FALSE,Longwood,Longwood,NA
401171032,2020-02-10,Longwood,Campbell,193,2,9:55,595,595,Shabooty Phillips Offensive Rebound.,46,42,4,4,0.726772818844533,0.7081022363813483,4,4,0.9,NA,NA,NA,NA,NA,NA,NA,NA,Longwood,Longwood,NA
401171032,2020-02-10,Longwood,Campbell,194,2,9:54,594,594,Christian Wilson made Three Point Jumper. Assisted by Shabooty Phillips.,49,42,7,1,0.838107821652163,0.8252219992750914,4,4,0.9,NA,NA,Longwood,made,Christian Wilson,Shabooty Phillips,TRUE,FALSE,Longwood,Campbell,NA
401171032,2020-02-10,Longwood,Campbell,195,2,9:27,567,567,Ricky Clemons made Layup. Assisted by Cedric Henderson Jr..,49,44,5,27,0.7734817431799674,0.7571801722648409,4,4,0.9,NA,NA,Campbell,made,Ricky Clemons,Cedric Henderson Jr,FALSE,FALSE,Campbell,Longwood,NA
401171032,2020-02-10,Longwood,Campbell,196,2,9:06,546,546,Shabooty Phillips missed Jumper.,49,44,5,21,0.7780434811071811,0.7621693165399316,4,4,0.9,NA,NA,Longwood,missed,Shabooty Phillips,NA,FALSE,FALSE,Longwood,Campbell,NA
401171032,2020-02-10,Longwood,Campbell,197,2,9:04,544,544,Jordan Whitfield Defensive Rebound.,49,44,5,2,0.778476347341586,0.7626429834743765,4,4,0.9,NA,NA,NA,NA,NA,NA,NA,NA,Longwood,Campbell,NA
401171032,2020-02-10,Longwood,Campbell,198,2,9:04,544,544,Foul on Jordan Cintron.,49,44,5,0,0.778476347341586,0.7626429834743765,4,4,0.9,NA,NA,NA,NA,NA,NA,NA,NA,Longwood,Campbell,NA
401171032,2020-02-10,Longwood,Campbell,199,2,8:36,516,516,Cory Gensler missed Jumper.,49,44,5,28,0.7836394723020516,0.7683204201280888,4,4,0.9,NA,NA,Campbell,missed,Cory Gensler,NA,FALSE,FALSE,Campbell,Campbell,NA
401171032,2020-02-10,Longwood,Campbell,200,2,8:32,512,512,Cory Gensler Offensive Rebound.,49,44,5,4,0.7842903574913402,0.76903931153944,4,4,0.9,NA,NA,NA,NA,NA,NA,NA,NA,Campbell,Campbell,NA
401171032,2020-02-10,Longwood,Campbell,201,2,8:21,501,501,Joshua Lusane Turnover.,49,44,5,11,0.786047758963174,0.770981795605804,4,4,0.9,NA,NA,NA,NA,NA,NA,NA,NA,Campbell,Longwood,NA
401171032,2020-02-10,Longwood,Campbell,202,2,8:21,501,501,Shabooty Phillips Steal.,49,44,5,0,0.786047758963174,0.770981795605804,4,4,0.9,NA,NA,NA,NA,NA,NA,NA,NA,Campbell,Longwood,NA
401171032,2020-02-10,Longwood,Campbell,203,2,8:18,498,498,Foul on Joshua Lusane.,49,44,5,3,0.7865269954304115,0.7715115493241805,4,4,0.9,NA,NA,NA,NA,NA,NA,NA,NA,Longwood,Longwood,NA
401171032,2020-02-10,Longwood,Campbell,204,2,8:18,498,498,Heru Bligen made Free Throw.,50,44,6,0,0.8245508936688843,0.8115692527972888,4,4,0.9,NA,NA,Longwood,made,Heru Bligen,NA,FALSE,TRUE,Longwood,Longwood,NA
401171032,2020-02-10,Longwood,Campbell,205,2,8:18,498,498,Heru Bligen made Free Throw.,51,44,7,0,0.857033056831387,0.8460059421807203,4,4,0.9,NA,NA,Longwood,made,Heru Bligen,NA,FALSE,TRUE,Longwood,Campbell,NA
401171032,2020-02-10,Longwood,Campbell,206,2,7:48,468,468,Joshua Lusane missed Layup.,51,44,7,30,0.8624374979027595,0.8519528307291913,4,4,0.9,NA,NA,Campbell,missed,Joshua Lusane,NA,FALSE,FALSE,Campbell,Campbell,NA
401171032,2020-02-10,Longwood,Campbell,207,2,7:46,466,466,Joshua Lusane Offensive Rebound.,51,44,7,2,0.8628484226468804,0.8524035944311779,4,4,0.9,NA,NA,NA,NA,NA,NA,NA,NA,Campbell,Campbell,NA
401171032,2020-02-10,Longwood,Campbell,208,2,7:44,464,464,Austin McCullough made Three Point Jumper. Assisted by Joshua Lusane.,51,47,4,2,0.7483065802223194,0.7318714878521033,4,4,0.9,NA,NA,Campbell,made,Austin McCullough,Joshua Lusane,TRUE,FALSE,Campbell,Longwood,NA
401171032,2020-02-10,Longwood,Campbell,209,2,7:23,443,443,JaShaun Smith missed Three Point Jumper.,51,47,4,21,0.7528605596043461,0.7368585724184055,4,4,0.9,NA,NA,Longwood,missed,JaShaun Smith,NA,TRUE,FALSE,Longwood,Campbell,NA
401171032,2020-02-10,Longwood,Campbell,210,2,7:19,439,439,Joshua Lusane Defensive Rebound.,51,47,4,4,0.7538822972743815,0.7379724104362002,4,4,0.9,NA,NA,NA,NA,NA,NA,NA,NA,Longwood,Campbell,NA
401171032,2020-02-10,Longwood,Campbell,211,2,6:53,413,413,Austin McCullough missed Three Point Jumper.,51,47,4,26,0.7611014672060982,0.7458389104742891,4,4,0.9,NA,NA,Campbell,missed,Austin McCullough,NA,TRUE,FALSE,Campbell,Longwood,NA
401171032,2020-02-10,Longwood,Campbell,212,2,6:53,413,413,Longwood Defensive Rebound.,51,47,4,0,0.7611014672060982,0.7458389104742891,4,4,0.9,NA,NA,NA,NA,NA,NA,NA,NA,Campbell,Longwood,NA
401171032,2020-02-10,Longwood,Campbell,213,2,6:53,413,413,Official TV Timeout,51,47,4,0,0.7611014672060982,0.7458389104742891,4,4,0.9,NA,NA,NA,NA,NA,NA,NA,NA,Campbell,Longwood,NA
401171032,2020-02-10,Longwood,Campbell,214,2,6:39,399,399,Shabooty Phillips missed Three Point Jumper.,51,47,4,14,0.764647346131222,0.7497306090684906,4,4,0.9,NA,NA,Longwood,missed,Shabooty Phillips,NA,TRUE,FALSE,Longwood,Campbell,NA
401171032,2020-02-10,Longwood,Campbell,215,2,6:35,395,395,Joshua Lusane Defensive Rebound.,51,47,4,4,0.7656373244718042,0.7508197162066859,4,4,0.9,NA,NA,NA,NA,NA,NA,NA,NA,Longwood,Campbell,NA
401171032,2020-02-10,Longwood,Campbell,216,2,6:16,376,376,Joshua Lusane made Layup. Assisted by Cory Gensler.,51,49,2,19,0.6558708565467664,0.6377454322965139,4,4,0.9,NA,NA,Campbell,made,Joshua Lusane,Cory Gensler,FALSE,FALSE,Campbell,Longwood,NA
401171032,2020-02-10,Longwood,Campbell,217,2,5:57,357,357,Leslie Nkereuwem made Layup.,53,49,4,19,0.77559131538565,0.7617652373243702,4,4,0.9,NA,NA,Longwood,made,Leslie Nkereuwem,NA,FALSE,FALSE,Longwood,Campbell,NA
401171032,2020-02-10,Longwood,Campbell,218,2,5:26,326,326,Joshua Lusane Turnover.,53,49,4,31,0.7861606056313593,0.7732784519659113,4,4,0.9,NA,NA,NA,NA,NA,NA,NA,NA,Campbell,Longwood,NA
401171032,2020-02-10,Longwood,Campbell,219,2,5:26,326,326,Heru Bligen Steal.,53,49,4,0,0.7861606056313593,0.7732784519659113,4,4,0.9,NA,NA,NA,NA,NA,NA,NA,NA,Campbell,Longwood,NA
401171032,2020-02-10,Longwood,Campbell,220,2,5:05,305,305,Shabooty Phillips missed Jumper.,53,49,4,21,0.7950956676016372,0.782940375214728,4,4,0.9,NA,NA,Longwood,missed,Shabooty Phillips,NA,FALSE,FALSE,Longwood,Campbell,NA
401171032,2020-02-10,Longwood,Campbell,221,2,5:00,300,300,Joshua Lusane Defensive Rebound.,53,49,4,5,0.7964452443337494,0.7844285212485342,4,4,0.9,NA,NA,NA,NA,NA,NA,NA,NA,Longwood,Campbell,NA
401171032,2020-02-10,Longwood,Campbell,222,2,4:44,284,284,Foul on Shabooty Phillips.,53,49,4,16,0.7973372261382883,0.7856127034086154,4,4,0.9,NA,NA,NA,NA,NA,NA,NA,NA,Campbell,Campbell,NA
401171032,2020-02-10,Longwood,Campbell,223,2,4:44,284,284,Joshua Lusane made Free Throw.,53,50,3,0,0.739826000061556,0.7259180167082202,4,4,0.9,NA,NA,Campbell,made,Joshua Lusane,NA,FALSE,TRUE,Campbell,Campbell,NA
401171032,2020-02-10,Longwood,Campbell,224,2,4:44,284,284,Joshua Lusane made Free Throw.,53,51,2,0,0.6726938713124057,0.656861689685526,4,4,0.9,NA,NA,Campbell,made,Joshua Lusane,NA,FALSE,TRUE,Campbell,Longwood,NA
401171032,2020-02-10,Longwood,Campbell,225,2,4:19,259,259,Foul on Heru Bligen.,53,51,2,25,0.6694700492171672,0.6540992968368612,4,4,0.9,NA,NA,NA,NA,NA,NA,NA,NA,Longwood,Campbell,NA
401171032,2020-02-10,Longwood,Campbell,226,2,4:19,259,259,Heru Bligen Turnover.,53,51,2,0,0.6694700492171672,0.6540992968368612,4,4,0.9,NA,NA,NA,NA,NA,NA,NA,NA,Longwood,Campbell,NA
401171032,2020-02-10,Longwood,Campbell,227,2,4:09,249,249,Foul on Jordan Cintron.,53,51,2,10,0.6680398397873967,0.6528586412238598,4,4,0.9,NA,NA,NA,NA,NA,NA,NA,NA,Campbell,Campbell,NA
401171032,2020-02-10,Longwood,Campbell,228,2,4:09,249,249,Milos Stajcic missed Free Throw.,53,51,2,0,0.6680398397873967,0.6528586412238598,4,4,0.9,NA,NA,Campbell,missed,Milos Stajcic,NA,FALSE,TRUE,Campbell,Longwood,NA
401171032,2020-02-10,Longwood,Campbell,229,2,4:09,249,249,Leslie Nkereuwem Defensive Rebound.,53,51,2,0,0.6680398397873967,0.6528586412238598,4,4,0.9,NA,NA,NA,NA,NA,NA,NA,NA,Campbell,Longwood,NA
401171032,2020-02-10,Longwood,Campbell,230,2,3:44,224,224,Official TV Timeout,53,51,2,25,0.6676689507989274,0.6530638459984845,4,4,0.9,NA,NA,NA,NA,NA,NA,NA,NA,Longwood,Longwood,NA
401171032,2020-02-10,Longwood,Campbell,231,2,3:40,220,220,Shabooty Phillips made Jumper.,55,51,4,4,0.7919450975858449,0.7810847440511174,4,4,0.9,NA,NA,Longwood,made,Shabooty Phillips,NA,FALSE,FALSE,Longwood,Campbell,NA
401171032,2020-02-10,Longwood,Campbell,232,2,3:04,184,184,Cedric Henderson Jr. missed Jumper.,55,51,4,36,0.8219637245177978,0.812955568092698,4,4,0.9,NA,NA,Campbell,missed,Cedric Henderson Jr.,NA,FALSE,FALSE,Campbell,Longwood,NA
401171032,2020-02-10,Longwood,Campbell,233,2,3:02,182,182,Leslie Nkereuwem Defensive Rebound.,55,51,4,2,0.824372534568408,0.8154977246452715,4,4,0.9,NA,NA,NA,NA,NA,NA,NA,NA,Campbell,Longwood,NA
401171032,2020-02-10,Longwood,Campbell,234,2,2:46,166,166,Leslie Nkereuwem made Layup. Assisted by Shabooty Phillips.,57,51,6,16,0.9237944343857574,0.9196081156609256,4,4,0.9,NA,NA,Longwood,made,Leslie Nkereuwem,Shabooty Phillips,FALSE,FALSE,Longwood,Campbell,NA
401171032,2020-02-10,Longwood,Campbell,235,2,2:46,166,166,Foul on Ricky Clemons.,57,51,6,0,0.9237944343857574,0.9196081156609256,4,4,0.9,NA,NA,NA,NA,NA,NA,NA,NA,Longwood,Campbell,NA
401171032,2020-02-10,Longwood,Campbell,236,2,2:46,166,166,Leslie Nkereuwem missed Free Throw.,57,51,6,0,0.9237944343857574,0.9196081156609256,4,4,0.9,NA,NA,Longwood,missed,Leslie Nkereuwem,NA,FALSE,TRUE,Longwood,Campbell,NA
401171032,2020-02-10,Longwood,Campbell,237,2,2:44,164,164,Joshua Lusane Defensive Rebound.,57,51,6,2,0.9256626224172834,0.9215895339064301,4,4,0.9,NA,NA,NA,NA,NA,NA,NA,NA,Longwood,Campbell,NA
401171032,2020-02-10,Longwood,Campbell,238,2,2:19,139,139,Cory Gensler made Three Point Jumper. Assisted by Jordan Whitfield.,57,54,3,25,0.8136139786874761,0.8052375175127758,4,4,0.9,NA,NA,Campbell,made,Cory Gensler,Jordan Whitfield,TRUE,FALSE,Campbell,Longwood,NA
401171032,2020-02-10,Longwood,Campbell,239,2,2:15,135,135,Campbell  Timeout,57,54,3,4,0.8186208294308658,0.8105045724293557,4,3,0.9,NA,NA,NA,NA,NA,NA,NA,NA,Longwood,Longwood,NA
401171032,2020-02-10,Longwood,Campbell,240,2,2:15,135,135,Official TV Timeout,57,54,3,0,0.8186208294308658,0.8105045724293557,4,3,0.9,NA,NA,NA,NA,NA,NA,NA,NA,Longwood,Longwood,NA
401171032,2020-02-10,Longwood,Campbell,241,2,1:46,106,106,Shabooty Phillips missed Jumper.,57,54,3,29,0.8575879030662797,0.8514451354022992,4,3,0.9,NA,NA,Longwood,missed,Shabooty Phillips,NA,FALSE,FALSE,Longwood,Campbell,NA
401171032,2020-02-10,Longwood,Campbell,242,2,1:43,103,103,Ricky Clemons Defensive Rebound.,57,54,3,3,0.8618517019158305,0.8559195714926925,4,3,0.9,NA,NA,NA,NA,NA,NA,NA,NA,Longwood,Campbell,NA
401171032,2020-02-10,Longwood,Campbell,243,2,1:28,88,88,Foul on Cedric Henderson Jr..,57,54,3,15,0.8832267761020269,0.8783385828431226,4,3,0.9,NA,NA,NA,NA,NA,NA,NA,NA,Longwood,Longwood,NA
401171032,2020-02-10,Longwood,Campbell,244,2,1:28,88,88,Cedric Henderson Jr. Turnover.,57,54,3,0,0.8832267761020269,0.8783385828431226,4,3,0.9,NA,NA,NA,NA,NA,NA,NA,NA,Campbell,Longwood,NA
401171032,2020-02-10,Longwood,Campbell,245,2,1:09,69,69,Shabooty Phillips missed Three Point Jumper.,57,54,3,19,0.908265718014415,0.9045837737169687,4,3,0.9,NA,NA,Longwood,missed,Shabooty Phillips,NA,TRUE,FALSE,Longwood,Longwood,NA
401171032,2020-02-10,Longwood,Campbell,246,2,1:04,64,64,DeShaun Wade Offensive Rebound.,57,54,3,5,0.9144623096738002,0.9110737333564092,4,3,0.9,NA,NA,NA,NA,NA,NA,NA,NA,Longwood,Longwood,NA
401171032,2020-02-10,Longwood,Campbell,247,2,0:48,48,48,Shabooty Phillips missed Jumper.,57,54,3,16,0.9326857521144138,0.9301450917551463,4,3,0.9,NA,NA,Longwood,missed,Shabooty Phillips,NA,FALSE,FALSE,Longwood,Campbell,NA
401171032,2020-02-10,Longwood,Campbell,248,2,0:47,47,47,Campbell Defensive Rebound.,57,54,3,1,0.933745912400602,0.9312536898885019,4,3,0.9,NA,NA,NA,NA,NA,NA,NA,NA,Longwood,Campbell,NA
401171032,2020-02-10,Longwood,Campbell,249,2,0:39,39,39,Foul on Heru Bligen.,57,54,3,8,0.941899501571632,0.9397755674176709,4,3,0.9,NA,NA,NA,NA,NA,NA,NA,NA,Campbell,Campbell,NA
401171032,2020-02-10,Longwood,Campbell,250,2,0:39,39,39,Jordan Whitfield made Free Throw.,57,55,2,0,0.8664432369134338,0.8619651488265819,4,3,0.9,NA,NA,Campbell,made,Jordan Whitfield,NA,FALSE,TRUE,Campbell,Campbell,NA
401171032,2020-02-10,Longwood,Campbell,251,2,0:39,39,39,Jordan Whitfield made Free Throw.,57,56,1,0,0.7219220499568841,0.7141966424364399,4,3,0.9,NA,NA,Campbell,made,Jordan Whitfield,NA,FALSE,TRUE,Campbell,Longwood,NA
401171032,2020-02-10,Longwood,Campbell,252,2,0:10,10,10,Heru Bligen missed Layup.,57,56,1,29,0.7570757975288073,0.7510050166627159,4,3,0.9,NA,NA,Longwood,missed,Heru Bligen,NA,FALSE,FALSE,Longwood,Campbell,NA
401171032,2020-02-10,Longwood,Campbell,253,2,0:08,8,8,Cedric Henderson Jr. Defensive Rebound.,57,56,1,2,0.7596014555536943,0.7536453754375314,4,3,0.9,NA,NA,NA,NA,NA,NA,NA,NA,Longwood,Campbell,NA
401171032,2020-02-10,Longwood,Campbell,254,2,0:06,6,6,Campbell  Timeout,57,56,1,2,0.762133165976871,0.7562915917287648,4,2,0.9,NA,NA,NA,NA,NA,NA,NA,NA,Campbell,Campbell,NA
401171032,2020-02-10,Longwood,Campbell,255,2,0:06,6,6,Longwood  Timeout,57,56,1,0,0.762133165976871,0.7562915917287648,3,2,0.9,NA,NA,NA,NA,NA,NA,NA,NA,Campbell,Campbell,NA
401171032,2020-02-10,Longwood,Campbell,256,2,0:01,1,1,Ricky Clemons Turnover.,57,56,1,5,0.7684713467490922,0.762914625658515,3,2,0.9,NA,NA,NA,NA,NA,NA,NA,NA,Campbell,Campbell,NA
401171032,2020-02-10,Longwood,Campbell,257,2,0:01,1,1,Leslie Nkereuwem Steal.,57,56,1,0,0.7684713467490922,0.762914625658515,3,2,0.9,NA,NA,NA,NA,NA,NA,NA,NA,Campbell,Campbell,NA
401171032,2020-02-10,Longwood,Campbell,258,2,0:01,1,1,Foul on Joshua Lusane.,57,56,1,0,0.7684713467490922,0.762914625658515,3,2,0.9,NA,NA,NA,NA,NA,NA,NA,NA,Campbell,Campbell,NA
401171032,2020-02-10,Longwood,Campbell,259,2,0:01,1,1,Leslie Nkereuwem missed Free Throw.,57,56,1,0,0.7684713467490922,0.762914625658515,3,2,0.9,NA,NA,Longwood,missed,Leslie Nkereuwem,NA,FALSE,TRUE,Longwood,Campbell,NA
401171032,2020-02-10,Longwood,Campbell,260,2,0:01,1,1,Joshua Lusane Defensive Rebound.,57,56,1,0,0.7684713467490922,0.762914625658515,3,2,0.9,NA,NA,NA,NA,NA,NA,NA,NA,Campbell,Campbell,NA
401171032,2020-02-10,Longwood,Campbell,261,2,0:01,1,1,Campbell  Timeout,57,56,1,0,0.7684713467490922,0.762914625658515,3,1,0.9,NA,NA,NA,NA,NA,NA,NA,NA,Campbell,Campbell,NA
401171032,2020-02-10,Longwood,Campbell,262,2,0:00,0,0,End of 2nd half,57,56,1,1,1,0.9999999979388464,3,1,0.9,NA,NA,NA,NA,NA,NA,NA,NA,Campbell,NA,1
401171032,2020-02-10,Longwood,Campbell,263,2,0:00,0,0,End of Game,57,56,1,0,1,0.9999999979388464,3,1,0.9,NA,NA,NA,NA,NA,NA,NA,NA,Campbell,NA,1
