game_id,date,home,away,play_id,half,time_remaining_half,secs_remaining,secs_remaining_absolute,description,action_team,home_score,away_score,score_diff,play_length,scoring_play,foul,win_prob,naive_win_prob,home_time_out_remaining,away_time_out_remaining,home_favored_by,total_line,referees,arena_location,arena,capacity,attendance,shot_x,shot_y,shot_team,shot_outcome,shooter,assist,three_pt,free_throw,possession_before,possession_after,wrong_time
401715630,2024-11-19,N Kentucky,Cincinnati,1,1,19:41,2381,2381,Connor Hickman made Layup.,away,0,2,-2,0,TRUE,FALSE,0.0878746194703839,0.4555734282916538,6,6,-13.5,138.5,Doug Shows/Marques Pettigrew/John Hampton,"Highland Heights, KY",Truist Arena,NA,7485,NA,NA,Cincinnati,made,Connor Hickman,NA,FALSE,FALSE,Cincinnati,N Kentucky,FALSE
401715630,2024-11-19,N Kentucky,Cincinnati,2,1,19:13,2353,2353,Trey Robinson Turnover.,home,0,2,-2,28,FALSE,FALSE,0.08818295505801177,0.45497408096351394,6,6,-13.5,138.5,Doug Shows/Marques Pettigrew/John Hampton,"Highland Heights, KY",Truist Arena,NA,7485,NA,NA,NA,NA,NA,NA,NA,NA,N Kentucky,Cincinnati,FALSE
401715630,2024-11-19,N Kentucky,Cincinnati,3,1,18:53,2333,2333,Dillon Mitchell missed Jumper.,away,0,2,-2,20,FALSE,FALSE,0.08841221831812494,0.45453965530089274,6,6,-13.5,138.5,Doug Shows/Marques Pettigrew/John Hampton,"Highland Heights, KY",Truist Arena,NA,7485,NA,NA,Cincinnati,missed,Dillon Mitchell,NA,FALSE,FALSE,Cincinnati,N Kentucky,FALSE
401715630,2024-11-19,N Kentucky,Cincinnati,4,1,18:52,2332,2332,Northern Kentucky Defensive Rebound.,home,0,2,-2,1,FALSE,FALSE,0.0884238879120647,0.45451780479293763,6,6,-13.5,138.5,Doug Shows/Marques Pettigrew/John Hampton,"Highland Heights, KY",Truist Arena,NA,7485,NA,NA,NA,NA,NA,NA,NA,NA,Cincinnati,N Kentucky,FALSE
401715630,2024-11-19,N Kentucky,Cincinnati,5,1,18:42,2322,2322,Sam Vinson made Jumper.,home,2,2,0,10,TRUE,FALSE,0.10449437711304775,0.5,6,6,-13.5,138.5,Doug Shows/Marques Pettigrew/John Hampton,"Highland Heights, KY",Truist Arena,NA,7485,NA,NA,N Kentucky,made,Sam Vinson,NA,FALSE,FALSE,N Kentucky,Cincinnati,FALSE
401715630,2024-11-19,N Kentucky,Cincinnati,6,1,18:26,2306,2306,Dillon Mitchell missed Three Point Jumper.,away,2,2,0,16,FALSE,FALSE,0.10485149233151565,0.5,6,6,-13.5,138.5,Doug Shows/Marques Pettigrew/John Hampton,"Highland Heights, KY",Truist Arena,NA,7485,NA,NA,Cincinnati,missed,Dillon Mitchell,NA,TRUE,FALSE,Cincinnati,N Kentucky,FALSE
401715630,2024-11-19,N Kentucky,Cincinnati,7,1,18:21,2301,2301,Sam Vinson Defensive Rebound.,home,2,2,0,5,FALSE,FALSE,0.10496473415278725,0.5,6,6,-13.5,138.5,Doug Shows/Marques Pettigrew/John Hampton,"Highland Heights, KY",Truist Arena,NA,7485,NA,NA,NA,NA,NA,NA,NA,NA,Cincinnati,N Kentucky,FALSE
401715630,2024-11-19,N Kentucky,Cincinnati,8,1,18:08,2288,2288,Trey Robinson Turnover.,home,2,2,0,13,FALSE,FALSE,0.10526289211421573,0.5,6,6,-13.5,138.5,Doug Shows/Marques Pettigrew/John Hampton,"Highland Heights, KY",Truist Arena,NA,7485,NA,NA,NA,NA,NA,NA,NA,NA,N Kentucky,Cincinnati,FALSE
401715630,2024-11-19,N Kentucky,Cincinnati,9,1,18:08,2288,2288,Jizzle James Steal.,away,2,2,0,0,FALSE,FALSE,0.10526289211421573,0.5,6,6,-13.5,138.5,Doug Shows/Marques Pettigrew/John Hampton,"Highland Heights, KY",Truist Arena,NA,7485,NA,NA,NA,NA,NA,NA,NA,NA,N Kentucky,Cincinnati,FALSE
401715630,2024-11-19,N Kentucky,Cincinnati,10,1,18:03,2283,2283,Jizzle James made Layup.,away,2,4,-2,5,TRUE,FALSE,0.08902131197201921,0.45343355857236645,6,6,-13.5,138.5,Doug Shows/Marques Pettigrew/John Hampton,"Highland Heights, KY",Truist Arena,NA,7485,NA,NA,Cincinnati,made,Jizzle James,NA,FALSE,FALSE,Cincinnati,N Kentucky,FALSE
401715630,2024-11-19,N Kentucky,Cincinnati,11,1,17:36,2256,2256,Sam Vinson made Jumper.,home,4,4,0,27,TRUE,FALSE,0.10602038455018623,0.5,6,6,-13.5,138.5,Doug Shows/Marques Pettigrew/John Hampton,"Highland Heights, KY",Truist Arena,NA,7485,NA,NA,N Kentucky,made,Sam Vinson,NA,FALSE,FALSE,N Kentucky,Cincinnati,FALSE
401715630,2024-11-19,N Kentucky,Cincinnati,12,1,17:18,2238,2238,Simas Lukosius missed Three Point Jumper.,away,4,4,0,18,FALSE,FALSE,0.1064616957273842,0.5,6,6,-13.5,138.5,Doug Shows/Marques Pettigrew/John Hampton,"Highland Heights, KY",Truist Arena,NA,7485,NA,NA,Cincinnati,missed,Simas Lukosius,NA,TRUE,FALSE,Cincinnati,N Kentucky,FALSE
401715630,2024-11-19,N Kentucky,Cincinnati,13,1,17:14,2234,2234,Keeyan Itejere Defensive Rebound.,home,4,4,0,4,FALSE,FALSE,0.10656129528413077,0.5,6,6,-13.5,138.5,Doug Shows/Marques Pettigrew/John Hampton,"Highland Heights, KY",Truist Arena,NA,7485,NA,NA,NA,NA,NA,NA,NA,NA,Cincinnati,N Kentucky,FALSE
401715630,2024-11-19,N Kentucky,Cincinnati,14,1,17:03,2223,2223,Hubertas Pivorius Turnover.,home,4,4,0,11,FALSE,FALSE,0.10683811258596922,0.5,6,6,-13.5,138.5,Doug Shows/Marques Pettigrew/John Hampton,"Highland Heights, KY",Truist Arena,NA,7485,NA,NA,NA,NA,NA,NA,NA,NA,N Kentucky,Cincinnati,FALSE
401715630,2024-11-19,N Kentucky,Cincinnati,15,1,17:03,2223,2223,Jizzle James Steal.,away,4,4,0,0,FALSE,FALSE,0.10683811258596922,0.5,6,6,-13.5,138.5,Doug Shows/Marques Pettigrew/John Hampton,"Highland Heights, KY",Truist Arena,NA,7485,NA,NA,NA,NA,NA,NA,NA,NA,N Kentucky,Cincinnati,FALSE
401715630,2024-11-19,N Kentucky,Cincinnati,16,1,16:56,2216,2216,Dillon Mitchell made Dunk. Assisted by Jizzle James.,away,4,6,-2,7,TRUE,FALSE,0.08992775818355092,0.451915938455119,6,6,-13.5,138.5,Doug Shows/Marques Pettigrew/John Hampton,"Highland Heights, KY",Truist Arena,NA,7485,NA,NA,Cincinnati,made,Dillon Mitchell,Jizzle James,FALSE,FALSE,Cincinnati,N Kentucky,FALSE
401715630,2024-11-19,N Kentucky,Cincinnati,17,1,16:48,2208,2208,Josh Dilling Turnover.,home,4,6,-2,8,FALSE,FALSE,0.09004359987424806,0.45173267366113046,6,6,-13.5,138.5,Doug Shows/Marques Pettigrew/John Hampton,"Highland Heights, KY",Truist Arena,NA,7485,NA,NA,NA,NA,NA,NA,NA,NA,N Kentucky,Cincinnati,FALSE
401715630,2024-11-19,N Kentucky,Cincinnati,18,1,16:36,2196,2196,Aziz Bandaogo made Dunk. Assisted by Dillon Mitchell.,away,4,8,-4,12,TRUE,FALSE,0.07545751075254055,0.4038208233684856,6,6,-13.5,138.5,Doug Shows/Marques Pettigrew/John Hampton,"Highland Heights, KY",Truist Arena,NA,7485,NA,NA,Cincinnati,made,Aziz Bandaogo,Dillon Mitchell,FALSE,FALSE,Cincinnati,N Kentucky,FALSE
401715630,2024-11-19,N Kentucky,Cincinnati,19,1,16:19,2179,2179,Sam Vinson missed Layup.,home,4,8,-4,17,FALSE,FALSE,0.07556594908828976,0.4030597963126825,6,6,-13.5,138.5,Doug Shows/Marques Pettigrew/John Hampton,"Highland Heights, KY",Truist Arena,NA,7485,NA,NA,N Kentucky,missed,Sam Vinson,NA,FALSE,FALSE,N Kentucky,N Kentucky,FALSE
401715630,2024-11-19,N Kentucky,Cincinnati,20,1,16:16,2176,2176,Trey Robinson Offensive Rebound.,home,4,8,-4,3,FALSE,FALSE,0.07558572795359063,0.4029252930269015,6,6,-13.5,138.5,Doug Shows/Marques Pettigrew/John Hampton,"Highland Heights, KY",Truist Arena,NA,7485,NA,NA,NA,NA,NA,NA,NA,NA,N Kentucky,N Kentucky,FALSE
401715630,2024-11-19,N Kentucky,Cincinnati,21,1,16:16,2176,2176,Trey Robinson made Jumper.,home,6,8,-2,0,TRUE,FALSE,0.090524518867527,0.4509964257623433,6,6,-13.5,138.5,Doug Shows/Marques Pettigrew/John Hampton,"Highland Heights, KY",Truist Arena,NA,7485,NA,NA,N Kentucky,made,Trey Robinson,NA,FALSE,FALSE,N Kentucky,Cincinnati,FALSE
401715630,2024-11-19,N Kentucky,Cincinnati,22,1,16:01,2161,2161,Jizzle James missed Three Point Jumper.,away,6,8,-2,15,FALSE,FALSE,0.09075986890645546,0.45064972776518214,6,6,-13.5,138.5,Doug Shows/Marques Pettigrew/John Hampton,"Highland Heights, KY",Truist Arena,NA,7485,NA,NA,Cincinnati,missed,Jizzle James,NA,TRUE,FALSE,Cincinnati,N Kentucky,FALSE
401715630,2024-11-19,N Kentucky,Cincinnati,23,1,15:57,2157,2157,Trey Robinson Defensive Rebound.,home,6,8,-2,4,FALSE,FALSE,0.090823634148332,0.4505570115494483,6,6,-13.5,138.5,Doug Shows/Marques Pettigrew/John Hampton,"Highland Heights, KY",Truist Arena,NA,7485,NA,NA,NA,NA,NA,NA,NA,NA,Cincinnati,N Kentucky,FALSE
401715630,2024-11-19,N Kentucky,Cincinnati,24,1,15:35,2135,2135,Trey Robinson missed Layup.,home,6,8,-2,22,FALSE,FALSE,0.09118171492303645,0.4500448272291208,6,6,-13.5,138.5,Doug Shows/Marques Pettigrew/John Hampton,"Highland Heights, KY",Truist Arena,NA,7485,NA,NA,N Kentucky,missed,Trey Robinson,NA,FALSE,FALSE,N Kentucky,N Kentucky,FALSE
401715630,2024-11-19,N Kentucky,Cincinnati,25,1,15:32,2132,2132,Trey Robinson Offensive Rebound.,home,6,8,-2,3,FALSE,FALSE,0.0912315021842204,0.4499746773483259,6,6,-13.5,138.5,Doug Shows/Marques Pettigrew/John Hampton,"Highland Heights, KY",Truist Arena,NA,7485,NA,NA,NA,NA,NA,NA,NA,NA,N Kentucky,N Kentucky,FALSE
401715630,2024-11-19,N Kentucky,Cincinnati,26,1,15:27,2127,2127,Keeyan Itejere missed Jumper.,home,6,8,-2,5,FALSE,FALSE,0.09131498720347633,0.44985759065926184,6,6,-13.5,138.5,Doug Shows/Marques Pettigrew/John Hampton,"Highland Heights, KY",Truist Arena,NA,7485,NA,NA,N Kentucky,missed,Keeyan Itejere,NA,FALSE,FALSE,N Kentucky,Cincinnati,FALSE
401715630,2024-11-19,N Kentucky,Cincinnati,27,1,15:25,2125,2125,Aziz Bandaogo Defensive Rebound.,away,6,8,-2,2,FALSE,FALSE,0.09134855784763882,0.4498106956225497,6,6,-13.5,138.5,Doug Shows/Marques Pettigrew/John Hampton,"Highland Heights, KY",Truist Arena,NA,7485,NA,NA,NA,NA,NA,NA,NA,NA,N Kentucky,Cincinnati,FALSE
401715630,2024-11-19,N Kentucky,Cincinnati,28,1,15:01,2101,2101,Aziz Bandaogo missed Layup.,away,6,8,-2,24,FALSE,FALSE,0.0917592021913282,0.44924515656012415,6,6,-13.5,138.5,Doug Shows/Marques Pettigrew/John Hampton,"Highland Heights, KY",Truist Arena,NA,7485,NA,NA,Cincinnati,missed,Aziz Bandaogo,NA,FALSE,FALSE,Cincinnati,N Kentucky,FALSE
401715630,2024-11-19,N Kentucky,Cincinnati,29,1,14:58,2098,2098,Trey Robinson Defensive Rebound.,home,6,8,-2,3,FALSE,FALSE,0.09181153550526026,0.44917408775598827,6,6,-13.5,138.5,Doug Shows/Marques Pettigrew/John Hampton,"Highland Heights, KY",Truist Arena,NA,7485,NA,NA,NA,NA,NA,NA,NA,NA,Cincinnati,N Kentucky,FALSE
401715630,2024-11-19,N Kentucky,Cincinnati,30,1,14:44,2084,2084,Sam Vinson made Jumper.,home,8,8,0,14,TRUE,FALSE,0.11072073398531762,0.5,6,6,-13.5,138.5,Doug Shows/Marques Pettigrew/John Hampton,"Highland Heights, KY",Truist Arena,NA,7485,NA,NA,N Kentucky,made,Sam Vinson,NA,FALSE,FALSE,N Kentucky,Cincinnati,FALSE
401715630,2024-11-19,N Kentucky,Cincinnati,31,1,14:24,2064,2064,Connor Hickman missed Three Point Jumper.,away,8,8,0,20,FALSE,FALSE,0.11133766677847076,0.5,6,6,-13.5,138.5,Doug Shows/Marques Pettigrew/John Hampton,"Highland Heights, KY",Truist Arena,NA,7485,NA,NA,Cincinnati,missed,Connor Hickman,NA,TRUE,FALSE,Cincinnati,Cincinnati,FALSE
401715630,2024-11-19,N Kentucky,Cincinnati,32,1,14:21,2061,2061,Simas Lukosius Offensive Rebound.,away,8,8,0,3,FALSE,FALSE,0.1114314561269668,0.5,6,6,-13.5,138.5,Doug Shows/Marques Pettigrew/John Hampton,"Highland Heights, KY",Truist Arena,NA,7485,NA,NA,NA,NA,NA,NA,NA,NA,Cincinnati,Cincinnati,FALSE
401715630,2024-11-19,N Kentucky,Cincinnati,33,1,14:18,2058,2058,Jizzle James made Three Point Jumper. Assisted by Simas Lukosius.,away,8,11,-3,3,TRUE,FALSE,0.0841645609454285,0.422672807528839,6,6,-13.5,138.5,Doug Shows/Marques Pettigrew/John Hampton,"Highland Heights, KY",Truist Arena,NA,7485,NA,NA,Cincinnati,made,Jizzle James,Simas Lukosius,TRUE,FALSE,Cincinnati,N Kentucky,FALSE
401715630,2024-11-19,N Kentucky,Cincinnati,34,1,14:08,2048,2048,Sam Vinson missed Layup.,home,8,11,-3,10,FALSE,FALSE,0.08429721339015413,0.42231509398470995,6,6,-13.5,138.5,Doug Shows/Marques Pettigrew/John Hampton,"Highland Heights, KY",Truist Arena,NA,7485,NA,NA,N Kentucky,missed,Sam Vinson,NA,FALSE,FALSE,N Kentucky,N Kentucky,FALSE
401715630,2024-11-19,N Kentucky,Cincinnati,35,1,14:08,2048,2048,Jizzle James Block.,away,8,11,-3,0,FALSE,FALSE,0.08429721339015413,0.42231509398470995,6,6,-13.5,138.5,Doug Shows/Marques Pettigrew/John Hampton,"Highland Heights, KY",Truist Arena,NA,7485,NA,NA,NA,NA,NA,NA,NA,NA,N Kentucky,N Kentucky,FALSE
401715630,2024-11-19,N Kentucky,Cincinnati,36,1,14:07,2047,2047,Northern Kentucky Offensive Rebound.,home,8,11,-3,1,FALSE,FALSE,0.08431058043701566,0.42227923391959604,6,6,-13.5,138.5,Doug Shows/Marques Pettigrew/John Hampton,"Highland Heights, KY",Truist Arena,NA,7485,NA,NA,NA,NA,NA,NA,NA,NA,N Kentucky,N Kentucky,FALSE
401715630,2024-11-19,N Kentucky,Cincinnati,37,1,13:50,2030,2030,Dan Gherezgher Jr. Turnover.,home,8,11,-3,17,FALSE,FALSE,0.08454060844190073,0.4216670755856227,6,6,-13.5,138.5,Doug Shows/Marques Pettigrew/John Hampton,"Highland Heights, KY",Truist Arena,NA,7485,NA,NA,NA,NA,NA,NA,NA,NA,N Kentucky,Cincinnati,FALSE
401715630,2024-11-19,N Kentucky,Cincinnati,38,1,13:50,2030,2030,Dillon Mitchell Steal.,away,8,11,-3,0,FALSE,FALSE,0.08454060844190073,0.4216670755856227,6,6,-13.5,138.5,Doug Shows/Marques Pettigrew/John Hampton,"Highland Heights, KY",Truist Arena,NA,7485,NA,NA,NA,NA,NA,NA,NA,NA,N Kentucky,Cincinnati,FALSE
401715630,2024-11-19,N Kentucky,Cincinnati,39,1,13:44,2024,2024,Foul on Trey Robinson.,home,8,11,-3,6,FALSE,TRUE,0.08462303525656184,0.42144984864376434,6,6,-13.5,138.5,Doug Shows/Marques Pettigrew/John Hampton,"Highland Heights, KY",Truist Arena,NA,7485,NA,NA,NA,NA,NA,NA,NA,NA,Cincinnati,Cincinnati,FALSE
401715630,2024-11-19,N Kentucky,Cincinnati,40,1,13:31,2011,2011,Dillon Mitchell made Dunk. Assisted by Day Day Thomas.,away,8,13,-5,13,TRUE,FALSE,0.06969996270437738,0.37021998780381526,6,6,-13.5,138.5,Doug Shows/Marques Pettigrew/John Hampton,"Highland Heights, KY",Truist Arena,NA,7485,NA,NA,Cincinnati,made,Dillon Mitchell,Day Day Thomas,FALSE,FALSE,Cincinnati,N Kentucky,FALSE
401715630,2024-11-19,N Kentucky,Cincinnati,41,1,12:58,1978,1978,Trey Robinson missed Jumper.,home,8,13,-5,33,FALSE,FALSE,0.06987795521103778,0.368285618673993,6,6,-13.5,138.5,Doug Shows/Marques Pettigrew/John Hampton,"Highland Heights, KY",Truist Arena,NA,7485,NA,NA,N Kentucky,missed,Trey Robinson,NA,FALSE,FALSE,N Kentucky,N Kentucky,FALSE
401715630,2024-11-19,N Kentucky,Cincinnati,42,1,12:54,1974,1974,Paulius Rapolis Offensive Rebound.,home,8,13,-5,4,FALSE,FALSE,0.06990017951458125,0.3680490699709862,6,6,-13.5,138.5,Doug Shows/Marques Pettigrew/John Hampton,"Highland Heights, KY",Truist Arena,NA,7485,NA,NA,NA,NA,NA,NA,NA,NA,N Kentucky,N Kentucky,FALSE
401715630,2024-11-19,N Kentucky,Cincinnati,43,1,12:54,1974,1974,Paulius Rapolis made Jumper.,home,10,13,-3,0,TRUE,FALSE,0.08533403879678943,0.41961421237485386,6,6,-13.5,138.5,Doug Shows/Marques Pettigrew/John Hampton,"Highland Heights, KY",Truist Arena,NA,7485,NA,NA,N Kentucky,made,Paulius Rapolis,NA,FALSE,FALSE,N Kentucky,Cincinnati,FALSE
401715630,2024-11-19,N Kentucky,Cincinnati,44,1,12:35,1955,1955,Day Day Thomas made Layup.,away,10,15,-5,19,TRUE,FALSE,0.07000750325739825,0.36691903031931306,6,6,-13.5,138.5,Doug Shows/Marques Pettigrew/John Hampton,"Highland Heights, KY",Truist Arena,NA,7485,NA,NA,Cincinnati,made,Day Day Thomas,NA,FALSE,FALSE,Cincinnati,N Kentucky,FALSE
401715630,2024-11-19,N Kentucky,Cincinnati,45,1,12:26,1946,1946,Sam Vinson made Layup.,home,12,15,-3,9,TRUE,FALSE,0.08575005098513622,0.4185649581024144,6,6,-13.5,138.5,Doug Shows/Marques Pettigrew/John Hampton,"Highland Heights, KY",Truist Arena,NA,7485,NA,NA,N Kentucky,made,Sam Vinson,NA,FALSE,FALSE,N Kentucky,Cincinnati,FALSE
401715630,2024-11-19,N Kentucky,Cincinnati,46,1,12:05,1925,1925,Tyler Betsey made Three Point Jumper. Assisted by Dillon Mitchell.,away,12,18,-6,21,TRUE,FALSE,0.06329658449527303,0.3398664934372165,6,6,-13.5,138.5,Doug Shows/Marques Pettigrew/John Hampton,"Highland Heights, KY",Truist Arena,NA,7485,NA,NA,Cincinnati,made,Tyler Betsey,Dillon Mitchell,TRUE,FALSE,Cincinnati,N Kentucky,FALSE
401715630,2024-11-19,N Kentucky,Cincinnati,47,1,11:49,1909,1909,Foul on Tyler Betsey.,away,12,18,-6,16,FALSE,TRUE,0.06333807771808883,0.33874499501792393,6,6,-13.5,138.5,Doug Shows/Marques Pettigrew/John Hampton,"Highland Heights, KY",Truist Arena,NA,7485,NA,NA,NA,NA,NA,NA,NA,NA,N Kentucky,N Kentucky,FALSE
401715630,2024-11-19,N Kentucky,Cincinnati,48,1,11:43,1903,1903,LJ Wells missed Layup.,home,12,18,-6,6,FALSE,FALSE,0.06335519880435285,0.33832533956526206,6,6,-13.5,138.5,Doug Shows/Marques Pettigrew/John Hampton,"Highland Heights, KY",Truist Arena,NA,7485,NA,NA,N Kentucky,missed,LJ Wells,NA,FALSE,FALSE,N Kentucky,Cincinnati,FALSE
401715630,2024-11-19,N Kentucky,Cincinnati,49,1,11:43,1903,1903,Arrinten Page Block.,away,12,18,-6,0,FALSE,FALSE,0.06335519880435285,0.33832533956526206,6,6,-13.5,138.5,Doug Shows/Marques Pettigrew/John Hampton,"Highland Heights, KY",Truist Arena,NA,7485,NA,NA,NA,NA,NA,NA,NA,NA,N Kentucky,Cincinnati,FALSE
401715630,2024-11-19,N Kentucky,Cincinnati,50,1,11:39,1899,1899,Day Day Thomas Defensive Rebound.,away,12,18,-6,4,FALSE,FALSE,0.06336705753773206,0.3380457714724595,6,6,-13.5,138.5,Doug Shows/Marques Pettigrew/John Hampton,"Highland Heights, KY",Truist Arena,NA,7485,NA,NA,NA,NA,NA,NA,NA,NA,N Kentucky,Cincinnati,FALSE
401715630,2024-11-19,N Kentucky,Cincinnati,51,1,11:33,1893,1893,Day Day Thomas missed Layup.,away,12,18,-6,6,FALSE,FALSE,0.06338548643549095,0.3376266559612987,6,6,-13.5,138.5,Doug Shows/Marques Pettigrew/John Hampton,"Highland Heights, KY",Truist Arena,NA,7485,NA,NA,Cincinnati,missed,Day Day Thomas,NA,FALSE,FALSE,Cincinnati,N Kentucky,FALSE
401715630,2024-11-19,N Kentucky,Cincinnati,52,1,11:30,1890,1890,Josh Dilling Defensive Rebound.,home,12,18,-6,3,FALSE,FALSE,0.06339497965548098,0.3374171803531531,6,6,-13.5,138.5,Doug Shows/Marques Pettigrew/John Hampton,"Highland Heights, KY",Truist Arena,NA,7485,NA,NA,NA,NA,NA,NA,NA,NA,Cincinnati,N Kentucky,FALSE
401715630,2024-11-19,N Kentucky,Cincinnati,53,1,11:15,1875,1875,Keeyan Itejere made Jumper. Assisted by Josh Dilling.,home,14,18,-4,15,TRUE,FALSE,0.07831027415392171,0.3886457886437499,6,6,-13.5,138.5,Doug Shows/Marques Pettigrew/John Hampton,"Highland Heights, KY",Truist Arena,NA,7485,NA,NA,N Kentucky,made,Keeyan Itejere,Josh Dilling,FALSE,FALSE,N Kentucky,Cincinnati,FALSE
401715630,2024-11-19,N Kentucky,Cincinnati,54,1,10:56,1856,1856,Tyler Betsey missed Three Point Jumper.,away,14,18,-4,19,FALSE,FALSE,0.07853753462180711,0.38770368053013404,6,6,-13.5,138.5,Doug Shows/Marques Pettigrew/John Hampton,"Highland Heights, KY",Truist Arena,NA,7485,NA,NA,Cincinnati,missed,Tyler Betsey,NA,TRUE,FALSE,Cincinnati,N Kentucky,FALSE
401715630,2024-11-19,N Kentucky,Cincinnati,55,1,10:54,1854,1854,Keeyan Itejere Defensive Rebound.,home,14,18,-4,2,FALSE,FALSE,0.07856191180962414,0.38760434425000684,6,6,-13.5,138.5,Doug Shows/Marques Pettigrew/John Hampton,"Highland Heights, KY",Truist Arena,NA,7485,NA,NA,NA,NA,NA,NA,NA,NA,Cincinnati,N Kentucky,FALSE
401715630,2024-11-19,N Kentucky,Cincinnati,56,1,10:43,1843,1843,Keeyan Itejere Turnover.,home,14,18,-4,11,FALSE,FALSE,0.07869742139533106,0.38705720233493385,6,6,-13.5,138.5,Doug Shows/Marques Pettigrew/John Hampton,"Highland Heights, KY",Truist Arena,NA,7485,NA,NA,NA,NA,NA,NA,NA,NA,N Kentucky,Cincinnati,FALSE
401715630,2024-11-19,N Kentucky,Cincinnati,57,1,10:34,1834,1834,Jizzle James made Jumper.,away,14,20,-6,9,TRUE,FALSE,0.06360042323908568,0.3335022370673673,6,6,-13.5,138.5,Doug Shows/Marques Pettigrew/John Hampton,"Highland Heights, KY",Truist Arena,NA,7485,NA,NA,Cincinnati,made,Jizzle James,NA,FALSE,FALSE,Cincinnati,N Kentucky,FALSE
401715630,2024-11-19,N Kentucky,Cincinnati,58,1,10:13,1813,1813,Trey Robinson made Jumper.,home,16,20,-4,21,TRUE,FALSE,0.07907800557048997,0.38555560322601096,6,6,-13.5,138.5,Doug Shows/Marques Pettigrew/John Hampton,"Highland Heights, KY",Truist Arena,NA,7485,NA,NA,N Kentucky,made,Trey Robinson,NA,FALSE,FALSE,N Kentucky,Cincinnati,FALSE
401715630,2024-11-19,N Kentucky,Cincinnati,59,1,9:48,1788,1788,Arrinten Page missed Jumper.,away,16,20,-4,25,FALSE,FALSE,0.07940516485672516,0.3842893606884638,6,6,-13.5,138.5,Doug Shows/Marques Pettigrew/John Hampton,"Highland Heights, KY",Truist Arena,NA,7485,NA,NA,Cincinnati,missed,Arrinten Page,NA,FALSE,FALSE,Cincinnati,N Kentucky,FALSE
401715630,2024-11-19,N Kentucky,Cincinnati,60,1,9:45,1785,1785,Trey Robinson Defensive Rebound.,home,16,20,-4,3,FALSE,FALSE,0.07944491026499141,0.3841362648995847,6,6,-13.5,138.5,Doug Shows/Marques Pettigrew/John Hampton,"Highland Heights, KY",Truist Arena,NA,7485,NA,NA,NA,NA,NA,NA,NA,NA,Cincinnati,N Kentucky,FALSE
401715630,2024-11-19,N Kentucky,Cincinnati,61,1,9:32,1772,1772,Trey Robinson missed Layup.,home,16,20,-4,13,FALSE,FALSE,0.07961812347099415,0.3834695992246902,6,6,-13.5,138.5,Doug Shows/Marques Pettigrew/John Hampton,"Highland Heights, KY",Truist Arena,NA,7485,NA,NA,N Kentucky,missed,Trey Robinson,NA,FALSE,FALSE,N Kentucky,Cincinnati,FALSE
401715630,2024-11-19,N Kentucky,Cincinnati,62,1,9:30,1770,1770,Connor Hickman Defensive Rebound.,away,16,20,-4,2,FALSE,FALSE,0.07964489936183132,0.38336654046695295,6,6,-13.5,138.5,Doug Shows/Marques Pettigrew/John Hampton,"Highland Heights, KY",Truist Arena,NA,7485,NA,NA,NA,NA,NA,NA,NA,NA,N Kentucky,Cincinnati,FALSE
401715630,2024-11-19,N Kentucky,Cincinnati,63,1,9:06,1746,1746,Jizzle James missed Jumper.,away,16,20,-4,24,FALSE,FALSE,0.07996822729586588,0.3821183757638475,6,6,-13.5,138.5,Doug Shows/Marques Pettigrew/John Hampton,"Highland Heights, KY",Truist Arena,NA,7485,NA,NA,Cincinnati,missed,Jizzle James,NA,FALSE,FALSE,Cincinnati,N Kentucky,FALSE
401715630,2024-11-19,N Kentucky,Cincinnati,64,1,9:04,1744,1744,Trey Robinson Defensive Rebound.,home,16,20,-4,2,FALSE,FALSE,0.07999530091919697,0.38201333738697857,6,6,-13.5,138.5,Doug Shows/Marques Pettigrew/John Hampton,"Highland Heights, KY",Truist Arena,NA,7485,NA,NA,NA,NA,NA,NA,NA,NA,Cincinnati,N Kentucky,FALSE
401715630,2024-11-19,N Kentucky,Cincinnati,65,1,8:55,1735,1735,LJ Wells Turnover.,home,16,20,-4,9,FALSE,FALSE,0.08011728692873857,0.3815385484584748,6,6,-13.5,138.5,Doug Shows/Marques Pettigrew/John Hampton,"Highland Heights, KY",Truist Arena,NA,7485,NA,NA,NA,NA,NA,NA,NA,NA,N Kentucky,Cincinnati,FALSE
401715630,2024-11-19,N Kentucky,Cincinnati,66,1,8:55,1735,1735,Connor Hickman Steal.,away,16,20,-4,0,FALSE,FALSE,0.08011728692873857,0.3815385484584748,6,6,-13.5,138.5,Doug Shows/Marques Pettigrew/John Hampton,"Highland Heights, KY",Truist Arena,NA,7485,NA,NA,NA,NA,NA,NA,NA,NA,N Kentucky,Cincinnati,FALSE
401715630,2024-11-19,N Kentucky,Cincinnati,67,1,8:31,1711,1711,Josh Reed missed Jumper.,away,16,20,-4,24,FALSE,FALSE,0.08044307711683209,0.3802541961882878,6,6,-13.5,138.5,Doug Shows/Marques Pettigrew/John Hampton,"Highland Heights, KY",Truist Arena,NA,7485,NA,NA,Cincinnati,missed,Josh Reed,NA,FALSE,FALSE,Cincinnati,Cincinnati,FALSE
401715630,2024-11-19,N Kentucky,Cincinnati,68,1,8:31,1711,1711,Aziz Bandaogo Offensive Rebound.,away,16,20,-4,0,FALSE,FALSE,0.08044307711683209,0.3802541961882878,6,6,-13.5,138.5,Doug Shows/Marques Pettigrew/John Hampton,"Highland Heights, KY",Truist Arena,NA,7485,NA,NA,NA,NA,NA,NA,NA,NA,Cincinnati,Cincinnati,FALSE
401715630,2024-11-19,N Kentucky,Cincinnati,69,1,8:31,1711,1711,Foul on Randall Pettus II.,home,16,20,-4,0,FALSE,TRUE,0.08044307711683209,0.3802541961882878,6,6,-13.5,138.5,Doug Shows/Marques Pettigrew/John Hampton,"Highland Heights, KY",Truist Arena,NA,7485,NA,NA,NA,NA,NA,NA,NA,NA,Cincinnati,Cincinnati,FALSE
401715630,2024-11-19,N Kentucky,Cincinnati,70,1,8:10,1690,1690,Simas Lukosius missed Three Point Jumper.,away,16,20,-4,21,FALSE,FALSE,0.08072735262878357,0.3791061959943195,6,6,-13.5,138.5,Doug Shows/Marques Pettigrew/John Hampton,"Highland Heights, KY",Truist Arena,NA,7485,NA,NA,Cincinnati,missed,Simas Lukosius,NA,TRUE,FALSE,Cincinnati,N Kentucky,FALSE
401715630,2024-11-19,N Kentucky,Cincinnati,71,1,8:06,1686,1686,Northern Kentucky Defensive Rebound.,home,16,20,-4,4,FALSE,FALSE,0.08078197956236714,0.3788859360837011,6,6,-13.5,138.5,Doug Shows/Marques Pettigrew/John Hampton,"Highland Heights, KY",Truist Arena,NA,7485,NA,NA,NA,NA,NA,NA,NA,NA,Cincinnati,N Kentucky,FALSE
401715630,2024-11-19,N Kentucky,Cincinnati,72,1,8:00,1680,1680,Foul on Connor Hickman.,away,16,20,-4,6,FALSE,TRUE,0.08086631047701058,0.37855819970041266,6,6,-13.5,138.5,Doug Shows/Marques Pettigrew/John Hampton,"Highland Heights, KY",Truist Arena,NA,7485,NA,NA,NA,NA,NA,NA,NA,NA,N Kentucky,N Kentucky,FALSE
401715630,2024-11-19,N Kentucky,Cincinnati,73,1,7:59,1679,1679, Official TV Timeout,NA,16,20,-4,1,FALSE,FALSE,0.08088063722303371,0.3785038730559331,6,5,-13.5,138.5,Doug Shows/Marques Pettigrew/John Hampton,"Highland Heights, KY",Truist Arena,NA,7485,NA,NA,NA,NA,NA,NA,NA,NA,N Kentucky,N Kentucky,FALSE
401715630,2024-11-19,N Kentucky,Cincinnati,74,1,7:38,1658,1658,Paulius Rapolis missed Jumper.,home,16,20,-4,21,FALSE,FALSE,0.08119819424172177,0.3773802935622135,6,5,-13.5,138.5,Doug Shows/Marques Pettigrew/John Hampton,"Highland Heights, KY",Truist Arena,NA,7485,NA,NA,N Kentucky,missed,Paulius Rapolis,NA,FALSE,FALSE,N Kentucky,Cincinnati,FALSE
401715630,2024-11-19,N Kentucky,Cincinnati,75,1,7:36,1656,1656,Aziz Bandaogo Defensive Rebound.,away,16,20,-4,2,FALSE,FALSE,0.08122999479473088,0.37727481382701417,6,5,-13.5,138.5,Doug Shows/Marques Pettigrew/John Hampton,"Highland Heights, KY",Truist Arena,NA,7485,NA,NA,NA,NA,NA,NA,NA,NA,N Kentucky,Cincinnati,FALSE
401715630,2024-11-19,N Kentucky,Cincinnati,76,1,7:29,1649,1649,Simas Lukosius made Three Point Jumper. Assisted by Dillon Mitchell.,away,16,23,-7,7,TRUE,FALSE,0.057256318543504804,0.29323635808458315,6,5,-13.5,138.5,Doug Shows/Marques Pettigrew/John Hampton,"Highland Heights, KY",Truist Arena,NA,7485,NA,NA,Cincinnati,made,Simas Lukosius,Dillon Mitchell,TRUE,FALSE,Cincinnati,N Kentucky,FALSE
401715630,2024-11-19,N Kentucky,Cincinnati,77,1,7:21,1641,1641,Josh Dilling Turnover.,home,16,23,-7,8,FALSE,FALSE,0.057280408012462806,0.29259279574807057,6,5,-13.5,138.5,Doug Shows/Marques Pettigrew/John Hampton,"Highland Heights, KY",Truist Arena,NA,7485,NA,NA,NA,NA,NA,NA,NA,NA,N Kentucky,Cincinnati,FALSE
401715630,2024-11-19,N Kentucky,Cincinnati,78,1,7:21,1641,1641,Jizzle James Steal.,away,16,23,-7,0,FALSE,FALSE,0.057280408012462806,0.29259279574807057,6,5,-13.5,138.5,Doug Shows/Marques Pettigrew/John Hampton,"Highland Heights, KY",Truist Arena,NA,7485,NA,NA,NA,NA,NA,NA,NA,NA,N Kentucky,Cincinnati,FALSE
401715630,2024-11-19,N Kentucky,Cincinnati,79,1,7:16,1636,1636,Jizzle James made Dunk.,away,16,25,-9,5,TRUE,FALSE,0.04507554310446004,0.24277146893246496,6,5,-13.5,138.5,Doug Shows/Marques Pettigrew/John Hampton,"Highland Heights, KY",Truist Arena,NA,7485,NA,NA,Cincinnati,made,Jizzle James,NA,FALSE,FALSE,Cincinnati,N Kentucky,FALSE
401715630,2024-11-19,N Kentucky,Cincinnati,80,1,7:02,1622,1622,Foul on Jizzle James.,away,16,25,-9,14,FALSE,TRUE,0.04505030815868379,0.2415022006161942,6,5,-13.5,138.5,Doug Shows/Marques Pettigrew/John Hampton,"Highland Heights, KY",Truist Arena,NA,7485,NA,NA,NA,NA,NA,NA,NA,NA,N Kentucky,N Kentucky,FALSE
401715630,2024-11-19,N Kentucky,Cincinnati,81,1,6:55,1615,1615,Dan Gherezgher Jr. made Jumper.,home,18,25,-7,7,TRUE,FALSE,0.05737642910819937,0.2905293789015883,6,5,-13.5,138.5,Doug Shows/Marques Pettigrew/John Hampton,"Highland Heights, KY",Truist Arena,NA,7485,NA,NA,N Kentucky,made,Dan Gherezgher Jr.,NA,FALSE,FALSE,N Kentucky,Cincinnati,FALSE
401715630,2024-11-19,N Kentucky,Cincinnati,82,1,6:26,1586,1586,Jizzle James Turnover.,away,18,25,-7,29,FALSE,FALSE,0.0575052477633712,0.2882517981095699,6,5,-13.5,138.5,Doug Shows/Marques Pettigrew/John Hampton,"Highland Heights, KY",Truist Arena,NA,7485,NA,NA,NA,NA,NA,NA,NA,NA,Cincinnati,N Kentucky,FALSE
401715630,2024-11-19,N Kentucky,Cincinnati,83,1,6:26,1586,1586,Keeyan Itejere Steal.,home,18,25,-7,0,FALSE,FALSE,0.0575052477633712,0.2882517981095699,6,5,-13.5,138.5,Doug Shows/Marques Pettigrew/John Hampton,"Highland Heights, KY",Truist Arena,NA,7485,NA,NA,NA,NA,NA,NA,NA,NA,Cincinnati,N Kentucky,FALSE
401715630,2024-11-19,N Kentucky,Cincinnati,84,1,6:13,1573,1573,Keeyan Itejere Turnover.,home,18,25,-7,13,FALSE,FALSE,0.057566617646708576,0.2872291878035537,6,5,-13.5,138.5,Doug Shows/Marques Pettigrew/John Hampton,"Highland Heights, KY",Truist Arena,NA,7485,NA,NA,NA,NA,NA,NA,NA,NA,N Kentucky,Cincinnati,FALSE
401715630,2024-11-19,N Kentucky,Cincinnati,85,1,6:13,1573,1573,Aziz Bandaogo Steal.,away,18,25,-7,0,FALSE,FALSE,0.057566617646708576,0.2872291878035537,6,5,-13.5,138.5,Doug Shows/Marques Pettigrew/John Hampton,"Highland Heights, KY",Truist Arena,NA,7485,NA,NA,NA,NA,NA,NA,NA,NA,N Kentucky,Cincinnati,FALSE
401715630,2024-11-19,N Kentucky,Cincinnati,86,1,5:41,1541,1541,Day Day Thomas missed Jumper.,away,18,25,-7,32,FALSE,FALSE,0.05771622432986053,0.28467999409032513,6,5,-13.5,138.5,Doug Shows/Marques Pettigrew/John Hampton,"Highland Heights, KY",Truist Arena,NA,7485,NA,NA,Cincinnati,missed,Day Day Thomas,NA,FALSE,FALSE,Cincinnati,Cincinnati,FALSE
401715630,2024-11-19,N Kentucky,Cincinnati,87,1,5:39,1539,1539,Dillon Mitchell Offensive Rebound.,away,18,25,-7,2,FALSE,FALSE,0.05772517365860416,0.2845183380667398,6,5,-13.5,138.5,Doug Shows/Marques Pettigrew/John Hampton,"Highland Heights, KY",Truist Arena,NA,7485,NA,NA,NA,NA,NA,NA,NA,NA,Cincinnati,Cincinnati,FALSE
401715630,2024-11-19,N Kentucky,Cincinnati,88,1,5:38,1538,1538,Foul on Keeyan Itejere.,home,18,25,-7,1,FALSE,TRUE,0.05772961967346667,0.2844373804788406,6,5,-13.5,138.5,Doug Shows/Marques Pettigrew/John Hampton,"Highland Heights, KY",Truist Arena,NA,7485,NA,NA,NA,NA,NA,NA,NA,NA,Cincinnati,Cincinnati,FALSE
401715630,2024-11-19,N Kentucky,Cincinnati,89,1,5:30,1530,1530,Dillon Mitchell missed Layup.,away,18,25,-7,8,FALSE,FALSE,0.05776441733457913,0.2837864100262091,6,5,-13.5,138.5,Doug Shows/Marques Pettigrew/John Hampton,"Highland Heights, KY",Truist Arena,NA,7485,NA,NA,Cincinnati,missed,Dillon Mitchell,NA,FALSE,FALSE,Cincinnati,N Kentucky,FALSE
401715630,2024-11-19,N Kentucky,Cincinnati,90,1,5:27,1527,1527,LJ Wells Defensive Rebound.,home,18,25,-7,3,FALSE,FALSE,0.057777071860693766,0.2835406794480895,6,5,-13.5,138.5,Doug Shows/Marques Pettigrew/John Hampton,"Highland Heights, KY",Truist Arena,NA,7485,NA,NA,NA,NA,NA,NA,NA,NA,Cincinnati,N Kentucky,FALSE
401715630,2024-11-19,N Kentucky,Cincinnati,91,1,5:13,1513,1513,Trey Robinson made Layup. Assisted by Sam Vinson.,home,20,25,-5,14,TRUE,FALSE,0.07418252096922638,0.3393478270504656,6,5,-13.5,138.5,Doug Shows/Marques Pettigrew/John Hampton,"Highland Heights, KY",Truist Arena,NA,7485,NA,NA,N Kentucky,made,Trey Robinson,Sam Vinson,FALSE,FALSE,N Kentucky,Cincinnati,FALSE
401715630,2024-11-19,N Kentucky,Cincinnati,92,1,4:55,1495,1495,Day Day Thomas Turnover.,away,20,25,-5,18,FALSE,FALSE,0.07440783970643731,0.3381393015718837,6,5,-13.5,138.5,Doug Shows/Marques Pettigrew/John Hampton,"Highland Heights, KY",Truist Arena,NA,7485,NA,NA,NA,NA,NA,NA,NA,NA,Cincinnati,N Kentucky,FALSE
401715630,2024-11-19,N Kentucky,Cincinnati,93,1,4:55,1495,1495,Randall Pettus II Steal.,home,20,25,-5,0,FALSE,FALSE,0.07440783970643731,0.3381393015718837,6,5,-13.5,138.5,Doug Shows/Marques Pettigrew/John Hampton,"Highland Heights, KY",Truist Arena,NA,7485,NA,NA,NA,NA,NA,NA,NA,NA,Cincinnati,N Kentucky,FALSE
401715630,2024-11-19,N Kentucky,Cincinnati,94,1,4:50,1490,1490,Dan Gherezgher Jr. Turnover.,home,20,25,-5,5,FALSE,FALSE,0.07446821538095501,0.33779661344542466,6,5,-13.5,138.5,Doug Shows/Marques Pettigrew/John Hampton,"Highland Heights, KY",Truist Arena,NA,7485,NA,NA,NA,NA,NA,NA,NA,NA,N Kentucky,Cincinnati,FALSE
401715630,2024-11-19,N Kentucky,Cincinnati,95,1,4:23,1463,1463,Arrinten Page missed Jumper.,away,20,25,-5,27,FALSE,FALSE,0.07477288215012758,0.33588504262477314,6,5,-13.5,138.5,Doug Shows/Marques Pettigrew/John Hampton,"Highland Heights, KY",Truist Arena,NA,7485,NA,NA,Cincinnati,missed,Arrinten Page,NA,FALSE,FALSE,Cincinnati,N Kentucky,FALSE
401715630,2024-11-19,N Kentucky,Cincinnati,96,1,4:20,1460,1460,LJ Wells Defensive Rebound.,home,20,25,-5,3,FALSE,FALSE,0.07480416150746354,0.33566566582816015,6,5,-13.5,138.5,Doug Shows/Marques Pettigrew/John Hampton,"Highland Heights, KY",Truist Arena,NA,7485,NA,NA,NA,NA,NA,NA,NA,NA,Cincinnati,N Kentucky,FALSE
401715630,2024-11-19,N Kentucky,Cincinnati,97,1,4:14,1454,1454,Randall Pettus II missed Three Point Jumper.,home,20,25,-5,6,FALSE,FALSE,0.07486496161568597,0.3352223436870402,6,5,-13.5,138.5,Doug Shows/Marques Pettigrew/John Hampton,"Highland Heights, KY",Truist Arena,NA,7485,NA,NA,N Kentucky,missed,Randall Pettus II,NA,TRUE,FALSE,N Kentucky,Cincinnati,FALSE
401715630,2024-11-19,N Kentucky,Cincinnati,98,1,4:12,1452,1452,Dillon Mitchell Defensive Rebound.,away,20,25,-5,2,FALSE,FALSE,0.0748846877227823,0.33507318173825795,6,5,-13.5,138.5,Doug Shows/Marques Pettigrew/John Hampton,"Highland Heights, KY",Truist Arena,NA,7485,NA,NA,NA,NA,NA,NA,NA,NA,N Kentucky,Cincinnati,FALSE
401715630,2024-11-19,N Kentucky,Cincinnati,99,1,4:06,1446,1446,Day Day Thomas missed Three Point Jumper.,away,20,25,-5,6,FALSE,FALSE,0.07494344591511531,0.33462430031261503,6,5,-13.5,138.5,Doug Shows/Marques Pettigrew/John Hampton,"Highland Heights, KY",Truist Arena,NA,7485,NA,NA,Cincinnati,missed,Day Day Thomas,NA,TRUE,FALSE,Cincinnati,N Kentucky,FALSE
401715630,2024-11-19,N Kentucky,Cincinnati,100,1,4:01,1441,1441,Dan Gherezgher Jr. Defensive Rebound.,home,20,25,-5,5,FALSE,FALSE,0.07499449778624699,0.3342544605271899,6,5,-13.5,138.5,Doug Shows/Marques Pettigrew/John Hampton,"Highland Heights, KY",Truist Arena,NA,7485,NA,NA,NA,NA,NA,NA,NA,NA,Cincinnati,N Kentucky,FALSE
401715630,2024-11-19,N Kentucky,Cincinnati,101,1,3:49,1429,1429,Trey Robinson Turnover.,home,20,25,-5,12,FALSE,FALSE,0.07512509660302133,0.33338302962213096,6,5,-13.5,138.5,Doug Shows/Marques Pettigrew/John Hampton,"Highland Heights, KY",Truist Arena,NA,7485,NA,NA,NA,NA,NA,NA,NA,NA,N Kentucky,Cincinnati,FALSE
401715630,2024-11-19,N Kentucky,Cincinnati,102,1,3:30,1410,1410,Arrinten Page made Layup.,away,20,27,-7,19,TRUE,FALSE,0.05804030973844891,0.2731798642770681,6,5,-13.5,138.5,Doug Shows/Marques Pettigrew/John Hampton,"Highland Heights, KY",Truist Arena,NA,7485,NA,NA,Cincinnati,made,Arrinten Page,NA,FALSE,FALSE,Cincinnati,N Kentucky,FALSE
401715630,2024-11-19,N Kentucky,Cincinnati,103,1,3:13,1393,1393,LJ Wells made Jumper.,home,22,27,-5,17,TRUE,FALSE,0.07557246544117888,0.3308718783332355,6,5,-13.5,138.5,Doug Shows/Marques Pettigrew/John Hampton,"Highland Heights, KY",Truist Arena,NA,7485,NA,NA,N Kentucky,made,LJ Wells,NA,FALSE,FALSE,N Kentucky,Cincinnati,FALSE
401715630,2024-11-19,N Kentucky,Cincinnati,104,1,2:53,1373,1373,Jizzle James missed Jumper.,away,22,27,-5,20,FALSE,FALSE,0.0758462727388807,0.329515632904362,6,5,-13.5,138.5,Doug Shows/Marques Pettigrew/John Hampton,"Highland Heights, KY",Truist Arena,NA,7485,NA,NA,Cincinnati,missed,Jizzle James,NA,FALSE,FALSE,Cincinnati,N Kentucky,FALSE
401715630,2024-11-19,N Kentucky,Cincinnati,105,1,2:51,1371,1371,Trey Robinson Defensive Rebound.,home,22,27,-5,2,FALSE,FALSE,0.0758742825207168,0.3293806024004634,6,5,-13.5,138.5,Doug Shows/Marques Pettigrew/John Hampton,"Highland Heights, KY",Truist Arena,NA,7485,NA,NA,NA,NA,NA,NA,NA,NA,Cincinnati,N Kentucky,FALSE
401715630,2024-11-19,N Kentucky,Cincinnati,106,1,2:46,1366,1366,Dan Gherezgher Jr. made Three Point Jumper. Assisted by Sam Vinson.,home,25,27,-2,5,TRUE,FALSE,0.11192200367824831,0.42922682956664443,6,5,-13.5,138.5,Doug Shows/Marques Pettigrew/John Hampton,"Highland Heights, KY",Truist Arena,NA,7485,NA,NA,N Kentucky,made,Dan Gherezgher Jr.,Sam Vinson,TRUE,FALSE,N Kentucky,Cincinnati,FALSE
401715630,2024-11-19,N Kentucky,Cincinnati,107,1,2:38,1358,1358,Cincinnati  Timeout,away,25,27,-2,8,FALSE,FALSE,0.11222894280540013,0.4289870108969725,5,5,-13.5,138.5,Doug Shows/Marques Pettigrew/John Hampton,"Highland Heights, KY",Truist Arena,NA,7485,NA,NA,NA,NA,NA,NA,NA,NA,Cincinnati,Cincinnati,FALSE
401715630,2024-11-19,N Kentucky,Cincinnati,108,1,2:28,1348,1348,Connor Hickman missed Three Point Jumper.,away,25,27,-2,10,FALSE,FALSE,0.11261525492047177,0.4286862004826285,5,5,-13.5,138.5,Doug Shows/Marques Pettigrew/John Hampton,"Highland Heights, KY",Truist Arena,NA,7485,NA,NA,Cincinnati,missed,Connor Hickman,NA,TRUE,FALSE,Cincinnati,Cincinnati,FALSE
401715630,2024-11-19,N Kentucky,Cincinnati,109,1,2:23,1343,1343,Jizzle James Offensive Rebound.,away,25,27,-2,5,FALSE,FALSE,0.11280932580898502,0.42853508630937337,5,5,-13.5,138.5,Doug Shows/Marques Pettigrew/John Hampton,"Highland Heights, KY",Truist Arena,NA,7485,NA,NA,NA,NA,NA,NA,NA,NA,Cincinnati,Cincinnati,FALSE
401715630,2024-11-19,N Kentucky,Cincinnati,110,1,2:23,1343,1343,Foul on LJ Wells.,home,25,27,-2,0,FALSE,TRUE,0.11280932580898502,0.42853508630937337,5,5,-13.5,138.5,Doug Shows/Marques Pettigrew/John Hampton,"Highland Heights, KY",Truist Arena,NA,7485,NA,NA,NA,NA,NA,NA,NA,NA,Cincinnati,Cincinnati,FALSE
401715630,2024-11-19,N Kentucky,Cincinnati,111,1,2:22,1342,1342,Connor Hickman made Layup. Assisted by Jizzle James.,away,25,29,-4,1,TRUE,FALSE,0.08707159849625823,0.3598746225346104,5,5,-13.5,138.5,Doug Shows/Marques Pettigrew/John Hampton,"Highland Heights, KY",Truist Arena,NA,7485,NA,NA,Cincinnati,made,Connor Hickman,Jizzle James,FALSE,FALSE,Cincinnati,N Kentucky,FALSE
401715630,2024-11-19,N Kentucky,Cincinnati,112,1,2:05,1325,1325,Sam Vinson missed Jumper.,home,25,29,-4,17,FALSE,FALSE,0.08742885525444812,0.35889707343500704,5,5,-13.5,138.5,Doug Shows/Marques Pettigrew/John Hampton,"Highland Heights, KY",Truist Arena,NA,7485,NA,NA,N Kentucky,missed,Sam Vinson,NA,FALSE,FALSE,N Kentucky,Cincinnati,FALSE
401715630,2024-11-19,N Kentucky,Cincinnati,113,1,2:01,1321,1321,Simas Lukosius Defensive Rebound.,away,25,29,-4,4,FALSE,FALSE,0.08751255272022235,0.3586641523234105,5,5,-13.5,138.5,Doug Shows/Marques Pettigrew/John Hampton,"Highland Heights, KY",Truist Arena,NA,7485,NA,NA,NA,NA,NA,NA,NA,NA,N Kentucky,Cincinnati,FALSE
401715630,2024-11-19,N Kentucky,Cincinnati,114,1,1:58,1318,1318,Jizzle James missed Jumper.,away,25,29,-4,3,FALSE,FALSE,0.08757516375848719,0.35848858347631224,5,5,-13.5,138.5,Doug Shows/Marques Pettigrew/John Hampton,"Highland Heights, KY",Truist Arena,NA,7485,NA,NA,Cincinnati,missed,Jizzle James,NA,FALSE,FALSE,Cincinnati,N Kentucky,FALSE
401715630,2024-11-19,N Kentucky,Cincinnati,115,1,1:55,1315,1315,Trey Robinson Defensive Rebound.,home,25,29,-4,3,FALSE,FALSE,0.08763761026831049,0.3583122083642479,5,5,-13.5,138.5,Doug Shows/Marques Pettigrew/John Hampton,"Highland Heights, KY",Truist Arena,NA,7485,NA,NA,NA,NA,NA,NA,NA,NA,Cincinnati,N Kentucky,FALSE
401715630,2024-11-19,N Kentucky,Cincinnati,116,1,1:43,1303,1303,Sam Vinson Turnover.,home,25,29,-4,12,FALSE,FALSE,0.08788528777421996,0.35759768069118475,5,5,-13.5,138.5,Doug Shows/Marques Pettigrew/John Hampton,"Highland Heights, KY",Truist Arena,NA,7485,NA,NA,NA,NA,NA,NA,NA,NA,N Kentucky,Cincinnati,FALSE
401715630,2024-11-19,N Kentucky,Cincinnati,117,1,1:43,1303,1303,Dillon Mitchell Steal.,away,25,29,-4,0,FALSE,FALSE,0.08788528777421996,0.35759768069118475,5,5,-13.5,138.5,Doug Shows/Marques Pettigrew/John Hampton,"Highland Heights, KY",Truist Arena,NA,7485,NA,NA,NA,NA,NA,NA,NA,NA,N Kentucky,Cincinnati,FALSE
401715630,2024-11-19,N Kentucky,Cincinnati,118,1,1:27,1287,1287,Connor Hickman made Three Point Jumper. Assisted by Jizzle James.,away,25,32,-7,16,TRUE,FALSE,0.05851007890017011,0.2625753931621655,5,5,-13.5,138.5,Doug Shows/Marques Pettigrew/John Hampton,"Highland Heights, KY",Truist Arena,NA,7485,NA,NA,Cincinnati,made,Connor Hickman,Jizzle James,TRUE,FALSE,Cincinnati,N Kentucky,FALSE
401715630,2024-11-19,N Kentucky,Cincinnati,119,1,1:01,1261,1261,Dan Gherezgher Jr. missed Jumper.,home,25,32,-7,26,FALSE,FALSE,0.05854905792127173,0.26010867340194793,5,5,-13.5,138.5,Doug Shows/Marques Pettigrew/John Hampton,"Highland Heights, KY",Truist Arena,NA,7485,NA,NA,N Kentucky,missed,Dan Gherezgher Jr.,NA,FALSE,FALSE,N Kentucky,Cincinnati,FALSE
401715630,2024-11-19,N Kentucky,Cincinnati,120,1,0:58,1258,1258,Dillon Mitchell Defensive Rebound.,away,25,32,-7,3,FALSE,FALSE,0.05855019645865648,0.25981336361674867,5,5,-13.5,138.5,Doug Shows/Marques Pettigrew/John Hampton,"Highland Heights, KY",Truist Arena,NA,7485,NA,NA,NA,NA,NA,NA,NA,NA,N Kentucky,Cincinnati,FALSE
401715630,2024-11-19,N Kentucky,Cincinnati,121,1,0:50,1250,1250,Simas Lukosius missed Three Point Jumper.,away,25,32,-7,8,FALSE,FALSE,0.058549341930771395,0.2590137329900404,5,5,-13.5,138.5,Doug Shows/Marques Pettigrew/John Hampton,"Highland Heights, KY",Truist Arena,NA,7485,NA,NA,Cincinnati,missed,Simas Lukosius,NA,TRUE,FALSE,Cincinnati,N Kentucky,FALSE
401715630,2024-11-19,N Kentucky,Cincinnati,122,1,0:48,1248,1248,Northern Kentucky Defensive Rebound.,home,25,32,-7,2,FALSE,FALSE,0.05854820483326147,0.25881096217085797,5,5,-13.5,138.5,Doug Shows/Marques Pettigrew/John Hampton,"Highland Heights, KY",Truist Arena,NA,7485,NA,NA,NA,NA,NA,NA,NA,NA,Cincinnati,N Kentucky,FALSE
401715630,2024-11-19,N Kentucky,Cincinnati,123,1,0:19,1219,1219,Sam Vinson made Three Point Jumper. Assisted by Trey Robinson.,home,28,32,-4,29,TRUE,FALSE,0.08940823484573351,0.35195608497509645,5,5,-13.5,138.5,Doug Shows/Marques Pettigrew/John Hampton,"Highland Heights, KY",Truist Arena,NA,7485,NA,NA,N Kentucky,made,Sam Vinson,Trey Robinson,TRUE,FALSE,N Kentucky,Cincinnati,FALSE
401715630,2024-11-19,N Kentucky,Cincinnati,124,1,0:00,1200,1200,Jizzle James missed Jumper.,away,28,32,-4,19,FALSE,FALSE,0.08967596204084308,0.3504822574627357,5,5,-13.5,138.5,Doug Shows/Marques Pettigrew/John Hampton,"Highland Heights, KY",Truist Arena,NA,7485,NA,NA,Cincinnati,missed,Jizzle James,NA,FALSE,FALSE,Cincinnati,N Kentucky,FALSE
401715630,2024-11-19,N Kentucky,Cincinnati,125,1,0:00,1200,1200,Northern Kentucky Defensive Rebound.,home,28,32,-4,0,FALSE,FALSE,0.08967596204084308,0.3504822574627357,5,5,-13.5,138.5,Doug Shows/Marques Pettigrew/John Hampton,"Highland Heights, KY",Truist Arena,NA,7485,NA,NA,NA,NA,NA,NA,NA,NA,Cincinnati,N Kentucky,FALSE
401715630,2024-11-19,N Kentucky,Cincinnati,126,1,0:00,1200,1200,End of 1st half,NA,28,32,-4,0,FALSE,FALSE,0.08967596204084308,0.3504822574627357,5,5,-13.5,138.5,Doug Shows/Marques Pettigrew/John Hampton,"Highland Heights, KY",Truist Arena,NA,7485,NA,NA,NA,NA,NA,NA,NA,NA,N Kentucky,NA,FALSE
401715630,2024-11-19,N Kentucky,Cincinnati,127,2,19:45,1185,1185,Keeyan Itejere missed Jumper.,home,28,32,-4,15,FALSE,FALSE,0.08989150952244132,0.34934561606475856,5,5,-13.5,138.5,Doug Shows/Marques Pettigrew/John Hampton,"Highland Heights, KY",Truist Arena,NA,7485,NA,NA,N Kentucky,missed,Keeyan Itejere,NA,FALSE,FALSE,N Kentucky,Cincinnati,FALSE
401715630,2024-11-19,N Kentucky,Cincinnati,128,2,19:42,1182,1182,Aziz Bandaogo Defensive Rebound.,away,28,32,-4,3,FALSE,FALSE,0.08993538796488629,0.34912187688680396,5,5,-13.5,138.5,Doug Shows/Marques Pettigrew/John Hampton,"Highland Heights, KY",Truist Arena,NA,7485,NA,NA,NA,NA,NA,NA,NA,NA,N Kentucky,Cincinnati,FALSE
401715630,2024-11-19,N Kentucky,Cincinnati,129,2,19:38,1178,1178,Simas Lukosius made Three Point Jumper. Assisted by Connor Hickman.,away,28,35,-7,4,TRUE,FALSE,0.0583122866175664,0.25117359643581516,5,5,-13.5,138.5,Doug Shows/Marques Pettigrew/John Hampton,"Highland Heights, KY",Truist Arena,NA,7485,NA,NA,Cincinnati,made,Simas Lukosius,Connor Hickman,TRUE,FALSE,Cincinnati,N Kentucky,FALSE
401715630,2024-11-19,N Kentucky,Cincinnati,130,2,19:05,1145,1145,Sam Vinson missed Layup.,home,28,35,-7,33,FALSE,FALSE,0.05820816481484486,0.24770863805030235,5,5,-13.5,138.5,Doug Shows/Marques Pettigrew/John Hampton,"Highland Heights, KY",Truist Arena,NA,7485,NA,NA,N Kentucky,missed,Sam Vinson,NA,FALSE,FALSE,N Kentucky,N Kentucky,FALSE
401715630,2024-11-19,N Kentucky,Cincinnati,131,2,19:05,1145,1145,Aziz Bandaogo Block.,away,28,35,-7,0,FALSE,FALSE,0.05820816481484486,0.24770863805030235,5,5,-13.5,138.5,Doug Shows/Marques Pettigrew/John Hampton,"Highland Heights, KY",Truist Arena,NA,7485,NA,NA,NA,NA,NA,NA,NA,NA,N Kentucky,N Kentucky,FALSE
401715630,2024-11-19,N Kentucky,Cincinnati,132,2,19:00,1140,1140,Keeyan Itejere Offensive Rebound.,home,28,35,-7,5,FALSE,FALSE,0.058193437239000216,0.24719179672837593,5,5,-13.5,138.5,Doug Shows/Marques Pettigrew/John Hampton,"Highland Heights, KY",Truist Arena,NA,7485,NA,NA,NA,NA,NA,NA,NA,NA,N Kentucky,N Kentucky,FALSE
401715630,2024-11-19,N Kentucky,Cincinnati,133,2,19:00,1140,1140,Keeyan Itejere made Jumper.,home,30,35,-5,0,TRUE,FALSE,0.07828769055024846,0.31099720786276874,5,5,-13.5,138.5,Doug Shows/Marques Pettigrew/John Hampton,"Highland Heights, KY",Truist Arena,NA,7485,NA,NA,N Kentucky,made,Keeyan Itejere,NA,FALSE,FALSE,N Kentucky,Cincinnati,FALSE
401715630,2024-11-19,N Kentucky,Cincinnati,134,2,18:49,1129,1129,Connor Hickman Turnover.,away,30,35,-5,11,FALSE,FALSE,0.07837063210249795,0.3100632877167341,5,5,-13.5,138.5,Doug Shows/Marques Pettigrew/John Hampton,"Highland Heights, KY",Truist Arena,NA,7485,NA,NA,NA,NA,NA,NA,NA,NA,Cincinnati,N Kentucky,FALSE
401715630,2024-11-19,N Kentucky,Cincinnati,135,2,18:34,1114,1114,Trey Robinson made Jumper.,home,32,35,-3,15,TRUE,FALSE,0.1051905401650529,0.3814306272194632,5,5,-13.5,138.5,Doug Shows/Marques Pettigrew/John Hampton,"Highland Heights, KY",Truist Arena,NA,7485,NA,NA,N Kentucky,made,Trey Robinson,NA,FALSE,FALSE,N Kentucky,Cincinnati,FALSE
401715630,2024-11-19,N Kentucky,Cincinnati,136,2,18:17,1097,1097,Dillon Mitchell made Jumper. Assisted by Jizzle James.,away,32,37,-5,17,TRUE,FALSE,0.0786017607631672,0.30732219734105315,5,5,-13.5,138.5,Doug Shows/Marques Pettigrew/John Hampton,"Highland Heights, KY",Truist Arena,NA,7485,NA,NA,Cincinnati,made,Dillon Mitchell,Jizzle James,FALSE,FALSE,Cincinnati,N Kentucky,FALSE
401715630,2024-11-19,N Kentucky,Cincinnati,137,2,17:49,1069,1069,Josh Dilling made Three Point Jumper. Assisted by Trey Robinson.,home,35,37,-2,28,TRUE,FALSE,0.12298521600002019,0.41830208572774313,5,5,-13.5,138.5,Doug Shows/Marques Pettigrew/John Hampton,"Highland Heights, KY",Truist Arena,NA,7485,NA,NA,N Kentucky,made,Josh Dilling,Trey Robinson,TRUE,FALSE,N Kentucky,Cincinnati,FALSE
401715630,2024-11-19,N Kentucky,Cincinnati,138,2,17:27,1047,1047,Foul on Randall Pettus II.,home,35,37,-2,22,FALSE,TRUE,0.12377698034845863,0.4173582603761623,5,5,-13.5,138.5,Doug Shows/Marques Pettigrew/John Hampton,"Highland Heights, KY",Truist Arena,NA,7485,NA,NA,NA,NA,NA,NA,NA,NA,Cincinnati,Cincinnati,FALSE
401715630,2024-11-19,N Kentucky,Cincinnati,139,2,17:27,1047,1047,Aziz Bandaogo made Free Throw.,away,35,38,-3,0,TRUE,FALSE,0.1067904227877687,0.37743698073397175,5,5,-13.5,138.5,Doug Shows/Marques Pettigrew/John Hampton,"Highland Heights, KY",Truist Arena,NA,7485,NA,NA,Cincinnati,made,Aziz Bandaogo,NA,FALSE,TRUE,Cincinnati,Cincinnati,FALSE
401715630,2024-11-19,N Kentucky,Cincinnati,140,2,17:27,1047,1047,Aziz Bandaogo made Free Throw.,away,35,39,-4,0,TRUE,FALSE,0.0918905478700792,0.3391117666317,5,5,-13.5,138.5,Doug Shows/Marques Pettigrew/John Hampton,"Highland Heights, KY",Truist Arena,NA,7485,NA,NA,Cincinnati,made,Aziz Bandaogo,NA,FALSE,TRUE,Cincinnati,N Kentucky,FALSE
401715630,2024-11-19,N Kentucky,Cincinnati,141,2,17:01,1021,1021,Josh Dilling missed Three Point Jumper.,home,35,39,-4,26,FALSE,FALSE,0.09219243745762896,0.336917976355972,5,5,-13.5,138.5,Doug Shows/Marques Pettigrew/John Hampton,"Highland Heights, KY",Truist Arena,NA,7485,NA,NA,N Kentucky,missed,Josh Dilling,NA,TRUE,FALSE,N Kentucky,N Kentucky,FALSE
401715630,2024-11-19,N Kentucky,Cincinnati,142,2,16:58,1018,1018,Keeyan Itejere Offensive Rebound.,home,35,39,-4,3,FALSE,FALSE,0.09222422846670449,0.3366536359998656,5,5,-13.5,138.5,Doug Shows/Marques Pettigrew/John Hampton,"Highland Heights, KY",Truist Arena,NA,7485,NA,NA,NA,NA,NA,NA,NA,NA,N Kentucky,N Kentucky,FALSE
401715630,2024-11-19,N Kentucky,Cincinnati,143,2,16:58,1018,1018,Keeyan Itejere missed Jumper.,home,35,39,-4,0,FALSE,FALSE,0.09222422846670449,0.3366536359998656,5,5,-13.5,138.5,Doug Shows/Marques Pettigrew/John Hampton,"Highland Heights, KY",Truist Arena,NA,7485,NA,NA,N Kentucky,missed,Keeyan Itejere,NA,FALSE,FALSE,N Kentucky,N Kentucky,FALSE
401715630,2024-11-19,N Kentucky,Cincinnati,144,2,16:58,1018,1018,Aziz Bandaogo Block.,away,35,39,-4,0,FALSE,FALSE,0.09222422846670449,0.3366536359998656,5,5,-13.5,138.5,Doug Shows/Marques Pettigrew/John Hampton,"Highland Heights, KY",Truist Arena,NA,7485,NA,NA,NA,NA,NA,NA,NA,NA,N Kentucky,N Kentucky,FALSE
401715630,2024-11-19,N Kentucky,Cincinnati,145,2,16:53,1013,1013,Keeyan Itejere Offensive Rebound.,home,35,39,-4,5,FALSE,FALSE,0.0922756705296891,0.33620738573189124,5,5,-13.5,138.5,Doug Shows/Marques Pettigrew/John Hampton,"Highland Heights, KY",Truist Arena,NA,7485,NA,NA,NA,NA,NA,NA,NA,NA,N Kentucky,N Kentucky,FALSE
401715630,2024-11-19,N Kentucky,Cincinnati,146,2,16:52,1012,1012,Randall Pettus II made Three Point Jumper. Assisted by Keeyan Itejere.,home,38,39,-1,1,TRUE,FALSE,0.1448527283468598,0.4575620095765141,5,5,-13.5,138.5,Doug Shows/Marques Pettigrew/John Hampton,"Highland Heights, KY",Truist Arena,NA,7485,NA,NA,N Kentucky,made,Randall Pettus II,Keeyan Itejere,TRUE,FALSE,N Kentucky,Cincinnati,FALSE
401715630,2024-11-19,N Kentucky,Cincinnati,147,2,16:39,999,999,Aziz Bandaogo made Layup.,away,38,41,-3,13,TRUE,FALSE,0.10783342394385619,0.37413476393979,5,5,-13.5,138.5,Doug Shows/Marques Pettigrew/John Hampton,"Highland Heights, KY",Truist Arena,NA,7485,NA,NA,Cincinnati,made,Aziz Bandaogo,NA,FALSE,FALSE,Cincinnati,N Kentucky,FALSE
401715630,2024-11-19,N Kentucky,Cincinnati,148,2,16:27,987,987,Josh Dilling made Jumper. Assisted by Trey Robinson.,home,40,41,-1,12,TRUE,FALSE,0.1461700911884413,0.45690596423698643,5,5,-13.5,138.5,Doug Shows/Marques Pettigrew/John Hampton,"Highland Heights, KY",Truist Arena,NA,7485,NA,NA,N Kentucky,made,Josh Dilling,Trey Robinson,FALSE,FALSE,N Kentucky,Cincinnati,FALSE
401715630,2024-11-19,N Kentucky,Cincinnati,149,2,16:23,983,983,Cincinnati  Timeout,away,40,41,-1,4,FALSE,FALSE,0.1463823636153577,0.45679532940647594,4,5,-13.5,138.5,Doug Shows/Marques Pettigrew/John Hampton,"Highland Heights, KY",Truist Arena,NA,7485,NA,NA,NA,NA,NA,NA,NA,NA,Cincinnati,Cincinnati,FALSE
401715630,2024-11-19,N Kentucky,Cincinnati,150,2,16:23,983,983, Official TV Timeout,NA,40,41,-1,0,FALSE,FALSE,0.1463823636153577,0.45679532940647594,4,4,-13.5,138.5,Doug Shows/Marques Pettigrew/John Hampton,"Highland Heights, KY",Truist Arena,NA,7485,NA,NA,NA,NA,NA,NA,NA,NA,Cincinnati,Cincinnati,FALSE
401715630,2024-11-19,N Kentucky,Cincinnati,151,2,16:02,962,962,Simas Lukosius made Three Point Jumper.,away,40,44,-4,21,TRUE,FALSE,0.09267809153374713,0.3312180851508736,4,4,-13.5,138.5,Doug Shows/Marques Pettigrew/John Hampton,"Highland Heights, KY",Truist Arena,NA,7485,NA,NA,Cincinnati,made,Simas Lukosius,NA,TRUE,FALSE,Cincinnati,N Kentucky,FALSE
401715630,2024-11-19,N Kentucky,Cincinnati,152,2,15:43,943,943,Foul on Dillon Mitchell.,away,40,44,-4,19,FALSE,TRUE,0.09281457127602906,0.32941793560814553,4,4,-13.5,138.5,Doug Shows/Marques Pettigrew/John Hampton,"Highland Heights, KY",Truist Arena,NA,7485,NA,NA,NA,NA,NA,NA,NA,NA,N Kentucky,N Kentucky,FALSE
401715630,2024-11-19,N Kentucky,Cincinnati,153,2,15:43,943,943, Official TV Timeout,NA,40,44,-4,0,FALSE,FALSE,0.09281457127602906,0.32941793560814553,4,3,-13.5,138.5,Doug Shows/Marques Pettigrew/John Hampton,"Highland Heights, KY",Truist Arena,NA,7485,NA,NA,NA,NA,NA,NA,NA,NA,N Kentucky,N Kentucky,FALSE
401715630,2024-11-19,N Kentucky,Cincinnati,154,2,15:43,943,943,Sam Vinson missed Free Throw.,home,40,44,-4,0,FALSE,FALSE,0.09281457127602906,0.32941793560814553,4,3,-13.5,138.5,Doug Shows/Marques Pettigrew/John Hampton,"Highland Heights, KY",Truist Arena,NA,7485,NA,NA,N Kentucky,missed,Sam Vinson,NA,FALSE,TRUE,N Kentucky,N Kentucky,FALSE
401715630,2024-11-19,N Kentucky,Cincinnati,155,2,15:43,943,943,Northern Kentucky Offensive Rebound.,home,40,44,-4,0,FALSE,FALSE,0.09281457127602906,0.32941793560814553,4,3,-13.5,138.5,Doug Shows/Marques Pettigrew/John Hampton,"Highland Heights, KY",Truist Arena,NA,7485,NA,NA,NA,NA,NA,NA,NA,NA,N Kentucky,N Kentucky,FALSE
401715630,2024-11-19,N Kentucky,Cincinnati,156,2,15:43,943,943,Sam Vinson made Free Throw.,home,41,44,-3,0,TRUE,FALSE,0.10889884568505095,0.3697908630552759,4,3,-13.5,138.5,Doug Shows/Marques Pettigrew/John Hampton,"Highland Heights, KY",Truist Arena,NA,7485,NA,NA,N Kentucky,made,Sam Vinson,NA,FALSE,TRUE,N Kentucky,Cincinnati,FALSE
401715630,2024-11-19,N Kentucky,Cincinnati,157,2,15:27,927,927,Arrinten Page Turnover.,away,41,44,-3,16,FALSE,FALSE,0.1091992764068939,0.3686908523332379,4,3,-13.5,138.5,Doug Shows/Marques Pettigrew/John Hampton,"Highland Heights, KY",Truist Arena,NA,7485,NA,NA,NA,NA,NA,NA,NA,NA,Cincinnati,N Kentucky,FALSE
401715630,2024-11-19,N Kentucky,Cincinnati,158,2,15:27,927,927,Randall Pettus II Steal.,home,41,44,-3,0,FALSE,FALSE,0.1091992764068939,0.3686908523332379,4,3,-13.5,138.5,Doug Shows/Marques Pettigrew/John Hampton,"Highland Heights, KY",Truist Arena,NA,7485,NA,NA,NA,NA,NA,NA,NA,NA,Cincinnati,N Kentucky,FALSE
401715630,2024-11-19,N Kentucky,Cincinnati,159,2,15:09,909,909,Sam Vinson missed Jumper.,home,41,44,-3,18,FALSE,FALSE,0.10953698285491596,0.36753051454811475,4,3,-13.5,138.5,Doug Shows/Marques Pettigrew/John Hampton,"Highland Heights, KY",Truist Arena,NA,7485,NA,NA,N Kentucky,missed,Sam Vinson,NA,FALSE,FALSE,N Kentucky,Cincinnati,FALSE
401715630,2024-11-19,N Kentucky,Cincinnati,160,2,15:07,907,907,Day Day Thomas Defensive Rebound.,away,41,44,-3,2,FALSE,FALSE,0.10957437426466404,0.36740527504961584,4,3,-13.5,138.5,Doug Shows/Marques Pettigrew/John Hampton,"Highland Heights, KY",Truist Arena,NA,7485,NA,NA,NA,NA,NA,NA,NA,NA,N Kentucky,Cincinnati,FALSE
401715630,2024-11-19,N Kentucky,Cincinnati,161,2,14:58,898,898,Connor Hickman missed Three Point Jumper.,away,41,44,-3,9,FALSE,FALSE,0.10974208256329383,0.3668481259441592,4,3,-13.5,138.5,Doug Shows/Marques Pettigrew/John Hampton,"Highland Heights, KY",Truist Arena,NA,7485,NA,NA,Cincinnati,missed,Connor Hickman,NA,TRUE,FALSE,Cincinnati,N Kentucky,FALSE
401715630,2024-11-19,N Kentucky,Cincinnati,162,2,14:54,894,894,Sam Vinson Defensive Rebound.,home,41,44,-3,4,FALSE,FALSE,0.1098162669868184,0.3666031499492818,4,3,-13.5,138.5,Doug Shows/Marques Pettigrew/John Hampton,"Highland Heights, KY",Truist Arena,NA,7485,NA,NA,NA,NA,NA,NA,NA,NA,Cincinnati,N Kentucky,FALSE
401715630,2024-11-19,N Kentucky,Cincinnati,163,2,14:37,877,877,Trey Robinson missed Jumper.,home,41,44,-3,17,FALSE,FALSE,0.11012827334379127,0.3655701544539194,4,3,-13.5,138.5,Doug Shows/Marques Pettigrew/John Hampton,"Highland Heights, KY",Truist Arena,NA,7485,NA,NA,N Kentucky,missed,Trey Robinson,NA,FALSE,FALSE,N Kentucky,Cincinnati,FALSE
401715630,2024-11-19,N Kentucky,Cincinnati,164,2,14:36,876,876,Arrinten Page Defensive Rebound.,away,41,44,-3,1,FALSE,FALSE,0.11014642959483464,0.3655094316692501,4,3,-13.5,138.5,Doug Shows/Marques Pettigrew/John Hampton,"Highland Heights, KY",Truist Arena,NA,7485,NA,NA,NA,NA,NA,NA,NA,NA,N Kentucky,Cincinnati,FALSE
401715630,2024-11-19,N Kentucky,Cincinnati,165,2,14:36,876,876,Foul on Keeyan Itejere.,home,41,44,-3,0,FALSE,TRUE,0.11014642959483464,0.3655094316692501,4,3,-13.5,138.5,Doug Shows/Marques Pettigrew/John Hampton,"Highland Heights, KY",Truist Arena,NA,7485,NA,NA,NA,NA,NA,NA,NA,NA,N Kentucky,Cincinnati,FALSE
401715630,2024-11-19,N Kentucky,Cincinnati,166,2,14:14,854,854,Arrinten Page made Layup. Assisted by Day Day Thomas.,away,41,46,-5,22,TRUE,FALSE,0.07894041919412832,0.28313730442212215,4,3,-13.5,138.5,Doug Shows/Marques Pettigrew/John Hampton,"Highland Heights, KY",Truist Arena,NA,7485,NA,NA,Cincinnati,made,Arrinten Page,Day Day Thomas,FALSE,FALSE,Cincinnati,N Kentucky,FALSE
401715630,2024-11-19,N Kentucky,Cincinnati,167,2,14:06,846,846,Foul on Simas Lukosius.,away,41,46,-5,8,FALSE,TRUE,0.07893661729797315,0.28239627330137246,4,3,-13.5,138.5,Doug Shows/Marques Pettigrew/John Hampton,"Highland Heights, KY",Truist Arena,NA,7485,NA,NA,NA,NA,NA,NA,NA,NA,N Kentucky,N Kentucky,FALSE
401715630,2024-11-19,N Kentucky,Cincinnati,168,2,14:06,846,846,Trey Robinson made Free Throw.,home,42,46,-4,0,TRUE,FALSE,0.09360746013489564,0.3216749670617221,4,3,-13.5,138.5,Doug Shows/Marques Pettigrew/John Hampton,"Highland Heights, KY",Truist Arena,NA,7485,NA,NA,N Kentucky,made,Trey Robinson,NA,FALSE,TRUE,N Kentucky,N Kentucky,FALSE
401715630,2024-11-19,N Kentucky,Cincinnati,169,2,14:06,846,846,Trey Robinson made Free Throw.,home,43,46,-3,0,TRUE,FALSE,0.11067732403996353,0.3636484131938537,4,3,-13.5,138.5,Doug Shows/Marques Pettigrew/John Hampton,"Highland Heights, KY",Truist Arena,NA,7485,NA,NA,N Kentucky,made,Trey Robinson,NA,FALSE,TRUE,N Kentucky,Cincinnati,FALSE
401715630,2024-11-19,N Kentucky,Cincinnati,170,2,13:47,827,827,Day Day Thomas missed Jumper.,away,43,46,-3,19,FALSE,FALSE,0.11099595168602426,0.3623873463076472,4,3,-13.5,138.5,Doug Shows/Marques Pettigrew/John Hampton,"Highland Heights, KY",Truist Arena,NA,7485,NA,NA,Cincinnati,missed,Day Day Thomas,NA,FALSE,FALSE,Cincinnati,Cincinnati,FALSE
401715630,2024-11-19,N Kentucky,Cincinnati,171,2,13:47,827,827,Arrinten Page Offensive Rebound.,away,43,46,-3,0,FALSE,FALSE,0.11099595168602426,0.3623873463076472,4,3,-13.5,138.5,Doug Shows/Marques Pettigrew/John Hampton,"Highland Heights, KY",Truist Arena,NA,7485,NA,NA,NA,NA,NA,NA,NA,NA,Cincinnati,Cincinnati,FALSE
401715630,2024-11-19,N Kentucky,Cincinnati,172,2,13:47,827,827,Foul on Keeyan Itejere.,home,43,46,-3,0,FALSE,TRUE,0.11099595168602426,0.3623873463076472,4,3,-13.5,138.5,Doug Shows/Marques Pettigrew/John Hampton,"Highland Heights, KY",Truist Arena,NA,7485,NA,NA,NA,NA,NA,NA,NA,NA,Cincinnati,Cincinnati,FALSE
401715630,2024-11-19,N Kentucky,Cincinnati,173,2,13:33,813,813,Simas Lukosius made Three Point Jumper. Assisted by Josh Reed.,away,43,49,-6,14,TRUE,FALSE,0.066132284733597,0.24256492739138455,4,3,-13.5,138.5,Doug Shows/Marques Pettigrew/John Hampton,"Highland Heights, KY",Truist Arena,NA,7485,NA,NA,Cincinnati,made,Simas Lukosius,Josh Reed,TRUE,FALSE,Cincinnati,N Kentucky,FALSE
401715630,2024-11-19,N Kentucky,Cincinnati,174,2,13:15,795,795,Dan Gherezgher Jr. missed Three Point Jumper.,home,43,49,-6,18,FALSE,FALSE,0.06592881463151985,0.24035227221187822,4,3,-13.5,138.5,Doug Shows/Marques Pettigrew/John Hampton,"Highland Heights, KY",Truist Arena,NA,7485,NA,NA,N Kentucky,missed,Dan Gherezgher Jr.,NA,TRUE,FALSE,N Kentucky,N Kentucky,FALSE
401715630,2024-11-19,N Kentucky,Cincinnati,175,2,13:15,795,795,Northern Kentucky Offensive Rebound.,home,43,49,-6,0,FALSE,FALSE,0.06592881463151985,0.24035227221187822,4,3,-13.5,138.5,Doug Shows/Marques Pettigrew/John Hampton,"Highland Heights, KY",Truist Arena,NA,7485,NA,NA,NA,NA,NA,NA,NA,NA,N Kentucky,N Kentucky,FALSE
401715630,2024-11-19,N Kentucky,Cincinnati,176,2,13:13,793,793,Sam Vinson missed Three Point Jumper.,home,43,49,-6,2,FALSE,FALSE,0.06590301520434373,0.24009286233085375,4,3,-13.5,138.5,Doug Shows/Marques Pettigrew/John Hampton,"Highland Heights, KY",Truist Arena,NA,7485,NA,NA,N Kentucky,missed,Sam Vinson,NA,TRUE,FALSE,N Kentucky,Cincinnati,FALSE
401715630,2024-11-19,N Kentucky,Cincinnati,177,2,13:13,793,793,Tyler Betsey Defensive Rebound.,away,43,49,-6,0,FALSE,FALSE,0.06590301520434373,0.24009286233085375,4,3,-13.5,138.5,Doug Shows/Marques Pettigrew/John Hampton,"Highland Heights, KY",Truist Arena,NA,7485,NA,NA,NA,NA,NA,NA,NA,NA,N Kentucky,Cincinnati,FALSE
401715630,2024-11-19,N Kentucky,Cincinnati,178,2,13:13,793,793,Tyler Betsey Turnover.,away,43,49,-6,0,FALSE,FALSE,0.06590301520434373,0.24009286233085375,4,3,-13.5,138.5,Doug Shows/Marques Pettigrew/John Hampton,"Highland Heights, KY",Truist Arena,NA,7485,NA,NA,NA,NA,NA,NA,NA,NA,N Kentucky,Cincinnati,FALSE
401715630,2024-11-19,N Kentucky,Cincinnati,179,2,13:13,793,793,Keeyan Itejere Steal.,home,43,49,-6,0,FALSE,FALSE,0.06590301520434373,0.24009286233085375,4,3,-13.5,138.5,Doug Shows/Marques Pettigrew/John Hampton,"Highland Heights, KY",Truist Arena,NA,7485,NA,NA,NA,NA,NA,NA,NA,NA,N Kentucky,Cincinnati,FALSE
401715630,2024-11-19,N Kentucky,Cincinnati,180,2,13:13,793,793,Keeyan Itejere made Dunk.,home,45,49,-4,0,TRUE,FALSE,0.09386427421308968,0.31688730447731367,4,3,-13.5,138.5,Doug Shows/Marques Pettigrew/John Hampton,"Highland Heights, KY",Truist Arena,NA,7485,NA,NA,N Kentucky,made,Keeyan Itejere,NA,FALSE,FALSE,N Kentucky,Cincinnati,FALSE
401715630,2024-11-19,N Kentucky,Cincinnati,181,2,12:29,749,749,Arrinten Page made Dunk. Assisted by Simas Lukosius.,away,45,51,-6,44,TRUE,FALSE,0.06513793073458873,0.2335314296368829,4,3,-13.5,138.5,Doug Shows/Marques Pettigrew/John Hampton,"Highland Heights, KY",Truist Arena,NA,7485,NA,NA,Cincinnati,made,Arrinten Page,Simas Lukosius,FALSE,FALSE,Cincinnati,N Kentucky,FALSE
401715630,2024-11-19,N Kentucky,Cincinnati,182,2,11:58,718,718,Dan Gherezgher Jr. missed Three Point Jumper.,home,45,51,-6,31,FALSE,FALSE,0.06437339368360863,0.22790904505389048,4,3,-13.5,138.5,Doug Shows/Marques Pettigrew/John Hampton,"Highland Heights, KY",Truist Arena,NA,7485,NA,NA,N Kentucky,missed,Dan Gherezgher Jr.,NA,TRUE,FALSE,N Kentucky,Cincinnati,FALSE
401715630,2024-11-19,N Kentucky,Cincinnati,183,2,11:56,716,716,Tyler Betsey Defensive Rebound.,away,45,51,-6,2,FALSE,FALSE,0.06432911238394351,0.22756413483027657,4,3,-13.5,138.5,Doug Shows/Marques Pettigrew/John Hampton,"Highland Heights, KY",Truist Arena,NA,7485,NA,NA,NA,NA,NA,NA,NA,NA,N Kentucky,Cincinnati,FALSE
401715630,2024-11-19,N Kentucky,Cincinnati,184,2,11:50,710,710,Simas Lukosius made Three Point Jumper.,away,45,54,-9,6,TRUE,FALSE,0.03580343318301678,0.13684299344409273,4,3,-13.5,138.5,Doug Shows/Marques Pettigrew/John Hampton,"Highland Heights, KY",Truist Arena,NA,7485,NA,NA,Cincinnati,made,Simas Lukosius,NA,TRUE,FALSE,Cincinnati,N Kentucky,FALSE
401715630,2024-11-19,N Kentucky,Cincinnati,185,2,11:37,697,697,LJ Wells missed Layup.,home,45,54,-9,13,FALSE,FALSE,0.03546706734796003,0.1347830132916179,4,3,-13.5,138.5,Doug Shows/Marques Pettigrew/John Hampton,"Highland Heights, KY",Truist Arena,NA,7485,NA,NA,N Kentucky,missed,LJ Wells,NA,FALSE,FALSE,N Kentucky,Cincinnati,FALSE
401715630,2024-11-19,N Kentucky,Cincinnati,186,2,11:34,694,694,Arrinten Page Defensive Rebound.,away,45,54,-9,3,FALSE,FALSE,0.035394966040418537,0.1343311136198953,4,3,-13.5,138.5,Doug Shows/Marques Pettigrew/John Hampton,"Highland Heights, KY",Truist Arena,NA,7485,NA,NA,NA,NA,NA,NA,NA,NA,N Kentucky,Cincinnati,FALSE
401715630,2024-11-19,N Kentucky,Cincinnati,187,2,11:23,683,683,Tyler Betsey missed Three Point Jumper.,away,45,54,-9,11,FALSE,FALSE,0.03514408143357636,0.13273197977907022,4,3,-13.5,138.5,Doug Shows/Marques Pettigrew/John Hampton,"Highland Heights, KY",Truist Arena,NA,7485,NA,NA,Cincinnati,missed,Tyler Betsey,NA,TRUE,FALSE,Cincinnati,N Kentucky,FALSE
401715630,2024-11-19,N Kentucky,Cincinnati,188,2,11:19,679,679,Keeyan Itejere Defensive Rebound.,home,45,54,-9,4,FALSE,FALSE,0.03505703129667115,0.13216859662767116,4,3,-13.5,138.5,Doug Shows/Marques Pettigrew/John Hampton,"Highland Heights, KY",Truist Arena,NA,7485,NA,NA,NA,NA,NA,NA,NA,NA,Cincinnati,N Kentucky,FALSE
401715630,2024-11-19,N Kentucky,Cincinnati,189,2,11:14,674,674,Northern Kentucky  Timeout,home,45,54,-9,5,FALSE,FALSE,0.03495047248633594,0.13147435822972495,4,2,-13.5,138.5,Doug Shows/Marques Pettigrew/John Hampton,"Highland Heights, KY",Truist Arena,NA,7485,NA,NA,NA,NA,NA,NA,NA,NA,N Kentucky,N Kentucky,FALSE
401715630,2024-11-19,N Kentucky,Cincinnati,190,2,11:14,674,674, Official TV Timeout,NA,45,54,-9,0,FALSE,FALSE,0.03495047248633594,0.13147435822972495,4,1,-13.5,138.5,Doug Shows/Marques Pettigrew/John Hampton,"Highland Heights, KY",Truist Arena,NA,7485,NA,NA,NA,NA,NA,NA,NA,NA,N Kentucky,N Kentucky,FALSE
401715630,2024-11-19,N Kentucky,Cincinnati,191,2,11:13,673,673,LJ Wells missed Layup.,home,45,54,-9,1,FALSE,FALSE,0.03492940322898451,0.1313366071531416,4,1,-13.5,138.5,Doug Shows/Marques Pettigrew/John Hampton,"Highland Heights, KY",Truist Arena,NA,7485,NA,NA,N Kentucky,missed,LJ Wells,NA,FALSE,FALSE,N Kentucky,N Kentucky,FALSE
401715630,2024-11-19,N Kentucky,Cincinnati,192,2,11:13,673,673,Aziz Bandaogo Block.,away,45,54,-9,0,FALSE,FALSE,0.03492940322898451,0.1313366071531416,4,1,-13.5,138.5,Doug Shows/Marques Pettigrew/John Hampton,"Highland Heights, KY",Truist Arena,NA,7485,NA,NA,NA,NA,NA,NA,NA,NA,N Kentucky,N Kentucky,FALSE
401715630,2024-11-19,N Kentucky,Cincinnati,193,2,11:09,669,669,Sam Vinson Offensive Rebound.,home,45,54,-9,4,FALSE,FALSE,0.03484574278842164,0.13078848295343076,4,1,-13.5,138.5,Doug Shows/Marques Pettigrew/John Hampton,"Highland Heights, KY",Truist Arena,NA,7485,NA,NA,NA,NA,NA,NA,NA,NA,N Kentucky,N Kentucky,FALSE
401715630,2024-11-19,N Kentucky,Cincinnati,194,2,11:08,668,668,Foul on Josh Reed.,away,45,54,-9,1,FALSE,TRUE,0.03482495324601653,0.1306520567656424,4,1,-13.5,138.5,Doug Shows/Marques Pettigrew/John Hampton,"Highland Heights, KY",Truist Arena,NA,7485,NA,NA,NA,NA,NA,NA,NA,NA,N Kentucky,N Kentucky,FALSE
401715630,2024-11-19,N Kentucky,Cincinnati,195,2,10:51,651,651,Trey Robinson made Jumper.,home,47,54,-7,17,TRUE,FALSE,0.05181867046917615,0.18392617439931835,4,1,-13.5,138.5,Doug Shows/Marques Pettigrew/John Hampton,"Highland Heights, KY",Truist Arena,NA,7485,NA,NA,N Kentucky,made,Trey Robinson,NA,FALSE,FALSE,N Kentucky,Cincinnati,FALSE
401715630,2024-11-19,N Kentucky,Cincinnati,196,2,10:39,639,639,Jizzle James Turnover.,away,47,54,-7,12,FALSE,FALSE,0.051601242391577075,0.1821972990604873,4,1,-13.5,138.5,Doug Shows/Marques Pettigrew/John Hampton,"Highland Heights, KY",Truist Arena,NA,7485,NA,NA,NA,NA,NA,NA,NA,NA,Cincinnati,N Kentucky,FALSE
401715630,2024-11-19,N Kentucky,Cincinnati,197,2,10:21,621,621,Foul on Tyler Betsey.,away,47,54,-7,18,FALSE,TRUE,0.05123513218578382,0.17945800961158168,4,1,-13.5,138.5,Doug Shows/Marques Pettigrew/John Hampton,"Highland Heights, KY",Truist Arena,NA,7485,NA,NA,NA,NA,NA,NA,NA,NA,N Kentucky,N Kentucky,FALSE
401715630,2024-11-19,N Kentucky,Cincinnati,198,2,10:21,621,621,LJ Wells missed Free Throw.,home,47,54,-7,0,FALSE,FALSE,0.05123513218578382,0.17945800961158168,4,1,-13.5,138.5,Doug Shows/Marques Pettigrew/John Hampton,"Highland Heights, KY",Truist Arena,NA,7485,NA,NA,N Kentucky,missed,LJ Wells,NA,FALSE,TRUE,N Kentucky,N Kentucky,FALSE
401715630,2024-11-19,N Kentucky,Cincinnati,199,2,10:21,621,621,Northern Kentucky Offensive Rebound.,home,47,54,-7,0,FALSE,FALSE,0.05123513218578382,0.17945800961158168,4,1,-13.5,138.5,Doug Shows/Marques Pettigrew/John Hampton,"Highland Heights, KY",Truist Arena,NA,7485,NA,NA,NA,NA,NA,NA,NA,NA,N Kentucky,N Kentucky,FALSE
401715630,2024-11-19,N Kentucky,Cincinnati,200,2,10:21,621,621,LJ Wells missed Free Throw.,home,47,54,-7,0,FALSE,FALSE,0.05123513218578382,0.17945800961158168,4,1,-13.5,138.5,Doug Shows/Marques Pettigrew/John Hampton,"Highland Heights, KY",Truist Arena,NA,7485,NA,NA,N Kentucky,missed,LJ Wells,NA,FALSE,TRUE,N Kentucky,N Kentucky,FALSE
401715630,2024-11-19,N Kentucky,Cincinnati,201,2,10:21,621,621,Josh Reed Defensive Rebound.,away,47,54,-7,0,FALSE,FALSE,0.05123513218578382,0.17945800961158168,4,1,-13.5,138.5,Doug Shows/Marques Pettigrew/John Hampton,"Highland Heights, KY",Truist Arena,NA,7485,NA,NA,NA,NA,NA,NA,NA,NA,N Kentucky,N Kentucky,FALSE
401715630,2024-11-19,N Kentucky,Cincinnati,202,2,9:55,595,595,Jizzle James missed Jumper.,away,47,54,-7,26,FALSE,FALSE,0.05056030014053979,0.17496735811587907,4,1,-13.5,138.5,Doug Shows/Marques Pettigrew/John Hampton,"Highland Heights, KY",Truist Arena,NA,7485,NA,NA,Cincinnati,missed,Jizzle James,NA,FALSE,FALSE,Cincinnati,Cincinnati,FALSE
401715630,2024-11-19,N Kentucky,Cincinnati,203,2,9:52,592,592,Tyler Betsey Offensive Rebound.,away,47,54,-7,3,FALSE,FALSE,0.05046755427840567,0.17439504003293804,4,1,-13.5,138.5,Doug Shows/Marques Pettigrew/John Hampton,"Highland Heights, KY",Truist Arena,NA,7485,NA,NA,NA,NA,NA,NA,NA,NA,Cincinnati,Cincinnati,FALSE
401715630,2024-11-19,N Kentucky,Cincinnati,204,2,9:46,586,586,Foul on Randall Pettus II.,home,47,54,-7,6,FALSE,TRUE,0.05027115400623685,0.1732108943194474,4,1,-13.5,138.5,Doug Shows/Marques Pettigrew/John Hampton,"Highland Heights, KY",Truist Arena,NA,7485,NA,NA,NA,NA,NA,NA,NA,NA,Cincinnati,Cincinnati,FALSE
401715630,2024-11-19,N Kentucky,Cincinnati,205,2,9:46,586,586,Tyler Betsey missed Free Throw.,away,47,54,-7,0,FALSE,FALSE,0.05027115400623685,0.1732108943194474,4,1,-13.5,138.5,Doug Shows/Marques Pettigrew/John Hampton,"Highland Heights, KY",Truist Arena,NA,7485,NA,NA,Cincinnati,missed,Tyler Betsey,NA,FALSE,TRUE,Cincinnati,Cincinnati,FALSE
401715630,2024-11-19,N Kentucky,Cincinnati,206,2,9:46,586,586,Cincinnati Offensive Rebound.,away,47,54,-7,0,FALSE,FALSE,0.05027115400623685,0.1732108943194474,4,1,-13.5,138.5,Doug Shows/Marques Pettigrew/John Hampton,"Highland Heights, KY",Truist Arena,NA,7485,NA,NA,NA,NA,NA,NA,NA,NA,Cincinnati,Cincinnati,FALSE
401715630,2024-11-19,N Kentucky,Cincinnati,207,2,9:46,586,586,Tyler Betsey missed Free Throw.,away,47,54,-7,0,FALSE,FALSE,0.05027115400623685,0.1732108943194474,4,1,-13.5,138.5,Doug Shows/Marques Pettigrew/John Hampton,"Highland Heights, KY",Truist Arena,NA,7485,NA,NA,Cincinnati,missed,Tyler Betsey,NA,FALSE,TRUE,Cincinnati,Cincinnati,FALSE
401715630,2024-11-19,N Kentucky,Cincinnati,208,2,9:46,586,586,Josh Dilling Defensive Rebound.,home,47,54,-7,0,FALSE,FALSE,0.05027115400623685,0.1732108943194474,4,1,-13.5,138.5,Doug Shows/Marques Pettigrew/John Hampton,"Highland Heights, KY",Truist Arena,NA,7485,NA,NA,NA,NA,NA,NA,NA,NA,Cincinnati,Cincinnati,FALSE
401715630,2024-11-19,N Kentucky,Cincinnati,209,2,9:37,577,577,Randall Pettus II missed Layup.,home,47,54,-7,9,FALSE,FALSE,0.04994723096937212,0.17132880821044766,4,1,-13.5,138.5,Doug Shows/Marques Pettigrew/John Hampton,"Highland Heights, KY",Truist Arena,NA,7485,NA,NA,N Kentucky,missed,Randall Pettus II,NA,FALSE,FALSE,N Kentucky,Cincinnati,FALSE
401715630,2024-11-19,N Kentucky,Cincinnati,210,2,9:35,575,575,Tyler Betsey Defensive Rebound.,away,47,54,-7,2,FALSE,FALSE,0.04987016198961473,0.17089226038585942,4,1,-13.5,138.5,Doug Shows/Marques Pettigrew/John Hampton,"Highland Heights, KY",Truist Arena,NA,7485,NA,NA,NA,NA,NA,NA,NA,NA,N Kentucky,Cincinnati,FALSE
401715630,2024-11-19,N Kentucky,Cincinnati,211,2,9:22,562,562,Connor Hickman made Three Point Jumper. Assisted by Aziz Bandaogo.,away,47,57,-10,13,TRUE,FALSE,0.025459824770253513,0.09222603574734035,4,1,-13.5,138.5,Doug Shows/Marques Pettigrew/John Hampton,"Highland Heights, KY",Truist Arena,NA,7485,NA,NA,Cincinnati,made,Connor Hickman,Aziz Bandaogo,TRUE,FALSE,Cincinnati,N Kentucky,FALSE
401715630,2024-11-19,N Kentucky,Cincinnati,212,2,8:55,535,535,Trey Robinson Turnover.,home,47,57,-10,27,FALSE,FALSE,0.024285975195982426,0.08654548224165627,4,1,-13.5,138.5,Doug Shows/Marques Pettigrew/John Hampton,"Highland Heights, KY",Truist Arena,NA,7485,NA,NA,NA,NA,NA,NA,NA,NA,N Kentucky,Cincinnati,FALSE
401715630,2024-11-19,N Kentucky,Cincinnati,213,2,8:55,535,535,Connor Hickman Steal.,away,47,57,-10,0,FALSE,FALSE,0.024285975195982426,0.08654548224165627,4,1,-13.5,138.5,Doug Shows/Marques Pettigrew/John Hampton,"Highland Heights, KY",Truist Arena,NA,7485,NA,NA,NA,NA,NA,NA,NA,NA,N Kentucky,Cincinnati,FALSE
401715630,2024-11-19,N Kentucky,Cincinnati,214,2,8:55,535,535,Foul on Trey Robinson.,home,47,57,-10,0,FALSE,TRUE,0.024285975195982426,0.08654548224165627,4,1,-13.5,138.5,Doug Shows/Marques Pettigrew/John Hampton,"Highland Heights, KY",Truist Arena,NA,7485,NA,NA,NA,NA,NA,NA,NA,NA,N Kentucky,Cincinnati,FALSE
401715630,2024-11-19,N Kentucky,Cincinnati,215,2,8:43,523,523,Dillon Mitchell made Dunk. Assisted by Jizzle James.,away,47,59,-12,12,TRUE,FALSE,0.014959011463980609,0.05417539312883286,4,1,-13.5,138.5,Doug Shows/Marques Pettigrew/John Hampton,"Highland Heights, KY",Truist Arena,NA,7485,NA,NA,Cincinnati,made,Dillon Mitchell,Jizzle James,FALSE,FALSE,Cincinnati,N Kentucky,FALSE
401715630,2024-11-19,N Kentucky,Cincinnati,216,2,8:40,520,520,Northern Kentucky  Timeout,home,47,59,-12,3,FALSE,FALSE,0.014881367709552219,0.05379006335849223,4,0,-13.5,138.5,Doug Shows/Marques Pettigrew/John Hampton,"Highland Heights, KY",Truist Arena,NA,7485,NA,NA,NA,NA,NA,NA,NA,NA,N Kentucky,N Kentucky,FALSE
401715630,2024-11-19,N Kentucky,Cincinnati,217,2,8:27,507,507,Foul on Jizzle James.,away,47,59,-12,13,FALSE,TRUE,0.014564989280160328,0.05220619459676786,4,0,-13.5,138.5,Doug Shows/Marques Pettigrew/John Hampton,"Highland Heights, KY",Truist Arena,NA,7485,NA,NA,NA,NA,NA,NA,NA,NA,N Kentucky,N Kentucky,FALSE
401715630,2024-11-19,N Kentucky,Cincinnati,218,2,8:10,490,490,Josh Dilling missed Jumper.,home,47,59,-12,17,FALSE,FALSE,0.014164747622890333,0.05020863150288268,4,0,-13.5,138.5,Doug Shows/Marques Pettigrew/John Hampton,"Highland Heights, KY",Truist Arena,NA,7485,NA,NA,N Kentucky,missed,Josh Dilling,NA,FALSE,FALSE,N Kentucky,Cincinnati,FALSE
401715630,2024-11-19,N Kentucky,Cincinnati,219,2,8:07,487,487,Dillon Mitchell Defensive Rebound.,away,47,59,-12,3,FALSE,FALSE,0.014091735668369663,0.049849874636600566,4,0,-13.5,138.5,Doug Shows/Marques Pettigrew/John Hampton,"Highland Heights, KY",Truist Arena,NA,7485,NA,NA,NA,NA,NA,NA,NA,NA,N Kentucky,Cincinnati,FALSE
401715630,2024-11-19,N Kentucky,Cincinnati,220,2,7:58,478,478,Dillon Mitchell made Jumper.,away,47,61,-14,9,TRUE,FALSE,0.00849443196555599,0.03028125044341148,4,0,-13.5,138.5,Doug Shows/Marques Pettigrew/John Hampton,"Highland Heights, KY",Truist Arena,NA,7485,NA,NA,Cincinnati,made,Dillon Mitchell,NA,FALSE,FALSE,Cincinnati,N Kentucky,FALSE
401715630,2024-11-19,N Kentucky,Cincinnati,221,2,7:49,469,469, Official TV Timeout,NA,47,61,-14,9,FALSE,FALSE,0.008304926613499517,0.02941244977332326,4,-1,-13.5,138.5,Doug Shows/Marques Pettigrew/John Hampton,"Highland Heights, KY",Truist Arena,NA,7485,NA,NA,NA,NA,NA,NA,NA,NA,N Kentucky,N Kentucky,FALSE
401715630,2024-11-19,N Kentucky,Cincinnati,222,2,7:34,454,454,Sam Vinson missed Layup.,home,47,61,-14,15,FALSE,FALSE,0.00794416686912133,0.027814263617404987,4,-1,-13.5,138.5,Doug Shows/Marques Pettigrew/John Hampton,"Highland Heights, KY",Truist Arena,NA,7485,NA,NA,N Kentucky,missed,Sam Vinson,NA,FALSE,FALSE,N Kentucky,N Kentucky,FALSE
401715630,2024-11-19,N Kentucky,Cincinnati,223,2,7:31,451,451,Sam Vinson Offensive Rebound.,home,47,61,-14,3,FALSE,FALSE,0.00786395648095083,0.02746769475823825,4,-1,-13.5,138.5,Doug Shows/Marques Pettigrew/John Hampton,"Highland Heights, KY",Truist Arena,NA,7485,NA,NA,NA,NA,NA,NA,NA,NA,N Kentucky,N Kentucky,FALSE
401715630,2024-11-19,N Kentucky,Cincinnati,224,2,7:30,450,450,Sam Vinson missed Layup.,home,47,61,-14,1,FALSE,FALSE,0.007836565123282195,0.027349994674971914,4,-1,-13.5,138.5,Doug Shows/Marques Pettigrew/John Hampton,"Highland Heights, KY",Truist Arena,NA,7485,NA,NA,N Kentucky,missed,Sam Vinson,NA,FALSE,FALSE,N Kentucky,Cincinnati,FALSE
401715630,2024-11-19,N Kentucky,Cincinnati,225,2,7:28,448,448,Dillon Mitchell Defensive Rebound.,away,47,61,-14,2,FALSE,FALSE,0.007780777674422066,0.027111260741597108,4,-1,-13.5,138.5,Doug Shows/Marques Pettigrew/John Hampton,"Highland Heights, KY",Truist Arena,NA,7485,NA,NA,NA,NA,NA,NA,NA,NA,N Kentucky,Cincinnati,FALSE
401715630,2024-11-19,N Kentucky,Cincinnati,226,2,7:21,441,441,Aziz Bandaogo made Jumper. Assisted by Jizzle James.,away,47,63,-16,7,TRUE,FALSE,0.004533946074330251,0.0158257978260913,4,-1,-13.5,138.5,Doug Shows/Marques Pettigrew/John Hampton,"Highland Heights, KY",Truist Arena,NA,7485,NA,NA,Cincinnati,made,Aziz Bandaogo,Jizzle James,FALSE,FALSE,Cincinnati,N Kentucky,FALSE
401715630,2024-11-19,N Kentucky,Cincinnati,227,2,7:03,423,423,Sam Vinson Turnover.,home,47,63,-16,18,FALSE,FALSE,0.004120210927746663,0.014142892870089255,4,-1,-13.5,138.5,Doug Shows/Marques Pettigrew/John Hampton,"Highland Heights, KY",Truist Arena,NA,7485,NA,NA,NA,NA,NA,NA,NA,NA,N Kentucky,Cincinnati,FALSE
401715630,2024-11-19,N Kentucky,Cincinnati,228,2,7:03,423,423,Dillon Mitchell Steal.,away,47,63,-16,0,FALSE,FALSE,0.004120210927746663,0.014142892870089255,4,-1,-13.5,138.5,Doug Shows/Marques Pettigrew/John Hampton,"Highland Heights, KY",Truist Arena,NA,7485,NA,NA,NA,NA,NA,NA,NA,NA,N Kentucky,Cincinnati,FALSE
401715630,2024-11-19,N Kentucky,Cincinnati,229,2,6:59,419,419,Dillon Mitchell Turnover.,away,47,63,-16,4,FALSE,FALSE,0.004035095345740517,0.01379625604416526,4,-1,-13.5,138.5,Doug Shows/Marques Pettigrew/John Hampton,"Highland Heights, KY",Truist Arena,NA,7485,NA,NA,NA,NA,NA,NA,NA,NA,Cincinnati,N Kentucky,FALSE
401715630,2024-11-19,N Kentucky,Cincinnati,230,2,6:47,407,407,Randall Pettus II missed Jumper.,home,47,63,-16,12,FALSE,FALSE,0.0038029843347607097,0.012844463202593468,4,-1,-13.5,138.5,Doug Shows/Marques Pettigrew/John Hampton,"Highland Heights, KY",Truist Arena,NA,7485,NA,NA,N Kentucky,missed,Randall Pettus II,NA,FALSE,FALSE,N Kentucky,Cincinnati,FALSE
401715630,2024-11-19,N Kentucky,Cincinnati,231,2,6:45,405,405,Jizzle James Defensive Rebound.,away,47,63,-16,2,FALSE,FALSE,0.0037669661241603097,0.012696135276701385,4,-1,-13.5,138.5,Doug Shows/Marques Pettigrew/John Hampton,"Highland Heights, KY",Truist Arena,NA,7485,NA,NA,NA,NA,NA,NA,NA,NA,N Kentucky,Cincinnati,FALSE
401715630,2024-11-19,N Kentucky,Cincinnati,232,2,6:30,390,390,Jizzle James missed Jumper.,away,47,63,-16,15,FALSE,FALSE,0.0035119599760474237,0.011645851340389512,4,-1,-13.5,138.5,Doug Shows/Marques Pettigrew/John Hampton,"Highland Heights, KY",Truist Arena,NA,7485,NA,NA,Cincinnati,missed,Jizzle James,NA,FALSE,FALSE,Cincinnati,N Kentucky,FALSE
401715630,2024-11-19,N Kentucky,Cincinnati,233,2,6:27,387,387,Keeyan Itejere Defensive Rebound.,home,47,63,-16,3,FALSE,FALSE,0.0034630008917959482,0.01144504020679097,4,-1,-13.5,138.5,Doug Shows/Marques Pettigrew/John Hampton,"Highland Heights, KY",Truist Arena,NA,7485,NA,NA,NA,NA,NA,NA,NA,NA,Cincinnati,N Kentucky,FALSE
401715630,2024-11-19,N Kentucky,Cincinnati,234,2,6:21,381,381,Sam Vinson missed Jumper.,home,47,63,-16,6,FALSE,FALSE,0.003365883606632369,0.011048571763778426,4,-1,-13.5,138.5,Doug Shows/Marques Pettigrew/John Hampton,"Highland Heights, KY",Truist Arena,NA,7485,NA,NA,N Kentucky,missed,Sam Vinson,NA,FALSE,FALSE,N Kentucky,N Kentucky,FALSE
401715630,2024-11-19,N Kentucky,Cincinnati,235,2,6:18,378,378,LJ Wells Offensive Rebound.,home,47,63,-16,3,FALSE,FALSE,0.0033174528026575184,0.010852041373487501,4,-1,-13.5,138.5,Doug Shows/Marques Pettigrew/John Hampton,"Highland Heights, KY",Truist Arena,NA,7485,NA,NA,NA,NA,NA,NA,NA,NA,N Kentucky,N Kentucky,FALSE
401715630,2024-11-19,N Kentucky,Cincinnati,236,2,6:17,377,377,Randall Pettus II missed Three Point Jumper.,home,47,63,-16,1,FALSE,FALSE,0.0033012966650238147,0.01078668442012507,4,-1,-13.5,138.5,Doug Shows/Marques Pettigrew/John Hampton,"Highland Heights, KY",Truist Arena,NA,7485,NA,NA,N Kentucky,missed,Randall Pettus II,NA,TRUE,FALSE,N Kentucky,N Kentucky,FALSE
401715630,2024-11-19,N Kentucky,Cincinnati,237,2,6:13,373,373,LJ Wells Offensive Rebound.,home,47,63,-16,4,FALSE,FALSE,0.003236492883763426,0.010525661770036,4,-1,-13.5,138.5,Doug Shows/Marques Pettigrew/John Hampton,"Highland Heights, KY",Truist Arena,NA,7485,NA,NA,NA,NA,NA,NA,NA,NA,N Kentucky,N Kentucky,FALSE
401715630,2024-11-19,N Kentucky,Cincinnati,238,2,6:12,372,372,LJ Wells made Dunk.,home,49,63,-14,1,TRUE,FALSE,0.005672857372693698,0.01832608074775517,4,-1,-13.5,138.5,Doug Shows/Marques Pettigrew/John Hampton,"Highland Heights, KY",Truist Arena,NA,7485,NA,NA,N Kentucky,made,LJ Wells,NA,FALSE,FALSE,N Kentucky,Cincinnati,FALSE
401715630,2024-11-19,N Kentucky,Cincinnati,239,2,5:50,350,350,Dillon Mitchell Turnover.,away,49,63,-14,22,FALSE,FALSE,0.0051136311634921395,0.01609310065882205,4,-1,-13.5,138.5,Doug Shows/Marques Pettigrew/John Hampton,"Highland Heights, KY",Truist Arena,NA,7485,NA,NA,NA,NA,NA,NA,NA,NA,Cincinnati,N Kentucky,FALSE
401715630,2024-11-19,N Kentucky,Cincinnati,240,2,5:50,350,350,Hubertas Pivorius Steal.,home,49,63,-14,0,FALSE,FALSE,0.0051136311634921395,0.01609310065882205,4,-1,-13.5,138.5,Doug Shows/Marques Pettigrew/John Hampton,"Highland Heights, KY",Truist Arena,NA,7485,NA,NA,NA,NA,NA,NA,NA,NA,Cincinnati,N Kentucky,FALSE
401715630,2024-11-19,N Kentucky,Cincinnati,241,2,5:45,345,345,Randall Pettus II made Layup. Assisted by Hubertas Pivorius.,home,51,63,-12,5,TRUE,FALSE,0.008962875296052789,0.027796686836780028,4,-1,-13.5,138.5,Doug Shows/Marques Pettigrew/John Hampton,"Highland Heights, KY",Truist Arena,NA,7485,NA,NA,N Kentucky,made,Randall Pettus II,Hubertas Pivorius,FALSE,FALSE,N Kentucky,Cincinnati,FALSE
401715630,2024-11-19,N Kentucky,Cincinnati,242,2,5:42,342,342,Cincinnati  Timeout,away,51,63,-12,3,FALSE,FALSE,0.008837453401293357,0.02730907701143527,3,-1,-13.5,138.5,Doug Shows/Marques Pettigrew/John Hampton,"Highland Heights, KY",Truist Arena,NA,7485,NA,NA,NA,NA,NA,NA,NA,NA,Cincinnati,Cincinnati,FALSE
401715630,2024-11-19,N Kentucky,Cincinnati,243,2,5:31,331,331,Day Day Thomas Turnover.,away,51,63,-12,11,FALSE,FALSE,0.008350151549922519,0.02545859153437069,3,-1,-13.5,138.5,Doug Shows/Marques Pettigrew/John Hampton,"Highland Heights, KY",Truist Arena,NA,7485,NA,NA,NA,NA,NA,NA,NA,NA,Cincinnati,N Kentucky,FALSE
401715630,2024-11-19,N Kentucky,Cincinnati,244,2,5:21,321,321,Randall Pettus II missed Three Point Jumper.,home,51,63,-12,10,FALSE,FALSE,0.007868102645685793,0.02369012695045055,3,-1,-13.5,138.5,Doug Shows/Marques Pettigrew/John Hampton,"Highland Heights, KY",Truist Arena,NA,7485,NA,NA,N Kentucky,missed,Randall Pettus II,NA,TRUE,FALSE,N Kentucky,N Kentucky,FALSE
401715630,2024-11-19,N Kentucky,Cincinnati,245,2,5:19,319,319,Keeyan Itejere Offensive Rebound.,home,51,63,-12,2,FALSE,FALSE,0.007767201763647976,0.023326957507923136,3,-1,-13.5,138.5,Doug Shows/Marques Pettigrew/John Hampton,"Highland Heights, KY",Truist Arena,NA,7485,NA,NA,NA,NA,NA,NA,NA,NA,N Kentucky,N Kentucky,FALSE
401715630,2024-11-19,N Kentucky,Cincinnati,246,2,5:16,316,316,Randall Pettus II missed Jumper.,home,51,63,-12,3,FALSE,FALSE,0.007613096058106321,0.022776625003847886,3,-1,-13.5,138.5,Doug Shows/Marques Pettigrew/John Hampton,"Highland Heights, KY",Truist Arena,NA,7485,NA,NA,N Kentucky,missed,Randall Pettus II,NA,FALSE,FALSE,N Kentucky,Cincinnati,FALSE
401715630,2024-11-19,N Kentucky,Cincinnati,247,2,5:14,314,314,Arrinten Page Defensive Rebound.,away,51,63,-12,2,FALSE,FALSE,0.007508552307760947,0.022406163316251608,3,-1,-13.5,138.5,Doug Shows/Marques Pettigrew/John Hampton,"Highland Heights, KY",Truist Arena,NA,7485,NA,NA,NA,NA,NA,NA,NA,NA,N Kentucky,Cincinnati,FALSE
401715630,2024-11-19,N Kentucky,Cincinnati,248,2,5:01,301,301,Arrinten Page made Dunk. Assisted by Simas Lukosius.,away,51,65,-14,13,TRUE,FALSE,0.003664014264316198,0.010817656299624017,3,-1,-13.5,138.5,Doug Shows/Marques Pettigrew/John Hampton,"Highland Heights, KY",Truist Arena,NA,7485,NA,NA,Cincinnati,made,Arrinten Page,Simas Lukosius,FALSE,FALSE,Cincinnati,N Kentucky,FALSE
401715630,2024-11-19,N Kentucky,Cincinnati,249,2,4:40,280,280,Randall Pettus II missed Three Point Jumper.,home,51,65,-14,21,FALSE,FALSE,0.0036900430454610824,0.010579076939546583,3,-1,-13.5,138.5,Doug Shows/Marques Pettigrew/John Hampton,"Highland Heights, KY",Truist Arena,NA,7485,NA,NA,N Kentucky,missed,Randall Pettus II,NA,TRUE,FALSE,N Kentucky,N Kentucky,FALSE
401715630,2024-11-19,N Kentucky,Cincinnati,250,2,4:40,280,280,Day Day Thomas Block.,away,51,65,-14,0,FALSE,FALSE,0.0036900430454610824,0.010579076939546583,3,-1,-13.5,138.5,Doug Shows/Marques Pettigrew/John Hampton,"Highland Heights, KY",Truist Arena,NA,7485,NA,NA,NA,NA,NA,NA,NA,NA,N Kentucky,N Kentucky,FALSE
401715630,2024-11-19,N Kentucky,Cincinnati,251,2,4:40,280,280,Northern Kentucky Offensive Rebound.,home,51,65,-14,0,FALSE,FALSE,0.0036900430454610824,0.010579076939546583,3,-1,-13.5,138.5,Doug Shows/Marques Pettigrew/John Hampton,"Highland Heights, KY",Truist Arena,NA,7485,NA,NA,NA,NA,NA,NA,NA,NA,N Kentucky,N Kentucky,FALSE
401715630,2024-11-19,N Kentucky,Cincinnati,252,2,4:26,266,266,Sam Vinson missed Three Point Jumper.,home,51,65,-14,14,FALSE,FALSE,0.003949933218112219,0.011098411456798948,3,-1,-13.5,138.5,Doug Shows/Marques Pettigrew/John Hampton,"Highland Heights, KY",Truist Arena,NA,7485,NA,NA,N Kentucky,missed,Sam Vinson,NA,TRUE,FALSE,N Kentucky,Cincinnati,FALSE
401715630,2024-11-19,N Kentucky,Cincinnati,253,2,4:24,264,264,Simas Lukosius Defensive Rebound.,away,51,65,-14,2,FALSE,FALSE,0.003995029455809946,0.01119242396755251,3,-1,-13.5,138.5,Doug Shows/Marques Pettigrew/John Hampton,"Highland Heights, KY",Truist Arena,NA,7485,NA,NA,NA,NA,NA,NA,NA,NA,N Kentucky,Cincinnati,FALSE
401715630,2024-11-19,N Kentucky,Cincinnati,254,2,4:19,259,259,Dillon Mitchell made Dunk. Assisted by Day Day Thomas.,away,51,67,-16,5,TRUE,FALSE,0.0021781794607028224,0.006078747136806112,3,-1,-13.5,138.5,Doug Shows/Marques Pettigrew/John Hampton,"Highland Heights, KY",Truist Arena,NA,7485,NA,NA,Cincinnati,made,Dillon Mitchell,Day Day Thomas,FALSE,FALSE,Cincinnati,N Kentucky,FALSE
401715630,2024-11-19,N Kentucky,Cincinnati,255,2,4:09,249,249,Trey Robinson missed Jumper.,home,51,67,-16,10,FALSE,FALSE,0.0023090834962817765,0.006349380089079647,3,-1,-13.5,138.5,Doug Shows/Marques Pettigrew/John Hampton,"Highland Heights, KY",Truist Arena,NA,7485,NA,NA,N Kentucky,missed,Trey Robinson,NA,FALSE,FALSE,N Kentucky,N Kentucky,FALSE
401715630,2024-11-19,N Kentucky,Cincinnati,256,2,4:06,246,246,LJ Wells Offensive Rebound.,home,51,67,-16,3,FALSE,FALSE,0.0023427665703386487,0.006413057548646077,3,-1,-13.5,138.5,Doug Shows/Marques Pettigrew/John Hampton,"Highland Heights, KY",Truist Arena,NA,7485,NA,NA,NA,NA,NA,NA,NA,NA,N Kentucky,N Kentucky,FALSE
401715630,2024-11-19,N Kentucky,Cincinnati,257,2,4:00,240,240,Keeyan Itejere made Jumper. Assisted by Trey Robinson.,home,53,67,-14,6,TRUE,FALSE,0.004482758427453844,0.012116480895230671,3,-1,-13.5,138.5,Doug Shows/Marques Pettigrew/John Hampton,"Highland Heights, KY",Truist Arena,NA,7485,NA,NA,N Kentucky,made,Keeyan Itejere,Trey Robinson,FALSE,FALSE,N Kentucky,Cincinnati,FALSE
401715630,2024-11-19,N Kentucky,Cincinnati,258,2,3:35,215,215,Tyler Betsey made Three Point Jumper. Assisted by Day Day Thomas.,away,53,70,-17,25,TRUE,FALSE,0.0016263649327511534,0.004245065442838009,3,-1,-13.5,138.5,Doug Shows/Marques Pettigrew/John Hampton,"Highland Heights, KY",Truist Arena,NA,7485,NA,NA,Cincinnati,made,Tyler Betsey,Day Day Thomas,TRUE,FALSE,Cincinnati,N Kentucky,FALSE
401715630,2024-11-19,N Kentucky,Cincinnati,259,2,3:17,197,197,Sam Vinson made Layup.,home,55,70,-15,18,TRUE,FALSE,0.002335414363611004,0.005900033157738482,3,-1,-13.5,138.5,Doug Shows/Marques Pettigrew/John Hampton,"Highland Heights, KY",Truist Arena,NA,7485,NA,NA,N Kentucky,made,Sam Vinson,NA,FALSE,FALSE,N Kentucky,Cincinnati,FALSE
401715630,2024-11-19,N Kentucky,Cincinnati,260,2,2:59,179,179,Day Day Thomas Turnover.,away,55,70,-15,18,FALSE,FALSE,0.0014081303120566384,0.003442507536198347,3,-1,-13.5,138.5,Doug Shows/Marques Pettigrew/John Hampton,"Highland Heights, KY",Truist Arena,NA,7485,NA,NA,NA,NA,NA,NA,NA,NA,Cincinnati,N Kentucky,FALSE
401715630,2024-11-19,N Kentucky,Cincinnati,261,2,2:59,179,179,Hubertas Pivorius Steal.,home,55,70,-15,0,FALSE,FALSE,0.0014081303120566384,0.003442507536198347,3,-1,-13.5,138.5,Doug Shows/Marques Pettigrew/John Hampton,"Highland Heights, KY",Truist Arena,NA,7485,NA,NA,NA,NA,NA,NA,NA,NA,Cincinnati,N Kentucky,FALSE
401715630,2024-11-19,N Kentucky,Cincinnati,262,2,2:56,176,176,Hubertas Pivorius Turnover.,home,55,70,-15,3,FALSE,FALSE,0.0012869917871913168,0.0031285614743299067,3,-1,-13.5,138.5,Doug Shows/Marques Pettigrew/John Hampton,"Highland Heights, KY",Truist Arena,NA,7485,NA,NA,NA,NA,NA,NA,NA,NA,N Kentucky,Cincinnati,FALSE
401715630,2024-11-19,N Kentucky,Cincinnati,263,2,2:56,176,176,Dillon Mitchell Steal.,away,55,70,-15,0,FALSE,FALSE,0.0012869917871913168,0.0031285614743299067,3,-1,-13.5,138.5,Doug Shows/Marques Pettigrew/John Hampton,"Highland Heights, KY",Truist Arena,NA,7485,NA,NA,NA,NA,NA,NA,NA,NA,N Kentucky,Cincinnati,FALSE
401715630,2024-11-19,N Kentucky,Cincinnati,264,2,2:41,161,161,Foul on Sam Vinson.,home,55,70,-15,15,FALSE,TRUE,8.050194734650428e-4,0.0019007904364686625,3,-1,-13.5,138.5,Doug Shows/Marques Pettigrew/John Hampton,"Highland Heights, KY",Truist Arena,NA,7485,NA,NA,NA,NA,NA,NA,NA,NA,Cincinnati,Cincinnati,FALSE
401715630,2024-11-19,N Kentucky,Cincinnati,265,2,2:41,161,161, Official TV Timeout,NA,55,70,-15,0,FALSE,FALSE,8.050194734650428e-4,0.0019007904364686625,3,-2,-13.5,138.5,Doug Shows/Marques Pettigrew/John Hampton,"Highland Heights, KY",Truist Arena,NA,7485,NA,NA,NA,NA,NA,NA,NA,NA,Cincinnati,Cincinnati,FALSE
401715630,2024-11-19,N Kentucky,Cincinnati,266,2,2:41,161,161,Tyler Betsey missed Free Throw.,away,55,70,-15,0,FALSE,FALSE,8.050194734650428e-4,0.0019007904364686625,3,-2,-13.5,138.5,Doug Shows/Marques Pettigrew/John Hampton,"Highland Heights, KY",Truist Arena,NA,7485,NA,NA,Cincinnati,missed,Tyler Betsey,NA,FALSE,TRUE,Cincinnati,Cincinnati,FALSE
401715630,2024-11-19,N Kentucky,Cincinnati,267,2,2:41,161,161,Cincinnati Offensive Rebound.,away,55,70,-15,0,FALSE,FALSE,8.050194734650428e-4,0.0019007904364686625,3,-2,-13.5,138.5,Doug Shows/Marques Pettigrew/John Hampton,"Highland Heights, KY",Truist Arena,NA,7485,NA,NA,NA,NA,NA,NA,NA,NA,Cincinnati,Cincinnati,FALSE
401715630,2024-11-19,N Kentucky,Cincinnati,268,2,2:41,161,161,Tyler Betsey made Free Throw.,away,55,71,-16,0,TRUE,FALSE,5.303669434288022e-4,0.0012527569530227912,3,-2,-13.5,138.5,Doug Shows/Marques Pettigrew/John Hampton,"Highland Heights, KY",Truist Arena,NA,7485,NA,NA,Cincinnati,made,Tyler Betsey,NA,FALSE,TRUE,Cincinnati,N Kentucky,FALSE
401715630,2024-11-19,N Kentucky,Cincinnati,269,2,2:29,149,149,Sam Vinson made Layup.,home,57,71,-14,12,TRUE,FALSE,8.341763931060002e-4,0.0019218125239807604,3,-2,-13.5,138.5,Doug Shows/Marques Pettigrew/John Hampton,"Highland Heights, KY",Truist Arena,NA,7485,NA,NA,N Kentucky,made,Sam Vinson,NA,FALSE,FALSE,N Kentucky,Cincinnati,FALSE
401715630,2024-11-19,N Kentucky,Cincinnati,270,2,2:08,128,128,Aziz Bandaogo missed Layup.,away,57,71,-14,21,FALSE,FALSE,3.835674986523535e-4,8.455238357458441e-4,3,-2,-13.5,138.5,Doug Shows/Marques Pettigrew/John Hampton,"Highland Heights, KY",Truist Arena,NA,7485,NA,NA,Cincinnati,missed,Aziz Bandaogo,NA,FALSE,FALSE,Cincinnati,N Kentucky,FALSE
401715630,2024-11-19,N Kentucky,Cincinnati,271,2,2:05,125,125,Hubertas Pivorius Defensive Rebound.,home,57,71,-14,3,FALSE,FALSE,3.383822169227736e-4,7.410606680691744e-4,3,-2,-13.5,138.5,Doug Shows/Marques Pettigrew/John Hampton,"Highland Heights, KY",Truist Arena,NA,7485,NA,NA,NA,NA,NA,NA,NA,NA,Cincinnati,N Kentucky,FALSE
401715630,2024-11-19,N Kentucky,Cincinnati,272,2,2:03,123,123,Hubertas Pivorius missed Three Point Jumper.,home,57,71,-14,2,FALSE,FALSE,3.105427754603941e-4,6.771135799196133e-4,3,-2,-13.5,138.5,Doug Shows/Marques Pettigrew/John Hampton,"Highland Heights, KY",Truist Arena,NA,7485,NA,NA,N Kentucky,missed,Hubertas Pivorius,NA,TRUE,FALSE,N Kentucky,Cincinnati,FALSE
401715630,2024-11-19,N Kentucky,Cincinnati,273,2,2:01,121,121,Dillon Mitchell Defensive Rebound.,away,57,71,-14,2,FALSE,FALSE,2.844525510175806e-4,6.174933408268513e-4,3,-2,-13.5,138.5,Doug Shows/Marques Pettigrew/John Hampton,"Highland Heights, KY",Truist Arena,NA,7485,NA,NA,NA,NA,NA,NA,NA,NA,N Kentucky,Cincinnati,FALSE
401715630,2024-11-19,N Kentucky,Cincinnati,274,2,1:39,99,99,Simas Lukosius made Three Point Jumper.,away,57,74,-17,22,TRUE,FALSE,1.5067116948800734e-5,3.110344649955131e-5,3,-2,-13.5,138.5,Doug Shows/Marques Pettigrew/John Hampton,"Highland Heights, KY",Truist Arena,NA,7485,NA,NA,Cincinnati,made,Simas Lukosius,NA,TRUE,FALSE,Cincinnati,N Kentucky,FALSE
401715630,2024-11-19,N Kentucky,Cincinnati,275,2,1:10,70,70,Foul on Aziz Bandaogo.,away,57,74,-17,29,FALSE,TRUE,1.6534892199955772e-6,3.1792488968827882e-6,3,-2,-13.5,138.5,Doug Shows/Marques Pettigrew/John Hampton,"Highland Heights, KY",Truist Arena,NA,7485,NA,NA,NA,NA,NA,NA,NA,NA,N Kentucky,N Kentucky,FALSE
401715630,2024-11-19,N Kentucky,Cincinnati,276,2,1:07,67,67,Foul on Jizzle James.,away,57,74,-17,3,FALSE,TRUE,1.282885385218115e-6,2.447907478666282e-6,3,-2,-13.5,138.5,Doug Shows/Marques Pettigrew/John Hampton,"Highland Heights, KY",Truist Arena,NA,7485,NA,NA,NA,NA,NA,NA,NA,NA,N Kentucky,N Kentucky,FALSE
401715630,2024-11-19,N Kentucky,Cincinnati,277,2,1:07,67,67,Josh Dilling missed Free Throw.,home,57,74,-17,0,FALSE,FALSE,1.282885385218115e-6,2.447907478666282e-6,3,-2,-13.5,138.5,Doug Shows/Marques Pettigrew/John Hampton,"Highland Heights, KY",Truist Arena,NA,7485,NA,NA,N Kentucky,missed,Josh Dilling,NA,FALSE,TRUE,N Kentucky,N Kentucky,FALSE
401715630,2024-11-19,N Kentucky,Cincinnati,278,2,1:07,67,67,Northern Kentucky Offensive Rebound.,home,57,74,-17,0,FALSE,FALSE,1.282885385218115e-6,2.447907478666282e-6,3,-2,-13.5,138.5,Doug Shows/Marques Pettigrew/John Hampton,"Highland Heights, KY",Truist Arena,NA,7485,NA,NA,NA,NA,NA,NA,NA,NA,N Kentucky,N Kentucky,FALSE
401715630,2024-11-19,N Kentucky,Cincinnati,279,2,1:07,67,67,Josh Dilling made Free Throw.,home,58,74,-16,0,TRUE,FALSE,2.743203607831114e-6,5.2343722979646655e-6,3,-2,-13.5,138.5,Doug Shows/Marques Pettigrew/John Hampton,"Highland Heights, KY",Truist Arena,NA,7485,NA,NA,N Kentucky,made,Josh Dilling,NA,FALSE,TRUE,N Kentucky,Cincinnati,FALSE
401715630,2024-11-19,N Kentucky,Cincinnati,280,2,0:47,47,47,Jizzle James made Layup.,away,58,76,-18,20,TRUE,FALSE,8.935666344886046e-8,1.6184088597241704e-7,3,-2,-13.5,138.5,Doug Shows/Marques Pettigrew/John Hampton,"Highland Heights, KY",Truist Arena,NA,7485,NA,NA,Cincinnati,made,Jizzle James,NA,FALSE,FALSE,Cincinnati,N Kentucky,FALSE
401715630,2024-11-19,N Kentucky,Cincinnati,281,2,0:25,25,25,Josh Dilling made Layup.,home,60,76,-16,22,TRUE,FALSE,6.277895561779141e-8,1.0706127736729684e-7,3,-2,-13.5,138.5,Doug Shows/Marques Pettigrew/John Hampton,"Highland Heights, KY",Truist Arena,NA,7485,NA,NA,N Kentucky,made,Josh Dilling,NA,FALSE,FALSE,N Kentucky,Cincinnati,FALSE
401715630,2024-11-19,N Kentucky,Cincinnati,282,2,0:00,0,0,End of 2nd half,NA,60,76,-16,25,FALSE,FALSE,0,0,3,-2,-13.5,138.5,Doug Shows/Marques Pettigrew/John Hampton,"Highland Heights, KY",Truist Arena,NA,7485,NA,NA,NA,NA,NA,NA,NA,NA,Cincinnati,NA,FALSE
401715630,2024-11-19,N Kentucky,Cincinnati,283,2,0:00,0,0,End of Game,NA,60,76,-16,0,FALSE,FALSE,0,0,3,-2,-13.5,138.5,Doug Shows/Marques Pettigrew/John Hampton,"Highland Heights, KY",Truist Arena,NA,7485,NA,NA,NA,NA,NA,NA,NA,NA,Cincinnati,NA,FALSE
