game_id,date,home,away,play_id,half,time_remaining_half,secs_remaining,secs_remaining_absolute,description,home_score,away_score,score_diff,play_length,win_prob,naive_win_prob,home_time_out_remaining,away_time_out_remaining,home_favored_by,shot_x,shot_y,shot_team,shot_outcome,shooter,assist,three_pt,free_throw,possession_before,possession_after
400986141,2017-12-16,Kentucky,Virginia Tech,1,1,20:00:00,2400,2400,PLAY,0,0,0,0,0.7236392944838285,0.5,4,4,6,NA,NA,NA,NA,NA,NA,NA,NA,NA,Kentucky
400986141,2017-12-16,Kentucky,Virginia Tech,2,1,20:00:00,2400,2400,Jump Ball won by Kentucky,0,0,0,0,0.7236392944838285,0.5,4,4,6,NA,NA,NA,NA,NA,NA,NA,NA,Kentucky,Kentucky
400986141,2017-12-16,Kentucky,Virginia Tech,3,1,19:50:00,2390,2390,Hamidou Diallo missed Jumper.,0,0,0,10,0.7234471544106812,0.5,4,4,6,20,83.76444444444444,Kentucky,missed,Hamidou Diallo,NA,FALSE,FALSE,Kentucky,Virginia Tech
400986141,2017-12-16,Kentucky,Virginia Tech,4,1,19:50:00,2390,2390,Kerry Blackshear Jr. Defensive Rebound.,0,0,0,0,0.7234471544106812,0.5,4,4,6,NA,NA,NA,NA,NA,NA,NA,NA,Kentucky,Virginia Tech
400986141,2017-12-16,Kentucky,Virginia Tech,5,1,19:32:00,2372,2372,Justin Robinson missed Layup.,0,0,0,18,0.7230952639298633,0.5,4,4,6,23,4.177777777777778,Virginia Tech,missed,Justin Robinson,NA,FALSE,FALSE,Virginia Tech,Kentucky
400986141,2017-12-16,Kentucky,Virginia Tech,6,1,19:32:00,2372,2372,PJ Washington Defensive Rebound.,0,0,0,0,0.7230952639298633,0.5,4,4,6,NA,NA,NA,NA,NA,NA,NA,NA,Virginia Tech,Kentucky
400986141,2017-12-16,Kentucky,Virginia Tech,7,1,19:24:00,2364,2364,Shai Gilgeous-Alexander missed Layup.,0,0,0,8,0.7229363317547431,0.5,4,4,6,23,86.89777777777778,Kentucky,missed,Shai Gilgeous-Alexander,NA,FALSE,FALSE,Kentucky,Virginia Tech
400986141,2017-12-16,Kentucky,Virginia Tech,8,1,19:24:00,2364,2364,Kerry Blackshear Jr. Defensive Rebound.,0,0,0,0,0.7229363317547431,0.5,4,4,6,NA,NA,NA,NA,NA,NA,NA,NA,Kentucky,Virginia Tech
400986141,2017-12-16,Kentucky,Virginia Tech,9,1,19:17:00,2357,2357,Justin Robinson made Layup. Assisted by Nickeil Alexander-Walker.,0,2,-2,7,0.6852765501713306,0.4550603542849654,4,4,6,24,7.311111111111111,Virginia Tech,made,Justin Robinson,Nickeil Alexander-Walker,FALSE,FALSE,Virginia Tech,Kentucky
400986141,2017-12-16,Kentucky,Virginia Tech,10,1,18:47:00,2327,2327,Nick Richards Turnover.,0,2,-2,30,0.6840459363408359,0.45440837449252225,4,4,6,NA,NA,NA,NA,NA,NA,NA,NA,Kentucky,Virginia Tech
400986141,2017-12-16,Kentucky,Virginia Tech,11,1,18:37:00,2317,2317,Kerry Blackshear Jr. missed Layup.,0,2,-2,10,0.683627655243245,0.4541886461494085,4,4,6,23,5.222222222222221,Virginia Tech,missed,Kerry Blackshear Jr.,NA,FALSE,FALSE,Virginia Tech,Kentucky
400986141,2017-12-16,Kentucky,Virginia Tech,12,1,18:37:00,2317,2317,Nick Richards Block.,0,2,-2,0,0.683627655243245,0.4541886461494085,4,4,6,NA,NA,NA,NA,NA,NA,NA,NA,Virginia Tech,Kentucky
400986141,2017-12-16,Kentucky,Virginia Tech,13,1,18:37:00,2317,2317,Nick Richards Defensive Rebound.,0,2,-2,0,0.683627655243245,0.4541886461494085,4,4,6,NA,NA,NA,NA,NA,NA,NA,NA,Virginia Tech,Kentucky
400986141,2017-12-16,Kentucky,Virginia Tech,14,1,18:30:00,2310,2310,Hamidou Diallo Turnover.,0,2,-2,7,0.6833324584465036,0.4540341708711008,4,4,6,NA,NA,NA,NA,NA,NA,NA,NA,Kentucky,Virginia Tech
400986141,2017-12-16,Kentucky,Virginia Tech,15,1,18:19:00,2299,2299,Justin Bibbs made Three Point Jumper. Assisted by Nickeil Alexander-Walker.,0,5,-5,11,0.6198511460107164,0.38617511128341414,4,4,6,7,17.755555555555556,Virginia Tech,made,Justin Bibbs,Nickeil Alexander-Walker,TRUE,FALSE,Virginia Tech,Kentucky
400986141,2017-12-16,Kentucky,Virginia Tech,16,1,17:54:00,2274,2274,Hamidou Diallo missed Layup.,0,5,-5,25,0.6178769170241545,0.3848403552569716,4,4,6,28.000000000000004,85.85333333333332,Kentucky,missed,Hamidou Diallo,NA,FALSE,FALSE,Kentucky,Kentucky
400986141,2017-12-16,Kentucky,Virginia Tech,17,1,17:54:00,2274,2274,Nick Richards Offensive Rebound.,0,5,-5,0,0.6178769170241545,0.3848403552569716,4,4,6,NA,NA,NA,NA,NA,NA,NA,NA,Kentucky,Kentucky
400986141,2017-12-16,Kentucky,Virginia Tech,18,1,17:51:00,2271,2271,Foul on Kerry Blackshear Jr..,0,5,-5,3,0.6176374843477513,0.3846793534916825,4,4,6,NA,NA,NA,NA,NA,NA,NA,NA,Kentucky,Kentucky
400986141,2017-12-16,Kentucky,Virginia Tech,19,1,17:50:00,2270,2270,Quade Green missed Three Point Jumper.,0,5,-5,1,0.6175575546965978,0.3846256491659176,4,4,6,12,68.09777777777778,Kentucky,missed,Quade Green,NA,TRUE,FALSE,Kentucky,Virginia Tech
400986141,2017-12-16,Kentucky,Virginia Tech,20,1,17:50:00,2270,2270,Chris Clarke Defensive Rebound.,0,5,-5,0,0.6175575546965978,0.3846256491659176,4,4,6,NA,NA,NA,NA,NA,NA,NA,NA,Kentucky,Virginia Tech
400986141,2017-12-16,Kentucky,Virginia Tech,21,1,17:38:00,2258,2258,Justin Robinson missed Jumper.,0,5,-5,12,0.6165937994604648,0.3839798052589381,4,4,6,26,8.355555555555556,Virginia Tech,missed,Justin Robinson,NA,FALSE,FALSE,Virginia Tech,Kentucky
400986141,2017-12-16,Kentucky,Virginia Tech,22,1,17:38:00,2258,2258,Kevin Knox Defensive Rebound.,0,5,-5,0,0.6165937994604648,0.3839798052589381,4,4,6,NA,NA,NA,NA,NA,NA,NA,NA,Virginia Tech,Kentucky
400986141,2017-12-16,Kentucky,Virginia Tech,23,1,17:28:00,2248,2248,PJ Washington missed Three Point Jumper.,0,5,-5,10,0.6157842491639891,0.3834397477862432,4,4,6,26,64.96444444444444,Kentucky,missed,PJ Washington,NA,TRUE,FALSE,Kentucky,Virginia Tech
400986141,2017-12-16,Kentucky,Virginia Tech,24,1,17:28:00,2248,2248,Chris Clarke Defensive Rebound.,0,5,-5,0,0.6157842491639891,0.3834397477862432,4,4,6,NA,NA,NA,NA,NA,NA,NA,NA,Kentucky,Virginia Tech
400986141,2017-12-16,Kentucky,Virginia Tech,25,1,17:10:00,2230,2230,Kerry Blackshear Jr. missed Three Point Jumper.,0,5,-5,18,0.6143126107917178,0.3824638294046496,4,4,6,17,25.066666666666663,Virginia Tech,missed,Kerry Blackshear Jr.,NA,TRUE,FALSE,Virginia Tech,Kentucky
400986141,2017-12-16,Kentucky,Virginia Tech,26,1,17:10:00,2230,2230,Kevin Knox Defensive Rebound.,0,5,-5,0,0.6143126107917178,0.3824638294046496,4,4,6,NA,NA,NA,NA,NA,NA,NA,NA,Virginia Tech,Kentucky
400986141,2017-12-16,Kentucky,Virginia Tech,27,1,17:02:00,2222,2222,Kevin Knox Turnover.,0,5,-5,8,0.6136526845283331,0.382028673928611,4,4,6,NA,NA,NA,NA,NA,NA,NA,NA,Kentucky,Virginia Tech
400986141,2017-12-16,Kentucky,Virginia Tech,28,1,17:02:00,2222,2222,Justin Robinson Steal.,0,5,-5,0,0.6136526845283331,0.382028673928611,4,4,6,NA,NA,NA,NA,NA,NA,NA,NA,Kentucky,Virginia Tech
400986141,2017-12-16,Kentucky,Virginia Tech,29,1,16:57:00,2217,2217,Chris Clarke Turnover.,0,5,-5,5,0.6132384243284789,0.38175630298130553,4,4,6,NA,NA,NA,NA,NA,NA,NA,NA,Virginia Tech,Kentucky
400986141,2017-12-16,Kentucky,Virginia Tech,30,1,16:57:00,2217,2217,PJ Washington Steal.,0,5,-5,0,0.6132384243284789,0.38175630298130553,4,4,6,NA,NA,NA,NA,NA,NA,NA,NA,Virginia Tech,Kentucky
400986141,2017-12-16,Kentucky,Virginia Tech,31,1,16:52:00,2212,2212,Nick Richards made Dunk. Assisted by Kevin Knox.,2,5,-3,5,0.657572611025528,0.4280152769692869,4,4,6,25,86.89777777777778,Kentucky,made,Nick Richards,Kevin Knox,FALSE,FALSE,Kentucky,Virginia Tech
400986141,2017-12-16,Kentucky,Virginia Tech,32,1,16:38:00,2198,2198,Nickeil Alexander-Walker Turnover.,2,5,-3,14,0.6567535143350658,0.4275390179287987,4,4,6,NA,NA,NA,NA,NA,NA,NA,NA,Virginia Tech,Kentucky
400986141,2017-12-16,Kentucky,Virginia Tech,33,1,16:38:00,2198,2198,Kevin Knox Steal.,2,5,-3,0,0.6567535143350658,0.4275390179287987,4,4,6,NA,NA,NA,NA,NA,NA,NA,NA,Virginia Tech,Kentucky
400986141,2017-12-16,Kentucky,Virginia Tech,34,1,16:36:00,2196,2196,Foul on Ahmed Hill.,2,5,-3,2,0.656635782919888,0.4274708663204055,4,4,6,NA,NA,NA,NA,NA,NA,NA,NA,Kentucky,Kentucky
400986141,2017-12-16,Kentucky,Virginia Tech,35,1,16:31:00,2191,2191,Quade Green made Layup.,4,5,-1,5,0.6989448925449735,0.4756131854327252,4,4,6,23,86.89777777777778,Kentucky,made,Quade Green,NA,FALSE,FALSE,Kentucky,Virginia Tech
400986141,2017-12-16,Kentucky,Virginia Tech,36,1,16:19:00,2179,2179,Justin Robinson missed Three Point Jumper.,4,5,-1,12,0.6985150267796182,0.4754739480956594,4,4,6,28,28.2,Virginia Tech,missed,Justin Robinson,NA,TRUE,FALSE,Virginia Tech,Kentucky
400986141,2017-12-16,Kentucky,Virginia Tech,37,1,16:19:00,2179,2179,Nick Richards Defensive Rebound.,4,5,-1,0,0.6985150267796182,0.4754739480956594,4,4,6,NA,NA,NA,NA,NA,NA,NA,NA,Virginia Tech,Kentucky
400986141,2017-12-16,Kentucky,Virginia Tech,38,1,16:11:00,2171,2171,Hamidou Diallo made Three Point Jumper. Assisted by Quade Green.,7,5,2,8,0.7566739504366843,0.5491190010690518,4,4,6,43,74.36444444444444,Kentucky,made,Hamidou Diallo,Quade Green,TRUE,FALSE,Kentucky,Virginia Tech
400986141,2017-12-16,Kentucky,Virginia Tech,39,1,16:01:00,2161,2161,Justin Robinson Turnover.,7,5,2,10,0.7566131086658784,0.5493502722348179,4,4,6,NA,NA,NA,NA,NA,NA,NA,NA,Virginia Tech,Kentucky
400986141,2017-12-16,Kentucky,Virginia Tech,40,1,15:52:00,2152,2152,Kevin Knox missed Three Point Jumper.,7,5,2,9,0.756556618272753,0.5495590560611426,4,4,6,12,69.14222222222222,Kentucky,missed,Kevin Knox,NA,TRUE,FALSE,Kentucky,Kentucky
400986141,2017-12-16,Kentucky,Virginia Tech,41,1,15:52:00,2152,2152,Quade Green Offensive Rebound.,7,5,2,0,0.756556618272753,0.5495590560611426,4,4,6,NA,NA,NA,NA,NA,NA,NA,NA,Kentucky,Kentucky
400986141,2017-12-16,Kentucky,Virginia Tech,42,1,15:45:00,2145,2145,Nick Richards made Dunk. Assisted by Quade Green.,9,5,4,7,0.7913687079134161,0.59846998418417,4,4,6,24,86.89777777777778,Kentucky,made,Nick Richards,Quade Green,FALSE,FALSE,Kentucky,Virginia Tech
400986141,2017-12-16,Kentucky,Virginia Tech,43,1,15:27:00,2127,2127,Nickeil Alexander-Walker missed Layup.,9,5,4,18,0.7915414784777064,0.5992862919891592,4,4,6,21.999999999999996,6.266666666666667,Virginia Tech,missed,Nickeil Alexander-Walker,NA,FALSE,FALSE,Virginia Tech,Virginia Tech
400986141,2017-12-16,Kentucky,Virginia Tech,44,1,15:27:00,2127,2127,Nick Richards Block.,9,5,4,0,0.7915414784777064,0.5992862919891592,4,4,6,NA,NA,NA,NA,NA,NA,NA,NA,Virginia Tech,Virginia Tech
400986141,2017-12-16,Kentucky,Virginia Tech,45,1,15:27:00,2127,2127,Virginia Tech Offensive Rebound.,9,5,4,0,0.7915414784777064,0.5992862919891592,4,4,6,NA,NA,NA,NA,NA,NA,NA,NA,Virginia Tech,Virginia Tech
400986141,2017-12-16,Kentucky,Virginia Tech,46,1,15:27:00,2127,2127,Official TV Timeout,9,5,4,0,0.7915414784777064,0.5992862919891592,4,4,6,NA,NA,NA,NA,NA,NA,NA,NA,Virginia Tech,Virginia Tech
400986141,2017-12-16,Kentucky,Virginia Tech,47,1,15:27:00,2127,2127,Official TV Timeout,9,5,4,0,0.7915414784777064,0.5992862919891592,4,4,6,NA,NA,NA,NA,NA,NA,NA,NA,Virginia Tech,Virginia Tech
400986141,2017-12-16,Kentucky,Virginia Tech,48,1,15:26:00,2126,2126,Ahmed Hill made Three Point Jumper. Assisted by Justin Robinson.,9,8,1,1,0.7373593237907968,0.5251463699997507,4,4,6,3,3.1333333333333333,Virginia Tech,made,Ahmed Hill,Justin Robinson,TRUE,FALSE,Virginia Tech,Kentucky
400986141,2017-12-16,Kentucky,Virginia Tech,49,1,15:09:00,2109,2109,Nick Richards missed Jumper.,9,8,1,17,0.737077339067186,0.5253478500729736,4,4,6,25,83.76444444444444,Kentucky,missed,Nick Richards,NA,FALSE,FALSE,Kentucky,Virginia Tech
400986141,2017-12-16,Kentucky,Virginia Tech,50,1,15:09:00,2109,2109,Nickeil Alexander-Walker Defensive Rebound.,9,8,1,0,0.737077339067186,0.5253478500729736,4,4,6,NA,NA,NA,NA,NA,NA,NA,NA,Kentucky,Virginia Tech
400986141,2017-12-16,Kentucky,Virginia Tech,51,1,14:49:00,2089,2089,Justin Bibbs Turnover.,9,8,1,20,0.7367371261636599,0.5255866500692816,4,4,6,NA,NA,NA,NA,NA,NA,NA,NA,Virginia Tech,Kentucky
400986141,2017-12-16,Kentucky,Virginia Tech,52,1,14:37:00,2077,2077,Shai Gilgeous-Alexander made Three Point Jumper. Assisted by Quade Green.,12,8,4,12,0.7920040074681952,0.6015813413379331,4,4,6,11,71.2311111111111,Kentucky,made,Shai Gilgeous-Alexander,Quade Green,TRUE,FALSE,Kentucky,Virginia Tech
400986141,2017-12-16,Kentucky,Virginia Tech,53,1,14:11:00,2051,2051,Ahmed Hill missed Three Point Jumper.,12,8,4,26,0.7922364913328194,0.6027927113774534,4,4,6,47,4.177777777777778,Virginia Tech,missed,Ahmed Hill,NA,TRUE,FALSE,Virginia Tech,Virginia Tech
400986141,2017-12-16,Kentucky,Virginia Tech,54,1,14:11:00,2051,2051,Nickeil Alexander-Walker Offensive Rebound.,12,8,4,0,0.7922364913328194,0.6027927113774534,4,4,6,NA,NA,NA,NA,NA,NA,NA,NA,Virginia Tech,Virginia Tech
400986141,2017-12-16,Kentucky,Virginia Tech,55,1,13:58:00,2038,2038,Justin Robinson made Three Point Jumper. Assisted by Chris Clarke.,12,11,1,13,0.735830028240242,0.5262051299966672,4,4,6,20,27.15555555555555,Virginia Tech,made,Justin Robinson,Chris Clarke,TRUE,FALSE,Virginia Tech,Kentucky
400986141,2017-12-16,Kentucky,Virginia Tech,56,1,13:37:00,2017,2017,Kevin Knox made Jumper.,14,11,3,21,0.7745731785760331,0.5788043770931707,4,4,6,31,85.85333333333332,Kentucky,made,Kevin Knox,NA,FALSE,FALSE,Kentucky,Virginia Tech
400986141,2017-12-16,Kentucky,Virginia Tech,57,1,13:15:00,1995,1995,Nickeil Alexander-Walker made Layup.,14,13,1,22,0.7350237821622482,0.5267385510467837,4,4,6,27,6.266666666666667,Virginia Tech,made,Nickeil Alexander-Walker,NA,FALSE,FALSE,Virginia Tech,Kentucky
400986141,2017-12-16,Kentucky,Virginia Tech,58,1,12:57:00,1977,1977,Foul on Nickeil Alexander-Walker.,14,13,1,18,0.7346757548437689,0.5269654408739634,4,4,6,NA,NA,NA,NA,NA,NA,NA,NA,Kentucky,Virginia Tech
400986141,2017-12-16,Kentucky,Virginia Tech,59,1,12:57:00,1977,1977,Hamidou Diallo Turnover.,14,13,1,0,0.7346757548437689,0.5269654408739634,4,4,6,NA,NA,NA,NA,NA,NA,NA,NA,Kentucky,Virginia Tech
400986141,2017-12-16,Kentucky,Virginia Tech,60,1,12:52:00,1972,1972,Ahmed Hill made Layup.,14,15,-1,5,0.690302390562137,0.4729711358747815,4,4,6,23,6.266666666666667,Virginia Tech,made,Ahmed Hill,NA,FALSE,FALSE,Virginia Tech,Kentucky
400986141,2017-12-16,Kentucky,Virginia Tech,61,1,12:52:00,1972,1972,Foul on Sacha Killeya-Jones.,14,15,-1,0,0.690302390562137,0.4729711358747815,4,4,6,NA,NA,NA,NA,NA,NA,NA,NA,Virginia Tech,Virginia Tech
400986141,2017-12-16,Kentucky,Virginia Tech,62,1,12:52:00,1972,1972,Ahmed Hill made Free Throw.,14,16,-2,0,0.6667033869138845,0.4460997810168,4,4,6,25,4.177777777777778,Virginia Tech,made,Ahmed Hill,NA,FALSE,TRUE,Virginia Tech,Kentucky
400986141,2017-12-16,Kentucky,Virginia Tech,63,1,12:39:00,1959,1959,PJ Washington made Jumper.,16,16,0,13,0.7125448056793832,0.5,4,4,6,28.999999999999996,83.76444444444444,Kentucky,made,PJ Washington,NA,FALSE,FALSE,Kentucky,Virginia Tech
400986141,2017-12-16,Kentucky,Virginia Tech,64,1,12:14:00,1934,1934,Justin Robinson made Layup. Assisted by Chris Clarke.,16,18,-2,25,0.664532651015901,0.4451325315912412,4,4,6,23,6.266666666666667,Virginia Tech,made,Justin Robinson,Chris Clarke,FALSE,FALSE,Virginia Tech,Kentucky
400986141,2017-12-16,Kentucky,Virginia Tech,65,1,11:55:00,1915,1915,PJ Washington Turnover.,16,18,-2,19,0.6634242232803836,0.4446431038436045,4,4,6,NA,NA,NA,NA,NA,NA,NA,NA,Kentucky,Virginia Tech
400986141,2017-12-16,Kentucky,Virginia Tech,66,1,11:55:00,1915,1915,Justin Bibbs Steal.,16,18,-2,0,0.6634242232803836,0.4446431038436045,4,4,6,NA,NA,NA,NA,NA,NA,NA,NA,Kentucky,Virginia Tech
400986141,2017-12-16,Kentucky,Virginia Tech,67,1,11:44:00,1904,1904,Justin Robinson Turnover.,16,18,-2,11,0.6627760429692827,0.4443602439483665,4,4,6,NA,NA,NA,NA,NA,NA,NA,NA,Virginia Tech,Kentucky
400986141,2017-12-16,Kentucky,Virginia Tech,68,1,11:44:00,1904,1904,Official TV Timeout,16,18,-2,0,0.6627760429692827,0.4443602439483665,4,4,6,NA,NA,NA,NA,NA,NA,NA,NA,Virginia Tech,Kentucky
400986141,2017-12-16,Kentucky,Virginia Tech,69,1,11:18:00,1878,1878,Hamidou Diallo missed Jumper.,16,18,-2,26,0.6612247451158539,0.44369200376080187,4,4,6,24,67.05333333333333,Kentucky,missed,Hamidou Diallo,NA,FALSE,FALSE,Kentucky,Virginia Tech
400986141,2017-12-16,Kentucky,Virginia Tech,70,1,11:18:00,1878,1878,Chris Clarke Defensive Rebound.,16,18,-2,0,0.6612247451158539,0.44369200376080187,4,4,6,NA,NA,NA,NA,NA,NA,NA,NA,Kentucky,Virginia Tech
400986141,2017-12-16,Kentucky,Virginia Tech,71,1,11:06:00,1866,1866,Foul on Sacha Killeya-Jones.,16,18,-2,12,0.6604994433376243,0.44338317287476625,4,4,6,NA,NA,NA,NA,NA,NA,NA,NA,Virginia Tech,Virginia Tech
400986141,2017-12-16,Kentucky,Virginia Tech,72,1,11:06:00,1866,1866,Kerry Blackshear Jr. made Free Throw.,16,19,-3,0,0.6345529478615146,0.41552673061945583,4,4,6,25,4.177777777777778,Virginia Tech,made,Kerry Blackshear Jr.,NA,FALSE,TRUE,Virginia Tech,Virginia Tech
400986141,2017-12-16,Kentucky,Virginia Tech,73,1,11:06:00,1866,1866,Kerry Blackshear Jr. made Free Throw.,16,20,-4,0,0.607800951948763,0.3881998319036991,4,4,6,25,4.177777777777778,Virginia Tech,made,Kerry Blackshear Jr.,NA,FALSE,TRUE,Virginia Tech,Kentucky
400986141,2017-12-16,Kentucky,Virginia Tech,74,1,10:48:00,1848,1848,Kevin Knox missed Three Point Jumper.,16,20,-4,18,0.6061834034090793,0.38730608115812526,4,4,6,11,69.14222222222222,Kentucky,missed,Kevin Knox,NA,TRUE,FALSE,Kentucky,Virginia Tech
400986141,2017-12-16,Kentucky,Virginia Tech,75,1,10:48:00,1848,1848,Ahmed Hill Defensive Rebound.,16,20,-4,0,0.6061834034090793,0.38730608115812526,4,4,6,NA,NA,NA,NA,NA,NA,NA,NA,Kentucky,Virginia Tech
400986141,2017-12-16,Kentucky,Virginia Tech,76,1,10:39:00,1839,1839,Justin Robinson missed Three Point Jumper.,16,20,-4,9,0.6053681180766661,0.38685785938456985,4,4,6,47,3.1333333333333333,Virginia Tech,missed,Justin Robinson,NA,TRUE,FALSE,Virginia Tech,Kentucky
400986141,2017-12-16,Kentucky,Virginia Tech,77,1,10:39:00,1839,1839,PJ Washington Defensive Rebound.,16,20,-4,0,0.6053681180766661,0.38685785938456985,4,4,6,NA,NA,NA,NA,NA,NA,NA,NA,Virginia Tech,Kentucky
400986141,2017-12-16,Kentucky,Virginia Tech,78,1,10:30:00,1830,1830,Hamidou Diallo missed Three Point Jumper.,16,20,-4,9,0.604548293901504,0.3864084554614844,4,4,6,41,71.2311111111111,Kentucky,missed,Hamidou Diallo,NA,TRUE,FALSE,Kentucky,Kentucky
400986141,2017-12-16,Kentucky,Virginia Tech,79,1,10:30:00,1830,1830,Kevin Knox Offensive Rebound.,16,20,-4,0,0.604548293901504,0.3864084554614844,4,4,6,NA,NA,NA,NA,NA,NA,NA,NA,Kentucky,Kentucky
400986141,2017-12-16,Kentucky,Virginia Tech,80,1,10:19:00,1819,1819,Kevin Knox missed Jumper.,16,20,-4,11,0.6035399053440746,0.3858572680583134,4,4,6,22,84.80888888888889,Kentucky,missed,Kevin Knox,NA,FALSE,FALSE,Kentucky,Virginia Tech
400986141,2017-12-16,Kentucky,Virginia Tech,81,1,10:19:00,1819,1819,Justin Robinson Defensive Rebound.,16,20,-4,0,0.6035399053440746,0.3858572680583134,4,4,6,NA,NA,NA,NA,NA,NA,NA,NA,Kentucky,Virginia Tech
400986141,2017-12-16,Kentucky,Virginia Tech,82,1,10:08:00,1808,1808,Kerry Blackshear Jr. Turnover.,16,20,-4,11,0.6025242412224795,0.3853036087007115,4,4,6,NA,NA,NA,NA,NA,NA,NA,NA,Virginia Tech,Kentucky
400986141,2017-12-16,Kentucky,Virginia Tech,83,1,10:08:00,1808,1808,Hamidou Diallo Steal.,16,20,-4,0,0.6025242412224795,0.3853036087007115,4,4,6,NA,NA,NA,NA,NA,NA,NA,NA,Virginia Tech,Kentucky
400986141,2017-12-16,Kentucky,Virginia Tech,84,1,10:01:00,1801,1801,Shai Gilgeous-Alexander made Layup. Assisted by PJ Washington.,18,20,-2,7,0.6564637891635197,0.4416926241669013,4,4,6,24,85.85333333333332,Kentucky,made,Shai Gilgeous-Alexander,PJ Washington,FALSE,FALSE,Kentucky,Virginia Tech
400986141,2017-12-16,Kentucky,Virginia Tech,85,1,09:59:00,1799,1799,Chris Clarke made Layup. Assisted by Justin Robinson.,18,22,-4,2,0.6016876407131962,0.3848485055499796,4,4,6,23,6.266666666666667,Virginia Tech,made,Chris Clarke,Justin Robinson,FALSE,FALSE,Virginia Tech,Kentucky
400986141,2017-12-16,Kentucky,Virginia Tech,86,1,09:59:00,1799,1799,Foul on Nick Richards.,18,22,-4,0,0.6016876407131962,0.3848485055499796,4,4,6,NA,NA,NA,NA,NA,NA,NA,NA,Virginia Tech,Virginia Tech
400986141,2017-12-16,Kentucky,Virginia Tech,87,1,09:59:00,1799,1799,Chris Clarke made Free Throw.,18,23,-5,0,0.5732802512823874,0.35749034102483385,4,4,6,25,4.177777777777778,Virginia Tech,made,Chris Clarke,NA,FALSE,TRUE,Virginia Tech,Kentucky
400986141,2017-12-16,Kentucky,Virginia Tech,88,1,09:46:00,1786,1786,Nick Richards made Layup. Assisted by Hamidou Diallo.,20,23,-3,13,0.6284042103867379,0.4124468372058512,4,4,6,26,86.89777777777778,Kentucky,made,Nick Richards,Hamidou Diallo,FALSE,FALSE,Kentucky,Virginia Tech
400986141,2017-12-16,Kentucky,Virginia Tech,89,1,09:35:00,1775,1775,Nickeil Alexander-Walker Turnover.,20,23,-3,11,0.6275318463541285,0.4120139757486443,4,4,6,NA,NA,NA,NA,NA,NA,NA,NA,Virginia Tech,Kentucky
400986141,2017-12-16,Kentucky,Virginia Tech,90,1,09:27:00,1767,1767,Foul on Justin Robinson.,20,23,-3,8,0.626892987513356,0.41169718104063374,4,4,6,NA,NA,NA,NA,NA,NA,NA,NA,Kentucky,Kentucky
400986141,2017-12-16,Kentucky,Virginia Tech,91,1,09:27:00,1767,1767,Hamidou Diallo missed Free Throw.,20,23,-3,0,0.626892987513356,0.41169718104063374,4,4,6,25,87.94222222222221,Kentucky,missed,Hamidou Diallo,NA,FALSE,TRUE,Kentucky,Kentucky
400986141,2017-12-16,Kentucky,Virginia Tech,92,1,09:27:00,1767,1767,Kentucky Deadball Team Rebound.,20,23,-3,0,0.626892987513356,0.41169718104063374,4,4,6,NA,NA,NA,NA,NA,NA,NA,NA,Kentucky,Kentucky
400986141,2017-12-16,Kentucky,Virginia Tech,93,1,09:27:00,1767,1767,Hamidou Diallo made Free Throw.,21,23,-2,0,0.6542775025029256,0.4407868811788135,4,4,6,25,87.94222222222221,Kentucky,made,Hamidou Diallo,NA,FALSE,TRUE,Kentucky,Kentucky
400986141,2017-12-16,Kentucky,Virginia Tech,94,1,09:17:00,1757,1757,Wenyen Gabriel made Three Point Jumper. Assisted by PJ Washington.,24,23,1,10,0.729799913230695,0.5298477571267254,4,4,6,47,87.94222222222221,Kentucky,made,Wenyen Gabriel,PJ Washington,TRUE,FALSE,Kentucky,Virginia Tech
400986141,2017-12-16,Kentucky,Virginia Tech,95,1,09:02:00,1742,1742,Justin Robinson made Layup.,24,25,-1,15,0.6793981322189563,0.4699452126315672,4,4,6,24,4.177777777777778,Virginia Tech,made,Justin Robinson,NA,FALSE,FALSE,Virginia Tech,Kentucky
400986141,2017-12-16,Kentucky,Virginia Tech,96,1,08:54:00,1734,1734,Quade Green missed Layup.,24,25,-1,8,0.6789846235448993,0.4698337147961238,4,4,6,27,86.89777777777778,Kentucky,missed,Quade Green,NA,FALSE,FALSE,Kentucky,Virginia Tech
400986141,2017-12-16,Kentucky,Virginia Tech,97,1,08:54:00,1734,1734,Devin Wilson Defensive Rebound.,24,25,-1,0,0.6789846235448993,0.4698337147961238,4,4,6,NA,NA,NA,NA,NA,NA,NA,NA,Kentucky,Virginia Tech
400986141,2017-12-16,Kentucky,Virginia Tech,98,1,08:48:00,1728,1728,Devin Wilson Turnover.,24,25,-1,6,0.6786730305637839,0.4697495661357358,4,4,6,NA,NA,NA,NA,NA,NA,NA,NA,Virginia Tech,Kentucky
400986141,2017-12-16,Kentucky,Virginia Tech,99,1,08:48:00,1728,1728,Hamidou Diallo Steal.,24,25,-1,0,0.6786730305637839,0.4697495661357358,4,4,6,NA,NA,NA,NA,NA,NA,NA,NA,Virginia Tech,Kentucky
400986141,2017-12-16,Kentucky,Virginia Tech,100,1,08:48:00,1728,1728,Foul on Hamidou Diallo.,24,25,-1,0,0.6786730305637839,0.4697495661357358,4,4,6,NA,NA,NA,NA,NA,NA,NA,NA,Virginia Tech,Virginia Tech
400986141,2017-12-16,Kentucky,Virginia Tech,101,1,08:48:00,1728,1728,Hamidou Diallo Turnover.,24,25,-1,0,0.6786730305637839,0.4697495661357358,4,4,6,NA,NA,NA,NA,NA,NA,NA,NA,Virginia Tech,Virginia Tech
400986141,2017-12-16,Kentucky,Virginia Tech,102,1,08:29:00,1709,1709,Justin Bibbs missed Three Point Jumper.,24,25,-1,19,0.6776780974671593,0.4694799226186213,4,4,6,23,27.15555555555555,Virginia Tech,missed,Justin Bibbs,NA,TRUE,FALSE,Virginia Tech,Kentucky
400986141,2017-12-16,Kentucky,Virginia Tech,103,1,08:29:00,1709,1709,Wenyen Gabriel Defensive Rebound.,24,25,-1,0,0.6776780974671593,0.4694799226186213,4,4,6,NA,NA,NA,NA,NA,NA,NA,NA,Virginia Tech,Kentucky
400986141,2017-12-16,Kentucky,Virginia Tech,104,1,08:24:00,1704,1704,Foul on Tyrie Jackson.,24,25,-1,5,0.677414205590131,0.46940811578150954,4,4,6,NA,NA,NA,NA,NA,NA,NA,NA,Kentucky,Kentucky
400986141,2017-12-16,Kentucky,Virginia Tech,105,1,08:13:00,1693,1693,Quade Green made Three Point Jumper. Assisted by PJ Washington.,27,25,2,11,0.7518913401120391,0.5612706064887766,4,4,6,41,71.2311111111111,Kentucky,made,Quade Green,PJ Washington,TRUE,FALSE,Kentucky,Virginia Tech
400986141,2017-12-16,Kentucky,Virginia Tech,106,1,08:05:00,1685,1685,Devin Wilson Turnover.,27,25,2,8,0.7517889776110218,0.5615010656287555,4,4,6,NA,NA,NA,NA,NA,NA,NA,NA,Virginia Tech,Kentucky
400986141,2017-12-16,Kentucky,Virginia Tech,107,1,07:56:00,1676,1676,Quade Green missed Three Point Jumper.,27,25,2,9,0.7516674431704928,0.5617573137871905,4,4,6,18,67.05333333333333,Kentucky,missed,Quade Green,NA,TRUE,FALSE,Kentucky,Kentucky
400986141,2017-12-16,Kentucky,Virginia Tech,108,1,07:56:00,1676,1676,Kevin Knox Offensive Rebound.,27,25,2,0,0.7516674431704928,0.5617573137871905,4,4,6,NA,NA,NA,NA,NA,NA,NA,NA,Kentucky,Kentucky
400986141,2017-12-16,Kentucky,Virginia Tech,109,1,07:50:00,1670,1670,Foul on Devin Wilson.,27,25,2,6,0.7515826021185533,0.5619263222591258,4,4,6,NA,NA,NA,NA,NA,NA,NA,NA,Kentucky,Kentucky
400986141,2017-12-16,Kentucky,Virginia Tech,110,1,07:50:00,1670,1670,Official TV Timeout,27,25,2,0,0.7515826021185533,0.5619263222591258,4,4,6,NA,NA,NA,NA,NA,NA,NA,NA,Kentucky,Kentucky
400986141,2017-12-16,Kentucky,Virginia Tech,111,1,07:50:00,1670,1670,Kevin Knox missed Free Throw.,27,25,2,0,0.7515826021185533,0.5619263222591258,4,4,6,25,87.94222222222221,Kentucky,missed,Kevin Knox,NA,FALSE,TRUE,Kentucky,Kentucky
400986141,2017-12-16,Kentucky,Virginia Tech,112,1,07:50:00,1670,1670,Kentucky Deadball Team Rebound.,27,25,2,0,0.7515826021185533,0.5619263222591258,4,4,6,NA,NA,NA,NA,NA,NA,NA,NA,Kentucky,Kentucky
400986141,2017-12-16,Kentucky,Virginia Tech,113,1,07:50:00,1670,1670,Kevin Knox made Free Throw.,28,25,3,0,0.7740919397028481,0.5922985014522978,4,4,6,25,87.94222222222221,Kentucky,made,Kevin Knox,NA,FALSE,TRUE,Kentucky,Virginia Tech
400986141,2017-12-16,Kentucky,Virginia Tech,114,1,07:43:00,1663,1663,Ahmed Hill made Three Point Jumper. Assisted by Justin Robinson.,28,28,0,7,0.7019797978209812,0.5,4,4,6,1.25,3.1333333333333333,Virginia Tech,made,Ahmed Hill,Justin Robinson,TRUE,FALSE,Virginia Tech,Kentucky
400986141,2017-12-16,Kentucky,Virginia Tech,115,1,07:29:00,1649,1649,Quade Green missed Jumper.,28,28,0,14,0.7014091993307097,0.5,4,4,6,39,85.85333333333332,Kentucky,missed,Quade Green,NA,FALSE,FALSE,Kentucky,Virginia Tech
400986141,2017-12-16,Kentucky,Virginia Tech,116,1,07:29:00,1649,1649,Chris Clarke Defensive Rebound.,28,28,0,0,0.7014091993307097,0.5,4,4,6,NA,NA,NA,NA,NA,NA,NA,NA,Kentucky,Virginia Tech
400986141,2017-12-16,Kentucky,Virginia Tech,117,1,07:19:00,1639,1639,Chris Clarke made Layup.,28,30,-2,10,0.6455611822816836,0.4372189225889159,4,4,6,21.999999999999996,6.266666666666667,Virginia Tech,made,Chris Clarke,NA,FALSE,FALSE,Virginia Tech,Kentucky
400986141,2017-12-16,Kentucky,Virginia Tech,118,1,07:19:00,1639,1639,Foul on Kevin Knox.,28,30,-2,0,0.6455611822816836,0.4372189225889159,4,4,6,NA,NA,NA,NA,NA,NA,NA,NA,Virginia Tech,Virginia Tech
400986141,2017-12-16,Kentucky,Virginia Tech,119,1,07:19:00,1639,1639,Chris Clarke missed Free Throw.,28,30,-2,0,0.6455611822816836,0.4372189225889159,4,4,6,25,4.177777777777778,Virginia Tech,missed,Chris Clarke,NA,FALSE,TRUE,Virginia Tech,Kentucky
400986141,2017-12-16,Kentucky,Virginia Tech,120,1,07:19:00,1639,1639,Sacha Killeya-Jones Defensive Rebound.,28,30,-2,0,0.6455611822816836,0.4372189225889159,4,4,6,NA,NA,NA,NA,NA,NA,NA,NA,Virginia Tech,Kentucky
400986141,2017-12-16,Kentucky,Virginia Tech,121,1,07:06:00,1626,1626,Wenyen Gabriel Turnover.,28,30,-2,13,0.6446378639341432,0.4368670883143523,4,4,6,NA,NA,NA,NA,NA,NA,NA,NA,Kentucky,Virginia Tech
400986141,2017-12-16,Kentucky,Virginia Tech,122,1,06:52:00,1612,1612,Chris Clarke made Layup.,28,32,-4,14,0.5831606611588552,0.3749979048381483,4,4,6,23,6.266666666666667,Virginia Tech,made,Chris Clarke,NA,FALSE,FALSE,Virginia Tech,Kentucky
400986141,2017-12-16,Kentucky,Virginia Tech,123,1,06:33:00,1593,1593,Quade Green made Three Point Jumper.,31,32,-1,19,0.671271033194088,0.4678581917652267,4,4,6,39,69.14222222222222,Kentucky,made,Quade Green,NA,TRUE,FALSE,Kentucky,Virginia Tech
400986141,2017-12-16,Kentucky,Virginia Tech,124,1,06:13:00,1573,1573,Ahmed Hill Turnover.,31,32,-1,20,0.6701067790761283,0.46758554427247856,4,4,6,NA,NA,NA,NA,NA,NA,NA,NA,Virginia Tech,Kentucky
400986141,2017-12-16,Kentucky,Virginia Tech,125,1,05:58:00,1558,1558,PJ Washington missed Jumper.,31,32,-1,15,0.6692234897514187,0.4673790215152715,4,4,6,25,83.76444444444444,Kentucky,missed,PJ Washington,NA,FALSE,FALSE,Kentucky,Kentucky
400986141,2017-12-16,Kentucky,Virginia Tech,126,1,05:58:00,1558,1558,Hamidou Diallo Offensive Rebound.,31,32,-1,0,0.6692234897514187,0.4673790215152715,4,4,6,NA,NA,NA,NA,NA,NA,NA,NA,Kentucky,Kentucky
400986141,2017-12-16,Kentucky,Virginia Tech,127,1,05:50:00,1550,1550,Kevin Knox made Three Point Jumper. Assisted by Shai Gilgeous-Alexander.,34,32,2,8,0.7494876144774304,0.5651850433741029,4,4,6,4,81.67555555555555,Kentucky,made,Kevin Knox,Shai Gilgeous-Alexander,TRUE,FALSE,Kentucky,Virginia Tech
400986141,2017-12-16,Kentucky,Virginia Tech,128,1,05:31:00,1531,1531,Kerry Blackshear Jr. missed Layup.,34,32,2,19,0.7491322793245968,0.5657144124175519,4,4,6,23,6.266666666666667,Virginia Tech,missed,Kerry Blackshear Jr.,NA,FALSE,FALSE,Virginia Tech,Kentucky
400986141,2017-12-16,Kentucky,Virginia Tech,129,1,05:31:00,1531,1531,Hamidou Diallo Defensive Rebound.,34,32,2,0,0.7491322793245968,0.5657144124175519,4,4,6,NA,NA,NA,NA,NA,NA,NA,NA,Virginia Tech,Kentucky
400986141,2017-12-16,Kentucky,Virginia Tech,130,1,05:22:00,1522,1522,Hamidou Diallo made Three Point Jumper. Assisted by Kevin Knox.,37,32,5,9,0.8162652603258004,0.6600611204555759,4,4,6,21,64.96444444444444,Kentucky,made,Hamidou Diallo,Kevin Knox,TRUE,FALSE,Kentucky,Virginia Tech
400986141,2017-12-16,Kentucky,Virginia Tech,131,1,05:07:00,1507,1507,Virginia Tech  Timeout,37,32,5,15,0.8164457729204635,0.6610508845398795,3,4,6,NA,NA,NA,NA,NA,NA,NA,NA,Virginia Tech,Virginia Tech
400986141,2017-12-16,Kentucky,Virginia Tech,132,1,04:59:00,1499,1499,Ahmed Hill made Three Point Jumper. Assisted by Justin Robinson.,37,35,2,8,0.7485529599368146,0.5666394277196649,3,4,6,15,24.02222222222222,Virginia Tech,made,Ahmed Hill,Justin Robinson,TRUE,FALSE,Virginia Tech,Kentucky
400986141,2017-12-16,Kentucky,Virginia Tech,133,1,04:41:00,1481,1481,Quade Green missed Jumper.,37,35,2,18,0.7482452239252582,0.5671837756649672,3,4,6,20,72.27555555555554,Kentucky,missed,Quade Green,NA,FALSE,FALSE,Kentucky,Virginia Tech
400986141,2017-12-16,Kentucky,Virginia Tech,134,1,04:41:00,1481,1481,Justin Robinson Defensive Rebound.,37,35,2,0,0.7482452239252582,0.5671837756649672,3,4,6,NA,NA,NA,NA,NA,NA,NA,NA,Kentucky,Virginia Tech
400986141,2017-12-16,Kentucky,Virginia Tech,135,1,04:24:00,1464,1464,Justin Robinson missed Layup.,37,35,2,17,0.7479714520322467,0.5677173440047343,3,4,6,23,4.177777777777778,Virginia Tech,missed,Justin Robinson,NA,FALSE,FALSE,Virginia Tech,Virginia Tech
400986141,2017-12-16,Kentucky,Virginia Tech,136,1,04:24:00,1464,1464,Nick Richards Block.,37,35,2,0,0.7479714520322467,0.5677173440047343,3,4,6,NA,NA,NA,NA,NA,NA,NA,NA,Virginia Tech,Virginia Tech
400986141,2017-12-16,Kentucky,Virginia Tech,137,1,04:24:00,1464,1464,Justin Robinson Offensive Rebound.,37,35,2,0,0.7479714520322467,0.5677173440047343,3,4,6,NA,NA,NA,NA,NA,NA,NA,NA,Virginia Tech,Virginia Tech
400986141,2017-12-16,Kentucky,Virginia Tech,138,1,04:10:00,1450,1450,Justin Bibbs made Jumper.,37,37,0,14,0.6926005868061091,0.5,3,4,6,24,9.4,Virginia Tech,made,Justin Bibbs,NA,FALSE,FALSE,Virginia Tech,Kentucky
400986141,2017-12-16,Kentucky,Virginia Tech,139,1,03:51:00,1431,1431,Quade Green made Jumper.,39,37,2,19,0.7474684042491889,0.5687886775542065,3,4,6,25,83.76444444444444,Kentucky,made,Quade Green,NA,FALSE,FALSE,Kentucky,Virginia Tech
400986141,2017-12-16,Kentucky,Virginia Tech,140,1,03:25:00,1405,1405,Nickeil Alexander-Walker made Layup.,39,39,0,26,0.6905260825501726,0.5,3,4,6,23,6.266666666666667,Virginia Tech,made,Nickeil Alexander-Walker,NA,FALSE,FALSE,Virginia Tech,Kentucky
400986141,2017-12-16,Kentucky,Virginia Tech,141,1,03:09:00,1389,1389,Nick Richards missed Jumper.,39,39,0,16,0.6897689910477267,0.5,3,4,6,21,82.72,Kentucky,missed,Nick Richards,NA,FALSE,FALSE,Kentucky,Virginia Tech
400986141,2017-12-16,Kentucky,Virginia Tech,142,1,03:09:00,1389,1389,Kerry Blackshear Jr. Defensive Rebound.,39,39,0,0,0.6897689910477267,0.5,3,4,6,NA,NA,NA,NA,NA,NA,NA,NA,Kentucky,Virginia Tech
400986141,2017-12-16,Kentucky,Virginia Tech,143,1,02:47:00,1367,1367,Kerry Blackshear Jr. made Three Point Jumper. Assisted by Justin Robinson.,39,42,-3,22,0.5906827208320016,0.39476500218726407,3,4,6,32,27.15555555555555,Virginia Tech,made,Kerry Blackshear Jr.,Justin Robinson,TRUE,FALSE,Virginia Tech,Kentucky
400986141,2017-12-16,Kentucky,Virginia Tech,144,1,02:12:00,1332,1332,Quade Green Turnover.,39,42,-3,35,0.5871934746059037,0.39322003211097584,3,4,6,NA,NA,NA,NA,NA,NA,NA,NA,Kentucky,Virginia Tech
400986141,2017-12-16,Kentucky,Virginia Tech,145,1,02:12:00,1332,1332,Official TV Timeout,39,42,-3,0,0.5871934746059037,0.39322003211097584,3,4,6,NA,NA,NA,NA,NA,NA,NA,NA,Kentucky,Virginia Tech
400986141,2017-12-16,Kentucky,Virginia Tech,146,1,01:50:00,1310,1310,Justin Bibbs made Three Point Jumper. Assisted by Kerry Blackshear Jr..,39,45,-6,22,0.4763066675434795,0.2940122568175611,3,4,6,47,5.222222222222221,Virginia Tech,made,Justin Bibbs,Kerry Blackshear Jr.,TRUE,FALSE,Virginia Tech,Kentucky
400986141,2017-12-16,Kentucky,Virginia Tech,147,1,01:30:00,1290,1290,Wenyen Gabriel missed Jumper.,39,45,-6,20,0.47318584447439105,0.29237225004614464,3,4,6,15,84.80888888888889,Kentucky,missed,Wenyen Gabriel,NA,FALSE,FALSE,Kentucky,Virginia Tech
400986141,2017-12-16,Kentucky,Virginia Tech,148,1,01:30:00,1290,1290,Kerry Blackshear Jr. Defensive Rebound.,39,45,-6,0,0.47318584447439105,0.29237225004614464,3,4,6,NA,NA,NA,NA,NA,NA,NA,NA,Kentucky,Virginia Tech
400986141,2017-12-16,Kentucky,Virginia Tech,149,1,01:09:00,1269,1269,Kerry Blackshear Jr. made Layup.,39,47,-8,21,0.3968869801899834,0.23323331446517573,3,4,6,23,6.266666666666667,Virginia Tech,made,Kerry Blackshear Jr.,NA,FALSE,FALSE,Virginia Tech,Kentucky
400986141,2017-12-16,Kentucky,Virginia Tech,150,1,01:06:00,1266,1266,Kentucky  Timeout,39,47,-8,3,0.3963112561982503,0.2329269055683008,3,3,6,NA,NA,NA,NA,NA,NA,NA,NA,Kentucky,Kentucky
400986141,2017-12-16,Kentucky,Virginia Tech,151,1,00:51:00,1251,1251,Hamidou Diallo missed Layup.,39,47,-8,15,0.39338265447431664,0.23135831409426133,3,3,6,27,85.85333333333332,Kentucky,missed,Hamidou Diallo,NA,FALSE,FALSE,Kentucky,Virginia Tech
400986141,2017-12-16,Kentucky,Virginia Tech,152,1,00:51:00,1251,1251,Virginia Tech Deadball Team Rebound.,39,47,-8,0,0.39338265447431664,0.23135831409426133,3,3,6,NA,NA,NA,NA,NA,NA,NA,NA,Kentucky,Virginia Tech
400986141,2017-12-16,Kentucky,Virginia Tech,153,1,00:49:00,1249,1249,Foul on Hamidou Diallo.,39,47,-8,2,0.3929855164801905,0.23114428187047792,3,3,6,NA,NA,NA,NA,NA,NA,NA,NA,Virginia Tech,Virginia Tech
400986141,2017-12-16,Kentucky,Virginia Tech,154,1,00:34:00,1234,1234,Ahmed Hill Turnover.,39,47,-8,15,0.38995272656724794,0.22949903062055824,3,3,6,NA,NA,NA,NA,NA,NA,NA,NA,Virginia Tech,Kentucky
400986141,2017-12-16,Kentucky,Virginia Tech,155,1,00:34:00,1234,1234,Shai Gilgeous-Alexander Steal.,39,47,-8,0,0.38995272656724794,0.22949903062055824,3,3,6,NA,NA,NA,NA,NA,NA,NA,NA,Virginia Tech,Kentucky
400986141,2017-12-16,Kentucky,Virginia Tech,156,1,00:09:00,1209,1209,Shai Gilgeous-Alexander made Layup.,41,47,-6,25,0.4593716438843996,0.284799459761886,3,3,6,23,86.89777777777778,Kentucky,made,Shai Gilgeous-Alexander,NA,FALSE,FALSE,Kentucky,Virginia Tech
400986141,2017-12-16,Kentucky,Virginia Tech,157,1,00:00:00,1200,1200,End of 1st half,41,47,-6,9,0.4577203792677418,0.28386293076294067,3,3,6,NA,NA,NA,NA,NA,NA,NA,NA,Virginia Tech,NA
400986141,2017-12-16,Kentucky,Virginia Tech,158,2,20:00:00,1200,1200,PLAY,41,47,-6,0,0.4577203792677418,0.28386293076294067,4,4,6,NA,NA,NA,NA,NA,NA,NA,NA,NA,Virginia Tech
400986141,2017-12-16,Kentucky,Virginia Tech,159,2,20:00:00,1200,1200,Jump Ball won by Virginia Tech,41,47,-6,0,0.4577203792677418,0.28386293076294067,4,4,6,NA,NA,NA,NA,NA,NA,NA,NA,Virginia Tech,Virginia Tech
400986141,2017-12-16,Kentucky,Virginia Tech,160,2,19:54:00,1194,1194,Justin Robinson made Layup. Assisted by Kerry Blackshear Jr..,41,49,-8,6,0.381455943798597,0.2248070094133311,4,4,6,25,6.266666666666667,Virginia Tech,made,Justin Robinson,Kerry Blackshear Jr.,FALSE,FALSE,Virginia Tech,Kentucky
400986141,2017-12-16,Kentucky,Virginia Tech,161,2,19:38:00,1178,1178,Kevin Knox made Jumper.,43,49,-6,16,0.4537766058144704,0.28164609958719,4,4,6,26,83.76444444444444,Kentucky,made,Kevin Knox,NA,FALSE,FALSE,Kentucky,Virginia Tech
400986141,2017-12-16,Kentucky,Virginia Tech,162,2,19:38:00,1178,1178,Foul on Kerry Blackshear Jr..,43,49,-6,0,0.4537766058144704,0.28164609958719,4,4,6,NA,NA,NA,NA,NA,NA,NA,NA,Kentucky,Virginia Tech
400986141,2017-12-16,Kentucky,Virginia Tech,163,2,19:38:00,1178,1178,Kevin Knox made Free Throw.,44,49,-5,0,0.49265773241713745,0.3142640273138082,4,4,6,25,87.94222222222221,Kentucky,made,Kevin Knox,NA,FALSE,TRUE,Kentucky,Virginia Tech
400986141,2017-12-16,Kentucky,Virginia Tech,164,2,19:13:00,1153,1153,Ahmed Hill missed Layup.,44,49,-5,25,0.4887490208432135,0.3121039013488485,4,4,6,21.999999999999996,7.311111111111111,Virginia Tech,missed,Ahmed Hill,NA,FALSE,FALSE,Virginia Tech,Kentucky
400986141,2017-12-16,Kentucky,Virginia Tech,165,2,19:13:00,1153,1153,Kentucky Deadball Team Rebound.,44,49,-5,0,0.4887490208432135,0.3121039013488485,4,4,6,NA,NA,NA,NA,NA,NA,NA,NA,Virginia Tech,Kentucky
400986141,2017-12-16,Kentucky,Virginia Tech,166,2,19:13:00,1153,1153,Foul on Kerry Blackshear Jr..,44,49,-5,0,0.4887490208432135,0.3121039013488485,4,4,6,NA,NA,NA,NA,NA,NA,NA,NA,Kentucky,Kentucky
400986141,2017-12-16,Kentucky,Virginia Tech,167,2,18:59:00,1139,1139,Kevin Knox missed Layup.,44,49,-5,14,0.4865810248811018,0.3109122791039413,4,4,6,28.000000000000004,86.89777777777778,Kentucky,missed,Kevin Knox,NA,FALSE,FALSE,Kentucky,Virginia Tech
400986141,2017-12-16,Kentucky,Virginia Tech,168,2,18:59:00,1139,1139,Nickeil Alexander-Walker Defensive Rebound.,44,49,-5,0,0.4865810248811018,0.3109122791039413,4,4,6,NA,NA,NA,NA,NA,NA,NA,NA,Kentucky,Virginia Tech
400986141,2017-12-16,Kentucky,Virginia Tech,169,2,18:43:00,1123,1123,Justin Robinson missed Three Point Jumper.,44,49,-5,16,0.48410502018823337,0.3095533593147086,4,4,6,26,28.2,Virginia Tech,missed,Justin Robinson,NA,TRUE,FALSE,Virginia Tech,Virginia Tech
400986141,2017-12-16,Kentucky,Virginia Tech,170,2,18:43:00,1123,1123,Chris Clarke Offensive Rebound.,44,49,-5,0,0.48410502018823337,0.3095533593147086,4,4,6,NA,NA,NA,NA,NA,NA,NA,NA,Virginia Tech,Virginia Tech
400986141,2017-12-16,Kentucky,Virginia Tech,171,2,18:35:00,1115,1115,Ahmed Hill made Layup.,44,51,-7,8,0.4035404814424446,0.24461160207405225,4,4,6,25,7.311111111111111,Virginia Tech,made,Ahmed Hill,NA,FALSE,FALSE,Virginia Tech,Kentucky
400986141,2017-12-16,Kentucky,Virginia Tech,172,2,18:17:00,1097,1097,Hamidou Diallo missed Three Point Jumper.,44,51,-7,18,0.400130295666579,0.24273635676182495,4,4,6,47,88.98666666666666,Kentucky,missed,Hamidou Diallo,NA,TRUE,FALSE,Kentucky,Virginia Tech
400986141,2017-12-16,Kentucky,Virginia Tech,173,2,18:17:00,1097,1097,Chris Clarke Defensive Rebound.,44,51,-7,0,0.400130295666579,0.24273635676182495,4,4,6,NA,NA,NA,NA,NA,NA,NA,NA,Kentucky,Virginia Tech
400986141,2017-12-16,Kentucky,Virginia Tech,174,2,18:03:00,1083,1083,Justin Bibbs missed Three Point Jumper.,44,51,-7,14,0.39744103042560747,0.24125309406264156,4,4,6,31,26.11111111111111,Virginia Tech,missed,Justin Bibbs,NA,TRUE,FALSE,Virginia Tech,Kentucky
400986141,2017-12-16,Kentucky,Virginia Tech,175,2,18:03:00,1083,1083,Kevin Knox Defensive Rebound.,44,51,-7,0,0.39744103042560747,0.24125309406264156,4,4,6,NA,NA,NA,NA,NA,NA,NA,NA,Virginia Tech,Kentucky
400986141,2017-12-16,Kentucky,Virginia Tech,176,2,17:52:00,1072,1072,Kevin Knox made Three Point Jumper. Assisted by Nick Richards.,47,51,-4,11,0.5171797770147135,0.3410839114632948,4,4,6,36,67.05333333333333,Kentucky,made,Kevin Knox,Nick Richards,TRUE,FALSE,Kentucky,Virginia Tech
400986141,2017-12-16,Kentucky,Virginia Tech,177,2,17:20:00,1040,1040,Nickeil Alexander-Walker missed Three Point Jumper.,47,51,-4,32,0.5125335776565197,0.3385371262733652,4,4,6,19,26.11111111111111,Virginia Tech,missed,Nickeil Alexander-Walker,NA,TRUE,FALSE,Virginia Tech,Kentucky
400986141,2017-12-16,Kentucky,Virginia Tech,178,2,17:20:00,1040,1040,Hamidou Diallo Defensive Rebound.,47,51,-4,0,0.5125335776565197,0.3385371262733652,4,4,6,NA,NA,NA,NA,NA,NA,NA,NA,Virginia Tech,Kentucky
400986141,2017-12-16,Kentucky,Virginia Tech,179,2,17:08:00,1028,1028,Kevin Knox Turnover.,47,51,-4,12,0.510716109731755,0.3375252320433732,4,4,6,NA,NA,NA,NA,NA,NA,NA,NA,Kentucky,Virginia Tech
400986141,2017-12-16,Kentucky,Virginia Tech,180,2,16:50:00,1010,1010,Chris Clarke missed Three Point Jumper.,47,51,-4,18,0.5078956664237959,0.3359361238321854,4,4,6,25,27.15555555555555,Virginia Tech,missed,Chris Clarke,NA,TRUE,FALSE,Virginia Tech,Kentucky
400986141,2017-12-16,Kentucky,Virginia Tech,181,2,16:50:00,1010,1010,Nick Richards Defensive Rebound.,47,51,-4,0,0.5078956664237959,0.3359361238321854,4,4,6,NA,NA,NA,NA,NA,NA,NA,NA,Virginia Tech,Kentucky
400986141,2017-12-16,Kentucky,Virginia Tech,182,2,16:41:00,1001,1001,Kevin Knox made Layup. Assisted by Quade Green.,49,51,-2,9,0.5910589260346094,0.41518029092662345,4,4,6,23,85.85333333333332,Kentucky,made,Kevin Knox,Quade Green,FALSE,FALSE,Kentucky,Virginia Tech
400986141,2017-12-16,Kentucky,Virginia Tech,183,2,16:41:00,1001,1001,Foul on Justin Bibbs.,49,51,-2,0,0.5910589260346094,0.41518029092662345,4,4,6,NA,NA,NA,NA,NA,NA,NA,NA,Kentucky,Virginia Tech
400986141,2017-12-16,Kentucky,Virginia Tech,184,2,16:41:00,1001,1001,Kevin Knox made Free Throw.,50,51,-1,0,0.631728673235277,0.45728056194133654,4,4,6,25,87.94222222222221,Kentucky,made,Kevin Knox,NA,FALSE,TRUE,Kentucky,Virginia Tech
400986141,2017-12-16,Kentucky,Virginia Tech,185,2,16:32:00,992,992,Nickeil Alexander-Walker Turnover.,50,51,-1,9,0.6310107012089304,0.4570419578989788,4,4,6,NA,NA,NA,NA,NA,NA,NA,NA,Virginia Tech,Kentucky
400986141,2017-12-16,Kentucky,Virginia Tech,186,2,16:28:00,988,988,PJ Washington made Dunk. Assisted by Hamidou Diallo.,52,51,1,4,0.7069376883042081,0.543066634846346,4,4,6,25,86.89777777777778,Kentucky,made,PJ Washington,Hamidou Diallo,FALSE,FALSE,Kentucky,Virginia Tech
400986141,2017-12-16,Kentucky,Virginia Tech,187,2,16:13:00,973,973,Justin Bibbs Turnover.,52,51,1,15,0.7065458199816864,0.5434887119104338,4,4,6,NA,NA,NA,NA,NA,NA,NA,NA,Virginia Tech,Kentucky
400986141,2017-12-16,Kentucky,Virginia Tech,188,2,16:13:00,973,973,Hamidou Diallo Steal.,52,51,1,0,0.7065458199816864,0.5434887119104338,4,4,6,NA,NA,NA,NA,NA,NA,NA,NA,Virginia Tech,Kentucky
400986141,2017-12-16,Kentucky,Virginia Tech,189,2,16:13:00,973,973,Foul on Justin Bibbs.,52,51,1,0,0.7065458199816864,0.5434887119104338,4,4,6,NA,NA,NA,NA,NA,NA,NA,NA,Kentucky,Kentucky
400986141,2017-12-16,Kentucky,Virginia Tech,190,2,16:06:00,966,966,Kevin Knox made Jumper.,54,51,3,7,0.7735083127252855,0.6284663313251715,4,4,6,17,77.49777777777777,Kentucky,made,Kevin Knox,NA,FALSE,FALSE,Kentucky,Virginia Tech
400986141,2017-12-16,Kentucky,Virginia Tech,191,2,15:48:00,948,948,Foul on Nick Richards.,54,51,3,18,0.7738155401410372,0.6298482705685766,4,4,6,NA,NA,NA,NA,NA,NA,NA,NA,Virginia Tech,Virginia Tech
400986141,2017-12-16,Kentucky,Virginia Tech,192,2,15:48:00,948,948,Official TV Timeout,54,51,3,0,0.7738155401410372,0.6298482705685766,4,4,6,NA,NA,NA,NA,NA,NA,NA,NA,Virginia Tech,Virginia Tech
400986141,2017-12-16,Kentucky,Virginia Tech,193,2,15:48:00,948,948,Chris Clarke missed Free Throw.,54,51,3,0,0.7738155401410372,0.6298482705685766,4,4,6,25,4.177777777777778,Virginia Tech,missed,Chris Clarke,NA,FALSE,TRUE,Virginia Tech,Virginia Tech
400986141,2017-12-16,Kentucky,Virginia Tech,194,2,15:48:00,948,948,Virginia Tech Deadball Team Rebound.,54,51,3,0,0.7738155401410372,0.6298482705685766,4,4,6,NA,NA,NA,NA,NA,NA,NA,NA,Virginia Tech,Virginia Tech
400986141,2017-12-16,Kentucky,Virginia Tech,195,2,15:48:00,948,948,Chris Clarke made Free Throw.,54,52,2,0,0.7413110656881419,0.587678658581135,4,4,6,25,4.177777777777778,Virginia Tech,made,Chris Clarke,NA,FALSE,TRUE,Virginia Tech,Kentucky
400986141,2017-12-16,Kentucky,Virginia Tech,196,2,15:19:00,919,919,PJ Washington missed Layup.,54,52,2,29,0.7411968689647974,0.589054803217887,4,4,6,27,85.85333333333332,Kentucky,missed,PJ Washington,NA,FALSE,FALSE,Kentucky,Virginia Tech
400986141,2017-12-16,Kentucky,Virginia Tech,197,2,15:19:00,919,919,Chris Clarke Defensive Rebound.,54,52,2,0,0.7411968689647974,0.589054803217887,4,4,6,NA,NA,NA,NA,NA,NA,NA,NA,Kentucky,Virginia Tech
400986141,2017-12-16,Kentucky,Virginia Tech,198,2,15:13:00,913,913,Foul on Chris Clarke.,54,52,2,6,0.7411687775331722,0.5893212201563098,4,4,6,NA,NA,NA,NA,NA,NA,NA,NA,Kentucky,Kentucky
400986141,2017-12-16,Kentucky,Virginia Tech,199,2,15:13:00,913,913,Chris Clarke Turnover.,54,52,2,0,0.7411687775331722,0.5893212201563098,4,4,6,NA,NA,NA,NA,NA,NA,NA,NA,Virginia Tech,Kentucky
400986141,2017-12-16,Kentucky,Virginia Tech,200,2,15:07:00,907,907,PJ Washington missed Jumper.,54,52,2,6,0.7411398627624586,0.5895832830568589,4,4,6,28.000000000000004,84.80888888888889,Kentucky,missed,PJ Washington,NA,FALSE,FALSE,Kentucky,Virginia Tech
400986141,2017-12-16,Kentucky,Virginia Tech,201,2,15:07:00,907,907,Nickeil Alexander-Walker Defensive Rebound.,54,52,2,0,0.7411398627624586,0.5895832830568589,4,4,6,NA,NA,NA,NA,NA,NA,NA,NA,Kentucky,Virginia Tech
400986141,2017-12-16,Kentucky,Virginia Tech,202,2,14:59:00,899,899,Justin Bibbs made Layup.,54,54,0,8,0.6655288683953425,0.5,4,4,6,27,5.222222222222221,Virginia Tech,made,Justin Bibbs,NA,FALSE,FALSE,Virginia Tech,Kentucky
400986141,2017-12-16,Kentucky,Virginia Tech,203,2,14:49:00,889,889,Quade Green missed Three Point Jumper.,54,54,0,10,0.6650809863693719,0.5,4,4,6,43,73.32,Kentucky,missed,Quade Green,NA,TRUE,FALSE,Kentucky,Kentucky
400986141,2017-12-16,Kentucky,Virginia Tech,204,2,14:49:00,889,889,Nick Richards Offensive Rebound.,54,54,0,0,0.6650809863693719,0.5,4,4,6,NA,NA,NA,NA,NA,NA,NA,NA,Kentucky,Kentucky
400986141,2017-12-16,Kentucky,Virginia Tech,205,2,14:41:00,881,881,Foul on Chris Clarke.,54,54,0,8,0.6647252743787971,0.5,4,4,6,NA,NA,NA,NA,NA,NA,NA,NA,Kentucky,Kentucky
400986141,2017-12-16,Kentucky,Virginia Tech,206,2,14:34:00,874,874,Hamidou Diallo missed Three Point Jumper.,54,54,0,7,0.6644150854699798,0.5,4,4,6,3,87.94222222222221,Kentucky,missed,Hamidou Diallo,NA,TRUE,FALSE,Kentucky,Kentucky
400986141,2017-12-16,Kentucky,Virginia Tech,207,2,14:34:00,874,874,Nick Richards Offensive Rebound.,54,54,0,0,0.6644150854699798,0.5,4,4,6,NA,NA,NA,NA,NA,NA,NA,NA,Kentucky,Kentucky
400986141,2017-12-16,Kentucky,Virginia Tech,208,2,14:27:00,867,867,Foul on Devin Wilson.,54,54,0,7,0.6641052001471479,0.5,4,4,6,NA,NA,NA,NA,NA,NA,NA,NA,Kentucky,Kentucky
400986141,2017-12-16,Kentucky,Virginia Tech,209,2,14:27:00,867,867,Nick Richards missed Free Throw.,54,54,0,0,0.6641052001471479,0.5,4,4,6,25,87.94222222222221,Kentucky,missed,Nick Richards,NA,FALSE,TRUE,Kentucky,Kentucky
400986141,2017-12-16,Kentucky,Virginia Tech,210,2,14:27:00,867,867,Kentucky Deadball Team Rebound.,54,54,0,0,0.6641052001471479,0.5,4,4,6,NA,NA,NA,NA,NA,NA,NA,NA,Kentucky,Kentucky
400986141,2017-12-16,Kentucky,Virginia Tech,211,2,14:27:00,867,867,Nick Richards missed Free Throw.,54,54,0,0,0.6641052001471479,0.5,4,4,6,25,87.94222222222221,Kentucky,missed,Nick Richards,NA,FALSE,TRUE,Kentucky,Kentucky
400986141,2017-12-16,Kentucky,Virginia Tech,212,2,14:27:00,867,867,Justin Bibbs Defensive Rebound.,54,54,0,0,0.6641052001471479,0.5,4,4,6,NA,NA,NA,NA,NA,NA,NA,NA,Kentucky,Kentucky
400986141,2017-12-16,Kentucky,Virginia Tech,213,2,14:02:00,842,842,Foul on Shai Gilgeous-Alexander.,54,54,0,25,0.662991003350646,0.5,4,4,6,NA,NA,NA,NA,NA,NA,NA,NA,Kentucky,Virginia Tech
400986141,2017-12-16,Kentucky,Virginia Tech,214,2,14:02:00,842,842,Justin Robinson made Free Throw.,54,55,-1,0,0.6200495244447121,0.4534121876019201,4,4,6,25,4.177777777777778,Virginia Tech,made,Justin Robinson,NA,FALSE,TRUE,Virginia Tech,Virginia Tech
400986141,2017-12-16,Kentucky,Virginia Tech,215,2,14:02:00,842,842,Justin Robinson made Free Throw.,54,56,-2,0,0.5751427591834074,0.407626335376072,4,4,6,25,4.177777777777778,Virginia Tech,made,Justin Robinson,NA,FALSE,TRUE,Virginia Tech,Kentucky
400986141,2017-12-16,Kentucky,Virginia Tech,216,2,13:43:00,823,823,Kevin Knox missed Three Point Jumper.,54,56,-2,19,0.5732901376973002,0.40673464460450903,4,4,6,22,63.919999999999995,Kentucky,missed,Kevin Knox,NA,TRUE,FALSE,Kentucky,Kentucky
400986141,2017-12-16,Kentucky,Virginia Tech,217,2,13:43:00,823,823,Hamidou Diallo Offensive Rebound.,54,56,-2,0,0.5732901376973002,0.40673464460450903,4,4,6,NA,NA,NA,NA,NA,NA,NA,NA,Kentucky,Kentucky
400986141,2017-12-16,Kentucky,Virginia Tech,218,2,13:43:00,823,823,Hamidou Diallo made Two Point Tip Shot.,56,56,0,0,0.6621227770379525,0.5,4,4,6,25,86.89777777777778,Kentucky,made,Hamidou Diallo,NA,FALSE,FALSE,Kentucky,Virginia Tech
400986141,2017-12-16,Kentucky,Virginia Tech,219,2,13:18:00,798,798,Foul on Shai Gilgeous-Alexander.,56,56,0,25,0.6609277667569521,0.5,4,4,6,NA,NA,NA,NA,NA,NA,NA,NA,Virginia Tech,Virginia Tech
400986141,2017-12-16,Kentucky,Virginia Tech,220,2,13:18:00,798,798,Justin Robinson made Free Throw.,56,57,-1,0,0.6168005145326566,0.4522852790828817,4,4,6,25,4.177777777777778,Virginia Tech,made,Justin Robinson,NA,FALSE,TRUE,Virginia Tech,Virginia Tech
400986141,2017-12-16,Kentucky,Virginia Tech,221,2,13:18:00,798,798,Justin Robinson made Free Throw.,56,58,-2,0,0.5706609979640999,0.4054317700764067,4,4,6,25,4.177777777777778,Virginia Tech,made,Justin Robinson,NA,FALSE,TRUE,Virginia Tech,Kentucky
400986141,2017-12-16,Kentucky,Virginia Tech,222,2,13:04:00,784,784,Hamidou Diallo made Jumper. Assisted by Kevin Knox.,58,58,0,14,0.6602222079402491,0.5,4,4,6,23,74.36444444444444,Kentucky,made,Hamidou Diallo,Kevin Knox,FALSE,FALSE,Kentucky,Virginia Tech
400986141,2017-12-16,Kentucky,Virginia Tech,223,2,12:40:00,760,760,Justin Robinson Turnover.,58,58,0,24,0.6589332585354286,0.5,4,4,6,NA,NA,NA,NA,NA,NA,NA,NA,Virginia Tech,Kentucky
400986141,2017-12-16,Kentucky,Virginia Tech,224,2,12:40:00,760,760,Shai Gilgeous-Alexander Steal.,58,58,0,0,0.6589332585354286,0.5,4,4,6,NA,NA,NA,NA,NA,NA,NA,NA,Virginia Tech,Kentucky
400986141,2017-12-16,Kentucky,Virginia Tech,225,2,12:35:00,755,755,Hamidou Diallo missed Jumper.,58,58,0,5,0.6586500594713156,0.5,4,4,6,35,76.45333333333333,Kentucky,missed,Hamidou Diallo,NA,FALSE,FALSE,Kentucky,Kentucky
400986141,2017-12-16,Kentucky,Virginia Tech,226,2,12:35:00,755,755,Wenyen Gabriel Offensive Rebound.,58,58,0,0,0.6586500594713156,0.5,4,4,6,NA,NA,NA,NA,NA,NA,NA,NA,Kentucky,Kentucky
400986141,2017-12-16,Kentucky,Virginia Tech,227,2,12:35:00,755,755,Wenyen Gabriel made Two Point Tip Shot.,60,58,2,0,0.7410780567520611,0.5973162316252897,4,4,6,25,86.89777777777778,Kentucky,made,Wenyen Gabriel,NA,FALSE,FALSE,Kentucky,Virginia Tech
400986141,2017-12-16,Kentucky,Virginia Tech,228,2,12:08:00,728,728,Kerry Blackshear Jr. made Layup. Assisted by Chris Clarke.,60,60,0,27,0.6570183350325463,0.5,4,4,6,24,5.222222222222221,Virginia Tech,made,Kerry Blackshear Jr.,Chris Clarke,FALSE,FALSE,Virginia Tech,Kentucky
400986141,2017-12-16,Kentucky,Virginia Tech,229,2,11:48:00,708,708,PJ Washington missed Layup.,60,60,0,20,0.6557858814549472,0.5,4,4,6,27,85.85333333333332,Kentucky,missed,PJ Washington,NA,FALSE,FALSE,Kentucky,Kentucky
400986141,2017-12-16,Kentucky,Virginia Tech,230,2,11:48:00,708,708,PJ Washington Offensive Rebound.,60,60,0,0,0.6557858814549472,0.5,4,4,6,NA,NA,NA,NA,NA,NA,NA,NA,Kentucky,Kentucky
400986141,2017-12-16,Kentucky,Virginia Tech,231,2,11:40:00,700,700,PJ Washington missed Layup.,60,60,0,8,0.6553061187742625,0.5,4,4,6,23,85.85333333333332,Kentucky,missed,PJ Washington,NA,FALSE,FALSE,Kentucky,Kentucky
400986141,2017-12-16,Kentucky,Virginia Tech,232,2,11:40:00,700,700,Wenyen Gabriel Offensive Rebound.,60,60,0,0,0.6553061187742625,0.5,4,4,6,NA,NA,NA,NA,NA,NA,NA,NA,Kentucky,Kentucky
400986141,2017-12-16,Kentucky,Virginia Tech,233,2,11:40:00,700,700,Wenyen Gabriel made Dunk.,62,60,2,0,0.741686273432285,0.6016406229691026,4,4,6,25,86.89777777777778,Kentucky,made,Wenyen Gabriel,NA,FALSE,FALSE,Kentucky,Virginia Tech
400986141,2017-12-16,Kentucky,Virginia Tech,234,2,11:36:00,696,696,Official TV Timeout,62,60,2,4,0.7417075834067998,0.6019195648749348,4,4,6,NA,NA,NA,NA,NA,NA,NA,NA,Virginia Tech,Virginia Tech
400986141,2017-12-16,Kentucky,Virginia Tech,235,2,11:12:00,672,672,Kerry Blackshear Jr. Turnover.,62,60,2,24,0.7417804318045278,0.6035043806177453,4,4,6,NA,NA,NA,NA,NA,NA,NA,NA,Virginia Tech,Kentucky
400986141,2017-12-16,Kentucky,Virginia Tech,236,2,11:03:00,663,663,PJ Washington made Three Point Jumper. Assisted by Kevin Knox.,65,60,5,9,0.8440989793864428,0.7419682312645315,4,4,6,33,66.00888888888889,Kentucky,made,PJ Washington,Kevin Knox,TRUE,FALSE,Kentucky,Virginia Tech
400986141,2017-12-16,Kentucky,Virginia Tech,237,2,10:38:00,638,638,Foul on Shai Gilgeous-Alexander.,65,60,5,25,0.8454683718702674,0.7452099252770193,4,4,6,NA,NA,NA,NA,NA,NA,NA,NA,Virginia Tech,Virginia Tech
400986141,2017-12-16,Kentucky,Virginia Tech,238,2,10:26:00,626,626,Kerry Blackshear Jr. made Jumper.,65,62,3,12,0.7811166487973802,0.6568211269006672,4,4,6,25,9.4,Virginia Tech,made,Kerry Blackshear Jr.,NA,FALSE,FALSE,Virginia Tech,Kentucky
400986141,2017-12-16,Kentucky,Virginia Tech,239,2,10:02:00,602,602,Hamidou Diallo missed Jumper.,65,62,3,24,0.7819508517365672,0.6594461255210966,4,4,6,11,78.54222222222222,Kentucky,missed,Hamidou Diallo,NA,FALSE,FALSE,Kentucky,Virginia Tech
400986141,2017-12-16,Kentucky,Virginia Tech,240,2,10:02:00,602,602,Justin Robinson Defensive Rebound.,65,62,3,0,0.7819508517365672,0.6594461255210966,4,4,6,NA,NA,NA,NA,NA,NA,NA,NA,Kentucky,Virginia Tech
400986141,2017-12-16,Kentucky,Virginia Tech,241,2,09:50:00,590,590,Justin Robinson missed Layup.,65,62,3,12,0.782476006505754,0.6609427246739727,4,4,6,27,6.266666666666667,Virginia Tech,missed,Justin Robinson,NA,FALSE,FALSE,Virginia Tech,Virginia Tech
400986141,2017-12-16,Kentucky,Virginia Tech,242,2,09:50:00,590,590,Kerry Blackshear Jr. Offensive Rebound.,65,62,3,0,0.782476006505754,0.6609427246739727,4,4,6,NA,NA,NA,NA,NA,NA,NA,NA,Virginia Tech,Virginia Tech
400986141,2017-12-16,Kentucky,Virginia Tech,243,2,09:43:00,583,583,Justin Bibbs missed Three Point Jumper.,65,62,3,7,0.7828238930295665,0.6618860821860851,4,4,6,47,7.311111111111111,Virginia Tech,missed,Justin Bibbs,NA,TRUE,FALSE,Virginia Tech,Virginia Tech
400986141,2017-12-16,Kentucky,Virginia Tech,244,2,09:43:00,583,583,Justin Robinson Offensive Rebound.,65,62,3,0,0.7828238930295665,0.6618860821860851,4,4,6,NA,NA,NA,NA,NA,NA,NA,NA,Virginia Tech,Virginia Tech
400986141,2017-12-16,Kentucky,Virginia Tech,245,2,09:24:00,564,564,Justin Bibbs made Jumper.,65,64,1,19,0.6968766309679004,0.5567990353076734,4,4,6,23,9.4,Virginia Tech,made,Justin Bibbs,NA,FALSE,FALSE,Virginia Tech,Kentucky
400986141,2017-12-16,Kentucky,Virginia Tech,246,2,09:09:00,549,549,Foul on Justin Robinson.,65,64,1,15,0.6965937980874151,0.5577691735483139,4,4,6,NA,NA,NA,NA,NA,NA,NA,NA,Kentucky,Kentucky
400986141,2017-12-16,Kentucky,Virginia Tech,247,2,09:09:00,549,549,Quade Green made Free Throw.,66,64,2,0,0.7433098329433729,0.6140163305976102,4,4,6,25,87.94222222222221,Kentucky,made,Quade Green,NA,FALSE,TRUE,Kentucky,Kentucky
400986141,2017-12-16,Kentucky,Virginia Tech,248,2,09:09:00,549,549,Quade Green made Free Throw.,67,64,3,0,0.7850524372211809,0.6673757364992728,4,4,6,25,87.94222222222221,Kentucky,made,Quade Green,NA,FALSE,TRUE,Kentucky,Virginia Tech
400986141,2017-12-16,Kentucky,Virginia Tech,249,2,08:50:00,530,530,Foul on Wenyen Gabriel.,67,64,3,19,0.7863023763963385,0.6704889822604763,4,4,6,NA,NA,NA,NA,NA,NA,NA,NA,Virginia Tech,Virginia Tech
400986141,2017-12-16,Kentucky,Virginia Tech,250,2,08:39:00,519,519,Kerry Blackshear Jr. missed Layup.,67,64,3,11,0.7868669698663736,0.6720486292639689,4,4,6,26,6.266666666666667,Virginia Tech,missed,Kerry Blackshear Jr.,NA,FALSE,FALSE,Virginia Tech,Kentucky
400986141,2017-12-16,Kentucky,Virginia Tech,251,2,08:39:00,519,519,Wenyen Gabriel Defensive Rebound.,67,64,3,0,0.7868669698663736,0.6720486292639689,4,4,6,NA,NA,NA,NA,NA,NA,NA,NA,Virginia Tech,Kentucky
400986141,2017-12-16,Kentucky,Virginia Tech,252,2,08:31:00,511,511,Wenyen Gabriel missed Three Point Jumper.,67,64,3,8,0.7872367189247061,0.6731217666111292,4,4,6,9,69.14222222222222,Kentucky,missed,Wenyen Gabriel,NA,TRUE,FALSE,Kentucky,Virginia Tech
400986141,2017-12-16,Kentucky,Virginia Tech,253,2,08:31:00,511,511,Chris Clarke Defensive Rebound.,67,64,3,0,0.7872367189247061,0.6731217666111292,4,4,6,NA,NA,NA,NA,NA,NA,NA,NA,Kentucky,Virginia Tech
400986141,2017-12-16,Kentucky,Virginia Tech,254,2,08:22:00,502,502,Devin Wilson made Layup. Assisted by Chris Clarke.,67,66,1,9,0.695420380586395,0.5603476783439658,4,4,6,21.999999999999996,5.222222222222221,Virginia Tech,made,Devin Wilson,Chris Clarke,FALSE,FALSE,Virginia Tech,Kentucky
400986141,2017-12-16,Kentucky,Virginia Tech,255,2,08:11:00,491,491,Kevin Knox missed Jumper.,67,66,1,11,0.6951071006691066,0.5608955499664696,4,4,6,16,73.32,Kentucky,missed,Kevin Knox,NA,FALSE,FALSE,Kentucky,Virginia Tech
400986141,2017-12-16,Kentucky,Virginia Tech,256,2,08:11:00,491,491,Devin Wilson Defensive Rebound.,67,66,1,0,0.6951071006691066,0.5608955499664696,4,4,6,NA,NA,NA,NA,NA,NA,NA,NA,Kentucky,Virginia Tech
400986141,2017-12-16,Kentucky,Virginia Tech,257,2,08:07:00,487,487,Foul on Kevin Knox.,67,66,1,4,0.6949949493370378,0.5611015076542238,4,4,6,NA,NA,NA,NA,NA,NA,NA,NA,Virginia Tech,Virginia Tech
400986141,2017-12-16,Kentucky,Virginia Tech,258,2,07:56:00,476,476,Nickeil Alexander-Walker Turnover.,67,66,1,11,0.6946976513645176,0.5617001715584525,4,4,6,NA,NA,NA,NA,NA,NA,NA,NA,Virginia Tech,Kentucky
400986141,2017-12-16,Kentucky,Virginia Tech,259,2,07:56:00,476,476,Wenyen Gabriel Steal.,67,66,1,0,0.6946976513645176,0.5617001715584525,4,4,6,NA,NA,NA,NA,NA,NA,NA,NA,Virginia Tech,Kentucky
400986141,2017-12-16,Kentucky,Virginia Tech,260,2,07:49:00,469,469,Shai Gilgeous-Alexander missed Layup.,67,66,1,7,0.6945209996380559,0.5621146774317954,4,4,6,25,83.76444444444444,Kentucky,missed,Shai Gilgeous-Alexander,NA,FALSE,FALSE,Kentucky,Kentucky
400986141,2017-12-16,Kentucky,Virginia Tech,261,2,07:49:00,469,469,Wenyen Gabriel Offensive Rebound.,67,66,1,0,0.6945209996380559,0.5621146774317954,4,4,6,NA,NA,NA,NA,NA,NA,NA,NA,Kentucky,Kentucky
400986141,2017-12-16,Kentucky,Virginia Tech,262,2,07:45:00,465,465,Jump Ball won by Kentucky,67,66,1,4,0.6944258490979687,0.5623663503624172,4,4,6,NA,NA,NA,NA,NA,NA,NA,NA,Kentucky,Kentucky
400986141,2017-12-16,Kentucky,Virginia Tech,263,2,07:45:00,465,465,Official TV Timeout,67,66,1,0,0.6944258490979687,0.5623663503624172,4,4,6,NA,NA,NA,NA,NA,NA,NA,NA,Kentucky,Kentucky
400986141,2017-12-16,Kentucky,Virginia Tech,264,2,07:38:00,458,458,Foul on Chris Clarke.,67,66,1,7,0.6942715019865949,0.5628371342706873,4,4,6,NA,NA,NA,NA,NA,NA,NA,NA,Kentucky,Kentucky
400986141,2017-12-16,Kentucky,Virginia Tech,265,2,07:38:00,458,458,Shai Gilgeous-Alexander made Free Throw.,68,66,2,0,0.74513855544825,0.6237202285577227,4,4,6,25,87.94222222222221,Kentucky,made,Shai Gilgeous-Alexander,NA,FALSE,TRUE,Kentucky,Kentucky
400986141,2017-12-16,Kentucky,Virginia Tech,266,2,07:38:00,458,458,Shai Gilgeous-Alexander made Free Throw.,69,66,3,0,0.7901010504576289,0.6809309708019227,4,4,6,25,87.94222222222221,Kentucky,made,Shai Gilgeous-Alexander,NA,FALSE,TRUE,Kentucky,Virginia Tech
400986141,2017-12-16,Kentucky,Virginia Tech,267,2,07:15:00,435,435,Kerry Blackshear Jr. Turnover.,69,66,3,23,0.7923620293565105,0.6859289583442282,4,4,6,NA,NA,NA,NA,NA,NA,NA,NA,Virginia Tech,Kentucky
400986141,2017-12-16,Kentucky,Virginia Tech,268,2,06:54:00,414,414,Quade Green made Jumper.,71,66,5,21,0.8690036490834895,0.7931123216537296,4,4,6,18,79.58666666666667,Kentucky,made,Quade Green,NA,FALSE,FALSE,Kentucky,Virginia Tech
400986141,2017-12-16,Kentucky,Virginia Tech,269,2,06:33:00,393,393,Kerry Blackshear Jr. made Layup. Assisted by Justin Robinson.,71,68,3,21,0.7969598093609752,0.6962329630534937,4,4,6,23,6.266666666666667,Virginia Tech,made,Kerry Blackshear Jr.,Justin Robinson,FALSE,FALSE,Virginia Tech,Kentucky
400986141,2017-12-16,Kentucky,Virginia Tech,270,2,06:06:00,366,366,Hamidou Diallo made Jumper.,73,68,5,27,0.8762487879925952,0.8074954748118961,4,4,6,26,82.72,Kentucky,made,Hamidou Diallo,NA,FALSE,FALSE,Kentucky,Virginia Tech
400986141,2017-12-16,Kentucky,Virginia Tech,271,2,05:46:00,346,346,Kerry Blackshear Jr. made Layup. Assisted by Justin Robinson.,73,70,3,20,0.8020767446986881,0.7083072742888412,4,4,6,23,5.222222222222221,Virginia Tech,made,Kerry Blackshear Jr.,Justin Robinson,FALSE,FALSE,Virginia Tech,Kentucky
400986141,2017-12-16,Kentucky,Virginia Tech,272,2,05:25:00,325,325,Foul on Kerry Blackshear Jr..,73,70,3,21,0.8055818909130664,0.7154580187104138,4,4,6,NA,NA,NA,NA,NA,NA,NA,NA,Kentucky,Kentucky
400986141,2017-12-16,Kentucky,Virginia Tech,273,2,05:25:00,325,325,Nick Richards made Free Throw.,74,70,4,0,0.8492718169137274,0.7737117032016189,4,4,6,25,87.94222222222221,Kentucky,made,Nick Richards,NA,FALSE,TRUE,Kentucky,Kentucky
400986141,2017-12-16,Kentucky,Virginia Tech,274,2,05:25:00,325,325,Nick Richards made Free Throw.,75,70,5,0,0.884550721110017,0.8229898605904286,4,4,6,25,87.94222222222221,Kentucky,made,Nick Richards,NA,FALSE,TRUE,Kentucky,Virginia Tech
400986141,2017-12-16,Kentucky,Virginia Tech,275,2,05:08:00,308,308,Foul on Quade Green.,75,70,5,17,0.8892896593296574,0.8312762492501441,4,4,6,NA,NA,NA,NA,NA,NA,NA,NA,Virginia Tech,Virginia Tech
400986141,2017-12-16,Kentucky,Virginia Tech,276,2,05:08:00,308,308,Justin Robinson missed Free Throw.,75,70,5,0,0.8892896593296574,0.8312762492501441,4,4,6,25,4.177777777777778,Virginia Tech,missed,Justin Robinson,NA,FALSE,TRUE,Virginia Tech,Virginia Tech
400986141,2017-12-16,Kentucky,Virginia Tech,277,2,05:08:00,308,308,Virginia Tech Deadball Team Rebound.,75,70,5,0,0.8892896593296574,0.8312762492501441,4,4,6,NA,NA,NA,NA,NA,NA,NA,NA,Virginia Tech,Virginia Tech
400986141,2017-12-16,Kentucky,Virginia Tech,278,2,05:08:00,308,308,Justin Robinson made Free Throw.,75,71,4,0,0.8537805827962217,0.781727088820892,4,4,6,25,4.177777777777778,Virginia Tech,made,Justin Robinson,NA,FALSE,TRUE,Virginia Tech,Kentucky
400986141,2017-12-16,Kentucky,Virginia Tech,279,2,04:55:00,295,295,Hamidou Diallo made Three Point Jumper. Assisted by PJ Washington.,78,71,7,13,0.9399294670670584,0.9063359138561607,4,4,6,9,71.2311111111111,Kentucky,made,Hamidou Diallo,PJ Washington,TRUE,FALSE,Kentucky,Virginia Tech
400986141,2017-12-16,Kentucky,Virginia Tech,280,2,04:43:00,283,283,Virginia Tech  Timeout,78,71,7,12,0.9396338908086236,0.9065306867484764,3,4,6,NA,NA,NA,NA,NA,NA,NA,NA,Virginia Tech,Virginia Tech
400986141,2017-12-16,Kentucky,Virginia Tech,281,2,04:33:00,273,273,Kerry Blackshear Jr. made Layup.,78,73,5,10,0.8889594807000718,0.833878231902327,3,4,6,24,5.222222222222221,Virginia Tech,made,Kerry Blackshear Jr.,NA,FALSE,FALSE,Virginia Tech,Kentucky
400986141,2017-12-16,Kentucky,Virginia Tech,282,2,04:09:00,249,249,Kevin Knox missed Jumper.,78,73,5,24,0.8839555361775866,0.8290729649897571,3,4,6,26,82.72,Kentucky,missed,Kevin Knox,NA,FALSE,FALSE,Kentucky,Kentucky
400986141,2017-12-16,Kentucky,Virginia Tech,283,2,04:09:00,249,249,PJ Washington Offensive Rebound.,78,73,5,0,0.8839555361775866,0.8290729649897571,3,4,6,NA,NA,NA,NA,NA,NA,NA,NA,Kentucky,Kentucky
400986141,2017-12-16,Kentucky,Virginia Tech,284,2,04:08:00,248,248,PJ Washington made Dunk.,80,73,7,1,0.9346150909029438,0.9010674746428664,3,4,6,25,85.85333333333332,Kentucky,made,PJ Washington,NA,FALSE,FALSE,Kentucky,Virginia Tech
400986141,2017-12-16,Kentucky,Virginia Tech,285,2,03:54:00,234,234,Foul on PJ Washington.,80,73,7,14,0.933457715567282,0.9002336295871217,3,4,6,NA,NA,NA,NA,NA,NA,NA,NA,Virginia Tech,Kentucky
400986141,2017-12-16,Kentucky,Virginia Tech,286,2,03:54:00,234,234,Official TV Timeout,80,73,7,0,0.933457715567282,0.9002336295871217,3,4,6,NA,NA,NA,NA,NA,NA,NA,NA,Virginia Tech,Kentucky
400986141,2017-12-16,Kentucky,Virginia Tech,287,2,03:54:00,234,234,Kerry Blackshear Jr. made Free Throw.,80,74,6,0,0.9110722217790596,0.8682487651940552,3,4,6,25,4.177777777777778,Virginia Tech,made,Kerry Blackshear Jr.,NA,FALSE,TRUE,Virginia Tech,Virginia Tech
400986141,2017-12-16,Kentucky,Virginia Tech,288,2,03:54:00,234,234,Kerry Blackshear Jr. missed Free Throw.,80,74,6,0,0.9110722217790596,0.8682487651940552,3,4,6,25,4.177777777777778,Virginia Tech,missed,Kerry Blackshear Jr.,NA,FALSE,TRUE,Virginia Tech,Kentucky
400986141,2017-12-16,Kentucky,Virginia Tech,289,2,03:54:00,234,234,Wenyen Gabriel Defensive Rebound.,80,74,6,0,0.9110722217790596,0.8682487651940552,3,4,6,NA,NA,NA,NA,NA,NA,NA,NA,Virginia Tech,Kentucky
400986141,2017-12-16,Kentucky,Virginia Tech,290,2,03:31:00,211,211,PJ Washington Turnover.,80,74,6,23,0.9145160935409328,0.874957192796394,3,4,6,NA,NA,NA,NA,NA,NA,NA,NA,Kentucky,Virginia Tech
400986141,2017-12-16,Kentucky,Virginia Tech,291,2,03:31:00,211,211,Chris Clarke Steal.,80,74,6,0,0.9145160935409328,0.874957192796394,3,4,6,NA,NA,NA,NA,NA,NA,NA,NA,Kentucky,Virginia Tech
400986141,2017-12-16,Kentucky,Virginia Tech,292,2,03:29:00,209,209,Foul on Kerry Blackshear Jr..,80,74,6,2,0.9152763464270196,0.8761880079511104,3,4,6,NA,NA,NA,NA,NA,NA,NA,NA,Kentucky,Kentucky
400986141,2017-12-16,Kentucky,Virginia Tech,293,2,03:29:00,209,209,Kerry Blackshear Jr. Turnover.,80,74,6,0,0.9152763464270196,0.8761880079511104,3,4,6,NA,NA,NA,NA,NA,NA,NA,NA,Virginia Tech,Kentucky
400986141,2017-12-16,Kentucky,Virginia Tech,294,2,03:15:00,195,195,Kevin Knox missed Jumper.,80,74,6,14,0.9229428250898176,0.8880700527699188,3,4,6,28.999999999999996,84.80888888888889,Kentucky,missed,Kevin Knox,NA,FALSE,FALSE,Kentucky,Kentucky
400986141,2017-12-16,Kentucky,Virginia Tech,295,2,03:15:00,195,195,Justin Bibbs Block.,80,74,6,0,0.9229428250898176,0.8880700527699188,3,4,6,NA,NA,NA,NA,NA,NA,NA,NA,Kentucky,Kentucky
400986141,2017-12-16,Kentucky,Virginia Tech,296,2,03:15:00,195,195,Kentucky Offensive Rebound.,80,74,6,0,0.9229428250898176,0.8880700527699188,3,4,6,NA,NA,NA,NA,NA,NA,NA,NA,Kentucky,Kentucky
400986141,2017-12-16,Kentucky,Virginia Tech,297,2,03:08:00,188,188,Quade Green made Jumper.,82,74,8,7,0.9636562395339768,0.9464328954770416,3,4,6,21,82.72,Kentucky,made,Quade Green,NA,FALSE,FALSE,Kentucky,Virginia Tech
400986141,2017-12-16,Kentucky,Virginia Tech,298,2,02:50:00,170,170,Justin Robinson made Three Point Jumper. Assisted by Justin Bibbs.,82,77,5,18,0.9150390869491808,0.8793648835975553,3,4,6,46,5.222222222222221,Virginia Tech,made,Justin Robinson,Justin Bibbs,TRUE,FALSE,Virginia Tech,Kentucky
400986141,2017-12-16,Kentucky,Virginia Tech,299,2,02:23:00,143,143,Foul on Wenyen Gabriel.,82,77,5,27,0.9356539198043268,0.9097955130038816,3,4,6,NA,NA,NA,NA,NA,NA,NA,NA,Kentucky,Virginia Tech
400986141,2017-12-16,Kentucky,Virginia Tech,300,2,02:23:00,143,143,Wenyen Gabriel Turnover.,82,77,5,0,0.9356539198043268,0.9097955130038816,3,4,6,NA,NA,NA,NA,NA,NA,NA,NA,Kentucky,Virginia Tech
400986141,2017-12-16,Kentucky,Virginia Tech,301,2,02:14:00,134,134,Nickeil Alexander-Walker made Layup.,82,79,3,9,0.8604808415960131,0.8118360377452054,3,4,6,27,6.266666666666667,Virginia Tech,made,Nickeil Alexander-Walker,NA,FALSE,FALSE,Virginia Tech,Kentucky
400986141,2017-12-16,Kentucky,Virginia Tech,302,2,01:49:00,109,109,Foul on Chris Clarke.,82,79,3,25,0.8853252933178086,0.8470066096548361,3,4,6,NA,NA,NA,NA,NA,NA,NA,NA,Kentucky,Kentucky
400986141,2017-12-16,Kentucky,Virginia Tech,303,2,01:49:00,109,109,PJ Washington made Free Throw.,83,79,4,0,0.9317758442912978,0.9073544044319374,3,4,6,25,87.94222222222221,Kentucky,made,PJ Washington,NA,FALSE,TRUE,Kentucky,Kentucky
400986141,2017-12-16,Kentucky,Virginia Tech,304,2,01:49:00,109,109,PJ Washington missed Free Throw.,83,79,4,0,0.9317758442912978,0.9073544044319374,3,4,6,25,87.94222222222221,Kentucky,missed,PJ Washington,NA,FALSE,TRUE,Kentucky,Virginia Tech
400986141,2017-12-16,Kentucky,Virginia Tech,305,2,01:49:00,109,109,Chris Clarke Defensive Rebound.,83,79,4,0,0.9317758442912978,0.9073544044319374,3,4,6,NA,NA,NA,NA,NA,NA,NA,NA,Kentucky,Kentucky
400986141,2017-12-16,Kentucky,Virginia Tech,306,2,01:49:00,109,109,Foul on Wenyen Gabriel.,83,79,4,0,0.9317758442912978,0.9073544044319374,3,4,6,NA,NA,NA,NA,NA,NA,NA,NA,Kentucky,Kentucky
400986141,2017-12-16,Kentucky,Virginia Tech,307,2,01:49:00,109,109,Chris Clarke made Free Throw.,83,80,3,0,0.8853252933178086,0.8470066096548361,3,4,6,25,4.177777777777778,Virginia Tech,made,Chris Clarke,NA,FALSE,TRUE,Virginia Tech,Virginia Tech
400986141,2017-12-16,Kentucky,Virginia Tech,308,2,01:49:00,109,109,Chris Clarke missed Free Throw.,83,80,3,0,0.8853252933178086,0.8470066096548361,3,4,6,25,4.177777777777778,Virginia Tech,missed,Chris Clarke,NA,FALSE,TRUE,Virginia Tech,Kentucky
400986141,2017-12-16,Kentucky,Virginia Tech,309,2,01:49:00,109,109,Wenyen Gabriel Defensive Rebound.,83,80,3,0,0.8853252933178086,0.8470066096548361,3,4,6,NA,NA,NA,NA,NA,NA,NA,NA,Kentucky,Kentucky
400986141,2017-12-16,Kentucky,Virginia Tech,310,2,01:34:00,94,94,Kevin Knox made Layup. Assisted by PJ Washington.,85,80,5,15,0.970048434459667,0.9593374889039392,3,4,6,23,86.89777777777778,Kentucky,made,Kevin Knox,PJ Washington,FALSE,FALSE,Kentucky,Virginia Tech
400986141,2017-12-16,Kentucky,Virginia Tech,311,2,01:18:00,78,78,Ahmed Hill made Three Point Jumper. Assisted by Justin Robinson.,85,83,2,16,0.8468096646605515,0.8038147086763187,3,4,6,13,22.977777777777774,Virginia Tech,made,Ahmed Hill,Justin Robinson,TRUE,FALSE,Virginia Tech,Kentucky
400986141,2017-12-16,Kentucky,Virginia Tech,312,2,00:51:00,51,51,Hamidou Diallo made Three Point Jumper. Assisted by Quade Green.,88,83,5,27,0.9889984789396844,0.9856556264021654,3,4,6,1.25,88.98666666666666,Kentucky,made,Hamidou Diallo,Quade Green,TRUE,FALSE,Kentucky,Virginia Tech
400986141,2017-12-16,Kentucky,Virginia Tech,313,2,00:42:00,42,42,Justin Bibbs missed Layup.,88,83,5,9,0.991401729950909,0.9888987592382676,3,4,6,23,6.266666666666667,Virginia Tech,missed,Justin Bibbs,NA,FALSE,FALSE,Virginia Tech,Kentucky
400986141,2017-12-16,Kentucky,Virginia Tech,314,2,00:42:00,42,42,PJ Washington Block.,88,83,5,0,0.991401729950909,0.9888987592382676,3,4,6,NA,NA,NA,NA,NA,NA,NA,NA,Virginia Tech,Kentucky
400986141,2017-12-16,Kentucky,Virginia Tech,315,2,00:42:00,42,42,Wenyen Gabriel Defensive Rebound.,88,83,5,0,0.991401729950909,0.9888987592382676,3,4,6,NA,NA,NA,NA,NA,NA,NA,NA,Virginia Tech,Kentucky
400986141,2017-12-16,Kentucky,Virginia Tech,316,2,00:36:00,36,36,Foul on Justin Robinson.,88,83,5,6,0.992762661490032,0.9907190582980734,3,4,6,NA,NA,NA,NA,NA,NA,NA,NA,Kentucky,Virginia Tech
400986141,2017-12-16,Kentucky,Virginia Tech,317,2,00:36:00,36,36,Quade Green made Free Throw.,89,83,6,0,0.9971435971226192,0.9963324662847964,3,4,6,25,87.94222222222221,Kentucky,made,Quade Green,NA,FALSE,TRUE,Kentucky,Kentucky
400986141,2017-12-16,Kentucky,Virginia Tech,318,2,00:36:00,36,36,Quade Green missed Free Throw.,89,83,6,0,0.9971435971226192,0.9963324662847964,3,4,6,25,87.94222222222221,Kentucky,missed,Quade Green,NA,FALSE,TRUE,Kentucky,Virginia Tech
400986141,2017-12-16,Kentucky,Virginia Tech,319,2,00:36:00,36,36,Chris Clarke Defensive Rebound.,89,83,6,0,0.9971435971226192,0.9963324662847964,3,4,6,NA,NA,NA,NA,NA,NA,NA,NA,Kentucky,Virginia Tech
400986141,2017-12-16,Kentucky,Virginia Tech,320,2,00:33:00,33,33,Virginia Tech  Timeout,89,83,6,3,0.9974337138508488,0.9967167021686996,2,4,6,NA,NA,NA,NA,NA,NA,NA,NA,Virginia Tech,Virginia Tech
400986141,2017-12-16,Kentucky,Virginia Tech,321,2,00:30:00,30,30,Ahmed Hill missed Three Point Jumper.,89,83,6,3,0.99769780670401,0.9970651653895116,2,4,6,42,24.02222222222222,Virginia Tech,missed,Ahmed Hill,NA,TRUE,FALSE,Virginia Tech,Kentucky
400986141,2017-12-16,Kentucky,Virginia Tech,322,2,00:30:00,30,30,PJ Washington Defensive Rebound.,89,83,6,0,0.99769780670401,0.9970651653895116,2,4,6,NA,NA,NA,NA,NA,NA,NA,NA,Virginia Tech,Kentucky
400986141,2017-12-16,Kentucky,Virginia Tech,323,2,00:25:00,25,25,Foul on Justin Robinson.,89,83,6,5,0.9980846454823096,0.9975730719974748,2,4,6,NA,NA,NA,NA,NA,NA,NA,NA,Kentucky,Virginia Tech
400986141,2017-12-16,Kentucky,Virginia Tech,324,2,00:25:00,25,25,PJ Washington made Free Throw.,90,83,7,0,0.9992967199676352,0.999108591239572,2,4,6,25,87.94222222222221,Kentucky,made,PJ Washington,NA,FALSE,TRUE,Kentucky,Kentucky
400986141,2017-12-16,Kentucky,Virginia Tech,325,2,00:25:00,25,25,PJ Washington missed Free Throw.,90,83,7,0,0.9992967199676352,0.999108591239572,2,4,6,25,87.94222222222221,Kentucky,missed,PJ Washington,NA,FALSE,TRUE,Kentucky,Virginia Tech
400986141,2017-12-16,Kentucky,Virginia Tech,326,2,00:25:00,25,25,Chris Clarke Defensive Rebound.,90,83,7,0,0.9992967199676352,0.999108591239572,2,4,6,NA,NA,NA,NA,NA,NA,NA,NA,Kentucky,Virginia Tech
400986141,2017-12-16,Kentucky,Virginia Tech,327,2,00:15:00,15,15,Nickeil Alexander-Walker missed Layup.,90,83,7,10,0.99955151681140475,0.9994386141949796,2,4,6,24,5.222222222222221,Virginia Tech,missed,Nickeil Alexander-Walker,NA,FALSE,FALSE,Virginia Tech,Kentucky
400986141,2017-12-16,Kentucky,Virginia Tech,328,2,00:15:00,15,15,Hamidou Diallo Defensive Rebound.,90,83,7,0,0.99955151681140475,0.9994386141949796,2,4,6,NA,NA,NA,NA,NA,NA,NA,NA,Virginia Tech,Kentucky
400986141,2017-12-16,Kentucky,Virginia Tech,329,2,00:13:00,13,13,Foul on Ahmed Hill.,90,83,7,2,0.9995917027035044,0.9994902170141574,2,4,6,NA,NA,NA,NA,NA,NA,NA,NA,Kentucky,Kentucky
400986141,2017-12-16,Kentucky,Virginia Tech,330,2,00:13:00,13,13,Hamidou Diallo missed Free Throw.,90,83,7,0,0.9995917027035044,0.9994902170141574,2,4,6,25,87.94222222222221,Kentucky,missed,Hamidou Diallo,NA,FALSE,TRUE,Kentucky,Kentucky
400986141,2017-12-16,Kentucky,Virginia Tech,331,2,00:13:00,13,13,Kentucky Deadball Team Rebound.,90,83,7,0,0.9995917027035044,0.9994902170141574,2,4,6,NA,NA,NA,NA,NA,NA,NA,NA,Kentucky,Kentucky
400986141,2017-12-16,Kentucky,Virginia Tech,332,2,00:13:00,13,13,Hamidou Diallo made Free Throw.,91,83,8,0,0.999861722373264,0.999827340726046,2,4,6,25,87.94222222222221,Kentucky,made,Hamidou Diallo,NA,FALSE,TRUE,Kentucky,Virginia Tech
400986141,2017-12-16,Kentucky,Virginia Tech,333,2,00:11:00,11,11,Ahmed Hill made Three Point Jumper. Assisted by Justin Robinson.,91,86,5,2,0.9966793285930088,0.9958675458278028,2,4,6,3,3.1333333333333333,Virginia Tech,made,Ahmed Hill,Justin Robinson,TRUE,FALSE,Virginia Tech,Kentucky
400986141,2017-12-16,Kentucky,Virginia Tech,334,2,00:08:00,8,8,Foul on Nickeil Alexander-Walker.,91,86,5,3,0.9970007477977754,0.9962816477111814,2,4,6,NA,NA,NA,NA,NA,NA,NA,NA,Kentucky,Kentucky
400986141,2017-12-16,Kentucky,Virginia Tech,335,2,00:08:00,8,8,Kevin Knox made Free Throw.,92,86,6,0,0.9990176091101428,0.9987814802712226,2,4,6,25,87.94222222222221,Kentucky,made,Kevin Knox,NA,FALSE,TRUE,Kentucky,Kentucky
400986141,2017-12-16,Kentucky,Virginia Tech,336,2,00:08:00,8,8,Kevin Knox made Free Throw.,93,86,7,0,0.9996786596332712,0.9996013584134968,2,4,6,25,87.94222222222221,Kentucky,made,Kevin Knox,NA,FALSE,TRUE,Kentucky,Virginia Tech
400986141,2017-12-16,Kentucky,Virginia Tech,337,2,00:06:00,6,6,Justin Bibbs missed Three Point Jumper.,93,86,7,2,0.9997085120029918,0.9996393283371704,2,4,6,9,20.88888888888889,Virginia Tech,missed,Justin Bibbs,NA,TRUE,FALSE,Virginia Tech,Kentucky
400986141,2017-12-16,Kentucky,Virginia Tech,338,2,00:06:00,6,6,Wenyen Gabriel Defensive Rebound.,93,86,7,0,0.9997085120029918,0.9996393283371704,2,4,6,NA,NA,NA,NA,NA,NA,NA,NA,Virginia Tech,Kentucky
400986141,2017-12-16,Kentucky,Virginia Tech,339,2,00:00:00,0,0,End of Game,93,86,7,6,1,1,2,4,6,NA,NA,NA,NA,NA,NA,NA,NA,Kentucky,NA
