game_id,date,home,away,play_id,half,time_remaining_half,secs_remaining,secs_remaining_absolute,description,home_score,away_score,score_diff,play_length,win_prob,naive_win_prob,home_time_out_remaining,away_time_out_remaining,home_favored_by,total_line,referees,arena_location,arena,capacity,attendance,shot_x,shot_y,shot_team,shot_outcome,shooter,assist,three_pt,free_throw,possession_before,possession_after,wrong_time
401262616,2021-01-25,UNLV,Utah State,1,1,20:00,2400,2400,PLAY,0,0,0,0,0.26060977525485535,0.5,4,4,-6.5,139,"c(""Tony Padilla"", "" Nate Harris"", "" Tommy Nunez"")","Las Vegas, NV",Thomas & Mack Center,18500,NA,NA,NA,NA,NA,NA,NA,NA,NA,NA,Utah State,NA
401262616,2021-01-25,UNLV,Utah State,2,1,19:39,2379,2379,Marco Anthony made Three Point Jumper. Assisted by Neemias Queta.,0,3,-3,21,0.21280111602762963,0.4335157945607277,4,4,-6.5,139,"c(""Tony Padilla"", "" Nate Harris"", "" Tommy Nunez"")","Las Vegas, NV",Thomas & Mack Center,18500,NA,NA,NA,Utah State,made,Marco Anthony,Neemias Queta,TRUE,FALSE,Utah State,UNLV,FALSE
401262616,2021-01-25,UNLV,Utah State,3,1,19:16,2356,2356,Cheikh Mbacke Diong missed Jumper.,0,3,-3,23,0.2127167788278705,0.4327848826321762,4,4,-6.5,139,"c(""Tony Padilla"", "" Nate Harris"", "" Tommy Nunez"")","Las Vegas, NV",Thomas & Mack Center,18500,NA,NA,NA,UNLV,missed,Cheikh Mbacke Diong,NA,FALSE,FALSE,UNLV,Utah State,FALSE
401262616,2021-01-25,UNLV,Utah State,4,1,19:13,2353,2353,Marco Anthony Defensive Rebound.,0,3,-3,3,0.2127060847657326,0.4326887743214508,4,4,-6.5,139,"c(""Tony Padilla"", "" Nate Harris"", "" Tommy Nunez"")","Las Vegas, NV",Thomas & Mack Center,18500,NA,NA,NA,NA,NA,NA,NA,NA,NA,UNLV,Utah State,FALSE
401262616,2021-01-25,UNLV,Utah State,5,1,19:00,2340,2340,Justin Bean missed Three Point Jumper.,0,3,-3,13,0.21266067211732886,0.4322703531301972,4,4,-6.5,139,"c(""Tony Padilla"", "" Nate Harris"", "" Tommy Nunez"")","Las Vegas, NV",Thomas & Mack Center,18500,NA,NA,NA,Utah State,missed,Justin Bean,NA,TRUE,FALSE,Utah State,UNLV,FALSE
401262616,2021-01-25,UNLV,Utah State,6,1,18:56,2336,2336,Cheikh Mbacke Diong Defensive Rebound.,0,3,-3,4,0.21264702109307995,0.432140987932238,4,4,-6.5,139,"c(""Tony Padilla"", "" Nate Harris"", "" Tommy Nunez"")","Las Vegas, NV",Thomas & Mack Center,18500,NA,NA,NA,NA,NA,NA,NA,NA,NA,Utah State,UNLV,FALSE
401262616,2021-01-25,UNLV,Utah State,7,1,18:39,2319,2319,Moses Wood made Three Point Jumper. Assisted by Cheikh Mbacke Diong.,3,3,0,17,0.2623086225822418,0.5,4,4,-6.5,139,"c(""Tony Padilla"", "" Nate Harris"", "" Tommy Nunez"")","Las Vegas, NV",Thomas & Mack Center,18500,NA,NA,NA,UNLV,made,Moses Wood,Cheikh Mbacke Diong,TRUE,FALSE,UNLV,Utah State,FALSE
401262616,2021-01-25,UNLV,Utah State,8,1,18:09,2289,2289,Neemias Queta missed Jumper.,3,3,0,30,0.2629829484009431,0.5,4,4,-6.5,139,"c(""Tony Padilla"", "" Nate Harris"", "" Tommy Nunez"")","Las Vegas, NV",Thomas & Mack Center,18500,NA,NA,NA,Utah State,missed,Neemias Queta,NA,FALSE,FALSE,Utah State,Utah State,FALSE
401262616,2021-01-25,UNLV,Utah State,9,1,18:05,2285,2285,Neemias Queta Offensive Rebound.,3,3,0,4,0.263074801265415,0.5,4,4,-6.5,139,"c(""Tony Padilla"", "" Nate Harris"", "" Tommy Nunez"")","Las Vegas, NV",Thomas & Mack Center,18500,NA,NA,NA,NA,NA,NA,NA,NA,NA,Utah State,Utah State,FALSE
401262616,2021-01-25,UNLV,Utah State,10,1,18:04,2284,2284,Neemias Queta made Layup.,3,5,-2,1,0.22852722758471208,0.45345593130374623,4,4,-6.5,139,"c(""Tony Padilla"", "" Nate Harris"", "" Tommy Nunez"")","Las Vegas, NV",Thomas & Mack Center,18500,NA,NA,NA,Utah State,made,Neemias Queta,NA,FALSE,FALSE,Utah State,UNLV,FALSE
401262616,2021-01-25,UNLV,Utah State,11,1,17:51,2271,2271,Caleb Grill missed Jumper.,3,5,-2,13,0.2285944536187142,0.4531643721419195,4,4,-6.5,139,"c(""Tony Padilla"", "" Nate Harris"", "" Tommy Nunez"")","Las Vegas, NV",Thomas & Mack Center,18500,NA,NA,NA,UNLV,missed,Caleb Grill,NA,FALSE,FALSE,UNLV,UNLV,FALSE
401262616,2021-01-25,UNLV,Utah State,12,1,17:50,2270,2270,UNLV Offensive Rebound.,3,5,-2,1,0.2285997590008973,0.45314188206327277,4,4,-6.5,139,"c(""Tony Padilla"", "" Nate Harris"", "" Tommy Nunez"")","Las Vegas, NV",Thomas & Mack Center,18500,NA,NA,NA,NA,NA,NA,NA,NA,NA,UNLV,UNLV,FALSE
401262616,2021-01-25,UNLV,Utah State,13,1,17:45,2265,2265,David Jenkins Jr. made Jumper. Assisted by Bryce Hamilton.,5,5,0,5,0.2635410897235298,0.5,4,4,-6.5,139,"c(""Tony Padilla"", "" Nate Harris"", "" Tommy Nunez"")","Las Vegas, NV",Thomas & Mack Center,18500,NA,NA,NA,UNLV,made,David Jenkins Jr.,Bryce Hamilton,FALSE,FALSE,UNLV,Utah State,FALSE
401262616,2021-01-25,UNLV,Utah State,14,1,17:45,2265,2265,Justin Bean Turnover.,5,5,0,0,0.2635410897235298,0.5,4,4,-6.5,139,"c(""Tony Padilla"", "" Nate Harris"", "" Tommy Nunez"")","Las Vegas, NV",Thomas & Mack Center,18500,NA,NA,NA,NA,NA,NA,NA,NA,NA,Utah State,UNLV,FALSE
401262616,2021-01-25,UNLV,Utah State,15,1,17:45,2265,2265,Caleb Grill Steal.,5,5,0,0,0.2635410897235298,0.5,4,4,-6.5,139,"c(""Tony Padilla"", "" Nate Harris"", "" Tommy Nunez"")","Las Vegas, NV",Thomas & Mack Center,18500,NA,NA,NA,NA,NA,NA,NA,NA,NA,Utah State,UNLV,FALSE
401262616,2021-01-25,UNLV,Utah State,16,1,17:45,2265,2265,Moses Wood missed Three Point Jumper.,5,5,0,0,0.2635410897235298,0.5,4,4,-6.5,139,"c(""Tony Padilla"", "" Nate Harris"", "" Tommy Nunez"")","Las Vegas, NV",Thomas & Mack Center,18500,NA,NA,NA,UNLV,missed,Moses Wood,NA,TRUE,FALSE,UNLV,Utah State,FALSE
401262616,2021-01-25,UNLV,Utah State,17,1,17:45,2265,2265,Utah State Defensive Rebound.,5,5,0,0,0.2635410897235298,0.5,4,4,-6.5,139,"c(""Tony Padilla"", "" Nate Harris"", "" Tommy Nunez"")","Las Vegas, NV",Thomas & Mack Center,18500,NA,NA,NA,NA,NA,NA,NA,NA,NA,UNLV,Utah State,FALSE
401262616,2021-01-25,UNLV,Utah State,18,1,17:09,2229,2229,Neemias Queta made Dunk. Assisted by Rollie Worster.,5,7,-2,36,0.2288348733840654,0.4522129371098579,4,4,-6.5,139,"c(""Tony Padilla"", "" Nate Harris"", "" Tommy Nunez"")","Las Vegas, NV",Thomas & Mack Center,18500,NA,NA,NA,Utah State,made,Neemias Queta,Rollie Worster,FALSE,FALSE,Utah State,UNLV,FALSE
401262616,2021-01-25,UNLV,Utah State,19,1,16:50,2210,2210,Moses Wood made Layup. Assisted by Bryce Hamilton.,7,7,0,19,0.2648858701605118,0.5,4,4,-6.5,139,"c(""Tony Padilla"", "" Nate Harris"", "" Tommy Nunez"")","Las Vegas, NV",Thomas & Mack Center,18500,NA,NA,NA,UNLV,made,Moses Wood,Bryce Hamilton,FALSE,FALSE,UNLV,Utah State,FALSE
401262616,2021-01-25,UNLV,Utah State,20,1,16:33,2193,2193,Marco Anthony made Layup.,7,9,-2,17,0.22907214028425812,0.4513881414337588,4,4,-6.5,139,"c(""Tony Padilla"", "" Nate Harris"", "" Tommy Nunez"")","Las Vegas, NV",Thomas & Mack Center,18500,NA,NA,NA,Utah State,made,Marco Anthony,NA,FALSE,FALSE,Utah State,UNLV,FALSE
401262616,2021-01-25,UNLV,Utah State,21,1,16:08,2168,2168,Bryce Hamilton missed Three Point Jumper.,7,9,-2,25,0.22925566563149255,0.45081169315445313,4,4,-6.5,139,"c(""Tony Padilla"", "" Nate Harris"", "" Tommy Nunez"")","Las Vegas, NV",Thomas & Mack Center,18500,NA,NA,NA,UNLV,missed,Bryce Hamilton,NA,TRUE,FALSE,UNLV,Utah State,FALSE
401262616,2021-01-25,UNLV,Utah State,22,1,16:05,2165,2165,Justin Bean Defensive Rebound.,7,9,-2,3,0.22927873672147153,0.45074232375925694,4,4,-6.5,139,"c(""Tony Padilla"", "" Nate Harris"", "" Tommy Nunez"")","Las Vegas, NV",Thomas & Mack Center,18500,NA,NA,NA,NA,NA,NA,NA,NA,NA,UNLV,Utah State,FALSE
401262616,2021-01-25,UNLV,Utah State,23,1,15:58,2158,2158,Marco Anthony missed Jumper.,7,9,-2,7,0.22933332843206786,0.4505802019918857,4,4,-6.5,139,"c(""Tony Padilla"", "" Nate Harris"", "" Tommy Nunez"")","Las Vegas, NV",Thomas & Mack Center,18500,NA,NA,NA,Utah State,missed,Marco Anthony,NA,FALSE,FALSE,Utah State,UNLV,FALSE
401262616,2021-01-25,UNLV,Utah State,24,1,15:55,2155,2155,Caleb Grill Defensive Rebound.,7,9,-2,3,0.229357047180181,0.4505106076857768,4,4,-6.5,139,"c(""Tony Padilla"", "" Nate Harris"", "" Tommy Nunez"")","Las Vegas, NV",Thomas & Mack Center,18500,NA,NA,NA,NA,NA,NA,NA,NA,NA,Utah State,UNLV,FALSE
401262616,2021-01-25,UNLV,Utah State,25,1,15:39,2139,2139,Foul on Bryce Hamilton.,7,9,-2,16,0.22948675119585396,0.4501382431299833,4,4,-6.5,139,"c(""Tony Padilla"", "" Nate Harris"", "" Tommy Nunez"")","Las Vegas, NV",Thomas & Mack Center,18500,NA,NA,NA,NA,NA,NA,NA,NA,NA,UNLV,Utah State,FALSE
401262616,2021-01-25,UNLV,Utah State,26,1,15:39,2139,2139,Bryce Hamilton Turnover.,7,9,-2,0,0.22948675119585396,0.4501382431299833,4,4,-6.5,139,"c(""Tony Padilla"", "" Nate Harris"", "" Tommy Nunez"")","Las Vegas, NV",Thomas & Mack Center,18500,NA,NA,NA,NA,NA,NA,NA,NA,NA,UNLV,Utah State,FALSE
401262616,2021-01-25,UNLV,Utah State,27,1,15:39,2139,2139,Official TV Timeout,7,9,-2,0,0.22948675119585396,0.4501382431299833,4,4,-6.5,139,"c(""Tony Padilla"", "" Nate Harris"", "" Tommy Nunez"")","Las Vegas, NV",Thomas & Mack Center,18500,NA,NA,NA,NA,NA,NA,NA,NA,NA,UNLV,Utah State,FALSE
401262616,2021-01-25,UNLV,Utah State,28,1,15:23,2123,2123,Alphonso Anderson missed Three Point Jumper.,7,9,-2,16,0.22962171097373565,0.44976376569079485,4,4,-6.5,139,"c(""Tony Padilla"", "" Nate Harris"", "" Tommy Nunez"")","Las Vegas, NV",Thomas & Mack Center,18500,NA,NA,NA,Utah State,missed,Alphonso Anderson,NA,TRUE,FALSE,Utah State,UNLV,FALSE
401262616,2021-01-25,UNLV,Utah State,29,1,15:21,2121,2121,Cheikh Mbacke Diong Defensive Rebound.,7,9,-2,2,0.2296389408935211,0.4497168005953703,4,4,-6.5,139,"c(""Tony Padilla"", "" Nate Harris"", "" Tommy Nunez"")","Las Vegas, NV",Thomas & Mack Center,18500,NA,NA,NA,NA,NA,NA,NA,NA,NA,Utah State,UNLV,FALSE
401262616,2021-01-25,UNLV,Utah State,30,1,15:05,2105,2105,Nicquel Blake missed Jumper.,7,9,-2,16,0.22977958301669354,0.4493397817132827,4,4,-6.5,139,"c(""Tony Padilla"", "" Nate Harris"", "" Tommy Nunez"")","Las Vegas, NV",Thomas & Mack Center,18500,NA,NA,NA,UNLV,missed,Nicquel Blake,NA,FALSE,FALSE,UNLV,Utah State,FALSE
401262616,2021-01-25,UNLV,Utah State,31,1,15:02,2102,2102,Marco Anthony Defensive Rebound.,7,9,-2,3,0.22980649873528572,0.4492688270583697,4,4,-6.5,139,"c(""Tony Padilla"", "" Nate Harris"", "" Tommy Nunez"")","Las Vegas, NV",Thomas & Mack Center,18500,NA,NA,NA,NA,NA,NA,NA,NA,NA,UNLV,Utah State,FALSE
401262616,2021-01-25,UNLV,Utah State,32,1,14:53,2093,2093,Foul on Caleb Grill.,7,9,-2,9,0.22988825539158278,0.449055446705604,4,4,-6.5,139,"c(""Tony Padilla"", "" Nate Harris"", "" Tommy Nunez"")","Las Vegas, NV",Thomas & Mack Center,18500,NA,NA,NA,NA,NA,NA,NA,NA,NA,Utah State,Utah State,FALSE
401262616,2021-01-25,UNLV,Utah State,33,1,14:53,2093,2093,Marco Anthony made Free Throw.,7,10,-3,0,0.21228842011779478,0.4239126916421635,4,4,-6.5,139,"c(""Tony Padilla"", "" Nate Harris"", "" Tommy Nunez"")","Las Vegas, NV",Thomas & Mack Center,18500,NA,NA,NA,Utah State,made,Marco Anthony,NA,FALSE,TRUE,Utah State,Utah State,FALSE
401262616,2021-01-25,UNLV,Utah State,34,1,14:53,2093,2093,Marco Anthony made Free Throw.,7,11,-4,0,0.19569360511386788,0.3991577758725239,4,4,-6.5,139,"c(""Tony Padilla"", "" Nate Harris"", "" Tommy Nunez"")","Las Vegas, NV",Thomas & Mack Center,18500,NA,NA,NA,Utah State,made,Marco Anthony,NA,FALSE,TRUE,Utah State,UNLV,FALSE
401262616,2021-01-25,UNLV,Utah State,35,1,14:39,2079,2079,David Jenkins Jr. missed Jumper.,7,11,-4,14,0.19559709180001464,0.3985113043618543,4,4,-6.5,139,"c(""Tony Padilla"", "" Nate Harris"", "" Tommy Nunez"")","Las Vegas, NV",Thomas & Mack Center,18500,NA,NA,NA,UNLV,missed,David Jenkins Jr.,NA,FALSE,FALSE,UNLV,Utah State,FALSE
401262616,2021-01-25,UNLV,Utah State,36,1,14:36,2076,2076,Neemias Queta Defensive Rebound.,7,11,-4,3,0.1955766456895796,0.3983723078461464,4,4,-6.5,139,"c(""Tony Padilla"", "" Nate Harris"", "" Tommy Nunez"")","Las Vegas, NV",Thomas & Mack Center,18500,NA,NA,NA,NA,NA,NA,NA,NA,NA,UNLV,Utah State,FALSE
401262616,2021-01-25,UNLV,Utah State,37,1,14:20,2060,2060,Neemias Queta missed Jumper.,7,11,-4,16,0.19546889291979805,0.3976281053635682,4,4,-6.5,139,"c(""Tony Padilla"", "" Nate Harris"", "" Tommy Nunez"")","Las Vegas, NV",Thomas & Mack Center,18500,NA,NA,NA,Utah State,missed,Neemias Queta,NA,FALSE,FALSE,Utah State,UNLV,FALSE
401262616,2021-01-25,UNLV,Utah State,38,1,14:16,2056,2056,Bryce Hamilton Defensive Rebound.,7,11,-4,4,0.19544227496795263,0.3974412756655394,4,4,-6.5,139,"c(""Tony Padilla"", "" Nate Harris"", "" Tommy Nunez"")","Las Vegas, NV",Thomas & Mack Center,18500,NA,NA,NA,NA,NA,NA,NA,NA,NA,Utah State,UNLV,FALSE
401262616,2021-01-25,UNLV,Utah State,39,1,14:12,2052,2052,Foul on Edoardo Del Cadia.,7,11,-4,4,0.19541577674479177,0.3972541263561349,4,4,-6.5,139,"c(""Tony Padilla"", "" Nate Harris"", "" Tommy Nunez"")","Las Vegas, NV",Thomas & Mack Center,18500,NA,NA,NA,NA,NA,NA,NA,NA,NA,UNLV,Utah State,FALSE
401262616,2021-01-25,UNLV,Utah State,40,1,14:12,2052,2052,Edoardo Del Cadia Turnover.,7,11,-4,0,0.19541577674479177,0.3972541263561349,4,4,-6.5,139,"c(""Tony Padilla"", "" Nate Harris"", "" Tommy Nunez"")","Las Vegas, NV",Thomas & Mack Center,18500,NA,NA,NA,NA,NA,NA,NA,NA,NA,UNLV,Utah State,FALSE
401262616,2021-01-25,UNLV,Utah State,41,1,13:58,2038,2038,Steven Ashworth Turnover.,7,11,-4,14,0.19532391548789127,0.3965965293459684,4,4,-6.5,139,"c(""Tony Padilla"", "" Nate Harris"", "" Tommy Nunez"")","Las Vegas, NV",Thomas & Mack Center,18500,NA,NA,NA,NA,NA,NA,NA,NA,NA,Utah State,UNLV,FALSE
401262616,2021-01-25,UNLV,Utah State,42,1,13:58,2038,2038,Bryce Hamilton Steal.,7,11,-4,0,0.19532391548789127,0.3965965293459684,4,4,-6.5,139,"c(""Tony Padilla"", "" Nate Harris"", "" Tommy Nunez"")","Las Vegas, NV",Thomas & Mack Center,18500,NA,NA,NA,NA,NA,NA,NA,NA,NA,Utah State,UNLV,FALSE
401262616,2021-01-25,UNLV,Utah State,43,1,13:54,2034,2034,Bryce Hamilton missed Layup.,7,11,-4,4,0.1952979043367384,0.39640789253425024,4,4,-6.5,139,"c(""Tony Padilla"", "" Nate Harris"", "" Tommy Nunez"")","Las Vegas, NV",Thomas & Mack Center,18500,NA,NA,NA,UNLV,missed,Bryce Hamilton,NA,FALSE,FALSE,UNLV,UNLV,FALSE
401262616,2021-01-25,UNLV,Utah State,44,1,13:54,2034,2034,Neemias Queta Block.,7,11,-4,0,0.1952979043367384,0.39640789253425024,4,4,-6.5,139,"c(""Tony Padilla"", "" Nate Harris"", "" Tommy Nunez"")","Las Vegas, NV",Thomas & Mack Center,18500,NA,NA,NA,NA,NA,NA,NA,NA,NA,UNLV,UNLV,FALSE
401262616,2021-01-25,UNLV,Utah State,45,1,13:50,2030,2030,Edoardo Del Cadia Offensive Rebound.,7,11,-4,4,0.19527198994417594,0.39621891424323763,4,4,-6.5,139,"c(""Tony Padilla"", "" Nate Harris"", "" Tommy Nunez"")","Las Vegas, NV",Thomas & Mack Center,18500,NA,NA,NA,NA,NA,NA,NA,NA,NA,UNLV,UNLV,FALSE
401262616,2021-01-25,UNLV,Utah State,46,1,13:47,2027,2027,Nicquel Blake missed Three Point Jumper.,7,11,-4,3,0.19525261513867104,0.39607695404435833,4,4,-6.5,139,"c(""Tony Padilla"", "" Nate Harris"", "" Tommy Nunez"")","Las Vegas, NV",Thomas & Mack Center,18500,NA,NA,NA,UNLV,missed,Nicquel Blake,NA,TRUE,FALSE,UNLV,Utah State,FALSE
401262616,2021-01-25,UNLV,Utah State,47,1,13:43,2023,2023,Marco Anthony Defensive Rebound.,7,11,-4,4,0.1952268600393327,0.39588736862803214,4,4,-6.5,139,"c(""Tony Padilla"", "" Nate Harris"", "" Tommy Nunez"")","Las Vegas, NV",Thomas & Mack Center,18500,NA,NA,NA,NA,NA,NA,NA,NA,NA,UNLV,Utah State,FALSE
401262616,2021-01-25,UNLV,Utah State,48,1,13:39,2019,2019,Alphonso Anderson missed Layup.,7,11,-4,4,0.19520119023381458,0.39569743083988324,4,4,-6.5,139,"c(""Tony Padilla"", "" Nate Harris"", "" Tommy Nunez"")","Las Vegas, NV",Thomas & Mack Center,18500,NA,NA,NA,Utah State,missed,Alphonso Anderson,NA,FALSE,FALSE,Utah State,UNLV,FALSE
401262616,2021-01-25,UNLV,Utah State,49,1,13:36,2016,2016,Moses Wood Defensive Rebound.,7,11,-4,3,0.19518199134772626,0.3955547438760948,4,4,-6.5,139,"c(""Tony Padilla"", "" Nate Harris"", "" Tommy Nunez"")","Las Vegas, NV",Thomas & Mack Center,18500,NA,NA,NA,NA,NA,NA,NA,NA,NA,Utah State,UNLV,FALSE
401262616,2021-01-25,UNLV,Utah State,50,1,13:30,2010,2010,David Jenkins Jr. missed Three Point Jumper.,7,11,-4,6,0.19514372345246725,0.39526876198315497,4,4,-6.5,139,"c(""Tony Padilla"", "" Nate Harris"", "" Tommy Nunez"")","Las Vegas, NV",Thomas & Mack Center,18500,NA,NA,NA,UNLV,missed,David Jenkins Jr.,NA,TRUE,FALSE,UNLV,Utah State,FALSE
401262616,2021-01-25,UNLV,Utah State,51,1,13:26,2006,2006,Marco Anthony Defensive Rebound.,7,11,-4,4,0.19511830209109424,0.39507765169949255,4,4,-6.5,139,"c(""Tony Padilla"", "" Nate Harris"", "" Tommy Nunez"")","Las Vegas, NV",Thomas & Mack Center,18500,NA,NA,NA,NA,NA,NA,NA,NA,NA,UNLV,Utah State,FALSE
401262616,2021-01-25,UNLV,Utah State,52,1,13:08,1988,1988,Neemias Queta made Layup.,7,13,-6,18,0.1634702101764927,0.3442400836310272,4,4,-6.5,139,"c(""Tony Padilla"", "" Nate Harris"", "" Tommy Nunez"")","Las Vegas, NV",Thomas & Mack Center,18500,NA,NA,NA,Utah State,made,Neemias Queta,NA,FALSE,FALSE,Utah State,UNLV,FALSE
401262616,2021-01-25,UNLV,Utah State,53,1,12:50,1970,1970,Bryce Hamilton made Three Point Jumper. Assisted by Moses Wood.,10,13,-3,18,0.21245210657182748,0.41946529672286503,4,4,-6.5,139,"c(""Tony Padilla"", "" Nate Harris"", "" Tommy Nunez"")","Las Vegas, NV",Thomas & Mack Center,18500,NA,NA,NA,UNLV,made,Bryce Hamilton,Moses Wood,TRUE,FALSE,UNLV,Utah State,FALSE
401262616,2021-01-25,UNLV,Utah State,54,1,12:34,1954,1954,Alphonso Anderson missed Three Point Jumper.,10,13,-3,16,0.21248308689703801,0.41886639524066294,4,4,-6.5,139,"c(""Tony Padilla"", "" Nate Harris"", "" Tommy Nunez"")","Las Vegas, NV",Thomas & Mack Center,18500,NA,NA,NA,Utah State,missed,Alphonso Anderson,NA,TRUE,FALSE,Utah State,UNLV,FALSE
401262616,2021-01-25,UNLV,Utah State,55,1,12:31,1951,1951,Bryce Hamilton Defensive Rebound.,10,13,-3,3,0.21248906669893966,0.4187535137825316,4,4,-6.5,139,"c(""Tony Padilla"", "" Nate Harris"", "" Tommy Nunez"")","Las Vegas, NV",Thomas & Mack Center,18500,NA,NA,NA,NA,NA,NA,NA,NA,NA,Utah State,UNLV,FALSE
401262616,2021-01-25,UNLV,Utah State,56,1,12:23,1943,1943,Bryce Hamilton missed Layup.,10,13,-3,8,0.21250525411890303,0.41845157063326655,4,4,-6.5,139,"c(""Tony Padilla"", "" Nate Harris"", "" Tommy Nunez"")","Las Vegas, NV",Thomas & Mack Center,18500,NA,NA,NA,UNLV,missed,Bryce Hamilton,NA,FALSE,FALSE,UNLV,Utah State,FALSE
401262616,2021-01-25,UNLV,Utah State,57,1,12:23,1943,1943,Neemias Queta Block.,10,13,-3,0,0.21250525411890303,0.41845157063326655,4,4,-6.5,139,"c(""Tony Padilla"", "" Nate Harris"", "" Tommy Nunez"")","Las Vegas, NV",Thomas & Mack Center,18500,NA,NA,NA,NA,NA,NA,NA,NA,NA,UNLV,Utah State,FALSE
401262616,2021-01-25,UNLV,Utah State,58,1,12:20,1940,1940,Steven Ashworth Defensive Rebound.,10,13,-3,3,0.2125114104664995,0.4183379910358189,4,4,-6.5,139,"c(""Tony Padilla"", "" Nate Harris"", "" Tommy Nunez"")","Las Vegas, NV",Thomas & Mack Center,18500,NA,NA,NA,NA,NA,NA,NA,NA,NA,UNLV,Utah State,FALSE
401262616,2021-01-25,UNLV,Utah State,59,1,12:14,1934,1934,Alphonso Anderson missed Three Point Jumper.,10,13,-3,6,0.21252385522088613,0.4181102502804134,4,4,-6.5,139,"c(""Tony Padilla"", "" Nate Harris"", "" Tommy Nunez"")","Las Vegas, NV",Thomas & Mack Center,18500,NA,NA,NA,Utah State,missed,Alphonso Anderson,NA,TRUE,FALSE,Utah State,Utah State,FALSE
401262616,2021-01-25,UNLV,Utah State,60,1,12:11,1931,1931,Marco Anthony Offensive Rebound.,10,13,-3,3,0.2125301405303787,0.41799608653618564,4,4,-6.5,139,"c(""Tony Padilla"", "" Nate Harris"", "" Tommy Nunez"")","Las Vegas, NV",Thomas & Mack Center,18500,NA,NA,NA,NA,NA,NA,NA,NA,NA,Utah State,Utah State,FALSE
401262616,2021-01-25,UNLV,Utah State,61,1,12:09,1929,1929,Marco Anthony made Jumper.,10,15,-5,2,0.17790665929217742,0.3653547809158354,4,4,-6.5,139,"c(""Tony Padilla"", "" Nate Harris"", "" Tommy Nunez"")","Las Vegas, NV",Thomas & Mack Center,18500,NA,NA,NA,Utah State,made,Marco Anthony,NA,FALSE,FALSE,Utah State,UNLV,FALSE
401262616,2021-01-25,UNLV,Utah State,62,1,11:55,1915,1915,Moses Wood made Three Point Jumper. Assisted by Nicquel Blake.,13,15,-2,14,0.23176942666147352,0.4446431038436045,4,4,-6.5,139,"c(""Tony Padilla"", "" Nate Harris"", "" Tommy Nunez"")","Las Vegas, NV",Thomas & Mack Center,18500,NA,NA,NA,UNLV,made,Moses Wood,Nicquel Blake,TRUE,FALSE,UNLV,Utah State,FALSE
401262616,2021-01-25,UNLV,Utah State,63,1,11:41,1901,1901,Steven Ashworth Turnover.,13,15,-2,14,0.23194161828849047,0.44428313984447365,4,4,-6.5,139,"c(""Tony Padilla"", "" Nate Harris"", "" Tommy Nunez"")","Las Vegas, NV",Thomas & Mack Center,18500,NA,NA,NA,NA,NA,NA,NA,NA,NA,Utah State,UNLV,FALSE
401262616,2021-01-25,UNLV,Utah State,64,1,11:41,1901,1901,Bryce Hamilton Steal.,13,15,-2,0,0.23194161828849047,0.44428313984447365,4,4,-6.5,139,"c(""Tony Padilla"", "" Nate Harris"", "" Tommy Nunez"")","Las Vegas, NV",Thomas & Mack Center,18500,NA,NA,NA,NA,NA,NA,NA,NA,NA,Utah State,UNLV,FALSE
401262616,2021-01-25,UNLV,Utah State,65,1,11:38,1898,1898,Foul on Steven Ashworth.,13,15,-2,3,0.23197933885489078,0.4442060448263449,4,4,-6.5,139,"c(""Tony Padilla"", "" Nate Harris"", "" Tommy Nunez"")","Las Vegas, NV",Thomas & Mack Center,18500,NA,NA,NA,NA,NA,NA,NA,NA,NA,UNLV,UNLV,FALSE
401262616,2021-01-25,UNLV,Utah State,66,1,11:38,1898,1898,Official TV Timeout,13,15,-2,0,0.23197933885489078,0.4442060448263449,4,4,-6.5,139,"c(""Tony Padilla"", "" Nate Harris"", "" Tommy Nunez"")","Las Vegas, NV",Thomas & Mack Center,18500,NA,NA,NA,NA,NA,NA,NA,NA,NA,UNLV,UNLV,FALSE
401262616,2021-01-25,UNLV,Utah State,67,1,11:17,1877,1877,Devin Tillis Turnover.,13,15,-2,21,0.2322509091919925,0.4436662854058685,4,4,-6.5,139,"c(""Tony Padilla"", "" Nate Harris"", "" Tommy Nunez"")","Las Vegas, NV",Thomas & Mack Center,18500,NA,NA,NA,NA,NA,NA,NA,NA,NA,UNLV,Utah State,FALSE
401262616,2021-01-25,UNLV,Utah State,68,1,11:17,1877,1877,Trevin Dorius Steal.,13,15,-2,0,0.2322509091919925,0.4436662854058685,4,4,-6.5,139,"c(""Tony Padilla"", "" Nate Harris"", "" Tommy Nunez"")","Las Vegas, NV",Thomas & Mack Center,18500,NA,NA,NA,NA,NA,NA,NA,NA,NA,UNLV,Utah State,FALSE
401262616,2021-01-25,UNLV,Utah State,69,1,10:57,1857,1857,Rollie Worster missed Three Point Jumper.,13,15,-2,20,0.2325206597241629,0.44315115138806743,4,4,-6.5,139,"c(""Tony Padilla"", "" Nate Harris"", "" Tommy Nunez"")","Las Vegas, NV",Thomas & Mack Center,18500,NA,NA,NA,Utah State,missed,Rollie Worster,NA,TRUE,FALSE,Utah State,UNLV,FALSE
401262616,2021-01-25,UNLV,Utah State,70,1,10:52,1852,1852,Nicquel Blake Defensive Rebound.,13,15,-2,5,0.2325896104021263,0.44302205646961973,4,4,-6.5,139,"c(""Tony Padilla"", "" Nate Harris"", "" Tommy Nunez"")","Las Vegas, NV",Thomas & Mack Center,18500,NA,NA,NA,NA,NA,NA,NA,NA,NA,Utah State,UNLV,FALSE
401262616,2021-01-25,UNLV,Utah State,71,1,10:51,1851,1851,David Jenkins Jr. Turnover.,13,15,-2,1,0.23260346824881986,0.4429962185474866,4,4,-6.5,139,"c(""Tony Padilla"", "" Nate Harris"", "" Tommy Nunez"")","Las Vegas, NV",Thomas & Mack Center,18500,NA,NA,NA,NA,NA,NA,NA,NA,NA,UNLV,Utah State,FALSE
401262616,2021-01-25,UNLV,Utah State,72,1,10:31,1831,1831,Justin Bean missed Three Point Jumper.,13,15,-2,20,0.2328850203315004,0.4424778552327264,4,4,-6.5,139,"c(""Tony Padilla"", "" Nate Harris"", "" Tommy Nunez"")","Las Vegas, NV",Thomas & Mack Center,18500,NA,NA,NA,Utah State,missed,Justin Bean,NA,TRUE,FALSE,Utah State,UNLV,FALSE
401262616,2021-01-25,UNLV,Utah State,73,1,10:28,1828,1828,Nicquel Blake Defensive Rebound.,13,15,-2,3,0.23292792288446243,0.44239979475606916,4,4,-6.5,139,"c(""Tony Padilla"", "" Nate Harris"", "" Tommy Nunez"")","Las Vegas, NV",Thomas & Mack Center,18500,NA,NA,NA,NA,NA,NA,NA,NA,NA,Utah State,UNLV,FALSE
401262616,2021-01-25,UNLV,Utah State,74,1,10:11,1811,1811,Cheikh Mbacke Diong made Layup. Assisted by Nicquel Blake.,15,15,0,17,0.2774298572588846,0.5,4,4,-6.5,139,"c(""Tony Padilla"", "" Nate Harris"", "" Tommy Nunez"")","Las Vegas, NV",Thomas & Mack Center,18500,NA,NA,NA,UNLV,made,Cheikh Mbacke Diong,Nicquel Blake,FALSE,FALSE,UNLV,Utah State,FALSE
401262616,2021-01-25,UNLV,Utah State,75,1,10:01,1801,1801,Justin Bean Turnover.,15,15,0,10,0.27780822955166806,0.5,4,4,-6.5,139,"c(""Tony Padilla"", "" Nate Harris"", "" Tommy Nunez"")","Las Vegas, NV",Thomas & Mack Center,18500,NA,NA,NA,NA,NA,NA,NA,NA,NA,Utah State,UNLV,FALSE
401262616,2021-01-25,UNLV,Utah State,76,1,9:48,1788,1788,Devin Tillis missed Three Point Jumper.,15,15,0,13,0.2783043706691555,0.5,4,4,-6.5,139,"c(""Tony Padilla"", "" Nate Harris"", "" Tommy Nunez"")","Las Vegas, NV",Thomas & Mack Center,18500,NA,NA,NA,UNLV,missed,Devin Tillis,NA,TRUE,FALSE,UNLV,Utah State,FALSE
401262616,2021-01-25,UNLV,Utah State,77,1,9:48,1788,1788,Trevin Dorius Block.,15,15,0,0,0.2783043706691555,0.5,4,4,-6.5,139,"c(""Tony Padilla"", "" Nate Harris"", "" Tommy Nunez"")","Las Vegas, NV",Thomas & Mack Center,18500,NA,NA,NA,NA,NA,NA,NA,NA,NA,UNLV,Utah State,FALSE
401262616,2021-01-25,UNLV,Utah State,78,1,9:43,1783,1783,Trevin Dorius Defensive Rebound.,15,15,0,5,0.27849644001202195,0.5,4,4,-6.5,139,"c(""Tony Padilla"", "" Nate Harris"", "" Tommy Nunez"")","Las Vegas, NV",Thomas & Mack Center,18500,NA,NA,NA,NA,NA,NA,NA,NA,NA,UNLV,Utah State,FALSE
401262616,2021-01-25,UNLV,Utah State,79,1,9:40,1780,1780,Justin Bean made Layup. Assisted by Steven Ashworth.,15,17,-2,3,0.23363261791670478,0.4411355337061376,4,4,-6.5,139,"c(""Tony Padilla"", "" Nate Harris"", "" Tommy Nunez"")","Las Vegas, NV",Thomas & Mack Center,18500,NA,NA,NA,Utah State,made,Justin Bean,Steven Ashworth,FALSE,FALSE,Utah State,UNLV,FALSE
401262616,2021-01-25,UNLV,Utah State,80,1,9:21,1761,1761,Nicquel Blake missed Three Point Jumper.,15,17,-2,19,0.23391821813238678,0.44062487175074977,4,4,-6.5,139,"c(""Tony Padilla"", "" Nate Harris"", "" Tommy Nunez"")","Las Vegas, NV",Thomas & Mack Center,18500,NA,NA,NA,UNLV,missed,Nicquel Blake,NA,TRUE,FALSE,UNLV,Utah State,FALSE
401262616,2021-01-25,UNLV,Utah State,81,1,9:17,1757,1757,Steven Ashworth Defensive Rebound.,15,17,-2,4,0.23397861729103211,0.4405164585835989,4,4,-6.5,139,"c(""Tony Padilla"", "" Nate Harris"", "" Tommy Nunez"")","Las Vegas, NV",Thomas & Mack Center,18500,NA,NA,NA,NA,NA,NA,NA,NA,NA,UNLV,Utah State,FALSE
401262616,2021-01-25,UNLV,Utah State,82,1,9:10,1750,1750,Justin Bean missed Jumper.,15,17,-2,7,0.23408447018144043,0.44032591899175627,4,4,-6.5,139,"c(""Tony Padilla"", "" Nate Harris"", "" Tommy Nunez"")","Las Vegas, NV",Thomas & Mack Center,18500,NA,NA,NA,Utah State,missed,Justin Bean,NA,FALSE,FALSE,Utah State,Utah State,FALSE
401262616,2021-01-25,UNLV,Utah State,83,1,9:06,1746,1746,Justin Bean Offensive Rebound.,15,17,-2,4,0.23414502459197384,0.44021655583996494,4,4,-6.5,139,"c(""Tony Padilla"", "" Nate Harris"", "" Tommy Nunez"")","Las Vegas, NV",Thomas & Mack Center,18500,NA,NA,NA,NA,NA,NA,NA,NA,NA,Utah State,Utah State,FALSE
401262616,2021-01-25,UNLV,Utah State,84,1,9:02,1742,1742,Rollie Worster missed Three Point Jumper.,15,17,-2,4,0.2342056123580028,0.4401068289315109,4,4,-6.5,139,"c(""Tony Padilla"", "" Nate Harris"", "" Tommy Nunez"")","Las Vegas, NV",Thomas & Mack Center,18500,NA,NA,NA,Utah State,missed,Rollie Worster,NA,TRUE,FALSE,Utah State,UNLV,FALSE
401262616,2021-01-25,UNLV,Utah State,85,1,8:59,1739,1739,Devin Tillis Defensive Rebound.,15,17,-2,3,0.23425106765279852,0.44002428916341035,4,4,-6.5,139,"c(""Tony Padilla"", "" Nate Harris"", "" Tommy Nunez"")","Las Vegas, NV",Thomas & Mack Center,18500,NA,NA,NA,NA,NA,NA,NA,NA,NA,Utah State,UNLV,FALSE
401262616,2021-01-25,UNLV,Utah State,86,1,8:59,1739,1739,Foul on Trevin Dorius.,15,17,-2,0,0.23425106765279852,0.44002428916341035,4,4,-6.5,139,"c(""Tony Padilla"", "" Nate Harris"", "" Tommy Nunez"")","Las Vegas, NV",Thomas & Mack Center,18500,NA,NA,NA,NA,NA,NA,NA,NA,NA,UNLV,UNLV,FALSE
401262616,2021-01-25,UNLV,Utah State,87,1,8:27,1707,1707,David Jenkins Jr. made Three Point Jumper. Assisted by Bryce Hamilton.,18,17,1,32,0.3068853703220868,0.5305487560888571,4,4,-6.5,139,"c(""Tony Padilla"", "" Nate Harris"", "" Tommy Nunez"")","Las Vegas, NV",Thomas & Mack Center,18500,NA,NA,NA,UNLV,made,David Jenkins Jr.,Bryce Hamilton,TRUE,FALSE,UNLV,Utah State,FALSE
401262616,2021-01-25,UNLV,Utah State,88,1,8:13,1693,1693,Marco Anthony Turnover.,18,17,1,14,0.3076536793989597,0.5307511825321546,4,4,-6.5,139,"c(""Tony Padilla"", "" Nate Harris"", "" Tommy Nunez"")","Las Vegas, NV",Thomas & Mack Center,18500,NA,NA,NA,NA,NA,NA,NA,NA,NA,Utah State,UNLV,FALSE
401262616,2021-01-25,UNLV,Utah State,89,1,7:57,1677,1677,Bryce Hamilton Turnover.,18,17,1,16,0.3085420260427929,0.5309830176777515,4,4,-6.5,139,"c(""Tony Padilla"", "" Nate Harris"", "" Tommy Nunez"")","Las Vegas, NV",Thomas & Mack Center,18500,NA,NA,NA,NA,NA,NA,NA,NA,NA,UNLV,Utah State,FALSE
401262616,2021-01-25,UNLV,Utah State,90,1,7:57,1677,1677,Official TV Timeout,18,17,1,0,0.3085420260427929,0.5309830176777515,4,4,-6.5,139,"c(""Tony Padilla"", "" Nate Harris"", "" Tommy Nunez"")","Las Vegas, NV",Thomas & Mack Center,18500,NA,NA,NA,NA,NA,NA,NA,NA,NA,UNLV,Utah State,FALSE
401262616,2021-01-25,UNLV,Utah State,91,1,7:41,1661,1661,Brock Miller made Three Point Jumper. Assisted by Neemias Queta.,18,20,-2,16,0.23546172513462715,0.4378226064987027,4,4,-6.5,139,"c(""Tony Padilla"", "" Nate Harris"", "" Tommy Nunez"")","Las Vegas, NV",Thomas & Mack Center,18500,NA,NA,NA,Utah State,made,Brock Miller,Neemias Queta,TRUE,FALSE,Utah State,UNLV,FALSE
401262616,2021-01-25,UNLV,Utah State,92,1,7:40,1660,1660,Foul on Caleb Grill.,18,20,-2,1,0.2354791932044692,0.4377948760307825,4,4,-6.5,139,"c(""Tony Padilla"", "" Nate Harris"", "" Tommy Nunez"")","Las Vegas, NV",Thomas & Mack Center,18500,NA,NA,NA,NA,NA,NA,NA,NA,NA,UNLV,Utah State,FALSE
401262616,2021-01-25,UNLV,Utah State,93,1,7:40,1660,1660,Brock Miller made Free Throw.,18,21,-3,0,0.21371351140470085,0.4072912893407058,4,4,-6.5,139,"c(""Tony Padilla"", "" Nate Harris"", "" Tommy Nunez"")","Las Vegas, NV",Thomas & Mack Center,18500,NA,NA,NA,Utah State,made,Brock Miller,NA,FALSE,TRUE,Utah State,UNLV,FALSE
401262616,2021-01-25,UNLV,Utah State,94,1,7:15,1635,1635,Cheikh Mbacke Diong missed Jumper.,18,21,-3,25,0.21390801862625608,0.4062844499778993,4,4,-6.5,139,"c(""Tony Padilla"", "" Nate Harris"", "" Tommy Nunez"")","Las Vegas, NV",Thomas & Mack Center,18500,NA,NA,NA,UNLV,missed,Cheikh Mbacke Diong,NA,FALSE,FALSE,UNLV,UNLV,FALSE
401262616,2021-01-25,UNLV,Utah State,95,1,7:11,1631,1631,Moses Wood Offensive Rebound.,18,21,-3,4,0.2139428442633599,0.40612522839305526,4,4,-6.5,139,"c(""Tony Padilla"", "" Nate Harris"", "" Tommy Nunez"")","Las Vegas, NV",Thomas & Mack Center,18500,NA,NA,NA,NA,NA,NA,NA,NA,NA,UNLV,UNLV,FALSE
401262616,2021-01-25,UNLV,Utah State,96,1,7:11,1631,1631,Moses Wood made Layup.,20,21,-1,0,0.2596126726635503,0.4683750307775683,4,4,-6.5,139,"c(""Tony Padilla"", "" Nate Harris"", "" Tommy Nunez"")","Las Vegas, NV",Thomas & Mack Center,18500,NA,NA,NA,UNLV,made,Moses Wood,NA,FALSE,FALSE,UNLV,Utah State,FALSE
401262616,2021-01-25,UNLV,Utah State,97,1,7:01,1621,1621,Neemias Queta missed Jumper.,20,21,-1,10,0.2599272176607752,0.46823855682390153,4,4,-6.5,139,"c(""Tony Padilla"", "" Nate Harris"", "" Tommy Nunez"")","Las Vegas, NV",Thomas & Mack Center,18500,NA,NA,NA,Utah State,missed,Neemias Queta,NA,FALSE,FALSE,Utah State,Utah State,FALSE
401262616,2021-01-25,UNLV,Utah State,98,1,6:58,1618,1618,Alphonso Anderson Offensive Rebound.,20,21,-1,3,0.2600225246253007,0.4681977238463864,4,4,-6.5,139,"c(""Tony Padilla"", "" Nate Harris"", "" Tommy Nunez"")","Las Vegas, NV",Thomas & Mack Center,18500,NA,NA,NA,NA,NA,NA,NA,NA,NA,Utah State,Utah State,FALSE
401262616,2021-01-25,UNLV,Utah State,99,1,6:57,1617,1617,Alphonso Anderson missed Layup.,20,21,-1,1,0.2600543852663104,0.4681841214915542,4,4,-6.5,139,"c(""Tony Padilla"", "" Nate Harris"", "" Tommy Nunez"")","Las Vegas, NV",Thomas & Mack Center,18500,NA,NA,NA,Utah State,missed,Alphonso Anderson,NA,FALSE,FALSE,Utah State,Utah State,FALSE
401262616,2021-01-25,UNLV,Utah State,100,1,6:54,1614,1614,Neemias Queta Offensive Rebound.,20,21,-1,3,0.2601502344688511,0.4681433364954899,4,4,-6.5,139,"c(""Tony Padilla"", "" Nate Harris"", "" Tommy Nunez"")","Las Vegas, NV",Thomas & Mack Center,18500,NA,NA,NA,NA,NA,NA,NA,NA,NA,Utah State,Utah State,FALSE
401262616,2021-01-25,UNLV,Utah State,101,1,6:53,1613,1613,Rollie Worster missed Three Point Jumper.,20,21,-1,1,0.2601822714667662,0.4681297479375936,4,4,-6.5,139,"c(""Tony Padilla"", "" Nate Harris"", "" Tommy Nunez"")","Las Vegas, NV",Thomas & Mack Center,18500,NA,NA,NA,Utah State,missed,Rollie Worster,NA,TRUE,FALSE,Utah State,Utah State,FALSE
401262616,2021-01-25,UNLV,Utah State,102,1,6:49,1609,1609,Neemias Queta Offensive Rebound.,20,21,-1,4,0.2603108411315995,0.468075418587377,4,4,-6.5,139,"c(""Tony Padilla"", "" Nate Harris"", "" Tommy Nunez"")","Las Vegas, NV",Thomas & Mack Center,18500,NA,NA,NA,NA,NA,NA,NA,NA,NA,Utah State,Utah State,FALSE
401262616,2021-01-25,UNLV,Utah State,103,1,6:43,1603,1603,Marco Anthony made Three Point Jumper. Assisted by Alphonso Anderson.,20,24,-4,6,0.19341919847521777,0.3745379165134954,4,4,-6.5,139,"c(""Tony Padilla"", "" Nate Harris"", "" Tommy Nunez"")","Las Vegas, NV",Thomas & Mack Center,18500,NA,NA,NA,Utah State,made,Marco Anthony,Alphonso Anderson,TRUE,FALSE,Utah State,UNLV,FALSE
401262616,2021-01-25,UNLV,Utah State,104,1,6:23,1583,1583,David Jenkins Jr. made Three Point Jumper. Assisted by Nicquel Blake.,23,24,-1,20,0.2611607700648764,0.4677221416887046,4,4,-6.5,139,"c(""Tony Padilla"", "" Nate Harris"", "" Tommy Nunez"")","Las Vegas, NV",Thomas & Mack Center,18500,NA,NA,NA,UNLV,made,David Jenkins Jr.,Nicquel Blake,TRUE,FALSE,UNLV,Utah State,FALSE
401262616,2021-01-25,UNLV,Utah State,105,1,6:23,1583,1583,Foul on Brock Miller.,23,24,-1,0,0.2611607700648764,0.4677221416887046,4,4,-6.5,139,"c(""Tony Padilla"", "" Nate Harris"", "" Tommy Nunez"")","Las Vegas, NV",Thomas & Mack Center,18500,NA,NA,NA,NA,NA,NA,NA,NA,NA,UNLV,Utah State,FALSE
401262616,2021-01-25,UNLV,Utah State,106,1,6:23,1583,1583,David Jenkins Jr. made Free Throw.,24,24,0,0,0.2868662494911944,0.5,4,4,-6.5,139,"c(""Tony Padilla"", "" Nate Harris"", "" Tommy Nunez"")","Las Vegas, NV",Thomas & Mack Center,18500,NA,NA,NA,UNLV,made,David Jenkins Jr.,NA,FALSE,TRUE,UNLV,Utah State,FALSE
401262616,2021-01-25,UNLV,Utah State,107,1,6:04,1564,1564,Rollie Worster made Layup.,24,26,-2,19,0.2373970296349589,0.43519825304482407,4,4,-6.5,139,"c(""Tony Padilla"", "" Nate Harris"", "" Tommy Nunez"")","Las Vegas, NV",Thomas & Mack Center,18500,NA,NA,NA,Utah State,made,Rollie Worster,NA,FALSE,FALSE,Utah State,UNLV,FALSE
401262616,2021-01-25,UNLV,Utah State,108,1,5:53,1553,1553,Nicquel Blake made Three Point Jumper. Assisted by Bryce Hamilton.,27,26,1,11,0.31586058570621683,0.5326903903799105,4,4,-6.5,139,"c(""Tony Padilla"", "" Nate Harris"", "" Tommy Nunez"")","Las Vegas, NV",Thomas & Mack Center,18500,NA,NA,NA,UNLV,made,Nicquel Blake,Bryce Hamilton,TRUE,FALSE,UNLV,Utah State,FALSE
401262616,2021-01-25,UNLV,Utah State,109,1,5:28,1528,1528,Rollie Worster made Layup. Assisted by Neemias Queta.,27,28,-1,25,0.2630049556552076,0.4669567245665355,4,4,-6.5,139,"c(""Tony Padilla"", "" Nate Harris"", "" Tommy Nunez"")","Las Vegas, NV",Thomas & Mack Center,18500,NA,NA,NA,Utah State,made,Rollie Worster,Neemias Queta,FALSE,FALSE,Utah State,UNLV,FALSE
401262616,2021-01-25,UNLV,Utah State,110,1,5:08,1508,1508,David Jenkins Jr. missed Three Point Jumper.,27,28,-1,20,0.2636770226199257,0.4666653686958037,4,4,-6.5,139,"c(""Tony Padilla"", "" Nate Harris"", "" Tommy Nunez"")","Las Vegas, NV",Thomas & Mack Center,18500,NA,NA,NA,UNLV,missed,David Jenkins Jr.,NA,TRUE,FALSE,UNLV,UNLV,FALSE
401262616,2021-01-25,UNLV,Utah State,111,1,5:06,1506,1506,Cheikh Mbacke Diong Offensive Rebound.,27,28,-1,2,0.263743953483128,0.46663569625467993,4,4,-6.5,139,"c(""Tony Padilla"", "" Nate Harris"", "" Tommy Nunez"")","Las Vegas, NV",Thomas & Mack Center,18500,NA,NA,NA,NA,NA,NA,NA,NA,NA,UNLV,UNLV,FALSE
401262616,2021-01-25,UNLV,Utah State,112,1,5:05,1505,1505,Cheikh Mbacke Diong missed Layup.,27,28,-1,1,0.2637773935803873,0.4666208202775354,4,4,-6.5,139,"c(""Tony Padilla"", "" Nate Harris"", "" Tommy Nunez"")","Las Vegas, NV",Thomas & Mack Center,18500,NA,NA,NA,UNLV,missed,Cheikh Mbacke Diong,NA,FALSE,FALSE,UNLV,UNLV,FALSE
401262616,2021-01-25,UNLV,Utah State,113,1,5:05,1505,1505,Neemias Queta Block.,27,28,-1,0,0.2637773935803873,0.4666208202775354,4,4,-6.5,139,"c(""Tony Padilla"", "" Nate Harris"", "" Tommy Nunez"")","Las Vegas, NV",Thomas & Mack Center,18500,NA,NA,NA,NA,NA,NA,NA,NA,NA,UNLV,UNLV,FALSE
401262616,2021-01-25,UNLV,Utah State,114,1,5:01,1501,1501,Cheikh Mbacke Diong Offensive Rebound.,27,28,-1,4,0.26391097180102213,0.4665610449286985,4,4,-6.5,139,"c(""Tony Padilla"", "" Nate Harris"", "" Tommy Nunez"")","Las Vegas, NV",Thomas & Mack Center,18500,NA,NA,NA,NA,NA,NA,NA,NA,NA,UNLV,UNLV,FALSE
401262616,2021-01-25,UNLV,Utah State,115,1,5:00,1500,1500,Cheikh Mbacke Diong made Layup.,29,28,1,1,0.31918159243580563,0.5334539681391741,4,4,-6.5,139,"c(""Tony Padilla"", "" Nate Harris"", "" Tommy Nunez"")","Las Vegas, NV",Thomas & Mack Center,18500,NA,NA,NA,UNLV,made,Cheikh Mbacke Diong,NA,FALSE,FALSE,UNLV,Utah State,FALSE
401262616,2021-01-25,UNLV,Utah State,116,1,4:44,1484,1484,Neemias Queta Turnover.,29,28,1,16,0.32020181243158574,0.5336982043069026,4,4,-6.5,139,"c(""Tony Padilla"", "" Nate Harris"", "" Tommy Nunez"")","Las Vegas, NV",Thomas & Mack Center,18500,NA,NA,NA,NA,NA,NA,NA,NA,NA,Utah State,UNLV,FALSE
401262616,2021-01-25,UNLV,Utah State,117,1,4:44,1484,1484,Cheikh Mbacke Diong Steal.,29,28,1,0,0.32020181243158574,0.5336982043069026,4,4,-6.5,139,"c(""Tony Padilla"", "" Nate Harris"", "" Tommy Nunez"")","Las Vegas, NV",Thomas & Mack Center,18500,NA,NA,NA,NA,NA,NA,NA,NA,NA,Utah State,UNLV,FALSE
401262616,2021-01-25,UNLV,Utah State,118,1,4:37,1477,1477,Bryce Hamilton missed Jumper.,29,28,1,7,0.32065043630884943,0.5338076177961888,4,4,-6.5,139,"c(""Tony Padilla"", "" Nate Harris"", "" Tommy Nunez"")","Las Vegas, NV",Thomas & Mack Center,18500,NA,NA,NA,UNLV,missed,Bryce Hamilton,NA,FALSE,FALSE,UNLV,UNLV,FALSE
401262616,2021-01-25,UNLV,Utah State,119,1,4:34,1474,1474,Cheikh Mbacke Diong Offensive Rebound.,29,28,1,3,0.3208431090107261,0.5338550219627176,4,4,-6.5,139,"c(""Tony Padilla"", "" Nate Harris"", "" Tommy Nunez"")","Las Vegas, NV",Thomas & Mack Center,18500,NA,NA,NA,NA,NA,NA,NA,NA,NA,UNLV,UNLV,FALSE
401262616,2021-01-25,UNLV,Utah State,120,1,4:34,1474,1474,Foul on Alphonso Anderson.,29,28,1,0,0.3208431090107261,0.5338550219627176,4,4,-6.5,139,"c(""Tony Padilla"", "" Nate Harris"", "" Tommy Nunez"")","Las Vegas, NV",Thomas & Mack Center,18500,NA,NA,NA,NA,NA,NA,NA,NA,NA,UNLV,UNLV,FALSE
401262616,2021-01-25,UNLV,Utah State,121,1,4:20,1460,1460,Foul on Justin Bean.,29,28,1,14,0.3217453235376909,0.5340805693996076,4,4,-6.5,139,"c(""Tony Padilla"", "" Nate Harris"", "" Tommy Nunez"")","Las Vegas, NV",Thomas & Mack Center,18500,NA,NA,NA,NA,NA,NA,NA,NA,NA,UNLV,UNLV,FALSE
401262616,2021-01-25,UNLV,Utah State,122,1,4:20,1460,1460,Bryce Hamilton made Free Throw.,30,28,2,0,0.3522351958601245,0.5678459306191607,4,4,-6.5,139,"c(""Tony Padilla"", "" Nate Harris"", "" Tommy Nunez"")","Las Vegas, NV",Thomas & Mack Center,18500,NA,NA,NA,UNLV,made,Bryce Hamilton,NA,FALSE,TRUE,UNLV,UNLV,FALSE
401262616,2021-01-25,UNLV,Utah State,123,1,4:20,1460,1460,Bryce Hamilton made Free Throw.,31,28,3,0,0.38397867405844577,0.6009924299429911,4,4,-6.5,139,"c(""Tony Padilla"", "" Nate Harris"", "" Tommy Nunez"")","Las Vegas, NV",Thomas & Mack Center,18500,NA,NA,NA,UNLV,made,Bryce Hamilton,NA,FALSE,TRUE,UNLV,Utah State,FALSE
401262616,2021-01-25,UNLV,Utah State,124,1,4:04,1444,1444,Marco Anthony missed Layup.,31,28,3,16,0.38560822924981525,0.601760546031911,4,4,-6.5,139,"c(""Tony Padilla"", "" Nate Harris"", "" Tommy Nunez"")","Las Vegas, NV",Thomas & Mack Center,18500,NA,NA,NA,Utah State,missed,Marco Anthony,NA,FALSE,FALSE,Utah State,UNLV,FALSE
401262616,2021-01-25,UNLV,Utah State,125,1,4:00,1440,1440,Edoardo Del Cadia Defensive Rebound.,31,28,3,4,0.3860157584183675,0.6019510346718109,4,4,-6.5,139,"c(""Tony Padilla"", "" Nate Harris"", "" Tommy Nunez"")","Las Vegas, NV",Thomas & Mack Center,18500,NA,NA,NA,NA,NA,NA,NA,NA,NA,Utah State,UNLV,FALSE
401262616,2021-01-25,UNLV,Utah State,126,1,3:52,1432,1432,Bryce Hamilton Turnover.,31,28,3,8,0.3868291009728394,0.60232724698716,4,4,-6.5,139,"c(""Tony Padilla"", "" Nate Harris"", "" Tommy Nunez"")","Las Vegas, NV",Thomas & Mack Center,18500,NA,NA,NA,NA,NA,NA,NA,NA,NA,UNLV,Utah State,FALSE
401262616,2021-01-25,UNLV,Utah State,127,1,3:52,1432,1432,Marco Anthony Steal.,31,28,3,0,0.3868291009728394,0.60232724698716,4,4,-6.5,139,"c(""Tony Padilla"", "" Nate Harris"", "" Tommy Nunez"")","Las Vegas, NV",Thomas & Mack Center,18500,NA,NA,NA,NA,NA,NA,NA,NA,NA,UNLV,Utah State,FALSE
401262616,2021-01-25,UNLV,Utah State,128,1,3:52,1432,1432,Official TV Timeout,31,28,3,0,0.3868291009728394,0.60232724698716,4,4,-6.5,139,"c(""Tony Padilla"", "" Nate Harris"", "" Tommy Nunez"")","Las Vegas, NV",Thomas & Mack Center,18500,NA,NA,NA,NA,NA,NA,NA,NA,NA,UNLV,Utah State,FALSE
401262616,2021-01-25,UNLV,Utah State,129,1,3:38,1418,1418,Marco Anthony missed Three Point Jumper.,31,28,3,14,0.3882483832005199,0.6029722316999434,4,4,-6.5,139,"c(""Tony Padilla"", "" Nate Harris"", "" Tommy Nunez"")","Las Vegas, NV",Thomas & Mack Center,18500,NA,NA,NA,Utah State,missed,Marco Anthony,NA,TRUE,FALSE,Utah State,UNLV,FALSE
401262616,2021-01-25,UNLV,Utah State,130,1,3:35,1415,1415,David Jenkins Jr. Defensive Rebound.,31,28,3,3,0.3885520711965519,0.6031085283263077,4,4,-6.5,139,"c(""Tony Padilla"", "" Nate Harris"", "" Tommy Nunez"")","Las Vegas, NV",Thomas & Mack Center,18500,NA,NA,NA,NA,NA,NA,NA,NA,NA,Utah State,UNLV,FALSE
401262616,2021-01-25,UNLV,Utah State,131,1,3:15,1395,1395,Moses Wood missed Three Point Jumper.,31,28,3,20,0.39057573209336066,0.6040039332141572,4,4,-6.5,139,"c(""Tony Padilla"", "" Nate Harris"", "" Tommy Nunez"")","Las Vegas, NV",Thomas & Mack Center,18500,NA,NA,NA,UNLV,missed,Moses Wood,NA,TRUE,FALSE,UNLV,Utah State,FALSE
401262616,2021-01-25,UNLV,Utah State,132,1,3:12,1392,1392,Steven Ashworth Defensive Rebound.,31,28,3,3,0.39087946807531476,0.6041366819283165,4,4,-6.5,139,"c(""Tony Padilla"", "" Nate Harris"", "" Tommy Nunez"")","Las Vegas, NV",Thomas & Mack Center,18500,NA,NA,NA,NA,NA,NA,NA,NA,NA,UNLV,Utah State,FALSE
401262616,2021-01-25,UNLV,Utah State,133,1,3:12,1392,1392,Foul on Edoardo Del Cadia.,31,28,3,0,0.39087946807531476,0.6041366819283165,4,4,-6.5,139,"c(""Tony Padilla"", "" Nate Harris"", "" Tommy Nunez"")","Las Vegas, NV",Thomas & Mack Center,18500,NA,NA,NA,NA,NA,NA,NA,NA,NA,UNLV,Utah State,FALSE
401262616,2021-01-25,UNLV,Utah State,134,1,3:05,1385,1385,Steven Ashworth Turnover.,31,28,3,7,0.3915887573730658,0.604445339811183,4,4,-6.5,139,"c(""Tony Padilla"", "" Nate Harris"", "" Tommy Nunez"")","Las Vegas, NV",Thomas & Mack Center,18500,NA,NA,NA,NA,NA,NA,NA,NA,NA,Utah State,UNLV,FALSE
401262616,2021-01-25,UNLV,Utah State,135,1,3:05,1385,1385,Cheikh Mbacke Diong Steal.,31,28,3,0,0.3915887573730658,0.604445339811183,4,4,-6.5,139,"c(""Tony Padilla"", "" Nate Harris"", "" Tommy Nunez"")","Las Vegas, NV",Thomas & Mack Center,18500,NA,NA,NA,NA,NA,NA,NA,NA,NA,Utah State,UNLV,FALSE
401262616,2021-01-25,UNLV,Utah State,136,1,2:59,1379,1379,David Jenkins Jr. made Jumper. Assisted by Bryce Hamilton.,33,28,5,6,0.4614100543647286,0.6700788716237577,4,4,-6.5,139,"c(""Tony Padilla"", "" Nate Harris"", "" Tommy Nunez"")","Las Vegas, NV",Thomas & Mack Center,18500,NA,NA,NA,UNLV,made,David Jenkins Jr.,Bryce Hamilton,FALSE,FALSE,UNLV,Utah State,FALSE
401262616,2021-01-25,UNLV,Utah State,137,1,2:47,1367,1367,Marco Anthony missed Layup.,33,28,5,12,0.463047365620788,0.6708893609520876,4,4,-6.5,139,"c(""Tony Padilla"", "" Nate Harris"", "" Tommy Nunez"")","Las Vegas, NV",Thomas & Mack Center,18500,NA,NA,NA,Utah State,missed,Marco Anthony,NA,FALSE,FALSE,Utah State,Utah State,FALSE
401262616,2021-01-25,UNLV,Utah State,138,1,2:47,1367,1367,Cheikh Mbacke Diong Block.,33,28,5,0,0.463047365620788,0.6708893609520876,4,4,-6.5,139,"c(""Tony Padilla"", "" Nate Harris"", "" Tommy Nunez"")","Las Vegas, NV",Thomas & Mack Center,18500,NA,NA,NA,NA,NA,NA,NA,NA,NA,Utah State,Utah State,FALSE
401262616,2021-01-25,UNLV,Utah State,139,1,2:43,1363,1363,Marco Anthony Offensive Rebound.,33,28,5,4,0.46359432504373005,0.6711593098209736,4,4,-6.5,139,"c(""Tony Padilla"", "" Nate Harris"", "" Tommy Nunez"")","Las Vegas, NV",Thomas & Mack Center,18500,NA,NA,NA,NA,NA,NA,NA,NA,NA,Utah State,Utah State,FALSE
401262616,2021-01-25,UNLV,Utah State,140,1,2:42,1362,1362,Justin Bean made Layup. Assisted by Marco Anthony.,33,30,3,1,0.3939290847621186,0.6054541280003313,4,4,-6.5,139,"c(""Tony Padilla"", "" Nate Harris"", "" Tommy Nunez"")","Las Vegas, NV",Thomas & Mack Center,18500,NA,NA,NA,Utah State,made,Justin Bean,Marco Anthony,FALSE,FALSE,Utah State,UNLV,FALSE
401262616,2021-01-25,UNLV,Utah State,141,1,2:16,1336,1336,Cheikh Mbacke Diong Turnover.,33,30,3,26,0.39660590168305515,0.6066013387056055,4,4,-6.5,139,"c(""Tony Padilla"", "" Nate Harris"", "" Tommy Nunez"")","Las Vegas, NV",Thomas & Mack Center,18500,NA,NA,NA,NA,NA,NA,NA,NA,NA,UNLV,Utah State,FALSE
401262616,2021-01-25,UNLV,Utah State,142,1,2:03,1323,1323,Rollie Worster Turnover.,33,30,3,13,0.39796255559799654,0.6071850323169093,4,4,-6.5,139,"c(""Tony Padilla"", "" Nate Harris"", "" Tommy Nunez"")","Las Vegas, NV",Thomas & Mack Center,18500,NA,NA,NA,NA,NA,NA,NA,NA,NA,Utah State,UNLV,FALSE
401262616,2021-01-25,UNLV,Utah State,143,1,2:03,1323,1323,Nicquel Blake Steal.,33,30,3,0,0.39796255559799654,0.6071850323169093,4,4,-6.5,139,"c(""Tony Padilla"", "" Nate Harris"", "" Tommy Nunez"")","Las Vegas, NV",Thomas & Mack Center,18500,NA,NA,NA,NA,NA,NA,NA,NA,NA,Utah State,UNLV,FALSE
401262616,2021-01-25,UNLV,Utah State,144,1,1:54,1314,1314,Nicquel Blake Turnover.,33,30,3,9,0.3989106724283633,0.6075952882141927,4,4,-6.5,139,"c(""Tony Padilla"", "" Nate Harris"", "" Tommy Nunez"")","Las Vegas, NV",Thomas & Mack Center,18500,NA,NA,NA,NA,NA,NA,NA,NA,NA,UNLV,Utah State,FALSE
401262616,2021-01-25,UNLV,Utah State,145,1,1:54,1314,1314,Rollie Worster Steal.,33,30,3,0,0.3989106724283633,0.6075952882141927,4,4,-6.5,139,"c(""Tony Padilla"", "" Nate Harris"", "" Tommy Nunez"")","Las Vegas, NV",Thomas & Mack Center,18500,NA,NA,NA,NA,NA,NA,NA,NA,NA,UNLV,Utah State,FALSE
401262616,2021-01-25,UNLV,Utah State,146,1,1:40,1300,1300,Marco Anthony missed Three Point Jumper.,33,30,3,14,0.40040215552043557,0.608246183430483,4,4,-6.5,139,"c(""Tony Padilla"", "" Nate Harris"", "" Tommy Nunez"")","Las Vegas, NV",Thomas & Mack Center,18500,NA,NA,NA,Utah State,missed,Marco Anthony,NA,TRUE,FALSE,Utah State,UNLV,FALSE
401262616,2021-01-25,UNLV,Utah State,147,1,1:38,1298,1298,Bryce Hamilton Defensive Rebound.,33,30,3,2,0.40061702784232694,0.6083406185823617,4,4,-6.5,139,"c(""Tony Padilla"", "" Nate Harris"", "" Tommy Nunez"")","Las Vegas, NV",Thomas & Mack Center,18500,NA,NA,NA,NA,NA,NA,NA,NA,NA,Utah State,UNLV,FALSE
401262616,2021-01-25,UNLV,Utah State,148,1,1:24,1284,1284,Foul on Cheikh Mbacke Diong.,33,30,3,14,0.40213502268121343,0.6090133756292813,4,4,-6.5,139,"c(""Tony Padilla"", "" Nate Harris"", "" Tommy Nunez"")","Las Vegas, NV",Thomas & Mack Center,18500,NA,NA,NA,NA,NA,NA,NA,NA,NA,UNLV,Utah State,FALSE
401262616,2021-01-25,UNLV,Utah State,149,1,1:24,1284,1284,Cheikh Mbacke Diong Turnover.,33,30,3,0,0.40213502268121343,0.6090133756292813,4,4,-6.5,139,"c(""Tony Padilla"", "" Nate Harris"", "" Tommy Nunez"")","Las Vegas, NV",Thomas & Mack Center,18500,NA,NA,NA,NA,NA,NA,NA,NA,NA,UNLV,Utah State,FALSE
401262616,2021-01-25,UNLV,Utah State,150,1,1:24,1284,1284,UNLV  Turnover.,33,30,3,0,0.40213502268121343,0.6090133756292813,4,4,-6.5,139,"c(""Tony Padilla"", "" Nate Harris"", "" Tommy Nunez"")","Las Vegas, NV",Thomas & Mack Center,18500,NA,NA,NA,NA,NA,NA,NA,NA,NA,UNLV,Utah State,FALSE
401262616,2021-01-25,UNLV,Utah State,151,1,1:08,1268,1268,Sean Bairstow made Jumper.,33,32,1,16,0.33472107147453317,0.5371412415068411,4,4,-6.5,139,"c(""Tony Padilla"", "" Nate Harris"", "" Tommy Nunez"")","Las Vegas, NV",Thomas & Mack Center,18500,NA,NA,NA,Utah State,made,Sean Bairstow,NA,FALSE,FALSE,Utah State,UNLV,FALSE
401262616,2021-01-25,UNLV,Utah State,152,1,0:48,1248,1248,Bryce Hamilton made Three Point Jumper.,36,32,4,20,0.44287000365983886,0.6459383510952668,4,4,-6.5,139,"c(""Tony Padilla"", "" Nate Harris"", "" Tommy Nunez"")","Las Vegas, NV",Thomas & Mack Center,18500,NA,NA,NA,UNLV,made,Bryce Hamilton,NA,TRUE,FALSE,UNLV,Utah State,FALSE
401262616,2021-01-25,UNLV,Utah State,153,1,0:13,1213,1213,Justin Bean made Jumper. Assisted by Sean Bairstow.,36,34,2,35,0.37383141914245915,0.575966950153824,4,4,-6.5,139,"c(""Tony Padilla"", "" Nate Harris"", "" Tommy Nunez"")","Las Vegas, NV",Thomas & Mack Center,18500,NA,NA,NA,Utah State,made,Justin Bean,Sean Bairstow,FALSE,FALSE,Utah State,UNLV,FALSE
401262616,2021-01-25,UNLV,Utah State,154,1,0:00,1200,1200,Bryce Hamilton made Three Point Jumper.,39,34,5,13,0.4880785642940433,0.6837696278036713,4,4,-6.5,139,"c(""Tony Padilla"", "" Nate Harris"", "" Tommy Nunez"")","Las Vegas, NV",Thomas & Mack Center,18500,NA,NA,NA,UNLV,made,Bryce Hamilton,NA,TRUE,FALSE,UNLV,Utah State,FALSE
401262616,2021-01-25,UNLV,Utah State,155,1,0:00,1200,1200,End of 1st half,39,34,5,0,0.4880785642940433,0.6837696278036713,4,4,-6.5,139,"c(""Tony Padilla"", "" Nate Harris"", "" Tommy Nunez"")","Las Vegas, NV",Thomas & Mack Center,18500,NA,NA,NA,NA,NA,NA,NA,NA,NA,Utah State,NA,FALSE
401262616,2021-01-25,UNLV,Utah State,156,2,20:00,1200,1200,PLAY,39,34,5,0,0.4880785642940433,0.6837696278036713,4,4,-6.5,139,"c(""Tony Padilla"", "" Nate Harris"", "" Tommy Nunez"")","Las Vegas, NV",Thomas & Mack Center,18500,NA,NA,NA,NA,NA,NA,NA,NA,NA,NA,UNLV,FALSE
401262616,2021-01-25,UNLV,Utah State,157,2,19:44,1184,1184,Bryce Hamilton missed Three Point Jumper.,39,34,5,16,0.4907215610816092,0.685207256592678,4,4,-6.5,139,"c(""Tony Padilla"", "" Nate Harris"", "" Tommy Nunez"")","Las Vegas, NV",Thomas & Mack Center,18500,NA,NA,NA,UNLV,missed,Bryce Hamilton,NA,TRUE,FALSE,UNLV,Utah State,FALSE
401262616,2021-01-25,UNLV,Utah State,158,2,19:40,1180,1180,Rollie Worster Defensive Rebound.,39,34,5,4,0.49137455598891583,0.6855602838218201,4,4,-6.5,139,"c(""Tony Padilla"", "" Nate Harris"", "" Tommy Nunez"")","Las Vegas, NV",Thomas & Mack Center,18500,NA,NA,NA,NA,NA,NA,NA,NA,NA,UNLV,Utah State,FALSE
401262616,2021-01-25,UNLV,Utah State,159,2,19:37,1177,1177,Marco Anthony missed Layup.,39,34,5,3,0.4918625729718633,0.685823621413275,4,4,-6.5,139,"c(""Tony Padilla"", "" Nate Harris"", "" Tommy Nunez"")","Las Vegas, NV",Thomas & Mack Center,18500,NA,NA,NA,Utah State,missed,Marco Anthony,NA,FALSE,FALSE,Utah State,UNLV,FALSE
401262616,2021-01-25,UNLV,Utah State,160,2,19:34,1174,1174,Caleb Grill Defensive Rebound.,39,34,5,3,0.4923492220169072,0.6860858206594743,4,4,-6.5,139,"c(""Tony Padilla"", "" Nate Harris"", "" Tommy Nunez"")","Las Vegas, NV",Thomas & Mack Center,18500,NA,NA,NA,NA,NA,NA,NA,NA,NA,Utah State,UNLV,FALSE
401262616,2021-01-25,UNLV,Utah State,161,2,19:06,1146,1146,Moses Wood missed Three Point Jumper.,39,34,5,28,0.496844058548517,0.6884927587551898,4,4,-6.5,139,"c(""Tony Padilla"", "" Nate Harris"", "" Tommy Nunez"")","Las Vegas, NV",Thomas & Mack Center,18500,NA,NA,NA,UNLV,missed,Moses Wood,NA,TRUE,FALSE,UNLV,Utah State,FALSE
401262616,2021-01-25,UNLV,Utah State,162,2,19:03,1143,1143,Marco Anthony Defensive Rebound.,39,34,5,3,0.49732259823911873,0.6887478917648818,4,4,-6.5,139,"c(""Tony Padilla"", "" Nate Harris"", "" Tommy Nunez"")","Las Vegas, NV",Thomas & Mack Center,18500,NA,NA,NA,NA,NA,NA,NA,NA,NA,UNLV,Utah State,FALSE
401262616,2021-01-25,UNLV,Utah State,163,2,18:56,1136,1136,Brock Miller made Three Point Jumper. Assisted by Marco Anthony.,39,37,2,7,0.38119625459434753,0.579036349667416,4,4,-6.5,139,"c(""Tony Padilla"", "" Nate Harris"", "" Tommy Nunez"")","Las Vegas, NV",Thomas & Mack Center,18500,NA,NA,NA,Utah State,made,Brock Miller,Marco Anthony,TRUE,FALSE,Utah State,UNLV,FALSE
401262616,2021-01-25,UNLV,Utah State,164,2,18:23,1103,1103,David Jenkins Jr. missed Jumper.,39,37,2,33,0.3843228663957434,0.5803210932503833,4,4,-6.5,139,"c(""Tony Padilla"", "" Nate Harris"", "" Tommy Nunez"")","Las Vegas, NV",Thomas & Mack Center,18500,NA,NA,NA,UNLV,missed,David Jenkins Jr.,NA,FALSE,FALSE,UNLV,Utah State,FALSE
401262616,2021-01-25,UNLV,Utah State,165,2,18:21,1101,1101,Utah State Defensive Rebound.,39,37,2,2,0.3845139830728166,0.5804000944655658,4,4,-6.5,139,"c(""Tony Padilla"", "" Nate Harris"", "" Tommy Nunez"")","Las Vegas, NV",Thomas & Mack Center,18500,NA,NA,NA,NA,NA,NA,NA,NA,NA,UNLV,Utah State,FALSE
401262616,2021-01-25,UNLV,Utah State,166,2,18:10,1090,1090,Foul on Rollie Worster.,39,37,2,11,0.38557031885379806,0.5808383807264902,4,4,-6.5,139,"c(""Tony Padilla"", "" Nate Harris"", "" Tommy Nunez"")","Las Vegas, NV",Thomas & Mack Center,18500,NA,NA,NA,NA,NA,NA,NA,NA,NA,UNLV,UNLV,FALSE
401262616,2021-01-25,UNLV,Utah State,167,2,18:10,1090,1090,Rollie Worster Turnover.,39,37,2,0,0.38557031885379806,0.5808383807264902,4,4,-6.5,139,"c(""Tony Padilla"", "" Nate Harris"", "" Tommy Nunez"")","Las Vegas, NV",Thomas & Mack Center,18500,NA,NA,NA,NA,NA,NA,NA,NA,NA,Utah State,UNLV,FALSE
401262616,2021-01-25,UNLV,Utah State,168,2,17:50,1070,1070,Caleb Grill made Three Point Jumper. Assisted by Bryce Hamilton.,42,37,5,20,0.5091519877943573,0.6950719674125875,4,4,-6.5,139,"c(""Tony Padilla"", "" Nate Harris"", "" Tommy Nunez"")","Las Vegas, NV",Thomas & Mack Center,18500,NA,NA,NA,UNLV,made,Caleb Grill,Bryce Hamilton,TRUE,FALSE,UNLV,Utah State,FALSE
401262616,2021-01-25,UNLV,Utah State,169,2,17:36,1056,1056,Rollie Worster missed Jumper.,42,37,5,14,0.511530869963209,0.6963624557918254,4,4,-6.5,139,"c(""Tony Padilla"", "" Nate Harris"", "" Tommy Nunez"")","Las Vegas, NV",Thomas & Mack Center,18500,NA,NA,NA,Utah State,missed,Rollie Worster,NA,FALSE,FALSE,Utah State,UNLV,FALSE
401262616,2021-01-25,UNLV,Utah State,170,2,17:33,1053,1053,Bryce Hamilton Defensive Rebound.,42,37,5,3,0.5120481559211291,0.6966443916549729,4,4,-6.5,139,"c(""Tony Padilla"", "" Nate Harris"", "" Tommy Nunez"")","Las Vegas, NV",Thomas & Mack Center,18500,NA,NA,NA,NA,NA,NA,NA,NA,NA,Utah State,UNLV,FALSE
401262616,2021-01-25,UNLV,Utah State,171,2,17:28,1048,1048,Bryce Hamilton missed Jumper.,42,37,5,5,0.5129167576112517,0.6971189269701988,4,4,-6.5,139,"c(""Tony Padilla"", "" Nate Harris"", "" Tommy Nunez"")","Las Vegas, NV",Thomas & Mack Center,18500,NA,NA,NA,UNLV,missed,Bryce Hamilton,NA,FALSE,FALSE,UNLV,Utah State,FALSE
401262616,2021-01-25,UNLV,Utah State,172,2,17:24,1044,1044,Neemias Queta Defensive Rebound.,42,37,5,4,0.5136177241886831,0.6975029308196204,4,4,-6.5,139,"c(""Tony Padilla"", "" Nate Harris"", "" Tommy Nunez"")","Las Vegas, NV",Thomas & Mack Center,18500,NA,NA,NA,NA,NA,NA,NA,NA,NA,UNLV,Utah State,FALSE
401262616,2021-01-25,UNLV,Utah State,173,2,17:17,1037,1037,Marco Anthony made Jumper.,42,39,3,7,0.43143044762924543,0.623211403065959,4,4,-6.5,139,"c(""Tony Padilla"", "" Nate Harris"", "" Tommy Nunez"")","Las Vegas, NV",Thomas & Mack Center,18500,NA,NA,NA,Utah State,made,Marco Anthony,NA,FALSE,FALSE,Utah State,UNLV,FALSE
401262616,2021-01-25,UNLV,Utah State,174,2,16:58,1018,1018,Cheikh Mbacke Diong missed Layup.,42,39,3,19,0.4339393838747761,0.6244974521209422,4,4,-6.5,139,"c(""Tony Padilla"", "" Nate Harris"", "" Tommy Nunez"")","Las Vegas, NV",Thomas & Mack Center,18500,NA,NA,NA,UNLV,missed,Cheikh Mbacke Diong,NA,FALSE,FALSE,UNLV,UNLV,FALSE
401262616,2021-01-25,UNLV,Utah State,175,2,16:58,1018,1018,Neemias Queta Block.,42,39,3,0,0.4339393838747761,0.6244974521209422,4,4,-6.5,139,"c(""Tony Padilla"", "" Nate Harris"", "" Tommy Nunez"")","Las Vegas, NV",Thomas & Mack Center,18500,NA,NA,NA,NA,NA,NA,NA,NA,NA,UNLV,UNLV,FALSE
401262616,2021-01-25,UNLV,Utah State,176,2,16:54,1014,1014,Cheikh Mbacke Diong Offensive Rebound.,42,39,3,4,0.43448072790373854,0.6247781848863178,4,4,-6.5,139,"c(""Tony Padilla"", "" Nate Harris"", "" Tommy Nunez"")","Las Vegas, NV",Thomas & Mack Center,18500,NA,NA,NA,NA,NA,NA,NA,NA,NA,UNLV,UNLV,FALSE
401262616,2021-01-25,UNLV,Utah State,177,2,16:54,1014,1014,Cheikh Mbacke Diong missed Layup.,42,39,3,0,0.43448072790373854,0.6247781848863178,4,4,-6.5,139,"c(""Tony Padilla"", "" Nate Harris"", "" Tommy Nunez"")","Las Vegas, NV",Thomas & Mack Center,18500,NA,NA,NA,UNLV,missed,Cheikh Mbacke Diong,NA,FALSE,FALSE,UNLV,Utah State,FALSE
401262616,2021-01-25,UNLV,Utah State,178,2,16:54,1014,1014,Neemias Queta Block.,42,39,3,0,0.43448072790373854,0.6247781848863178,4,4,-6.5,139,"c(""Tony Padilla"", "" Nate Harris"", "" Tommy Nunez"")","Las Vegas, NV",Thomas & Mack Center,18500,NA,NA,NA,NA,NA,NA,NA,NA,NA,UNLV,Utah State,FALSE
401262616,2021-01-25,UNLV,Utah State,179,2,16:50,1010,1010,Neemias Queta Defensive Rebound.,42,39,3,4,0.4350270021636021,0.6250626600471884,4,4,-6.5,139,"c(""Tony Padilla"", "" Nate Harris"", "" Tommy Nunez"")","Las Vegas, NV",Thomas & Mack Center,18500,NA,NA,NA,NA,NA,NA,NA,NA,NA,UNLV,Utah State,FALSE
401262616,2021-01-25,UNLV,Utah State,180,2,16:43,1003,1003,Marco Anthony missed Three Point Jumper.,42,39,3,7,0.4359953242044753,0.6255698552045945,4,4,-6.5,139,"c(""Tony Padilla"", "" Nate Harris"", "" Tommy Nunez"")","Las Vegas, NV",Thomas & Mack Center,18500,NA,NA,NA,Utah State,missed,Marco Anthony,NA,TRUE,FALSE,Utah State,Utah State,FALSE
401262616,2021-01-25,UNLV,Utah State,181,2,16:40,1000,1000,Brock Miller Offensive Rebound.,42,39,3,3,0.43641530223114394,0.6257910028167197,4,4,-6.5,139,"c(""Tony Padilla"", "" Nate Harris"", "" Tommy Nunez"")","Las Vegas, NV",Thomas & Mack Center,18500,NA,NA,NA,NA,NA,NA,NA,NA,NA,Utah State,Utah State,FALSE
401262616,2021-01-25,UNLV,Utah State,182,2,16:33,993,993,Rollie Worster missed Layup.,42,39,3,7,0.4374073719829685,0.6263161975340164,4,4,-6.5,139,"c(""Tony Padilla"", "" Nate Harris"", "" Tommy Nunez"")","Las Vegas, NV",Thomas & Mack Center,18500,NA,NA,NA,Utah State,missed,Rollie Worster,NA,FALSE,FALSE,Utah State,UNLV,FALSE
401262616,2021-01-25,UNLV,Utah State,183,2,16:30,990,990,Cheikh Mbacke Diong Defensive Rebound.,42,39,3,3,0.4378379016499777,0.6265453370290126,4,4,-6.5,139,"c(""Tony Padilla"", "" Nate Harris"", "" Tommy Nunez"")","Las Vegas, NV",Thomas & Mack Center,18500,NA,NA,NA,NA,NA,NA,NA,NA,NA,Utah State,UNLV,FALSE
401262616,2021-01-25,UNLV,Utah State,184,2,16:22,982,982,David Jenkins Jr. missed Jumper.,42,39,3,8,0.43900235390059356,0.6271687603240356,4,4,-6.5,139,"c(""Tony Padilla"", "" Nate Harris"", "" Tommy Nunez"")","Las Vegas, NV",Thomas & Mack Center,18500,NA,NA,NA,UNLV,missed,David Jenkins Jr.,NA,FALSE,FALSE,UNLV,Utah State,FALSE
401262616,2021-01-25,UNLV,Utah State,185,2,16:19,979,979,Justin Bean Defensive Rebound.,42,39,3,3,0.43944535600127527,0.6274073299186723,4,4,-6.5,139,"c(""Tony Padilla"", "" Nate Harris"", "" Tommy Nunez"")","Las Vegas, NV",Thomas & Mack Center,18500,NA,NA,NA,NA,NA,NA,NA,NA,NA,UNLV,Utah State,FALSE
401262616,2021-01-25,UNLV,Utah State,186,2,16:04,964,964,Rollie Worster missed Three Point Jumper.,42,39,3,15,0.44169445121079837,0.6286269227202942,4,4,-6.5,139,"c(""Tony Padilla"", "" Nate Harris"", "" Tommy Nunez"")","Las Vegas, NV",Thomas & Mack Center,18500,NA,NA,NA,Utah State,missed,Rollie Worster,NA,TRUE,FALSE,Utah State,Utah State,FALSE
401262616,2021-01-25,UNLV,Utah State,187,2,16:01,961,961,Justin Bean Offensive Rebound.,42,39,3,3,0.44213422689671894,0.6288643222405085,4,4,-6.5,139,"c(""Tony Padilla"", "" Nate Harris"", "" Tommy Nunez"")","Las Vegas, NV",Thomas & Mack Center,18500,NA,NA,NA,NA,NA,NA,NA,NA,NA,Utah State,Utah State,FALSE
401262616,2021-01-25,UNLV,Utah State,188,2,16:01,961,961,Foul on Moses Wood.,42,39,3,0,0.44213422689671894,0.6288643222405085,4,4,-6.5,139,"c(""Tony Padilla"", "" Nate Harris"", "" Tommy Nunez"")","Las Vegas, NV",Thomas & Mack Center,18500,NA,NA,NA,NA,NA,NA,NA,NA,NA,Utah State,Utah State,FALSE
401262616,2021-01-25,UNLV,Utah State,189,2,15:59,959,959,Brock Miller missed Three Point Jumper.,42,39,3,2,0.4424240563598894,0.6290203305153268,4,4,-6.5,139,"c(""Tony Padilla"", "" Nate Harris"", "" Tommy Nunez"")","Las Vegas, NV",Thomas & Mack Center,18500,NA,NA,NA,Utah State,missed,Brock Miller,NA,TRUE,FALSE,Utah State,Utah State,FALSE
401262616,2021-01-25,UNLV,Utah State,190,2,15:56,956,956,Rollie Worster Offensive Rebound.,42,39,3,3,0.44285393055416755,0.6292510705119942,4,4,-6.5,139,"c(""Tony Padilla"", "" Nate Harris"", "" Tommy Nunez"")","Las Vegas, NV",Thomas & Mack Center,18500,NA,NA,NA,NA,NA,NA,NA,NA,NA,Utah State,Utah State,FALSE
401262616,2021-01-25,UNLV,Utah State,191,2,15:56,956,956,Rollie Worster made Layup.,42,41,1,0,0.35841328047570953,0.5439698955900965,4,4,-6.5,139,"c(""Tony Padilla"", "" Nate Harris"", "" Tommy Nunez"")","Las Vegas, NV",Thomas & Mack Center,18500,NA,NA,NA,Utah State,made,Rollie Worster,NA,FALSE,FALSE,Utah State,UNLV,FALSE
401262616,2021-01-25,UNLV,Utah State,192,2,15:39,939,939,David Jenkins Jr. Turnover.,42,41,1,17,0.3597743519612384,0.5444098417881136,4,4,-6.5,139,"c(""Tony Padilla"", "" Nate Harris"", "" Tommy Nunez"")","Las Vegas, NV",Thomas & Mack Center,18500,NA,NA,NA,NA,NA,NA,NA,NA,NA,UNLV,Utah State,FALSE
401262616,2021-01-25,UNLV,Utah State,193,2,15:39,939,939,Official TV Timeout,42,41,1,0,0.3597743519612384,0.5444098417881136,4,4,-6.5,139,"c(""Tony Padilla"", "" Nate Harris"", "" Tommy Nunez"")","Las Vegas, NV",Thomas & Mack Center,18500,NA,NA,NA,NA,NA,NA,NA,NA,NA,UNLV,Utah State,FALSE
401262616,2021-01-25,UNLV,Utah State,194,2,15:24,924,924,Steven Ashworth missed Jumper.,42,41,1,15,0.36091545996634844,0.5447705246564118,4,4,-6.5,139,"c(""Tony Padilla"", "" Nate Harris"", "" Tommy Nunez"")","Las Vegas, NV",Thomas & Mack Center,18500,NA,NA,NA,Utah State,missed,Steven Ashworth,NA,FALSE,FALSE,Utah State,UNLV,FALSE
401262616,2021-01-25,UNLV,Utah State,195,2,15:20,920,920,Cheikh Mbacke Diong Defensive Rebound.,42,41,1,4,0.36121206876937384,0.5448632616648067,4,4,-6.5,139,"c(""Tony Padilla"", "" Nate Harris"", "" Tommy Nunez"")","Las Vegas, NV",Thomas & Mack Center,18500,NA,NA,NA,NA,NA,NA,NA,NA,NA,Utah State,UNLV,FALSE
401262616,2021-01-25,UNLV,Utah State,196,2,14:54,894,894,Caleb Grill missed Three Point Jumper.,42,41,1,26,0.36308421962915594,0.5454423605453416,4,4,-6.5,139,"c(""Tony Padilla"", "" Nate Harris"", "" Tommy Nunez"")","Las Vegas, NV",Thomas & Mack Center,18500,NA,NA,NA,UNLV,missed,Caleb Grill,NA,TRUE,FALSE,UNLV,Utah State,FALSE
401262616,2021-01-25,UNLV,Utah State,197,2,14:50,890,890,Marco Anthony Defensive Rebound.,42,41,1,4,0.36336635304545817,0.5455291632660612,4,4,-6.5,139,"c(""Tony Padilla"", "" Nate Harris"", "" Tommy Nunez"")","Las Vegas, NV",Thomas & Mack Center,18500,NA,NA,NA,NA,NA,NA,NA,NA,NA,UNLV,Utah State,FALSE
401262616,2021-01-25,UNLV,Utah State,198,2,14:43,883,883,Neemias Queta missed Jumper.,42,41,1,7,0.36385819662617164,0.5456805451643713,4,4,-6.5,139,"c(""Tony Padilla"", "" Nate Harris"", "" Tommy Nunez"")","Las Vegas, NV",Thomas & Mack Center,18500,NA,NA,NA,Utah State,missed,Neemias Queta,NA,FALSE,FALSE,Utah State,UNLV,FALSE
401262616,2021-01-25,UNLV,Utah State,199,2,14:40,880,880,Moses Wood Defensive Rebound.,42,41,1,3,0.3640685299049567,0.5457453588490483,4,4,-6.5,139,"c(""Tony Padilla"", "" Nate Harris"", "" Tommy Nunez"")","Las Vegas, NV",Thomas & Mack Center,18500,NA,NA,NA,NA,NA,NA,NA,NA,NA,Utah State,UNLV,FALSE
401262616,2021-01-25,UNLV,Utah State,200,2,14:25,865,865,Caleb Grill missed Three Point Jumper.,42,41,1,15,0.36512058762557137,0.5460710893259421,4,4,-6.5,139,"c(""Tony Padilla"", "" Nate Harris"", "" Tommy Nunez"")","Las Vegas, NV",Thomas & Mack Center,18500,NA,NA,NA,UNLV,missed,Caleb Grill,NA,TRUE,FALSE,UNLV,Utah State,FALSE
401262616,2021-01-25,UNLV,Utah State,201,2,14:22,862,862,Neemias Queta Defensive Rebound.,42,41,1,3,0.36533183564456195,0.5461369441507579,4,4,-6.5,139,"c(""Tony Padilla"", "" Nate Harris"", "" Tommy Nunez"")","Las Vegas, NV",Thomas & Mack Center,18500,NA,NA,NA,NA,NA,NA,NA,NA,NA,UNLV,Utah State,FALSE
401262616,2021-01-25,UNLV,Utah State,202,2,14:04,844,844,Neemias Queta Turnover.,42,41,1,18,0.3666143066262474,0.5465415485573548,4,4,-6.5,139,"c(""Tony Padilla"", "" Nate Harris"", "" Tommy Nunez"")","Las Vegas, NV",Thomas & Mack Center,18500,NA,NA,NA,NA,NA,NA,NA,NA,NA,Utah State,UNLV,FALSE
401262616,2021-01-25,UNLV,Utah State,203,2,14:04,844,844,Cheikh Mbacke Diong Steal.,42,41,1,0,0.3666143066262474,0.5465415485573548,4,4,-6.5,139,"c(""Tony Padilla"", "" Nate Harris"", "" Tommy Nunez"")","Las Vegas, NV",Thomas & Mack Center,18500,NA,NA,NA,NA,NA,NA,NA,NA,NA,Utah State,UNLV,FALSE
401262616,2021-01-25,UNLV,Utah State,204,2,13:46,826,826,David Jenkins Jr. missed Jumper.,42,41,1,18,0.3679394891970919,0.5469707763459017,4,4,-6.5,139,"c(""Tony Padilla"", "" Nate Harris"", "" Tommy Nunez"")","Las Vegas, NV",Thomas & Mack Center,18500,NA,NA,NA,UNLV,missed,David Jenkins Jr.,NA,FALSE,FALSE,UNLV,Utah State,FALSE
401262616,2021-01-25,UNLV,Utah State,205,2,13:42,822,822,Neemias Queta Defensive Rebound.,42,41,1,4,0.36824215470997756,0.5470706708916662,4,4,-6.5,139,"c(""Tony Padilla"", "" Nate Harris"", "" Tommy Nunez"")","Las Vegas, NV",Thomas & Mack Center,18500,NA,NA,NA,NA,NA,NA,NA,NA,NA,UNLV,Utah State,FALSE
401262616,2021-01-25,UNLV,Utah State,206,2,13:31,811,811,Justin Bean missed Layup.,42,41,1,11,0.3690935215286543,0.5473556419586071,4,4,-6.5,139,"c(""Tony Padilla"", "" Nate Harris"", "" Tommy Nunez"")","Las Vegas, NV",Thomas & Mack Center,18500,NA,NA,NA,Utah State,missed,Justin Bean,NA,FALSE,FALSE,Utah State,Utah State,FALSE
401262616,2021-01-25,UNLV,Utah State,207,2,13:27,807,807,Neemias Queta Offensive Rebound.,42,41,1,4,0.36941080879007604,0.5474633765633432,4,4,-6.5,139,"c(""Tony Padilla"", "" Nate Harris"", "" Tommy Nunez"")","Las Vegas, NV",Thomas & Mack Center,18500,NA,NA,NA,NA,NA,NA,NA,NA,NA,Utah State,Utah State,FALSE
401262616,2021-01-25,UNLV,Utah State,208,2,13:27,807,807,Neemias Queta missed Layup.,42,41,1,0,0.36941080879007604,0.5474633765633432,4,4,-6.5,139,"c(""Tony Padilla"", "" Nate Harris"", "" Tommy Nunez"")","Las Vegas, NV",Thomas & Mack Center,18500,NA,NA,NA,Utah State,missed,Neemias Queta,NA,FALSE,FALSE,Utah State,UNLV,FALSE
401262616,2021-01-25,UNLV,Utah State,209,2,13:26,806,806,Moses Wood Defensive Rebound.,42,41,1,1,0.36949082683931733,0.5474906790931879,4,4,-6.5,139,"c(""Tony Padilla"", "" Nate Harris"", "" Tommy Nunez"")","Las Vegas, NV",Thomas & Mack Center,18500,NA,NA,NA,NA,NA,NA,NA,NA,NA,Utah State,UNLV,FALSE
401262616,2021-01-25,UNLV,Utah State,210,2,13:07,787,787,Bryce Hamilton missed Three Point Jumper.,42,41,1,19,0.3710703322395823,0.5480404793368,4,4,-6.5,139,"c(""Tony Padilla"", "" Nate Harris"", "" Tommy Nunez"")","Las Vegas, NV",Thomas & Mack Center,18500,NA,NA,NA,UNLV,missed,Bryce Hamilton,NA,TRUE,FALSE,UNLV,Utah State,FALSE
401262616,2021-01-25,UNLV,Utah State,211,2,13:04,784,784,Justin Bean Defensive Rebound.,42,41,1,3,0.3713310464062264,0.5481331851978132,4,4,-6.5,139,"c(""Tony Padilla"", "" Nate Harris"", "" Tommy Nunez"")","Las Vegas, NV",Thomas & Mack Center,18500,NA,NA,NA,NA,NA,NA,NA,NA,NA,UNLV,Utah State,FALSE
401262616,2021-01-25,UNLV,Utah State,212,2,13:00,780,780,Justin Bean missed Layup.,42,41,1,4,0.3716839687663666,0.5482595346960678,4,4,-6.5,139,"c(""Tony Padilla"", "" Nate Harris"", "" Tommy Nunez"")","Las Vegas, NV",Thomas & Mack Center,18500,NA,NA,NA,Utah State,missed,Justin Bean,NA,FALSE,FALSE,Utah State,UNLV,FALSE
401262616,2021-01-25,UNLV,Utah State,213,2,13:00,780,780,Cheikh Mbacke Diong Block.,42,41,1,0,0.3716839687663666,0.5482595346960678,4,4,-6.5,139,"c(""Tony Padilla"", "" Nate Harris"", "" Tommy Nunez"")","Las Vegas, NV",Thomas & Mack Center,18500,NA,NA,NA,NA,NA,NA,NA,NA,NA,Utah State,UNLV,FALSE
401262616,2021-01-25,UNLV,Utah State,214,2,12:56,776,776,David Jenkins Jr. Defensive Rebound.,42,41,1,4,0.37204319560729493,0.5483891338405344,4,4,-6.5,139,"c(""Tony Padilla"", "" Nate Harris"", "" Tommy Nunez"")","Las Vegas, NV",Thomas & Mack Center,18500,NA,NA,NA,NA,NA,NA,NA,NA,NA,Utah State,UNLV,FALSE
401262616,2021-01-25,UNLV,Utah State,215,2,12:30,750,750,Bryce Hamilton made Three Point Jumper.,45,41,4,26,0.5202438449438943,0.6881932752187101,4,4,-6.5,139,"c(""Tony Padilla"", "" Nate Harris"", "" Tommy Nunez"")","Las Vegas, NV",Thomas & Mack Center,18500,NA,NA,NA,UNLV,made,Bryce Hamilton,NA,TRUE,FALSE,UNLV,Utah State,FALSE
401262616,2021-01-25,UNLV,Utah State,216,2,12:13,733,733,Marco Anthony missed Three Point Jumper.,45,41,4,17,0.5243081791670094,0.6906225587684166,4,4,-6.5,139,"c(""Tony Padilla"", "" Nate Harris"", "" Tommy Nunez"")","Las Vegas, NV",Thomas & Mack Center,18500,NA,NA,NA,Utah State,missed,Marco Anthony,NA,TRUE,FALSE,Utah State,UNLV,FALSE
401262616,2021-01-25,UNLV,Utah State,217,2,12:10,730,730,Cheikh Mbacke Diong Defensive Rebound.,45,41,4,3,0.5250689979411125,0.6910799340661337,4,4,-6.5,139,"c(""Tony Padilla"", "" Nate Harris"", "" Tommy Nunez"")","Las Vegas, NV",Thomas & Mack Center,18500,NA,NA,NA,NA,NA,NA,NA,NA,NA,Utah State,UNLV,FALSE
401262616,2021-01-25,UNLV,Utah State,218,2,12:02,722,722,Nicquel Blake missed Three Point Jumper.,45,41,4,8,0.5270650347389009,0.6922725347650825,4,4,-6.5,139,"c(""Tony Padilla"", "" Nate Harris"", "" Tommy Nunez"")","Las Vegas, NV",Thomas & Mack Center,18500,NA,NA,NA,UNLV,missed,Nicquel Blake,NA,TRUE,FALSE,UNLV,Utah State,FALSE
401262616,2021-01-25,UNLV,Utah State,219,2,11:59,719,719,Utah State Defensive Rebound.,45,41,4,3,0.527788789691689,0.6927008301913679,4,4,-6.5,139,"c(""Tony Padilla"", "" Nate Harris"", "" Tommy Nunez"")","Las Vegas, NV",Thomas & Mack Center,18500,NA,NA,NA,NA,NA,NA,NA,NA,NA,UNLV,Utah State,FALSE
401262616,2021-01-25,UNLV,Utah State,220,2,11:59,719,719,Official TV Timeout,45,41,4,0,0.527788789691689,0.6927008301913679,4,4,-6.5,139,"c(""Tony Padilla"", "" Nate Harris"", "" Tommy Nunez"")","Las Vegas, NV",Thomas & Mack Center,18500,NA,NA,NA,NA,NA,NA,NA,NA,NA,UNLV,Utah State,FALSE
401262616,2021-01-25,UNLV,Utah State,221,2,11:48,708,708,Marco Anthony missed Jumper.,45,41,4,11,0.5303415880209046,0.6941939464456498,4,4,-6.5,139,"c(""Tony Padilla"", "" Nate Harris"", "" Tommy Nunez"")","Las Vegas, NV",Thomas & Mack Center,18500,NA,NA,NA,Utah State,missed,Marco Anthony,NA,FALSE,FALSE,Utah State,UNLV,FALSE
401262616,2021-01-25,UNLV,Utah State,222,2,11:46,706,706,UNLV Defensive Rebound.,45,41,4,2,0.5307904741897733,0.6944537170844407,4,4,-6.5,139,"c(""Tony Padilla"", "" Nate Harris"", "" Tommy Nunez"")","Las Vegas, NV",Thomas & Mack Center,18500,NA,NA,NA,NA,NA,NA,NA,NA,NA,Utah State,UNLV,FALSE
401262616,2021-01-25,UNLV,Utah State,223,2,11:33,693,693,Bryce Hamilton missed Three Point Jumper.,45,41,4,13,0.5336155588446438,0.6960707072411941,4,4,-6.5,139,"c(""Tony Padilla"", "" Nate Harris"", "" Tommy Nunez"")","Las Vegas, NV",Thomas & Mack Center,18500,NA,NA,NA,UNLV,missed,Bryce Hamilton,NA,TRUE,FALSE,UNLV,Utah State,FALSE
401262616,2021-01-25,UNLV,Utah State,224,2,11:30,690,690,Utah State Defensive Rebound.,45,41,4,3,0.5342483941016486,0.6964290057945886,4,4,-6.5,139,"c(""Tony Padilla"", "" Nate Harris"", "" Tommy Nunez"")","Las Vegas, NV",Thomas & Mack Center,18500,NA,NA,NA,NA,NA,NA,NA,NA,NA,UNLV,Utah State,FALSE
401262616,2021-01-25,UNLV,Utah State,225,2,11:09,669,669,Foul on Cheikh Mbacke Diong.,45,41,4,21,0.5385574375055867,0.6988399827632715,4,4,-6.5,139,"c(""Tony Padilla"", "" Nate Harris"", "" Tommy Nunez"")","Las Vegas, NV",Thomas & Mack Center,18500,NA,NA,NA,NA,NA,NA,NA,NA,NA,Utah State,Utah State,FALSE
401262616,2021-01-25,UNLV,Utah State,226,2,11:09,669,669,Neemias Queta made Free Throw.,45,42,3,0,0.48602652770523896,0.6527921163568442,4,4,-6.5,139,"c(""Tony Padilla"", "" Nate Harris"", "" Tommy Nunez"")","Las Vegas, NV",Thomas & Mack Center,18500,NA,NA,NA,Utah State,made,Neemias Queta,NA,FALSE,TRUE,Utah State,Utah State,FALSE
401262616,2021-01-25,UNLV,Utah State,227,2,11:09,669,669,Neemias Queta made Free Throw.,45,43,2,0,0.4338025332934847,0.60369620548904,4,4,-6.5,139,"c(""Tony Padilla"", "" Nate Harris"", "" Tommy Nunez"")","Las Vegas, NV",Thomas & Mack Center,18500,NA,NA,NA,Utah State,made,Neemias Queta,NA,FALSE,TRUE,Utah State,UNLV,FALSE
401262616,2021-01-25,UNLV,Utah State,228,2,11:01,661,661,Nicquel Blake Turnover.,45,43,2,8,0.43487820449166564,0.6042063416531687,4,4,-6.5,139,"c(""Tony Padilla"", "" Nate Harris"", "" Tommy Nunez"")","Las Vegas, NV",Thomas & Mack Center,18500,NA,NA,NA,NA,NA,NA,NA,NA,NA,UNLV,Utah State,FALSE
401262616,2021-01-25,UNLV,Utah State,229,2,11:01,661,661,Sean Bairstow Steal.,45,43,2,0,0.43487820449166564,0.6042063416531687,4,4,-6.5,139,"c(""Tony Padilla"", "" Nate Harris"", "" Tommy Nunez"")","Las Vegas, NV",Thomas & Mack Center,18500,NA,NA,NA,NA,NA,NA,NA,NA,NA,UNLV,Utah State,FALSE
401262616,2021-01-25,UNLV,Utah State,230,2,10:56,656,656,Sean Bairstow Turnover.,45,43,2,5,0.4355529924233603,0.6045259719909103,4,4,-6.5,139,"c(""Tony Padilla"", "" Nate Harris"", "" Tommy Nunez"")","Las Vegas, NV",Thomas & Mack Center,18500,NA,NA,NA,NA,NA,NA,NA,NA,NA,Utah State,UNLV,FALSE
401262616,2021-01-25,UNLV,Utah State,231,2,10:56,656,656,Bryce Hamilton Steal.,45,43,2,0,0.4355529924233603,0.6045259719909103,4,4,-6.5,139,"c(""Tony Padilla"", "" Nate Harris"", "" Tommy Nunez"")","Las Vegas, NV",Thomas & Mack Center,18500,NA,NA,NA,NA,NA,NA,NA,NA,NA,Utah State,UNLV,FALSE
401262616,2021-01-25,UNLV,Utah State,232,2,10:36,636,636,Bryce Hamilton Turnover.,45,43,2,20,0.43831126734358083,0.605839537262616,4,4,-6.5,139,"c(""Tony Padilla"", "" Nate Harris"", "" Tommy Nunez"")","Las Vegas, NV",Thomas & Mack Center,18500,NA,NA,NA,NA,NA,NA,NA,NA,NA,UNLV,Utah State,FALSE
401262616,2021-01-25,UNLV,Utah State,233,2,10:36,636,636,Alphonso Anderson Steal.,45,43,2,0,0.43831126734358083,0.605839537262616,4,4,-6.5,139,"c(""Tony Padilla"", "" Nate Harris"", "" Tommy Nunez"")","Las Vegas, NV",Thomas & Mack Center,18500,NA,NA,NA,NA,NA,NA,NA,NA,NA,UNLV,Utah State,FALSE
401262616,2021-01-25,UNLV,Utah State,234,2,10:36,636,636,Alphonso Anderson Turnover.,45,43,2,0,0.43831126734358083,0.605839537262616,4,4,-6.5,139,"c(""Tony Padilla"", "" Nate Harris"", "" Tommy Nunez"")","Las Vegas, NV",Thomas & Mack Center,18500,NA,NA,NA,NA,NA,NA,NA,NA,NA,Utah State,UNLV,FALSE
401262616,2021-01-25,UNLV,Utah State,235,2,10:36,636,636,Bryce Hamilton Steal.,45,43,2,0,0.43831126734358083,0.605839537262616,4,4,-6.5,139,"c(""Tony Padilla"", "" Nate Harris"", "" Tommy Nunez"")","Las Vegas, NV",Thomas & Mack Center,18500,NA,NA,NA,NA,NA,NA,NA,NA,NA,Utah State,UNLV,FALSE
401262616,2021-01-25,UNLV,Utah State,236,2,10:12,612,612,Bryce Hamilton missed Jumper.,45,43,2,24,0.4418718171620952,0.6075802244740023,4,4,-6.5,139,"c(""Tony Padilla"", "" Nate Harris"", "" Tommy Nunez"")","Las Vegas, NV",Thomas & Mack Center,18500,NA,NA,NA,UNLV,missed,Bryce Hamilton,NA,FALSE,FALSE,UNLV,Utah State,FALSE
401262616,2021-01-25,UNLV,Utah State,237,2,10:09,609,609,Utah State Defensive Rebound.,45,43,2,3,0.44234539477176826,0.6078170479574797,4,4,-6.5,139,"c(""Tony Padilla"", "" Nate Harris"", "" Tommy Nunez"")","Las Vegas, NV",Thomas & Mack Center,18500,NA,NA,NA,NA,NA,NA,NA,NA,NA,UNLV,Utah State,FALSE
401262616,2021-01-25,UNLV,Utah State,238,2,9:54,594,594,Neemias Queta missed Layup.,45,43,2,15,0.4448360918821096,0.6090849277444494,4,4,-6.5,139,"c(""Tony Padilla"", "" Nate Harris"", "" Tommy Nunez"")","Las Vegas, NV",Thomas & Mack Center,18500,NA,NA,NA,Utah State,missed,Neemias Queta,NA,FALSE,FALSE,Utah State,Utah State,FALSE
401262616,2021-01-25,UNLV,Utah State,239,2,9:51,591,591,Alphonso Anderson Offensive Rebound.,45,43,2,3,0.44536158022903966,0.6093572109668441,4,4,-6.5,139,"c(""Tony Padilla"", "" Nate Harris"", "" Tommy Nunez"")","Las Vegas, NV",Thomas & Mack Center,18500,NA,NA,NA,NA,NA,NA,NA,NA,NA,Utah State,Utah State,FALSE
401262616,2021-01-25,UNLV,Utah State,240,2,9:51,591,591,Alphonso Anderson Turnover.,45,43,2,0,0.44536158022903966,0.6093572109668441,4,4,-6.5,139,"c(""Tony Padilla"", "" Nate Harris"", "" Tommy Nunez"")","Las Vegas, NV",Thomas & Mack Center,18500,NA,NA,NA,NA,NA,NA,NA,NA,NA,Utah State,UNLV,FALSE
401262616,2021-01-25,UNLV,Utah State,241,2,9:51,591,591,Bryce Hamilton Steal.,45,43,2,0,0.44536158022903966,0.6093572109668441,4,4,-6.5,139,"c(""Tony Padilla"", "" Nate Harris"", "" Tommy Nunez"")","Las Vegas, NV",Thomas & Mack Center,18500,NA,NA,NA,NA,NA,NA,NA,NA,NA,Utah State,UNLV,FALSE
401262616,2021-01-25,UNLV,Utah State,242,2,9:29,569,569,David Jenkins Jr. missed Jumper.,45,43,2,22,0.4495479627447404,0.6115822113174649,4,4,-6.5,139,"c(""Tony Padilla"", "" Nate Harris"", "" Tommy Nunez"")","Las Vegas, NV",Thomas & Mack Center,18500,NA,NA,NA,UNLV,missed,David Jenkins Jr.,NA,FALSE,FALSE,UNLV,UNLV,FALSE
401262616,2021-01-25,UNLV,Utah State,243,2,9:26,566,566,David Jenkins Jr. Offensive Rebound.,45,43,2,3,0.4501694103513339,0.6119203243667696,4,4,-6.5,139,"c(""Tony Padilla"", "" Nate Harris"", "" Tommy Nunez"")","Las Vegas, NV",Thomas & Mack Center,18500,NA,NA,NA,NA,NA,NA,NA,NA,NA,UNLV,UNLV,FALSE
401262616,2021-01-25,UNLV,Utah State,244,2,9:22,562,562,David Jenkins Jr. missed Three Point Jumper.,45,43,2,4,0.4510189031035285,0.6123854738767276,4,4,-6.5,139,"c(""Tony Padilla"", "" Nate Harris"", "" Tommy Nunez"")","Las Vegas, NV",Thomas & Mack Center,18500,NA,NA,NA,UNLV,missed,David Jenkins Jr.,NA,TRUE,FALSE,UNLV,Utah State,FALSE
401262616,2021-01-25,UNLV,Utah State,245,2,9:19,559,559,Alphonso Anderson Defensive Rebound.,45,43,2,3,0.45167221668397695,0.6127454387867374,4,4,-6.5,139,"c(""Tony Padilla"", "" Nate Harris"", "" Tommy Nunez"")","Las Vegas, NV",Thomas & Mack Center,18500,NA,NA,NA,NA,NA,NA,NA,NA,NA,UNLV,Utah State,FALSE
401262616,2021-01-25,UNLV,Utah State,246,2,9:12,552,552,Alphonso Anderson missed Three Point Jumper.,45,43,2,7,0.4532530343797265,0.6136240107028341,4,4,-6.5,139,"c(""Tony Padilla"", "" Nate Harris"", "" Tommy Nunez"")","Las Vegas, NV",Thomas & Mack Center,18500,NA,NA,NA,Utah State,missed,Alphonso Anderson,NA,TRUE,FALSE,Utah State,UNLV,FALSE
401262616,2021-01-25,UNLV,Utah State,247,2,9:09,549,549,David Jenkins Jr. Defensive Rebound.,45,43,2,3,0.45395376178505786,0.6140163305976102,4,4,-6.5,139,"c(""Tony Padilla"", "" Nate Harris"", "" Tommy Nunez"")","Las Vegas, NV",Thomas & Mack Center,18500,NA,NA,NA,NA,NA,NA,NA,NA,NA,Utah State,UNLV,FALSE
401262616,2021-01-25,UNLV,Utah State,248,2,8:44,524,524,Nicquel Blake made Three Point Jumper. Assisted by Moses Wood.,48,43,5,25,0.6343640687814313,0.766836639328468,4,4,-6.5,139,"c(""Tony Padilla"", "" Nate Harris"", "" Tommy Nunez"")","Las Vegas, NV",Thomas & Mack Center,18500,NA,NA,NA,UNLV,made,Nicquel Blake,Moses Wood,TRUE,FALSE,UNLV,Utah State,FALSE
401262616,2021-01-25,UNLV,Utah State,249,2,8:29,509,509,Steven Ashworth missed Jumper.,48,43,5,15,0.639172326244672,0.7695721354156249,4,4,-6.5,139,"c(""Tony Padilla"", "" Nate Harris"", "" Tommy Nunez"")","Las Vegas, NV",Thomas & Mack Center,18500,NA,NA,NA,Utah State,missed,Steven Ashworth,NA,FALSE,FALSE,Utah State,UNLV,FALSE
401262616,2021-01-25,UNLV,Utah State,250,2,8:26,506,506,Nicquel Blake Defensive Rebound.,48,43,5,3,0.6401106172998625,0.7701016244058269,4,4,-6.5,139,"c(""Tony Padilla"", "" Nate Harris"", "" Tommy Nunez"")","Las Vegas, NV",Thomas & Mack Center,18500,NA,NA,NA,NA,NA,NA,NA,NA,NA,Utah State,UNLV,FALSE
401262616,2021-01-25,UNLV,Utah State,251,2,8:20,500,500,Nicquel Blake Turnover.,48,43,5,6,0.6419854020599317,0.7711581052106694,4,4,-6.5,139,"c(""Tony Padilla"", "" Nate Harris"", "" Tommy Nunez"")","Las Vegas, NV",Thomas & Mack Center,18500,NA,NA,NA,NA,NA,NA,NA,NA,NA,UNLV,Utah State,FALSE
401262616,2021-01-25,UNLV,Utah State,252,2,8:20,500,500,Rollie Worster Steal.,48,43,5,0,0.6419854020599317,0.7711581052106694,4,4,-6.5,139,"c(""Tony Padilla"", "" Nate Harris"", "" Tommy Nunez"")","Las Vegas, NV",Thomas & Mack Center,18500,NA,NA,NA,NA,NA,NA,NA,NA,NA,UNLV,Utah State,FALSE
401262616,2021-01-25,UNLV,Utah State,253,2,8:16,496,496,Sean Bairstow missed Layup.,48,43,5,4,0.6432424875337742,0.7718665487429889,4,4,-6.5,139,"c(""Tony Padilla"", "" Nate Harris"", "" Tommy Nunez"")","Las Vegas, NV",Thomas & Mack Center,18500,NA,NA,NA,Utah State,missed,Sean Bairstow,NA,FALSE,FALSE,Utah State,Utah State,FALSE
401262616,2021-01-25,UNLV,Utah State,254,2,8:11,491,491,Steven Ashworth Offensive Rebound.,48,43,5,5,0.6448330097232707,0.772764418097565,4,4,-6.5,139,"c(""Tony Padilla"", "" Nate Harris"", "" Tommy Nunez"")","Las Vegas, NV",Thomas & Mack Center,18500,NA,NA,NA,NA,NA,NA,NA,NA,NA,Utah State,UNLV,FALSE
401262616,2021-01-25,UNLV,Utah State,255,2,8:11,491,491,Steven Ashworth Turnover.,48,43,5,0,0.6448330097232707,0.772764418097565,4,4,-6.5,139,"c(""Tony Padilla"", "" Nate Harris"", "" Tommy Nunez"")","Las Vegas, NV",Thomas & Mack Center,18500,NA,NA,NA,NA,NA,NA,NA,NA,NA,Utah State,UNLV,FALSE
401262616,2021-01-25,UNLV,Utah State,256,2,8:11,491,491,Moses Wood Steal.,48,43,5,0,0.6448330097232707,0.772764418097565,4,4,-6.5,139,"c(""Tony Padilla"", "" Nate Harris"", "" Tommy Nunez"")","Las Vegas, NV",Thomas & Mack Center,18500,NA,NA,NA,NA,NA,NA,NA,NA,NA,Utah State,UNLV,FALSE
401262616,2021-01-25,UNLV,Utah State,257,2,8:11,491,491,Foul on Rollie Worster.,48,43,5,0,0.6448330097232707,0.772764418097565,4,4,-6.5,139,"c(""Tony Padilla"", "" Nate Harris"", "" Tommy Nunez"")","Las Vegas, NV",Thomas & Mack Center,18500,NA,NA,NA,NA,NA,NA,NA,NA,NA,UNLV,UNLV,FALSE
401262616,2021-01-25,UNLV,Utah State,258,2,7:47,467,467,Bryce Hamilton missed Jumper.,48,43,5,24,0.6531328597698212,0.7775197467617175,4,4,-6.5,139,"c(""Tony Padilla"", "" Nate Harris"", "" Tommy Nunez"")","Las Vegas, NV",Thomas & Mack Center,18500,NA,NA,NA,UNLV,missed,Bryce Hamilton,NA,FALSE,FALSE,UNLV,UNLV,FALSE
401262616,2021-01-25,UNLV,Utah State,259,2,7:43,463,463,Moses Wood Offensive Rebound.,48,43,5,4,0.6546814561293572,0.7784239829758287,4,4,-6.5,139,"c(""Tony Padilla"", "" Nate Harris"", "" Tommy Nunez"")","Las Vegas, NV",Thomas & Mack Center,18500,NA,NA,NA,NA,NA,NA,NA,NA,NA,UNLV,UNLV,FALSE
401262616,2021-01-25,UNLV,Utah State,260,2,7:42,462,462,Moses Wood missed Layup.,48,43,5,1,0.6550782203061953,0.7786565521495923,4,4,-6.5,139,"c(""Tony Padilla"", "" Nate Harris"", "" Tommy Nunez"")","Las Vegas, NV",Thomas & Mack Center,18500,NA,NA,NA,UNLV,missed,Moses Wood,NA,FALSE,FALSE,UNLV,Utah State,FALSE
401262616,2021-01-25,UNLV,Utah State,261,2,7:42,462,462,Neemias Queta Block.,48,43,5,0,0.6550782203061953,0.7786565521495923,4,4,-6.5,139,"c(""Tony Padilla"", "" Nate Harris"", "" Tommy Nunez"")","Las Vegas, NV",Thomas & Mack Center,18500,NA,NA,NA,NA,NA,NA,NA,NA,NA,UNLV,Utah State,FALSE
401262616,2021-01-25,UNLV,Utah State,262,2,7:38,458,458,Rollie Worster Defensive Rebound.,48,43,5,4,0.6567064452860987,0.7796146993187814,4,4,-6.5,139,"c(""Tony Padilla"", "" Nate Harris"", "" Tommy Nunez"")","Las Vegas, NV",Thomas & Mack Center,18500,NA,NA,NA,NA,NA,NA,NA,NA,NA,UNLV,Utah State,FALSE
401262616,2021-01-25,UNLV,Utah State,263,2,7:37,457,457,Foul on Cheikh Mbacke Diong.,48,43,5,1,0.6571242409263225,0.7798615050952143,4,4,-6.5,139,"c(""Tony Padilla"", "" Nate Harris"", "" Tommy Nunez"")","Las Vegas, NV",Thomas & Mack Center,18500,NA,NA,NA,NA,NA,NA,NA,NA,NA,Utah State,Utah State,FALSE
401262616,2021-01-25,UNLV,Utah State,264,2,7:37,457,457,Official TV Timeout,48,43,5,0,0.6571242409263225,0.7798615050952143,4,4,-6.5,139,"c(""Tony Padilla"", "" Nate Harris"", "" Tommy Nunez"")","Las Vegas, NV",Thomas & Mack Center,18500,NA,NA,NA,NA,NA,NA,NA,NA,NA,Utah State,Utah State,FALSE
401262616,2021-01-25,UNLV,Utah State,265,2,7:25,445,445,Justin Bean Turnover.,48,43,5,12,0.6625116954124153,0.7830759693278119,4,4,-6.5,139,"c(""Tony Padilla"", "" Nate Harris"", "" Tommy Nunez"")","Las Vegas, NV",Thomas & Mack Center,18500,NA,NA,NA,NA,NA,NA,NA,NA,NA,Utah State,UNLV,FALSE
401262616,2021-01-25,UNLV,Utah State,266,2,7:25,445,445,Nicquel Blake Steal.,48,43,5,0,0.6625116954124153,0.7830759693278119,4,4,-6.5,139,"c(""Tony Padilla"", "" Nate Harris"", "" Tommy Nunez"")","Las Vegas, NV",Thomas & Mack Center,18500,NA,NA,NA,NA,NA,NA,NA,NA,NA,Utah State,UNLV,FALSE
401262616,2021-01-25,UNLV,Utah State,267,2,7:22,442,442,Nicquel Blake made Layup.,50,43,7,3,0.767923474327939,0.8586893870972299,4,4,-6.5,139,"c(""Tony Padilla"", "" Nate Harris"", "" Tommy Nunez"")","Las Vegas, NV",Thomas & Mack Center,18500,NA,NA,NA,UNLV,made,Nicquel Blake,NA,FALSE,FALSE,UNLV,Utah State,FALSE
401262616,2021-01-25,UNLV,Utah State,268,2,7:04,424,424,Neemias Queta Turnover.,50,43,7,18,0.7781463172795552,0.864605847047265,4,4,-6.5,139,"c(""Tony Padilla"", "" Nate Harris"", "" Tommy Nunez"")","Las Vegas, NV",Thomas & Mack Center,18500,NA,NA,NA,NA,NA,NA,NA,NA,NA,Utah State,UNLV,FALSE
401262616,2021-01-25,UNLV,Utah State,269,2,6:43,403,403,Bryce Hamilton missed Jumper.,50,43,7,21,0.7894449799235681,0.8710032904348219,4,4,-6.5,139,"c(""Tony Padilla"", "" Nate Harris"", "" Tommy Nunez"")","Las Vegas, NV",Thomas & Mack Center,18500,NA,NA,NA,UNLV,missed,Bryce Hamilton,NA,FALSE,FALSE,UNLV,Utah State,FALSE
401262616,2021-01-25,UNLV,Utah State,270,2,6:38,398,398,Justin Bean Defensive Rebound.,50,43,7,5,0.792002445432169,0.8724283047865785,4,4,-6.5,139,"c(""Tony Padilla"", "" Nate Harris"", "" Tommy Nunez"")","Las Vegas, NV",Thomas & Mack Center,18500,NA,NA,NA,NA,NA,NA,NA,NA,NA,UNLV,Utah State,FALSE
401262616,2021-01-25,UNLV,Utah State,271,2,6:35,395,395,Foul on Nicquel Blake.,50,43,7,3,0.7935264843090352,0.8732749386234762,4,4,-6.5,139,"c(""Tony Padilla"", "" Nate Harris"", "" Tommy Nunez"")","Las Vegas, NV",Thomas & Mack Center,18500,NA,NA,NA,NA,NA,NA,NA,NA,NA,Utah State,Utah State,FALSE
401262616,2021-01-25,UNLV,Utah State,272,2,6:33,393,393,Justin Bean missed Jumper.,50,43,7,2,0.7945400717141272,0.8738371934387146,4,4,-6.5,139,"c(""Tony Padilla"", "" Nate Harris"", "" Tommy Nunez"")","Las Vegas, NV",Thomas & Mack Center,18500,NA,NA,NA,Utah State,missed,Justin Bean,NA,FALSE,FALSE,Utah State,UNLV,FALSE
401262616,2021-01-25,UNLV,Utah State,273,2,6:30,390,390,Cheikh Mbacke Diong Defensive Rebound.,50,43,7,3,0.7960590350258968,0.8746788716487255,4,4,-6.5,139,"c(""Tony Padilla"", "" Nate Harris"", "" Tommy Nunez"")","Las Vegas, NV",Thomas & Mack Center,18500,NA,NA,NA,NA,NA,NA,NA,NA,NA,Utah State,UNLV,FALSE
401262616,2021-01-25,UNLV,Utah State,274,2,6:11,371,371,Caleb Grill missed Three Point Jumper.,50,43,7,19,0.8058172797150063,0.8800846914039601,4,4,-6.5,139,"c(""Tony Padilla"", "" Nate Harris"", "" Tommy Nunez"")","Las Vegas, NV",Thomas & Mack Center,18500,NA,NA,NA,UNLV,missed,Caleb Grill,NA,TRUE,FALSE,UNLV,UNLV,FALSE
401262616,2021-01-25,UNLV,Utah State,275,2,6:08,368,368,Bryce Hamilton Offensive Rebound.,50,43,7,3,0.8074074430484937,0.8809691611822218,4,4,-6.5,139,"c(""Tony Padilla"", "" Nate Harris"", "" Tommy Nunez"")","Las Vegas, NV",Thomas & Mack Center,18500,NA,NA,NA,NA,NA,NA,NA,NA,NA,UNLV,UNLV,FALSE
401262616,2021-01-25,UNLV,Utah State,276,2,6:08,368,368,Bryce Hamilton missed Layup.,50,43,7,0,0.8074074430484937,0.8809691611822218,4,4,-6.5,139,"c(""Tony Padilla"", "" Nate Harris"", "" Tommy Nunez"")","Las Vegas, NV",Thomas & Mack Center,18500,NA,NA,NA,UNLV,missed,Bryce Hamilton,NA,FALSE,FALSE,UNLV,Utah State,FALSE
401262616,2021-01-25,UNLV,Utah State,277,2,6:05,365,365,Neemias Queta Defensive Rebound.,50,43,7,3,0.8090181064424996,0.8818669245717172,4,4,-6.5,139,"c(""Tony Padilla"", "" Nate Harris"", "" Tommy Nunez"")","Las Vegas, NV",Thomas & Mack Center,18500,NA,NA,NA,NA,NA,NA,NA,NA,NA,UNLV,Utah State,FALSE
401262616,2021-01-25,UNLV,Utah State,278,2,5:54,354,354,Marco Anthony missed Jumper.,50,43,7,11,0.8151361697239229,0.8852980384538109,4,4,-6.5,139,"c(""Tony Padilla"", "" Nate Harris"", "" Tommy Nunez"")","Las Vegas, NV",Thomas & Mack Center,18500,NA,NA,NA,Utah State,missed,Marco Anthony,NA,FALSE,FALSE,Utah State,UNLV,FALSE
401262616,2021-01-25,UNLV,Utah State,279,2,5:51,351,351,Nicquel Blake Defensive Rebound.,50,43,7,3,0.8168720299815088,0.8862783182877155,4,4,-6.5,139,"c(""Tony Padilla"", "" Nate Harris"", "" Tommy Nunez"")","Las Vegas, NV",Thomas & Mack Center,18500,NA,NA,NA,NA,NA,NA,NA,NA,NA,Utah State,UNLV,FALSE
401262616,2021-01-25,UNLV,Utah State,280,2,5:27,327,327,Bryce Hamilton Turnover.,50,43,7,24,0.8320678632160939,0.8949965194958555,4,4,-6.5,139,"c(""Tony Padilla"", "" Nate Harris"", "" Tommy Nunez"")","Las Vegas, NV",Thomas & Mack Center,18500,NA,NA,NA,NA,NA,NA,NA,NA,NA,UNLV,Utah State,FALSE
401262616,2021-01-25,UNLV,Utah State,281,2,5:16,316,316,Foul on Moses Wood.,50,43,7,11,0.8399271605532035,0.8995955375539114,4,4,-6.5,139,"c(""Tony Padilla"", "" Nate Harris"", "" Tommy Nunez"")","Las Vegas, NV",Thomas & Mack Center,18500,NA,NA,NA,NA,NA,NA,NA,NA,NA,Utah State,Utah State,FALSE
401262616,2021-01-25,UNLV,Utah State,282,2,5:14,314,314,Justin Bean missed Jumper.,50,43,7,2,0.8414215186281161,0.9004760837047355,4,4,-6.5,139,"c(""Tony Padilla"", "" Nate Harris"", "" Tommy Nunez"")","Las Vegas, NV",Thomas & Mack Center,18500,NA,NA,NA,Utah State,missed,Justin Bean,NA,FALSE,FALSE,Utah State,UNLV,FALSE
401262616,2021-01-25,UNLV,Utah State,283,2,5:11,311,311,David Jenkins Jr. Defensive Rebound.,50,43,7,3,0.843701280697134,0.9018229009881626,4,4,-6.5,139,"c(""Tony Padilla"", "" Nate Harris"", "" Tommy Nunez"")","Las Vegas, NV",Thomas & Mack Center,18500,NA,NA,NA,NA,NA,NA,NA,NA,NA,Utah State,UNLV,FALSE
401262616,2021-01-25,UNLV,Utah State,284,2,4:56,296,296,UNLV Defensive Rebound.,50,43,7,15,0.8515696948210725,0.9062161997502004,4,4,-6.5,139,"c(""Tony Padilla"", "" Nate Harris"", "" Tommy Nunez"")","Las Vegas, NV",Thomas & Mack Center,18500,NA,NA,NA,NA,NA,NA,NA,NA,NA,UNLV,UNLV,FALSE
401262616,2021-01-25,UNLV,Utah State,285,2,4:48,288,288,David Jenkins Jr. missed Jumper.,50,43,7,8,0.8529751401566052,0.9067019163975839,4,4,-6.5,139,"c(""Tony Padilla"", "" Nate Harris"", "" Tommy Nunez"")","Las Vegas, NV",Thomas & Mack Center,18500,NA,NA,NA,UNLV,missed,David Jenkins Jr.,NA,FALSE,FALSE,UNLV,Utah State,FALSE
401262616,2021-01-25,UNLV,Utah State,286,2,4:46,286,286,Neemias Queta Defensive Rebound.,50,43,7,2,0.8531005857343642,0.906671789411184,4,4,-6.5,139,"c(""Tony Padilla"", "" Nate Harris"", "" Tommy Nunez"")","Las Vegas, NV",Thomas & Mack Center,18500,NA,NA,NA,NA,NA,NA,NA,NA,NA,UNLV,Utah State,FALSE
401262616,2021-01-25,UNLV,Utah State,287,2,4:32,272,272,Steven Ashworth Turnover.,50,43,7,14,0.8521910763169441,0.9052437417102704,4,4,-6.5,139,"c(""Tony Padilla"", "" Nate Harris"", "" Tommy Nunez"")","Las Vegas, NV",Thomas & Mack Center,18500,NA,NA,NA,NA,NA,NA,NA,NA,NA,Utah State,UNLV,FALSE
401262616,2021-01-25,UNLV,Utah State,288,2,4:32,272,272,Cheikh Mbacke Diong Steal.,50,43,7,0,0.8521910763169441,0.9052437417102704,4,4,-6.5,139,"c(""Tony Padilla"", "" Nate Harris"", "" Tommy Nunez"")","Las Vegas, NV",Thomas & Mack Center,18500,NA,NA,NA,NA,NA,NA,NA,NA,NA,Utah State,UNLV,FALSE
401262616,2021-01-25,UNLV,Utah State,289,2,4:17,257,257,Caleb Grill made Three Point Jumper. Assisted by Bryce Hamilton.,53,43,10,15,0.9361294353270311,0.9600566885948678,4,4,-6.5,139,"c(""Tony Padilla"", "" Nate Harris"", "" Tommy Nunez"")","Las Vegas, NV",Thomas & Mack Center,18500,NA,NA,NA,UNLV,made,Caleb Grill,Bryce Hamilton,TRUE,FALSE,UNLV,Utah State,FALSE
401262616,2021-01-25,UNLV,Utah State,290,2,3:56,236,236,Rollie Worster made Three Point Jumper. Assisted by Brock Miller.,53,46,7,21,0.8481151442971508,0.9001949586940412,4,4,-6.5,139,"c(""Tony Padilla"", "" Nate Harris"", "" Tommy Nunez"")","Las Vegas, NV",Thomas & Mack Center,18500,NA,NA,NA,Utah State,made,Rollie Worster,Brock Miller,TRUE,FALSE,Utah State,UNLV,FALSE
401262616,2021-01-25,UNLV,Utah State,291,2,3:18,198,198,Foul on Bryce Hamilton.,53,46,7,38,0.8735182269285761,0.9153871216248697,4,4,-6.5,139,"c(""Tony Padilla"", "" Nate Harris"", "" Tommy Nunez"")","Las Vegas, NV",Thomas & Mack Center,18500,NA,NA,NA,NA,NA,NA,NA,NA,NA,UNLV,Utah State,FALSE
401262616,2021-01-25,UNLV,Utah State,292,2,3:18,198,198,Bryce Hamilton Turnover.,53,46,7,0,0.8735182269285761,0.9153871216248697,4,4,-6.5,139,"c(""Tony Padilla"", "" Nate Harris"", "" Tommy Nunez"")","Las Vegas, NV",Thomas & Mack Center,18500,NA,NA,NA,NA,NA,NA,NA,NA,NA,UNLV,Utah State,FALSE
401262616,2021-01-25,UNLV,Utah State,293,2,3:18,198,198,Official TV Timeout,53,46,7,0,0.8735182269285761,0.9153871216248697,4,4,-6.5,139,"c(""Tony Padilla"", "" Nate Harris"", "" Tommy Nunez"")","Las Vegas, NV",Thomas & Mack Center,18500,NA,NA,NA,NA,NA,NA,NA,NA,NA,UNLV,Utah State,FALSE
401262616,2021-01-25,UNLV,Utah State,294,2,3:08,188,188,Sean Bairstow made Layup.,53,48,5,10,0.7949584089219304,0.8575212470708322,4,4,-6.5,139,"c(""Tony Padilla"", "" Nate Harris"", "" Tommy Nunez"")","Las Vegas, NV",Thomas & Mack Center,18500,NA,NA,NA,Utah State,made,Sean Bairstow,NA,FALSE,FALSE,Utah State,UNLV,FALSE
401262616,2021-01-25,UNLV,Utah State,295,2,2:36,156,156,Caleb Grill missed Layup.,53,48,5,32,0.8503652997790446,0.8953667982414565,4,4,-6.5,139,"c(""Tony Padilla"", "" Nate Harris"", "" Tommy Nunez"")","Las Vegas, NV",Thomas & Mack Center,18500,NA,NA,NA,UNLV,missed,Caleb Grill,NA,FALSE,FALSE,UNLV,Utah State,FALSE
401262616,2021-01-25,UNLV,Utah State,296,2,2:32,152,152,Brock Miller Defensive Rebound.,53,48,5,4,0.8569445014386818,0.8998437190197522,4,4,-6.5,139,"c(""Tony Padilla"", "" Nate Harris"", "" Tommy Nunez"")","Las Vegas, NV",Thomas & Mack Center,18500,NA,NA,NA,NA,NA,NA,NA,NA,NA,UNLV,Utah State,FALSE
401262616,2021-01-25,UNLV,Utah State,297,2,2:15,135,135,Foul on Bryce Hamilton.,53,48,5,17,0.8843246734935851,0.9185010925035546,4,4,-6.5,139,"c(""Tony Padilla"", "" Nate Harris"", "" Tommy Nunez"")","Las Vegas, NV",Thomas & Mack Center,18500,NA,NA,NA,NA,NA,NA,NA,NA,NA,Utah State,Utah State,FALSE
401262616,2021-01-25,UNLV,Utah State,298,2,2:15,135,135,Rollie Worster missed Free Throw.,53,48,5,0,0.8843246734935851,0.9185010925035546,4,4,-6.5,139,"c(""Tony Padilla"", "" Nate Harris"", "" Tommy Nunez"")","Las Vegas, NV",Thomas & Mack Center,18500,NA,NA,NA,Utah State,missed,Rollie Worster,NA,FALSE,TRUE,Utah State,UNLV,FALSE
401262616,2021-01-25,UNLV,Utah State,299,2,2:13,133,133,Cheikh Mbacke Diong Defensive Rebound.,53,48,5,2,0.8874776862497047,0.9206544859576531,4,4,-6.5,139,"c(""Tony Padilla"", "" Nate Harris"", "" Tommy Nunez"")","Las Vegas, NV",Thomas & Mack Center,18500,NA,NA,NA,NA,NA,NA,NA,NA,NA,Utah State,UNLV,FALSE
401262616,2021-01-25,UNLV,Utah State,300,2,1:48,108,108,Caleb Grill made Three Point Jumper. Assisted by Bryce Hamilton.,56,48,8,25,0.9857246202355161,0.9899887320235143,4,4,-6.5,139,"c(""Tony Padilla"", "" Nate Harris"", "" Tommy Nunez"")","Las Vegas, NV",Thomas & Mack Center,18500,NA,NA,NA,UNLV,made,Caleb Grill,Bryce Hamilton,TRUE,FALSE,UNLV,Utah State,FALSE
401262616,2021-01-25,UNLV,Utah State,301,2,1:35,95,95,Sean Bairstow missed Three Point Jumper.,56,48,8,13,0.9907857579123611,0.9934527135289213,4,4,-6.5,139,"c(""Tony Padilla"", "" Nate Harris"", "" Tommy Nunez"")","Las Vegas, NV",Thomas & Mack Center,18500,NA,NA,NA,Utah State,missed,Sean Bairstow,NA,TRUE,FALSE,Utah State,UNLV,FALSE
401262616,2021-01-25,UNLV,Utah State,302,2,1:31,91,91,Caleb Grill Defensive Rebound.,56,48,8,4,0.992031475990742,0.9943137659597828,4,4,-6.5,139,"c(""Tony Padilla"", "" Nate Harris"", "" Tommy Nunez"")","Las Vegas, NV",Thomas & Mack Center,18500,NA,NA,NA,NA,NA,NA,NA,NA,NA,Utah State,UNLV,FALSE
401262616,2021-01-25,UNLV,Utah State,303,2,1:28,88,88,Foul on Rollie Worster.,56,48,8,3,0.9928622097707753,0.9948900398759346,4,4,-6.5,139,"c(""Tony Padilla"", "" Nate Harris"", "" Tommy Nunez"")","Las Vegas, NV",Thomas & Mack Center,18500,NA,NA,NA,NA,NA,NA,NA,NA,NA,UNLV,UNLV,FALSE
401262616,2021-01-25,UNLV,Utah State,304,2,1:22,82,82,Foul on UNLV.,56,48,8,6,0.9942992977176329,0.9958917741181347,4,4,-6.5,139,"c(""Tony Padilla"", "" Nate Harris"", "" Tommy Nunez"")","Las Vegas, NV",Thomas & Mack Center,18500,NA,NA,NA,NA,NA,NA,NA,NA,NA,UNLV,Utah State,FALSE
401262616,2021-01-25,UNLV,Utah State,305,2,1:20,80,80,Foul on Rollie Worster.,56,48,8,2,0.9947203091500528,0.9961866270857405,4,4,-6.5,139,"c(""Tony Padilla"", "" Nate Harris"", "" Tommy Nunez"")","Las Vegas, NV",Thomas & Mack Center,18500,NA,NA,NA,NA,NA,NA,NA,NA,NA,UNLV,UNLV,FALSE
401262616,2021-01-25,UNLV,Utah State,306,2,1:19,79,79,Foul on Brock Miller.,56,48,8,1,0.9949210306384376,0.996327455172252,4,4,-6.5,139,"c(""Tony Padilla"", "" Nate Harris"", "" Tommy Nunez"")","Las Vegas, NV",Thomas & Mack Center,18500,NA,NA,NA,NA,NA,NA,NA,NA,NA,UNLV,UNLV,FALSE
401262616,2021-01-25,UNLV,Utah State,307,2,1:19,79,79,David Jenkins Jr. missed Free Throw.,56,48,8,0,0.9949210306384376,0.996327455172252,4,4,-6.5,139,"c(""Tony Padilla"", "" Nate Harris"", "" Tommy Nunez"")","Las Vegas, NV",Thomas & Mack Center,18500,NA,NA,NA,UNLV,missed,David Jenkins Jr.,NA,FALSE,TRUE,UNLV,UNLV,FALSE
401262616,2021-01-25,UNLV,Utah State,308,2,1:19,79,79,UNLV Offensive Rebound.,56,48,8,0,0.9949210306384376,0.996327455172252,4,4,-6.5,139,"c(""Tony Padilla"", "" Nate Harris"", "" Tommy Nunez"")","Las Vegas, NV",Thomas & Mack Center,18500,NA,NA,NA,NA,NA,NA,NA,NA,NA,UNLV,UNLV,FALSE
401262616,2021-01-25,UNLV,Utah State,309,2,1:19,79,79,David Jenkins Jr. made Free Throw.,57,48,9,0,0.99747239913626,0.998173617570512,4,4,-6.5,139,"c(""Tony Padilla"", "" Nate Harris"", "" Tommy Nunez"")","Las Vegas, NV",Thomas & Mack Center,18500,NA,NA,NA,UNLV,made,David Jenkins Jr.,NA,FALSE,TRUE,UNLV,UNLV,FALSE
401262616,2021-01-25,UNLV,Utah State,310,2,1:12,72,72,Bryce Hamilton Turnover.,57,48,9,7,0.9981549253911931,0.998655785666953,4,4,-6.5,139,"c(""Tony Padilla"", "" Nate Harris"", "" Tommy Nunez"")","Las Vegas, NV",Thomas & Mack Center,18500,NA,NA,NA,NA,NA,NA,NA,NA,NA,UNLV,Utah State,FALSE
401262616,2021-01-25,UNLV,Utah State,311,2,1:12,72,72,Justin Bean Steal.,57,48,9,0,0.9981549253911931,0.998655785666953,4,4,-6.5,139,"c(""Tony Padilla"", "" Nate Harris"", "" Tommy Nunez"")","Las Vegas, NV",Thomas & Mack Center,18500,NA,NA,NA,NA,NA,NA,NA,NA,NA,UNLV,Utah State,FALSE
401262616,2021-01-25,UNLV,Utah State,312,2,1:08,68,68,Foul on David Jenkins Jr..,57,48,9,4,0.998470806716561,0.9988805622095024,4,4,-6.5,139,"c(""Tony Padilla"", "" Nate Harris"", "" Tommy Nunez"")","Las Vegas, NV",Thomas & Mack Center,18500,NA,NA,NA,NA,NA,NA,NA,NA,NA,Utah State,Utah State,FALSE
401262616,2021-01-25,UNLV,Utah State,313,2,1:08,68,68,Marco Anthony made Free Throw.,57,49,8,0,0.9967524997880549,0.9976215880151447,4,4,-6.5,139,"c(""Tony Padilla"", "" Nate Harris"", "" Tommy Nunez"")","Las Vegas, NV",Thomas & Mack Center,18500,NA,NA,NA,Utah State,made,Marco Anthony,NA,FALSE,TRUE,Utah State,Utah State,FALSE
401262616,2021-01-25,UNLV,Utah State,314,2,1:08,68,68,Marco Anthony made Free Throw.,57,50,7,0,0.9931166955046296,0.994953863049642,4,4,-6.5,139,"c(""Tony Padilla"", "" Nate Harris"", "" Tommy Nunez"")","Las Vegas, NV",Thomas & Mack Center,18500,NA,NA,NA,Utah State,made,Marco Anthony,NA,FALSE,TRUE,Utah State,UNLV,FALSE
401262616,2021-01-25,UNLV,Utah State,315,2,1:04,64,64,David Jenkins Jr. Turnover.,57,50,7,4,0.9940703298164298,0.9956327196355618,4,4,-6.5,139,"c(""Tony Padilla"", "" Nate Harris"", "" Tommy Nunez"")","Las Vegas, NV",Thomas & Mack Center,18500,NA,NA,NA,NA,NA,NA,NA,NA,NA,UNLV,Utah State,FALSE
401262616,2021-01-25,UNLV,Utah State,316,2,1:04,64,64,Marco Anthony Steal.,57,50,7,0,0.9940703298164298,0.9956327196355618,4,4,-6.5,139,"c(""Tony Padilla"", "" Nate Harris"", "" Tommy Nunez"")","Las Vegas, NV",Thomas & Mack Center,18500,NA,NA,NA,NA,NA,NA,NA,NA,NA,UNLV,Utah State,FALSE
401262616,2021-01-25,UNLV,Utah State,317,2,0:58,58,58,Justin Bean made Layup. Assisted by Marco Anthony.,57,52,5,6,0.9767398256414727,0.9826628214732704,4,4,-6.5,139,"c(""Tony Padilla"", "" Nate Harris"", "" Tommy Nunez"")","Las Vegas, NV",Thomas & Mack Center,18500,NA,NA,NA,Utah State,made,Justin Bean,Marco Anthony,FALSE,FALSE,Utah State,UNLV,FALSE
401262616,2021-01-25,UNLV,Utah State,318,2,0:50,50,50,Nicquel Blake missed Dunk.,57,52,5,8,0.9814444860400796,0.9860480712219178,4,4,-6.5,139,"c(""Tony Padilla"", "" Nate Harris"", "" Tommy Nunez"")","Las Vegas, NV",Thomas & Mack Center,18500,NA,NA,NA,UNLV,missed,Nicquel Blake,NA,FALSE,FALSE,UNLV,Utah State,FALSE
401262616,2021-01-25,UNLV,Utah State,319,2,0:47,47,47,Marco Anthony Defensive Rebound.,57,52,5,3,0.9830021605932983,0.9871758040321901,4,4,-6.5,139,"c(""Tony Padilla"", "" Nate Harris"", "" Tommy Nunez"")","Las Vegas, NV",Thomas & Mack Center,18500,NA,NA,NA,NA,NA,NA,NA,NA,NA,UNLV,Utah State,FALSE
401262616,2021-01-25,UNLV,Utah State,320,2,0:38,38,38,Foul on Caleb Grill.,57,52,5,9,0.987070307277617,0.9901414974572486,4,4,-6.5,139,"c(""Tony Padilla"", "" Nate Harris"", "" Tommy Nunez"")","Las Vegas, NV",Thomas & Mack Center,18500,NA,NA,NA,NA,NA,NA,NA,NA,NA,Utah State,Utah State,FALSE
401262616,2021-01-25,UNLV,Utah State,321,2,0:38,38,38,Justin Bean made Free Throw.,57,53,4,0,0.9681179917912737,0.9755795512141152,4,4,-6.5,139,"c(""Tony Padilla"", "" Nate Harris"", "" Tommy Nunez"")","Las Vegas, NV",Thomas & Mack Center,18500,NA,NA,NA,Utah State,made,Justin Bean,NA,FALSE,TRUE,Utah State,Utah State,FALSE
401262616,2021-01-25,UNLV,Utah State,322,2,0:38,38,38,Justin Bean made Free Throw.,57,54,3,0,0.9235373892725036,0.9407943806140523,4,4,-6.5,139,"c(""Tony Padilla"", "" Nate Harris"", "" Tommy Nunez"")","Las Vegas, NV",Thomas & Mack Center,18500,NA,NA,NA,Utah State,made,Justin Bean,NA,FALSE,TRUE,Utah State,UNLV,FALSE
401262616,2021-01-25,UNLV,Utah State,323,2,0:31,31,31,Foul on Rollie Worster.,57,54,3,7,0.9327803700230994,0.9476109270467127,4,4,-6.5,139,"c(""Tony Padilla"", "" Nate Harris"", "" Tommy Nunez"")","Las Vegas, NV",Thomas & Mack Center,18500,NA,NA,NA,NA,NA,NA,NA,NA,NA,UNLV,UNLV,FALSE
401262616,2021-01-25,UNLV,Utah State,324,2,0:29,29,29,Nicquel Blake Turnover.,57,54,3,2,0.9352706873028903,0.9494535830121873,4,4,-6.5,139,"c(""Tony Padilla"", "" Nate Harris"", "" Tommy Nunez"")","Las Vegas, NV",Thomas & Mack Center,18500,NA,NA,NA,NA,NA,NA,NA,NA,NA,UNLV,Utah State,FALSE
401262616,2021-01-25,UNLV,Utah State,325,2,0:19,19,19,Utah State  Turnover.,57,54,3,10,0.9467338578551049,0.9579762736338373,4,4,-6.5,139,"c(""Tony Padilla"", "" Nate Harris"", "" Tommy Nunez"")","Las Vegas, NV",Thomas & Mack Center,18500,NA,NA,NA,NA,NA,NA,NA,NA,NA,Utah State,UNLV,FALSE
401262616,2021-01-25,UNLV,Utah State,326,2,0:10,10,10,Foul on Bryce Hamilton.,57,54,3,9,0.9558717754104928,0.9648361167568685,4,4,-6.5,139,"c(""Tony Padilla"", "" Nate Harris"", "" Tommy Nunez"")","Las Vegas, NV",Thomas & Mack Center,18500,NA,NA,NA,NA,NA,NA,NA,NA,NA,UNLV,Utah State,FALSE
401262616,2021-01-25,UNLV,Utah State,327,2,0:10,10,10,Marco Anthony made Free Throw.,57,55,2,0,0.8777769221268379,0.9009619731336145,4,4,-6.5,139,"c(""Tony Padilla"", "" Nate Harris"", "" Tommy Nunez"")","Las Vegas, NV",Thomas & Mack Center,18500,NA,NA,NA,Utah State,made,Marco Anthony,NA,FALSE,TRUE,Utah State,Utah State,FALSE
401262616,2021-01-25,UNLV,Utah State,328,2,0:10,10,10,Marco Anthony made Free Throw.,57,56,1,0,0.7042387771302377,0.7510050166627159,4,4,-6.5,139,"c(""Tony Padilla"", "" Nate Harris"", "" Tommy Nunez"")","Las Vegas, NV",Thomas & Mack Center,18500,NA,NA,NA,Utah State,made,Marco Anthony,NA,FALSE,TRUE,Utah State,UNLV,FALSE
401262616,2021-01-25,UNLV,Utah State,329,2,0:06,6,6,Foul on Justin Bean.,57,56,1,4,0.7112911176622393,0.7562915917287648,4,4,-6.5,139,"c(""Tony Padilla"", "" Nate Harris"", "" Tommy Nunez"")","Las Vegas, NV",Thomas & Mack Center,18500,NA,NA,NA,NA,NA,NA,NA,NA,NA,UNLV,UNLV,FALSE
401262616,2021-01-25,UNLV,Utah State,330,2,0:06,6,6,David Jenkins Jr. made Free Throw.,58,56,2,0,0.8843329149454413,0.9059288265680565,4,4,-6.5,139,"c(""Tony Padilla"", "" Nate Harris"", "" Tommy Nunez"")","Las Vegas, NV",Thomas & Mack Center,18500,NA,NA,NA,UNLV,made,David Jenkins Jr.,NA,FALSE,TRUE,UNLV,UNLV,FALSE
401262616,2021-01-25,UNLV,Utah State,331,2,0:06,6,6,David Jenkins Jr. made Free Throw.,59,56,3,0,0.9595567625847256,0.9676220404903904,4,4,-6.5,139,"c(""Tony Padilla"", "" Nate Harris"", "" Tommy Nunez"")","Las Vegas, NV",Thomas & Mack Center,18500,NA,NA,NA,UNLV,made,David Jenkins Jr.,NA,FALSE,TRUE,UNLV,Utah State,FALSE
401262616,2021-01-25,UNLV,Utah State,332,2,0:03,3,3,Steven Ashworth missed Three Point Jumper.,59,56,3,3,0.9621619627167279,0.9695991517630681,4,4,-6.5,139,"c(""Tony Padilla"", "" Nate Harris"", "" Tommy Nunez"")","Las Vegas, NV",Thomas & Mack Center,18500,NA,NA,NA,Utah State,missed,Steven Ashworth,NA,TRUE,FALSE,Utah State,UNLV,FALSE
401262616,2021-01-25,UNLV,Utah State,333,2,0:03,3,3,Moses Wood Block.,59,56,3,0,0.9621619627167279,0.9695991517630681,4,4,-6.5,139,"c(""Tony Padilla"", "" Nate Harris"", "" Tommy Nunez"")","Las Vegas, NV",Thomas & Mack Center,18500,NA,NA,NA,NA,NA,NA,NA,NA,NA,Utah State,UNLV,FALSE
401262616,2021-01-25,UNLV,Utah State,334,2,0:00,0,0,Moses Wood Defensive Rebound.,59,56,3,3,1,1,4,4,-6.5,139,"c(""Tony Padilla"", "" Nate Harris"", "" Tommy Nunez"")","Las Vegas, NV",Thomas & Mack Center,18500,NA,NA,NA,NA,NA,NA,NA,NA,NA,Utah State,UNLV,FALSE
401262616,2021-01-25,UNLV,Utah State,335,2,0:00,0,0,End of Game,59,56,3,0,1,1,4,4,-6.5,139,"c(""Tony Padilla"", "" Nate Harris"", "" Tommy Nunez"")","Las Vegas, NV",Thomas & Mack Center,18500,NA,NA,NA,NA,NA,NA,NA,NA,NA,UNLV,NA,FALSE
