game_id,date,home,away,play_id,half,time_remaining_half,secs_remaining,secs_remaining_absolute,description,action_team,home_score,away_score,score_diff,play_length,scoring_play,foul,win_prob,naive_win_prob,home_time_out_remaining,away_time_out_remaining,home_favored_by,total_line,referees,arena_location,arena,capacity,attendance,shot_x,shot_y,shot_team,shot_outcome,shooter,assist,three_pt,free_throw,possession_before,possession_after,wrong_time
401641118,2024-03-26,Indiana St,Cincinnati,1,1,20:00,2400,2400,Jump Ball won by Cincinnati,away,0,0,0,0,FALSE,FALSE,0.7073132324973189,0.5,6,6,5.5,155.5,Stephen Divine/Bret Smith/Edwin  Young,"Terre Haute, IN",Hulman Center,NA,8057,NA,NA,NA,NA,NA,NA,NA,NA,NA,Cincinnati,FALSE
401641118,2024-03-26,Indiana St,Cincinnati,2,1,19:55,2395,2395,Dan Skillings Jr. missed Layup.,away,0,0,0,5,FALSE,FALSE,0.7072223525347858,0.5,6,6,5.5,155.5,Stephen Divine/Bret Smith/Edwin  Young,"Terre Haute, IN",Hulman Center,NA,8057,-40.75,3,Cincinnati,missed,Dan Skillings Jr.,NA,FALSE,FALSE,Cincinnati,Indiana St,FALSE
401641118,2024-03-26,Indiana St,Cincinnati,3,1,19:55,2395,2395,Julian Larry Block.,home,0,0,0,0,FALSE,FALSE,0.7072223525347858,0.5,6,6,5.5,155.5,Stephen Divine/Bret Smith/Edwin  Young,"Terre Haute, IN",Hulman Center,NA,8057,NA,NA,NA,NA,NA,NA,NA,NA,Cincinnati,Indiana St,FALSE
401641118,2024-03-26,Indiana St,Cincinnati,4,1,19:55,2395,2395,Indiana State Defensive Rebound.,home,0,0,0,0,FALSE,FALSE,0.7072223525347858,0.5,6,6,5.5,155.5,Stephen Divine/Bret Smith/Edwin  Young,"Terre Haute, IN",Hulman Center,NA,8057,NA,NA,NA,NA,NA,NA,NA,NA,Cincinnati,Indiana St,FALSE
401641118,2024-03-26,Indiana St,Cincinnati,5,1,19:46,2386,2386,Julian Larry made Layup.,home,2,0,2,9,TRUE,FALSE,0.7424772787309014,0.5443207085263143,6,6,5.5,155.5,Stephen Divine/Bret Smith/Edwin  Young,"Terre Haute, IN",Hulman Center,NA,8057,40.75,-2,Indiana St,made,Julian Larry,NA,FALSE,FALSE,Indiana St,Cincinnati,FALSE
401641118,2024-03-26,Indiana St,Cincinnati,6,1,19:31,2371,2371,John Newman III made Three Point Jumper.,away,2,3,-1,15,TRUE,FALSE,0.6878894799930023,0.47763565640234745,6,6,5.5,155.5,Stephen Divine/Bret Smith/Edwin  Young,"Terre Haute, IN",Hulman Center,NA,8057,-25.75,18,Cincinnati,made,John Newman III,NA,TRUE,FALSE,Cincinnati,Indiana St,FALSE
401641118,2024-03-26,Indiana St,Cincinnati,7,1,19:14,2354,2354,Julian Larry made Layup.,home,4,3,1,17,TRUE,FALSE,0.7248173684814097,0.5225479267308089,6,6,5.5,155.5,Stephen Divine/Bret Smith/Edwin  Young,"Terre Haute, IN",Hulman Center,NA,8057,40.75,-4,Indiana St,made,Julian Larry,NA,FALSE,FALSE,Indiana St,Cincinnati,FALSE
401641118,2024-03-26,Indiana St,Cincinnati,8,1,18:56,2336,2336,Jizzle James made Jumper.,away,4,5,-1,18,TRUE,FALSE,0.686866163374927,0.4772556011616318,6,6,5.5,155.5,Stephen Divine/Bret Smith/Edwin  Young,"Terre Haute, IN",Hulman Center,NA,8057,-39.75,-14,Cincinnati,made,Jizzle James,NA,FALSE,FALSE,Cincinnati,Indiana St,FALSE
401641118,2024-03-26,Indiana St,Cincinnati,9,1,18:31,2311,2311,Foul on Jizzle James.,away,4,5,-1,25,FALSE,TRUE,0.6861117768787472,0.4769794403329548,6,6,5.5,155.5,Stephen Divine/Bret Smith/Edwin  Young,"Terre Haute, IN",Hulman Center,NA,8057,NA,NA,NA,NA,NA,NA,NA,NA,Indiana St,Indiana St,FALSE
401641118,2024-03-26,Indiana St,Cincinnati,10,1,18:31,2311,2311,Julian Larry missed Free Throw.,home,4,5,-1,0,FALSE,FALSE,0.6861117768787472,0.4769794403329548,6,6,5.5,155.5,Stephen Divine/Bret Smith/Edwin  Young,"Terre Haute, IN",Hulman Center,NA,8057,-28,-0,Indiana St,missed,Julian Larry,NA,FALSE,TRUE,Indiana St,Indiana St,FALSE
401641118,2024-03-26,Indiana St,Cincinnati,11,1,18:31,2311,2311,Indiana State Deadball Team Rebound.,home,4,5,-1,0,FALSE,FALSE,0.6861117768787472,0.4769794403329548,6,6,5.5,155.5,Stephen Divine/Bret Smith/Edwin  Young,"Terre Haute, IN",Hulman Center,NA,8057,NA,NA,NA,NA,NA,NA,NA,NA,Indiana St,Indiana St,FALSE
401641118,2024-03-26,Indiana St,Cincinnati,12,1,18:31,2311,2311,Julian Larry missed Free Throw.,home,4,5,-1,0,FALSE,FALSE,0.6861117768787472,0.4769794403329548,6,6,5.5,155.5,Stephen Divine/Bret Smith/Edwin  Young,"Terre Haute, IN",Hulman Center,NA,8057,-28,-0,Indiana St,missed,Julian Larry,NA,FALSE,TRUE,Indiana St,Indiana St,FALSE
401641118,2024-03-26,Indiana St,Cincinnati,13,1,18:31,2311,2311,Dan Skillings Jr. Defensive Rebound.,away,4,5,-1,0,FALSE,FALSE,0.6861117768787472,0.4769794403329548,6,6,5.5,155.5,Stephen Divine/Bret Smith/Edwin  Young,"Terre Haute, IN",Hulman Center,NA,8057,NA,NA,NA,NA,NA,NA,NA,NA,Indiana St,Indiana St,FALSE
401641118,2024-03-26,Indiana St,Cincinnati,14,1,18:13,2293,2293,Jizzle James made Jumper.,away,4,7,-3,18,TRUE,FALSE,0.644172342711255,0.43073347239677884,6,6,5.5,155.5,Stephen Divine/Bret Smith/Edwin  Young,"Terre Haute, IN",Hulman Center,NA,8057,-28.75,-7,Cincinnati,made,Jizzle James,NA,FALSE,FALSE,Cincinnati,Indiana St,FALSE
401641118,2024-03-26,Indiana St,Cincinnati,15,1,17:43,2263,2263,Robbie Avila made Three Point Jumper. Assisted by Ryan Conwell.,home,7,7,0,30,TRUE,FALSE,0.7046081257944707,0.5,6,6,5.5,155.5,Stephen Divine/Bret Smith/Edwin  Young,"Terre Haute, IN",Hulman Center,NA,8057,20.75,-13,Indiana St,made,Robbie Avila,Ryan Conwell,TRUE,FALSE,Indiana St,Cincinnati,FALSE
401641118,2024-03-26,Indiana St,Cincinnati,16,1,17:21,2241,2241,Dan Skillings Jr. Turnover.,away,7,7,0,22,FALSE,FALSE,0.7041291122552162,0.5,6,6,5.5,155.5,Stephen Divine/Bret Smith/Edwin  Young,"Terre Haute, IN",Hulman Center,NA,8057,NA,NA,NA,NA,NA,NA,NA,NA,Cincinnati,Indiana St,FALSE
401641118,2024-03-26,Indiana St,Cincinnati,17,1,17:10,2230,2230,Robbie Avila missed Three Point Jumper.,home,7,7,0,11,FALSE,FALSE,0.7038846248424163,0.5,6,6,5.5,155.5,Stephen Divine/Bret Smith/Edwin  Young,"Terre Haute, IN",Hulman Center,NA,8057,18.75,-9,Indiana St,missed,Robbie Avila,NA,TRUE,FALSE,Indiana St,Cincinnati,FALSE
401641118,2024-03-26,Indiana St,Cincinnati,18,1,17:10,2230,2230,Dan Skillings Jr. Defensive Rebound.,away,7,7,0,0,FALSE,FALSE,0.7038846248424163,0.5,6,6,5.5,155.5,Stephen Divine/Bret Smith/Edwin  Young,"Terre Haute, IN",Hulman Center,NA,8057,NA,NA,NA,NA,NA,NA,NA,NA,Indiana St,Cincinnati,FALSE
401641118,2024-03-26,Indiana St,Cincinnati,19,1,16:42,2202,2202,Foul on Robbie Avila.,home,7,7,0,28,FALSE,TRUE,0.7032469269186089,0.5,6,6,5.5,155.5,Stephen Divine/Bret Smith/Edwin  Young,"Terre Haute, IN",Hulman Center,NA,8057,NA,NA,NA,NA,NA,NA,NA,NA,Cincinnati,Cincinnati,FALSE
401641118,2024-03-26,Indiana St,Cincinnati,20,1,16:42,2202,2202,Aziz Bandaogo missed Free Throw.,away,7,7,0,0,FALSE,FALSE,0.7032469269186089,0.5,6,6,5.5,155.5,Stephen Divine/Bret Smith/Edwin  Young,"Terre Haute, IN",Hulman Center,NA,8057,28,0,Cincinnati,missed,Aziz Bandaogo,NA,FALSE,TRUE,Cincinnati,Cincinnati,FALSE
401641118,2024-03-26,Indiana St,Cincinnati,21,1,16:42,2202,2202,Cincinnati Deadball Team Rebound.,away,7,7,0,0,FALSE,FALSE,0.7032469269186089,0.5,6,6,5.5,155.5,Stephen Divine/Bret Smith/Edwin  Young,"Terre Haute, IN",Hulman Center,NA,8057,NA,NA,NA,NA,NA,NA,NA,NA,Cincinnati,Cincinnati,FALSE
401641118,2024-03-26,Indiana St,Cincinnati,22,1,16:42,2202,2202,Aziz Bandaogo missed Free Throw.,away,7,7,0,0,FALSE,FALSE,0.7032469269186089,0.5,6,6,5.5,155.5,Stephen Divine/Bret Smith/Edwin  Young,"Terre Haute, IN",Hulman Center,NA,8057,28,0,Cincinnati,missed,Aziz Bandaogo,NA,FALSE,TRUE,Cincinnati,Cincinnati,FALSE
401641118,2024-03-26,Indiana St,Cincinnati,23,1,16:42,2202,2202,Dan Skillings Jr. Offensive Rebound.,away,7,7,0,0,FALSE,FALSE,0.7032469269186089,0.5,6,6,5.5,155.5,Stephen Divine/Bret Smith/Edwin  Young,"Terre Haute, IN",Hulman Center,NA,8057,NA,NA,NA,NA,NA,NA,NA,NA,Cincinnati,Cincinnati,FALSE
401641118,2024-03-26,Indiana St,Cincinnati,24,1,16:41,2201,2201,Dan Skillings Jr. Turnover.,away,7,7,0,1,FALSE,FALSE,0.7032237372110978,0.5,6,6,5.5,155.5,Stephen Divine/Bret Smith/Edwin  Young,"Terre Haute, IN",Hulman Center,NA,8057,NA,NA,NA,NA,NA,NA,NA,NA,Cincinnati,Indiana St,FALSE
401641118,2024-03-26,Indiana St,Cincinnati,25,1,16:41,2201,2201,Julian Larry Steal.,home,7,7,0,0,FALSE,FALSE,0.7032237372110978,0.5,6,6,5.5,155.5,Stephen Divine/Bret Smith/Edwin  Young,"Terre Haute, IN",Hulman Center,NA,8057,NA,NA,NA,NA,NA,NA,NA,NA,Cincinnati,Indiana St,FALSE
401641118,2024-03-26,Indiana St,Cincinnati,26,1,16:22,2182,2182,Isaiah Swope missed Layup.,home,7,7,0,19,FALSE,FALSE,0.7027775918970117,0.5,6,6,5.5,155.5,Stephen Divine/Bret Smith/Edwin  Young,"Terre Haute, IN",Hulman Center,NA,8057,40.75,-2,Indiana St,missed,Isaiah Swope,NA,FALSE,FALSE,Indiana St,Cincinnati,FALSE
401641118,2024-03-26,Indiana St,Cincinnati,27,1,16:22,2182,2182,Aziz Bandaogo Defensive Rebound.,away,7,7,0,0,FALSE,FALSE,0.7027775918970117,0.5,6,6,5.5,155.5,Stephen Divine/Bret Smith/Edwin  Young,"Terre Haute, IN",Hulman Center,NA,8057,NA,NA,NA,NA,NA,NA,NA,NA,Indiana St,Cincinnati,FALSE
401641118,2024-03-26,Indiana St,Cincinnati,28,1,16:05,2165,2165,Dan Skillings Jr. missed Jumper.,away,7,7,0,17,FALSE,FALSE,0.7023693769820638,0.5,6,6,5.5,155.5,Stephen Divine/Bret Smith/Edwin  Young,"Terre Haute, IN",Hulman Center,NA,8057,-33.75,-2,Cincinnati,missed,Dan Skillings Jr.,NA,FALSE,FALSE,Cincinnati,Cincinnati,FALSE
401641118,2024-03-26,Indiana St,Cincinnati,29,1,16:05,2165,2165,Cincinnati Offensive Rebound.,away,7,7,0,0,FALSE,FALSE,0.7023693769820638,0.5,6,6,5.5,155.5,Stephen Divine/Bret Smith/Edwin  Young,"Terre Haute, IN",Hulman Center,NA,8057,NA,NA,NA,NA,NA,NA,NA,NA,Cincinnati,Cincinnati,FALSE
401641118,2024-03-26,Indiana St,Cincinnati,30,1,16:04,2164,2164,Jizzle James missed Three Point Jumper.,away,7,7,0,1,FALSE,FALSE,0.7023451033585004,0.5,6,6,5.5,155.5,Stephen Divine/Bret Smith/Edwin  Young,"Terre Haute, IN",Hulman Center,NA,8057,-24.75,17,Cincinnati,missed,Jizzle James,NA,TRUE,FALSE,Cincinnati,Indiana St,FALSE
401641118,2024-03-26,Indiana St,Cincinnati,31,1,16:04,2164,2164,Isaiah Swope Defensive Rebound.,home,7,7,0,0,FALSE,FALSE,0.7023451033585004,0.5,6,6,5.5,155.5,Stephen Divine/Bret Smith/Edwin  Young,"Terre Haute, IN",Hulman Center,NA,8057,NA,NA,NA,NA,NA,NA,NA,NA,Cincinnati,Indiana St,FALSE
401641118,2024-03-26,Indiana St,Cincinnati,32,1,15:52,2152,2152, Official TV Timeout,NA,7,7,0,12,FALSE,FALSE,0.702051631229265,0.5,6,5,5.5,155.5,Stephen Divine/Bret Smith/Edwin  Young,"Terre Haute, IN",Hulman Center,NA,8057,NA,NA,NA,NA,NA,NA,NA,NA,Indiana St,Indiana St,FALSE
401641118,2024-03-26,Indiana St,Cincinnati,33,1,15:42,2142,2142,Isaiah Swope missed Three Point Jumper.,home,7,7,0,10,FALSE,FALSE,0.701804001968688,0.5,6,5,5.5,155.5,Stephen Divine/Bret Smith/Edwin  Young,"Terre Haute, IN",Hulman Center,NA,8057,19.75,14,Indiana St,missed,Isaiah Swope,NA,TRUE,FALSE,Indiana St,Indiana St,FALSE
401641118,2024-03-26,Indiana St,Cincinnati,34,1,15:42,2142,2142,Jayson Kent Offensive Rebound.,home,7,7,0,0,FALSE,FALSE,0.701804001968688,0.5,6,5,5.5,155.5,Stephen Divine/Bret Smith/Edwin  Young,"Terre Haute, IN",Hulman Center,NA,8057,NA,NA,NA,NA,NA,NA,NA,NA,Indiana St,Indiana St,FALSE
401641118,2024-03-26,Indiana St,Cincinnati,35,1,15:26,2126,2126,Ryan Conwell missed Three Point Jumper.,home,7,7,0,16,FALSE,FALSE,0.701402046050466,0.5,6,5,5.5,155.5,Stephen Divine/Bret Smith/Edwin  Young,"Terre Haute, IN",Hulman Center,NA,8057,16.75,-9,Indiana St,missed,Ryan Conwell,NA,TRUE,FALSE,Indiana St,Cincinnati,FALSE
401641118,2024-03-26,Indiana St,Cincinnati,36,1,15:26,2126,2126,Dan Skillings Jr. Defensive Rebound.,away,7,7,0,0,FALSE,FALSE,0.701402046050466,0.5,6,5,5.5,155.5,Stephen Divine/Bret Smith/Edwin  Young,"Terre Haute, IN",Hulman Center,NA,8057,NA,NA,NA,NA,NA,NA,NA,NA,Indiana St,Cincinnati,FALSE
401641118,2024-03-26,Indiana St,Cincinnati,37,1,15:14,2114,2114,Simas Lukosius made Jumper.,away,7,9,-2,12,TRUE,FALSE,0.6570199021328473,0.449552141969799,6,5,5.5,155.5,Stephen Divine/Bret Smith/Edwin  Young,"Terre Haute, IN",Hulman Center,NA,8057,-33.75,3,Cincinnati,made,Simas Lukosius,NA,FALSE,FALSE,Cincinnati,Indiana St,FALSE
401641118,2024-03-26,Indiana St,Cincinnati,38,1,14:55,2095,2095,Julian Larry missed Layup.,home,7,9,-2,19,FALSE,FALSE,0.6560807553124237,0.44910293228347964,6,5,5.5,155.5,Stephen Divine/Bret Smith/Edwin  Young,"Terre Haute, IN",Hulman Center,NA,8057,40.75,-3,Indiana St,missed,Julian Larry,NA,FALSE,FALSE,Indiana St,Cincinnati,FALSE
401641118,2024-03-26,Indiana St,Cincinnati,39,1,14:55,2095,2095,Simas Lukosius Defensive Rebound.,away,7,9,-2,0,FALSE,FALSE,0.6560807553124237,0.44910293228347964,6,5,5.5,155.5,Stephen Divine/Bret Smith/Edwin  Young,"Terre Haute, IN",Hulman Center,NA,8057,NA,NA,NA,NA,NA,NA,NA,NA,Indiana St,Cincinnati,FALSE
401641118,2024-03-26,Indiana St,Cincinnati,40,1,14:49,2089,2089,Dan Skillings Jr. made Jumper. Assisted by Jizzle James.,away,7,11,-4,6,TRUE,FALSE,0.6081821896882148,0.3989734304972276,6,5,5.5,155.5,Stephen Divine/Bret Smith/Edwin  Young,"Terre Haute, IN",Hulman Center,NA,8057,-36.75,20,Cincinnati,made,Dan Skillings Jr.,Jizzle James,FALSE,FALSE,Cincinnati,Indiana St,FALSE
401641118,2024-03-26,Indiana St,Cincinnati,41,1,14:30,2070,2070,Robbie Avila made Three Point Jumper. Assisted by Julian Larry.,home,10,11,-1,19,TRUE,FALSE,0.677796032214092,0.47418460503612664,6,5,5.5,155.5,Stephen Divine/Bret Smith/Edwin  Young,"Terre Haute, IN",Hulman Center,NA,8057,19.75,-15,Indiana St,made,Robbie Avila,Julian Larry,TRUE,FALSE,Indiana St,Cincinnati,FALSE
401641118,2024-03-26,Indiana St,Cincinnati,42,1,14:07,2047,2047,Simas Lukosius missed Three Point Jumper.,away,10,11,-1,23,FALSE,FALSE,0.6769018316187652,0.47390507596569587,6,5,5.5,155.5,Stephen Divine/Bret Smith/Edwin  Young,"Terre Haute, IN",Hulman Center,NA,8057,-17.75,10,Cincinnati,missed,Simas Lukosius,NA,TRUE,FALSE,Cincinnati,Indiana St,FALSE
401641118,2024-03-26,Indiana St,Cincinnati,43,1,14:07,2047,2047,Isaiah Swope Defensive Rebound.,home,10,11,-1,0,FALSE,FALSE,0.6769018316187652,0.47390507596569587,6,5,5.5,155.5,Stephen Divine/Bret Smith/Edwin  Young,"Terre Haute, IN",Hulman Center,NA,8057,NA,NA,NA,NA,NA,NA,NA,NA,Cincinnati,Indiana St,FALSE
401641118,2024-03-26,Indiana St,Cincinnati,44,1,14:00,2040,2040,Foul on Dan Skillings Jr..,away,10,11,-1,7,FALSE,TRUE,0.6766262288854892,0.47381940151492263,6,5,5.5,155.5,Stephen Divine/Bret Smith/Edwin  Young,"Terre Haute, IN",Hulman Center,NA,8057,NA,NA,NA,NA,NA,NA,NA,NA,Indiana St,Indiana St,FALSE
401641118,2024-03-26,Indiana St,Cincinnati,45,1,14:00,2040,2040,Isaiah Swope made Free Throw.,home,11,11,0,0,TRUE,FALSE,0.6991236918932762,0.5,6,5,5.5,155.5,Stephen Divine/Bret Smith/Edwin  Young,"Terre Haute, IN",Hulman Center,NA,8057,-28,-0,Indiana St,made,Isaiah Swope,NA,FALSE,TRUE,Indiana St,Indiana St,FALSE
401641118,2024-03-26,Indiana St,Cincinnati,46,1,14:00,2040,2040,Isaiah Swope made Free Throw.,home,12,11,1,0,TRUE,FALSE,0.7207020545044105,0.5261805984850774,6,5,5.5,155.5,Stephen Divine/Bret Smith/Edwin  Young,"Terre Haute, IN",Hulman Center,NA,8057,-28,-0,Indiana St,made,Isaiah Swope,NA,FALSE,TRUE,Indiana St,Indiana St,FALSE
401641118,2024-03-26,Indiana St,Cincinnati,47,1,14:00,2040,2040,Isaiah Swope made Free Throw.,home,13,11,2,0,TRUE,FALSE,0.7413054924645855,0.5522180310582002,6,5,5.5,155.5,Stephen Divine/Bret Smith/Edwin  Young,"Terre Haute, IN",Hulman Center,NA,8057,-28,-0,Indiana St,made,Isaiah Swope,NA,FALSE,TRUE,Indiana St,Cincinnati,FALSE
401641118,2024-03-26,Indiana St,Cincinnati,48,1,13:47,2027,2027,Jizzle James missed Three Point Jumper.,away,13,11,2,13,FALSE,FALSE,0.7412222851509163,0.5525351664936085,6,5,5.5,155.5,Stephen Divine/Bret Smith/Edwin  Young,"Terre Haute, IN",Hulman Center,NA,8057,-16.75,-5,Cincinnati,missed,Jizzle James,NA,TRUE,FALSE,Cincinnati,Indiana St,FALSE
401641118,2024-03-26,Indiana St,Cincinnati,49,1,13:47,2027,2027,Ryan Conwell Defensive Rebound.,home,13,11,2,0,FALSE,FALSE,0.7412222851509163,0.5525351664936085,6,5,5.5,155.5,Stephen Divine/Bret Smith/Edwin  Young,"Terre Haute, IN",Hulman Center,NA,8057,NA,NA,NA,NA,NA,NA,NA,NA,Cincinnati,Indiana St,FALSE
401641118,2024-03-26,Indiana St,Cincinnati,50,1,13:28,2008,2008,Julian Larry Turnover.,home,13,11,2,19,FALSE,FALSE,0.7410969645761717,0.5530023423526084,6,5,5.5,155.5,Stephen Divine/Bret Smith/Edwin  Young,"Terre Haute, IN",Hulman Center,NA,8057,NA,NA,NA,NA,NA,NA,NA,NA,Indiana St,Cincinnati,FALSE
401641118,2024-03-26,Indiana St,Cincinnati,51,1,13:11,1991,1991,Foul on Ryan Conwell.,home,13,11,2,17,FALSE,TRUE,0.7409813416055689,0.5534242030335981,6,5,5.5,155.5,Stephen Divine/Bret Smith/Edwin  Young,"Terre Haute, IN",Hulman Center,NA,8057,NA,NA,NA,NA,NA,NA,NA,NA,Cincinnati,Cincinnati,FALSE
401641118,2024-03-26,Indiana St,Cincinnati,52,1,13:11,1991,1991,Simas Lukosius missed Free Throw.,away,13,11,2,0,FALSE,FALSE,0.7409813416055689,0.5534242030335981,6,5,5.5,155.5,Stephen Divine/Bret Smith/Edwin  Young,"Terre Haute, IN",Hulman Center,NA,8057,28,0,Cincinnati,missed,Simas Lukosius,NA,FALSE,TRUE,Cincinnati,Cincinnati,FALSE
401641118,2024-03-26,Indiana St,Cincinnati,53,1,13:11,1991,1991,Cincinnati Deadball Team Rebound.,away,13,11,2,0,FALSE,FALSE,0.7409813416055689,0.5534242030335981,6,5,5.5,155.5,Stephen Divine/Bret Smith/Edwin  Young,"Terre Haute, IN",Hulman Center,NA,8057,NA,NA,NA,NA,NA,NA,NA,NA,Cincinnati,Cincinnati,FALSE
401641118,2024-03-26,Indiana St,Cincinnati,54,1,13:11,1991,1991,Simas Lukosius made Free Throw.,away,13,12,1,0,TRUE,FALSE,0.7198701326717384,0.5267887800720596,6,5,5.5,155.5,Stephen Divine/Bret Smith/Edwin  Young,"Terre Haute, IN",Hulman Center,NA,8057,28,0,Cincinnati,made,Simas Lukosius,NA,FALSE,TRUE,Cincinnati,Indiana St,FALSE
401641118,2024-03-26,Indiana St,Cincinnati,55,1,13:00,1980,1980,Ryan Conwell missed Layup.,home,13,12,1,11,FALSE,FALSE,0.7196775711572154,0.5269274710676524,6,5,5.5,155.5,Stephen Divine/Bret Smith/Edwin  Young,"Terre Haute, IN",Hulman Center,NA,8057,38.75,1,Indiana St,missed,Ryan Conwell,NA,FALSE,FALSE,Indiana St,Cincinnati,FALSE
401641118,2024-03-26,Indiana St,Cincinnati,56,1,13:00,1980,1980,Jamille Reynolds Defensive Rebound.,away,13,12,1,0,FALSE,FALSE,0.7196775711572154,0.5269274710676524,6,5,5.5,155.5,Stephen Divine/Bret Smith/Edwin  Young,"Terre Haute, IN",Hulman Center,NA,8057,NA,NA,NA,NA,NA,NA,NA,NA,Indiana St,Cincinnati,FALSE
401641118,2024-03-26,Indiana St,Cincinnati,57,1,12:54,1974,1974,Simas Lukosius missed Three Point Jumper.,away,13,12,1,6,FALSE,FALSE,0.7195716804585314,0.5270034736865027,6,5,5.5,155.5,Stephen Divine/Bret Smith/Edwin  Young,"Terre Haute, IN",Hulman Center,NA,8057,-22.75,20,Cincinnati,missed,Simas Lukosius,NA,TRUE,FALSE,Cincinnati,Indiana St,FALSE
401641118,2024-03-26,Indiana St,Cincinnati,58,1,12:54,1974,1974,Isaiah Swope Defensive Rebound.,home,13,12,1,0,FALSE,FALSE,0.7195716804585314,0.5270034736865027,6,5,5.5,155.5,Stephen Divine/Bret Smith/Edwin  Young,"Terre Haute, IN",Hulman Center,NA,8057,NA,NA,NA,NA,NA,NA,NA,NA,Cincinnati,Indiana St,FALSE
401641118,2024-03-26,Indiana St,Cincinnati,59,1,12:46,1966,1966,Julian Larry Turnover.,home,13,12,1,8,FALSE,FALSE,0.7194295682563546,0.5271052060445057,6,5,5.5,155.5,Stephen Divine/Bret Smith/Edwin  Young,"Terre Haute, IN",Hulman Center,NA,8057,NA,NA,NA,NA,NA,NA,NA,NA,Indiana St,Cincinnati,FALSE
401641118,2024-03-26,Indiana St,Cincinnati,60,1,12:29,1949,1949,John Newman III made Three Point Jumper. Assisted by Jamille Reynolds.,away,13,15,-2,17,TRUE,FALSE,0.6483784724553843,0.4455168447657324,6,5,5.5,155.5,Stephen Divine/Bret Smith/Edwin  Young,"Terre Haute, IN",Hulman Center,NA,8057,-14.75,-4,Cincinnati,made,John Newman III,Jamille Reynolds,TRUE,FALSE,Cincinnati,Indiana St,FALSE
401641118,2024-03-26,Indiana St,Cincinnati,61,1,12:06,1926,1926,Jayson Kent made Layup. Assisted by Xavier Bledson.,home,15,15,0,23,TRUE,FALSE,0.6958142421549248,0.5,6,5,5.5,155.5,Stephen Divine/Bret Smith/Edwin  Young,"Terre Haute, IN",Hulman Center,NA,8057,39.75,-2,Indiana St,made,Jayson Kent,Xavier Bledson,FALSE,FALSE,Indiana St,Cincinnati,FALSE
401641118,2024-03-26,Indiana St,Cincinnati,62,1,11:39,1899,1899,Jizzle James made Jumper.,away,15,17,-2,27,TRUE,FALSE,0.645542063261362,0.44423174241250013,6,5,5.5,155.5,Stephen Divine/Bret Smith/Edwin  Young,"Terre Haute, IN",Hulman Center,NA,8057,-26.75,3,Cincinnati,made,Jizzle James,NA,FALSE,FALSE,Cincinnati,Indiana St,FALSE
401641118,2024-03-26,Indiana St,Cincinnati,63,1,11:36,1896,1896, Official TV Timeout,NA,15,17,-2,3,FALSE,FALSE,0.6453689440944611,0.4441546511448448,6,4,5.5,155.5,Stephen Divine/Bret Smith/Edwin  Young,"Terre Haute, IN",Hulman Center,NA,8057,NA,NA,NA,NA,NA,NA,NA,NA,Indiana St,Indiana St,FALSE
401641118,2024-03-26,Indiana St,Cincinnati,64,1,11:14,1874,1874,Foul on Jamille Reynolds.,away,15,17,-2,22,FALSE,TRUE,0.644089096979237,0.44358911365063813,6,4,5.5,155.5,Stephen Divine/Bret Smith/Edwin  Young,"Terre Haute, IN",Hulman Center,NA,8057,NA,NA,NA,NA,NA,NA,NA,NA,Indiana St,Indiana St,FALSE
401641118,2024-03-26,Indiana St,Cincinnati,65,1,11:14,1874,1874,Derek Vorst made Free Throw.,home,16,17,-1,0,TRUE,FALSE,0.6696186536492094,0.47170422597965794,6,4,5.5,155.5,Stephen Divine/Bret Smith/Edwin  Young,"Terre Haute, IN",Hulman Center,NA,8057,-28,-0,Indiana St,made,Derek Vorst,NA,FALSE,TRUE,Indiana St,Indiana St,FALSE
401641118,2024-03-26,Indiana St,Cincinnati,66,1,11:14,1874,1874,Derek Vorst made Free Throw.,home,17,17,0,0,TRUE,FALSE,0.6941864432502798,0.5,6,4,5.5,155.5,Stephen Divine/Bret Smith/Edwin  Young,"Terre Haute, IN",Hulman Center,NA,8057,-28,-0,Indiana St,made,Derek Vorst,NA,FALSE,TRUE,Indiana St,Cincinnati,FALSE
401641118,2024-03-26,Indiana St,Cincinnati,67,1,10:53,1853,1853,Ody Oguama missed Jumper.,away,17,17,0,21,FALSE,FALSE,0.693505061768844,0.5,6,4,5.5,155.5,Stephen Divine/Bret Smith/Edwin  Young,"Terre Haute, IN",Hulman Center,NA,8057,-35.75,3,Cincinnati,missed,Ody Oguama,NA,FALSE,FALSE,Cincinnati,Indiana St,FALSE
401641118,2024-03-26,Indiana St,Cincinnati,68,1,10:53,1853,1853,Xavier Bledson Defensive Rebound.,home,17,17,0,0,FALSE,FALSE,0.693505061768844,0.5,6,4,5.5,155.5,Stephen Divine/Bret Smith/Edwin  Young,"Terre Haute, IN",Hulman Center,NA,8057,NA,NA,NA,NA,NA,NA,NA,NA,Cincinnati,Indiana St,FALSE
401641118,2024-03-26,Indiana St,Cincinnati,69,1,10:41,1841,1841,Derek Vorst Turnover.,home,17,17,0,12,FALSE,FALSE,0.6931099293724999,0.5,6,4,5.5,155.5,Stephen Divine/Bret Smith/Edwin  Young,"Terre Haute, IN",Hulman Center,NA,8057,NA,NA,NA,NA,NA,NA,NA,NA,Indiana St,Cincinnati,FALSE
401641118,2024-03-26,Indiana St,Cincinnati,70,1,10:41,1841,1841,Jizzle James Steal.,away,17,17,0,0,FALSE,FALSE,0.6931099293724999,0.5,6,4,5.5,155.5,Stephen Divine/Bret Smith/Edwin  Young,"Terre Haute, IN",Hulman Center,NA,8057,NA,NA,NA,NA,NA,NA,NA,NA,Indiana St,Cincinnati,FALSE
401641118,2024-03-26,Indiana St,Cincinnati,71,1,10:35,1835,1835,Jizzle James made Jumper.,away,17,19,-2,6,TRUE,FALSE,0.6417741412499032,0.4425818002557716,6,4,5.5,155.5,Stephen Divine/Bret Smith/Edwin  Young,"Terre Haute, IN",Hulman Center,NA,8057,-36.75,3,Cincinnati,made,Jizzle James,NA,FALSE,FALSE,Cincinnati,Indiana St,FALSE
401641118,2024-03-26,Indiana St,Cincinnati,72,1,10:35,1835,1835,Foul on Julian Larry.,home,17,19,-2,0,FALSE,TRUE,0.6417741412499032,0.4425818002557716,6,4,5.5,155.5,Stephen Divine/Bret Smith/Edwin  Young,"Terre Haute, IN",Hulman Center,NA,8057,NA,NA,NA,NA,NA,NA,NA,NA,Cincinnati,Indiana St,FALSE
401641118,2024-03-26,Indiana St,Cincinnati,73,1,10:35,1835,1835,Jizzle James made Free Throw.,away,17,20,-3,0,TRUE,FALSE,0.614845752281042,0.41434408526713584,6,4,5.5,155.5,Stephen Divine/Bret Smith/Edwin  Young,"Terre Haute, IN",Hulman Center,NA,8057,28,0,Cincinnati,made,Jizzle James,NA,FALSE,TRUE,Cincinnati,Indiana St,FALSE
401641118,2024-03-26,Indiana St,Cincinnati,74,1,10:21,1821,1821,Derek Vorst made Three Point Jumper. Assisted by Ryan Conwell.,home,20,20,0,14,TRUE,FALSE,0.6924424816844914,0.5,6,4,5.5,155.5,Stephen Divine/Bret Smith/Edwin  Young,"Terre Haute, IN",Hulman Center,NA,8057,16.75,2,Indiana St,made,Derek Vorst,Ryan Conwell,TRUE,FALSE,Indiana St,Cincinnati,FALSE
401641118,2024-03-26,Indiana St,Cincinnati,75,1,10:00,1800,1800,Simas Lukosius made Three Point Jumper. Assisted by Aziz Bandaogo.,away,20,23,-3,21,TRUE,FALSE,0.6122114285063293,0.4129936088523015,6,4,5.5,155.5,Stephen Divine/Bret Smith/Edwin  Young,"Terre Haute, IN",Hulman Center,NA,8057,-31.75,23,Cincinnati,made,Simas Lukosius,Aziz Bandaogo,TRUE,FALSE,Cincinnati,Indiana St,FALSE
401641118,2024-03-26,Indiana St,Cincinnati,76,1,9:45,1785,1785,Julian Larry Turnover.,home,20,23,-3,15,FALSE,FALSE,0.6110632082937069,0.4124076101339599,6,4,5.5,155.5,Stephen Divine/Bret Smith/Edwin  Young,"Terre Haute, IN",Hulman Center,NA,8057,NA,NA,NA,NA,NA,NA,NA,NA,Indiana St,Cincinnati,FALSE
401641118,2024-03-26,Indiana St,Cincinnati,77,1,9:45,1785,1785,Simas Lukosius Steal.,away,20,23,-3,0,FALSE,FALSE,0.6110632082937069,0.4124076101339599,6,4,5.5,155.5,Stephen Divine/Bret Smith/Edwin  Young,"Terre Haute, IN",Hulman Center,NA,8057,NA,NA,NA,NA,NA,NA,NA,NA,Indiana St,Cincinnati,FALSE
401641118,2024-03-26,Indiana St,Cincinnati,78,1,9:37,1777,1777,Foul on Ryan Conwell.,home,20,23,-3,8,FALSE,TRUE,0.6104458624331014,0.4120929063492853,6,4,5.5,155.5,Stephen Divine/Bret Smith/Edwin  Young,"Terre Haute, IN",Hulman Center,NA,8057,NA,NA,NA,NA,NA,NA,NA,NA,Cincinnati,Cincinnati,FALSE
401641118,2024-03-26,Indiana St,Cincinnati,79,1,9:34,1774,1774,Dan Skillings Jr. missed Layup.,away,20,23,-3,3,FALSE,FALSE,0.610213448062058,0.411974471019529,6,4,5.5,155.5,Stephen Divine/Bret Smith/Edwin  Young,"Terre Haute, IN",Hulman Center,NA,8057,-39.75,-3,Cincinnati,missed,Dan Skillings Jr.,NA,FALSE,FALSE,Cincinnati,Indiana St,FALSE
401641118,2024-03-26,Indiana St,Cincinnati,80,1,9:34,1774,1774,Robbie Avila Defensive Rebound.,home,20,23,-3,0,FALSE,FALSE,0.610213448062058,0.411974471019529,6,4,5.5,155.5,Stephen Divine/Bret Smith/Edwin  Young,"Terre Haute, IN",Hulman Center,NA,8057,NA,NA,NA,NA,NA,NA,NA,NA,Cincinnati,Indiana St,FALSE
401641118,2024-03-26,Indiana St,Cincinnati,81,1,9:08,1748,1748,Isaiah Swope missed Three Point Jumper.,home,20,23,-3,26,FALSE,FALSE,0.6081777600751501,0.41093736347725374,6,4,5.5,155.5,Stephen Divine/Bret Smith/Edwin  Young,"Terre Haute, IN",Hulman Center,NA,8057,44.75,24,Indiana St,missed,Isaiah Swope,NA,TRUE,FALSE,Indiana St,Cincinnati,FALSE
401641118,2024-03-26,Indiana St,Cincinnati,82,1,9:08,1748,1748,Ody Oguama Defensive Rebound.,away,20,23,-3,0,FALSE,FALSE,0.6081777600751501,0.41093736347725374,6,4,5.5,155.5,Stephen Divine/Bret Smith/Edwin  Young,"Terre Haute, IN",Hulman Center,NA,8057,NA,NA,NA,NA,NA,NA,NA,NA,Indiana St,Cincinnati,FALSE
401641118,2024-03-26,Indiana St,Cincinnati,83,1,8:41,1721,1721,Jizzle James missed Jumper.,away,20,23,-3,27,FALSE,FALSE,0.6060212443140709,0.40983714143292044,6,4,5.5,155.5,Stephen Divine/Bret Smith/Edwin  Young,"Terre Haute, IN",Hulman Center,NA,8057,-37.75,9,Cincinnati,missed,Jizzle James,NA,FALSE,FALSE,Cincinnati,Indiana St,FALSE
401641118,2024-03-26,Indiana St,Cincinnati,84,1,8:41,1721,1721,Robbie Avila Defensive Rebound.,home,20,23,-3,0,FALSE,FALSE,0.6060212443140709,0.40983714143292044,6,4,5.5,155.5,Stephen Divine/Bret Smith/Edwin  Young,"Terre Haute, IN",Hulman Center,NA,8057,NA,NA,NA,NA,NA,NA,NA,NA,Cincinnati,Indiana St,FALSE
401641118,2024-03-26,Indiana St,Cincinnati,85,1,8:22,1702,1702,Xavier Bledson missed Three Point Jumper.,home,20,23,-3,19,FALSE,FALSE,0.6044762526157348,0.4090463926027787,6,4,5.5,155.5,Stephen Divine/Bret Smith/Edwin  Young,"Terre Haute, IN",Hulman Center,NA,8057,30.75,22,Indiana St,missed,Xavier Bledson,NA,TRUE,FALSE,Indiana St,Indiana St,FALSE
401641118,2024-03-26,Indiana St,Cincinnati,86,1,8:22,1702,1702,Isaiah Swope Offensive Rebound.,home,20,23,-3,0,FALSE,FALSE,0.6044762526157348,0.4090463926027787,6,4,5.5,155.5,Stephen Divine/Bret Smith/Edwin  Young,"Terre Haute, IN",Hulman Center,NA,8057,NA,NA,NA,NA,NA,NA,NA,NA,Indiana St,Indiana St,FALSE
401641118,2024-03-26,Indiana St,Cincinnati,87,1,8:12,1692,1692,Isaiah Swope missed Three Point Jumper.,home,20,23,-3,10,FALSE,FALSE,0.6036536130252773,0.40862412780382934,6,4,5.5,155.5,Stephen Divine/Bret Smith/Edwin  Young,"Terre Haute, IN",Hulman Center,NA,8057,14.75,-4,Indiana St,missed,Isaiah Swope,NA,TRUE,FALSE,Indiana St,Cincinnati,FALSE
401641118,2024-03-26,Indiana St,Cincinnati,88,1,8:12,1692,1692,Simas Lukosius Defensive Rebound.,away,20,23,-3,0,FALSE,FALSE,0.6036536130252773,0.40862412780382934,6,4,5.5,155.5,Stephen Divine/Bret Smith/Edwin  Young,"Terre Haute, IN",Hulman Center,NA,8057,NA,NA,NA,NA,NA,NA,NA,NA,Indiana St,Cincinnati,FALSE
401641118,2024-03-26,Indiana St,Cincinnati,89,1,8:02,1682,1682,Jizzle James missed Jumper.,away,20,23,-3,10,FALSE,FALSE,0.6028262180762515,0.408201046534812,6,4,5.5,155.5,Stephen Divine/Bret Smith/Edwin  Young,"Terre Haute, IN",Hulman Center,NA,8057,-21.75,7,Cincinnati,missed,Jizzle James,NA,FALSE,FALSE,Cincinnati,Indiana St,FALSE
401641118,2024-03-26,Indiana St,Cincinnati,90,1,8:02,1682,1682,Jayson Kent Defensive Rebound.,home,20,23,-3,0,FALSE,FALSE,0.6028262180762515,0.408201046534812,6,4,5.5,155.5,Stephen Divine/Bret Smith/Edwin  Young,"Terre Haute, IN",Hulman Center,NA,8057,NA,NA,NA,NA,NA,NA,NA,NA,Cincinnati,Indiana St,FALSE
401641118,2024-03-26,Indiana St,Cincinnati,91,1,7:53,1673,1673,Robbie Avila missed Three Point Jumper.,home,20,23,-3,9,FALSE,FALSE,0.6020807259840999,0.4078255922568192,6,4,5.5,155.5,Stephen Divine/Bret Smith/Edwin  Young,"Terre Haute, IN",Hulman Center,NA,8057,19.75,13,Indiana St,missed,Robbie Avila,NA,TRUE,FALSE,Indiana St,Cincinnati,FALSE
401641118,2024-03-26,Indiana St,Cincinnati,92,1,7:53,1673,1673,Dan Skillings Jr. Defensive Rebound.,away,20,23,-3,0,FALSE,FALSE,0.6020807259840999,0.4078255922568192,6,4,5.5,155.5,Stephen Divine/Bret Smith/Edwin  Young,"Terre Haute, IN",Hulman Center,NA,8057,NA,NA,NA,NA,NA,NA,NA,NA,Indiana St,Cincinnati,FALSE
401641118,2024-03-26,Indiana St,Cincinnati,93,1,7:31,1651,1651,Simas Lukosius missed Three Point Jumper.,away,20,23,-3,22,FALSE,FALSE,0.6002535448836335,0.4069261180100678,6,4,5.5,155.5,Stephen Divine/Bret Smith/Edwin  Young,"Terre Haute, IN",Hulman Center,NA,8057,-15.75,-8,Cincinnati,missed,Simas Lukosius,NA,TRUE,FALSE,Cincinnati,Indiana St,FALSE
401641118,2024-03-26,Indiana St,Cincinnati,94,1,7:31,1651,1651,Xavier Bledson Defensive Rebound.,home,20,23,-3,0,FALSE,FALSE,0.6002535448836335,0.4069261180100678,6,4,5.5,155.5,Stephen Divine/Bret Smith/Edwin  Young,"Terre Haute, IN",Hulman Center,NA,8057,NA,NA,NA,NA,NA,NA,NA,NA,Cincinnati,Indiana St,FALSE
401641118,2024-03-26,Indiana St,Cincinnati,95,1,7:24,1644,1644,Jayson Kent Turnover.,home,20,23,-3,7,FALSE,FALSE,0.5996701726103725,0.4066443375870553,6,4,5.5,155.5,Stephen Divine/Bret Smith/Edwin  Young,"Terre Haute, IN",Hulman Center,NA,8057,NA,NA,NA,NA,NA,NA,NA,NA,Indiana St,Cincinnati,FALSE
401641118,2024-03-26,Indiana St,Cincinnati,96,1,7:24,1644,1644,Jizzle James Steal.,away,20,23,-3,0,FALSE,FALSE,0.5996701726103725,0.4066443375870553,6,4,5.5,155.5,Stephen Divine/Bret Smith/Edwin  Young,"Terre Haute, IN",Hulman Center,NA,8057,NA,NA,NA,NA,NA,NA,NA,NA,Indiana St,Cincinnati,FALSE
401641118,2024-03-26,Indiana St,Cincinnati,97,1,7:19,1639,1639,Dan Skillings Jr. made Dunk. Assisted by Jizzle James.,away,20,25,-5,5,TRUE,FALSE,0.5374039504586817,0.34725171395083093,6,4,5.5,155.5,Stephen Divine/Bret Smith/Edwin  Young,"Terre Haute, IN",Hulman Center,NA,8057,-40.75,3,Cincinnati,made,Dan Skillings Jr.,Jizzle James,FALSE,FALSE,Cincinnati,Indiana St,FALSE
401641118,2024-03-26,Indiana St,Cincinnati,98,1,7:18,1638,1638,Indiana State  Timeout,home,20,25,-5,1,FALSE,FALSE,0.5372899963459633,0.34718914836009274,6,3,5.5,155.5,Stephen Divine/Bret Smith/Edwin  Young,"Terre Haute, IN",Hulman Center,NA,8057,NA,NA,NA,NA,NA,NA,NA,NA,Indiana St,Indiana St,FALSE
401641118,2024-03-26,Indiana St,Cincinnati,99,1,7:18,1638,1638, Official TV Timeout,NA,20,25,-5,0,FALSE,FALSE,0.5372899963459633,0.34718914836009274,6,2,5.5,155.5,Stephen Divine/Bret Smith/Edwin  Young,"Terre Haute, IN",Hulman Center,NA,8057,NA,NA,NA,NA,NA,NA,NA,NA,Indiana St,Indiana St,FALSE
401641118,2024-03-26,Indiana St,Cincinnati,100,1,7:04,1624,1624,Foul on Aziz Bandaogo.,away,20,25,-5,14,FALSE,TRUE,0.5356934443691311,0.34631779007025343,6,2,5.5,155.5,Stephen Divine/Bret Smith/Edwin  Young,"Terre Haute, IN",Hulman Center,NA,8057,NA,NA,NA,NA,NA,NA,NA,NA,Indiana St,Indiana St,FALSE
401641118,2024-03-26,Indiana St,Cincinnati,101,1,7:04,1624,1624,Jayson Kent made Free Throw.,home,21,25,-4,0,TRUE,FALSE,0.5671100774522703,0.37561286287239387,6,2,5.5,155.5,Stephen Divine/Bret Smith/Edwin  Young,"Terre Haute, IN",Hulman Center,NA,8057,-28,-0,Indiana St,made,Jayson Kent,NA,FALSE,TRUE,Indiana St,Indiana St,FALSE
401641118,2024-03-26,Indiana St,Cincinnati,102,1,7:04,1624,1624,Jayson Kent made Free Throw.,home,22,25,-3,0,TRUE,FALSE,0.5979961977033184,0.4058474640248777,6,2,5.5,155.5,Stephen Divine/Bret Smith/Edwin  Young,"Terre Haute, IN",Hulman Center,NA,8057,-28,-0,Indiana St,made,Jayson Kent,NA,FALSE,TRUE,Indiana St,Cincinnati,FALSE
401641118,2024-03-26,Indiana St,Cincinnati,103,1,6:45,1605,1605,Dan Skillings Jr. made Jumper.,away,22,27,-5,19,TRUE,FALSE,0.5335196392197009,0.34514439076209275,6,2,5.5,155.5,Stephen Divine/Bret Smith/Edwin  Young,"Terre Haute, IN",Hulman Center,NA,8057,-37.75,8,Cincinnati,made,Dan Skillings Jr.,NA,FALSE,FALSE,Cincinnati,Indiana St,FALSE
401641118,2024-03-26,Indiana St,Cincinnati,104,1,6:32,1592,1592,Isaiah Swope missed Layup.,home,22,27,-5,13,FALSE,FALSE,0.5320244803733609,0.34434363036014487,6,2,5.5,155.5,Stephen Divine/Bret Smith/Edwin  Young,"Terre Haute, IN",Hulman Center,NA,8057,37.75,-0,Indiana St,missed,Isaiah Swope,NA,FALSE,FALSE,Indiana St,Cincinnati,FALSE
401641118,2024-03-26,Indiana St,Cincinnati,105,1,6:32,1592,1592,John Newman III Block.,away,22,27,-5,0,FALSE,FALSE,0.5320244803733609,0.34434363036014487,6,2,5.5,155.5,Stephen Divine/Bret Smith/Edwin  Young,"Terre Haute, IN",Hulman Center,NA,8057,NA,NA,NA,NA,NA,NA,NA,NA,Indiana St,Cincinnati,FALSE
401641118,2024-03-26,Indiana St,Cincinnati,106,1,6:32,1592,1592,Dan Skillings Jr. Defensive Rebound.,away,22,27,-5,0,FALSE,FALSE,0.5320244803733609,0.34434363036014487,6,2,5.5,155.5,Stephen Divine/Bret Smith/Edwin  Young,"Terre Haute, IN",Hulman Center,NA,8057,NA,NA,NA,NA,NA,NA,NA,NA,Indiana St,Cincinnati,FALSE
401641118,2024-03-26,Indiana St,Cincinnati,107,1,6:27,1587,1587,Foul on Jayson Kent.,home,22,27,-5,5,FALSE,TRUE,0.5314471811594615,0.3440354077095885,6,2,5.5,155.5,Stephen Divine/Bret Smith/Edwin  Young,"Terre Haute, IN",Hulman Center,NA,8057,NA,NA,NA,NA,NA,NA,NA,NA,Cincinnati,Cincinnati,FALSE
401641118,2024-03-26,Indiana St,Cincinnati,108,1,6:14,1574,1574,Jizzle James made Layup.,away,22,29,-7,13,TRUE,FALSE,0.4651392411281895,0.2873080145234208,6,2,5.5,155.5,Stephen Divine/Bret Smith/Edwin  Young,"Terre Haute, IN",Hulman Center,NA,8057,-39.75,-2,Cincinnati,made,Jizzle James,NA,FALSE,FALSE,Cincinnati,Indiana St,FALSE
401641118,2024-03-26,Indiana St,Cincinnati,109,1,6:00,1560,1560,Jayson Kent made Three Point Jumper. Assisted by Robbie Avila.,home,25,29,-4,14,TRUE,FALSE,0.560671324544892,0.37233014334770964,6,2,5.5,155.5,Stephen Divine/Bret Smith/Edwin  Young,"Terre Haute, IN",Hulman Center,NA,8057,17.75,7,Indiana St,made,Jayson Kent,Robbie Avila,TRUE,FALSE,Indiana St,Cincinnati,FALSE
401641118,2024-03-26,Indiana St,Cincinnati,110,1,5:42,1542,1542,Jizzle James made Jumper.,away,25,31,-6,18,TRUE,FALSE,0.4933048538398171,0.31229726729239077,6,2,5.5,155.5,Stephen Divine/Bret Smith/Edwin  Young,"Terre Haute, IN",Hulman Center,NA,8057,-24.75,-9,Cincinnati,made,Jizzle James,NA,FALSE,FALSE,Cincinnati,Indiana St,FALSE
401641118,2024-03-26,Indiana St,Cincinnati,111,1,5:23,1523,1523,Ryan Conwell made Three Point Jumper. Assisted by Isaiah Swope.,home,28,31,-3,19,TRUE,FALSE,0.5892671691189005,0.4018012092554035,6,2,5.5,155.5,Stephen Divine/Bret Smith/Edwin  Young,"Terre Haute, IN",Hulman Center,NA,8057,21.75,-17,Indiana St,made,Ryan Conwell,Isaiah Swope,TRUE,FALSE,Indiana St,Cincinnati,FALSE
401641118,2024-03-26,Indiana St,Cincinnati,112,1,4:49,1489,1489,Jizzle James missed Jumper.,away,28,31,-3,34,FALSE,FALSE,0.5861735256356123,0.4003367554027715,6,2,5.5,155.5,Stephen Divine/Bret Smith/Edwin  Young,"Terre Haute, IN",Hulman Center,NA,8057,-20.75,6,Cincinnati,missed,Jizzle James,NA,FALSE,FALSE,Cincinnati,Indiana St,FALSE
401641118,2024-03-26,Indiana St,Cincinnati,113,1,4:49,1489,1489,Ryan Conwell Defensive Rebound.,home,28,31,-3,0,FALSE,FALSE,0.5861735256356123,0.4003367554027715,6,2,5.5,155.5,Stephen Divine/Bret Smith/Edwin  Young,"Terre Haute, IN",Hulman Center,NA,8057,NA,NA,NA,NA,NA,NA,NA,NA,Cincinnati,Indiana St,FALSE
401641118,2024-03-26,Indiana St,Cincinnati,114,1,4:41,1481,1481,Ryan Conwell missed Layup.,home,28,31,-3,8,FALSE,FALSE,0.5854307269654099,0.3999783696891603,6,2,5.5,155.5,Stephen Divine/Bret Smith/Edwin  Young,"Terre Haute, IN",Hulman Center,NA,8057,39.75,-3,Indiana St,missed,Ryan Conwell,NA,FALSE,FALSE,Indiana St,Indiana St,FALSE
401641118,2024-03-26,Indiana St,Cincinnati,115,1,4:41,1481,1481,Indiana State Offensive Rebound.,home,28,31,-3,0,FALSE,FALSE,0.5854307269654099,0.3999783696891603,6,2,5.5,155.5,Stephen Divine/Bret Smith/Edwin  Young,"Terre Haute, IN",Hulman Center,NA,8057,NA,NA,NA,NA,NA,NA,NA,NA,Indiana St,Indiana St,FALSE
401641118,2024-03-26,Indiana St,Cincinnati,116,1,4:29,1469,1469,Ryan Conwell made Layup. Assisted by Robbie Avila.,home,30,31,-1,12,TRUE,FALSE,0.6484805457867661,0.4660652601349831,6,2,5.5,155.5,Stephen Divine/Bret Smith/Edwin  Young,"Terre Haute, IN",Hulman Center,NA,8057,40.75,3,Indiana St,made,Ryan Conwell,Robbie Avila,FALSE,FALSE,Indiana St,Cincinnati,FALSE
401641118,2024-03-26,Indiana St,Cincinnati,117,1,4:21,1461,1461,Cincinnati  Timeout,away,30,31,-1,8,FALSE,FALSE,0.6480058670539821,0.46593578703032873,6,1,5.5,155.5,Stephen Divine/Bret Smith/Edwin  Young,"Terre Haute, IN",Hulman Center,NA,8057,NA,NA,NA,NA,NA,NA,NA,NA,Cincinnati,Cincinnati,FALSE
401641118,2024-03-26,Indiana St,Cincinnati,118,1,4:21,1461,1461, Official TV Timeout,NA,30,31,-1,0,FALSE,FALSE,0.6480058670539821,0.46593578703032873,6,0,5.5,155.5,Stephen Divine/Bret Smith/Edwin  Young,"Terre Haute, IN",Hulman Center,NA,8057,NA,NA,NA,NA,NA,NA,NA,NA,Cincinnati,Cincinnati,FALSE
401641118,2024-03-26,Indiana St,Cincinnati,119,1,4:10,1450,1450,Simas Lukosius missed Jumper.,away,30,31,-1,11,FALSE,FALSE,0.6473505089219282,0.46575366511593214,6,0,5.5,155.5,Stephen Divine/Bret Smith/Edwin  Young,"Terre Haute, IN",Hulman Center,NA,8057,-29.75,-4,Cincinnati,missed,Simas Lukosius,NA,FALSE,FALSE,Cincinnati,Indiana St,FALSE
401641118,2024-03-26,Indiana St,Cincinnati,120,1,4:10,1450,1450,Robbie Avila Defensive Rebound.,home,30,31,-1,0,FALSE,FALSE,0.6473505089219282,0.46575366511593214,6,0,5.5,155.5,Stephen Divine/Bret Smith/Edwin  Young,"Terre Haute, IN",Hulman Center,NA,8057,NA,NA,NA,NA,NA,NA,NA,NA,Cincinnati,Indiana St,FALSE
401641118,2024-03-26,Indiana St,Cincinnati,121,1,4:03,1443,1443,Foul on Josh Reed.,away,30,31,-1,7,FALSE,TRUE,0.6469321783781699,0.4656371290164746,6,0,5.5,155.5,Stephen Divine/Bret Smith/Edwin  Young,"Terre Haute, IN",Hulman Center,NA,8057,NA,NA,NA,NA,NA,NA,NA,NA,Indiana St,Indiana St,FALSE
401641118,2024-03-26,Indiana St,Cincinnati,122,1,3:40,1420,1420,Julian Larry missed Three Point Jumper.,home,30,31,-1,23,FALSE,FALSE,0.6455524354166751,0.4652657092533839,6,0,5.5,155.5,Stephen Divine/Bret Smith/Edwin  Young,"Terre Haute, IN",Hulman Center,NA,8057,17.75,7,Indiana St,missed,Julian Larry,NA,TRUE,FALSE,Indiana St,Cincinnati,FALSE
401641118,2024-03-26,Indiana St,Cincinnati,123,1,3:40,1420,1420,Dan Skillings Jr. Defensive Rebound.,away,30,31,-1,0,FALSE,FALSE,0.6455524354166751,0.4652657092533839,6,0,5.5,155.5,Stephen Divine/Bret Smith/Edwin  Young,"Terre Haute, IN",Hulman Center,NA,8057,NA,NA,NA,NA,NA,NA,NA,NA,Indiana St,Cincinnati,FALSE
401641118,2024-03-26,Indiana St,Cincinnati,124,1,3:15,1395,1395,Dan Skillings Jr. missed Jumper.,away,30,31,-1,25,FALSE,FALSE,0.6440413796717265,0.4648765759881971,6,0,5.5,155.5,Stephen Divine/Bret Smith/Edwin  Young,"Terre Haute, IN",Hulman Center,NA,8057,-37.75,-9,Cincinnati,missed,Dan Skillings Jr.,NA,FALSE,FALSE,Cincinnati,Cincinnati,FALSE
401641118,2024-03-26,Indiana St,Cincinnati,125,1,3:15,1395,1395,Dan Skillings Jr. Offensive Rebound.,away,30,31,-1,0,FALSE,FALSE,0.6440413796717265,0.4648765759881971,6,0,5.5,155.5,Stephen Divine/Bret Smith/Edwin  Young,"Terre Haute, IN",Hulman Center,NA,8057,NA,NA,NA,NA,NA,NA,NA,NA,Cincinnati,Cincinnati,FALSE
401641118,2024-03-26,Indiana St,Cincinnati,126,1,3:15,1395,1395,Dan Skillings Jr. missed Two Point Tip Shot.,away,30,31,-1,0,FALSE,FALSE,0.6440413796717265,0.4648765759881971,6,0,5.5,155.5,Stephen Divine/Bret Smith/Edwin  Young,"Terre Haute, IN",Hulman Center,NA,8057,-40.75,0,Cincinnati,missed,Dan Skillings Jr.,NA,FALSE,FALSE,Cincinnati,Indiana St,FALSE
401641118,2024-03-26,Indiana St,Cincinnati,127,1,3:15,1395,1395,Jayson Kent Defensive Rebound.,home,30,31,-1,0,FALSE,FALSE,0.6440413796717265,0.4648765759881971,6,0,5.5,155.5,Stephen Divine/Bret Smith/Edwin  Young,"Terre Haute, IN",Hulman Center,NA,8057,NA,NA,NA,NA,NA,NA,NA,NA,Cincinnati,Indiana St,FALSE
401641118,2024-03-26,Indiana St,Cincinnati,128,1,3:13,1393,1393,Foul on Dan Skillings Jr..,away,30,31,-1,2,FALSE,TRUE,0.6439198930108819,0.4648458811873254,6,0,5.5,155.5,Stephen Divine/Bret Smith/Edwin  Young,"Terre Haute, IN",Hulman Center,NA,8057,NA,NA,NA,NA,NA,NA,NA,NA,Indiana St,Indiana St,FALSE
401641118,2024-03-26,Indiana St,Cincinnati,129,1,2:50,1370,1370,Robbie Avila missed Layup.,home,30,31,-1,23,FALSE,FALSE,0.6425153979401685,0.4644951858375232,6,0,5.5,155.5,Stephen Divine/Bret Smith/Edwin  Young,"Terre Haute, IN",Hulman Center,NA,8057,38.75,-2,Indiana St,missed,Robbie Avila,NA,FALSE,FALSE,Indiana St,Cincinnati,FALSE
401641118,2024-03-26,Indiana St,Cincinnati,130,1,2:50,1370,1370,Jamille Reynolds Block.,away,30,31,-1,0,FALSE,FALSE,0.6425153979401685,0.4644951858375232,6,0,5.5,155.5,Stephen Divine/Bret Smith/Edwin  Young,"Terre Haute, IN",Hulman Center,NA,8057,NA,NA,NA,NA,NA,NA,NA,NA,Indiana St,Cincinnati,FALSE
401641118,2024-03-26,Indiana St,Cincinnati,131,1,2:50,1370,1370,John Newman III Defensive Rebound.,away,30,31,-1,0,FALSE,FALSE,0.6425153979401685,0.4644951858375232,6,0,5.5,155.5,Stephen Divine/Bret Smith/Edwin  Young,"Terre Haute, IN",Hulman Center,NA,8057,NA,NA,NA,NA,NA,NA,NA,NA,Indiana St,Cincinnati,FALSE
401641118,2024-03-26,Indiana St,Cincinnati,132,1,2:34,1354,1354,Jamille Reynolds made Three Point Jumper.,away,30,34,-4,16,TRUE,FALSE,0.5380003039560431,0.36055604463267127,6,0,5.5,155.5,Stephen Divine/Bret Smith/Edwin  Young,"Terre Haute, IN",Hulman Center,NA,8057,-17.75,6,Cincinnati,made,Jamille Reynolds,NA,TRUE,FALSE,Cincinnati,Indiana St,FALSE
401641118,2024-03-26,Indiana St,Cincinnati,133,1,2:15,1335,1335,Isaiah Swope missed Jumper.,home,30,34,-4,19,FALSE,FALSE,0.5358481047838751,0.3594742336917913,6,0,5.5,155.5,Stephen Divine/Bret Smith/Edwin  Young,"Terre Haute, IN",Hulman Center,NA,8057,40.75,-15,Indiana St,missed,Isaiah Swope,NA,FALSE,FALSE,Indiana St,Cincinnati,FALSE
401641118,2024-03-26,Indiana St,Cincinnati,134,1,2:15,1335,1335,Josh Reed Defensive Rebound.,away,30,34,-4,0,FALSE,FALSE,0.5358481047838751,0.3594742336917913,6,0,5.5,155.5,Stephen Divine/Bret Smith/Edwin  Young,"Terre Haute, IN",Hulman Center,NA,8057,NA,NA,NA,NA,NA,NA,NA,NA,Indiana St,Cincinnati,FALSE
401641118,2024-03-26,Indiana St,Cincinnati,135,1,1:43,1303,1303,Simas Lukosius missed Three Point Jumper.,away,30,34,-4,32,FALSE,FALSE,0.5321447759793043,0.35759768069118475,6,0,5.5,155.5,Stephen Divine/Bret Smith/Edwin  Young,"Terre Haute, IN",Hulman Center,NA,8057,-15.75,-6,Cincinnati,missed,Simas Lukosius,NA,TRUE,FALSE,Cincinnati,Cincinnati,FALSE
401641118,2024-03-26,Indiana St,Cincinnati,136,1,1:43,1303,1303,Josh Reed Offensive Rebound.,away,30,34,-4,0,FALSE,FALSE,0.5321447759793043,0.35759768069118475,6,0,5.5,155.5,Stephen Divine/Bret Smith/Edwin  Young,"Terre Haute, IN",Hulman Center,NA,8057,NA,NA,NA,NA,NA,NA,NA,NA,Cincinnati,Cincinnati,FALSE
401641118,2024-03-26,Indiana St,Cincinnati,137,1,1:32,1292,1292,Jizzle James missed Jumper.,away,30,34,-4,11,FALSE,FALSE,0.5308407373658354,0.3569280551024929,6,0,5.5,155.5,Stephen Divine/Bret Smith/Edwin  Young,"Terre Haute, IN",Hulman Center,NA,8057,-21.75,-3,Cincinnati,missed,Jizzle James,NA,FALSE,FALSE,Cincinnati,Cincinnati,FALSE
401641118,2024-03-26,Indiana St,Cincinnati,138,1,1:32,1292,1292,Jamille Reynolds Offensive Rebound.,away,30,34,-4,0,FALSE,FALSE,0.5308407373658354,0.3569280551024929,6,0,5.5,155.5,Stephen Divine/Bret Smith/Edwin  Young,"Terre Haute, IN",Hulman Center,NA,8057,NA,NA,NA,NA,NA,NA,NA,NA,Cincinnati,Cincinnati,FALSE
401641118,2024-03-26,Indiana St,Cincinnati,139,1,1:24,1284,1284,Jizzle James Turnover.,away,30,34,-4,8,FALSE,FALSE,0.5298801943052938,0.35643086263947704,6,0,5.5,155.5,Stephen Divine/Bret Smith/Edwin  Young,"Terre Haute, IN",Hulman Center,NA,8057,NA,NA,NA,NA,NA,NA,NA,NA,Cincinnati,Indiana St,FALSE
401641118,2024-03-26,Indiana St,Cincinnati,140,1,1:24,1284,1284,Robbie Avila Steal.,home,30,34,-4,0,FALSE,FALSE,0.5298801943052938,0.35643086263947704,6,0,5.5,155.5,Stephen Divine/Bret Smith/Edwin  Young,"Terre Haute, IN",Hulman Center,NA,8057,NA,NA,NA,NA,NA,NA,NA,NA,Cincinnati,Indiana St,FALSE
401641118,2024-03-26,Indiana St,Cincinnati,141,1,1:24,1284,1284,Jump Ball won by Indiana State,home,30,34,-4,0,FALSE,FALSE,0.5298801943052938,0.35643086263947704,6,0,5.5,155.5,Stephen Divine/Bret Smith/Edwin  Young,"Terre Haute, IN",Hulman Center,NA,8057,NA,NA,NA,NA,NA,NA,NA,NA,Cincinnati,Indiana St,FALSE
401641118,2024-03-26,Indiana St,Cincinnati,142,1,1:08,1268,1268,Robbie Avila Turnover.,home,30,34,-4,16,FALSE,FALSE,0.5279246206225451,0.35540676665820237,6,0,5.5,155.5,Stephen Divine/Bret Smith/Edwin  Young,"Terre Haute, IN",Hulman Center,NA,8057,NA,NA,NA,NA,NA,NA,NA,NA,Indiana St,Cincinnati,FALSE
401641118,2024-03-26,Indiana St,Cincinnati,143,1,0:52,1252,1252,Jamille Reynolds made Jumper.,away,30,36,-6,16,TRUE,FALSE,0.4510937714177719,0.28904154329621035,6,0,5.5,155.5,Stephen Divine/Bret Smith/Edwin  Young,"Terre Haute, IN",Hulman Center,NA,8057,-36.75,-4,Cincinnati,made,Jamille Reynolds,NA,FALSE,FALSE,Cincinnati,Indiana St,FALSE
401641118,2024-03-26,Indiana St,Cincinnati,144,1,0:31,1231,1231,Robbie Avila missed Layup.,home,30,36,-6,21,FALSE,FALSE,0.4475865013679746,0.28704266043560295,6,0,5.5,155.5,Stephen Divine/Bret Smith/Edwin  Young,"Terre Haute, IN",Hulman Center,NA,8057,39.75,-3,Indiana St,missed,Robbie Avila,NA,FALSE,FALSE,Indiana St,Indiana St,FALSE
401641118,2024-03-26,Indiana St,Cincinnati,145,1,0:31,1231,1231,Jayson Kent Offensive Rebound.,home,30,36,-6,0,FALSE,FALSE,0.4475865013679746,0.28704266043560295,6,0,5.5,155.5,Stephen Divine/Bret Smith/Edwin  Young,"Terre Haute, IN",Hulman Center,NA,8057,NA,NA,NA,NA,NA,NA,NA,NA,Indiana St,Indiana St,FALSE
401641118,2024-03-26,Indiana St,Cincinnati,146,1,0:14,1214,1214,Isaiah Swope made Layup.,home,32,36,-4,17,TRUE,FALSE,0.5209018612717757,0.35157184991411283,6,0,5.5,155.5,Stephen Divine/Bret Smith/Edwin  Young,"Terre Haute, IN",Hulman Center,NA,8057,38.75,-3,Indiana St,made,Isaiah Swope,NA,FALSE,FALSE,Indiana St,Cincinnati,FALSE
401641118,2024-03-26,Indiana St,Cincinnati,147,1,0:02,1202,1202,Jizzle James missed Jumper.,away,32,36,-4,12,FALSE,FALSE,0.5192509735610312,0.3506363553279453,6,0,5.5,155.5,Stephen Divine/Bret Smith/Edwin  Young,"Terre Haute, IN",Hulman Center,NA,8057,-26.75,-13,Cincinnati,missed,Jizzle James,NA,FALSE,FALSE,Cincinnati,Indiana St,FALSE
401641118,2024-03-26,Indiana St,Cincinnati,148,1,0:02,1202,1202,Indiana State Defensive Rebound.,home,32,36,-4,0,FALSE,FALSE,0.5192509735610312,0.3506363553279453,6,0,5.5,155.5,Stephen Divine/Bret Smith/Edwin  Young,"Terre Haute, IN",Hulman Center,NA,8057,NA,NA,NA,NA,NA,NA,NA,NA,Cincinnati,Indiana St,FALSE
401641118,2024-03-26,Indiana St,Cincinnati,149,1,0:00,1200,1200,End of 1st half,NA,32,36,-4,2,FALSE,FALSE,0.5189780448735649,0.3504822574627357,6,0,5.5,155.5,Stephen Divine/Bret Smith/Edwin  Young,"Terre Haute, IN",Hulman Center,NA,8057,NA,NA,NA,NA,NA,NA,NA,NA,Indiana St,NA,FALSE
401641118,2024-03-26,Indiana St,Cincinnati,150,2,20:00,1200,1200,Jump Ball won by Cincinnati,away,32,36,-4,0,FALSE,FALSE,0.5189780448735649,0.3504822574627357,6,0,5.5,155.5,Stephen Divine/Bret Smith/Edwin  Young,"Terre Haute, IN",Hulman Center,NA,8057,NA,NA,NA,NA,NA,NA,NA,NA,Indiana St,Cincinnati,FALSE
401641118,2024-03-26,Indiana St,Cincinnati,151,2,19:44,1184,1184,Jizzle James made Jumper.,away,32,38,-6,16,TRUE,FALSE,0.4393460683098531,0.2822418653818747,6,0,5.5,155.5,Stephen Divine/Bret Smith/Edwin  Young,"Terre Haute, IN",Hulman Center,NA,8057,-30.75,4,Cincinnati,made,Jizzle James,NA,FALSE,FALSE,Cincinnati,Indiana St,FALSE
401641118,2024-03-26,Indiana St,Cincinnati,152,2,19:27,1167,1167,Jayson Kent made Layup. Assisted by Robbie Avila.,home,34,38,-4,17,TRUE,FALSE,0.5145674256046254,0.34801739391502406,6,0,5.5,155.5,Stephen Divine/Bret Smith/Edwin  Young,"Terre Haute, IN",Hulman Center,NA,8057,39.75,-3,Indiana St,made,Jayson Kent,Robbie Avila,FALSE,FALSE,Indiana St,Cincinnati,FALSE
401641118,2024-03-26,Indiana St,Cincinnati,153,2,19:13,1153,1153,Simas Lukosius made Layup.,away,34,40,-6,14,TRUE,FALSE,0.43409093619055916,0.2792143584752054,6,0,5.5,155.5,Stephen Divine/Bret Smith/Edwin  Young,"Terre Haute, IN",Hulman Center,NA,8057,-39.75,-4,Cincinnati,made,Simas Lukosius,NA,FALSE,FALSE,Cincinnati,Indiana St,FALSE
401641118,2024-03-26,Indiana St,Cincinnati,154,2,19:06,1146,1146,Ryan Conwell made Three Point Jumper. Assisted by Julian Larry.,home,37,40,-3,7,TRUE,FALSE,0.5512944132062235,0.3832327233946822,6,0,5.5,155.5,Stephen Divine/Bret Smith/Edwin  Young,"Terre Haute, IN",Hulman Center,NA,8057,22.75,-17,Indiana St,made,Ryan Conwell,Julian Larry,TRUE,FALSE,Indiana St,Cincinnati,FALSE
401641118,2024-03-26,Indiana St,Cincinnati,155,2,18:45,1125,1125,Foul on Isaiah Swope.,home,37,40,-3,21,FALSE,TRUE,0.5489964649143602,0.38205200824631524,6,0,5.5,155.5,Stephen Divine/Bret Smith/Edwin  Young,"Terre Haute, IN",Hulman Center,NA,8057,NA,NA,NA,NA,NA,NA,NA,NA,Cincinnati,Cincinnati,FALSE
401641118,2024-03-26,Indiana St,Cincinnati,156,2,18:45,1125,1125,Aziz Bandaogo made Free Throw.,away,37,41,-4,0,TRUE,FALSE,0.5090825776394076,0.34499113049180574,6,0,5.5,155.5,Stephen Divine/Bret Smith/Edwin  Young,"Terre Haute, IN",Hulman Center,NA,8057,28,0,Cincinnati,made,Aziz Bandaogo,NA,FALSE,TRUE,Cincinnati,Cincinnati,FALSE
401641118,2024-03-26,Indiana St,Cincinnati,157,2,18:45,1125,1125,Aziz Bandaogo made Free Throw.,away,37,42,-5,0,TRUE,FALSE,0.4690525582691815,0.30972343414716147,6,0,5.5,155.5,Stephen Divine/Bret Smith/Edwin  Young,"Terre Haute, IN",Hulman Center,NA,8057,28,0,Cincinnati,made,Aziz Bandaogo,NA,FALSE,TRUE,Cincinnati,Indiana St,FALSE
401641118,2024-03-26,Indiana St,Cincinnati,158,2,18:31,1111,1111,Robbie Avila made Layup.,home,39,42,-3,14,TRUE,FALSE,0.5474579317992342,0.38126033982674784,6,0,5.5,155.5,Stephen Divine/Bret Smith/Edwin  Young,"Terre Haute, IN",Hulman Center,NA,8057,39.75,3,Indiana St,made,Robbie Avila,NA,FALSE,FALSE,Indiana St,Cincinnati,FALSE
401641118,2024-03-26,Indiana St,Cincinnati,159,2,18:12,1092,1092,Foul on Isaiah Swope.,home,39,42,-3,19,FALSE,TRUE,0.545348040966789,0.38016927399950007,6,0,5.5,155.5,Stephen Divine/Bret Smith/Edwin  Young,"Terre Haute, IN",Hulman Center,NA,8057,NA,NA,NA,NA,NA,NA,NA,NA,Cincinnati,Cincinnati,FALSE
401641118,2024-03-26,Indiana St,Cincinnati,160,2,18:12,1092,1092,Simas Lukosius made Free Throw.,away,39,43,-4,0,TRUE,FALSE,0.5047370403019418,0.34259009008304897,6,0,5.5,155.5,Stephen Divine/Bret Smith/Edwin  Young,"Terre Haute, IN",Hulman Center,NA,8057,28,0,Cincinnati,made,Simas Lukosius,NA,FALSE,TRUE,Cincinnati,Cincinnati,FALSE
401641118,2024-03-26,Indiana St,Cincinnati,161,2,18:12,1092,1092,Simas Lukosius made Free Throw.,away,39,44,-5,0,TRUE,FALSE,0.46406343703447384,0.30688638289688375,6,0,5.5,155.5,Stephen Divine/Bret Smith/Edwin  Young,"Terre Haute, IN",Hulman Center,NA,8057,28,0,Cincinnati,made,Simas Lukosius,NA,FALSE,TRUE,Cincinnati,Indiana St,FALSE
401641118,2024-03-26,Indiana St,Cincinnati,162,2,17:49,1069,1069,Robbie Avila missed Three Point Jumper.,home,39,44,-5,23,FALSE,FALSE,0.46048890112502894,0.3048371358705397,6,0,5.5,155.5,Stephen Divine/Bret Smith/Edwin  Young,"Terre Haute, IN",Hulman Center,NA,8057,18.75,13,Indiana St,missed,Robbie Avila,NA,TRUE,FALSE,Indiana St,Indiana St,FALSE
401641118,2024-03-26,Indiana St,Cincinnati,163,2,17:49,1069,1069,Jayson Kent Offensive Rebound.,home,39,44,-5,0,FALSE,FALSE,0.46048890112502894,0.3048371358705397,6,0,5.5,155.5,Stephen Divine/Bret Smith/Edwin  Young,"Terre Haute, IN",Hulman Center,NA,8057,NA,NA,NA,NA,NA,NA,NA,NA,Indiana St,Indiana St,FALSE
401641118,2024-03-26,Indiana St,Cincinnati,164,2,17:45,1065,1065,Foul on Jizzle James.,away,39,44,-5,4,FALSE,TRUE,0.45985508337969444,0.30447166158317,6,0,5.5,155.5,Stephen Divine/Bret Smith/Edwin  Young,"Terre Haute, IN",Hulman Center,NA,8057,NA,NA,NA,NA,NA,NA,NA,NA,Indiana St,Indiana St,FALSE
401641118,2024-03-26,Indiana St,Cincinnati,165,2,17:40,1060,1060,Ryan Conwell missed Layup.,home,39,44,-5,5,FALSE,FALSE,0.4590568590285092,0.3040103633902638,6,0,5.5,155.5,Stephen Divine/Bret Smith/Edwin  Young,"Terre Haute, IN",Hulman Center,NA,8057,40.75,4,Indiana St,missed,Ryan Conwell,NA,FALSE,FALSE,Indiana St,Indiana St,FALSE
401641118,2024-03-26,Indiana St,Cincinnati,166,2,17:40,1060,1060,Robbie Avila Offensive Rebound.,home,39,44,-5,0,FALSE,FALSE,0.4590568590285092,0.3040103633902638,6,0,5.5,155.5,Stephen Divine/Bret Smith/Edwin  Young,"Terre Haute, IN",Hulman Center,NA,8057,NA,NA,NA,NA,NA,NA,NA,NA,Indiana St,Indiana St,FALSE
401641118,2024-03-26,Indiana St,Cincinnati,167,2,17:40,1060,1060,Robbie Avila missed Two Point Tip Shot.,home,39,44,-5,0,FALSE,FALSE,0.4590568590285092,0.3040103633902638,6,0,5.5,155.5,Stephen Divine/Bret Smith/Edwin  Young,"Terre Haute, IN",Hulman Center,NA,8057,40.75,-0,Indiana St,missed,Robbie Avila,NA,FALSE,FALSE,Indiana St,Cincinnati,FALSE
401641118,2024-03-26,Indiana St,Cincinnati,168,2,17:40,1060,1060,John Newman III Defensive Rebound.,away,39,44,-5,0,FALSE,FALSE,0.4590568590285092,0.3040103633902638,6,0,5.5,155.5,Stephen Divine/Bret Smith/Edwin  Young,"Terre Haute, IN",Hulman Center,NA,8057,NA,NA,NA,NA,NA,NA,NA,NA,Indiana St,Cincinnati,FALSE
401641118,2024-03-26,Indiana St,Cincinnati,169,2,17:31,1051,1051,Foul on Julian Larry.,home,39,44,-5,9,FALSE,TRUE,0.4576019984196008,0.3031665042949391,6,0,5.5,155.5,Stephen Divine/Bret Smith/Edwin  Young,"Terre Haute, IN",Hulman Center,NA,8057,NA,NA,NA,NA,NA,NA,NA,NA,Cincinnati,Cincinnati,FALSE
401641118,2024-03-26,Indiana St,Cincinnati,170,2,17:31,1051,1051,Aziz Bandaogo made Free Throw.,away,39,45,-6,0,TRUE,FALSE,0.4166713156822453,0.2691937127103607,6,0,5.5,155.5,Stephen Divine/Bret Smith/Edwin  Young,"Terre Haute, IN",Hulman Center,NA,8057,28,0,Cincinnati,made,Aziz Bandaogo,NA,FALSE,TRUE,Cincinnati,Cincinnati,FALSE
401641118,2024-03-26,Indiana St,Cincinnati,171,2,17:31,1051,1051,Aziz Bandaogo made Free Throw.,away,39,46,-7,0,TRUE,FALSE,0.3768579976419836,0.23772912975707186,6,0,5.5,155.5,Stephen Divine/Bret Smith/Edwin  Young,"Terre Haute, IN",Hulman Center,NA,8057,28,0,Cincinnati,made,Aziz Bandaogo,NA,FALSE,TRUE,Cincinnati,Indiana St,FALSE
401641118,2024-03-26,Indiana St,Cincinnati,172,2,17:08,1028,1028,Isaiah Swope Turnover.,home,39,46,-7,23,FALSE,FALSE,0.37223198620072473,0.2350344226096487,6,0,5.5,155.5,Stephen Divine/Bret Smith/Edwin  Young,"Terre Haute, IN",Hulman Center,NA,8057,NA,NA,NA,NA,NA,NA,NA,NA,Indiana St,Cincinnati,FALSE
401641118,2024-03-26,Indiana St,Cincinnati,173,2,17:08,1028,1028,Simas Lukosius Steal.,away,39,46,-7,0,FALSE,FALSE,0.37223198620072473,0.2350344226096487,6,0,5.5,155.5,Stephen Divine/Bret Smith/Edwin  Young,"Terre Haute, IN",Hulman Center,NA,8057,NA,NA,NA,NA,NA,NA,NA,NA,Indiana St,Cincinnati,FALSE
401641118,2024-03-26,Indiana St,Cincinnati,174,2,17:03,1023,1023,Simas Lukosius Turnover.,away,39,46,-7,5,FALSE,FALSE,0.37119453789285606,0.23442631672396402,6,0,5.5,155.5,Stephen Divine/Bret Smith/Edwin  Young,"Terre Haute, IN",Hulman Center,NA,8057,NA,NA,NA,NA,NA,NA,NA,NA,Cincinnati,Indiana St,FALSE
401641118,2024-03-26,Indiana St,Cincinnati,175,2,17:03,1023,1023,Julian Larry Steal.,home,39,46,-7,0,FALSE,FALSE,0.37119453789285606,0.23442631672396402,6,0,5.5,155.5,Stephen Divine/Bret Smith/Edwin  Young,"Terre Haute, IN",Hulman Center,NA,8057,NA,NA,NA,NA,NA,NA,NA,NA,Cincinnati,Indiana St,FALSE
401641118,2024-03-26,Indiana St,Cincinnati,176,2,16:49,1009,1009,Foul on Aziz Bandaogo.,away,39,46,-7,14,FALSE,TRUE,0.3682211053666051,0.23267561697053898,6,0,5.5,155.5,Stephen Divine/Bret Smith/Edwin  Young,"Terre Haute, IN",Hulman Center,NA,8057,NA,NA,NA,NA,NA,NA,NA,NA,Indiana St,Indiana St,FALSE
401641118,2024-03-26,Indiana St,Cincinnati,177,2,16:49,1009,1009, Official TV Timeout,NA,39,46,-7,0,FALSE,FALSE,0.3682211053666051,0.23267561697053898,6,-1,5.5,155.5,Stephen Divine/Bret Smith/Edwin  Young,"Terre Haute, IN",Hulman Center,NA,8057,NA,NA,NA,NA,NA,NA,NA,NA,Indiana St,Indiana St,FALSE
401641118,2024-03-26,Indiana St,Cincinnati,178,2,16:49,1009,1009,Robbie Avila missed Free Throw.,home,39,46,-7,0,FALSE,FALSE,0.3682211053666051,0.23267561697053898,6,-1,5.5,155.5,Stephen Divine/Bret Smith/Edwin  Young,"Terre Haute, IN",Hulman Center,NA,8057,-28,-0,Indiana St,missed,Robbie Avila,NA,FALSE,TRUE,Indiana St,Indiana St,FALSE
401641118,2024-03-26,Indiana St,Cincinnati,179,2,16:49,1009,1009,Indiana State Deadball Team Rebound.,home,39,46,-7,0,FALSE,FALSE,0.3682211053666051,0.23267561697053898,6,-1,5.5,155.5,Stephen Divine/Bret Smith/Edwin  Young,"Terre Haute, IN",Hulman Center,NA,8057,NA,NA,NA,NA,NA,NA,NA,NA,Indiana St,Indiana St,FALSE
401641118,2024-03-26,Indiana St,Cincinnati,180,2,16:49,1009,1009,Robbie Avila made Free Throw.,home,40,46,-6,0,TRUE,FALSE,0.40868853392643734,0.2644827389371224,6,-1,5.5,155.5,Stephen Divine/Bret Smith/Edwin  Young,"Terre Haute, IN",Hulman Center,NA,8057,-28,-0,Indiana St,made,Robbie Avila,NA,FALSE,TRUE,Indiana St,Cincinnati,FALSE
401641118,2024-03-26,Indiana St,Cincinnati,181,2,16:33,993,993,Dan Skillings Jr. made Layup.,away,40,48,-8,16,TRUE,FALSE,0.32580370614048704,0.20146105923491026,6,-1,5.5,155.5,Stephen Divine/Bret Smith/Edwin  Young,"Terre Haute, IN",Hulman Center,NA,8057,-40.75,-4,Cincinnati,made,Dan Skillings Jr.,NA,FALSE,FALSE,Cincinnati,Indiana St,FALSE
401641118,2024-03-26,Indiana St,Cincinnati,182,2,16:01,961,961,Robbie Avila made Layup.,home,42,48,-6,32,TRUE,FALSE,0.3984941667738442,0.258324426883136,6,-1,5.5,155.5,Stephen Divine/Bret Smith/Edwin  Young,"Terre Haute, IN",Hulman Center,NA,8057,38.75,3,Indiana St,made,Robbie Avila,NA,FALSE,FALSE,Indiana St,Cincinnati,FALSE
401641118,2024-03-26,Indiana St,Cincinnati,183,2,15:39,939,939,Dan Skillings Jr. made Layup.,away,42,50,-8,22,TRUE,FALSE,0.31292348091894817,0.1938992946800538,6,-1,5.5,155.5,Stephen Divine/Bret Smith/Edwin  Young,"Terre Haute, IN",Hulman Center,NA,8057,-40.75,-4,Cincinnati,made,Dan Skillings Jr.,NA,FALSE,FALSE,Cincinnati,Indiana St,FALSE
401641118,2024-03-26,Indiana St,Cincinnati,184,2,15:22,922,922,Isaiah Swope made Three Point Jumper.,home,45,50,-5,17,TRUE,FALSE,0.43445059848310924,0.28930679101485085,6,-1,5.5,155.5,Stephen Divine/Bret Smith/Edwin  Young,"Terre Haute, IN",Hulman Center,NA,8057,23.75,20,Indiana St,made,Isaiah Swope,NA,TRUE,FALSE,Indiana St,Cincinnati,FALSE
401641118,2024-03-26,Indiana St,Cincinnati,185,2,14:57,897,897,Jamille Reynolds Turnover.,away,45,50,-5,25,FALSE,FALSE,0.43052261354658455,0.2869907636766969,6,-1,5.5,155.5,Stephen Divine/Bret Smith/Edwin  Young,"Terre Haute, IN",Hulman Center,NA,8057,NA,NA,NA,NA,NA,NA,NA,NA,Cincinnati,Indiana St,FALSE
401641118,2024-03-26,Indiana St,Cincinnati,186,2,14:33,873,873,Robbie Avila made Layup.,home,47,50,-3,24,TRUE,FALSE,0.5183951673409204,0.36532705642957364,6,-1,5.5,155.5,Stephen Divine/Bret Smith/Edwin  Young,"Terre Haute, IN",Hulman Center,NA,8057,39.75,-3,Indiana St,made,Robbie Avila,NA,FALSE,FALSE,Indiana St,Cincinnati,FALSE
401641118,2024-03-26,Indiana St,Cincinnati,187,2,14:20,860,860,Simas Lukosius made Three Point Jumper. Assisted by Jizzle James..,away,47,53,-6,13,TRUE,FALSE,0.3803769558948517,0.2475889292539061,6,-1,5.5,155.5,Stephen Divine/Bret Smith/Edwin  Young,"Terre Haute, IN",Hulman Center,NA,8057,-13.75,13,Cincinnati,made,Simas Lukosius,Jizzle James.,TRUE,FALSE,Cincinnati,Indiana St,FALSE
401641118,2024-03-26,Indiana St,Cincinnati,188,2,14:09,849,849,Ryan Conwell made Layup.,home,49,53,-4,11,TRUE,FALSE,0.46918220365281205,0.32191590874259673,6,-1,5.5,155.5,Stephen Divine/Bret Smith/Edwin  Young,"Terre Haute, IN",Hulman Center,NA,8057,40.75,3,Indiana St,made,Ryan Conwell,NA,FALSE,FALSE,Indiana St,Cincinnati,FALSE
401641118,2024-03-26,Indiana St,Cincinnati,189,2,14:07,847,847,Cincinnati  Timeout,away,49,53,-4,2,FALSE,FALSE,0.4689076846979785,0.3217555154326063,6,-2,5.5,155.5,Stephen Divine/Bret Smith/Edwin  Young,"Terre Haute, IN",Hulman Center,NA,8057,NA,NA,NA,NA,NA,NA,NA,NA,Cincinnati,Cincinnati,FALSE
401641118,2024-03-26,Indiana St,Cincinnati,190,2,14:07,847,847, Official TV Timeout,NA,49,53,-4,0,FALSE,FALSE,0.4689076846979785,0.3217555154326063,6,-3,5.5,155.5,Stephen Divine/Bret Smith/Edwin  Young,"Terre Haute, IN",Hulman Center,NA,8057,NA,NA,NA,NA,NA,NA,NA,NA,Cincinnati,Cincinnati,FALSE
401641118,2024-03-26,Indiana St,Cincinnati,191,2,13:42,822,822,Simas Lukosius missed Three Point Jumper.,away,49,53,-4,25,FALSE,FALSE,0.4653422490622385,0.31965286780541063,6,-3,5.5,155.5,Stephen Divine/Bret Smith/Edwin  Young,"Terre Haute, IN",Hulman Center,NA,8057,-16.75,-4,Cincinnati,missed,Simas Lukosius,NA,TRUE,FALSE,Cincinnati,Indiana St,FALSE
401641118,2024-03-26,Indiana St,Cincinnati,192,2,13:42,822,822,Isaiah Swope Defensive Rebound.,home,49,53,-4,0,FALSE,FALSE,0.4653422490622385,0.31965286780541063,6,-3,5.5,155.5,Stephen Divine/Bret Smith/Edwin  Young,"Terre Haute, IN",Hulman Center,NA,8057,NA,NA,NA,NA,NA,NA,NA,NA,Cincinnati,Indiana St,FALSE
401641118,2024-03-26,Indiana St,Cincinnati,193,2,13:35,815,815,Foul on Simas Lukosius.,away,49,53,-4,7,FALSE,TRUE,0.4642869380646471,0.31902299611360085,6,-3,5.5,155.5,Stephen Divine/Bret Smith/Edwin  Young,"Terre Haute, IN",Hulman Center,NA,8057,NA,NA,NA,NA,NA,NA,NA,NA,Indiana St,Indiana St,FALSE
401641118,2024-03-26,Indiana St,Cincinnati,194,2,13:35,815,815,Ryan Conwell missed Free Throw.,home,49,53,-4,0,FALSE,FALSE,0.4642869380646471,0.31902299611360085,6,-3,5.5,155.5,Stephen Divine/Bret Smith/Edwin  Young,"Terre Haute, IN",Hulman Center,NA,8057,-28,-0,Indiana St,missed,Ryan Conwell,NA,FALSE,TRUE,Indiana St,Indiana St,FALSE
401641118,2024-03-26,Indiana St,Cincinnati,195,2,13:35,815,815,Indiana State Deadball Team Rebound.,home,49,53,-4,0,FALSE,FALSE,0.4642869380646471,0.31902299611360085,6,-3,5.5,155.5,Stephen Divine/Bret Smith/Edwin  Young,"Terre Haute, IN",Hulman Center,NA,8057,NA,NA,NA,NA,NA,NA,NA,NA,Indiana St,Indiana St,FALSE
401641118,2024-03-26,Indiana St,Cincinnati,196,2,13:35,815,815,Ryan Conwell made Free Throw.,home,50,53,-3,0,TRUE,FALSE,0.5116155132309851,0.36153707524334394,6,-3,5.5,155.5,Stephen Divine/Bret Smith/Edwin  Young,"Terre Haute, IN",Hulman Center,NA,8057,-28,-0,Indiana St,made,Ryan Conwell,NA,FALSE,TRUE,Indiana St,Cincinnati,FALSE
401641118,2024-03-26,Indiana St,Cincinnati,197,2,13:18,798,798,Simas Lukosius made Three Point Jumper. Assisted by Jamille Reynolds.,away,50,56,-6,17,TRUE,FALSE,0.3689237924904825,0.24073600105632129,6,-3,5.5,155.5,Stephen Divine/Bret Smith/Edwin  Young,"Terre Haute, IN",Hulman Center,NA,8057,-44.75,-24,Cincinnati,made,Simas Lukosius,Jamille Reynolds,TRUE,FALSE,Cincinnati,Indiana St,FALSE
401641118,2024-03-26,Indiana St,Cincinnati,198,2,13:01,781,781,Julian Larry missed Layup.,home,50,56,-6,17,FALSE,FALSE,0.36521963384972655,0.23847232479904934,6,-3,5.5,155.5,Stephen Divine/Bret Smith/Edwin  Young,"Terre Haute, IN",Hulman Center,NA,8057,40.75,3,Indiana St,missed,Julian Larry,NA,FALSE,FALSE,Indiana St,Cincinnati,FALSE
401641118,2024-03-26,Indiana St,Cincinnati,199,2,13:01,781,781,Simas Lukosius Defensive Rebound.,away,50,56,-6,0,FALSE,FALSE,0.36521963384972655,0.23847232479904934,6,-3,5.5,155.5,Stephen Divine/Bret Smith/Edwin  Young,"Terre Haute, IN",Hulman Center,NA,8057,NA,NA,NA,NA,NA,NA,NA,NA,Indiana St,Cincinnati,FALSE
401641118,2024-03-26,Indiana St,Cincinnati,200,2,12:55,775,775,Simas Lukosius Turnover.,away,50,56,-6,6,FALSE,FALSE,0.36383030355114604,0.23761806312223163,6,-3,5.5,155.5,Stephen Divine/Bret Smith/Edwin  Young,"Terre Haute, IN",Hulman Center,NA,8057,NA,NA,NA,NA,NA,NA,NA,NA,Cincinnati,Indiana St,FALSE
401641118,2024-03-26,Indiana St,Cincinnati,201,2,12:55,775,775,Jayson Kent Steal.,home,50,56,-6,0,FALSE,FALSE,0.36383030355114604,0.23761806312223163,6,-3,5.5,155.5,Stephen Divine/Bret Smith/Edwin  Young,"Terre Haute, IN",Hulman Center,NA,8057,NA,NA,NA,NA,NA,NA,NA,NA,Cincinnati,Indiana St,FALSE
401641118,2024-03-26,Indiana St,Cincinnati,202,2,12:37,757,757,Ryan Conwell made Three Point Jumper. Assisted by Julian Larry.,home,53,56,-3,18,TRUE,FALSE,0.503109856721989,0.3565119900393,6,-3,5.5,155.5,Stephen Divine/Bret Smith/Edwin  Young,"Terre Haute, IN",Hulman Center,NA,8057,19.75,-12,Indiana St,made,Ryan Conwell,Julian Larry,TRUE,FALSE,Indiana St,Cincinnati,FALSE
401641118,2024-03-26,Indiana St,Cincinnati,203,2,12:18,738,738,Jizzle James missed Three Point Jumper.,away,53,56,-3,19,FALSE,FALSE,0.49968549472994284,0.35441958213896413,6,-3,5.5,155.5,Stephen Divine/Bret Smith/Edwin  Young,"Terre Haute, IN",Hulman Center,NA,8057,-17.75,-8,Cincinnati,missed,Jizzle James,NA,TRUE,FALSE,Cincinnati,Cincinnati,FALSE
401641118,2024-03-26,Indiana St,Cincinnati,204,2,12:18,738,738,Jamille Reynolds Offensive Rebound.,away,53,56,-3,0,FALSE,FALSE,0.49968549472994284,0.35441958213896413,6,-3,5.5,155.5,Stephen Divine/Bret Smith/Edwin  Young,"Terre Haute, IN",Hulman Center,NA,8057,NA,NA,NA,NA,NA,NA,NA,NA,Cincinnati,Cincinnati,FALSE
401641118,2024-03-26,Indiana St,Cincinnati,205,2,12:14,734,734,Jizzle James missed Three Point Jumper.,away,53,56,-3,4,FALSE,FALSE,0.49891456488010266,0.3539444710445971,6,-3,5.5,155.5,Stephen Divine/Bret Smith/Edwin  Young,"Terre Haute, IN",Hulman Center,NA,8057,-40.75,-24,Cincinnati,missed,Jizzle James,NA,TRUE,FALSE,Cincinnati,Cincinnati,FALSE
401641118,2024-03-26,Indiana St,Cincinnati,206,2,12:14,734,734,Dan Skillings Jr. Offensive Rebound.,away,53,56,-3,0,FALSE,FALSE,0.49891456488010266,0.3539444710445971,6,-3,5.5,155.5,Stephen Divine/Bret Smith/Edwin  Young,"Terre Haute, IN",Hulman Center,NA,8057,NA,NA,NA,NA,NA,NA,NA,NA,Cincinnati,Cincinnati,FALSE
401641118,2024-03-26,Indiana St,Cincinnati,207,2,12:08,728,728,John Newman III Turnover.,away,53,56,-3,6,FALSE,FALSE,0.49772814310441554,0.3532113796815757,6,-3,5.5,155.5,Stephen Divine/Bret Smith/Edwin  Young,"Terre Haute, IN",Hulman Center,NA,8057,NA,NA,NA,NA,NA,NA,NA,NA,Cincinnati,Indiana St,FALSE
401641118,2024-03-26,Indiana St,Cincinnati,208,2,11:57,717,717,Jayson Kent made Three Point Jumper. Assisted by Robbie Avila.,home,56,56,0,11,TRUE,FALSE,0.6440719928179122,0.5,6,-3,5.5,155.5,Stephen Divine/Bret Smith/Edwin  Young,"Terre Haute, IN",Hulman Center,NA,8057,15.75,-2,Indiana St,made,Jayson Kent,Robbie Avila,TRUE,FALSE,Indiana St,Cincinnati,FALSE
401641118,2024-03-26,Indiana St,Cincinnati,209,2,11:34,694,694,John Newman III made Three Point Jumper.,away,56,59,-3,23,TRUE,FALSE,0.4916002861142406,0.34953929243164905,6,-3,5.5,155.5,Stephen Divine/Bret Smith/Edwin  Young,"Terre Haute, IN",Hulman Center,NA,8057,-16.75,4,Cincinnati,made,John Newman III,NA,TRUE,FALSE,Cincinnati,Indiana St,FALSE
401641118,2024-03-26,Indiana St,Cincinnati,210,2,11:21,681,681,Robbie Avila made Three Point Jumper. Assisted by Ryan Conwell.,home,59,59,0,13,TRUE,FALSE,0.6420701488519076,0.5,6,-3,5.5,155.5,Stephen Divine/Bret Smith/Edwin  Young,"Terre Haute, IN",Hulman Center,NA,8057,17.75,-9,Indiana St,made,Robbie Avila,Ryan Conwell,TRUE,FALSE,Indiana St,Cincinnati,FALSE
401641118,2024-03-26,Indiana St,Cincinnati,211,2,11:04,664,664,Foul on Julian Larry.,home,59,59,0,17,FALSE,TRUE,0.6411426346687931,0.5,6,-3,5.5,155.5,Stephen Divine/Bret Smith/Edwin  Young,"Terre Haute, IN",Hulman Center,NA,8057,NA,NA,NA,NA,NA,NA,NA,NA,Cincinnati,Cincinnati,FALSE
401641118,2024-03-26,Indiana St,Cincinnati,212,2,10:55,655,655,Foul on Xavier Bledson.,home,59,59,0,9,FALSE,TRUE,0.6406492069902694,0.5,6,-3,5.5,155.5,Stephen Divine/Bret Smith/Edwin  Young,"Terre Haute, IN",Hulman Center,NA,8057,NA,NA,NA,NA,NA,NA,NA,NA,Cincinnati,Cincinnati,FALSE
401641118,2024-03-26,Indiana St,Cincinnati,213,2,10:55,655,655, Official TV Timeout,NA,59,59,0,0,FALSE,FALSE,0.6406492069902694,0.5,6,-4,5.5,155.5,Stephen Divine/Bret Smith/Edwin  Young,"Terre Haute, IN",Hulman Center,NA,8057,NA,NA,NA,NA,NA,NA,NA,NA,Cincinnati,Cincinnati,FALSE
401641118,2024-03-26,Indiana St,Cincinnati,214,2,10:55,655,655,Dan Skillings Jr. made Free Throw.,away,59,60,-1,0,TRUE,FALSE,0.5904604262539216,0.44712001127753864,6,-4,5.5,155.5,Stephen Divine/Bret Smith/Edwin  Young,"Terre Haute, IN",Hulman Center,NA,8057,28,0,Cincinnati,made,Dan Skillings Jr.,NA,FALSE,TRUE,Cincinnati,Cincinnati,FALSE
401641118,2024-03-26,Indiana St,Cincinnati,215,2,10:55,655,655,Dan Skillings Jr. made Free Throw.,away,59,61,-2,0,TRUE,FALSE,0.5383135358246826,0.39540988111107134,6,-4,5.5,155.5,Stephen Divine/Bret Smith/Edwin  Young,"Terre Haute, IN",Hulman Center,NA,8057,28,0,Cincinnati,made,Dan Skillings Jr.,NA,FALSE,TRUE,Cincinnati,Indiana St,FALSE
401641118,2024-03-26,Indiana St,Cincinnati,216,2,10:41,641,641,Ryan Conwell made Layup. Assisted by Robbie Avila.,home,61,61,0,14,TRUE,FALSE,0.6398721040870204,0.5,6,-4,5.5,155.5,Stephen Divine/Bret Smith/Edwin  Young,"Terre Haute, IN",Hulman Center,NA,8057,40.75,3,Indiana St,made,Ryan Conwell,Robbie Avila,FALSE,FALSE,Indiana St,Cincinnati,FALSE
401641118,2024-03-26,Indiana St,Cincinnati,217,2,10:27,627,627,Simas Lukosius missed Three Point Jumper.,away,61,61,0,14,FALSE,FALSE,0.6390763028037019,0.5,6,-4,5.5,155.5,Stephen Divine/Bret Smith/Edwin  Young,"Terre Haute, IN",Hulman Center,NA,8057,-21.75,17,Cincinnati,missed,Simas Lukosius,NA,TRUE,FALSE,Cincinnati,Indiana St,FALSE
401641118,2024-03-26,Indiana St,Cincinnati,218,2,10:27,627,627,Isaiah Swope Defensive Rebound.,home,61,61,0,0,FALSE,FALSE,0.6390763028037019,0.5,6,-4,5.5,155.5,Stephen Divine/Bret Smith/Edwin  Young,"Terre Haute, IN",Hulman Center,NA,8057,NA,NA,NA,NA,NA,NA,NA,NA,Cincinnati,Indiana St,FALSE
401641118,2024-03-26,Indiana St,Cincinnati,219,2,10:14,614,614,Isaiah Swope missed Three Point Jumper.,home,61,61,0,13,FALSE,FALSE,0.6383135586107783,0.5,6,-4,5.5,155.5,Stephen Divine/Bret Smith/Edwin  Young,"Terre Haute, IN",Hulman Center,NA,8057,25.75,20,Indiana St,missed,Isaiah Swope,NA,TRUE,FALSE,Indiana St,Cincinnati,FALSE
401641118,2024-03-26,Indiana St,Cincinnati,220,2,10:14,614,614,Aziz Bandaogo Defensive Rebound.,away,61,61,0,0,FALSE,FALSE,0.6383135586107783,0.5,6,-4,5.5,155.5,Stephen Divine/Bret Smith/Edwin  Young,"Terre Haute, IN",Hulman Center,NA,8057,NA,NA,NA,NA,NA,NA,NA,NA,Indiana St,Cincinnati,FALSE
401641118,2024-03-26,Indiana St,Cincinnati,221,2,10:03,603,603,Jizzle James made Layup.,away,61,63,-2,11,TRUE,FALSE,0.5311991902045068,0.3916933914937818,6,-4,5.5,155.5,Stephen Divine/Bret Smith/Edwin  Young,"Terre Haute, IN",Hulman Center,NA,8057,-41.75,-4,Cincinnati,made,Jizzle James,NA,FALSE,FALSE,Cincinnati,Indiana St,FALSE
401641118,2024-03-26,Indiana St,Cincinnati,222,2,9:46,586,586,Isaiah Swope made Three Point Jumper. Assisted by Robbie Avila.,home,64,63,1,17,TRUE,FALSE,0.6864907605827079,0.5555920595821681,6,-4,5.5,155.5,Stephen Divine/Bret Smith/Edwin  Young,"Terre Haute, IN",Hulman Center,NA,8057,25.75,20,Indiana St,made,Isaiah Swope,Robbie Avila,TRUE,FALSE,Indiana St,Cincinnati,FALSE
401641118,2024-03-26,Indiana St,Cincinnati,223,2,9:20,560,560,Jizzle James made Jumper.,away,64,65,-1,26,TRUE,FALSE,0.5801757062985976,0.44295481975918227,6,-4,5.5,155.5,Stephen Divine/Bret Smith/Edwin  Young,"Terre Haute, IN",Hulman Center,NA,8057,-23.75,11,Cincinnati,made,Jizzle James,NA,FALSE,FALSE,Cincinnati,Indiana St,FALSE
401641118,2024-03-26,Indiana St,Cincinnati,224,2,9:03,543,543,Foul on Ody Oguama.,away,64,65,-1,17,FALSE,TRUE,0.5777237392901903,0.4418390234989388,6,-4,5.5,155.5,Stephen Divine/Bret Smith/Edwin  Young,"Terre Haute, IN",Hulman Center,NA,8057,NA,NA,NA,NA,NA,NA,NA,NA,Indiana St,Indiana St,FALSE
401641118,2024-03-26,Indiana St,Cincinnati,225,2,9:02,542,542,Ryan Conwell missed Three Point Jumper.,home,64,65,-1,1,FALSE,FALSE,0.5775830617604079,0.4417764081485464,6,-4,5.5,155.5,Stephen Divine/Bret Smith/Edwin  Young,"Terre Haute, IN",Hulman Center,NA,8057,16.75,-6,Indiana St,missed,Ryan Conwell,NA,TRUE,FALSE,Indiana St,Cincinnati,FALSE
401641118,2024-03-26,Indiana St,Cincinnati,226,2,9:02,542,542,Aziz Bandaogo Defensive Rebound.,away,64,65,-1,0,FALSE,FALSE,0.5775830617604079,0.4417764081485464,6,-4,5.5,155.5,Stephen Divine/Bret Smith/Edwin  Young,"Terre Haute, IN",Hulman Center,NA,8057,NA,NA,NA,NA,NA,NA,NA,NA,Indiana St,Cincinnati,FALSE
401641118,2024-03-26,Indiana St,Cincinnati,227,2,8:44,524,524,Jizzle James Turnover.,away,64,65,-1,18,FALSE,FALSE,0.5751880470332766,0.44075292977411423,6,-4,5.5,155.5,Stephen Divine/Bret Smith/Edwin  Young,"Terre Haute, IN",Hulman Center,NA,8057,NA,NA,NA,NA,NA,NA,NA,NA,Cincinnati,Indiana St,FALSE
401641118,2024-03-26,Indiana St,Cincinnati,228,2,8:44,524,524,Ryan Conwell Steal.,home,64,65,-1,0,FALSE,FALSE,0.5751880470332766,0.44075292977411423,6,-4,5.5,155.5,Stephen Divine/Bret Smith/Edwin  Young,"Terre Haute, IN",Hulman Center,NA,8057,NA,NA,NA,NA,NA,NA,NA,NA,Cincinnati,Indiana St,FALSE
401641118,2024-03-26,Indiana St,Cincinnati,229,2,8:38,518,518,Xavier Bledson missed Three Point Jumper.,home,64,65,-1,6,FALSE,FALSE,0.5744311303841767,0.44044378525562455,6,-4,5.5,155.5,Stephen Divine/Bret Smith/Edwin  Young,"Terre Haute, IN",Hulman Center,NA,8057,21.75,16,Indiana St,missed,Xavier Bledson,NA,TRUE,FALSE,Indiana St,Cincinnati,FALSE
401641118,2024-03-26,Indiana St,Cincinnati,230,2,8:38,518,518,Jizzle James Defensive Rebound.,away,64,65,-1,0,FALSE,FALSE,0.5744311303841767,0.44044378525562455,6,-4,5.5,155.5,Stephen Divine/Bret Smith/Edwin  Young,"Terre Haute, IN",Hulman Center,NA,8057,NA,NA,NA,NA,NA,NA,NA,NA,Indiana St,Cincinnati,FALSE
401641118,2024-03-26,Indiana St,Cincinnati,231,2,8:27,507,507,Jizzle James missed Layup.,away,64,65,-1,11,FALSE,FALSE,0.5730674392193073,0.43989751794779525,6,-4,5.5,155.5,Stephen Divine/Bret Smith/Edwin  Young,"Terre Haute, IN",Hulman Center,NA,8057,-40.75,-4,Cincinnati,missed,Jizzle James,NA,FALSE,FALSE,Cincinnati,Indiana St,FALSE
401641118,2024-03-26,Indiana St,Cincinnati,232,2,8:27,507,507,Xavier Bledson Defensive Rebound.,home,64,65,-1,0,FALSE,FALSE,0.5730674392193073,0.43989751794779525,6,-4,5.5,155.5,Stephen Divine/Bret Smith/Edwin  Young,"Terre Haute, IN",Hulman Center,NA,8057,NA,NA,NA,NA,NA,NA,NA,NA,Cincinnati,Indiana St,FALSE
401641118,2024-03-26,Indiana St,Cincinnati,233,2,8:23,503,503,Jayson Kent made Dunk. Assisted by Xavier Bledson.,home,66,65,1,4,TRUE,FALSE,0.6850562162700236,0.56029860151194,6,-4,5.5,155.5,Stephen Divine/Bret Smith/Edwin  Young,"Terre Haute, IN",Hulman Center,NA,8057,39.75,-3,Indiana St,made,Jayson Kent,Xavier Bledson,FALSE,FALSE,Indiana St,Cincinnati,FALSE
401641118,2024-03-26,Indiana St,Cincinnati,234,2,8:06,486,486,Simas Lukosius Turnover.,away,66,65,1,17,FALSE,FALSE,0.6846688555769195,0.5611538148695644,6,-4,5.5,155.5,Stephen Divine/Bret Smith/Edwin  Young,"Terre Haute, IN",Hulman Center,NA,8057,NA,NA,NA,NA,NA,NA,NA,NA,Cincinnati,Indiana St,FALSE
401641118,2024-03-26,Indiana St,Cincinnati,235,2,8:06,486,486,Robbie Avila Steal.,home,66,65,1,0,FALSE,FALSE,0.6846688555769195,0.5611538148695644,6,-4,5.5,155.5,Stephen Divine/Bret Smith/Edwin  Young,"Terre Haute, IN",Hulman Center,NA,8057,NA,NA,NA,NA,NA,NA,NA,NA,Cincinnati,Indiana St,FALSE
401641118,2024-03-26,Indiana St,Cincinnati,236,2,8:01,481,481,Julian Larry made Layup. Assisted by Xavier Bledson.,home,68,65,3,5,TRUE,FALSE,0.7805158104813048,0.6771699008383318,6,-4,5.5,155.5,Stephen Divine/Bret Smith/Edwin  Young,"Terre Haute, IN",Hulman Center,NA,8057,39.75,-3,Indiana St,made,Julian Larry,Xavier Bledson,FALSE,FALSE,Indiana St,Cincinnati,FALSE
401641118,2024-03-26,Indiana St,Cincinnati,237,2,8:01,481,481,Foul on Josh Reed.,away,68,65,3,0,FALSE,TRUE,0.7805158104813048,0.6771699008383318,6,-4,5.5,155.5,Stephen Divine/Bret Smith/Edwin  Young,"Terre Haute, IN",Hulman Center,NA,8057,NA,NA,NA,NA,NA,NA,NA,NA,Indiana St,Cincinnati,FALSE
401641118,2024-03-26,Indiana St,Cincinnati,238,2,8:01,481,481,Julian Larry made Free Throw.,home,69,65,4,0,TRUE,FALSE,0.8198906490936074,0.7286389333542491,6,-4,5.5,155.5,Stephen Divine/Bret Smith/Edwin  Young,"Terre Haute, IN",Hulman Center,NA,8057,-28,-0,Indiana St,made,Julian Larry,NA,FALSE,TRUE,Indiana St,Cincinnati,FALSE
401641118,2024-03-26,Indiana St,Cincinnati,239,2,7:42,462,462,Simas Lukosius missed Three Point Jumper.,away,69,65,4,19,FALSE,FALSE,0.8216941140032639,0.7322922154441076,6,-4,5.5,155.5,Stephen Divine/Bret Smith/Edwin  Young,"Terre Haute, IN",Hulman Center,NA,8057,-16.75,6,Cincinnati,missed,Simas Lukosius,NA,TRUE,FALSE,Cincinnati,Indiana St,FALSE
401641118,2024-03-26,Indiana St,Cincinnati,240,2,7:42,462,462,Jayson Kent Defensive Rebound.,home,69,65,4,0,FALSE,FALSE,0.8216941140032639,0.7322922154441076,6,-4,5.5,155.5,Stephen Divine/Bret Smith/Edwin  Young,"Terre Haute, IN",Hulman Center,NA,8057,NA,NA,NA,NA,NA,NA,NA,NA,Cincinnati,Indiana St,FALSE
401641118,2024-03-26,Indiana St,Cincinnati,241,2,7:32,452,452,Julian Larry missed Layup.,home,69,65,4,10,FALSE,FALSE,0.8228701198024503,0.734557030220695,6,-4,5.5,155.5,Stephen Divine/Bret Smith/Edwin  Young,"Terre Haute, IN",Hulman Center,NA,8057,39.75,3,Indiana St,missed,Julian Larry,NA,FALSE,FALSE,Indiana St,Cincinnati,FALSE
401641118,2024-03-26,Indiana St,Cincinnati,242,2,7:32,452,452,Simas Lukosius Block.,away,69,65,4,0,FALSE,FALSE,0.8228701198024503,0.734557030220695,6,-4,5.5,155.5,Stephen Divine/Bret Smith/Edwin  Young,"Terre Haute, IN",Hulman Center,NA,8057,NA,NA,NA,NA,NA,NA,NA,NA,Indiana St,Cincinnati,FALSE
401641118,2024-03-26,Indiana St,Cincinnati,243,2,7:32,452,452,Jizzle James Defensive Rebound.,away,69,65,4,0,FALSE,FALSE,0.8228701198024503,0.734557030220695,6,-4,5.5,155.5,Stephen Divine/Bret Smith/Edwin  Young,"Terre Haute, IN",Hulman Center,NA,8057,NA,NA,NA,NA,NA,NA,NA,NA,Indiana St,Cincinnati,FALSE
401641118,2024-03-26,Indiana St,Cincinnati,244,2,7:26,446,446,Aziz Bandaogo missed Dunk.,away,69,65,4,6,FALSE,FALSE,0.8236721784518113,0.7360610428032147,6,-4,5.5,155.5,Stephen Divine/Bret Smith/Edwin  Young,"Terre Haute, IN",Hulman Center,NA,8057,-39.75,-3,Cincinnati,missed,Aziz Bandaogo,NA,FALSE,FALSE,Cincinnati,Indiana St,FALSE
401641118,2024-03-26,Indiana St,Cincinnati,245,2,7:26,446,446,Robbie Avila Defensive Rebound.,home,69,65,4,0,FALSE,FALSE,0.8236721784518113,0.7360610428032147,6,-4,5.5,155.5,Stephen Divine/Bret Smith/Edwin  Young,"Terre Haute, IN",Hulman Center,NA,8057,NA,NA,NA,NA,NA,NA,NA,NA,Cincinnati,Indiana St,FALSE
401641118,2024-03-26,Indiana St,Cincinnati,246,2,7:21,441,441,Xavier Bledson made Three Point Jumper. Assisted by Jayson Kent.,home,72,65,7,5,TRUE,FALSE,0.9105910030278344,0.8589923256568816,6,-4,5.5,155.5,Stephen Divine/Bret Smith/Edwin  Young,"Terre Haute, IN",Hulman Center,NA,8057,36.75,24,Indiana St,made,Xavier Bledson,Jayson Kent,TRUE,FALSE,Indiana St,Cincinnati,FALSE
401641118,2024-03-26,Indiana St,Cincinnati,247,2,7:16,436,436,Technical Foul on Cincinnati.,away,72,65,7,5,FALSE,FALSE,0.9114879215422583,0.8605633760711684,6,-4,5.5,155.5,Stephen Divine/Bret Smith/Edwin  Young,"Terre Haute, IN",Hulman Center,NA,8057,NA,NA,NA,NA,NA,NA,NA,NA,Indiana St,Indiana St,FALSE
401641118,2024-03-26,Indiana St,Cincinnati,248,2,7:16,436,436,Foul on Cincinnati.,away,72,65,7,0,FALSE,TRUE,0.9114879215422583,0.8605633760711684,6,-4,5.5,155.5,Stephen Divine/Bret Smith/Edwin  Young,"Terre Haute, IN",Hulman Center,NA,8057,NA,NA,NA,NA,NA,NA,NA,NA,Indiana St,Indiana St,FALSE
401641118,2024-03-26,Indiana St,Cincinnati,249,2,7:16,436,436,Cincinnati  Turnover.,away,72,65,7,0,FALSE,FALSE,0.9114879215422583,0.8605633760711684,6,-4,5.5,155.5,Stephen Divine/Bret Smith/Edwin  Young,"Terre Haute, IN",Hulman Center,NA,8057,NA,NA,NA,NA,NA,NA,NA,NA,Indiana St,Indiana St,FALSE
401641118,2024-03-26,Indiana St,Cincinnati,250,2,7:16,436,436, Official TV Timeout,NA,72,65,7,0,FALSE,FALSE,0.9114879215422583,0.8605633760711684,6,-5,5.5,155.5,Stephen Divine/Bret Smith/Edwin  Young,"Terre Haute, IN",Hulman Center,NA,8057,NA,NA,NA,NA,NA,NA,NA,NA,Indiana St,Indiana St,FALSE
401641118,2024-03-26,Indiana St,Cincinnati,251,2,7:16,436,436,Ryan Conwell made Free Throw.,home,73,65,8,0,TRUE,FALSE,0.9303407906113722,0.8889414466129717,6,-5,5.5,155.5,Stephen Divine/Bret Smith/Edwin  Young,"Terre Haute, IN",Hulman Center,NA,8057,-28,-0,Indiana St,made,Ryan Conwell,NA,FALSE,TRUE,Indiana St,Indiana St,FALSE
401641118,2024-03-26,Indiana St,Cincinnati,252,2,7:16,436,436,Ryan Conwell made Free Throw.,home,74,65,9,0,TRUE,FALSE,0.9454185041790216,0.9121337227936579,6,-5,5.5,155.5,Stephen Divine/Bret Smith/Edwin  Young,"Terre Haute, IN",Hulman Center,NA,8057,-28,-0,Indiana St,made,Ryan Conwell,NA,FALSE,TRUE,Indiana St,Cincinnati,FALSE
401641118,2024-03-26,Indiana St,Cincinnati,253,2,7:06,426,426,Aziz Bandaogo made Dunk. Assisted by Jizzle James.,away,74,67,7,10,TRUE,FALSE,0.9134320668352801,0.8639426899449905,6,-5,5.5,155.5,Stephen Divine/Bret Smith/Edwin  Young,"Terre Haute, IN",Hulman Center,NA,8057,-40.75,-3,Cincinnati,made,Aziz Bandaogo,Jizzle James,FALSE,FALSE,Cincinnati,Indiana St,FALSE
401641118,2024-03-26,Indiana St,Cincinnati,254,2,6:38,398,398,Xavier Bledson missed Three Point Jumper.,home,74,67,7,28,FALSE,FALSE,0.9181955707108012,0.8724283047865782,6,-5,5.5,155.5,Stephen Divine/Bret Smith/Edwin  Young,"Terre Haute, IN",Hulman Center,NA,8057,16.75,-3,Indiana St,missed,Xavier Bledson,NA,TRUE,FALSE,Indiana St,Cincinnati,FALSE
401641118,2024-03-26,Indiana St,Cincinnati,255,2,6:38,398,398,Aziz Bandaogo Defensive Rebound.,away,74,67,7,0,FALSE,FALSE,0.9181955707108012,0.8724283047865782,6,-5,5.5,155.5,Stephen Divine/Bret Smith/Edwin  Young,"Terre Haute, IN",Hulman Center,NA,8057,NA,NA,NA,NA,NA,NA,NA,NA,Indiana St,Cincinnati,FALSE
401641118,2024-03-26,Indiana St,Cincinnati,256,2,6:10,370,370,Jizzle James missed Jumper.,away,74,67,7,28,FALSE,FALSE,0.9225828747747244,0.8803781401003178,6,-5,5.5,155.5,Stephen Divine/Bret Smith/Edwin  Young,"Terre Haute, IN",Hulman Center,NA,8057,-40.75,11,Cincinnati,missed,Jizzle James,NA,FALSE,FALSE,Cincinnati,Cincinnati,FALSE
401641118,2024-03-26,Indiana St,Cincinnati,257,2,6:10,370,370,John Newman III Offensive Rebound.,away,74,67,7,0,FALSE,FALSE,0.9225828747747244,0.8803781401003178,6,-5,5.5,155.5,Stephen Divine/Bret Smith/Edwin  Young,"Terre Haute, IN",Hulman Center,NA,8057,NA,NA,NA,NA,NA,NA,NA,NA,Cincinnati,Cincinnati,FALSE
401641118,2024-03-26,Indiana St,Cincinnati,258,2,6:04,364,364,Foul on Julian Larry.,home,74,67,7,6,FALSE,TRUE,0.9235822449423067,0.8821694152785116,6,-5,5.5,155.5,Stephen Divine/Bret Smith/Edwin  Young,"Terre Haute, IN",Hulman Center,NA,8057,NA,NA,NA,NA,NA,NA,NA,NA,Cincinnati,Cincinnati,FALSE
401641118,2024-03-26,Indiana St,Cincinnati,259,2,5:58,358,358,Simas Lukosius made Three Point Jumper. Assisted by Jizzle James.,away,74,70,4,6,TRUE,FALSE,0.8370489796197881,0.7614453957854967,6,-5,5.5,155.5,Stephen Divine/Bret Smith/Edwin  Young,"Terre Haute, IN",Hulman Center,NA,8057,-15.75,3,Cincinnati,made,Simas Lukosius,Jizzle James,TRUE,FALSE,Cincinnati,Indiana St,FALSE
401641118,2024-03-26,Indiana St,Cincinnati,260,2,5:47,347,347,Indiana State  Timeout,home,74,70,4,11,FALSE,FALSE,0.8390191946350456,0.7651173532152664,6,-6,5.5,155.5,Stephen Divine/Bret Smith/Edwin  Young,"Terre Haute, IN",Hulman Center,NA,8057,NA,NA,NA,NA,NA,NA,NA,NA,Indiana St,Indiana St,FALSE
401641118,2024-03-26,Indiana St,Cincinnati,261,2,5:35,335,335,Foul on Aziz Bandaogo.,away,74,70,4,12,FALSE,TRUE,0.8414919436795667,0.7695715768359047,6,-6,5.5,155.5,Stephen Divine/Bret Smith/Edwin  Young,"Terre Haute, IN",Hulman Center,NA,8057,NA,NA,NA,NA,NA,NA,NA,NA,Indiana St,Cincinnati,FALSE
401641118,2024-03-26,Indiana St,Cincinnati,262,2,5:35,335,335,Robbie Avila made Free Throw.,home,75,70,5,0,TRUE,FALSE,0.8777017853700091,0.8186706834925552,6,-6,5.5,155.5,Stephen Divine/Bret Smith/Edwin  Young,"Terre Haute, IN",Hulman Center,NA,8057,-28,-0,Indiana St,made,Robbie Avila,NA,FALSE,TRUE,Indiana St,Indiana St,FALSE
401641118,2024-03-26,Indiana St,Cincinnati,263,2,5:35,335,335,Robbie Avila missed Free Throw.,home,75,70,5,0,FALSE,FALSE,0.8777017853700091,0.8186706834925552,6,-6,5.5,155.5,Stephen Divine/Bret Smith/Edwin  Young,"Terre Haute, IN",Hulman Center,NA,8057,-28,-0,Indiana St,missed,Robbie Avila,NA,FALSE,TRUE,Indiana St,Cincinnati,FALSE
401641118,2024-03-26,Indiana St,Cincinnati,264,2,5:35,335,335,Dan Skillings Jr. Defensive Rebound.,away,75,70,5,0,FALSE,FALSE,0.8777017853700091,0.8186706834925552,6,-6,5.5,155.5,Stephen Divine/Bret Smith/Edwin  Young,"Terre Haute, IN",Hulman Center,NA,8057,NA,NA,NA,NA,NA,NA,NA,NA,Indiana St,Cincinnati,FALSE
401641118,2024-03-26,Indiana St,Cincinnati,265,2,5:19,319,319,Simas Lukosius missed Three Point Jumper.,away,75,70,5,16,FALSE,FALSE,0.8818976610372303,0.8257871580719947,6,-6,5.5,155.5,Stephen Divine/Bret Smith/Edwin  Young,"Terre Haute, IN",Hulman Center,NA,8057,-15.75,0,Cincinnati,missed,Simas Lukosius,NA,TRUE,FALSE,Cincinnati,Indiana St,FALSE
401641118,2024-03-26,Indiana St,Cincinnati,266,2,5:19,319,319,Indiana State Defensive Rebound.,home,75,70,5,0,FALSE,FALSE,0.8818976610372303,0.8257871580719947,6,-6,5.5,155.5,Stephen Divine/Bret Smith/Edwin  Young,"Terre Haute, IN",Hulman Center,NA,8057,NA,NA,NA,NA,NA,NA,NA,NA,Cincinnati,Indiana St,FALSE
401641118,2024-03-26,Indiana St,Cincinnati,267,2,5:01,301,301,Foul on Xavier Bledson.,home,75,70,5,18,FALSE,TRUE,0.8866281859284482,0.8337927904841397,6,-6,5.5,155.5,Stephen Divine/Bret Smith/Edwin  Young,"Terre Haute, IN",Hulman Center,NA,8057,NA,NA,NA,NA,NA,NA,NA,NA,Indiana St,Cincinnati,FALSE
401641118,2024-03-26,Indiana St,Cincinnati,268,2,5:01,301,301,Xavier Bledson Turnover.,home,75,70,5,0,FALSE,FALSE,0.8866281859284482,0.8337927904841397,6,-6,5.5,155.5,Stephen Divine/Bret Smith/Edwin  Young,"Terre Haute, IN",Hulman Center,NA,8057,NA,NA,NA,NA,NA,NA,NA,NA,Cincinnati,Cincinnati,FALSE
401641118,2024-03-26,Indiana St,Cincinnati,269,2,4:45,285,285,Aziz Bandaogo made Dunk. Assisted by Jizzle James.,away,75,72,3,16,TRUE,FALSE,0.8036153099234191,0.7259655607613656,6,-6,5.5,155.5,Stephen Divine/Bret Smith/Edwin  Young,"Terre Haute, IN",Hulman Center,NA,8057,-39.75,2,Cincinnati,made,Aziz Bandaogo,Jizzle James,FALSE,FALSE,Cincinnati,Indiana St,FALSE
401641118,2024-03-26,Indiana St,Cincinnati,270,2,4:45,285,285,Foul on Xavier Bledson.,home,75,72,3,0,FALSE,TRUE,0.8036153099234191,0.7259655607613656,6,-6,5.5,155.5,Stephen Divine/Bret Smith/Edwin  Young,"Terre Haute, IN",Hulman Center,NA,8057,NA,NA,NA,NA,NA,NA,NA,NA,Cincinnati,Indiana St,FALSE
401641118,2024-03-26,Indiana St,Cincinnati,271,2,4:45,285,285,Aziz Bandaogo missed Free Throw.,away,75,72,3,0,FALSE,FALSE,0.8036153099234191,0.7259655607613656,6,-6,5.5,155.5,Stephen Divine/Bret Smith/Edwin  Young,"Terre Haute, IN",Hulman Center,NA,8057,28,0,Cincinnati,missed,Aziz Bandaogo,NA,FALSE,TRUE,Cincinnati,Indiana St,FALSE
401641118,2024-03-26,Indiana St,Cincinnati,272,2,4:45,285,285,Ryan Conwell Defensive Rebound.,home,75,72,3,0,FALSE,FALSE,0.8036153099234191,0.7259655607613656,6,-6,5.5,155.5,Stephen Divine/Bret Smith/Edwin  Young,"Terre Haute, IN",Hulman Center,NA,8057,NA,NA,NA,NA,NA,NA,NA,NA,Cincinnati,Indiana St,FALSE
401641118,2024-03-26,Indiana St,Cincinnati,273,2,4:29,269,269,Ryan Conwell missed Three Point Jumper.,home,75,72,3,16,FALSE,FALSE,0.8006446745538425,0.7240727146488166,6,-6,5.5,155.5,Stephen Divine/Bret Smith/Edwin  Young,"Terre Haute, IN",Hulman Center,NA,8057,24.75,21,Indiana St,missed,Ryan Conwell,NA,TRUE,FALSE,Indiana St,Cincinnati,FALSE
401641118,2024-03-26,Indiana St,Cincinnati,274,2,4:29,269,269,Jizzle James Defensive Rebound.,away,75,72,3,0,FALSE,FALSE,0.8006446745538425,0.7240727146488166,6,-6,5.5,155.5,Stephen Divine/Bret Smith/Edwin  Young,"Terre Haute, IN",Hulman Center,NA,8057,NA,NA,NA,NA,NA,NA,NA,NA,Indiana St,Cincinnati,FALSE
401641118,2024-03-26,Indiana St,Cincinnati,275,2,4:03,243,243,Dan Skillings Jr. Turnover.,away,75,72,3,26,FALSE,FALSE,0.7948098537522637,0.7199225997274914,6,-6,5.5,155.5,Stephen Divine/Bret Smith/Edwin  Young,"Terre Haute, IN",Hulman Center,NA,8057,NA,NA,NA,NA,NA,NA,NA,NA,Cincinnati,Indiana St,FALSE
401641118,2024-03-26,Indiana St,Cincinnati,276,2,4:03,243,243,Julian Larry Steal.,home,75,72,3,0,FALSE,FALSE,0.7948098537522637,0.7199225997274914,6,-6,5.5,155.5,Stephen Divine/Bret Smith/Edwin  Young,"Terre Haute, IN",Hulman Center,NA,8057,NA,NA,NA,NA,NA,NA,NA,NA,Cincinnati,Indiana St,FALSE
401641118,2024-03-26,Indiana St,Cincinnati,277,2,3:57,237,237,Ryan Conwell missed Layup.,home,75,72,3,6,FALSE,FALSE,0.793961667125599,0.7196273983064166,6,-6,5.5,155.5,Stephen Divine/Bret Smith/Edwin  Young,"Terre Haute, IN",Hulman Center,NA,8057,40.75,-4,Indiana St,missed,Ryan Conwell,NA,FALSE,FALSE,Indiana St,Indiana St,FALSE
401641118,2024-03-26,Indiana St,Cincinnati,278,2,3:57,237,237,Aziz Bandaogo Block.,away,75,72,3,0,FALSE,FALSE,0.793961667125599,0.7196273983064166,6,-6,5.5,155.5,Stephen Divine/Bret Smith/Edwin  Young,"Terre Haute, IN",Hulman Center,NA,8057,NA,NA,NA,NA,NA,NA,NA,NA,Indiana St,Indiana St,FALSE
401641118,2024-03-26,Indiana St,Cincinnati,279,2,3:57,237,237,Indiana State Offensive Rebound.,home,75,72,3,0,FALSE,FALSE,0.793961667125599,0.7196273983064166,6,-6,5.5,155.5,Stephen Divine/Bret Smith/Edwin  Young,"Terre Haute, IN",Hulman Center,NA,8057,NA,NA,NA,NA,NA,NA,NA,NA,Indiana St,Indiana St,FALSE
401641118,2024-03-26,Indiana St,Cincinnati,280,2,3:57,237,237, Official TV Timeout,NA,75,72,3,0,FALSE,FALSE,0.793961667125599,0.7196273983064166,6,-7,5.5,155.5,Stephen Divine/Bret Smith/Edwin  Young,"Terre Haute, IN",Hulman Center,NA,8057,NA,NA,NA,NA,NA,NA,NA,NA,Indiana St,Indiana St,FALSE
401641118,2024-03-26,Indiana St,Cincinnati,281,2,3:53,233,233,Foul on Jamille Reynolds.,away,75,72,3,4,FALSE,TRUE,0.7936089628532267,0.7197029538718698,6,-7,5.5,155.5,Stephen Divine/Bret Smith/Edwin  Young,"Terre Haute, IN",Hulman Center,NA,8057,NA,NA,NA,NA,NA,NA,NA,NA,Indiana St,Indiana St,FALSE
401641118,2024-03-26,Indiana St,Cincinnati,282,2,3:53,233,233,Robbie Avila made Free Throw.,home,76,72,4,0,TRUE,FALSE,0.8403920199739169,0.7785641037881587,6,-7,5.5,155.5,Stephen Divine/Bret Smith/Edwin  Young,"Terre Haute, IN",Hulman Center,NA,8057,-28,-0,Indiana St,made,Robbie Avila,NA,FALSE,TRUE,Indiana St,Indiana St,FALSE
401641118,2024-03-26,Indiana St,Cincinnati,283,2,3:53,233,233,Robbie Avila made Free Throw.,home,77,72,5,0,TRUE,FALSE,0.8781982173446535,0.8280183795278304,6,-7,5.5,155.5,Stephen Divine/Bret Smith/Edwin  Young,"Terre Haute, IN",Hulman Center,NA,8057,-28,-0,Indiana St,made,Robbie Avila,NA,FALSE,TRUE,Indiana St,Cincinnati,FALSE
401641118,2024-03-26,Indiana St,Cincinnati,284,2,3:35,215,215,Jizzle James made Jumper.,away,77,74,3,18,TRUE,FALSE,0.7949575960672098,0.7237483020911144,6,-7,5.5,155.5,Stephen Divine/Bret Smith/Edwin  Young,"Terre Haute, IN",Hulman Center,NA,8057,-29.75,4,Cincinnati,made,Jizzle James,NA,FALSE,FALSE,Cincinnati,Indiana St,FALSE
401641118,2024-03-26,Indiana St,Cincinnati,285,2,3:17,197,197,Robbie Avila missed Layup.,home,77,74,3,18,FALSE,FALSE,0.8028822226031779,0.7360184477060435,6,-7,5.5,155.5,Stephen Divine/Bret Smith/Edwin  Young,"Terre Haute, IN",Hulman Center,NA,8057,37.75,-0,Indiana St,missed,Robbie Avila,NA,FALSE,FALSE,Indiana St,Cincinnati,FALSE
401641118,2024-03-26,Indiana St,Cincinnati,286,2,3:17,197,197,Simas Lukosius Defensive Rebound.,away,77,74,3,0,FALSE,FALSE,0.8028822226031779,0.7360184477060435,6,-7,5.5,155.5,Stephen Divine/Bret Smith/Edwin  Young,"Terre Haute, IN",Hulman Center,NA,8057,NA,NA,NA,NA,NA,NA,NA,NA,Indiana St,Cincinnati,FALSE
401641118,2024-03-26,Indiana St,Cincinnati,287,2,2:57,177,177,Simas Lukosius made Three Point Jumper. Assisted by Dan Skillings Jr..,away,77,77,0,20,TRUE,FALSE,0.5898719379026768,0.5,6,-7,5.5,155.5,Stephen Divine/Bret Smith/Edwin  Young,"Terre Haute, IN",Hulman Center,NA,8057,-25.75,20,Cincinnati,made,Simas Lukosius,Dan Skillings Jr.,TRUE,FALSE,Cincinnati,Indiana St,FALSE
401641118,2024-03-26,Indiana St,Cincinnati,288,2,2:33,153,153,Ryan Conwell missed Three Point Jumper.,home,77,77,0,24,FALSE,FALSE,0.5851198231937521,0.5,6,-7,5.5,155.5,Stephen Divine/Bret Smith/Edwin  Young,"Terre Haute, IN",Hulman Center,NA,8057,17.75,-9,Indiana St,missed,Ryan Conwell,NA,TRUE,FALSE,Indiana St,Cincinnati,FALSE
401641118,2024-03-26,Indiana St,Cincinnati,289,2,2:33,153,153,Dan Skillings Jr. Defensive Rebound.,away,77,77,0,0,FALSE,FALSE,0.5851198231937521,0.5,6,-7,5.5,155.5,Stephen Divine/Bret Smith/Edwin  Young,"Terre Haute, IN",Hulman Center,NA,8057,NA,NA,NA,NA,NA,NA,NA,NA,Indiana St,Cincinnati,FALSE
401641118,2024-03-26,Indiana St,Cincinnati,290,2,2:12,132,132,Jizzle James missed Jumper.,away,77,77,0,21,FALSE,FALSE,0.5807294706960707,0.5,6,-7,5.5,155.5,Stephen Divine/Bret Smith/Edwin  Young,"Terre Haute, IN",Hulman Center,NA,8057,-25.75,-12,Cincinnati,missed,Jizzle James,NA,FALSE,FALSE,Cincinnati,Indiana St,FALSE
401641118,2024-03-26,Indiana St,Cincinnati,291,2,2:12,132,132,Ryan Conwell Defensive Rebound.,home,77,77,0,0,FALSE,FALSE,0.5807294706960707,0.5,6,-7,5.5,155.5,Stephen Divine/Bret Smith/Edwin  Young,"Terre Haute, IN",Hulman Center,NA,8057,NA,NA,NA,NA,NA,NA,NA,NA,Cincinnati,Indiana St,FALSE
401641118,2024-03-26,Indiana St,Cincinnati,292,2,2:03,123,123,Robbie Avila missed Three Point Jumper.,home,77,77,0,9,FALSE,FALSE,0.5787710752027577,0.5,6,-7,5.5,155.5,Stephen Divine/Bret Smith/Edwin  Young,"Terre Haute, IN",Hulman Center,NA,8057,15.75,-1,Indiana St,missed,Robbie Avila,NA,TRUE,FALSE,Indiana St,Cincinnati,FALSE
401641118,2024-03-26,Indiana St,Cincinnati,293,2,2:03,123,123,Jizzle James Defensive Rebound.,away,77,77,0,0,FALSE,FALSE,0.5787710752027577,0.5,6,-7,5.5,155.5,Stephen Divine/Bret Smith/Edwin  Young,"Terre Haute, IN",Hulman Center,NA,8057,NA,NA,NA,NA,NA,NA,NA,NA,Indiana St,Cincinnati,FALSE
401641118,2024-03-26,Indiana St,Cincinnati,294,2,1:50,110,110,Cincinnati  Timeout,away,77,77,0,13,FALSE,FALSE,0.575852030882945,0.5,6,-8,5.5,155.5,Stephen Divine/Bret Smith/Edwin  Young,"Terre Haute, IN",Hulman Center,NA,8057,NA,NA,NA,NA,NA,NA,NA,NA,Cincinnati,Cincinnati,FALSE
401641118,2024-03-26,Indiana St,Cincinnati,295,2,1:44,104,104,Jizzle James Turnover.,away,77,77,0,6,FALSE,FALSE,0.5744664890378841,0.5,6,-8,5.5,155.5,Stephen Divine/Bret Smith/Edwin  Young,"Terre Haute, IN",Hulman Center,NA,8057,NA,NA,NA,NA,NA,NA,NA,NA,Cincinnati,Indiana St,FALSE
401641118,2024-03-26,Indiana St,Cincinnati,296,2,1:21,81,81,Isaiah Swope missed Layup.,home,77,77,0,23,FALSE,FALSE,0.5689455219292502,0.5,6,-8,5.5,155.5,Stephen Divine/Bret Smith/Edwin  Young,"Terre Haute, IN",Hulman Center,NA,8057,39.75,3,Indiana St,missed,Isaiah Swope,NA,FALSE,FALSE,Indiana St,Indiana St,FALSE
401641118,2024-03-26,Indiana St,Cincinnati,297,2,1:21,81,81,Julian Larry Offensive Rebound.,home,77,77,0,0,FALSE,FALSE,0.5689455219292502,0.5,6,-8,5.5,155.5,Stephen Divine/Bret Smith/Edwin  Young,"Terre Haute, IN",Hulman Center,NA,8057,NA,NA,NA,NA,NA,NA,NA,NA,Indiana St,Indiana St,FALSE
401641118,2024-03-26,Indiana St,Cincinnati,298,2,1:17,77,77,Julian Larry missed Three Point Jumper.,home,77,77,0,4,FALSE,FALSE,0.5679558590488504,0.5,6,-8,5.5,155.5,Stephen Divine/Bret Smith/Edwin  Young,"Terre Haute, IN",Hulman Center,NA,8057,24.75,-19,Indiana St,missed,Julian Larry,NA,TRUE,FALSE,Indiana St,Indiana St,FALSE
401641118,2024-03-26,Indiana St,Cincinnati,299,2,1:17,77,77,Ryan Conwell Offensive Rebound.,home,77,77,0,0,FALSE,FALSE,0.5679558590488504,0.5,6,-8,5.5,155.5,Stephen Divine/Bret Smith/Edwin  Young,"Terre Haute, IN",Hulman Center,NA,8057,NA,NA,NA,NA,NA,NA,NA,NA,Indiana St,Indiana St,FALSE
401641118,2024-03-26,Indiana St,Cincinnati,300,2,1:02,62,62,Robbie Avila made Three Point Jumper. Assisted by Ryan Conwell.,home,80,77,3,15,TRUE,FALSE,0.9319084585064701,0.9135973333741522,6,-8,5.5,155.5,Stephen Divine/Bret Smith/Edwin  Young,"Terre Haute, IN",Hulman Center,NA,8057,15.75,-2,Indiana St,made,Robbie Avila,Ryan Conwell,TRUE,FALSE,Indiana St,Cincinnati,FALSE
401641118,2024-03-26,Indiana St,Cincinnati,301,2,0:43,43,43,Dan Skillings Jr. missed Layup.,away,80,77,3,19,FALSE,FALSE,0.9485146874400361,0.9355942934384233,6,-8,5.5,155.5,Stephen Divine/Bret Smith/Edwin  Young,"Terre Haute, IN",Hulman Center,NA,8057,-39.75,3,Cincinnati,missed,Dan Skillings Jr.,NA,FALSE,FALSE,Cincinnati,Cincinnati,FALSE
401641118,2024-03-26,Indiana St,Cincinnati,302,2,0:43,43,43,Dan Skillings Jr. Offensive Rebound.,away,80,77,3,0,FALSE,FALSE,0.9485146874400361,0.9355942934384233,6,-8,5.5,155.5,Stephen Divine/Bret Smith/Edwin  Young,"Terre Haute, IN",Hulman Center,NA,8057,NA,NA,NA,NA,NA,NA,NA,NA,Cincinnati,Cincinnati,FALSE
401641118,2024-03-26,Indiana St,Cincinnati,303,2,0:37,37,37,Foul on Ryan Conwell.,home,80,77,3,6,FALSE,TRUE,0.9532443069581554,0.9418022278349465,6,-8,5.5,155.5,Stephen Divine/Bret Smith/Edwin  Young,"Terre Haute, IN",Hulman Center,NA,8057,NA,NA,NA,NA,NA,NA,NA,NA,Cincinnati,Indiana St,FALSE
401641118,2024-03-26,Indiana St,Cincinnati,304,2,0:37,37,37,Aziz Bandaogo missed Free Throw.,away,80,77,3,0,FALSE,FALSE,0.9532443069581554,0.9418022278349465,6,-8,5.5,155.5,Stephen Divine/Bret Smith/Edwin  Young,"Terre Haute, IN",Hulman Center,NA,8057,28,0,Cincinnati,missed,Aziz Bandaogo,NA,FALSE,TRUE,Cincinnati,Indiana St,FALSE
401641118,2024-03-26,Indiana St,Cincinnati,305,2,0:37,37,37,Ryan Conwell Defensive Rebound.,home,80,77,3,0,FALSE,FALSE,0.9532443069581554,0.9418022278349465,6,-8,5.5,155.5,Stephen Divine/Bret Smith/Edwin  Young,"Terre Haute, IN",Hulman Center,NA,8057,NA,NA,NA,NA,NA,NA,NA,NA,Cincinnati,Indiana St,FALSE
401641118,2024-03-26,Indiana St,Cincinnati,306,2,0:27,27,27,Indiana State  Timeout,home,80,77,3,10,FALSE,FALSE,0.9604857097644766,0.9512483242711522,6,-9,5.5,155.5,Stephen Divine/Bret Smith/Edwin  Young,"Terre Haute, IN",Hulman Center,NA,8057,NA,NA,NA,NA,NA,NA,NA,NA,Indiana St,Indiana St,FALSE
401641118,2024-03-26,Indiana St,Cincinnati,307,2,0:26,26,26,Foul on Jizzle James.,away,80,77,3,1,FALSE,TRUE,0.9611627713153656,0.9521275880889846,6,-9,5.5,155.5,Stephen Divine/Bret Smith/Edwin  Young,"Terre Haute, IN",Hulman Center,NA,8057,NA,NA,NA,NA,NA,NA,NA,NA,Indiana St,Cincinnati,FALSE
401641118,2024-03-26,Indiana St,Cincinnati,308,2,0:26,26,26,Julian Larry missed Free Throw.,home,80,77,3,0,FALSE,FALSE,0.9611627713153656,0.9521275880889846,6,-9,5.5,155.5,Stephen Divine/Bret Smith/Edwin  Young,"Terre Haute, IN",Hulman Center,NA,8057,-28,-0,Indiana St,missed,Julian Larry,NA,FALSE,TRUE,Indiana St,Cincinnati,FALSE
401641118,2024-03-26,Indiana St,Cincinnati,309,2,0:26,26,26,John Newman III Defensive Rebound.,away,80,77,3,0,FALSE,FALSE,0.9611627713153656,0.9521275880889846,6,-9,5.5,155.5,Stephen Divine/Bret Smith/Edwin  Young,"Terre Haute, IN",Hulman Center,NA,8057,NA,NA,NA,NA,NA,NA,NA,NA,Indiana St,Cincinnati,FALSE
401641118,2024-03-26,Indiana St,Cincinnati,310,2,0:18,18,18,Jizzle James missed Layup.,away,80,77,3,8,FALSE,FALSE,0.9663029658363308,0.9587762315563106,6,-9,5.5,155.5,Stephen Divine/Bret Smith/Edwin  Young,"Terre Haute, IN",Hulman Center,NA,8057,-39.75,-4,Cincinnati,missed,Jizzle James,NA,FALSE,FALSE,Cincinnati,Indiana St,FALSE
401641118,2024-03-26,Indiana St,Cincinnati,311,2,0:18,18,18,Jayson Kent Defensive Rebound.,home,80,77,3,0,FALSE,FALSE,0.9663029658363308,0.9587762315563106,6,-9,5.5,155.5,Stephen Divine/Bret Smith/Edwin  Young,"Terre Haute, IN",Hulman Center,NA,8057,NA,NA,NA,NA,NA,NA,NA,NA,Cincinnati,Indiana St,FALSE
401641118,2024-03-26,Indiana St,Cincinnati,312,2,0:13,13,13,Foul on Jizzle James.,away,80,77,3,5,FALSE,TRUE,0.969308290282053,0.9626374017851669,6,-9,5.5,155.5,Stephen Divine/Bret Smith/Edwin  Young,"Terre Haute, IN",Hulman Center,NA,8057,NA,NA,NA,NA,NA,NA,NA,NA,Indiana St,Indiana St,FALSE
401641118,2024-03-26,Indiana St,Cincinnati,313,2,0:13,13,13,Jayson Kent made Free Throw.,home,81,77,4,0,TRUE,FALSE,0.9893931562928783,0.987029327085974,6,-9,5.5,155.5,Stephen Divine/Bret Smith/Edwin  Young,"Terre Haute, IN",Hulman Center,NA,8057,-28,-0,Indiana St,made,Jayson Kent,NA,FALSE,TRUE,Indiana St,Indiana St,FALSE
401641118,2024-03-26,Indiana St,Cincinnati,314,2,0:13,13,13,Jayson Kent made Free Throw.,home,82,77,5,0,TRUE,FALSE,0.9963833885017221,0.9955704200149512,6,-9,5.5,155.5,Stephen Divine/Bret Smith/Edwin  Young,"Terre Haute, IN",Hulman Center,NA,8057,-28,-0,Indiana St,made,Jayson Kent,NA,FALSE,TRUE,Indiana St,Cincinnati,FALSE
401641118,2024-03-26,Indiana St,Cincinnati,315,2,0:11,11,11,Cincinnati  Timeout,away,82,77,5,2,FALSE,FALSE,0.996618230935934,0.9958675458278029,6,-10,5.5,155.5,Stephen Divine/Bret Smith/Edwin  Young,"Terre Haute, IN",Hulman Center,NA,8057,NA,NA,NA,NA,NA,NA,NA,NA,Cincinnati,Cincinnati,FALSE
401641118,2024-03-26,Indiana St,Cincinnati,316,2,0:08,8,8,Simas Lukosius made Three Point Jumper. Assisted by Dan Skillings Jr..,away,82,80,2,3,TRUE,FALSE,0.9193812014711856,0.9034622098895942,6,-10,5.5,155.5,Stephen Divine/Bret Smith/Edwin  Young,"Terre Haute, IN",Hulman Center,NA,8057,-26.75,-21,Cincinnati,made,Simas Lukosius,Dan Skillings Jr.,TRUE,FALSE,Cincinnati,Indiana St,FALSE
401641118,2024-03-26,Indiana St,Cincinnati,317,2,0:06,6,6,Foul on John Newman III.,away,82,80,2,2,FALSE,TRUE,0.9213037503445652,0.9059288265680566,6,-10,5.5,155.5,Stephen Divine/Bret Smith/Edwin  Young,"Terre Haute, IN",Hulman Center,NA,8057,NA,NA,NA,NA,NA,NA,NA,NA,Indiana St,Cincinnati,FALSE
401641118,2024-03-26,Indiana St,Cincinnati,318,2,0:06,6,6,Isaiah Swope made Free Throw.,home,83,80,3,0,TRUE,FALSE,0.9732120238163613,0.9676220404903905,6,-10,5.5,155.5,Stephen Divine/Bret Smith/Edwin  Young,"Terre Haute, IN",Hulman Center,NA,8057,-28,-0,Indiana St,made,Isaiah Swope,NA,FALSE,TRUE,Indiana St,Indiana St,FALSE
401641118,2024-03-26,Indiana St,Cincinnati,319,2,0:06,6,6,Indiana State  Timeout,home,83,80,3,0,FALSE,FALSE,0.9732120238163613,0.9676220404903905,6,-11,5.5,155.5,Stephen Divine/Bret Smith/Edwin  Young,"Terre Haute, IN",Hulman Center,NA,8057,NA,NA,NA,NA,NA,NA,NA,NA,Indiana St,Cincinnati,FALSE
401641118,2024-03-26,Indiana St,Cincinnati,320,2,0:06,6,6,Isaiah Swope missed Free Throw.,home,83,80,3,0,FALSE,FALSE,0.9732120238163613,0.9676220404903905,6,-11,5.5,155.5,Stephen Divine/Bret Smith/Edwin  Young,"Terre Haute, IN",Hulman Center,NA,8057,-28,-0,Indiana St,missed,Isaiah Swope,NA,FALSE,TRUE,Indiana St,Cincinnati,FALSE
401641118,2024-03-26,Indiana St,Cincinnati,321,2,0:06,6,6,John Newman III Defensive Rebound.,away,83,80,3,0,FALSE,FALSE,0.9732120238163613,0.9676220404903905,6,-11,5.5,155.5,Stephen Divine/Bret Smith/Edwin  Young,"Terre Haute, IN",Hulman Center,NA,8057,NA,NA,NA,NA,NA,NA,NA,NA,Indiana St,Cincinnati,FALSE
401641118,2024-03-26,Indiana St,Cincinnati,322,2,0:03,3,3,Foul on Isaiah Swope.,home,83,80,3,3,FALSE,TRUE,0.9747684206482837,0.9695991517630681,6,-11,5.5,155.5,Stephen Divine/Bret Smith/Edwin  Young,"Terre Haute, IN",Hulman Center,NA,8057,NA,NA,NA,NA,NA,NA,NA,NA,Cincinnati,Indiana St,FALSE
401641118,2024-03-26,Indiana St,Cincinnati,323,2,0:03,3,3,Simas Lukosius made Free Throw.,away,83,81,2,0,TRUE,FALSE,0.9241394474012482,0.9095600412345216,6,-11,5.5,155.5,Stephen Divine/Bret Smith/Edwin  Young,"Terre Haute, IN",Hulman Center,NA,8057,28,0,Cincinnati,made,Simas Lukosius,NA,FALSE,TRUE,Cincinnati,Cincinnati,FALSE
401641118,2024-03-26,Indiana St,Cincinnati,324,2,0:03,3,3,Simas Lukosius missed Free Throw.,away,83,81,2,0,FALSE,FALSE,0.9241394474012482,0.9095600412345216,6,-11,5.5,155.5,Stephen Divine/Bret Smith/Edwin  Young,"Terre Haute, IN",Hulman Center,NA,8057,28,0,Cincinnati,missed,Simas Lukosius,NA,FALSE,TRUE,Cincinnati,Indiana St,FALSE
401641118,2024-03-26,Indiana St,Cincinnati,325,2,0:03,3,3,Xavier Bledson Defensive Rebound.,home,83,81,2,0,FALSE,FALSE,0.9241394474012482,0.9095600412345216,6,-11,5.5,155.5,Stephen Divine/Bret Smith/Edwin  Young,"Terre Haute, IN",Hulman Center,NA,8057,NA,NA,NA,NA,NA,NA,NA,NA,Cincinnati,Indiana St,FALSE
401641118,2024-03-26,Indiana St,Cincinnati,326,2,0:02,2,2,Foul on Simas Lukosius.,away,83,81,2,1,FALSE,TRUE,0.925070863147876,0.9107509409276521,6,-11,5.5,155.5,Stephen Divine/Bret Smith/Edwin  Young,"Terre Haute, IN",Hulman Center,NA,8057,NA,NA,NA,NA,NA,NA,NA,NA,Indiana St,Indiana St,FALSE
401641118,2024-03-26,Indiana St,Cincinnati,327,2,0:02,2,2,Xavier Bledson made Free Throw.,home,84,81,3,0,TRUE,FALSE,0.9752711947932974,0.9702365242832658,6,-11,5.5,155.5,Stephen Divine/Bret Smith/Edwin  Young,"Terre Haute, IN",Hulman Center,NA,8057,-28,-0,Indiana St,made,Xavier Bledson,NA,FALSE,TRUE,Indiana St,Indiana St,FALSE
401641118,2024-03-26,Indiana St,Cincinnati,328,2,0:02,2,2,Xavier Bledson made Free Throw.,home,85,81,4,0,TRUE,FALSE,0.9921250795888544,0.990488316468114,6,-11,5.5,155.5,Stephen Divine/Bret Smith/Edwin  Young,"Terre Haute, IN",Hulman Center,NA,8057,-28,-0,Indiana St,made,Xavier Bledson,NA,FALSE,TRUE,Indiana St,Cincinnati,FALSE
401641118,2024-03-26,Indiana St,Cincinnati,329,2,0:01,1,1,Dan Skillings Jr. Turnover.,away,85,81,4,1,FALSE,FALSE,0.9923410178477852,0.9907597515972705,6,-11,5.5,155.5,Stephen Divine/Bret Smith/Edwin  Young,"Terre Haute, IN",Hulman Center,NA,8057,NA,NA,NA,NA,NA,NA,NA,NA,Cincinnati,Indiana St,FALSE
401641118,2024-03-26,Indiana St,Cincinnati,330,2,0:00,0,0,End of Game,NA,85,81,4,1,FALSE,FALSE,1,1,6,-11,5.5,155.5,Stephen Divine/Bret Smith/Edwin  Young,"Terre Haute, IN",Hulman Center,NA,8057,NA,NA,NA,NA,NA,NA,NA,NA,Indiana St,NA,FALSE
