play_id,half,time_remaining_half,secs_remaining,secs_remaining_absolute,description,home_score,away_score,score_diff,play_length,win_prob,naive_win_prob,home,away,home_time_out_remaining,away_time_out_remaining,home_favored_by,game_id,date
1,1,20:00,2400,2400,PLAY,0,0,0,16,0.5,0.5,Eastern Kentucky,Valparaiso,4,4,NA,400596335,2014-12-03
2,1,19:44,2384,2384,Eric Stutz missed Three Point Jumper.,0,0,0,0,0.5,0.5,Eastern Kentucky,Valparaiso,4,4,NA,400596335,2014-12-03
3,1,19:44,2384,2384,Valparaiso Defensive Rebound.,0,0,0,20,0.5,0.5,Eastern Kentucky,Valparaiso,4,4,NA,400596335,2014-12-03
4,1,19:24,2364,2364,Foul on Timmy Knipp.,0,0,0,0,0.5,0.5,Eastern Kentucky,Valparaiso,4,4,NA,400596335,2014-12-03
5,1,19:24,2364,2364,Tevonn Walker missed Free Throw.,0,0,0,0,0.5,0.5,Eastern Kentucky,Valparaiso,4,4,NA,400596335,2014-12-03
6,1,19:24,2364,2364,Valparaiso Deadball Team Rebound.,0,0,0,0,0.5,0.5,Eastern Kentucky,Valparaiso,4,4,NA,400596335,2014-12-03
7,1,19:24,2364,2364,Tevonn Walker made Free Throw.,0,1,-1,16,0.47756030417581724,0.47756030417581724,Eastern Kentucky,Valparaiso,4,4,NA,400596335,2014-12-03
8,1,19:08,2348,2348,Foul on Vashil Fernandez.,0,1,-1,0,0.47738681414575845,0.47738681414575845,Eastern Kentucky,Valparaiso,4,4,NA,400596335,2014-12-03
9,1,19:08,2348,2348,Eric Stutz made Free Throw.,1,1,0,0,0.5,0.5,Eastern Kentucky,Valparaiso,4,4,NA,400596335,2014-12-03
10,1,19:08,2348,2348,Eric Stutz made Free Throw.,2,1,1,20,0.5226131858542415,0.5226131858542415,Eastern Kentucky,Valparaiso,4,4,NA,400596335,2014-12-03
11,1,18:48,2328,2328,Darien Walker missed Jumper.,2,1,1,0,0.522832370508976,0.522832370508976,Eastern Kentucky,Valparaiso,4,4,NA,400596335,2014-12-03
12,1,18:48,2328,2328,Darien Walker Offensive Rebound.,2,1,1,10,0.522832370508976,0.522832370508976,Eastern Kentucky,Valparaiso,4,4,NA,400596335,2014-12-03
13,1,18:38,2318,2318,Alec Peters made Three Point Jumper. Assisted by Keith Carter.,2,4,-2,40,0.4542106699426587,0.4542106699426587,Eastern Kentucky,Valparaiso,4,4,NA,400596335,2014-12-03
14,1,17:58,2278,2278,Corey Walden missed Three Point Jumper.,2,4,-2,0,0.45332155583379324,0.45332155583379324,Eastern Kentucky,Valparaiso,4,4,NA,400596335,2014-12-03
15,1,17:58,2278,2278,Keith Carter Defensive Rebound.,2,4,-2,14,0.45332155583379324,0.45332155583379324,Eastern Kentucky,Valparaiso,4,4,NA,400596335,2014-12-03
16,1,17:44,2264,2264,Tevonn Walker made Three Point Jumper. Assisted by Keith Carter.,2,7,-5,22,0.384303043017534,0.384303043017534,Eastern Kentucky,Valparaiso,4,4,NA,400596335,2014-12-03
17,1,17:22,2242,2242,Isaac McGlone missed Three Point Jumper.,2,7,-5,0,0.38311496194276384,0.38311496194276384,Eastern Kentucky,Valparaiso,4,4,NA,400596335,2014-12-03
18,1,17:22,2242,2242,Eric Stutz Offensive Rebound.,2,7,-5,5,0.38311496194276384,0.38311496194276384,Eastern Kentucky,Valparaiso,4,4,NA,400596335,2014-12-03
19,1,17:17,2237,2237,Isaac McGlone missed Three Point Jumper.,2,7,-5,0,0.38284390138531993,0.38284390138531993,Eastern Kentucky,Valparaiso,4,4,NA,400596335,2014-12-03
20,1,17:17,2237,2237,Alec Peters Defensive Rebound.,2,7,-5,26,0.38284390138531993,0.38284390138531993,Eastern Kentucky,Valparaiso,4,4,NA,400596335,2014-12-03
21,1,16:51,2211,2211,Alec Peters missed Layup.,2,7,-5,0,0.38142907970479645,0.38142907970479645,Eastern Kentucky,Valparaiso,4,4,NA,400596335,2014-12-03
22,1,16:51,2211,2211,Isaac McGlone Defensive Rebound.,2,7,-5,2,0.38142907970479645,0.38142907970479645,Eastern Kentucky,Valparaiso,4,4,NA,400596335,2014-12-03
23,1,16:49,2209,2209,Eastern Kentucky  Timeout,2,7,-5,22,0.3813199180448499,0.3813199180448499,Eastern Kentucky,Valparaiso,3,4,NA,400596335,2014-12-03
24,1,16:27,2187,2187,Timmy Knipp missed Three Point Jumper.,2,7,-5,0,0.3801165982682503,0.3801165982682503,Eastern Kentucky,Valparaiso,3,4,NA,400596335,2014-12-03
25,1,16:27,2187,2187,Darien Walker Defensive Rebound.,2,7,-5,18,0.3801165982682503,0.3801165982682503,Eastern Kentucky,Valparaiso,3,4,NA,400596335,2014-12-03
26,1,16:09,2169,2169,Foul on Keith Carter.,2,7,-5,0,0.3791292358749037,0.3791292358749037,Eastern Kentucky,Valparaiso,3,4,NA,400596335,2014-12-03
27,1,16:09,2169,2169,Keith Carter Turnover.,2,7,-5,13,0.3791292358749037,0.3791292358749037,Eastern Kentucky,Valparaiso,3,4,NA,400596335,2014-12-03
28,1,15:56,2156,2156,Timmy Knipp missed Jumper.,2,7,-5,0,0.3784140421149803,0.3784140421149803,Eastern Kentucky,Valparaiso,3,4,NA,400596335,2014-12-03
29,1,15:56,2156,2156,Vashil Fernandez Block.,2,7,-5,2,0.3784140421149803,0.3784140421149803,Eastern Kentucky,Valparaiso,3,4,NA,400596335,2014-12-03
30,1,15:54,2154,2154,Keith Carter Defensive Rebound.,2,7,-5,4,0.3783037822190347,0.3783037822190347,Eastern Kentucky,Valparaiso,3,4,NA,400596335,2014-12-03
31,1,15:50,2150,2150,Vashil Fernandez made Dunk. Assisted by Keith Carter.,2,9,-7,18,0.3325288331431982,0.3325288331431982,Eastern Kentucky,Valparaiso,3,4,NA,400596335,2014-12-03
32,1,15:32,2132,2132,Jaylen Babb-Harrison made Three Point Jumper. Assisted by Denzel Richardson.,5,9,-4,13,0.4009409488374971,0.4009409488374971,Eastern Kentucky,Valparaiso,3,4,NA,400596335,2014-12-03
33,1,15:19,2119,2119,Foul on Corey Walden.,5,9,-4,0,0.4003493123326076,0.4003493123326076,Eastern Kentucky,Valparaiso,3,4,NA,400596335,2014-12-03
34,1,15:19,2119,2119,Official TV Timeout,5,9,-4,5,0.4003493123326076,0.4003493123326076,Eastern Kentucky,Valparaiso,3,4,NA,400596335,2014-12-03
35,1,15:14,2114,2114,Alec Peters made Three Point Jumper. Assisted by Darien Walker.,5,12,-7,12,0.3298902780208625,0.3298902780208625,Eastern Kentucky,Valparaiso,3,4,NA,400596335,2014-12-03
36,1,15:02,2102,2102,Ja'Mill Powell missed Layup.,5,12,-7,0,0.32900498865406885,0.32900498865406885,Eastern Kentucky,Valparaiso,3,4,NA,400596335,2014-12-03
37,1,15:02,2102,2102,Vashil Fernandez Block.,5,12,-7,1,0.32900498865406885,0.32900498865406885,Eastern Kentucky,Valparaiso,3,4,NA,400596335,2014-12-03
38,1,15:01,2101,2101,Ja'Mill Powell Offensive Rebound.,5,12,-7,4,0.32893107434657204,0.32893107434657204,Eastern Kentucky,Valparaiso,3,4,NA,400596335,2014-12-03
39,1,14:57,2097,2097,Foul on Vashil Fernandez.,5,12,-7,0,0.3286351961684473,0.3286351961684473,Eastern Kentucky,Valparaiso,3,4,NA,400596335,2014-12-03
40,1,14:57,2097,2097,Ja'Mill Powell missed Free Throw.,5,12,-7,0,0.3286351961684473,0.3286351961684473,Eastern Kentucky,Valparaiso,3,4,NA,400596335,2014-12-03
41,1,14:57,2097,2097,Eastern Kentucky Deadball Team Rebound.,5,12,-7,0,0.3286351961684473,0.3286351961684473,Eastern Kentucky,Valparaiso,3,4,NA,400596335,2014-12-03
42,1,14:57,2097,2097,Ja'Mill Powell made Free Throw.,6,12,-6,13,0.35153191129055733,0.35153191129055733,Eastern Kentucky,Valparaiso,3,4,NA,400596335,2014-12-03
43,1,14:44,2084,2084,Tevonn Walker made Three Point Jumper. Assisted by Alec Peters.,6,15,-9,23,0.2841250853440795,0.2841250853440795,Eastern Kentucky,Valparaiso,3,4,NA,400596335,2014-12-03
44,1,14:21,2061,2061,Deverin Muff missed Layup.,6,15,-9,0,0.28209023195467864,0.28209023195467864,Eastern Kentucky,Valparaiso,3,4,NA,400596335,2014-12-03
45,1,14:21,2061,2061,Jubril Adekoya Block.,6,15,-9,1,0.28209023195467864,0.28209023195467864,Eastern Kentucky,Valparaiso,3,4,NA,400596335,2014-12-03
46,1,14:20,2060,2060,Eastern Kentucky Offensive Rebound.,6,15,-9,14,0.2820014807640057,0.2820014807640057,Eastern Kentucky,Valparaiso,3,4,NA,400596335,2014-12-03
47,1,14:06,2046,2046,Jonathan Hood made Three Point Jumper. Assisted by Jaylen Babb-Harrison.,9,15,-6,24,0.34815889823801593,0.34815889823801593,Eastern Kentucky,Valparaiso,3,4,NA,400596335,2014-12-03
48,1,13:42,2022,2022,Jubril Adekoya made Layup. Assisted by Tevonn Walker.,9,17,-8,21,0.30034434917023084,0.30034434917023084,Eastern Kentucky,Valparaiso,3,4,NA,400596335,2014-12-03
49,1,13:21,2001,2001,Foul on Jubril Adekoya.,9,17,-8,7,0.2985862241862609,0.2985862241862609,Eastern Kentucky,Valparaiso,3,4,NA,400596335,2014-12-03
50,1,13:14,1994,1994,Denzel Richardson missed Three Point Jumper.,9,17,-8,0,0.29799719110593087,0.29799719110593087,Eastern Kentucky,Valparaiso,3,4,NA,400596335,2014-12-03
51,1,13:14,1994,1994,Corey Walden Offensive Rebound.,9,17,-8,13,0.29799719110593087,0.29799719110593087,Eastern Kentucky,Valparaiso,3,4,NA,400596335,2014-12-03
52,1,13:01,1981,1981,Corey Walden missed Jumper.,9,17,-8,0,0.2968991450061194,0.2968991450061194,Eastern Kentucky,Valparaiso,3,4,NA,400596335,2014-12-03
53,1,13:01,1981,1981,Eric Stutz Offensive Rebound.,9,17,-8,3,0.2968991450061194,0.2968991450061194,Eastern Kentucky,Valparaiso,3,4,NA,400596335,2014-12-03
54,1,12:58,1978,1978,Eric Stutz made Dunk.,11,17,-6,13,0.3435544115313165,0.3435544115313165,Eastern Kentucky,Valparaiso,3,4,NA,400596335,2014-12-03
55,1,12:45,1965,1965,David Skara missed Three Point Jumper.,11,17,-6,0,0.34265830992095797,0.34265830992095797,Eastern Kentucky,Valparaiso,3,4,NA,400596335,2014-12-03
56,1,12:45,1965,1965,Tevonn Walker Offensive Rebound.,11,17,-6,4,0.34265830992095797,0.34265830992095797,Eastern Kentucky,Valparaiso,3,4,NA,400596335,2014-12-03
57,1,12:41,1961,1961,Tevonn Walker missed Two Point Tip Shot.,11,17,-6,0,0.3423814868189903,0.3423814868189903,Eastern Kentucky,Valparaiso,3,4,NA,400596335,2014-12-03
58,1,12:41,1961,1961,Jonathan Hood Defensive Rebound.,11,17,-6,20,0.3423814868189903,0.3423814868189903,Eastern Kentucky,Valparaiso,3,4,NA,400596335,2014-12-03
59,1,12:21,1941,1941,Jaylen Babb-Harrison missed Three Point Jumper.,11,17,-6,0,0.3409893766374379,0.3409893766374379,Eastern Kentucky,Valparaiso,3,4,NA,400596335,2014-12-03
60,1,12:21,1941,1941,Valparaiso Defensive Rebound.,11,17,-6,5,0.3409893766374379,0.3409893766374379,Eastern Kentucky,Valparaiso,3,4,NA,400596335,2014-12-03
61,1,12:16,1936,1936,David Skara Turnover.,11,17,-6,7,0.3406392198457359,0.3406392198457359,Eastern Kentucky,Valparaiso,3,4,NA,400596335,2014-12-03
62,1,12:09,1929,1929,Foul on Daniel Norl.,11,17,-6,0,0.34014756278932234,0.34014756278932234,Eastern Kentucky,Valparaiso,3,4,NA,400596335,2014-12-03
63,1,12:09,1929,1929,Daniel Norl Turnover.,11,17,-6,4,0.34014756278932234,0.34014756278932234,Eastern Kentucky,Valparaiso,3,4,NA,400596335,2014-12-03
64,1,12:05,1925,1925,Alec Peters made Three Point Jumper. Assisted by Darien Walker.,11,20,-9,20,0.2697613272724628,0.2697613272724628,Eastern Kentucky,Valparaiso,3,4,NA,400596335,2014-12-03
65,1,11:45,1905,1905,Jonathan Hood missed Three Point Jumper.,11,20,-9,0,0.2679178968940426,0.2679178968940426,Eastern Kentucky,Valparaiso,3,4,NA,400596335,2014-12-03
66,1,11:45,1905,1905,David Skara Defensive Rebound.,11,20,-9,15,0.2679178968940426,0.2679178968940426,Eastern Kentucky,Valparaiso,3,4,NA,400596335,2014-12-03
67,1,11:30,1890,1890,Darien Walker made Three Point Jumper. Assisted by E. Victor Nickerson.,11,23,-12,17,0.20592744398453233,0.20592744398453233,Eastern Kentucky,Valparaiso,3,4,NA,400596335,2014-12-03
68,1,11:13,1873,1873,Jonathan Hood made Three Point Jumper. Assisted by Isaac McGlone.,14,23,-9,11,0.2649871759384046,0.2649871759384046,Eastern Kentucky,Valparaiso,3,4,NA,400596335,2014-12-03
69,1,11:02,1862,1862,Darien Walker missed Three Point Jumper.,14,23,-9,0,0.26398237772340144,0.26398237772340144,Eastern Kentucky,Valparaiso,3,4,NA,400596335,2014-12-03
70,1,11:02,1862,1862,Denzel Richardson Defensive Rebound.,14,23,-9,4,0.26398237772340144,0.26398237772340144,Eastern Kentucky,Valparaiso,3,4,NA,400596335,2014-12-03
71,1,10:58,1858,1858,Foul on Alec Peters.,14,23,-9,0,0.26361707953109886,0.26361707953109886,Eastern Kentucky,Valparaiso,3,4,NA,400596335,2014-12-03
72,1,10:58,1858,1858,Official TV Timeout,14,23,-9,14,0.26361707953109886,0.26361707953109886,Eastern Kentucky,Valparaiso,3,4,NA,400596335,2014-12-03
73,1,10:44,1844,1844,Timmy Knipp made Three Point Jumper. Assisted by Jonathan Hood.,17,23,-6,20,0.3342035356553415,0.3342035356553415,Eastern Kentucky,Valparaiso,3,4,NA,400596335,2014-12-03
74,1,10:24,1824,1824,Darien Walker missed Three Point Jumper.,17,23,-6,0,0.33279908446337875,0.33279908446337875,Eastern Kentucky,Valparaiso,3,4,NA,400596335,2014-12-03
75,1,10:24,1824,1824,Jonathan Hood Defensive Rebound.,17,23,-6,31,0.33279908446337875,0.33279908446337875,Eastern Kentucky,Valparaiso,3,4,NA,400596335,2014-12-03
76,1,9:53,1793,1793,Denzel Richardson missed Layup.,17,23,-6,0,0.33060317264076794,0.33060317264076794,Eastern Kentucky,Valparaiso,3,4,NA,400596335,2014-12-03
77,1,9:53,1793,1793,Alec Peters Defensive Rebound.,17,23,-6,23,0.33060317264076794,0.33060317264076794,Eastern Kentucky,Valparaiso,3,4,NA,400596335,2014-12-03
78,1,9:30,1770,1770,Foul on Corey Walden.,17,23,-6,6,0.328952881317894,0.328952881317894,Eastern Kentucky,Valparaiso,3,4,NA,400596335,2014-12-03
79,1,9:24,1764,1764,Alec Peters missed Jumper.,17,23,-6,0,0.32851872957640205,0.32851872957640205,Eastern Kentucky,Valparaiso,3,4,NA,400596335,2014-12-03
80,1,9:24,1764,1764,Timmy Knipp Defensive Rebound.,17,23,-6,27,0.32851872957640205,0.32851872957640205,Eastern Kentucky,Valparaiso,3,4,NA,400596335,2014-12-03
81,1,8:57,1737,1737,Jaylen Babb-Harrison missed Three Point Jumper.,17,23,-6,0,0.3265431433741532,0.3265431433741532,Eastern Kentucky,Valparaiso,3,4,NA,400596335,2014-12-03
82,1,8:57,1737,1737,Darien Walker Defensive Rebound.,17,23,-6,13,0.3265431433741532,0.3265431433741532,Eastern Kentucky,Valparaiso,3,4,NA,400596335,2014-12-03
83,1,8:44,1724,1724,Darien Walker missed Three Point Jumper.,17,23,-6,0,0.3255776043465,0.3255776043465,Eastern Kentucky,Valparaiso,3,4,NA,400596335,2014-12-03
84,1,8:44,1724,1724,Alec Peters Offensive Rebound.,17,23,-6,5,0.3255776043465,0.3255776043465,Eastern Kentucky,Valparaiso,3,4,NA,400596335,2014-12-03
85,1,8:39,1719,1719,Alec Peters missed Two Point Tip Shot.,17,23,-6,0,0.32520350269111636,0.32520350269111636,Eastern Kentucky,Valparaiso,3,4,NA,400596335,2014-12-03
86,1,8:39,1719,1719,Ja'Mill Powell Defensive Rebound.,17,23,-6,30,0.32520350269111636,0.32520350269111636,Eastern Kentucky,Valparaiso,3,4,NA,400596335,2014-12-03
87,1,8:09,1689,1689,Timmy Knipp made Three Point Jumper. Assisted by Paul Jackson.,20,23,-3,24,0.4084966424769681,0.4084966424769681,Eastern Kentucky,Valparaiso,3,4,NA,400596335,2014-12-03
88,1,7:45,1665,1665,Foul on Paul Jackson.,20,23,-3,0,0.4074957598523519,0.4074957598523519,Eastern Kentucky,Valparaiso,3,4,NA,400596335,2014-12-03
89,1,7:45,1665,1665,Official TV Timeout,20,23,-3,12,0.4074957598523519,0.4074957598523519,Eastern Kentucky,Valparaiso,3,4,NA,400596335,2014-12-03
90,1,7:33,1653,1653,Vashil Fernandez made Dunk.,20,25,-5,14,0.3481334704019936,0.3481334704019936,Eastern Kentucky,Valparaiso,3,4,NA,400596335,2014-12-03
91,1,7:19,1639,1639,Daniel Norl missed Three Point Jumper.,20,25,-5,0,0.3472517139508308,0.3472517139508308,Eastern Kentucky,Valparaiso,3,4,NA,400596335,2014-12-03
92,1,7:19,1639,1639,David Skara Defensive Rebound.,20,25,-5,10,0.3472517139508308,0.3472517139508308,Eastern Kentucky,Valparaiso,3,4,NA,400596335,2014-12-03
93,1,7:09,1629,1629,E. Victor Nickerson Turnover.,20,25,-5,1,0.3466281065796221,0.3466281065796221,Eastern Kentucky,Valparaiso,3,4,NA,400596335,2014-12-03
94,1,7:08,1628,1628,Isaac McGlone Steal.,20,25,-5,2,0.34656597317040994,0.34656597317040994,Eastern Kentucky,Valparaiso,3,4,NA,400596335,2014-12-03
95,1,7:06,1626,1626,Isaac McGlone made Layup.,22,25,-3,16,0.40592672383399103,0.40592672383399103,Eastern Kentucky,Valparaiso,3,4,NA,400596335,2014-12-03
96,1,6:50,1610,1610,Jubril Adekoya made Layup. Assisted by E. Victor Nickerson.,22,27,-5,37,0.3454525663261151,0.3454525663261151,Eastern Kentucky,Valparaiso,3,4,NA,400596335,2014-12-03
97,1,6:13,1573,1573,Denzel Richardson missed Three Point Jumper.,22,27,-5,0,0.3431699240521771,0.3431699240521771,Eastern Kentucky,Valparaiso,3,4,NA,400596335,2014-12-03
98,1,6:13,1573,1573,Vashil Fernandez Defensive Rebound.,22,27,-5,10,0.3431699240521771,0.3431699240521771,Eastern Kentucky,Valparaiso,3,4,NA,400596335,2014-12-03
99,1,6:03,1563,1563,E. Victor Nickerson Turnover.,22,27,-5,1,0.3425480701470659,0.3425480701470659,Eastern Kentucky,Valparaiso,3,4,NA,400596335,2014-12-03
100,1,6:02,1562,1562,Daniel Norl Steal.,22,27,-5,0,0.34248566099430594,0.34248566099430594,Eastern Kentucky,Valparaiso,3,4,NA,400596335,2014-12-03
101,1,6:02,1562,1562,Foul on David Skara.,22,27,-5,26,0.34248566099430594,0.34248566099430594,Eastern Kentucky,Valparaiso,3,4,NA,400596335,2014-12-03
102,1,5:36,1536,1536,Foul on Keith Carter.,22,27,-5,0,0.34084343966791775,0.34084343966791775,Eastern Kentucky,Valparaiso,3,4,NA,400596335,2014-12-03
103,1,5:36,1536,1536,Corey Walden made Free Throw.,23,27,-4,0,0.3710697610489747,0.3710697610489747,Eastern Kentucky,Valparaiso,3,4,NA,400596335,2014-12-03
104,1,5:36,1536,1536,Corey Walden missed Free Throw.,23,27,-4,0,0.3710697610489747,0.3710697610489747,Eastern Kentucky,Valparaiso,3,4,NA,400596335,2014-12-03
105,1,5:36,1536,1536,Vashil Fernandez Defensive Rebound.,23,27,-4,15,0.3710697610489747,0.3710697610489747,Eastern Kentucky,Valparaiso,3,4,NA,400596335,2014-12-03
106,1,5:21,1521,1521,Jubril Adekoya missed Layup.,23,27,-4,0,0.37026362267028184,0.37026362267028184,Eastern Kentucky,Valparaiso,3,4,NA,400596335,2014-12-03
107,1,5:21,1521,1521,Deverin Muff Block.,23,27,-4,2,0.37026362267028184,0.37026362267028184,Eastern Kentucky,Valparaiso,3,4,NA,400596335,2014-12-03
108,1,5:19,1519,1519,Corey Walden Defensive Rebound.,23,27,-4,7,0.3701548322151836,0.3701548322151836,Eastern Kentucky,Valparaiso,3,4,NA,400596335,2014-12-03
109,1,5:12,1512,1512,Foul on Tevonn Walker.,23,27,-4,0,0.36977139179168356,0.36977139179168356,Eastern Kentucky,Valparaiso,3,4,NA,400596335,2014-12-03
110,1,5:12,1512,1512,Corey Walden made Free Throw.,24,27,-3,0,0.4013367862300123,0.4013367862300123,Eastern Kentucky,Valparaiso,3,4,NA,400596335,2014-12-03
111,1,5:12,1512,1512,Corey Walden missed Free Throw.,24,27,-3,0,0.4013367862300123,0.4013367862300123,Eastern Kentucky,Valparaiso,3,4,NA,400596335,2014-12-03
112,1,5:12,1512,1512,Vashil Fernandez Defensive Rebound.,24,27,-3,15,0.4013367862300123,0.4013367862300123,Eastern Kentucky,Valparaiso,3,4,NA,400596335,2014-12-03
113,1,4:57,1497,1497,Alec Peters missed Jumper.,24,27,-3,0,0.40068944552028324,0.40068944552028324,Eastern Kentucky,Valparaiso,3,4,NA,400596335,2014-12-03
114,1,4:57,1497,1497,Timmy Knipp Block.,24,27,-3,1,0.40068944552028324,0.40068944552028324,Eastern Kentucky,Valparaiso,3,4,NA,400596335,2014-12-03
115,1,4:56,1496,1496,Valparaiso Offensive Rebound.,24,27,-3,7,0.4006456570168192,0.4006456570168192,Eastern Kentucky,Valparaiso,3,4,NA,400596335,2014-12-03
116,1,4:49,1489,1489,Tevonn Walker missed Jumper.,24,27,-3,0,0.40033675540277147,0.40033675540277147,Eastern Kentucky,Valparaiso,3,4,NA,400596335,2014-12-03
117,1,4:49,1489,1489,Tommy Matthews Defensive Rebound.,24,27,-3,12,0.40033675540277147,0.40033675540277147,Eastern Kentucky,Valparaiso,3,4,NA,400596335,2014-12-03
118,1,4:37,1477,1477,Jaylen Babb-Harrison made Jumper.,26,27,-1,5,0.4661923822038113,0.4661923822038113,Eastern Kentucky,Valparaiso,3,4,NA,400596335,2014-12-03
119,1,4:32,1472,1472,Valparaiso  Timeout,26,27,-1,17,0.4661131988898126,0.4661131988898126,Eastern Kentucky,Valparaiso,3,3,NA,400596335,2014-12-03
120,1,4:15,1455,1455,Tevonn Walker Turnover.,26,27,-1,1,0.4658370549734992,0.4658370549734992,Eastern Kentucky,Valparaiso,3,3,NA,400596335,2014-12-03
121,1,4:14,1454,1454,Isaac McGlone Steal.,26,27,-1,3,0.46582045923575116,0.46582045923575116,Eastern Kentucky,Valparaiso,3,3,NA,400596335,2014-12-03
122,1,4:11,1451,1451,Jaylen Babb-Harrison made Layup.,28,27,1,28,0.5342295741311645,0.5342295741311645,Eastern Kentucky,Valparaiso,3,3,NA,400596335,2014-12-03
123,1,3:43,1423,1423,Darien Walker missed Dunk.,28,27,1,0,0.5346867110487377,0.5346867110487377,Eastern Kentucky,Valparaiso,3,3,NA,400596335,2014-12-03
124,1,3:43,1423,1423,Timmy Knipp Block.,28,27,1,2,0.5346867110487377,0.5346867110487377,Eastern Kentucky,Valparaiso,3,3,NA,400596335,2014-12-03
125,1,3:41,1421,1421,Tommy Matthews Defensive Rebound.,28,27,1,23,0.5347184561330958,0.5347184561330958,Eastern Kentucky,Valparaiso,3,3,NA,400596335,2014-12-03
126,1,3:18,1398,1398,Timmy Knipp made Layup. Assisted by Isaac McGlone.,30,27,3,17,0.6038708492602224,0.6038708492602224,Eastern Kentucky,Valparaiso,3,3,NA,400596335,2014-12-03
127,1,3:01,1381,1381,Foul on Tommy Matthews.,30,27,3,15,0.6046211763251478,0.6046211763251478,Eastern Kentucky,Valparaiso,3,3,NA,400596335,2014-12-03
128,1,2:46,1366,1366,Tevonn Walker missed Three Point Jumper.,30,27,3,0,0.6052788136162416,0.6052788136162416,Eastern Kentucky,Valparaiso,3,3,NA,400596335,2014-12-03
129,1,2:46,1366,1366,David Skara Offensive Rebound.,30,27,3,2,0.6052788136162416,0.6052788136162416,Eastern Kentucky,Valparaiso,3,3,NA,400596335,2014-12-03
130,1,2:44,1364,1364,Foul on Ja'Mill Powell.,30,27,3,0,0.6053664577565032,0.6053664577565032,Eastern Kentucky,Valparaiso,3,3,NA,400596335,2014-12-03
131,1,2:44,1364,1364,David Skara made Free Throw.,30,28,2,0,0.5708330867884075,0.5708330867884075,Eastern Kentucky,Valparaiso,3,3,NA,400596335,2014-12-03
132,1,2:44,1364,1364,David Skara made Free Throw.,30,29,1,8,0.5355960455510943,0.5355960455510943,Eastern Kentucky,Valparaiso,3,3,NA,400596335,2014-12-03
133,1,2:36,1356,1356,Jonathan Hood missed Three Point Jumper.,30,29,1,0,0.5357178617267888,0.5357178617267888,Eastern Kentucky,Valparaiso,3,3,NA,400596335,2014-12-03
134,1,2:36,1356,1356,David Skara Defensive Rebound.,30,29,1,10,0.5357178617267888,0.5357178617267888,Eastern Kentucky,Valparaiso,3,3,NA,400596335,2014-12-03
135,1,2:26,1346,1346,Keith Carter Turnover.,30,29,1,31,0.5358707644419856,0.5358707644419856,Eastern Kentucky,Valparaiso,3,3,NA,400596335,2014-12-03
136,1,1:55,1315,1315,Timmy Knipp missed Three Point Jumper.,30,29,1,0,0.5363543070870559,0.5363543070870559,Eastern Kentucky,Valparaiso,3,3,NA,400596335,2014-12-03
137,1,1:55,1315,1315,Denzel Richardson Offensive Rebound.,30,29,1,8,0.5363543070870559,0.5363543070870559,Eastern Kentucky,Valparaiso,3,3,NA,400596335,2014-12-03
138,1,1:47,1307,1307,Denzel Richardson missed Jumper.,30,29,1,0,0.5364826813844428,0.5364826813844428,Eastern Kentucky,Valparaiso,3,3,NA,400596335,2014-12-03
139,1,1:47,1307,1307,Tevonn Walker Defensive Rebound.,30,29,1,10,0.5364826813844428,0.5364826813844428,Eastern Kentucky,Valparaiso,3,3,NA,400596335,2014-12-03
140,1,1:37,1297,1297,Darien Walker missed Three Point Jumper.,30,29,1,0,0.5366459386529131,0.5366459386529131,Eastern Kentucky,Valparaiso,3,3,NA,400596335,2014-12-03
141,1,1:37,1297,1297,Denzel Richardson Defensive Rebound.,30,29,1,18,0.5366459386529131,0.5366459386529131,Eastern Kentucky,Valparaiso,3,3,NA,400596335,2014-12-03
142,1,1:19,1279,1279,Isaac McGlone Turnover.,30,29,1,2,0.5369490901165724,0.5369490901165724,Eastern Kentucky,Valparaiso,3,3,NA,400596335,2014-12-03
143,1,1:17,1277,1277,David Skara Steal.,30,29,1,4,0.5369836085201348,0.5369836085201348,Eastern Kentucky,Valparaiso,3,3,NA,400596335,2014-12-03
144,1,1:13,1273,1273,Darien Walker Turnover.,30,29,1,0,0.5370531931747506,0.5370531931747506,Eastern Kentucky,Valparaiso,3,3,NA,400596335,2014-12-03
145,1,1:13,1273,1273,Deverin Muff Steal.,30,29,1,4,0.5370531931747506,0.5370531931747506,Eastern Kentucky,Valparaiso,3,3,NA,400596335,2014-12-03
146,1,1:09,1269,1269,Denzel Richardson missed Jumper.,30,29,1,0,0.5371235343452395,0.5371235343452395,Eastern Kentucky,Valparaiso,3,3,NA,400596335,2014-12-03
147,1,1:09,1269,1269,David Skara Defensive Rebound.,30,29,1,4,0.5371235343452395,0.5371235343452395,Eastern Kentucky,Valparaiso,3,3,NA,400596335,2014-12-03
148,1,1:05,1265,1265,David Skara Turnover.,30,29,1,0,0.537194663291765,0.537194663291765,Eastern Kentucky,Valparaiso,3,3,NA,400596335,2014-12-03
149,1,1:05,1265,1265,Foul on Ja'Mill Powell.,30,29,1,0,0.537194663291765,0.537194663291765,Eastern Kentucky,Valparaiso,3,3,NA,400596335,2014-12-03
150,1,1:05,1265,1265,Ja'Mill Powell Turnover.,30,29,1,21,0.537194663291765,0.537194663291765,Eastern Kentucky,Valparaiso,3,3,NA,400596335,2014-12-03
151,1,0:44,1244,1244,Foul on Ja'Mill Powell.,30,29,1,0,0.5375822538442269,0.5375822538442269,Eastern Kentucky,Valparaiso,3,3,NA,400596335,2014-12-03
152,1,0:44,1244,1244,E. Victor Nickerson made Free Throw.,30,30,0,0,0.5,0.5,Eastern Kentucky,Valparaiso,3,3,NA,400596335,2014-12-03
153,1,0:44,1244,1244,E. Victor Nickerson made Free Throw.,30,31,-1,0,0.46241774615577314,0.46241774615577314,Eastern Kentucky,Valparaiso,3,3,NA,400596335,2014-12-03
154,1,0:44,1244,1244,E. Victor Nickerson made Free Throw.,30,32,-2,34,0.4252577637639834,0.4252577637639834,Eastern Kentucky,Valparaiso,3,3,NA,400596335,2014-12-03
155,1,0:10,1210,1210,Jonathan Hood missed Jumper.,30,32,-2,0,0.4239073486174386,0.4239073486174386,Eastern Kentucky,Valparaiso,3,3,NA,400596335,2014-12-03
156,1,0:10,1210,1210,E. Victor Nickerson Defensive Rebound.,30,32,-2,9,0.4239073486174386,0.4239073486174386,Eastern Kentucky,Valparaiso,3,3,NA,400596335,2014-12-03
157,1,0:01,1201,1201,Alec Peters missed Three Point Jumper.,30,32,-2,0,0.4235319432624558,0.4235319432624558,Eastern Kentucky,Valparaiso,3,3,NA,400596335,2014-12-03
158,1,0:01,1201,1201,Jonathan Hood Defensive Rebound.,30,32,-2,1,0.4235319432624558,0.4235319432624558,Eastern Kentucky,Valparaiso,3,3,NA,400596335,2014-12-03
159,1,0:00,1200,1200,End of 1st half,30,32,-2,0,0.4234906714856242,0.4234906714856242,Eastern Kentucky,Valparaiso,3,3,NA,400596335,2014-12-03
160,2,20:00,1200,1200,PLAY,30,32,-2,18,0.4234906714856242,0.4234906714856242,Eastern Kentucky,Valparaiso,4,4,NA,400596335,2014-12-03
161,2,19:42,1182,1182,Foul on Vashil Fernandez.,30,32,-2,0,0.4227606874112476,0.4227606874112476,Eastern Kentucky,Valparaiso,4,4,NA,400596335,2014-12-03
162,2,19:42,1182,1182,Timmy Knipp made Free Throw.,31,32,-1,0,0.4611471514484879,0.4611471514484879,Eastern Kentucky,Valparaiso,4,4,NA,400596335,2014-12-03
163,2,19:42,1182,1182,Timmy Knipp made Free Throw.,32,32,0,34,0.5,0.5,Eastern Kentucky,Valparaiso,4,4,NA,400596335,2014-12-03
164,2,19:08,1148,1148,Keith Carter made Jumper.,32,34,-2,29,0.4214276731779287,0.4214276731779287,Eastern Kentucky,Valparaiso,4,4,NA,400596335,2014-12-03
165,2,18:39,1119,1119,Timmy Knipp made Three Point Jumper. Assisted by Isaac McGlone.,35,34,1,24,0.5401037730413328,0.5401037730413328,Eastern Kentucky,Valparaiso,4,4,NA,400596335,2014-12-03
166,2,18:15,1095,1095,Keith Carter Turnover.,35,34,1,5,0.5405847998016919,0.5405847998016919,Eastern Kentucky,Valparaiso,4,4,NA,400596335,2014-12-03
167,2,18:10,1090,1090,Timmy Knipp missed Three Point Jumper.,35,34,1,0,0.5406868330463129,0.5406868330463129,Eastern Kentucky,Valparaiso,4,4,NA,400596335,2014-12-03
168,2,18:10,1090,1090,Valparaiso Deadball Team Rebound.,35,34,1,18,0.5406868330463129,0.5406868330463129,Eastern Kentucky,Valparaiso,4,4,NA,400596335,2014-12-03
169,2,17:52,1072,1072,Vashil Fernandez made Dunk. Assisted by David Skara.,35,36,-1,40,0.45893845488203483,0.45893845488203483,Eastern Kentucky,Valparaiso,4,4,NA,400596335,2014-12-03
170,2,17:12,1032,1032,Isaac McGlone missed Jumper.,35,36,-1,0,0.4580478370716221,0.4580478370716221,Eastern Kentucky,Valparaiso,4,4,NA,400596335,2014-12-03
171,2,17:12,1032,1032,Vashil Fernandez Defensive Rebound.,35,36,-1,6,0.4580478370716221,0.4580478370716221,Eastern Kentucky,Valparaiso,4,4,NA,400596335,2014-12-03
172,2,17:06,1026,1026,Vashil Fernandez Turnover.,35,36,-1,1,0.4579053607004155,0.4579053607004155,Eastern Kentucky,Valparaiso,4,4,NA,400596335,2014-12-03
173,2,17:05,1025,1025,Eric Stutz Steal.,35,36,-1,2,0.4578813522351488,0.4578813522351488,Eastern Kentucky,Valparaiso,4,4,NA,400596335,2014-12-03
174,2,17:03,1023,1023,Eric Stutz made Two Point Tip Shot.,37,36,1,20,0.5421668956975656,0.5421668956975656,Eastern Kentucky,Valparaiso,4,4,NA,400596335,2014-12-03
175,2,16:43,1003,1003,Darien Walker Turnover.,37,36,1,1,0.5426674551758812,0.5426674551758812,Eastern Kentucky,Valparaiso,4,4,NA,400596335,2014-12-03
176,2,16:42,1002,1002,Isaac McGlone Steal.,37,36,1,4,0.542693400459092,0.542693400459092,Eastern Kentucky,Valparaiso,4,4,NA,400596335,2014-12-03
177,2,16:38,998,998,Ja'Mill Powell missed Three Point Jumper.,37,36,1,0,0.5427981115082156,0.5427981115082156,Eastern Kentucky,Valparaiso,4,4,NA,400596335,2014-12-03
178,2,16:38,998,998,David Skara Defensive Rebound.,37,36,1,14,0.5427981115082156,0.5427981115082156,Eastern Kentucky,Valparaiso,4,4,NA,400596335,2014-12-03
179,2,16:24,984,984,Darien Walker missed Jumper.,37,36,1,0,0.5431768558619834,0.5431768558619834,Eastern Kentucky,Valparaiso,4,4,NA,400596335,2014-12-03
180,2,16:24,984,984,Corey Walden Defensive Rebound.,37,36,1,12,0.5431768558619834,0.5431768558619834,Eastern Kentucky,Valparaiso,4,4,NA,400596335,2014-12-03
181,2,16:12,972,972,Eric Stutz missed Layup.,37,36,1,0,0.5435177202779964,0.5435177202779964,Eastern Kentucky,Valparaiso,4,4,NA,400596335,2014-12-03
182,2,16:12,972,972,David Skara Defensive Rebound.,37,36,1,15,0.5435177202779964,0.5435177202779964,Eastern Kentucky,Valparaiso,4,4,NA,400596335,2014-12-03
183,2,15:57,957,957,Vashil Fernandez made Layup.,37,38,-1,23,0.4560572126441647,0.4560572126441647,Eastern Kentucky,Valparaiso,4,4,NA,400596335,2014-12-03
184,2,15:34,934,934,Eric Stutz made Three Point Jumper. Assisted by Corey Walden.,40,38,2,27,0.5883641797302873,0.5883641797302873,Eastern Kentucky,Valparaiso,4,4,NA,400596335,2014-12-03
185,2,15:07,907,907,Tevonn Walker missed Three Point Jumper.,40,38,2,0,0.5895832830568589,0.5895832830568589,Eastern Kentucky,Valparaiso,4,4,NA,400596335,2014-12-03
186,2,15:07,907,907,Eastern Kentucky Deadball Team Rebound.,40,38,2,5,0.5895832830568589,0.5895832830568589,Eastern Kentucky,Valparaiso,4,4,NA,400596335,2014-12-03
187,2,15:02,902,902,Foul on David Skara.,40,38,2,0,0.5897989503287706,0.5897989503287706,Eastern Kentucky,Valparaiso,4,4,NA,400596335,2014-12-03
188,2,15:02,902,902,Official TV Timeout,40,38,2,20,0.5897989503287706,0.5897989503287706,Eastern Kentucky,Valparaiso,4,4,NA,400596335,2014-12-03
189,2,14:42,882,882,Eric Stutz missed Jumper.,40,38,2,0,0.5906469650673569,0.5906469650673569,Eastern Kentucky,Valparaiso,4,4,NA,400596335,2014-12-03
190,2,14:42,882,882,Alec Peters Defensive Rebound.,40,38,2,10,0.5906469650673569,0.5906469650673569,Eastern Kentucky,Valparaiso,4,4,NA,400596335,2014-12-03
191,2,14:32,872,872,Foul on Jaylen Babb-Harrison.,40,38,2,6,0.5910689851622392,0.5910689851622392,Eastern Kentucky,Valparaiso,4,4,NA,400596335,2014-12-03
192,2,14:26,866,866,Foul on Corey Walden.,40,38,2,1,0.5913237983131008,0.5913237983131008,Eastern Kentucky,Valparaiso,4,4,NA,400596335,2014-12-03
193,2,14:25,865,865,Alec Peters made Three Point Jumper. Assisted by David Skara.,40,41,-1,35,0.45392891067405794,0.45392891067405794,Eastern Kentucky,Valparaiso,4,4,NA,400596335,2014-12-03
194,2,13:50,830,830,Denzel Richardson made Layup. Assisted by Corey Walden.,42,41,1,19,0.5468726704522351,0.5468726704522351,Eastern Kentucky,Valparaiso,4,4,NA,400596335,2014-12-03
195,2,13:31,811,811,Keith Carter made Jumper.,42,43,-1,32,0.452644358041393,0.452644358041393,Eastern Kentucky,Valparaiso,4,4,NA,400596335,2014-12-03
196,2,12:59,779,779,Denzel Richardson Turnover.,42,43,-1,2,0.45170837512706297,0.45170837512706297,Eastern Kentucky,Valparaiso,4,4,NA,400596335,2014-12-03
197,2,12:57,777,777,Keith Carter Steal.,42,43,-1,10,0.45164357753651724,0.45164357753651724,Eastern Kentucky,Valparaiso,4,4,NA,400596335,2014-12-03
198,2,12:47,767,767,Foul on E. Victor Nickerson.,42,43,-1,0,0.45130672970581426,0.45130672970581426,Eastern Kentucky,Valparaiso,4,4,NA,400596335,2014-12-03
199,2,12:47,767,767,E. Victor Nickerson Turnover.,42,43,-1,10,0.45130672970581426,0.45130672970581426,Eastern Kentucky,Valparaiso,4,4,NA,400596335,2014-12-03
200,2,12:37,757,757,Timmy Knipp made Three Point Jumper. Assisted by Isaac McGlone.,45,43,2,17,0.5971707589605687,0.5971707589605687,Eastern Kentucky,Valparaiso,4,4,NA,400596335,2014-12-03
201,2,12:20,740,740,Keith Carter missed Jumper.,45,43,2,0,0.5984715217165493,0.5984715217165493,Eastern Kentucky,Valparaiso,4,4,NA,400596335,2014-12-03
202,2,12:20,740,740,Keith Carter Offensive Rebound.,45,43,2,10,0.5984715217165493,0.5984715217165493,Eastern Kentucky,Valparaiso,4,4,NA,400596335,2014-12-03
203,2,12:10,730,730,Foul on Jaylen Babb-Harrison.,45,43,2,9,0.5993089282484763,0.5993089282484763,Eastern Kentucky,Valparaiso,4,4,NA,400596335,2014-12-03
204,2,12:01,721,721,E. Victor Nickerson Turnover.,45,43,2,1,0.6000612365142074,0.6000612365142074,Eastern Kentucky,Valparaiso,4,4,NA,400596335,2014-12-03
205,2,12:00,720,720,Isaac McGlone Steal.,45,43,2,1,0.6001416765678396,0.6001416765678396,Eastern Kentucky,Valparaiso,4,4,NA,400596335,2014-12-03
206,2,11:59,719,719,Isaac McGlone Turnover.,45,43,2,1,0.6002215259027545,0.6002215259027545,Eastern Kentucky,Valparaiso,4,4,NA,400596335,2014-12-03
207,2,11:58,718,718,Official TV Timeout,45,43,2,1,0.6003007952078363,0.6003007952078363,Eastern Kentucky,Valparaiso,4,4,NA,400596335,2014-12-03
208,2,11:57,717,717,Alec Peters missed Jumper.,45,43,2,0,0.6003794951684979,0.6003794951684979,Eastern Kentucky,Valparaiso,4,4,NA,400596335,2014-12-03
209,2,11:57,717,717,David Skara Offensive Rebound.,45,43,2,3,0.6003794951684979,0.6003794951684979,Eastern Kentucky,Valparaiso,4,4,NA,400596335,2014-12-03
210,2,11:54,714,714,David Skara made Two Point Tip Shot.,45,45,0,20,0.5,0.5,Eastern Kentucky,Valparaiso,4,4,NA,400596335,2014-12-03
211,2,11:34,694,694,Jonathan Hood missed Jumper.,45,45,0,0,0.5,0.5,Eastern Kentucky,Valparaiso,4,4,NA,400596335,2014-12-03
212,2,11:34,694,694,Vashil Fernandez Defensive Rebound.,45,45,0,7,0.5,0.5,Eastern Kentucky,Valparaiso,4,4,NA,400596335,2014-12-03
213,2,11:27,687,687,Tevonn Walker missed Jumper.,45,45,0,0,0.5,0.5,Eastern Kentucky,Valparaiso,4,4,NA,400596335,2014-12-03
214,2,11:27,687,687,Isaac McGlone Defensive Rebound.,45,45,0,19,0.5,0.5,Eastern Kentucky,Valparaiso,4,4,NA,400596335,2014-12-03
215,2,11:08,668,668,Foul on E. Victor Nickerson.,45,45,0,14,0.5,0.5,Eastern Kentucky,Valparaiso,4,4,NA,400596335,2014-12-03
216,2,10:54,654,654,Jaylen Babb-Harrison missed Three Point Jumper.,45,45,0,0,0.5,0.5,Eastern Kentucky,Valparaiso,4,4,NA,400596335,2014-12-03
217,2,10:54,654,654,David Skara Defensive Rebound.,45,45,0,11,0.5,0.5,Eastern Kentucky,Valparaiso,4,4,NA,400596335,2014-12-03
218,2,10:43,643,643,E. Victor Nickerson missed Jumper.,45,45,0,0,0.5,0.5,Eastern Kentucky,Valparaiso,4,4,NA,400596335,2014-12-03
219,2,10:43,643,643,Timmy Knipp Block.,45,45,0,2,0.5,0.5,Eastern Kentucky,Valparaiso,4,4,NA,400596335,2014-12-03
220,2,10:41,641,641,Tevonn Walker Offensive Rebound.,45,45,0,8,0.5,0.5,Eastern Kentucky,Valparaiso,4,4,NA,400596335,2014-12-03
221,2,10:33,633,633,David Skara missed Three Point Jumper.,45,45,0,0,0.5,0.5,Eastern Kentucky,Valparaiso,4,4,NA,400596335,2014-12-03
222,2,10:33,633,633,Vashil Fernandez Offensive Rebound.,45,45,0,5,0.5,0.5,Eastern Kentucky,Valparaiso,4,4,NA,400596335,2014-12-03
223,2,10:28,628,628,Vashil Fernandez made Two Point Tip Shot.,45,47,-2,19,0.39360640947548436,0.39360640947548436,Eastern Kentucky,Valparaiso,4,4,NA,400596335,2014-12-03
224,2,10:09,609,609,Jonathan Hood missed Three Point Jumper.,45,47,-2,0,0.3921829520425204,0.3921829520425204,Eastern Kentucky,Valparaiso,4,4,NA,400596335,2014-12-03
225,2,10:09,609,609,Corey Walden Offensive Rebound.,45,47,-2,8,0.3921829520425204,0.3921829520425204,Eastern Kentucky,Valparaiso,4,4,NA,400596335,2014-12-03
226,2,10:01,601,601,Foul on Vashil Fernandez.,45,47,-2,30,0.39152518548246845,0.39152518548246845,Eastern Kentucky,Valparaiso,4,4,NA,400596335,2014-12-03
227,2,9:31,571,571,Isaac McGlone missed Three Point Jumper.,45,47,-2,0,0.38863823072357506,0.38863823072357506,Eastern Kentucky,Valparaiso,4,4,NA,400596335,2014-12-03
228,2,9:31,571,571,Timmy Knipp Offensive Rebound.,45,47,-2,5,0.38863823072357506,0.38863823072357506,Eastern Kentucky,Valparaiso,4,4,NA,400596335,2014-12-03
229,2,9:26,566,566,Timmy Knipp Turnover.,45,47,-2,10,0.3880796756332304,0.3880796756332304,Eastern Kentucky,Valparaiso,4,4,NA,400596335,2014-12-03
230,2,9:16,556,556,E. Victor Nickerson Turnover.,45,47,-2,24,0.38688477730795817,0.38688477730795817,Eastern Kentucky,Valparaiso,4,4,NA,400596335,2014-12-03
231,2,8:52,532,532,Jonathan Hood missed Jumper.,45,47,-2,0,0.3839781236381447,0.3839781236381447,Eastern Kentucky,Valparaiso,4,4,NA,400596335,2014-12-03
232,2,8:52,532,532,Alec Peters Defensive Rebound.,45,47,-2,26,0.3839781236381447,0.3839781236381447,Eastern Kentucky,Valparaiso,4,4,NA,400596335,2014-12-03
233,2,8:26,506,506,Tevonn Walker missed Layup.,45,47,-2,0,0.38141324050474457,0.38141324050474457,Eastern Kentucky,Valparaiso,4,4,NA,400596335,2014-12-03
234,2,8:26,506,506,Tevonn Walker Offensive Rebound.,45,47,-2,4,0.38141324050474457,0.38141324050474457,Eastern Kentucky,Valparaiso,4,4,NA,400596335,2014-12-03
235,2,8:22,502,502,Tevonn Walker made Two Point Tip Shot.,45,49,-4,27,0.2748221378215285,0.2748221378215285,Eastern Kentucky,Valparaiso,4,4,NA,400596335,2014-12-03
236,2,7:55,475,475,Foul on Jubril Adekoya.,45,49,-4,0,0.270281987096458,0.270281987096458,Eastern Kentucky,Valparaiso,4,4,NA,400596335,2014-12-03
237,2,7:55,475,475,Official TV Timeout,45,49,-4,0,0.270281987096458,0.270281987096458,Eastern Kentucky,Valparaiso,4,4,NA,400596335,2014-12-03
238,2,7:55,475,475,Eric Stutz made Free Throw.,46,49,-3,0,0.32193482926420214,0.32193482926420214,Eastern Kentucky,Valparaiso,4,4,NA,400596335,2014-12-03
239,2,7:55,475,475,Eric Stutz made Free Throw.,47,49,-2,25,0.3783409113178272,0.3783409113178272,Eastern Kentucky,Valparaiso,4,4,NA,400596335,2014-12-03
240,2,7:30,450,450,Keith Carter made Three Point Jumper. Assisted by David Skara.,47,52,-5,30,0.21832280539117613,0.21832280539117613,Eastern Kentucky,Valparaiso,4,4,NA,400596335,2014-12-03
241,2,7:00,420,420,Eric Stutz missed Jumper.,47,52,-5,0,0.20878576841928026,0.20878576841928026,Eastern Kentucky,Valparaiso,4,4,NA,400596335,2014-12-03
242,2,7:00,420,420,Valparaiso Defensive Rebound.,47,52,-5,25,0.20878576841928026,0.20878576841928026,Eastern Kentucky,Valparaiso,4,4,NA,400596335,2014-12-03
243,2,6:35,395,395,David Skara missed Three Point Jumper.,47,52,-5,0,0.20121206055090013,0.20121206055090013,Eastern Kentucky,Valparaiso,4,4,NA,400596335,2014-12-03
244,2,6:35,395,395,Corey Walden Defensive Rebound.,47,52,-5,10,0.20121206055090013,0.20121206055090013,Eastern Kentucky,Valparaiso,4,4,NA,400596335,2014-12-03
245,2,6:25,385,385,Ja'Mill Powell missed Three Point Jumper.,47,52,-5,0,0.19828793425806113,0.19828793425806113,Eastern Kentucky,Valparaiso,4,4,NA,400596335,2014-12-03
246,2,6:25,385,385,Ja'Mill Powell Offensive Rebound.,47,52,-5,3,0.19828793425806113,0.19828793425806113,Eastern Kentucky,Valparaiso,4,4,NA,400596335,2014-12-03
247,2,6:22,382,382,Ja'Mill Powell made Two Point Tip Shot.,49,52,-3,1,0.3012052374634797,0.3012052374634797,Eastern Kentucky,Valparaiso,4,4,NA,400596335,2014-12-03
248,2,6:21,381,381,Eastern Kentucky  Timeout,49,52,-3,12,0.3009686447315536,0.3009686447315536,Eastern Kentucky,Valparaiso,3,4,NA,400596335,2014-12-03
249,2,6:09,369,369,Alec Peters made Three Point Jumper. Assisted by Keith Carter.,49,55,-6,34,0.15273970563438635,0.15273970563438635,Eastern Kentucky,Valparaiso,3,4,NA,400596335,2014-12-03
250,2,5:35,335,335,Timmy Knipp missed Three Point Jumper.,49,55,-6,0,0.14077831765949939,0.14077831765949939,Eastern Kentucky,Valparaiso,3,4,NA,400596335,2014-12-03
251,2,5:35,335,335,Alec Peters Defensive Rebound.,49,55,-6,8,0.14077831765949939,0.14077831765949939,Eastern Kentucky,Valparaiso,3,4,NA,400596335,2014-12-03
252,2,5:27,327,327,Tevonn Walker made Jumper. Assisted by Keith Carter.,49,57,-8,1,0.0795157789399788,0.0795157789399788,Eastern Kentucky,Valparaiso,3,4,NA,400596335,2014-12-03
253,2,5:26,326,326,Foul on Isaac McGlone.,49,57,-8,0,0.07915868585246157,0.07915868585246157,Eastern Kentucky,Valparaiso,3,4,NA,400596335,2014-12-03
254,2,5:26,326,326,Tevonn Walker made Free Throw.,49,58,-9,12,0.05949289244527283,0.05949289244527283,Eastern Kentucky,Valparaiso,3,4,NA,400596335,2014-12-03
255,2,5:14,314,314,Ja'Mill Powell missed Three Point Jumper.,49,58,-9,0,0.05562877874125792,0.05562877874125792,Eastern Kentucky,Valparaiso,3,4,NA,400596335,2014-12-03
256,2,5:14,314,314,Darien Walker Defensive Rebound.,49,58,-9,20,0.05562877874125792,0.05562877874125792,Eastern Kentucky,Valparaiso,3,4,NA,400596335,2014-12-03
257,2,4:54,294,294,Alec Peters made Three Point Jumper. Assisted by Keith Carter.,49,61,-12,27,0.019977664456893567,0.019977664456893567,Eastern Kentucky,Valparaiso,3,4,NA,400596335,2014-12-03
258,2,4:27,267,267,Corey Walden missed Three Point Jumper.,49,61,-12,0,0.020795742432193225,0.020795742432193225,Eastern Kentucky,Valparaiso,3,4,NA,400596335,2014-12-03
259,2,4:27,267,267,Valparaiso Deadball Team Rebound.,49,61,-12,3,0.020795742432193225,0.020795742432193225,Eastern Kentucky,Valparaiso,3,4,NA,400596335,2014-12-03
260,2,4:24,264,264,Foul on Timmy Knipp.,49,61,-12,23,0.02101906562967782,0.02101906562967782,Eastern Kentucky,Valparaiso,3,4,NA,400596335,2014-12-03
261,2,4:01,241,241,Vashil Fernandez made Layup. Assisted by Keith Carter.,49,63,-14,21,0.012100954048208701,0.012100954048208701,Eastern Kentucky,Valparaiso,3,4,NA,400596335,2014-12-03
262,2,3:40,220,220,Jonathan Hood missed Three Point Jumper.,49,63,-14,0,0.01152099541707445,0.01152099541707445,Eastern Kentucky,Valparaiso,3,4,NA,400596335,2014-12-03
263,2,3:40,220,220,Darien Walker Defensive Rebound.,49,63,-14,20,0.01152099541707445,0.01152099541707445,Eastern Kentucky,Valparaiso,3,4,NA,400596335,2014-12-03
264,2,3:20,200,200,Tevonn Walker made Jumper. Assisted by Darien Walker.,49,65,-16,9,0.004522696169477782,0.004522696169477782,Eastern Kentucky,Valparaiso,3,4,NA,400596335,2014-12-03
265,2,3:11,191,191,Eastern Kentucky  Timeout,49,65,-16,20,0.0035260826548786798,0.0035260826548786798,Eastern Kentucky,Valparaiso,2,4,NA,400596335,2014-12-03
266,2,2:51,171,171,Jaylen Babb-Harrison made Three Point Jumper. Assisted by Eric Stutz.,52,65,-13,32,0.0058456039011487194,0.0058456039011487194,Eastern Kentucky,Valparaiso,2,4,NA,400596335,2014-12-03
267,2,2:19,139,139,Keith Carter missed Layup.,52,65,-13,0,0.0021277824983554454,0.0021277824983554454,Eastern Kentucky,Valparaiso,2,4,NA,400596335,2014-12-03
268,2,2:19,139,139,Eric Stutz Block.,52,65,-13,1,0.0021277824983554454,0.0021277824983554454,Eastern Kentucky,Valparaiso,2,4,NA,400596335,2014-12-03
269,2,2:18,138,138,Timmy Knipp Defensive Rebound.,52,65,-13,10,0.0020522199445730024,0.0020522199445730024,Eastern Kentucky,Valparaiso,2,4,NA,400596335,2014-12-03
270,2,2:08,128,128,Foul on Vashil Fernandez.,52,65,-13,0,0.0014007132552975442,0.0014007132552975442,Eastern Kentucky,Valparaiso,2,4,NA,400596335,2014-12-03
271,2,2:08,128,128,Official TV Timeout,52,65,-13,0,0.0014007132552975442,0.0014007132552975442,Eastern Kentucky,Valparaiso,2,4,NA,400596335,2014-12-03
272,2,2:08,128,128,Corey Walden made Free Throw.,53,65,-12,0,0.0023196058481347306,0.0023196058481347306,Eastern Kentucky,Valparaiso,2,4,NA,400596335,2014-12-03
273,2,2:08,128,128,Corey Walden missed Free Throw.,53,65,-12,0,0.0023196058481347306,0.0023196058481347306,Eastern Kentucky,Valparaiso,2,4,NA,400596335,2014-12-03
274,2,2:08,128,128,Alec Peters Defensive Rebound.,53,65,-12,14,0.0023196058481347306,0.0023196058481347306,Eastern Kentucky,Valparaiso,2,4,NA,400596335,2014-12-03
275,2,1:54,114,114,Alec Peters made Three Point Jumper. Assisted by Tevonn Walker.,53,68,-15,18,2.534772078779237e-4,2.534772078779237e-4,Eastern Kentucky,Valparaiso,2,4,NA,400596335,2014-12-03
276,2,1:36,96,96,Isaac McGlone made Three Point Jumper. Assisted by Eric Stutz.,56,68,-12,30,5.636645978934233e-4,5.636645978934233e-4,Eastern Kentucky,Valparaiso,2,4,NA,400596335,2014-12-03
277,2,1:06,66,66,Keith Carter Turnover.,56,68,-12,0,1.0283737390438847e-4,1.0283737390438847e-4,Eastern Kentucky,Valparaiso,2,4,NA,400596335,2014-12-03
278,2,1:06,66,66,Tommy Matthews Steal.,56,68,-12,3,1.0283737390438847e-4,1.0283737390438847e-4,Eastern Kentucky,Valparaiso,2,4,NA,400596335,2014-12-03
279,2,1:03,63,63,Corey Walden made Layup.,58,68,-10,8,4.0609522062030006e-4,4.0609522062030006e-4,Eastern Kentucky,Valparaiso,2,4,NA,400596335,2014-12-03
280,2,0:55,55,55,Foul on Corey Walden.,58,68,-10,6,2.6433845184359474e-4,2.6433845184359474e-4,Eastern Kentucky,Valparaiso,2,4,NA,400596335,2014-12-03
281,2,0:49,49,49,Foul on Tommy Matthews.,58,68,-10,0,1.8914931916549698e-4,1.8914931916549698e-4,Eastern Kentucky,Valparaiso,2,4,NA,400596335,2014-12-03
282,2,0:49,49,49,Tevonn Walker made Free Throw.,58,69,-11,0,8.026769081559303e-5,8.026769081559303e-5,Eastern Kentucky,Valparaiso,2,4,NA,400596335,2014-12-03
283,2,0:49,49,49,Tevonn Walker missed Free Throw.,58,69,-11,0,8.026769081559303e-5,8.026769081559303e-5,Eastern Kentucky,Valparaiso,2,4,NA,400596335,2014-12-03
284,2,0:49,49,49,Timmy Knipp Defensive Rebound.,58,69,-11,6,8.026769081559303e-5,8.026769081559303e-5,Eastern Kentucky,Valparaiso,2,4,NA,400596335,2014-12-03
285,2,0:43,43,43,Corey Walden made Three Point Jumper.,61,69,-8,2,7.953394851497719e-4,7.953394851497719e-4,Eastern Kentucky,Valparaiso,2,4,NA,400596335,2014-12-03
286,2,0:41,41,41,Eastern Kentucky  Timeout,61,69,-8,0,7.23385015272178e-4,7.23385015272178e-4,Eastern Kentucky,Valparaiso,1,4,NA,400596335,2014-12-03
287,2,0:41,41,41,Foul on Tommy Matthews.,61,69,-8,0,7.23385015272178e-4,7.23385015272178e-4,Eastern Kentucky,Valparaiso,1,4,NA,400596335,2014-12-03
288,2,0:41,41,41,Keith Carter made Free Throw.,61,70,-9,0,2.931007612023275e-4,2.931007612023275e-4,Eastern Kentucky,Valparaiso,1,4,NA,400596335,2014-12-03
289,2,0:41,41,41,Keith Carter made Free Throw.,61,71,-10,0,1.1872800327603447e-4,1.1872800327603447e-4,Eastern Kentucky,Valparaiso,1,4,NA,400596335,2014-12-03
290,2,0:41,41,41,Valparaiso  Timeout,61,71,-10,6,1.1872800327603447e-4,1.1872800327603447e-4,Eastern Kentucky,Valparaiso,1,3,NA,400596335,2014-12-03
291,2,0:35,35,35,Corey Walden made Three Point Jumper. Assisted by Timmy Knipp.,64,71,-7,9,0.0013836561552478138,0.0013836561552478138,Eastern Kentucky,Valparaiso,1,3,NA,400596335,2014-12-03
292,2,0:26,26,26,Foul on Isaac McGlone.,64,71,-7,0,9.321919274303346e-4,9.321919274303346e-4,Eastern Kentucky,Valparaiso,1,3,NA,400596335,2014-12-03
293,2,0:26,26,26,Darien Walker missed Free Throw.,64,71,-7,0,9.321919274303346e-4,9.321919274303346e-4,Eastern Kentucky,Valparaiso,1,3,NA,400596335,2014-12-03
294,2,0:26,26,26,Timmy Knipp Defensive Rebound.,64,71,-7,9,9.321919274303346e-4,9.321919274303346e-4,Eastern Kentucky,Valparaiso,1,3,NA,400596335,2014-12-03
295,2,0:17,17,17,Jaylen Babb-Harrison Turnover.,64,71,-7,1,6.174475591634666e-4,6.174475591634666e-4,Eastern Kentucky,Valparaiso,1,3,NA,400596335,2014-12-03
296,2,0:16,16,16,Keith Carter Steal.,64,71,-7,5,5.888439354354627e-4,5.888439354354627e-4,Eastern Kentucky,Valparaiso,1,3,NA,400596335,2014-12-03
297,2,0:11,11,11,Alec Peters Turnover.,64,71,-7,1,4.623897448740618e-4,4.623897448740618e-4,Eastern Kentucky,Valparaiso,1,3,NA,400596335,2014-12-03
298,2,0:10,10,10,Corey Walden Steal.,64,71,-7,0,4.4019296571067674e-4,4.4019296571067674e-4,Eastern Kentucky,Valparaiso,1,3,NA,400596335,2014-12-03
299,2,0:10,10,10,Corey Walden made Layup.,66,71,-5,2,0.003990270855850142,0.003990270855850142,Eastern Kentucky,Valparaiso,1,3,NA,400596335,2014-12-03
300,2,0:08,8,8,Foul on Timmy Knipp.,66,71,-5,0,0.003718352288818572,0.003718352288818572,Eastern Kentucky,Valparaiso,1,3,NA,400596335,2014-12-03
301,2,0:08,8,8,Darien Walker missed Free Throw.,66,71,-5,0,0.003718352288818572,0.003718352288818572,Eastern Kentucky,Valparaiso,1,3,NA,400596335,2014-12-03
302,2,0:08,8,8,Valparaiso Deadball Team Rebound.,66,71,-5,0,0.003718352288818572,0.003718352288818572,Eastern Kentucky,Valparaiso,1,3,NA,400596335,2014-12-03
303,2,0:08,8,8,Darien Walker made Free Throw.,66,72,-6,0,0.0012185197287773533,0.0012185197287773533,Eastern Kentucky,Valparaiso,1,3,NA,400596335,2014-12-03
304,2,0:08,8,8,Valparaiso  Timeout,66,72,-6,2,0.0012185197287773533,0.0012185197287773533,Eastern Kentucky,Valparaiso,1,2,NA,400596335,2014-12-03
305,2,0:06,6,6,Corey Walden missed Three Point Jumper.,66,72,-6,0,0.0011184110655953123,0.0011184110655953123,Eastern Kentucky,Valparaiso,1,2,NA,400596335,2014-12-03
306,2,0:06,6,6,Eastern Kentucky Deadball Team Rebound.,66,72,-6,3,0.0011184110655953123,0.0011184110655953123,Eastern Kentucky,Valparaiso,1,2,NA,400596335,2014-12-03
307,2,0:03,3,3,Eric Stutz missed Three Point Jumper.,66,72,-6,0,9.821101836167828e-4,9.821101836167828e-4,Eastern Kentucky,Valparaiso,1,2,NA,400596335,2014-12-03
308,2,0:03,3,3,Valparaiso Deadball Team Rebound.,66,72,-6,3,9.821101836167828e-4,9.821101836167828e-4,Eastern Kentucky,Valparaiso,1,2,NA,400596335,2014-12-03
309,2,0:00,0,0,End of Game,66,72,-6,0,7.667648073722e-53,7.667648073722e-53,Eastern Kentucky,Valparaiso,1,2,NA,400596335,2014-12-03
