play_id,half,time_remaining_half,secs_remaining,secs_remaining_absolute,description,home_score,away_score,score_diff,play_length,win_prob,naive_win_prob,home,away,home_time_out_remaining,away_time_out_remaining,home_favored_by,game_id,date
1,1,20:00,2400,2400,PLAY,0,0,0,10,0.5,0.5,CSU Northridge,Montana State,6,6,NA,400585893,2014-11-19
2,1,19:50,2390,2390,Michael Dison missed Layup.,0,0,0,0,0.5,0.5,CSU Northridge,Montana State,6,6,NA,400585893,2014-11-19
3,1,19:50,2390,2390,Aaron Parks Defensive Rebound.,0,0,0,9,0.5,0.5,CSU Northridge,Montana State,6,6,NA,400585893,2014-11-19
4,1,19:41,2381,2381,Aaron Parks Turnover.,0,0,0,0,0.5,0.5,CSU Northridge,Montana State,6,6,NA,400585893,2014-11-19
5,1,19:41,2381,2381,Marcus Colbert Steal.,0,0,0,0,0.5,0.5,CSU Northridge,Montana State,6,6,NA,400585893,2014-11-19
6,1,19:41,2381,2381,Foul on Stephan Hicks.,0,0,0,16,0.5,0.5,CSU Northridge,Montana State,6,6,NA,400585893,2014-11-19
7,1,19:25,2365,2365,Danny Robison missed Three Point Jumper.,0,0,0,0,0.5,0.5,CSU Northridge,Montana State,6,6,NA,400585893,2014-11-19
8,1,19:25,2365,2365,Tre Hale-Edmerson Defensive Rebound.,0,0,0,7,0.5,0.5,CSU Northridge,Montana State,6,6,NA,400585893,2014-11-19
9,1,19:18,2358,2358,Stephen Maxwell Turnover.,0,0,0,0,0.5,0.5,CSU Northridge,Montana State,6,6,NA,400585893,2014-11-19
10,1,19:18,2358,2358,Foul on Stephen Maxwell.,0,0,0,33,0.5,0.5,CSU Northridge,Montana State,6,6,NA,400585893,2014-11-19
11,1,18:45,2325,2325,Zach Green missed Three Point Jumper.,0,0,0,0,0.5,0.5,CSU Northridge,Montana State,6,6,NA,400585893,2014-11-19
12,1,18:45,2325,2325,Landon Drew Defensive Rebound.,0,0,0,12,0.5,0.5,CSU Northridge,Montana State,6,6,NA,400585893,2014-11-19
13,1,18:33,2313,2313,Stephan Hicks made Jumper. Assisted by Aaron Parks.,2,0,2,12,0.5458995598090786,0.5458995598090786,CSU Northridge,Montana State,6,6,NA,400585893,2014-11-19
14,1,18:21,2301,2301,Foul on Aaron Parks.,2,0,2,37,0.5461652125929003,0.5461652125929003,CSU Northridge,Montana State,6,6,NA,400585893,2014-11-19
15,1,17:44,2264,2264,Montana St  Turnover.,2,0,2,13,0.5469932384002621,0.5469932384002621,CSU Northridge,Montana State,6,6,NA,400585893,2014-11-19
16,1,17:31,2251,2251,Stephan Hicks Turnover.,2,0,2,1,0.5472870146485976,0.5472870146485976,CSU Northridge,Montana State,6,6,NA,400585893,2014-11-19
17,1,17:30,2250,2250,Danny Robison Steal.,2,0,2,8,0.5473096679130885,0.5473096679130885,CSU Northridge,Montana State,6,6,NA,400585893,2014-11-19
18,1,17:22,2242,2242,Terrell Brown missed Three Point Jumper.,2,0,2,0,0.5474911634847673,0.5474911634847673,CSU Northridge,Montana State,6,6,NA,400585893,2014-11-19
19,1,17:22,2242,2242,Tre Hale-Edmerson Defensive Rebound.,2,0,2,10,0.5474911634847673,0.5474911634847673,CSU Northridge,Montana State,6,6,NA,400585893,2014-11-19
20,1,17:12,2232,2232,Foul on Blake Brumwell.,2,0,2,1,0.5477186766445648,0.5477186766445648,CSU Northridge,Montana State,6,6,NA,400585893,2014-11-19
21,1,17:11,2231,2231,Landon Drew missed Three Point Jumper.,2,0,2,0,0.5477414654678265,0.5477414654678265,CSU Northridge,Montana State,6,6,NA,400585893,2014-11-19
22,1,17:11,2231,2231,Blake Brumwell Defensive Rebound.,2,0,2,21,0.5477414654678265,0.5477414654678265,CSU Northridge,Montana State,6,6,NA,400585893,2014-11-19
23,1,16:50,2210,2210,Terrell Brown missed Layup.,2,0,2,0,0.548221476678421,0.548221476678421,CSU Northridge,Montana State,6,6,NA,400585893,2014-11-19
24,1,16:50,2210,2210,Tre Hale-Edmerson Block.,2,0,2,2,0.548221476678421,0.548221476678421,CSU Northridge,Montana State,6,6,NA,400585893,2014-11-19
25,1,16:48,2208,2208,Landon Drew Defensive Rebound.,2,0,2,4,0.5482673263388695,0.5482673263388695,CSU Northridge,Montana State,6,6,NA,400585893,2014-11-19
26,1,16:44,2204,2204,Stephan Hicks missed Jumper.,2,0,2,0,0.5483590900647362,0.5483590900647362,CSU Northridge,Montana State,6,6,NA,400585893,2014-11-19
27,1,16:44,2204,2204,Marcus Colbert Defensive Rebound.,2,0,2,30,0.5483590900647362,0.5483590900647362,CSU Northridge,Montana State,6,6,NA,400585893,2014-11-19
28,1,16:14,2174,2174,Marcus Colbert Turnover.,2,0,2,1,0.5490497341659156,0.5490497341659156,CSU Northridge,Montana State,6,6,NA,400585893,2014-11-19
29,1,16:13,2173,2173,Stephen Maxwell Steal.,2,0,2,2,0.5490728195846096,0.5490728195846096,CSU Northridge,Montana State,6,6,NA,400585893,2014-11-19
30,1,16:11,2171,2171,Stephen Maxwell made Dunk.,4,0,4,4,0.5972989982034114,0.5972989982034114,CSU Northridge,Montana State,6,6,NA,400585893,2014-11-19
31,1,16:07,2167,2167,Montana St  Timeout,4,0,4,17,0.5974785649440478,0.5974785649440478,CSU Northridge,Montana State,6,5,NA,400585893,2014-11-19
32,1,15:50,2150,2150,Blake Brumwell Turnover.,4,0,4,0,0.5982440747147776,0.5982440747147776,CSU Northridge,Montana State,6,5,NA,400585893,2014-11-19
33,1,15:50,2150,2150,Official TV Timeout,4,0,4,7,0.5982440747147776,0.5982440747147776,CSU Northridge,Montana State,6,5,NA,400585893,2014-11-19
34,1,15:43,2143,2143,Landon Drew missed Three Point Jumper.,4,0,4,0,0.5985604481955343,0.5985604481955343,CSU Northridge,Montana State,6,5,NA,400585893,2014-11-19
35,1,15:43,2143,2143,Marcus Colbert Defensive Rebound.,4,0,4,23,0.5985604481955343,0.5985604481955343,CSU Northridge,Montana State,6,5,NA,400585893,2014-11-19
36,1,15:20,2120,2120,Marcus Colbert Turnover.,4,0,4,16,0.599605082780099,0.599605082780099,CSU Northridge,Montana State,6,5,NA,400585893,2014-11-19
37,1,15:04,2104,2104,Aaron Parks missed Jumper.,4,0,4,0,0.6003367193838803,0.6003367193838803,CSU Northridge,Montana State,6,5,NA,400585893,2014-11-19
38,1,15:04,2104,2104,Montana St Defensive Rebound.,4,0,4,31,0.6003367193838803,0.6003367193838803,CSU Northridge,Montana State,6,5,NA,400585893,2014-11-19
39,1,14:33,2073,2073,Foul on Tre Hale-Edmerson.,4,0,4,0,0.6017668572163569,0.6017668572163569,CSU Northridge,Montana State,6,5,NA,400585893,2014-11-19
40,1,14:33,2073,2073,Stephan Holm made Free Throw.,4,1,3,0,0.5767935672383472,0.5767935672383472,CSU Northridge,Montana State,6,5,NA,400585893,2014-11-19
41,1,14:33,2073,2073,Stephan Holm made Free Throw.,4,2,2,0,0.5514216087612552,0.5514216087612552,CSU Northridge,Montana State,6,5,NA,400585893,2014-11-19
42,1,14:33,2073,2073,Stephan Holm made Free Throw.,4,3,1,15,0.5257791503415546,0.5257791503415546,CSU Northridge,Montana State,6,5,NA,400585893,2014-11-19
43,1,14:18,2058,2058,Stephen Maxwell made Dunk. Assisted by Tre Hale-Edmerson.,6,3,3,20,0.5773271924711609,0.5773271924711609,CSU Northridge,Montana State,6,5,NA,400585893,2014-11-19
44,1,13:58,2038,2038,Zach Green Turnover.,6,3,3,1,0.5780442470766909,0.5780442470766909,CSU Northridge,Montana State,6,5,NA,400585893,2014-11-19
45,1,13:57,2037,2037,Stephen Maxwell Steal.,6,3,3,3,0.5780802725687688,0.5780802725687688,CSU Northridge,Montana State,6,5,NA,400585893,2014-11-19
46,1,13:54,2034,2034,Foul on Joey Frenchwood.,6,3,3,11,0.5781884500995216,0.5781884500995216,CSU Northridge,Montana State,6,5,NA,400585893,2014-11-19
47,1,13:43,2023,2023,Foul on Eric Norman.,6,3,3,0,0.5785864166074178,0.5785864166074178,CSU Northridge,Montana State,6,5,NA,400585893,2014-11-19
48,1,13:43,2023,2023,Stephen Maxwell made Free Throw.,7,3,4,0,0.6041126313719679,0.6041126313719679,CSU Northridge,Montana State,6,5,NA,400585893,2014-11-19
49,1,13:43,2023,2023,Stephen Maxwell made Free Throw.,8,3,5,24,0.6290838749359045,0.6290838749359045,CSU Northridge,Montana State,6,5,NA,400585893,2014-11-19
50,1,13:19,1999,1999,Michael Dison Turnover.,8,3,5,0,0.630479953656391,0.630479953656391,CSU Northridge,Montana State,6,5,NA,400585893,2014-11-19
51,1,13:19,1999,1999,Landon Drew Steal.,8,3,5,10,0.630479953656391,0.630479953656391,CSU Northridge,Montana State,6,5,NA,400585893,2014-11-19
52,1,13:09,1989,1989,Foul on Danny Robison.,8,3,5,28,0.6310662345388074,0.6310662345388074,CSU Northridge,Montana State,6,5,NA,400585893,2014-11-19
53,1,12:41,1961,1961,Foul on Quinn Price.,8,3,5,0,0.6327229510055233,0.6327229510055233,CSU Northridge,Montana State,6,5,NA,400585893,2014-11-19
54,1,12:41,1961,1961,Stephan Hicks made Free Throw.,9,3,6,0,0.6576185131810097,0.6576185131810097,CSU Northridge,Montana State,6,5,NA,400585893,2014-11-19
55,1,12:41,1961,1961,Stephan Hicks made Free Throw.,10,3,7,6,0.6816755485292286,0.6816755485292286,CSU Northridge,Montana State,6,5,NA,400585893,2014-11-19
56,1,12:35,1955,1955,Eric Norman missed Three Point Jumper.,10,3,7,0,0.6821434911499636,0.6821434911499636,CSU Northridge,Montana State,6,5,NA,400585893,2014-11-19
57,1,12:35,1955,1955,Quinn Price Offensive Rebound.,10,3,7,23,0.6821434911499636,0.6821434911499636,CSU Northridge,Montana State,6,5,NA,400585893,2014-11-19
58,1,12:12,1932,1932,Michael Dison missed Jumper.,10,3,7,0,0.6839490601075581,0.6839490601075581,CSU Northridge,Montana State,6,5,NA,400585893,2014-11-19
59,1,12:12,1932,1932,Terrell Brown Offensive Rebound.,10,3,7,30,0.6839490601075581,0.6839490601075581,CSU Northridge,Montana State,6,5,NA,400585893,2014-11-19
60,1,11:42,1902,1902,Terrell Brown Turnover.,10,3,7,0,0.6863101071557828,0.6863101071557828,CSU Northridge,Montana State,6,5,NA,400585893,2014-11-19
61,1,11:42,1902,1902,Official TV Timeout,10,3,7,16,0.6863101071557828,0.6863101071557828,CSU Northridge,Montana State,6,5,NA,400585893,2014-11-19
62,1,11:26,1886,1886,Devonte Elliott made Jumper. Assisted by Stephan Hicks.,12,3,9,14,0.7338241278528949,0.7338241278528949,CSU Northridge,Montana State,6,5,NA,400585893,2014-11-19
63,1,11:12,1872,1872,Eric Norman missed Layup.,12,3,9,0,0.7351041955788185,0.7351041955788185,CSU Northridge,Montana State,6,5,NA,400585893,2014-11-19
64,1,11:12,1872,1872,Taelin Webb Block.,12,3,9,3,0.7351041955788185,0.7351041955788185,CSU Northridge,Montana State,6,5,NA,400585893,2014-11-19
65,1,11:09,1869,1869,Terrell Brown Offensive Rebound.,12,3,9,2,0.7353782712046846,0.7353782712046846,CSU Northridge,Montana State,6,5,NA,400585893,2014-11-19
66,1,11:07,1867,1867,Terrell Brown Turnover.,12,3,9,1,0.7355609611820632,0.7355609611820632,CSU Northridge,Montana State,6,5,NA,400585893,2014-11-19
67,1,11:06,1866,1866,Taelin Webb Steal.,12,3,9,4,0.7356522996357571,0.7356522996357571,CSU Northridge,Montana State,6,5,NA,400585893,2014-11-19
68,1,11:02,1862,1862,Stephan Hicks made Dunk. Assisted by Taelin Webb.,14,3,11,30,0.7778588503383551,0.7778588503383551,CSU Northridge,Montana State,6,5,NA,400585893,2014-11-19
69,1,10:32,1832,1832,Michael Dison missed Jumper.,14,3,11,0,0.7808343603629201,0.7808343603629201,CSU Northridge,Montana State,6,5,NA,400585893,2014-11-19
70,1,10:32,1832,1832,Tre Hale-Edmerson Defensive Rebound.,14,3,11,26,0.7808343603629201,0.7808343603629201,CSU Northridge,Montana State,6,5,NA,400585893,2014-11-19
71,1,10:06,1806,1806,Aaron Parks made Jumper.,16,3,13,16,0.8204575121201051,0.8204575121201051,CSU Northridge,Montana State,6,5,NA,400585893,2014-11-19
72,1,9:50,1790,1790,Quinn Price missed Jumper.,16,3,13,0,0.8220925355748775,0.8220925355748775,CSU Northridge,Montana State,6,5,NA,400585893,2014-11-19
73,1,9:50,1790,1790,Stephan Hicks Defensive Rebound.,16,3,13,9,0.8220925355748775,0.8220925355748775,CSU Northridge,Montana State,6,5,NA,400585893,2014-11-19
74,1,9:41,1781,1781,Taelin Webb missed Three Point Jumper.,16,3,13,0,0.8230140053445493,0.8230140053445493,CSU Northridge,Montana State,6,5,NA,400585893,2014-11-19
75,1,9:41,1781,1781,Michael Dison Defensive Rebound.,16,3,13,6,0.8230140053445493,0.8230140053445493,CSU Northridge,Montana State,6,5,NA,400585893,2014-11-19
76,1,9:35,1775,1775,Michael Dison Turnover.,16,3,13,0,0.8236292639176829,0.8236292639176829,CSU Northridge,Montana State,6,5,NA,400585893,2014-11-19
77,1,9:35,1775,1775,Foul on Michael Dison.,16,3,13,13,0.8236292639176829,0.8236292639176829,CSU Northridge,Montana State,6,5,NA,400585893,2014-11-19
78,1,9:22,1762,1762,Ajon Efferson missed Three Point Jumper.,16,3,13,0,0.824965494299982,0.824965494299982,CSU Northridge,Montana State,6,5,NA,400585893,2014-11-19
79,1,9:22,1762,1762,Michael Dison Defensive Rebound.,16,3,13,8,0.824965494299982,0.824965494299982,CSU Northridge,Montana State,6,5,NA,400585893,2014-11-19
80,1,9:14,1754,1754,Foul on Ajon Efferson.,16,3,13,5,0.8257903161142487,0.8257903161142487,CSU Northridge,Montana State,6,5,NA,400585893,2014-11-19
81,1,9:09,1749,1749,Zach Green missed Three Point Jumper.,16,3,13,0,0.8263069424793489,0.8263069424793489,CSU Northridge,Montana State,6,5,NA,400585893,2014-11-19
82,1,9:09,1749,1749,Stephen Maxwell Defensive Rebound.,16,3,13,21,0.8263069424793489,0.8263069424793489,CSU Northridge,Montana State,6,5,NA,400585893,2014-11-19
83,1,8:48,1728,1728,Stephan Hicks made Jumper.,18,3,15,29,0.8602352750667848,0.8602352750667848,CSU Northridge,Montana State,6,5,NA,400585893,2014-11-19
84,1,8:19,1699,1699,Marcus Colbert Turnover.,18,3,15,11,0.8632034520263715,0.8632034520263715,CSU Northridge,Montana State,6,5,NA,400585893,2014-11-19
85,1,8:08,1688,1688,Stephan Hicks missed Three Point Jumper.,18,3,15,0,0.8643378802315836,0.8643378802315836,CSU Northridge,Montana State,6,5,NA,400585893,2014-11-19
86,1,8:08,1688,1688,Ajon Efferson Offensive Rebound.,18,3,15,7,0.8643378802315836,0.8643378802315836,CSU Northridge,Montana State,6,5,NA,400585893,2014-11-19
87,1,8:01,1681,1681,Foul on Zach Green.,18,3,15,0,0.8650524968839507,0.8650524968839507,CSU Northridge,Montana State,6,5,NA,400585893,2014-11-19
88,1,8:01,1681,1681,Stephan Hicks made Free Throw.,19,3,16,0,0.8788691490062772,0.8788691490062772,CSU Northridge,Montana State,6,5,NA,400585893,2014-11-19
89,1,8:01,1681,1681,Stephan Hicks missed Free Throw.,19,3,16,0,0.8788691490062772,0.8788691490062772,CSU Northridge,Montana State,6,5,NA,400585893,2014-11-19
90,1,8:01,1681,1681,Blake Brumwell Defensive Rebound.,19,3,16,33,0.8788691490062772,0.8788691490062772,CSU Northridge,Montana State,6,5,NA,400585893,2014-11-19
91,1,7:28,1648,1648,Marcus Colbert made Three Point Jumper.,19,6,13,25,0.836783009070883,0.836783009070883,CSU Northridge,Montana State,6,5,NA,400585893,2014-11-19
92,1,7:03,1623,1623,Ajon Efferson made Three Point Jumper. Assisted by Taelin Webb.,22,6,16,8,0.8842924871598292,0.8842924871598292,CSU Northridge,Montana State,6,5,NA,400585893,2014-11-19
93,1,6:55,1615,1615,Official TV Timeout,22,6,16,5,0.8850064194495526,0.8850064194495526,CSU Northridge,Montana State,6,5,NA,400585893,2014-11-19
94,1,6:50,1610,1610,Marcus Colbert made Three Point Jumper.,22,9,13,20,0.840456777159877,0.840456777159877,CSU Northridge,Montana State,6,5,NA,400585893,2014-11-19
95,1,6:30,1590,1590,Devonte Elliott made Jumper. Assisted by Taelin Webb.,24,9,15,9,0.8736504568982231,0.8736504568982231,CSU Northridge,Montana State,6,5,NA,400585893,2014-11-19
96,1,6:21,1581,1581,Marcus Colbert made Three Point Jumper. Assisted by Zach Green.,24,12,12,8,0.825319089717733,0.825319089717733,CSU Northridge,Montana State,6,5,NA,400585893,2014-11-19
97,1,6:13,1573,1573,CS Northridge  Timeout,24,12,12,13,0.8260775413940891,0.8260775413940891,CSU Northridge,Montana State,6,4,NA,400585893,2014-11-19
98,1,6:00,1560,1560,Ajon Efferson made Jumper.,26,12,14,18,0.8615014434712444,0.8615014434712444,CSU Northridge,Montana State,6,4,NA,400585893,2014-11-19
99,1,5:42,1542,1542,Marcus Colbert missed Layup.,26,12,14,0,0.8631775175105739,0.8631775175105739,CSU Northridge,Montana State,6,4,NA,400585893,2014-11-19
100,1,5:42,1542,1542,Devonte Elliott Defensive Rebound.,26,12,14,16,0.8631775175105739,0.8631775175105739,CSU Northridge,Montana State,6,4,NA,400585893,2014-11-19
101,1,5:26,1526,1526,Ajon Efferson missed Three Point Jumper.,26,12,14,0,0.8646827052942045,0.8646827052942045,CSU Northridge,Montana State,6,4,NA,400585893,2014-11-19
102,1,5:26,1526,1526,Marcus Colbert Defensive Rebound.,26,12,14,29,0.8646827052942045,0.8646827052942045,CSU Northridge,Montana State,6,4,NA,400585893,2014-11-19
103,1,4:57,1497,1497,Danny Robison missed Layup.,26,12,14,0,0.8674696052032468,0.8674696052032468,CSU Northridge,Montana State,6,4,NA,400585893,2014-11-19
104,1,4:57,1497,1497,Devonte Elliott Block.,26,12,14,0,0.8674696052032468,0.8674696052032468,CSU Northridge,Montana State,6,4,NA,400585893,2014-11-19
105,1,4:57,1497,1497,Montana St Offensive Rebound.,26,12,14,1,0.8674696052032468,0.8674696052032468,CSU Northridge,Montana State,6,4,NA,400585893,2014-11-19
106,1,4:56,1496,1496,Stephan Holm missed Three Point Jumper.,26,12,14,0,0.8675674074580749,0.8675674074580749,CSU Northridge,Montana State,6,4,NA,400585893,2014-11-19
107,1,4:56,1496,1496,Eric Norman Offensive Rebound.,26,12,14,11,0.8675674074580749,0.8675674074580749,CSU Northridge,Montana State,6,4,NA,400585893,2014-11-19
108,1,4:45,1485,1485,Marcus Colbert missed Three Point Jumper.,26,12,14,0,0.8686520416532602,0.8686520416532602,CSU Northridge,Montana State,6,4,NA,400585893,2014-11-19
109,1,4:45,1485,1485,Landon Drew Defensive Rebound.,26,12,14,25,0.8686520416532602,0.8686520416532602,CSU Northridge,Montana State,6,4,NA,400585893,2014-11-19
110,1,4:20,1460,1460,Tre Hale-Edmerson missed Jumper.,26,12,14,0,0.8711848514811446,0.8711848514811446,CSU Northridge,Montana State,6,4,NA,400585893,2014-11-19
111,1,4:20,1460,1460,Marcus Colbert Defensive Rebound.,26,12,14,9,0.8711848514811446,0.8711848514811446,CSU Northridge,Montana State,6,4,NA,400585893,2014-11-19
112,1,4:11,1451,1451,Michael Dison missed Three Point Jumper.,26,12,14,0,0.8721227260410248,0.8721227260410248,CSU Northridge,Montana State,6,4,NA,400585893,2014-11-19
113,1,4:11,1451,1451,Devonte Elliott Defensive Rebound.,26,12,14,15,0.8721227260410248,0.8721227260410248,CSU Northridge,Montana State,6,4,NA,400585893,2014-11-19
114,1,3:56,1436,1436,Landon Drew made Jumper.,28,12,16,12,0.901150765151306,0.901150765151306,CSU Northridge,Montana State,6,4,NA,400585893,2014-11-19
115,1,3:44,1424,1424,Eric Norman missed Three Point Jumper.,28,12,16,0,0.9022517129470036,0.9022517129470036,CSU Northridge,Montana State,6,4,NA,400585893,2014-11-19
116,1,3:44,1424,1424,Devonte Elliott Defensive Rebound.,28,12,16,7,0.9022517129470036,0.9022517129470036,CSU Northridge,Montana State,6,4,NA,400585893,2014-11-19
117,1,3:37,1417,1417,Stephen Maxwell made Layup. Assisted by Landon Drew.,30,12,18,3,0.9247237193740547,0.9247237193740547,CSU Northridge,Montana State,6,4,NA,400585893,2014-11-19
118,1,3:34,1414,1414,Montana St  Timeout,30,12,18,23,0.9249608351351645,0.9249608351351645,CSU Northridge,Montana State,6,3,NA,400585893,2014-11-19
119,1,3:11,1391,1391,Danny Robison missed Layup.,30,12,18,0,0.9267290684065923,0.9267290684065923,CSU Northridge,Montana State,6,3,NA,400585893,2014-11-19
120,1,3:11,1391,1391,Tre Hale-Edmerson Block.,30,12,18,2,0.9267290684065923,0.9267290684065923,CSU Northridge,Montana State,6,3,NA,400585893,2014-11-19
121,1,3:09,1389,1389,Danny Robison Offensive Rebound.,30,12,18,2,0.9268793104299176,0.9268793104299176,CSU Northridge,Montana State,6,3,NA,400585893,2014-11-19
122,1,3:07,1387,1387,Terrell Brown missed Layup.,30,12,18,0,0.927029084897901,0.927029084897901,CSU Northridge,Montana State,6,3,NA,400585893,2014-11-19
123,1,3:07,1387,1387,Marcus Colbert Offensive Rebound.,30,12,18,29,0.927029084897901,0.927029084897901,CSU Northridge,Montana State,6,3,NA,400585893,2014-11-19
124,1,2:38,1358,1358,Marcus Colbert made Layup.,30,14,16,10,0.9078684909993157,0.9078684909993157,CSU Northridge,Montana State,6,3,NA,400585893,2014-11-19
125,1,2:28,1348,1348,Devonte Elliott Turnover.,30,14,16,2,0.9086869961857479,0.9086869961857479,CSU Northridge,Montana State,6,3,NA,400585893,2014-11-19
126,1,2:26,1346,1346,Danny Robison Steal.,30,14,16,6,0.9088505100977843,0.9088505100977843,CSU Northridge,Montana State,6,3,NA,400585893,2014-11-19
127,1,2:20,1340,1340,Michael Dison made Jumper.,30,16,14,26,0.882613294424441,0.882613294424441,CSU Northridge,Montana State,6,3,NA,400585893,2014-11-19
128,1,1:54,1314,1314,Ajon Efferson made Three Point Jumper. Assisted by Tre Hale-Edmerson.,33,16,17,8,0.9225531616162979,0.9225531616162979,CSU Northridge,Montana State,6,3,NA,400585893,2014-11-19
129,1,1:46,1306,1306,Stephan Holm missed Three Point Jumper.,33,16,17,0,0.9231790026791797,0.9231790026791797,CSU Northridge,Montana State,6,3,NA,400585893,2014-11-19
130,1,1:46,1306,1306,Eric Norman Offensive Rebound.,33,16,17,4,0.9231790026791797,0.9231790026791797,CSU Northridge,Montana State,6,3,NA,400585893,2014-11-19
131,1,1:42,1302,1302,Michael Dison made Three Point Jumper. Assisted by Eric Norman.,33,19,14,18,0.8860728403305898,0.8860728403305898,CSU Northridge,Montana State,6,3,NA,400585893,2014-11-19
132,1,1:24,1284,1284,Landon Drew missed Jumper.,33,19,14,0,0.8877649926499976,0.8877649926499976,CSU Northridge,Montana State,6,3,NA,400585893,2014-11-19
133,1,1:24,1284,1284,Danny Robison Defensive Rebound.,33,19,14,8,0.8877649926499976,0.8877649926499976,CSU Northridge,Montana State,6,3,NA,400585893,2014-11-19
134,1,1:16,1276,1276,Michael Dison made Jumper. Assisted by Marcus Colbert.,33,21,12,19,0.8556101163786983,0.8556101163786983,CSU Northridge,Montana State,6,3,NA,400585893,2014-11-19
135,1,0:57,1257,1257,Ajon Efferson missed Three Point Jumper.,33,21,12,0,0.8576167159847552,0.8576167159847552,CSU Northridge,Montana State,6,3,NA,400585893,2014-11-19
136,1,0:57,1257,1257,Michael Dison Defensive Rebound.,33,21,12,13,0.8576167159847552,0.8576167159847552,CSU Northridge,Montana State,6,3,NA,400585893,2014-11-19
137,1,0:44,1244,1244,Marcus Colbert missed Layup.,33,21,12,0,0.8590421408744852,0.8590421408744852,CSU Northridge,Montana State,6,3,NA,400585893,2014-11-19
138,1,0:44,1244,1244,Landon Drew Defensive Rebound.,33,21,12,35,0.8590421408744852,0.8590421408744852,CSU Northridge,Montana State,6,3,NA,400585893,2014-11-19
139,1,0:09,1209,1209,Tre Hale-Edmerson made Jumper. Assisted by Landon Drew.,35,21,14,6,0.8955267740623751,0.8955267740623751,CSU Northridge,Montana State,6,3,NA,400585893,2014-11-19
140,1,0:03,1203,1203,Stephan Holm missed Three Point Jumper.,35,21,14,0,0.8961967902680529,0.8961967902680529,CSU Northridge,Montana State,6,3,NA,400585893,2014-11-19
141,1,0:03,1203,1203,Devonte Elliott Defensive Rebound.,35,21,14,3,0.8961967902680529,0.8961967902680529,CSU Northridge,Montana State,6,3,NA,400585893,2014-11-19
142,1,0:00,1200,1200,End of 1st half,35,21,14,0,0.8965272355199047,0.8965272355199047,CSU Northridge,Montana State,6,3,NA,400585893,2014-11-19
143,2,20:00,1200,1200,PLAY,35,21,14,24,0.8965272355199047,0.8965272355199047,CSU Northridge,Montana State,6,3,NA,400585893,2014-11-19
144,2,19:36,1176,1176,Michael Dison Turnover.,35,21,14,30,0.8990762038228294,0.8990762038228294,CSU Northridge,Montana State,6,3,NA,400585893,2014-11-19
145,2,19:06,1146,1146,Aaron Parks made Layup.,37,21,16,11,0.9267539031390102,0.9267539031390102,CSU Northridge,Montana State,6,3,NA,400585893,2014-11-19
146,2,18:55,1135,1135,Danny Robison missed Three Point Jumper.,37,21,16,0,0.9276956031765643,0.9276956031765643,CSU Northridge,Montana State,6,3,NA,400585893,2014-11-19
147,2,18:55,1135,1135,Tre Hale-Edmerson Defensive Rebound.,37,21,16,11,0.9276956031765643,0.9276956031765643,CSU Northridge,Montana State,6,3,NA,400585893,2014-11-19
148,2,18:44,1124,1124,Aaron Parks missed Jumper.,37,21,16,0,0.9286273614773097,0.9286273614773097,CSU Northridge,Montana State,6,3,NA,400585893,2014-11-19
149,2,18:44,1124,1124,Danny Robison Defensive Rebound.,37,21,16,33,0.9286273614773097,0.9286273614773097,CSU Northridge,Montana State,6,3,NA,400585893,2014-11-19
150,2,18:11,1091,1091,Stephan Holm missed Three Point Jumper.,37,21,16,0,0.9314008118049215,0.9314008118049215,CSU Northridge,Montana State,6,3,NA,400585893,2014-11-19
151,2,18:11,1091,1091,Stephan Hicks Defensive Rebound.,37,21,16,12,0.9314008118049215,0.9314008118049215,CSU Northridge,Montana State,6,3,NA,400585893,2014-11-19
152,2,17:59,1079,1079,Aaron Parks made Layup. Assisted by Stephan Hicks.,39,21,18,0,0.9503782991701893,0.9503782991701893,CSU Northridge,Montana State,6,3,NA,400585893,2014-11-19
153,2,17:59,1079,1079,Foul on Blake Brumwell.,39,21,18,0,0.9503782991701893,0.9503782991701893,CSU Northridge,Montana State,6,3,NA,400585893,2014-11-19
154,2,17:59,1079,1079,Aaron Parks missed Free Throw.,39,21,18,0,0.9503782991701893,0.9503782991701893,CSU Northridge,Montana State,6,3,NA,400585893,2014-11-19
155,2,17:59,1079,1079,Danny Robison Defensive Rebound.,39,21,18,16,0.9503782991701893,0.9503782991701893,CSU Northridge,Montana State,6,3,NA,400585893,2014-11-19
156,2,17:43,1063,1063,Marcus Colbert missed Layup.,39,21,18,0,0.9515271501874493,0.9515271501874493,CSU Northridge,Montana State,6,3,NA,400585893,2014-11-19
157,2,17:43,1063,1063,Landon Drew Block.,39,21,18,1,0.9515271501874493,0.9515271501874493,CSU Northridge,Montana State,6,3,NA,400585893,2014-11-19
158,2,17:42,1062,1062,Stephen Maxwell Defensive Rebound.,39,21,18,0,0.9515994664883317,0.9515994664883317,CSU Northridge,Montana State,6,3,NA,400585893,2014-11-19
159,2,17:42,1062,1062,Stephen Maxwell Turnover.,39,21,18,3,0.9515994664883317,0.9515994664883317,CSU Northridge,Montana State,6,3,NA,400585893,2014-11-19
160,2,17:39,1059,1059,Terrell Brown made Jumper.,39,23,16,11,0.9341266683900422,0.9341266683900422,CSU Northridge,Montana State,6,3,NA,400585893,2014-11-19
161,2,17:28,1048,1048,Foul on Blake Brumwell.,39,23,16,8,0.9350857177815808,0.9350857177815808,CSU Northridge,Montana State,6,3,NA,400585893,2014-11-19
162,2,17:20,1040,1040,Stephan Hicks missed Jumper.,39,23,16,0,0.9357928985006735,0.9357928985006735,CSU Northridge,Montana State,6,3,NA,400585893,2014-11-19
163,2,17:20,1040,1040,Marcus Colbert Defensive Rebound.,39,23,16,12,0.9357928985006735,0.9357928985006735,CSU Northridge,Montana State,6,3,NA,400585893,2014-11-19
164,2,17:08,1028,1028,Danny Robison made Layup.,39,25,14,19,0.9137413896349533,0.9137413896349533,CSU Northridge,Montana State,6,3,NA,400585893,2014-11-19
165,2,16:49,1009,1009,Tre Hale-Edmerson Turnover.,39,25,14,1,0.9157942651533466,0.9157942651533466,CSU Northridge,Montana State,6,3,NA,400585893,2014-11-19
166,2,16:48,1008,1008,Danny Robison Steal.,39,25,14,6,0.9159047113695219,0.9159047113695219,CSU Northridge,Montana State,6,3,NA,400585893,2014-11-19
167,2,16:42,1002,1002,Stephan Holm made Three Point Jumper. Assisted by Marcus Colbert.,39,28,11,9,0.8679662250116801,0.8679662250116801,CSU Northridge,Montana State,6,3,NA,400585893,2014-11-19
168,2,16:33,993,993,Foul on Terrell Brown.,39,28,11,0,0.8691692065491968,0.8691692065491968,CSU Northridge,Montana State,6,3,NA,400585893,2014-11-19
169,2,16:33,993,993,Aaron Parks made Free Throw.,40,28,12,0,0.8875325587904743,0.8875325587904743,CSU Northridge,Montana State,6,3,NA,400585893,2014-11-19
170,2,16:33,993,993,Aaron Parks made Free Throw.,41,28,13,11,0.9036042950381358,0.9036042950381358,CSU Northridge,Montana State,6,3,NA,400585893,2014-11-19
171,2,16:22,982,982,Stephan Holm made Three Point Jumper. Assisted by Marcus Colbert.,41,31,10,20,0.849876481323063,0.849876481323063,CSU Northridge,Montana State,6,3,NA,400585893,2014-11-19
172,2,16:02,962,962,Landon Drew missed Three Point Jumper.,41,31,10,0,0.8527961886205301,0.8527961886205301,CSU Northridge,Montana State,6,3,NA,400585893,2014-11-19
173,2,16:02,962,962,Stephen Maxwell Offensive Rebound.,41,31,10,4,0.8527961886205301,0.8527961886205301,CSU Northridge,Montana State,6,3,NA,400585893,2014-11-19
174,2,15:58,958,958,Foul on Danny Robison.,41,31,10,0,0.8533547887968876,0.8533547887968876,CSU Northridge,Montana State,6,3,NA,400585893,2014-11-19
175,2,15:58,958,958,Official TV Timeout,41,31,10,0,0.8533547887968876,0.8533547887968876,CSU Northridge,Montana State,6,3,NA,400585893,2014-11-19
176,2,15:58,958,958,Stephen Maxwell made Free Throw.,42,31,11,0,0.8740524876049849,0.8740524876049849,CSU Northridge,Montana State,6,3,NA,400585893,2014-11-19
177,2,15:58,958,958,Stephen Maxwell made Free Throw.,43,31,12,19,0.8921979261062103,0.8921979261062103,CSU Northridge,Montana State,6,3,NA,400585893,2014-11-19
178,2,15:39,939,939,Stephan Holm missed Three Point Jumper.,43,31,12,0,0.8944764695917055,0.8944764695917055,CSU Northridge,Montana State,6,3,NA,400585893,2014-11-19
179,2,15:39,939,939,Aaron Parks Block.,43,31,12,0,0.8944764695917055,0.8944764695917055,CSU Northridge,Montana State,6,3,NA,400585893,2014-11-19
180,2,15:39,939,939,Tre Hale-Edmerson Defensive Rebound.,43,31,12,13,0.8944764695917055,0.8944764695917055,CSU Northridge,Montana State,6,3,NA,400585893,2014-11-19
181,2,15:26,926,926,Stephan Hicks made Layup.,45,31,14,20,0.9249258206793886,0.9249258206793886,CSU Northridge,Montana State,6,3,NA,400585893,2014-11-19
182,2,15:06,906,906,Marcus Colbert missed Three Point Jumper.,45,31,14,0,0.9266921508589182,0.9266921508589182,CSU Northridge,Montana State,6,3,NA,400585893,2014-11-19
183,2,15:06,906,906,Quinn Price Offensive Rebound.,45,31,14,4,0.9266921508589182,0.9266921508589182,CSU Northridge,Montana State,6,3,NA,400585893,2014-11-19
184,2,15:02,902,902,Quinn Price made Two Point Tip Shot.,45,33,12,11,0.8983300605416975,0.8983300605416975,CSU Northridge,Montana State,6,3,NA,400585893,2014-11-19
185,2,14:51,891,891,Stephan Hicks made Jumper. Assisted by Tre Hale-Edmerson.,47,33,14,16,0.9279415719171678,0.9279415719171678,CSU Northridge,Montana State,6,3,NA,400585893,2014-11-19
186,2,14:35,875,875,Danny Robison Turnover.,47,33,14,0,0.9292372138487809,0.9292372138487809,CSU Northridge,Montana State,6,3,NA,400585893,2014-11-19
187,2,14:35,875,875,Foul on Danny Robison.,47,33,14,10,0.9292372138487809,0.9292372138487809,CSU Northridge,Montana State,6,3,NA,400585893,2014-11-19
188,2,14:25,865,865,Tre Hale-Edmerson missed Jumper.,47,33,14,0,0.9300410397480112,0.9300410397480112,CSU Northridge,Montana State,6,3,NA,400585893,2014-11-19
189,2,14:25,865,865,Terrell Brown Defensive Rebound.,47,33,14,30,0.9300410397480112,0.9300410397480112,CSU Northridge,Montana State,6,3,NA,400585893,2014-11-19
190,2,13:55,835,835,Marcus Colbert missed Three Point Jumper.,47,33,14,0,0.9325038449086056,0.9325038449086056,CSU Northridge,Montana State,6,3,NA,400585893,2014-11-19
191,2,13:55,835,835,Aaron Parks Defensive Rebound.,47,33,14,19,0.9325038449086056,0.9325038449086056,CSU Northridge,Montana State,6,3,NA,400585893,2014-11-19
192,2,13:36,816,816,Stephan Hicks missed Dunk.,47,33,14,0,0.9341623275143248,0.9341623275143248,CSU Northridge,Montana State,6,3,NA,400585893,2014-11-19
193,2,13:36,816,816,Marcus Colbert Defensive Rebound.,47,33,14,5,0.9341623275143248,0.9341623275143248,CSU Northridge,Montana State,6,3,NA,400585893,2014-11-19
194,2,13:31,811,811,Stephan Holm made Layup. Assisted by Marcus Colbert.,47,35,12,19,0.9071989890079044,0.9071989890079044,CSU Northridge,Montana State,6,3,NA,400585893,2014-11-19
195,2,13:12,792,792,Aaron Parks missed Jumper.,47,35,12,0,0.9093542014647361,0.9093542014647361,CSU Northridge,Montana State,6,3,NA,400585893,2014-11-19
196,2,13:12,792,792,Eric Norman Defensive Rebound.,47,35,12,7,0.9093542014647361,0.9093542014647361,CSU Northridge,Montana State,6,3,NA,400585893,2014-11-19
197,2,13:05,785,785,Marcus Colbert Turnover.,47,35,12,3,0.9101986872344286,0.9101986872344286,CSU Northridge,Montana State,6,3,NA,400585893,2014-11-19
198,2,13:02,782,782,Aaron Parks Steal.,47,35,12,0,0.9105697328508876,0.9105697328508876,CSU Northridge,Montana State,6,3,NA,400585893,2014-11-19
199,2,13:02,782,782,Aaron Parks Turnover.,47,35,12,9,0.9105697328508876,0.9105697328508876,CSU Northridge,Montana State,6,3,NA,400585893,2014-11-19
200,2,12:53,773,773,Joey Frenchwood made Three Point Jumper. Assisted by Eric Norman.,47,38,9,23,0.8520903258032857,0.8520903258032857,CSU Northridge,Montana State,6,3,NA,400585893,2014-11-19
201,2,12:30,750,750,Tre Hale-Edmerson Turnover.,47,38,9,14,0.8558565683710779,0.8558565683710779,CSU Northridge,Montana State,6,3,NA,400585893,2014-11-19
202,2,12:16,736,736,Foul on Tre Hale-Edmerson.,47,38,9,0,0.8584043070473865,0.8584043070473865,CSU Northridge,Montana State,6,3,NA,400585893,2014-11-19
203,2,12:16,736,736,Blake Brumwell made Free Throw.,47,39,8,0,0.8322790470173294,0.8322790470173294,CSU Northridge,Montana State,6,3,NA,400585893,2014-11-19
204,2,12:16,736,736,Blake Brumwell missed Free Throw.,47,39,8,0,0.8322790470173294,0.8322790470173294,CSU Northridge,Montana State,6,3,NA,400585893,2014-11-19
205,2,12:16,736,736,Stephan Holm Offensive Rebound.,47,39,8,12,0.8322790470173294,0.8322790470173294,CSU Northridge,Montana State,6,3,NA,400585893,2014-11-19
206,2,12:04,724,724,Foul on Aaron Parks.,47,39,8,4,0.8346293503451502,0.8346293503451502,CSU Northridge,Montana State,6,3,NA,400585893,2014-11-19
207,2,12:00,720,720,Eric Norman Turnover.,47,39,8,16,0.8353765515716539,0.8353765515716539,CSU Northridge,Montana State,6,3,NA,400585893,2014-11-19
208,2,11:44,704,704,Aaron Parks missed Layup.,47,39,8,0,0.8381418825645969,0.8381418825645969,CSU Northridge,Montana State,6,3,NA,400585893,2014-11-19
209,2,11:44,704,704,Blake Brumwell Defensive Rebound.,47,39,8,4,0.8381418825645969,0.8381418825645969,CSU Northridge,Montana State,6,3,NA,400585893,2014-11-19
210,2,11:40,700,700,Michael Dison missed Layup.,47,39,8,0,0.83878600359693,0.83878600359693,CSU Northridge,Montana State,6,3,NA,400585893,2014-11-19
211,2,11:40,700,700,Devonte Elliott Block.,47,39,8,1,0.83878600359693,0.83878600359693,CSU Northridge,Montana State,6,3,NA,400585893,2014-11-19
212,2,11:39,699,699,Montana St Offensive Rebound.,47,39,8,0,0.8389445456411938,0.8389445456411938,CSU Northridge,Montana State,6,3,NA,400585893,2014-11-19
213,2,11:39,699,699,Official TV Timeout,47,39,8,0,0.8389445456411938,0.8389445456411938,CSU Northridge,Montana State,6,3,NA,400585893,2014-11-19
214,2,11:39,699,699,Terrell Brown Turnover.,47,39,8,1,0.8389445456411938,0.8389445456411938,CSU Northridge,Montana State,6,3,NA,400585893,2014-11-19
215,2,11:38,698,698,Ajon Efferson Steal.,47,39,8,2,0.839102144237935,0.839102144237935,CSU Northridge,Montana State,6,3,NA,400585893,2014-11-19
216,2,11:36,696,696,Stephen Maxwell made Layup. Assisted by Ajon Efferson.,49,39,10,25,0.8876889055544527,0.8876889055544527,CSU Northridge,Montana State,6,3,NA,400585893,2014-11-19
217,2,11:11,671,671,Blake Brumwell missed Layup.,49,39,10,0,0.8910759732654423,0.8910759732654423,CSU Northridge,Montana State,6,3,NA,400585893,2014-11-19
218,2,11:11,671,671,Devonte Elliott Block.,49,39,10,2,0.8910759732654423,0.8910759732654423,CSU Northridge,Montana State,6,3,NA,400585893,2014-11-19
219,2,11:09,669,669,Terrell Brown Offensive Rebound.,49,39,10,2,0.8913349557480509,0.8913349557480509,CSU Northridge,Montana State,6,3,NA,400585893,2014-11-19
220,2,11:07,667,667,Terrell Brown missed Layup.,49,39,10,0,0.8915930274213232,0.8915930274213232,CSU Northridge,Montana State,6,3,NA,400585893,2014-11-19
221,2,11:07,667,667,Devonte Elliott Block.,49,39,10,3,0.8915930274213232,0.8915930274213232,CSU Northridge,Montana State,6,3,NA,400585893,2014-11-19
222,2,11:04,664,664,Blake Brumwell Offensive Rebound.,49,39,10,2,0.8919788055238529,0.8919788055238529,CSU Northridge,Montana State,6,3,NA,400585893,2014-11-19
223,2,11:02,662,662,Blake Brumwell made Layup.,49,41,8,18,0.8443588107366178,0.8443588107366178,CSU Northridge,Montana State,6,3,NA,400585893,2014-11-19
224,2,10:44,644,644,Devonte Elliott made Jumper. Assisted by Landon Drew.,51,41,10,19,0.8945501816797039,0.8945501816797039,CSU Northridge,Montana State,6,3,NA,400585893,2014-11-19
225,2,10:25,625,625,Michael Dison missed Jumper.,51,41,10,0,0.8970961246608785,0.8970961246608785,CSU Northridge,Montana State,6,3,NA,400585893,2014-11-19
226,2,10:25,625,625,Tre Hale-Edmerson Defensive Rebound.,51,41,10,10,0.8970961246608785,0.8970961246608785,CSU Northridge,Montana State,6,3,NA,400585893,2014-11-19
227,2,10:15,615,615,Foul on Joey Frenchwood.,51,41,10,0,0.8985209848683154,0.8985209848683154,CSU Northridge,Montana State,6,3,NA,400585893,2014-11-19
228,2,10:15,615,615,Stephen Maxwell made Free Throw.,52,41,11,0,0.9167500882898457,0.9167500882898457,CSU Northridge,Montana State,6,3,NA,400585893,2014-11-19
229,2,10:15,615,615,Stephen Maxwell missed Free Throw.,52,41,11,0,0.9167500882898457,0.9167500882898457,CSU Northridge,Montana State,6,3,NA,400585893,2014-11-19
230,2,10:15,615,615,Blake Brumwell Defensive Rebound.,52,41,11,20,0.9167500882898457,0.9167500882898457,CSU Northridge,Montana State,6,3,NA,400585893,2014-11-19
231,2,9:55,595,595,Terrell Brown made Three Point Jumper. Assisted by Danny Robison.,52,44,8,9,0.8547521235343513,0.8547521235343513,CSU Northridge,Montana State,6,3,NA,400585893,2014-11-19
232,2,9:46,586,586,Foul on Blake Brumwell.,52,44,8,0,0.856476875584034,0.856476875584034,CSU Northridge,Montana State,6,3,NA,400585893,2014-11-19
233,2,9:46,586,586,Landon Drew missed Free Throw.,52,44,8,0,0.856476875584034,0.856476875584034,CSU Northridge,Montana State,6,3,NA,400585893,2014-11-19
234,2,9:46,586,586,CS Northridge Deadball Team Rebound.,52,44,8,0,0.856476875584034,0.856476875584034,CSU Northridge,Montana State,6,3,NA,400585893,2014-11-19
235,2,9:46,586,586,Landon Drew made Free Throw.,53,44,9,22,0.881803687206963,0.881803687206963,CSU Northridge,Montana State,6,3,NA,400585893,2014-11-19
236,2,9:24,564,564,Stephan Holm made Three Point Jumper. Assisted by Marcus Colbert.,53,47,6,23,0.7972325054141061,0.7972325054141061,CSU Northridge,Montana State,6,3,NA,400585893,2014-11-19
237,2,9:01,541,541,Tre Hale-Edmerson made Layup. Assisted by Devonte Elliott.,55,47,8,6,0.8668804644034599,0.8668804644034599,CSU Northridge,Montana State,6,3,NA,400585893,2014-11-19
238,2,8:55,535,535,Terrell Brown missed Three Point Jumper.,55,47,8,0,0.8682130811814599,0.8682130811814599,CSU Northridge,Montana State,6,3,NA,400585893,2014-11-19
239,2,8:55,535,535,Stephen Maxwell Defensive Rebound.,55,47,8,27,0.8682130811814599,0.8682130811814599,CSU Northridge,Montana State,6,3,NA,400585893,2014-11-19
240,2,8:28,508,508,Stephen Maxwell missed Jumper.,55,47,8,0,0.8733634181326488,0.8733634181326488,CSU Northridge,Montana State,6,3,NA,400585893,2014-11-19
241,2,8:28,508,508,Danny Robison Defensive Rebound.,55,47,8,7,0.8733634181326488,0.8733634181326488,CSU Northridge,Montana State,6,3,NA,400585893,2014-11-19
242,2,8:21,501,501,Stephan Holm missed Three Point Jumper.,55,47,8,0,0.8745915784102809,0.8745915784102809,CSU Northridge,Montana State,6,3,NA,400585893,2014-11-19
243,2,8:21,501,501,CS Northridge Defensive Rebound.,55,47,8,19,0.8745915784102809,0.8745915784102809,CSU Northridge,Montana State,6,3,NA,400585893,2014-11-19
244,2,8:02,482,482,Devonte Elliott missed Jumper.,55,47,8,0,0.8780070074270332,0.8780070074270332,CSU Northridge,Montana State,6,3,NA,400585893,2014-11-19
245,2,8:02,482,482,Stephen Maxwell Offensive Rebound.,55,47,8,6,0.8780070074270332,0.8780070074270332,CSU Northridge,Montana State,6,3,NA,400585893,2014-11-19
246,2,7:56,476,476,Stephan Hicks missed Layup.,55,47,8,0,0.879162163199387,0.879162163199387,CSU Northridge,Montana State,6,3,NA,400585893,2014-11-19
247,2,7:56,476,476,Devonte Elliott Offensive Rebound.,55,47,8,16,0.879162163199387,0.879162163199387,CSU Northridge,Montana State,6,3,NA,400585893,2014-11-19
248,2,7:40,460,460,Stephen Maxwell made Jumper.,57,47,10,35,0.9256151624852939,0.9256151624852939,CSU Northridge,Montana State,6,3,NA,400585893,2014-11-19
249,2,7:05,425,425,Marcus Colbert missed Jumper.,57,47,10,0,0.933681532907632,0.933681532907632,CSU Northridge,Montana State,6,3,NA,400585893,2014-11-19
250,2,7:05,425,425,Stephan Hicks Defensive Rebound.,57,47,10,8,0.933681532907632,0.933681532907632,CSU Northridge,Montana State,6,3,NA,400585893,2014-11-19
251,2,6:57,417,417,Foul on Zach Green.,57,47,10,0,0.9356040301210694,0.9356040301210694,CSU Northridge,Montana State,6,3,NA,400585893,2014-11-19
252,2,6:57,417,417,Official TV Timeout,57,47,10,0,0.9356040301210694,0.9356040301210694,CSU Northridge,Montana State,6,3,NA,400585893,2014-11-19
253,2,6:57,417,417,Stephan Hicks made Free Throw.,58,47,11,0,0.9499675209337796,0.9499675209337796,CSU Northridge,Montana State,6,3,NA,400585893,2014-11-19
254,2,6:57,417,417,Stephan Hicks made Free Throw.,59,47,12,32,0.9612598988136729,0.9612598988136729,CSU Northridge,Montana State,6,3,NA,400585893,2014-11-19
255,2,6:25,385,385,Marcus Colbert missed Three Point Jumper.,59,47,12,0,0.9661987052744433,0.9661987052744433,CSU Northridge,Montana State,6,3,NA,400585893,2014-11-19
256,2,6:25,385,385,Tre Hale-Edmerson Defensive Rebound.,59,47,12,8,0.9661987052744433,0.9661987052744433,CSU Northridge,Montana State,6,3,NA,400585893,2014-11-19
257,2,6:17,377,377,Stephan Hicks made Jumper. Assisted by Landon Drew.,61,47,14,8,0.9811788377068859,0.9811788377068859,CSU Northridge,Montana State,6,3,NA,400585893,2014-11-19
258,2,6:09,369,369,Marcus Colbert Turnover.,61,47,14,0,0.9819719955150754,0.9819719955150754,CSU Northridge,Montana State,6,3,NA,400585893,2014-11-19
259,2,6:09,369,369,Stephan Hicks Steal.,61,47,14,5,0.9819719955150754,0.9819719955150754,CSU Northridge,Montana State,6,3,NA,400585893,2014-11-19
260,2,6:04,364,364,Stephen Maxwell missed Layup.,61,47,14,0,0.9824720043771412,0.9824720043771412,CSU Northridge,Montana State,6,3,NA,400585893,2014-11-19
261,2,6:04,364,364,Stephan Holm Defensive Rebound.,61,47,14,16,0.9824720043771412,0.9824720043771412,CSU Northridge,Montana State,6,3,NA,400585893,2014-11-19
262,2,5:48,348,348,Eric Norman missed Layup.,61,47,14,0,0.9841172726514014,0.9841172726514014,CSU Northridge,Montana State,6,3,NA,400585893,2014-11-19
263,2,5:48,348,348,Devonte Elliott Block.,61,47,14,2,0.9841172726514014,0.9841172726514014,CSU Northridge,Montana State,6,3,NA,400585893,2014-11-19
264,2,5:46,346,346,Devonte Elliott Defensive Rebound.,61,47,14,19,0.984329174472165,0.984329174472165,CSU Northridge,Montana State,6,3,NA,400585893,2014-11-19
265,2,5:27,327,327,Stephan Hicks made Jumper. Assisted by Tre Hale-Edmerson.,63,47,16,20,0.9925929525589593,0.9925929525589593,CSU Northridge,Montana State,6,3,NA,400585893,2014-11-19
266,2,5:07,307,307,Stephan Holm made Three Point Jumper. Assisted by Marcus Colbert.,63,50,13,8,0.9845483642625439,0.9845483642625439,CSU Northridge,Montana State,6,3,NA,400585893,2014-11-19
267,2,4:59,299,299,CS Northridge  Timeout,63,50,13,20,0.9852580782931439,0.9852580782931439,CSU Northridge,Montana State,6,2,NA,400585893,2014-11-19
268,2,4:39,279,279,Devonte Elliott missed Jumper.,63,50,13,0,0.9853976525071679,0.9853976525071679,CSU Northridge,Montana State,6,2,NA,400585893,2014-11-19
269,2,4:39,279,279,Danny Robison Defensive Rebound.,63,50,13,9,0.9853976525071679,0.9853976525071679,CSU Northridge,Montana State,6,2,NA,400585893,2014-11-19
270,2,4:30,270,270,Foul on Devonte Elliott.,63,50,13,0,0.9849955762062821,0.9849955762062821,CSU Northridge,Montana State,6,2,NA,400585893,2014-11-19
271,2,4:30,270,270,Marcus Colbert made Free Throw.,63,51,12,0,0.9794156179815521,0.9794156179815521,CSU Northridge,Montana State,6,2,NA,400585893,2014-11-19
272,2,4:30,270,270,Marcus Colbert made Free Throw.,63,52,11,34,0.9718199105896769,0.9718199105896769,CSU Northridge,Montana State,6,2,NA,400585893,2014-11-19
273,2,3:56,236,236,Landon Drew missed Jumper.,63,52,11,0,0.9694151591795124,0.9694151591795124,CSU Northridge,Montana State,6,2,NA,400585893,2014-11-19
274,2,3:56,236,236,Quinn Price Block.,63,52,11,0,0.9694151591795124,0.9694151591795124,CSU Northridge,Montana State,6,2,NA,400585893,2014-11-19
275,2,3:56,236,236,Montana St Defensive Rebound.,63,52,11,0,0.9694151591795124,0.9694151591795124,CSU Northridge,Montana State,6,2,NA,400585893,2014-11-19
276,2,3:56,236,236,Official TV Timeout,63,52,11,19,0.9694151591795124,0.9694151591795124,CSU Northridge,Montana State,6,2,NA,400585893,2014-11-19
277,2,3:37,217,217,Michael Dison made Jumper.,63,54,9,16,0.9467140153162219,0.9467140153162219,CSU Northridge,Montana State,6,2,NA,400585893,2014-11-19
278,2,3:21,201,201,Stephan Hicks Turnover.,63,54,9,0,0.9535248679431103,0.9535248679431103,CSU Northridge,Montana State,6,2,NA,400585893,2014-11-19
279,2,3:21,201,201,Foul on Stephan Hicks.,63,54,9,24,0.9535248679431103,0.9535248679431103,CSU Northridge,Montana State,6,2,NA,400585893,2014-11-19
280,2,2:57,177,177,Foul on Tre Hale-Edmerson.,63,54,9,12,0.9689067215526187,0.9689067215526187,CSU Northridge,Montana State,6,2,NA,400585893,2014-11-19
281,2,2:45,165,165,Stephan Holm missed Three Point Jumper.,63,54,9,0,0.9752971324354139,0.9752971324354139,CSU Northridge,Montana State,6,2,NA,400585893,2014-11-19
282,2,2:45,165,165,CS Northridge Defensive Rebound.,63,54,9,24,0.9752971324354139,0.9752971324354139,CSU Northridge,Montana State,6,2,NA,400585893,2014-11-19
283,2,2:21,141,141,Stephen Maxwell missed Jumper.,63,54,9,0,0.9853507079351367,0.9853507079351367,CSU Northridge,Montana State,6,2,NA,400585893,2014-11-19
284,2,2:21,141,141,Michael Dison Defensive Rebound.,63,54,9,10,0.9853507079351367,0.9853507079351367,CSU Northridge,Montana State,6,2,NA,400585893,2014-11-19
285,2,2:11,131,131,Marcus Colbert missed Layup.,63,54,9,0,0.9886347221186965,0.9886347221186965,CSU Northridge,Montana State,6,2,NA,400585893,2014-11-19
286,2,2:11,131,131,Stephen Maxwell Defensive Rebound.,63,54,9,27,0.9886347221186965,0.9886347221186965,CSU Northridge,Montana State,6,2,NA,400585893,2014-11-19
287,2,1:44,104,104,Tre Hale-Edmerson Turnover.,63,54,9,0,0.9950784447461183,0.9950784447461183,CSU Northridge,Montana State,6,2,NA,400585893,2014-11-19
288,2,1:44,104,104,Marcus Colbert Steal.,63,54,9,4,0.9950784447461183,0.9950784447461183,CSU Northridge,Montana State,6,2,NA,400585893,2014-11-19
289,2,1:40,100,100,Michael Dison made Layup. Assisted by Marcus Colbert.,63,56,7,15,0.9858519351230107,0.9858519351230107,CSU Northridge,Montana State,6,2,NA,400585893,2014-11-19
290,2,1:25,85,85,CS Northridge  Timeout,63,56,7,2,0.9910549402531539,0.9910549402531539,CSU Northridge,Montana State,6,1,NA,400585893,2014-11-19
291,2,1:23,83,83,Foul on Michael Dison.,63,56,7,0,0.9916068769405262,0.9916068769405262,CSU Northridge,Montana State,6,1,NA,400585893,2014-11-19
292,2,1:23,83,83,Landon Drew made Free Throw.,64,56,8,0,0.9957374500398825,0.9957374500398825,CSU Northridge,Montana State,6,1,NA,400585893,2014-11-19
293,2,1:23,83,83,Landon Drew made Free Throw.,65,56,9,13,0.9978396407639523,0.9978396407639523,CSU Northridge,Montana State,6,1,NA,400585893,2014-11-19
294,2,1:10,70,70,Danny Robison made Layup.,65,58,7,12,0.9945813368900183,0.9945813368900183,CSU Northridge,Montana State,6,1,NA,400585893,2014-11-19
295,2,0:58,58,58,Stephen Maxwell missed Layup.,65,58,7,0,0.996503108860495,0.996503108860495,CSU Northridge,Montana State,6,1,NA,400585893,2014-11-19
296,2,0:58,58,58,Devonte Elliott Offensive Rebound.,65,58,7,3,0.996503108860495,0.996503108860495,CSU Northridge,Montana State,6,1,NA,400585893,2014-11-19
297,2,0:55,55,55,Foul on Danny Robison.,65,58,7,0,0.9968794205715271,0.9968794205715271,CSU Northridge,Montana State,6,1,NA,400585893,2014-11-19
298,2,0:55,55,55,Devonte Elliott missed Free Throw.,65,58,7,0,0.9968794205715271,0.9968794205715271,CSU Northridge,Montana State,6,1,NA,400585893,2014-11-19
299,2,0:55,55,55,CS Northridge Deadball Team Rebound.,65,58,7,0,0.9968794205715271,0.9968794205715271,CSU Northridge,Montana State,6,1,NA,400585893,2014-11-19
300,2,0:55,55,55,Devonte Elliott made Free Throw.,66,58,8,10,0.9986284108405723,0.9986284108405723,CSU Northridge,Montana State,6,1,NA,400585893,2014-11-19
301,2,0:45,45,45,Michael Dison missed Three Point Jumper.,66,58,8,0,0.9991265517926287,0.9991265517926287,CSU Northridge,Montana State,6,1,NA,400585893,2014-11-19
302,2,0:45,45,45,Danny Robison Offensive Rebound.,66,58,8,4,0.9991265517926287,0.9991265517926287,CSU Northridge,Montana State,6,1,NA,400585893,2014-11-19
303,2,0:41,41,41,Foul on Stephen Maxwell.,66,58,8,0,0.9992766149847279,0.9992766149847279,CSU Northridge,Montana State,6,1,NA,400585893,2014-11-19
304,2,0:41,41,41,Danny Robison made Free Throw.,66,59,7,0,0.9982157827115955,0.9982157827115955,CSU Northridge,Montana State,6,1,NA,400585893,2014-11-19
305,2,0:41,41,41,Danny Robison made Free Throw.,66,60,6,6,0.9956060978021991,0.9956060978021991,CSU Northridge,Montana State,6,1,NA,400585893,2014-11-19
306,2,0:35,35,35,Foul on Michael Dison.,66,60,6,0,0.9964646692060322,0.9964646692060322,CSU Northridge,Montana State,6,1,NA,400585893,2014-11-19
307,2,0:35,35,35,Stephan Hicks made Free Throw.,67,60,7,0,0.9986163438447522,0.9986163438447522,CSU Northridge,Montana State,6,1,NA,400585893,2014-11-19
308,2,0:35,35,35,Stephan Hicks made Free Throw.,68,60,8,0,0.9994591760349223,0.9994591760349223,CSU Northridge,Montana State,6,1,NA,400585893,2014-11-19
309,2,0:35,35,35,CS Northridge  Timeout,68,60,8,9,0.9994591760349223,0.9994591760349223,CSU Northridge,Montana State,6,0,NA,400585893,2014-11-19
310,2,0:26,26,26,Blake Brumwell missed Layup.,68,60,8,0,0.9996557365726595,0.9996557365726595,CSU Northridge,Montana State,6,0,NA,400585893,2014-11-19
311,2,0:26,26,26,Tre Hale-Edmerson Block.,68,60,8,1,0.9996557365726595,0.9996557365726595,CSU Northridge,Montana State,6,0,NA,400585893,2014-11-19
312,2,0:25,25,25,Blake Brumwell Offensive Rebound.,68,60,8,2,0.9996729048122958,0.9996729048122958,CSU Northridge,Montana State,6,0,NA,400585893,2014-11-19
313,2,0:23,23,23,Blake Brumwell missed Layup.,68,60,8,0,0.9997048640088042,0.9997048640088042,CSU Northridge,Montana State,6,0,NA,400585893,2014-11-19
314,2,0:23,23,23,Tre Hale-Edmerson Block.,68,60,8,1,0.9997048640088042,0.9997048640088042,CSU Northridge,Montana State,6,0,NA,400585893,2014-11-19
315,2,0:22,22,22,Michael Dison Offensive Rebound.,68,60,8,3,0.9997197603004483,0.9997197603004483,CSU Northridge,Montana State,6,0,NA,400585893,2014-11-19
316,2,0:19,19,19,Stephan Holm made Three Point Jumper. Assisted by Marcus Colbert.,68,63,5,2,0.9945732917863148,0.9945732917863148,CSU Northridge,Montana State,6,0,NA,400585893,2014-11-19
317,2,0:17,17,17,Montana St  Timeout,68,63,5,1,0.9949236351283457,0.9949236351283457,CSU Northridge,Montana State,6,-1,NA,400585893,2014-11-19
318,2,0:16,16,16,Foul on Michael Dison.,68,63,5,0,0.9950920147273049,0.9950920147273049,CSU Northridge,Montana State,6,-1,NA,400585893,2014-11-19
319,2,0:16,16,16,Stephan Hicks made Free Throw.,69,63,6,0,0.9982982008592165,0.9982982008592165,CSU Northridge,Montana State,6,-1,NA,400585893,2014-11-19
320,2,0:16,16,16,Stephan Hicks made Free Throw.,70,63,7,7,0.9994111560645645,0.9994111560645645,CSU Northridge,Montana State,6,-1,NA,400585893,2014-11-19
321,2,0:09,9,9,Stephan Holm Turnover.,70,63,7,1,0.9995810459576618,0.9995810459576618,CSU Northridge,Montana State,6,-1,NA,400585893,2014-11-19
322,2,0:08,8,8,Landon Drew Steal.,70,63,7,2,0.9996013584134967,0.9996013584134967,CSU Northridge,Montana State,6,-1,NA,400585893,2014-11-19
323,2,0:06,6,6,Tre Hale-Edmerson made Layup. Assisted by Landon Drew.,72,63,9,2,0.9999625359348822,0.9999625359348822,CSU Northridge,Montana State,6,-1,NA,400585893,2014-11-19
324,2,0:04,4,4,Foul on Tre Hale-Edmerson.,72,63,9,0,0.9999670976954876,0.9999670976954876,CSU Northridge,Montana State,6,-1,NA,400585893,2014-11-19
325,2,0:04,4,4,Marcus Colbert made Free Throw.,72,64,8,0,0.9998964190244446,0.9998964190244446,CSU Northridge,Montana State,6,-1,NA,400585893,2014-11-19
326,2,0:04,4,4,Marcus Colbert made Free Throw.,72,65,7,0,0.9996739623594854,0.9996739623594854,CSU Northridge,Montana State,6,-1,NA,400585893,2014-11-19
327,2,0:04,4,4,Montana St  Timeout,72,65,7,4,0.9996739623594854,0.9996739623594854,CSU Northridge,Montana State,6,-2,NA,400585893,2014-11-19
328,2,0:00,0,0,End of Game,72,65,7,0,1,1,CSU Northridge,Montana State,6,-2,NA,400585893,2014-11-19
