game_id,date,home,away,play_id,half,time_remaining_half,secs_remaining,secs_remaining_absolute,description,home_score,away_score,score_diff,play_length,win_prob,naive_win_prob,home_time_out_remaining,away_time_out_remaining,home_favored_by,shot_x,shot_y,shot_team,shot_outcome,shooter,assist,three_pt,free_throw,possession_before,possession_after
400992166,2017-11-30,Oakland,Texas Southern,1,1,20:00:00,2400,2400,PLAY,0,0,0,0,0.7690993590789791,0.5,4,4,7.5,NA,NA,NA,NA,NA,NA,NA,NA,NA,Texas Southern
400992166,2017-11-30,Oakland,Texas Southern,2,1,19:48:00,2388,2388,Trayvon Reed missed Layup.,0,0,0,12,0.7688430807689313,0.5,4,4,7.5,NA,NA,Texas Southern,missed,Trayvon Reed,NA,FALSE,FALSE,Texas Southern,Oakland
400992166,2017-11-30,Oakland,Texas Southern,3,1,19:48:00,2388,2388,Isaiah Brock Block.,0,0,0,0,0.7688430807689313,0.5,4,4,7.5,NA,NA,NA,NA,NA,NA,NA,NA,Texas Southern,Oakland
400992166,2017-11-30,Oakland,Texas Southern,4,1,19:44:00,2384,2384,James Beck Defensive Rebound.,0,0,0,4,0.7687567926573994,0.5,4,4,7.5,NA,NA,NA,NA,NA,NA,NA,NA,Texas Southern,Oakland
400992166,2017-11-30,Oakland,Texas Southern,5,1,19:26:00,2366,2366,Nick Daniels missed Three Point Jumper.,0,0,0,18,0.7683630700777933,0.5,4,4,7.5,NA,NA,Oakland,missed,Nick Daniels,NA,TRUE,FALSE,Oakland,Texas Southern
400992166,2017-11-30,Oakland,Texas Southern,6,1,19:26:00,2366,2366,Trayvon Reed Defensive Rebound.,0,0,0,0,0.7683630700777933,0.5,4,4,7.5,NA,NA,NA,NA,NA,NA,NA,NA,Oakland,Texas Southern
400992166,2017-11-30,Oakland,Texas Southern,7,1,19:10:00,2350,2350,Trayvon Reed made Dunk. Assisted by Demontrae Jefferson.,0,2,-2,16,0.7342373702371339,0.4549092390044173,4,4,7.5,NA,NA,Texas Southern,made,Trayvon Reed,Demontrae Jefferson,FALSE,FALSE,Texas Southern,Oakland
400992166,2017-11-30,Oakland,Texas Southern,8,1,18:54:00,2334,2334,James Beck missed Three Point Jumper.,0,2,-2,16,0.7335637437757645,0.4545614938352706,4,4,7.5,NA,NA,Oakland,missed,James Beck,NA,TRUE,FALSE,Oakland,Texas Southern
400992166,2017-11-30,Oakland,Texas Southern,9,1,18:54:00,2334,2334,Kevin Scott Defensive Rebound.,0,2,-2,0,0.7335637437757645,0.4545614938352706,4,4,7.5,NA,NA,NA,NA,NA,NA,NA,NA,Oakland,Texas Southern
400992166,2017-11-30,Oakland,Texas Southern,10,1,18:42:00,2322,2322,Donte Clark missed Three Point Jumper.,0,2,-2,12,0.7330510878299811,0.4542986527509787,4,4,7.5,NA,NA,Texas Southern,missed,Donte Clark,NA,TRUE,FALSE,Texas Southern,Oakland
400992166,2017-11-30,Oakland,Texas Southern,11,1,18:42:00,2322,2322,Oakland Defensive Rebound.,0,2,-2,0,0.7330510878299811,0.4542986527509787,4,4,7.5,NA,NA,NA,NA,NA,NA,NA,NA,Texas Southern,Oakland
400992166,2017-11-30,Oakland,Texas Southern,12,1,18:16:00,2296,2296,Martez Walker missed Jumper.,0,2,-2,26,0.7319183749831705,0.4537236562407298,4,4,7.5,NA,NA,Oakland,missed,Martez Walker,NA,FALSE,FALSE,Oakland,Texas Southern
400992166,2017-11-30,Oakland,Texas Southern,13,1,18:16:00,2296,2296,Trayvon Reed Block.,0,2,-2,0,0.7319183749831705,0.4537236562407298,4,4,7.5,NA,NA,NA,NA,NA,NA,NA,NA,Oakland,Texas Southern
400992166,2017-11-30,Oakland,Texas Southern,14,1,18:12:00,2292,2292,Trayvon Reed Defensive Rebound.,0,2,-2,4,0.7317414356152483,0.4536345705228979,4,4,7.5,NA,NA,NA,NA,NA,NA,NA,NA,Oakland,Texas Southern
400992166,2017-11-30,Oakland,Texas Southern,15,1,18:08:00,2288,2288,Demontrae Jefferson Turnover.,0,2,-2,4,0.7315637807578373,0.4535453277550481,4,4,7.5,NA,NA,NA,NA,NA,NA,NA,NA,Texas Southern,Oakland
400992166,2017-11-30,Oakland,Texas Southern,16,1,18:07:00,2287,2287,Martez Walker Steal.,0,2,-2,1,0.7315192551679363,0.4535229929185476,4,4,7.5,NA,NA,NA,NA,NA,NA,NA,NA,Texas Southern,Oakland
400992166,2017-11-30,Oakland,Texas Southern,17,1,17:59:00,2279,2279,Foul on Donte Clark.,0,2,-2,8,0.7311614377648143,0.4533439747504318,4,4,7.5,NA,NA,NA,NA,NA,NA,NA,NA,Oakland,Oakland
400992166,2017-11-30,Oakland,Texas Southern,18,1,17:58:00,2278,2278,Martez Walker missed Three Point Jumper.,0,2,-2,1,0.7311165088423492,0.4533215558337933,4,4,7.5,NA,NA,Oakland,missed,Martez Walker,NA,TRUE,FALSE,Oakland,Texas Southern
400992166,2017-11-30,Oakland,Texas Southern,19,1,17:58:00,2278,2278,Donte Clark Defensive Rebound.,0,2,-2,0,0.7311165088423492,0.4533215558337933,4,4,7.5,NA,NA,NA,NA,NA,NA,NA,NA,Oakland,Texas Southern
400992166,2017-11-30,Oakland,Texas Southern,20,1,17:50:00,2270,2270,Foul on James Beck.,0,2,-2,8,0.730755461280983,0.4531418820632728,4,4,7.5,NA,NA,NA,NA,NA,NA,NA,NA,Texas Southern,Texas Southern
400992166,2017-11-30,Oakland,Texas Southern,21,1,17:50:00,2270,2270,Donte Clark made Free Throw.,0,3,-3,0,0.7118665642395502,0.4299693615668883,4,4,7.5,NA,NA,Texas Southern,made,Donte Clark,NA,FALSE,TRUE,Texas Southern,Texas Southern
400992166,2017-11-30,Oakland,Texas Southern,22,1,17:50:00,2270,2270,Donte Clark made Free Throw.,0,4,-4,0,0.6922106593493617,0.407099682795744,4,4,7.5,NA,NA,Texas Southern,made,Donte Clark,NA,FALSE,TRUE,Texas Southern,Oakland
400992166,2017-11-30,Oakland,Texas Southern,23,1,17:40:00,2260,2260,Nick Daniels missed Three Point Jumper.,0,4,-4,10,0.6915236362827443,0.40666070605256693,4,4,7.5,NA,NA,Oakland,missed,Nick Daniels,NA,TRUE,FALSE,Oakland,Texas Southern
400992166,2017-11-30,Oakland,Texas Southern,24,1,17:40:00,2260,2260,Trayvon Reed Defensive Rebound.,0,4,-4,0,0.6915236362827443,0.40666070605256693,4,4,7.5,NA,NA,NA,NA,NA,NA,NA,NA,Oakland,Texas Southern
400992166,2017-11-30,Oakland,Texas Southern,25,1,17:25:00,2245,2245,Kevin Scott made Three Point Jumper.,0,7,-7,15,0.626440746556096,0.33941005546340147,4,4,7.5,NA,NA,Texas Southern,made,Kevin Scott,NA,TRUE,FALSE,Texas Southern,Oakland
400992166,2017-11-30,Oakland,Texas Southern,26,1,17:11:00,2231,2231,Brailen Neely made Three Point Jumper. Assisted by Jalen Hayes.,3,7,-4,14,0.6894978873154101,0.4053797212093465,4,4,7.5,NA,NA,Oakland,made,Brailen Neely,Jalen Hayes,TRUE,FALSE,Oakland,Texas Southern
400992166,2017-11-30,Oakland,Texas Southern,27,1,16:53:00,2213,2213,Donte Clark Turnover.,3,7,-4,18,0.6882157977872027,0.4045795136145856,4,4,7.5,NA,NA,NA,NA,NA,NA,NA,NA,Texas Southern,Oakland
400992166,2017-11-30,Oakland,Texas Southern,28,1,16:42:00,2202,2202,Foul on Trayvon Reed.,3,7,-4,11,0.6874230684067687,0.4040888893598716,4,4,7.5,NA,NA,NA,NA,NA,NA,NA,NA,Oakland,Oakland
400992166,2017-11-30,Oakland,Texas Southern,29,1,16:42:00,2202,2202,Jalen Hayes made Free Throw.,4,7,-3,0,0.7079014123643842,0.4276752383219673,4,4,7.5,NA,NA,Oakland,made,Jalen Hayes,NA,FALSE,TRUE,Oakland,Oakland
400992166,2017-11-30,Oakland,Texas Southern,30,1,16:42:00,2202,2202,Jalen Hayes made Free Throw.,5,7,-2,0,0.7275698229415366,0.45159499670939535,4,4,7.5,NA,NA,Oakland,made,Jalen Hayes,NA,FALSE,TRUE,Oakland,Texas Southern
400992166,2017-11-30,Oakland,Texas Southern,31,1,16:34:00,2194,2194,Derrick Bruce missed Three Point Jumper.,5,7,-2,8,0.7271812136777693,0.4514111445131579,4,4,7.5,NA,NA,Texas Southern,missed,Derrick Bruce,NA,TRUE,FALSE,Texas Southern,Texas Southern
400992166,2017-11-30,Oakland,Texas Southern,32,1,16:34:00,2194,2194,Derrick Bruce Offensive Rebound.,5,7,-2,0,0.7271812136777693,0.4514111445131579,4,4,7.5,NA,NA,NA,NA,NA,NA,NA,NA,Texas Southern,Texas Southern
400992166,2017-11-30,Oakland,Texas Southern,33,1,16:28:00,2188,2188,Derrick Bruce Turnover.,5,7,-2,6,0.7268878332526503,0.45127305785881405,4,4,7.5,NA,NA,NA,NA,NA,NA,NA,NA,Texas Southern,Oakland
400992166,2017-11-30,Oakland,Texas Southern,34,1,16:28:00,2188,2188,Nick Daniels Steal.,5,7,-2,0,0.7268878332526503,0.45127305785881405,4,4,7.5,NA,NA,NA,NA,NA,NA,NA,NA,Texas Southern,Oakland
400992166,2017-11-30,Oakland,Texas Southern,35,1,16:12:00,2172,2172,Jalen Hayes missed Jumper.,5,7,-2,16,0.7260974049310437,0.4509040914302073,4,4,7.5,NA,NA,Oakland,missed,Jalen Hayes,NA,FALSE,FALSE,Oakland,Texas Southern
400992166,2017-11-30,Oakland,Texas Southern,36,1,16:12:00,2172,2172,Texas Southern Defensive Rebound.,5,7,-2,0,0.7260974049310437,0.4509040914302073,4,4,7.5,NA,NA,NA,NA,NA,NA,NA,NA,Oakland,Texas Southern
400992166,2017-11-30,Oakland,Texas Southern,37,1,15:53:00,2153,2153,Demontrae Jefferson Turnover.,5,7,-2,19,0.725143347196494,0.4504641729595203,4,4,7.5,NA,NA,NA,NA,NA,NA,NA,NA,Texas Southern,Oakland
400992166,2017-11-30,Oakland,Texas Southern,38,1,15:51:00,2151,2151,Brailen Neely Steal.,5,7,-2,2,0.7250419346697458,0.4504177071016731,4,4,7.5,NA,NA,NA,NA,NA,NA,NA,NA,Texas Southern,Oakland
400992166,2017-11-30,Oakland,Texas Southern,39,1,15:42:00,2142,2142,Brailen Neely made Layup.,7,7,0,9,0.7626277959257064,0.5,4,4,7.5,NA,NA,Oakland,made,Brailen Neely,NA,FALSE,FALSE,Oakland,Texas Southern
400992166,2017-11-30,Oakland,Texas Southern,40,1,15:42:00,2142,2142,Official TV Timeout,7,7,0,0,0.7626277959257064,0.5,4,4,7.5,NA,NA,NA,NA,NA,NA,NA,NA,Oakland,Texas Southern
400992166,2017-11-30,Oakland,Texas Southern,41,1,15:20:00,2120,2120,Kevin Scott Turnover.,7,7,0,22,0.7619734552037587,0.5,4,4,7.5,NA,NA,NA,NA,NA,NA,NA,NA,Texas Southern,Oakland
400992166,2017-11-30,Oakland,Texas Southern,42,1,15:06:00,2106,2106,Jalen Hayes Turnover.,7,7,0,14,0.7615486544934414,0.5,4,4,7.5,NA,NA,NA,NA,NA,NA,NA,NA,Oakland,Texas Southern
400992166,2017-11-30,Oakland,Texas Southern,43,1,15:02:00,2102,2102,Derrick Bruce missed Layup.,7,7,0,4,0.761426092589715,0.5,4,4,7.5,NA,NA,Texas Southern,missed,Derrick Bruce,NA,FALSE,FALSE,Texas Southern,Texas Southern
400992166,2017-11-30,Oakland,Texas Southern,44,1,15:02:00,2102,2102,Texas Southern Offensive Rebound.,7,7,0,0,0.761426092589715,0.5,4,4,7.5,NA,NA,NA,NA,NA,NA,NA,NA,Texas Southern,Texas Southern
400992166,2017-11-30,Oakland,Texas Southern,45,1,14:51:00,2091,2091,Derrick Bruce missed Three Point Jumper.,7,7,0,11,0.7610863363273059,0.5,4,4,7.5,NA,NA,Texas Southern,missed,Derrick Bruce,NA,TRUE,FALSE,Texas Southern,Oakland
400992166,2017-11-30,Oakland,Texas Southern,46,1,14:51:00,2091,2091,Nick Daniels Defensive Rebound.,7,7,0,0,0.7610863363273059,0.5,4,4,7.5,NA,NA,NA,NA,NA,NA,NA,NA,Texas Southern,Oakland
400992166,2017-11-30,Oakland,Texas Southern,47,1,14:43:00,2083,2083,Jalen Hayes missed Layup.,7,7,0,8,0.7608367556350872,0.5,4,4,7.5,NA,NA,Oakland,missed,Jalen Hayes,NA,FALSE,FALSE,Oakland,Texas Southern
400992166,2017-11-30,Oakland,Texas Southern,48,1,14:43:00,2083,2083,Kevin Scott Block.,7,7,0,0,0.7608367556350872,0.5,4,4,7.5,NA,NA,NA,NA,NA,NA,NA,NA,Oakland,Texas Southern
400992166,2017-11-30,Oakland,Texas Southern,49,1,14:40:00,2080,2080,Donte Clark Defensive Rebound.,7,7,0,3,0.7607426258557806,0.5,4,4,7.5,NA,NA,NA,NA,NA,NA,NA,NA,Oakland,Texas Southern
400992166,2017-11-30,Oakland,Texas Southern,50,1,14:33:00,2073,2073,Demontrae Jefferson made Layup.,7,9,-2,7,0.7209394668640686,0.4485783912387449,4,4,7.5,NA,NA,Texas Southern,made,Demontrae Jefferson,NA,FALSE,FALSE,Texas Southern,Oakland
400992166,2017-11-30,Oakland,Texas Southern,51,1,14:16:00,2056,2056,Nick Daniels made Three Point Jumper. Assisted by Brailen Neely.,10,9,1,17,0.7784401812740356,0.5259851885865764,4,4,7.5,NA,NA,Oakland,made,Nick Daniels,Brailen Neely,TRUE,FALSE,Oakland,Texas Southern
400992166,2017-11-30,Oakland,Texas Southern,52,1,13:47:00,2027,2027,Derrick Bruce missed Three Point Jumper.,10,9,1,29,0.7777910117706192,0.526340483256421,4,4,7.5,NA,NA,Texas Southern,missed,Derrick Bruce,NA,TRUE,FALSE,Texas Southern,Oakland
400992166,2017-11-30,Oakland,Texas Southern,53,1,13:47:00,2027,2027,Jalen Hayes Defensive Rebound.,10,9,1,0,0.7777910117706192,0.526340483256421,4,4,7.5,NA,NA,NA,NA,NA,NA,NA,NA,Texas Southern,Oakland
400992166,2017-11-30,Oakland,Texas Southern,54,1,13:32:00,2012,2012,Jalen Hayes missed Jumper.,10,9,1,15,0.7774472460284335,0.5265262594599909,4,4,7.5,NA,NA,Oakland,missed,Jalen Hayes,NA,FALSE,FALSE,Oakland,Texas Southern
400992166,2017-11-30,Oakland,Texas Southern,55,1,13:32:00,2012,2012,Kevin Scott Block.,10,9,1,0,0.7774472460284335,0.5265262594599909,4,4,7.5,NA,NA,NA,NA,NA,NA,NA,NA,Oakland,Texas Southern
400992166,2017-11-30,Oakland,Texas Southern,56,1,13:29:00,2009,2009,Kevin Scott Defensive Rebound.,10,9,1,3,0.7773778538391715,0.5265635857943932,4,4,7.5,NA,NA,NA,NA,NA,NA,NA,NA,Oakland,Texas Southern
400992166,2017-11-30,Oakland,Texas Southern,57,1,13:26:00,2006,2006,Donte Clark missed Layup.,10,9,1,3,0.7773082508097494,0.5266009702327366,4,4,7.5,NA,NA,Texas Southern,missed,Donte Clark,NA,FALSE,FALSE,Texas Southern,Oakland
400992166,2017-11-30,Oakland,Texas Southern,58,1,13:26:00,2006,2006,Martez Walker Block.,10,9,1,0,0.7773082508097494,0.5266009702327366,4,4,7.5,NA,NA,NA,NA,NA,NA,NA,NA,Texas Southern,Oakland
400992166,2017-11-30,Oakland,Texas Southern,59,1,13:22:00,2002,2002,Brailen Neely Defensive Rebound.,10,9,1,4,0.7772151204090056,0.5266509073289624,4,4,7.5,NA,NA,NA,NA,NA,NA,NA,NA,Texas Southern,Oakland
400992166,2017-11-30,Oakland,Texas Southern,60,1,13:18:00,1998,1998,Brailen Neely made Layup.,12,9,3,4,0.8119577467875494,0.5794988579916217,4,4,7.5,NA,NA,Oakland,made,Brailen Neely,NA,FALSE,FALSE,Oakland,Texas Southern
400992166,2017-11-30,Oakland,Texas Southern,61,1,13:01:00,1981,1981,Trayvon Reed missed Jumper.,12,9,3,17,0.8118660522436779,0.5801259479094703,4,4,7.5,NA,NA,Texas Southern,missed,Trayvon Reed,NA,FALSE,FALSE,Texas Southern,Oakland
400992166,2017-11-30,Oakland,Texas Southern,62,1,13:01:00,1981,1981,Isaiah Brock Defensive Rebound.,12,9,3,0,0.8118660522436779,0.5801259479094703,4,4,7.5,NA,NA,NA,NA,NA,NA,NA,NA,Texas Southern,Oakland
400992166,2017-11-30,Oakland,Texas Southern,63,1,12:53:00,1973,1973,Jalen Hayes made Layup. Assisted by Brailen Neely.,14,9,5,8,0.8426703037042634,0.6320101397408582,4,4,7.5,NA,NA,Oakland,made,Jalen Hayes,Brailen Neely,FALSE,FALSE,Oakland,Texas Southern
400992166,2017-11-30,Oakland,Texas Southern,64,1,12:51:00,1971,1971,Texas Southern  Timeout,14,9,5,2,0.8426876673011492,0.6321286467087771,3,4,7.5,NA,NA,NA,NA,NA,NA,NA,NA,Texas Southern,Texas Southern
400992166,2017-11-30,Oakland,Texas Southern,65,1,12:36:00,1956,1956,Trayvon Reed made Dunk. Assisted by Kevin Scott.,14,11,3,15,0.8117261553622469,0.581058454632982,3,4,7.5,NA,NA,Texas Southern,made,Trayvon Reed,Kevin Scott,FALSE,FALSE,Texas Southern,Oakland
400992166,2017-11-30,Oakland,Texas Southern,66,1,12:19:00,1939,1939,Brailen Neely made Jumper.,16,11,5,17,0.8429654725041635,0.634041085183914,3,4,7.5,NA,NA,Oakland,made,Brailen Neely,NA,FALSE,FALSE,Oakland,Texas Southern
400992166,2017-11-30,Oakland,Texas Southern,67,1,12:00:00,1920,1920,Robert Lewis missed Jumper.,16,11,5,19,0.8431291333991645,0.6351893613636804,3,4,7.5,NA,NA,Texas Southern,missed,Robert Lewis,NA,FALSE,FALSE,Texas Southern,Oakland
400992166,2017-11-30,Oakland,Texas Southern,68,1,12:00:00,1920,1920,Jaevin Cumberland Defensive Rebound.,16,11,5,0,0.8431291333991645,0.6351893613636804,3,4,7.5,NA,NA,NA,NA,NA,NA,NA,NA,Texas Southern,Oakland
400992166,2017-11-30,Oakland,Texas Southern,69,1,11:52:00,1912,1912,Martez Walker made Dunk. Assisted by Brailen Neely.,18,11,7,8,0.8704391461139069,0.685525004285903,3,4,7.5,NA,NA,Oakland,made,Martez Walker,Brailen Neely,FALSE,FALSE,Oakland,Texas Southern
400992166,2017-11-30,Oakland,Texas Southern,70,1,11:40:00,1900,1900,Demontrae Jefferson missed Jumper.,18,11,7,12,0.8706611550752074,0.6864669532718244,3,4,7.5,NA,NA,Texas Southern,missed,Demontrae Jefferson,NA,FALSE,FALSE,Texas Southern,Texas Southern
400992166,2017-11-30,Oakland,Texas Southern,71,1,11:40:00,1900,1900,Demontrae Jefferson Offensive Rebound.,18,11,7,0,0.8706611550752074,0.6864669532718244,3,4,7.5,NA,NA,NA,NA,NA,NA,NA,NA,Texas Southern,Texas Southern
400992166,2017-11-30,Oakland,Texas Southern,72,1,11:36:00,1896,1896,Demontrae Jefferson made Layup.,18,13,5,4,0.8433211650826299,0.6366360578558812,3,4,7.5,NA,NA,Texas Southern,made,Demontrae Jefferson,NA,FALSE,FALSE,Texas Southern,Oakland
400992166,2017-11-30,Oakland,Texas Southern,73,1,11:17:00,1877,1877,Martez Walker made Layup. Assisted by Brailen Neely.,20,13,7,19,0.8710769301208378,0.6882680691004559,3,4,7.5,NA,NA,Oakland,made,Martez Walker,Brailen Neely,FALSE,FALSE,Oakland,Texas Southern
400992166,2017-11-30,Oakland,Texas Southern,74,1,11:00:00,1860,1860,Demontrae Jefferson missed Three Point Jumper.,20,13,7,17,0.8713778454100078,0.6895984421855925,3,4,7.5,NA,NA,Texas Southern,missed,Demontrae Jefferson,NA,TRUE,FALSE,Texas Southern,Oakland
400992166,2017-11-30,Oakland,Texas Southern,75,1,11:00:00,1860,1860,Julius Palmer Defensive Rebound.,20,13,7,0,0.8713778454100078,0.6895984421855925,3,4,7.5,NA,NA,NA,NA,NA,NA,NA,NA,Texas Southern,Oakland
400992166,2017-11-30,Oakland,Texas Southern,76,1,10:52:00,1852,1852,Official TV Timeout,20,13,7,8,0.871518065169469,0.6902249755895878,3,4,7.5,NA,NA,NA,NA,NA,NA,NA,NA,Oakland,Oakland
400992166,2017-11-30,Oakland,Texas Southern,77,1,10:43:00,1843,1843,Martez Walker made Layup. Assisted by Brailen Neely.,22,13,9,9,0.8952662976320246,0.7377531465533197,3,4,7.5,NA,NA,Oakland,made,Martez Walker,Brailen Neely,FALSE,FALSE,Oakland,Texas Southern
400992166,2017-11-30,Oakland,Texas Southern,78,1,10:26:00,1826,1826,Donte Clark missed Three Point Jumper.,22,13,9,17,0.8956808625006865,0.7393084562541333,3,4,7.5,NA,NA,Texas Southern,missed,Donte Clark,NA,TRUE,FALSE,Texas Southern,Oakland
400992166,2017-11-30,Oakland,Texas Southern,79,1,10:26:00,1826,1826,Jaevin Cumberland Defensive Rebound.,22,13,9,0,0.8956808625006865,0.7393084562541333,3,4,7.5,NA,NA,NA,NA,NA,NA,NA,NA,Texas Southern,Oakland
400992166,2017-11-30,Oakland,Texas Southern,80,1,10:19:00,1819,1819,Martez Walker made Dunk. Assisted by Jaevin Cumberland.,24,13,11,7,0.9156249657256889,0.7821243991539835,3,4,7.5,NA,NA,Oakland,made,Martez Walker,Jaevin Cumberland,FALSE,FALSE,Oakland,Texas Southern
400992166,2017-11-30,Oakland,Texas Southern,81,1,09:56:00,1796,1796,Foul on Jaevin Cumberland.,24,13,11,23,0.916277650486314,0.7844127057246818,3,4,7.5,NA,NA,NA,NA,NA,NA,NA,NA,Texas Southern,Texas Southern
400992166,2017-11-30,Oakland,Texas Southern,82,1,09:56:00,1796,1796,Donte Clark made Free Throw.,24,14,10,0,0.9068189186895416,0.7638950476521387,3,4,7.5,NA,NA,Texas Southern,made,Donte Clark,NA,FALSE,TRUE,Texas Southern,Texas Southern
400992166,2017-11-30,Oakland,Texas Southern,83,1,09:56:00,1796,1796,Donte Clark made Free Throw.,24,15,9,0,0.896412374788446,0.7420667923121153,3,4,7.5,NA,NA,Texas Southern,made,Donte Clark,NA,FALSE,TRUE,Texas Southern,Oakland
400992166,2017-11-30,Oakland,Texas Southern,84,1,09:49:00,1789,1789,Brailen Neely Turnover.,24,15,9,7,0.8965837611669225,0.7427140925861172,3,4,7.5,NA,NA,NA,NA,NA,NA,NA,NA,Oakland,Texas Southern
400992166,2017-11-30,Oakland,Texas Southern,85,1,09:47:00,1787,1787,Donte Clark Steal.,24,15,9,2,0.8966328127574534,0.7428993501038246,3,4,7.5,NA,NA,NA,NA,NA,NA,NA,NA,Oakland,Texas Southern
400992166,2017-11-30,Oakland,Texas Southern,86,1,09:44:00,1784,1784,Demontrae Jefferson made Three Point Jumper. Assisted by Donte Clark.,24,18,6,3,0.8589953399991986,0.6700401225957443,3,4,7.5,NA,NA,Texas Southern,made,Demontrae Jefferson,Donte Clark,TRUE,FALSE,Texas Southern,Oakland
400992166,2017-11-30,Oakland,Texas Southern,87,1,09:21:00,1761,1761,Chris Palombizio missed Layup.,24,18,6,23,0.8592855763662218,0.6716989678872901,3,4,7.5,NA,NA,Oakland,missed,Chris Palombizio,NA,FALSE,FALSE,Oakland,Texas Southern
400992166,2017-11-30,Oakland,Texas Southern,88,1,09:21:00,1761,1761,Kevin Scott Defensive Rebound.,24,18,6,0,0.8592855763662218,0.6716989678872901,3,4,7.5,NA,NA,NA,NA,NA,NA,NA,NA,Oakland,Texas Southern
400992166,2017-11-30,Oakland,Texas Southern,89,1,09:13:00,1753,1753,Foul on Julius Palmer.,24,18,6,8,0.8593881518389089,0.6722816179013044,3,4,7.5,NA,NA,NA,NA,NA,NA,NA,NA,Texas Southern,Texas Southern
400992166,2017-11-30,Oakland,Texas Southern,90,1,09:13:00,1753,1753,Kevin Scott missed Free Throw.,24,18,6,0,0.8593881518389089,0.6722816179013044,3,4,7.5,NA,NA,Texas Southern,missed,Kevin Scott,NA,FALSE,TRUE,Texas Southern,Texas Southern
400992166,2017-11-30,Oakland,Texas Southern,91,1,09:13:00,1753,1753,Texas Southern Deadball Team Rebound.,24,18,6,0,0.8593881518389089,0.6722816179013044,3,4,7.5,NA,NA,NA,NA,NA,NA,NA,NA,Texas Southern,Texas Southern
400992166,2017-11-30,Oakland,Texas Southern,92,1,09:13:00,1753,1753,Kevin Scott made Free Throw.,24,19,5,0,0.8442851260156947,0.6453745991958105,3,4,7.5,NA,NA,Texas Southern,made,Kevin Scott,NA,FALSE,TRUE,Texas Southern,Oakland
400992166,2017-11-30,Oakland,Texas Southern,93,1,09:02:00,1742,1742,Brailen Neely missed Jumper.,24,19,5,11,0.8443603082749522,0.6460728741137368,3,4,7.5,NA,NA,Oakland,missed,Brailen Neely,NA,FALSE,FALSE,Oakland,Texas Southern
400992166,2017-11-30,Oakland,Texas Southern,94,1,09:02:00,1742,1742,Derrick Bruce Defensive Rebound.,24,19,5,0,0.8443603082749522,0.6460728741137368,3,4,7.5,NA,NA,NA,NA,NA,NA,NA,NA,Oakland,Texas Southern
400992166,2017-11-30,Oakland,Texas Southern,95,1,08:54:00,1734,1734,Donte Clark missed Layup.,24,19,5,8,0.8444161996162406,0.6465844705582183,3,4,7.5,NA,NA,Texas Southern,missed,Donte Clark,NA,FALSE,FALSE,Texas Southern,Texas Southern
400992166,2017-11-30,Oakland,Texas Southern,96,1,08:54:00,1734,1734,Texas Southern Offensive Rebound.,24,19,5,0,0.8444161996162406,0.6465844705582183,3,4,7.5,NA,NA,NA,NA,NA,NA,NA,NA,Texas Southern,Texas Southern
400992166,2017-11-30,Oakland,Texas Southern,97,1,08:42:00,1722,1722,Derrick Bruce Turnover.,24,19,5,12,0.8445022888883396,0.6473582244588807,3,4,7.5,NA,NA,NA,NA,NA,NA,NA,NA,Texas Southern,Oakland
400992166,2017-11-30,Oakland,Texas Southern,98,1,08:40:00,1720,1720,James Beck Steal.,24,19,5,2,0.8445169276833716,0.647487960188666,3,4,7.5,NA,NA,NA,NA,NA,NA,NA,NA,Texas Southern,Oakland
400992166,2017-11-30,Oakland,Texas Southern,99,1,08:37:00,1717,1717,Isaiah Brock made Dunk. Assisted by Jaevin Cumberland.,26,19,7,3,0.8739059198323369,0.7010741315977451,3,4,7.5,NA,NA,Oakland,made,Isaiah Brock,Jaevin Cumberland,FALSE,FALSE,Oakland,Texas Southern
400992166,2017-11-30,Oakland,Texas Southern,100,1,08:21:00,1701,1701,Demontrae Jefferson made Three Point Jumper.,26,22,4,16,0.8278732889164296,0.620289477874783,3,4,7.5,NA,NA,Texas Southern,made,Demontrae Jefferson,NA,TRUE,FALSE,Texas Southern,Oakland
400992166,2017-11-30,Oakland,Texas Southern,101,1,08:10:00,1690,1690,Jaevin Cumberland missed Jumper.,26,22,4,11,0.8278770626866461,0.6208938040056806,3,4,7.5,NA,NA,Oakland,missed,Jaevin Cumberland,NA,FALSE,FALSE,Oakland,Texas Southern
400992166,2017-11-30,Oakland,Texas Southern,102,1,08:10:00,1690,1690,Trayvon Reed Defensive Rebound.,26,22,4,0,0.8278770626866461,0.6208938040056806,3,4,7.5,NA,NA,NA,NA,NA,NA,NA,NA,Oakland,Texas Southern
400992166,2017-11-30,Oakland,Texas Southern,103,1,08:01:00,1681,1681,Trayvon Reed made Dunk. Assisted by Demontrae Jefferson.,26,24,2,9,0.7896694983110789,0.5616153789188235,3,4,7.5,NA,NA,Texas Southern,made,Trayvon Reed,Demontrae Jefferson,FALSE,FALSE,Texas Southern,Oakland
400992166,2017-11-30,Oakland,Texas Southern,104,1,07:36:00,1656,1656,Jaevin Cumberland made Jumper. Assisted by James Beck.,28,24,4,25,0.8278355882539581,0.6227251861729859,3,4,7.5,NA,NA,Oakland,made,Jaevin Cumberland,James Beck,FALSE,FALSE,Oakland,Texas Southern
400992166,2017-11-30,Oakland,Texas Southern,105,1,07:17:00,1637,1637,Donte Clark made Three Point Jumper. Assisted by Demontrae Jefferson.,28,27,1,19,0.766900609521362,0.5315427325360006,3,4,7.5,NA,NA,Texas Southern,made,Donte Clark,Demontrae Jefferson,TRUE,FALSE,Texas Southern,Oakland
400992166,2017-11-30,Oakland,Texas Southern,106,1,07:10:00,1630,1630,Jaevin Cumberland missed Three Point Jumper.,28,27,1,7,0.7666565180665876,0.5316386467633304,3,4,7.5,NA,NA,Oakland,missed,Jaevin Cumberland,NA,TRUE,FALSE,Oakland,Oakland
400992166,2017-11-30,Oakland,Texas Southern,107,1,07:10:00,1630,1630,Chris Palombizio Offensive Rebound.,28,27,1,0,0.7666565180665876,0.5316386467633304,3,4,7.5,NA,NA,NA,NA,NA,NA,NA,NA,Oakland,Oakland
400992166,2017-11-30,Oakland,Texas Southern,108,1,07:05:00,1625,1625,Chris Palombizio missed Layup.,28,27,1,5,0.7664804730567409,0.5317069284897503,3,4,7.5,NA,NA,Oakland,missed,Chris Palombizio,NA,FALSE,FALSE,Oakland,Texas Southern
400992166,2017-11-30,Oakland,Texas Southern,109,1,07:05:00,1625,1625,Donte Clark Defensive Rebound.,28,27,1,0,0.7664804730567409,0.5317069284897503,3,4,7.5,NA,NA,NA,NA,NA,NA,NA,NA,Oakland,Texas Southern
400992166,2017-11-30,Oakland,Texas Southern,110,1,06:43:00,1603,1603,Donte Clark made Three Point Jumper.,28,30,-2,22,0.6898759700484112,0.4362491598814612,3,4,7.5,NA,NA,Texas Southern,made,Donte Clark,NA,TRUE,FALSE,Texas Southern,Oakland
400992166,2017-11-30,Oakland,Texas Southern,111,1,06:26:00,1586,1586,James Beck made Layup. Assisted by Chris Palombizio.,30,30,0,17,0.7410696951633503,0.5,3,4,7.5,NA,NA,Oakland,made,James Beck,Chris Palombizio,FALSE,FALSE,Oakland,Texas Southern
400992166,2017-11-30,Oakland,Texas Southern,112,1,06:09:00,1569,1569,Donte Clark missed Jumper.,30,30,0,17,0.7402144422035867,0.5,3,4,7.5,NA,NA,Texas Southern,missed,Donte Clark,NA,FALSE,FALSE,Texas Southern,Texas Southern
400992166,2017-11-30,Oakland,Texas Southern,113,1,06:09:00,1569,1569,Trayvon Reed Offensive Rebound.,30,30,0,0,0.7402144422035867,0.5,3,4,7.5,NA,NA,NA,NA,NA,NA,NA,NA,Texas Southern,Texas Southern
400992166,2017-11-30,Oakland,Texas Southern,114,1,06:05:00,1565,1565,Trayvon Reed Turnover.,30,30,0,4,0.7400117622469531,0.5,3,4,7.5,NA,NA,NA,NA,NA,NA,NA,NA,Texas Southern,Oakland
400992166,2017-11-30,Oakland,Texas Southern,115,1,06:01:00,1561,1561,Brailen Neely Steal.,30,30,0,4,0.7398085841646785,0.5,3,4,7.5,NA,NA,NA,NA,NA,NA,NA,NA,Texas Southern,Oakland
400992166,2017-11-30,Oakland,Texas Southern,116,1,05:59:00,1559,1559,Foul on Brailen Neely.,30,30,0,2,0.7397068161468249,0.5,3,4,7.5,NA,NA,NA,NA,NA,NA,NA,NA,Oakland,Texas Southern
400992166,2017-11-30,Oakland,Texas Southern,117,1,05:59:00,1559,1559,Brailen Neely Turnover.,30,30,0,0,0.7397068161468249,0.5,3,4,7.5,NA,NA,NA,NA,NA,NA,NA,NA,Oakland,Texas Southern
400992166,2017-11-30,Oakland,Texas Southern,118,1,05:59:00,1559,1559,Official TV Timeout,30,30,0,0,0.7397068161468249,0.5,3,4,7.5,NA,NA,NA,NA,NA,NA,NA,NA,Oakland,Texas Southern
400992166,2017-11-30,Oakland,Texas Southern,119,1,05:49:00,1549,1549,Donte Clark missed Jumper.,30,30,0,10,0.7391963117380043,0.5,3,4,7.5,NA,NA,Texas Southern,missed,Donte Clark,NA,FALSE,FALSE,Texas Southern,Oakland
400992166,2017-11-30,Oakland,Texas Southern,120,1,05:49:00,1549,1549,Isaiah Brock Defensive Rebound.,30,30,0,0,0.7391963117380043,0.5,3,4,7.5,NA,NA,NA,NA,NA,NA,NA,NA,Texas Southern,Oakland
400992166,2017-11-30,Oakland,Texas Southern,121,1,05:38:00,1538,1538,Martez Walker missed Three Point Jumper.,30,30,0,11,0.7386319014167069,0.5,3,4,7.5,NA,NA,Oakland,missed,Martez Walker,NA,TRUE,FALSE,Oakland,Texas Southern
400992166,2017-11-30,Oakland,Texas Southern,122,1,05:38:00,1538,1538,Trayvon Reed Defensive Rebound.,30,30,0,0,0.7386319014167069,0.5,3,4,7.5,NA,NA,NA,NA,NA,NA,NA,NA,Oakland,Texas Southern
400992166,2017-11-30,Oakland,Texas Southern,123,1,05:25:00,1525,1525,Demontrae Jefferson missed Layup.,30,30,0,13,0.7379617130331613,0.5,3,4,7.5,NA,NA,Texas Southern,missed,Demontrae Jefferson,NA,FALSE,FALSE,Texas Southern,Texas Southern
400992166,2017-11-30,Oakland,Texas Southern,124,1,05:25:00,1525,1525,Trayvon Reed Offensive Rebound.,30,30,0,0,0.7379617130331613,0.5,3,4,7.5,NA,NA,NA,NA,NA,NA,NA,NA,Texas Southern,Texas Southern
400992166,2017-11-30,Oakland,Texas Southern,125,1,05:20:00,1520,1520,Trayvon Reed made Layup.,30,32,-2,5,0.6831758408327594,0.4339729710868998,3,4,7.5,NA,NA,Texas Southern,made,Trayvon Reed,NA,FALSE,FALSE,Texas Southern,Oakland
400992166,2017-11-30,Oakland,Texas Southern,126,1,05:01:00,1501,1501,Martez Walker made Jumper. Assisted by Stan Scott.,32,32,0,19,0.7367182826345581,0.5,3,4,7.5,NA,NA,Oakland,made,Martez Walker,Stan Scott,FALSE,FALSE,Oakland,Texas Southern
400992166,2017-11-30,Oakland,Texas Southern,127,1,04:43:00,1483,1483,Kevin Scott missed Three Point Jumper.,32,32,0,18,0.7357832486790344,0.5,3,4,7.5,NA,NA,Texas Southern,missed,Kevin Scott,NA,TRUE,FALSE,Texas Southern,Oakland
400992166,2017-11-30,Oakland,Texas Southern,128,1,04:43:00,1483,1483,Stan Scott Defensive Rebound.,32,32,0,0,0.7357832486790344,0.5,3,4,7.5,NA,NA,NA,NA,NA,NA,NA,NA,Texas Southern,Oakland
400992166,2017-11-30,Oakland,Texas Southern,129,1,04:23:00,1463,1463,Martez Walker missed Three Point Jumper.,32,32,0,20,0.7347450315444466,0.5,3,4,7.5,NA,NA,Oakland,missed,Martez Walker,NA,TRUE,FALSE,Oakland,Oakland
400992166,2017-11-30,Oakland,Texas Southern,130,1,04:23:00,1463,1463,Jalen Hayes Offensive Rebound.,32,32,0,0,0.7347450315444466,0.5,3,4,7.5,NA,NA,NA,NA,NA,NA,NA,NA,Oakland,Oakland
400992166,2017-11-30,Oakland,Texas Southern,131,1,04:18:00,1458,1458,Jalen Hayes missed Jumper.,32,32,0,5,0.7344859601634447,0.5,3,4,7.5,NA,NA,Oakland,missed,Jalen Hayes,NA,FALSE,FALSE,Oakland,Oakland
400992166,2017-11-30,Oakland,Texas Southern,132,1,04:18:00,1458,1458,Stan Scott Offensive Rebound.,32,32,0,0,0.7344859601634447,0.5,3,4,7.5,NA,NA,NA,NA,NA,NA,NA,NA,Oakland,Oakland
400992166,2017-11-30,Oakland,Texas Southern,133,1,04:13:00,1453,1453,Stan Scott made Layup.,34,32,2,5,0.784176603882877,0.5680739378803993,3,4,7.5,NA,NA,Oakland,made,Stan Scott,NA,FALSE,FALSE,Oakland,Texas Southern
400992166,2017-11-30,Oakland,Texas Southern,134,1,03:51:00,1431,1431,Foul on Nick Daniels.,34,32,2,22,0.7836757490009865,0.5687886775542065,3,4,7.5,NA,NA,NA,NA,NA,NA,NA,NA,Texas Southern,Texas Southern
400992166,2017-11-30,Oakland,Texas Southern,135,1,03:51:00,1431,1431,Official TV Timeout,34,32,2,0,0.7836757490009865,0.5687886775542065,3,4,7.5,NA,NA,NA,NA,NA,NA,NA,NA,Texas Southern,Texas Southern
400992166,2017-11-30,Oakland,Texas Southern,136,1,03:51:00,1431,1431,Derrick Bruce made Free Throw.,34,33,1,0,0.7592846376998038,0.5345586474277225,3,4,7.5,NA,NA,Texas Southern,made,Derrick Bruce,NA,FALSE,TRUE,Texas Southern,Texas Southern
400992166,2017-11-30,Oakland,Texas Southern,137,1,03:51:00,1431,1431,Derrick Bruce made Free Throw.,34,34,0,0,0.7330800707607456,0.5,3,4,7.5,NA,NA,Texas Southern,made,Derrick Bruce,NA,FALSE,TRUE,Texas Southern,Oakland
400992166,2017-11-30,Oakland,Texas Southern,138,1,03:31:00,1411,1411,Isaiah Brock made Dunk. Assisted by Jalen Hayes.,36,34,2,20,0.7831862145449401,0.5694137881739032,3,4,7.5,NA,NA,Oakland,made,Isaiah Brock,Jalen Hayes,FALSE,FALSE,Oakland,Texas Southern
400992166,2017-11-30,Oakland,Texas Southern,139,1,03:11:00,1391,1391,Demontrae Jefferson Turnover.,36,34,2,20,0.7826708645807728,0.5700227920783285,3,4,7.5,NA,NA,NA,NA,NA,NA,NA,NA,Texas Southern,Oakland
400992166,2017-11-30,Oakland,Texas Southern,140,1,02:58:00,1378,1378,Jalen Hayes made Jumper. Assisted by Nick Daniels.,38,34,4,13,0.8267560608713661,0.638088715639786,3,4,7.5,NA,NA,Oakland,made,Jalen Hayes,Nick Daniels,FALSE,FALSE,Oakland,Texas Southern
400992166,2017-11-30,Oakland,Texas Southern,141,1,02:36:00,1356,1356,Donte Clark missed Layup.,38,34,4,22,0.8266400788350864,0.6393308172122488,3,4,7.5,NA,NA,Texas Southern,missed,Donte Clark,NA,FALSE,FALSE,Texas Southern,Oakland
400992166,2017-11-30,Oakland,Texas Southern,142,1,02:36:00,1356,1356,Isaiah Brock Block.,38,34,4,0,0.8266400788350864,0.6393308172122488,3,4,7.5,NA,NA,NA,NA,NA,NA,NA,NA,Texas Southern,Oakland
400992166,2017-11-30,Oakland,Texas Southern,143,1,02:33:00,1353,1353,Nick Daniels Defensive Rebound.,38,34,4,3,0.8266238563280569,0.6395005608175873,3,4,7.5,NA,NA,NA,NA,NA,NA,NA,NA,Texas Southern,Oakland
400992166,2017-11-30,Oakland,Texas Southern,144,1,02:31:00,1351,1351,Nick Daniels made Layup.,40,34,6,2,0.8639691244189253,0.7027719661750957,3,4,7.5,NA,NA,Oakland,made,Nick Daniels,NA,FALSE,FALSE,Oakland,Texas Southern
400992166,2017-11-30,Oakland,Texas Southern,145,1,02:31:00,1351,1351,Foul on Demontrae Jefferson.,40,34,6,0,0.8639691244189253,0.7027719661750957,3,4,7.5,NA,NA,NA,NA,NA,NA,NA,NA,Oakland,Texas Southern
400992166,2017-11-30,Oakland,Texas Southern,146,1,02:31:00,1351,1351,Nick Daniels made Free Throw.,41,34,7,0,0.8799627308956086,0.7318354620821095,3,4,7.5,NA,NA,Oakland,made,Nick Daniels,NA,FALSE,TRUE,Oakland,Texas Southern
400992166,2017-11-30,Oakland,Texas Southern,147,1,02:22:00,1342,1342,Demontrae Jefferson made Jumper.,41,36,5,9,0.8462453522820893,0.6725817917141237,3,4,7.5,NA,NA,Texas Southern,made,Demontrae Jefferson,NA,FALSE,FALSE,Texas Southern,Oakland
400992166,2017-11-30,Oakland,Texas Southern,148,1,02:08:00,1328,1328,Martez Walker missed Layup.,41,36,5,14,0.8462934642677374,0.6735418698851705,3,4,7.5,NA,NA,Oakland,missed,Martez Walker,NA,FALSE,FALSE,Oakland,Texas Southern
400992166,2017-11-30,Oakland,Texas Southern,149,1,02:08:00,1328,1328,Trayvon Reed Block.,41,36,5,0,0.8462934642677374,0.6735418698851705,3,4,7.5,NA,NA,NA,NA,NA,NA,NA,NA,Oakland,Texas Southern
400992166,2017-11-30,Oakland,Texas Southern,150,1,02:05:00,1325,1325,Demontrae Jefferson Defensive Rebound.,41,36,5,3,0.8463047241275732,0.6737495167367594,3,4,7.5,NA,NA,NA,NA,NA,NA,NA,NA,Oakland,Texas Southern
400992166,2017-11-30,Oakland,Texas Southern,151,1,02:01:00,1321,1321,Demontrae Jefferson missed Jumper.,41,36,5,4,0.8463204029338615,0.674027640022867,3,4,7.5,NA,NA,Texas Southern,missed,Demontrae Jefferson,NA,FALSE,FALSE,Texas Southern,Oakland
400992166,2017-11-30,Oakland,Texas Southern,152,1,02:01:00,1321,1321,Nick Daniels Defensive Rebound.,41,36,5,0,0.8463204029338615,0.674027640022867,3,4,7.5,NA,NA,NA,NA,NA,NA,NA,NA,Texas Southern,Oakland
400992166,2017-11-30,Oakland,Texas Southern,153,1,02:01:00,1321,1321,Foul on Derrick Bruce.,41,36,5,0,0.8463204029338615,0.674027640022867,3,4,7.5,NA,NA,NA,NA,NA,NA,NA,NA,Oakland,Oakland
400992166,2017-11-30,Oakland,Texas Southern,154,1,01:41:00,1301,1301,Jalen Hayes missed Jumper.,41,36,5,20,0.8464133787581339,0.6754444543999164,3,4,7.5,NA,NA,Oakland,missed,Jalen Hayes,NA,FALSE,FALSE,Oakland,Texas Southern
400992166,2017-11-30,Oakland,Texas Southern,155,1,01:41:00,1301,1301,Marquis Salmon Defensive Rebound.,41,36,5,0,0.8464133787581339,0.6754444543999164,3,4,7.5,NA,NA,NA,NA,NA,NA,NA,NA,Oakland,Texas Southern
400992166,2017-11-30,Oakland,Texas Southern,156,1,01:31:00,1291,1291,Demontrae Jefferson made Jumper.,41,38,3,10,0.8041906056306962,0.6086743330629779,3,4,7.5,NA,NA,Texas Southern,made,Demontrae Jefferson,NA,FALSE,FALSE,Texas Southern,Oakland
400992166,2017-11-30,Oakland,Texas Southern,157,1,01:13:00,1273,1273,Foul on Kevin Scott.,41,38,3,18,0.8039583787799823,0.6095580679440843,3,4,7.5,NA,NA,NA,NA,NA,NA,NA,NA,Oakland,Oakland
400992166,2017-11-30,Oakland,Texas Southern,158,1,01:06:00,1266,1266,Martez Walker missed Three Point Jumper.,41,38,3,7,0.8038754978340986,0.6099129982701365,3,4,7.5,NA,NA,Oakland,missed,Martez Walker,NA,TRUE,FALSE,Oakland,Oakland
400992166,2017-11-30,Oakland,Texas Southern,159,1,01:06:00,1266,1266,Martez Walker Offensive Rebound.,41,38,3,0,0.8038754978340986,0.6099129982701365,3,4,7.5,NA,NA,NA,NA,NA,NA,NA,NA,Oakland,Oakland
400992166,2017-11-30,Oakland,Texas Southern,160,1,00:59:00,1259,1259,Nick Daniels made Three Point Jumper. Assisted by Isaiah Brock.,44,38,6,7,0.8651415614802701,0.7103194949369901,3,4,7.5,NA,NA,Oakland,made,Nick Daniels,Isaiah Brock,TRUE,FALSE,Oakland,Texas Southern
400992166,2017-11-30,Oakland,Texas Southern,161,1,00:41:00,1241,1241,Kevin Scott made Jumper.,44,40,4,18,0.8263429483466059,0.6464285741138138,3,4,7.5,NA,NA,Texas Southern,made,Kevin Scott,NA,FALSE,FALSE,Texas Southern,Oakland
400992166,2017-11-30,Oakland,Texas Southern,162,1,00:40:00,1240,1240,Oakland  Timeout,44,40,4,1,0.8263462233833229,0.6464994934675644,3,3,7.5,NA,NA,NA,NA,NA,NA,NA,NA,Oakland,Oakland
400992166,2017-11-30,Oakland,Texas Southern,163,1,00:14:00,1214,1214,Brailen Neely made Jumper.,46,40,6,26,0.8661124759204738,0.7146763546575762,3,3,7.5,NA,NA,Oakland,made,Brailen Neely,NA,FALSE,FALSE,Oakland,Texas Southern
400992166,2017-11-30,Oakland,Texas Southern,164,1,00:03:00,1203,1203,Foul on Demontrae Jefferson.,46,40,6,11,0.8664037348870628,0.7158270643623882,3,3,7.5,NA,NA,NA,NA,NA,NA,NA,NA,Oakland,Oakland
400992166,2017-11-30,Oakland,Texas Southern,165,1,00:03:00,1203,1203,Demontrae Jefferson Turnover.,46,40,6,0,0.8664037348870628,0.7158270643623882,3,3,7.5,NA,NA,NA,NA,NA,NA,NA,NA,Texas Southern,Oakland
400992166,2017-11-30,Oakland,Texas Southern,166,1,00:00:00,1200,1200,End of 1st half,46,40,6,3,0.8664815451255575,0.7161370692370593,3,3,7.5,NA,NA,NA,NA,NA,NA,NA,NA,Oakland,NA
400992166,2017-11-30,Oakland,Texas Southern,167,2,20:00:00,1200,1200,PLAY,46,40,6,0,0.8664815451255575,0.7161370692370593,4,4,7.5,NA,NA,NA,NA,NA,NA,NA,NA,NA,Texas Southern
400992166,2017-11-30,Oakland,Texas Southern,168,2,19:50:00,1190,1190,Demontrae Jefferson made Three Point Jumper.,46,43,3,10,0.8033222738655444,0.6142468765901157,4,4,7.5,NA,NA,Texas Southern,made,Demontrae Jefferson,NA,TRUE,FALSE,Texas Southern,Oakland
400992166,2017-11-30,Oakland,Texas Southern,169,2,19:27:00,1167,1167,Brailen Neely Turnover.,46,43,3,23,0.8031894470752277,0.6155787834576356,4,4,7.5,NA,NA,NA,NA,NA,NA,NA,NA,Oakland,Texas Southern
400992166,2017-11-30,Oakland,Texas Southern,170,2,19:13:00,1153,1153,Demontrae Jefferson missed Jumper.,46,43,3,14,0.8031016476652942,0.616372863128185,4,4,7.5,NA,NA,Texas Southern,missed,Demontrae Jefferson,NA,FALSE,FALSE,Texas Southern,Oakland
400992166,2017-11-30,Oakland,Texas Southern,171,2,19:13:00,1153,1153,Brailen Neely Defensive Rebound.,46,43,3,0,0.8031016476652942,0.616372863128185,4,4,7.5,NA,NA,NA,NA,NA,NA,NA,NA,Texas Southern,Oakland
400992166,2017-11-30,Oakland,Texas Southern,172,2,18:54:00,1134,1134,Jalen Hayes missed Layup.,46,43,3,19,0.8029798020240462,0.6174417729423894,4,4,7.5,NA,NA,Oakland,missed,Jalen Hayes,NA,FALSE,FALSE,Oakland,Texas Southern
400992166,2017-11-30,Oakland,Texas Southern,173,2,18:54:00,1134,1134,Trayvon Reed Block.,46,43,3,0,0.8029798020240462,0.6174417729423894,4,4,7.5,NA,NA,NA,NA,NA,NA,NA,NA,Oakland,Texas Southern
400992166,2017-11-30,Oakland,Texas Southern,174,2,18:50:00,1130,1130,Trayvon Reed Defensive Rebound.,46,43,3,4,0.8029543111383721,0.6176666193262281,4,4,7.5,NA,NA,NA,NA,NA,NA,NA,NA,Oakland,Texas Southern
400992166,2017-11-30,Oakland,Texas Southern,175,2,18:33:00,1113,1113,Kevin Scott missed Jumper.,46,43,3,17,0.8028489320832953,0.6186260885054592,4,4,7.5,NA,NA,Texas Southern,missed,Kevin Scott,NA,FALSE,FALSE,Texas Southern,Oakland
400992166,2017-11-30,Oakland,Texas Southern,176,2,18:33:00,1113,1113,Isaiah Brock Defensive Rebound.,46,43,3,0,0.8028489320832953,0.6186260885054592,4,4,7.5,NA,NA,NA,NA,NA,NA,NA,NA,Texas Southern,Oakland
400992166,2017-11-30,Oakland,Texas Southern,177,2,18:24:00,1104,1104,Martez Walker missed Three Point Jumper.,46,43,3,9,0.8027962297705439,0.6191388351553327,4,4,7.5,NA,NA,Oakland,missed,Martez Walker,NA,TRUE,FALSE,Oakland,Oakland
400992166,2017-11-30,Oakland,Texas Southern,178,2,18:24:00,1104,1104,Jalen Hayes Offensive Rebound.,46,43,3,0,0.8027962297705439,0.6191388351553327,4,4,7.5,NA,NA,NA,NA,NA,NA,NA,NA,Oakland,Oakland
400992166,2017-11-30,Oakland,Texas Southern,179,2,18:20:00,1100,1100,Jalen Hayes missed Layup.,46,43,3,4,0.802773747783611,0.6193682875075035,4,4,7.5,NA,NA,Oakland,missed,Jalen Hayes,NA,FALSE,FALSE,Oakland,Texas Southern
400992166,2017-11-30,Oakland,Texas Southern,180,2,18:20:00,1100,1100,Trayvon Reed Defensive Rebound.,46,43,3,0,0.802773747783611,0.6193682875075035,4,4,7.5,NA,NA,NA,NA,NA,NA,NA,NA,Oakland,Texas Southern
400992166,2017-11-30,Oakland,Texas Southern,181,2,17:59:00,1079,1079,Donte Clark missed Jumper.,46,43,3,21,0.8026681449569063,0.6205944154912815,4,4,7.5,NA,NA,Texas Southern,missed,Donte Clark,NA,FALSE,FALSE,Texas Southern,Oakland
400992166,2017-11-30,Oakland,Texas Southern,182,2,17:59:00,1079,1079,Martez Walker Block.,46,43,3,0,0.8026681449569063,0.6205944154912815,4,4,7.5,NA,NA,NA,NA,NA,NA,NA,NA,Texas Southern,Oakland
400992166,2017-11-30,Oakland,Texas Southern,183,2,17:56:00,1076,1076,Isaiah Brock Defensive Rebound.,46,43,3,3,0.8026550936533168,0.6207731682297614,4,4,7.5,NA,NA,NA,NA,NA,NA,NA,NA,Texas Southern,Oakland
400992166,2017-11-30,Oakland,Texas Southern,184,2,17:48:00,1068,1068,Jalen Hayes made Layup. Assisted by Brailen Neely.,48,43,5,8,0.8497562231213294,0.6952539468019623,4,4,7.5,NA,NA,Oakland,made,Jalen Hayes,Brailen Neely,FALSE,FALSE,Oakland,Texas Southern
400992166,2017-11-30,Oakland,Texas Southern,185,2,17:48:00,1068,1068,Foul on Donte Clark.,48,43,5,0,0.8497562231213294,0.6952539468019623,4,4,7.5,NA,NA,NA,NA,NA,NA,NA,NA,Oakland,Texas Southern
400992166,2017-11-30,Oakland,Texas Southern,186,2,17:48:00,1068,1068,Jalen Hayes missed Free Throw.,48,43,5,0,0.8497562231213294,0.6952539468019623,4,4,7.5,NA,NA,Oakland,missed,Jalen Hayes,NA,FALSE,TRUE,Oakland,Texas Southern
400992166,2017-11-30,Oakland,Texas Southern,187,2,17:48:00,1068,1068,Kevin Scott Defensive Rebound.,48,43,5,0,0.8497562231213294,0.6952539468019623,4,4,7.5,NA,NA,NA,NA,NA,NA,NA,NA,Oakland,Texas Southern
400992166,2017-11-30,Oakland,Texas Southern,188,2,17:37:00,1057,1057,Demontrae Jefferson missed Jumper.,48,43,5,11,0.8499719190329431,0.6962689248764,4,4,7.5,NA,NA,Texas Southern,missed,Demontrae Jefferson,NA,FALSE,FALSE,Texas Southern,Oakland
400992166,2017-11-30,Oakland,Texas Southern,189,2,17:37:00,1057,1057,Isaiah Brock Defensive Rebound.,48,43,5,0,0.8499719190329431,0.6962689248764,4,4,7.5,NA,NA,NA,NA,NA,NA,NA,NA,Texas Southern,Oakland
400992166,2017-11-30,Oakland,Texas Southern,190,2,17:15:00,1035,1035,Jalen Hayes Turnover.,48,43,5,22,0.8504495924456067,0.6983821188451897,4,4,7.5,NA,NA,NA,NA,NA,NA,NA,NA,Oakland,Texas Southern
400992166,2017-11-30,Oakland,Texas Southern,191,2,17:13:00,1033,1033,Donte Clark Steal.,48,43,5,2,0.8504964793845294,0.6985804977034019,4,4,7.5,NA,NA,NA,NA,NA,NA,NA,NA,Oakland,Texas Southern
400992166,2017-11-30,Oakland,Texas Southern,192,2,17:10:00,1030,1030,Donte Clark made Layup.,48,45,3,3,0.8025445457642709,0.6236765128589682,4,4,7.5,NA,NA,Texas Southern,made,Donte Clark,NA,FALSE,FALSE,Texas Southern,Oakland
400992166,2017-11-30,Oakland,Texas Southern,193,2,16:45:00,1005,1005,Martez Walker missed Jumper.,48,45,3,25,0.8025765194408732,0.6254236983539635,4,4,7.5,NA,NA,Oakland,missed,Martez Walker,NA,FALSE,FALSE,Oakland,Texas Southern
400992166,2017-11-30,Oakland,Texas Southern,194,2,16:45:00,1005,1005,Donte Clark Defensive Rebound.,48,45,3,0,0.8025765194408732,0.6254236983539635,4,4,7.5,NA,NA,NA,NA,NA,NA,NA,NA,Oakland,Texas Southern
400992166,2017-11-30,Oakland,Texas Southern,195,2,16:17:00,977,977,Demontrae Jefferson made Layup.,48,47,1,28,0.7418248289573017,0.5433737905363542,4,4,7.5,NA,NA,Texas Southern,made,Demontrae Jefferson,NA,FALSE,FALSE,Texas Southern,Oakland
400992166,2017-11-30,Oakland,Texas Southern,196,2,16:00:00,960,960,James Beck missed Jumper.,48,47,1,17,0.7412268199576355,0.5438605594212443,4,4,7.5,NA,NA,Oakland,missed,James Beck,NA,FALSE,FALSE,Oakland,Texas Southern
400992166,2017-11-30,Oakland,Texas Southern,197,2,16:00:00,960,960,Trayvon Reed Block.,48,47,1,0,0.7412268199576355,0.5438605594212443,4,4,7.5,NA,NA,NA,NA,NA,NA,NA,NA,Oakland,Texas Southern
400992166,2017-11-30,Oakland,Texas Southern,198,2,15:57:00,957,957,Kevin Scott Defensive Rebound.,48,47,1,3,0.7411230734908905,0.5439427873558352,4,4,7.5,NA,NA,NA,NA,NA,NA,NA,NA,Oakland,Texas Southern
400992166,2017-11-30,Oakland,Texas Southern,199,2,15:48:00,948,948,Demontrae Jefferson missed Jumper.,48,47,1,9,0.7408151353845394,0.5441816296492589,4,4,7.5,NA,NA,Texas Southern,missed,Demontrae Jefferson,NA,FALSE,FALSE,Texas Southern,Oakland
400992166,2017-11-30,Oakland,Texas Southern,200,2,15:48:00,948,948,James Beck Defensive Rebound.,48,47,1,0,0.7408151353845394,0.5441816296492589,4,4,7.5,NA,NA,NA,NA,NA,NA,NA,NA,Texas Southern,Oakland
400992166,2017-11-30,Oakland,Texas Southern,201,2,15:39:00,939,939,Brailen Neely made Jumper.,50,47,3,9,0.8029520862719148,0.6304915531634911,4,4,7.5,NA,NA,Oakland,made,Brailen Neely,NA,FALSE,FALSE,Oakland,Texas Southern
400992166,2017-11-30,Oakland,Texas Southern,202,2,15:26:00,926,926,Derrick Bruce made Jumper.,50,49,1,13,0.7400813201875142,0.5447236640535791,4,4,7.5,NA,NA,Texas Southern,made,Derrick Bruce,NA,FALSE,FALSE,Texas Southern,Oakland
400992166,2017-11-30,Oakland,Texas Southern,203,2,15:25:00,925,925,Foul on Trayvon Reed.,50,49,1,1,0.7400485417915701,0.5447471370252722,4,4,7.5,NA,NA,NA,NA,NA,NA,NA,NA,Oakland,Oakland
400992166,2017-11-30,Oakland,Texas Southern,204,2,15:25:00,925,925,Official TV Timeout,50,49,1,0,0.7400485417915701,0.5447471370252722,4,4,7.5,NA,NA,NA,NA,NA,NA,NA,NA,Oakland,Oakland
400992166,2017-11-30,Oakland,Texas Southern,205,2,15:14:00,914,914,Nick Daniels missed Three Point Jumper.,50,49,1,11,0.7396909146134358,0.545000145996864,4,4,7.5,NA,NA,Oakland,missed,Nick Daniels,NA,TRUE,FALSE,Oakland,Texas Southern
400992166,2017-11-30,Oakland,Texas Southern,206,2,15:14:00,914,914,Texas Southern Defensive Rebound.,50,49,1,0,0.7396909146134358,0.545000145996864,4,4,7.5,NA,NA,NA,NA,NA,NA,NA,NA,Oakland,Texas Southern
400992166,2017-11-30,Oakland,Texas Southern,207,2,15:03:00,903,903,Demontrae Jefferson missed Layup.,50,49,1,11,0.7393382010993055,0.5452454829153952,4,4,7.5,NA,NA,Texas Southern,missed,Demontrae Jefferson,NA,FALSE,FALSE,Texas Southern,Oakland
400992166,2017-11-30,Oakland,Texas Southern,208,2,15:03:00,903,903,Martez Walker Block.,50,49,1,0,0.7393382010993055,0.5452454829153952,4,4,7.5,NA,NA,NA,NA,NA,NA,NA,NA,Texas Southern,Oakland
400992166,2017-11-30,Oakland,Texas Southern,209,2,15:00:00,900,900,Isaiah Brock Defensive Rebound.,50,49,1,3,0.7392427708934066,0.5453114103420743,4,4,7.5,NA,NA,NA,NA,NA,NA,NA,NA,Texas Southern,Oakland
400992166,2017-11-30,Oakland,Texas Southern,210,2,14:57:00,897,897,Nick Daniels missed Layup.,50,49,1,3,0.7391476424584353,0.5453770182838606,4,4,7.5,NA,NA,Oakland,missed,Nick Daniels,NA,FALSE,FALSE,Oakland,Oakland
400992166,2017-11-30,Oakland,Texas Southern,211,2,14:57:00,897,897,Isaiah Brock Offensive Rebound.,50,49,1,0,0.7391476424584353,0.5453770182838606,4,4,7.5,NA,NA,NA,NA,NA,NA,NA,NA,Oakland,Oakland
400992166,2017-11-30,Oakland,Texas Southern,212,2,14:52:00,892,892,Isaiah Brock missed Layup.,50,49,1,5,0.7389897284658339,0.5454858010206464,4,4,7.5,NA,NA,Oakland,missed,Isaiah Brock,NA,FALSE,FALSE,Oakland,Texas Southern
400992166,2017-11-30,Oakland,Texas Southern,213,2,14:52:00,892,892,Derrick Bruce Defensive Rebound.,50,49,1,0,0.7389897284658339,0.5454858010206464,4,4,7.5,NA,NA,NA,NA,NA,NA,NA,NA,Oakland,Texas Southern
400992166,2017-11-30,Oakland,Texas Southern,214,2,14:47:00,887,887,Kevin Scott made Jumper. Assisted by Derrick Bruce.,50,51,-1,5,0.6624297098932848,0.4544059051821551,4,4,7.5,NA,NA,Texas Southern,made,Kevin Scott,Derrick Bruce,FALSE,FALSE,Texas Southern,Oakland
400992166,2017-11-30,Oakland,Texas Southern,215,2,14:25:00,865,865,Foul on Derrick Bruce.,50,51,-1,22,0.6607746720241343,0.45392891067405794,4,4,7.5,NA,NA,NA,NA,NA,NA,NA,NA,Oakland,Oakland
400992166,2017-11-30,Oakland,Texas Southern,216,2,14:25:00,865,865,Jalen Hayes made Free Throw.,51,51,0,0,0.7008936331368035,0.5,4,4,7.5,NA,NA,Oakland,made,Jalen Hayes,NA,FALSE,TRUE,Oakland,Oakland
400992166,2017-11-30,Oakland,Texas Southern,217,2,14:25:00,865,865,Jalen Hayes made Free Throw.,52,51,1,0,0.7381481093557918,0.5460710893259421,4,4,7.5,NA,NA,Oakland,made,Jalen Hayes,NA,FALSE,TRUE,Oakland,Texas Southern
400992166,2017-11-30,Oakland,Texas Southern,218,2,14:13:00,853,853,Donte Clark missed Jumper.,52,51,1,12,0.7377783245354781,0.5463368935202376,4,4,7.5,NA,NA,Texas Southern,missed,Donte Clark,NA,FALSE,FALSE,Texas Southern,Oakland
400992166,2017-11-30,Oakland,Texas Southern,219,2,14:13:00,853,853,Isaiah Brock Block.,52,51,1,0,0.7377783245354781,0.5463368935202376,4,4,7.5,NA,NA,NA,NA,NA,NA,NA,NA,Texas Southern,Oakland
400992166,2017-11-30,Oakland,Texas Southern,220,2,14:11:00,851,851,Brailen Neely Defensive Rebound.,52,51,1,2,0.737716850986835,0.5463819146846853,4,4,7.5,NA,NA,NA,NA,NA,NA,NA,NA,Texas Southern,Oakland
400992166,2017-11-30,Oakland,Texas Southern,221,2,14:04:00,844,844,Jalen Hayes made Jumper. Assisted by Jaevin Cumberland.,54,51,3,7,0.8032035721184061,0.6364803172322837,4,4,7.5,NA,NA,Oakland,made,Jalen Hayes,Jaevin Cumberland,FALSE,FALSE,Oakland,Texas Southern
400992166,2017-11-30,Oakland,Texas Southern,222,2,13:44:00,824,824,Donte Clark made Jumper. Assisted by Demontrae Jefferson.,54,53,1,20,0.7368885977894964,0.5470204920870995,4,4,7.5,NA,NA,Texas Southern,made,Donte Clark,Demontrae Jefferson,FALSE,FALSE,Texas Southern,Oakland
400992166,2017-11-30,Oakland,Texas Southern,223,2,13:15:00,795,795,Martez Walker Turnover.,54,53,1,29,0.7359942589157648,0.547801444170172,4,4,7.5,NA,NA,NA,NA,NA,NA,NA,NA,Oakland,Texas Southern
400992166,2017-11-30,Oakland,Texas Southern,224,2,13:07:00,787,787,Demontrae Jefferson made Layup.,54,55,-1,8,0.6544043937871574,0.4519595206632,4,4,7.5,NA,NA,Texas Southern,made,Demontrae Jefferson,NA,FALSE,FALSE,Texas Southern,Oakland
400992166,2017-11-30,Oakland,Texas Southern,225,2,12:48:00,768,768,Martez Walker missed Three Point Jumper.,54,55,-1,19,0.6525772616823586,0.45134141166306185,4,4,7.5,NA,NA,Oakland,missed,Martez Walker,NA,TRUE,FALSE,Oakland,Texas Southern
400992166,2017-11-30,Oakland,Texas Southern,226,2,12:48:00,768,768,Donte Clark Block.,54,55,-1,0,0.6525772616823586,0.45134141166306185,4,4,7.5,NA,NA,NA,NA,NA,NA,NA,NA,Oakland,Texas Southern
400992166,2017-11-30,Oakland,Texas Southern,227,2,12:47:00,767,767,Donte Clark Defensive Rebound.,54,55,-1,1,0.6524766864594679,0.45130672970581426,4,4,7.5,NA,NA,NA,NA,NA,NA,NA,NA,Oakland,Texas Southern
400992166,2017-11-30,Oakland,Texas Southern,228,2,12:47:00,767,767,Foul on Martez Walker.,54,55,-1,0,0.6524766864594679,0.45130672970581426,4,4,7.5,NA,NA,NA,NA,NA,NA,NA,NA,Oakland,Texas Southern
400992166,2017-11-30,Oakland,Texas Southern,229,2,12:33:00,753,753,Donte Clark missed Three Point Jumper.,54,55,-1,14,0.6510170592276774,0.4507962520131819,4,4,7.5,NA,NA,Texas Southern,missed,Donte Clark,NA,TRUE,FALSE,Texas Southern,Oakland
400992166,2017-11-30,Oakland,Texas Southern,230,2,12:33:00,753,753,Jalen Hayes Defensive Rebound.,54,55,-1,0,0.6510170592276774,0.4507962520131819,4,4,7.5,NA,NA,NA,NA,NA,NA,NA,NA,Texas Southern,Oakland
400992166,2017-11-30,Oakland,Texas Southern,231,2,12:26:00,746,746,Martez Walker made Layup. Assisted by Brailen Neely.,56,55,1,7,0.7344370563550024,0.5494775042448053,4,4,7.5,NA,NA,Oakland,made,Martez Walker,Brailen Neely,FALSE,FALSE,Oakland,Texas Southern
400992166,2017-11-30,Oakland,Texas Southern,232,2,11:58:00,718,718,Donte Clark Turnover.,56,55,1,28,0.7334990240564214,0.5506653371500158,4,4,7.5,NA,NA,NA,NA,NA,NA,NA,NA,Texas Southern,Oakland
400992166,2017-11-30,Oakland,Texas Southern,233,2,11:56:00,716,716,Jaevin Cumberland Steal.,56,55,1,2,0.7334298027464494,0.5507462108062404,4,4,7.5,NA,NA,NA,NA,NA,NA,NA,NA,Texas Southern,Oakland
400992166,2017-11-30,Oakland,Texas Southern,234,2,11:32:00,692,692,Martez Walker missed Layup.,56,55,1,24,0.7325771605193367,0.5516416423020405,4,4,7.5,NA,NA,Oakland,missed,Martez Walker,NA,FALSE,FALSE,Oakland,Texas Southern
400992166,2017-11-30,Oakland,Texas Southern,235,2,11:32:00,692,692,Trayvon Reed Block.,56,55,1,0,0.7325771605193367,0.5516416423020405,4,4,7.5,NA,NA,NA,NA,NA,NA,NA,NA,Oakland,Texas Southern
400992166,2017-11-30,Oakland,Texas Southern,236,2,11:28:00,688,688,Demontrae Jefferson Defensive Rebound.,56,55,1,4,0.7324316241981245,0.5517804681873376,4,4,7.5,NA,NA,NA,NA,NA,NA,NA,NA,Oakland,Texas Southern
400992166,2017-11-30,Oakland,Texas Southern,237,2,11:26:00,686,686,Demontrae Jefferson made Layup.,56,57,-1,2,0.6434414938408447,0.44815090702255195,4,4,7.5,NA,NA,Texas Southern,made,Demontrae Jefferson,NA,FALSE,FALSE,Texas Southern,Oakland
400992166,2017-11-30,Oakland,Texas Southern,238,2,11:18:00,678,678,Martez Walker made Three Point Jumper. Assisted by Brailen Neely.,59,57,2,8,0.7710692951685648,0.6031182591035733,4,4,7.5,NA,NA,Oakland,made,Martez Walker,Brailen Neely,TRUE,FALSE,Oakland,Texas Southern
400992166,2017-11-30,Oakland,Texas Southern,239,2,10:55:00,655,655,Demontrae Jefferson missed Jumper.,59,57,2,23,0.770839791337042,0.6045901188889287,4,4,7.5,NA,NA,Texas Southern,missed,Demontrae Jefferson,NA,FALSE,FALSE,Texas Southern,Oakland
400992166,2017-11-30,Oakland,Texas Southern,240,2,10:55:00,655,655,Martez Walker Block.,59,57,2,0,0.770839791337042,0.6045901188889287,4,4,7.5,NA,NA,NA,NA,NA,NA,NA,NA,Texas Southern,Oakland
400992166,2017-11-30,Oakland,Texas Southern,241,2,10:52:00,652,652,Isaiah Brock Defensive Rebound.,59,57,2,3,0.7708094740554172,0.6047831906074348,4,4,7.5,NA,NA,NA,NA,NA,NA,NA,NA,Texas Southern,Oakland
400992166,2017-11-30,Oakland,Texas Southern,242,2,10:48:00,648,648,Jalen Hayes made Layup. Assisted by Martez Walker.,61,57,4,4,0.8374236328813968,0.7012046614371327,4,4,7.5,NA,NA,Oakland,made,Jalen Hayes,Martez Walker,FALSE,FALSE,Oakland,Texas Southern
400992166,2017-11-30,Oakland,Texas Southern,243,2,10:43:00,643,643,Texas Southern  Timeout,61,57,4,5,0.8375730645251016,0.7017796878718116,3,4,7.5,NA,NA,NA,NA,NA,NA,NA,NA,Texas Southern,Texas Southern
400992166,2017-11-30,Oakland,Texas Southern,244,2,10:43:00,643,643,Texas Southern  Timeout,61,57,4,0,0.8375730645251016,0.7017796878718116,3,4,7.5,NA,NA,NA,NA,NA,NA,NA,NA,Texas Southern,Texas Southern
400992166,2017-11-30,Oakland,Texas Southern,245,2,10:27:00,627,627,Donte Clark missed Jumper.,61,57,4,16,0.83808839028234,0.7036936945160989,3,4,7.5,NA,NA,Texas Southern,missed,Donte Clark,NA,FALSE,FALSE,Texas Southern,Texas Southern
400992166,2017-11-30,Oakland,Texas Southern,246,2,10:27:00,627,627,Trayvon Reed Offensive Rebound.,61,57,4,0,0.83808839028234,0.7036936945160989,3,4,7.5,NA,NA,NA,NA,NA,NA,NA,NA,Texas Southern,Texas Southern
400992166,2017-11-30,Oakland,Texas Southern,247,2,10:21:00,621,621,Trayvon Reed made Dunk.,61,59,2,6,0.7705385378262597,0.6068982163997042,3,4,7.5,NA,NA,Texas Southern,made,Trayvon Reed,NA,FALSE,FALSE,Texas Southern,Oakland
400992166,2017-11-30,Oakland,Texas Southern,248,2,10:07:00,607,607,Jalen Hayes missed Jumper.,61,59,2,14,0.7704654403124509,0.6079778080994711,3,4,7.5,NA,NA,Oakland,missed,Jalen Hayes,NA,FALSE,FALSE,Oakland,Texas Southern
400992166,2017-11-30,Oakland,Texas Southern,249,2,10:07:00,607,607,Trayvon Reed Defensive Rebound.,61,59,2,0,0.7704654403124509,0.6079778080994711,3,4,7.5,NA,NA,NA,NA,NA,NA,NA,NA,Oakland,Texas Southern
400992166,2017-11-30,Oakland,Texas Southern,250,2,09:59:00,599,599,Derrick Bruce missed Three Point Jumper.,61,59,2,8,0.7704448244962226,0.6086456681124041,3,4,7.5,NA,NA,Texas Southern,missed,Derrick Bruce,NA,TRUE,FALSE,Texas Southern,Oakland
400992166,2017-11-30,Oakland,Texas Southern,251,2,09:59:00,599,599,Jalen Hayes Defensive Rebound.,61,59,2,0,0.7704448244962226,0.6086456681124041,3,4,7.5,NA,NA,NA,NA,NA,NA,NA,NA,Texas Southern,Oakland
400992166,2017-11-30,Oakland,Texas Southern,252,2,09:48:00,588,588,Martez Walker made Layup.,63,59,4,11,0.839783929559606,0.7092136533516877,3,4,7.5,NA,NA,Oakland,made,Martez Walker,NA,FALSE,FALSE,Oakland,Texas Southern
400992166,2017-11-30,Oakland,Texas Southern,253,2,09:48:00,588,588,Foul on Trayvon Reed.,63,59,4,0,0.839783929559606,0.7092136533516877,3,4,7.5,NA,NA,NA,NA,NA,NA,NA,NA,Oakland,Texas Southern
400992166,2017-11-30,Oakland,Texas Southern,254,2,09:48:00,588,588,Official TV Timeout,63,59,4,0,0.839783929559606,0.7092136533516877,3,4,7.5,NA,NA,NA,NA,NA,NA,NA,NA,Oakland,Texas Southern
400992166,2017-11-30,Oakland,Texas Southern,255,2,09:47:00,587,587,Martez Walker made Free Throw.,64,59,5,1,0.8676251343092798,0.7531445488690564,3,4,7.5,NA,NA,Oakland,made,Martez Walker,NA,FALSE,TRUE,Oakland,Texas Southern
400992166,2017-11-30,Oakland,Texas Southern,256,2,09:28:00,568,568,Kevin Scott missed Three Point Jumper.,64,59,5,19,0.8691129728320585,0.7569620006824326,3,4,7.5,NA,NA,Texas Southern,missed,Kevin Scott,NA,TRUE,FALSE,Texas Southern,Oakland
400992166,2017-11-30,Oakland,Texas Southern,257,2,09:28:00,568,568,Jalen Hayes Defensive Rebound.,64,59,5,0,0.8691129728320585,0.7569620006824326,3,4,7.5,NA,NA,NA,NA,NA,NA,NA,NA,Texas Southern,Oakland
400992166,2017-11-30,Oakland,Texas Southern,258,2,09:19:00,559,559,Nick Daniels made Layup. Assisted by Brailen Neely.,66,59,7,9,0.913666486259422,0.8328602570682518,3,4,7.5,NA,NA,Oakland,made,Nick Daniels,Brailen Neely,FALSE,FALSE,Oakland,Texas Southern
400992166,2017-11-30,Oakland,Texas Southern,259,2,09:19:00,559,559,Foul on Kevin Scott.,66,59,7,0,0.913666486259422,0.8328602570682518,3,4,7.5,NA,NA,NA,NA,NA,NA,NA,NA,Oakland,Texas Southern
400992166,2017-11-30,Oakland,Texas Southern,260,2,09:19:00,559,559,Nick Daniels made Free Throw.,67,59,8,0,0.9301295723214442,0.8624119858846299,3,4,7.5,NA,NA,Oakland,made,Nick Daniels,NA,FALSE,TRUE,Oakland,Texas Southern
400992166,2017-11-30,Oakland,Texas Southern,261,2,09:11:00,551,551,Donte Clark Turnover.,67,59,8,8,0.9310001032337024,0.8644180607699707,3,4,7.5,NA,NA,NA,NA,NA,NA,NA,NA,Texas Southern,Oakland
400992166,2017-11-30,Oakland,Texas Southern,262,2,09:10:00,550,550,Martez Walker Steal.,67,59,8,1,0.9311132834954586,0.8646774135972763,3,4,7.5,NA,NA,NA,NA,NA,NA,NA,NA,Texas Southern,Oakland
400992166,2017-11-30,Oakland,Texas Southern,263,2,09:01:00,541,541,Foul on Demontrae Jefferson.,67,59,8,9,0.9320663172465448,0.8668804644034599,3,4,7.5,NA,NA,NA,NA,NA,NA,NA,NA,Oakland,Oakland
400992166,2017-11-30,Oakland,Texas Southern,264,2,09:01:00,541,541,Technical Foul on Demontrae Jefferson.,67,59,8,0,0.9320663172465448,0.8668804644034599,3,4,7.5,NA,NA,NA,NA,NA,NA,NA,NA,Oakland,Oakland
400992166,2017-11-30,Oakland,Texas Southern,265,2,09:01:00,541,541,Foul on Demontrae Jefferson.,67,59,8,0,0.9320663172465448,0.8668804644034599,3,4,7.5,NA,NA,NA,NA,NA,NA,NA,NA,Oakland,Oakland
400992166,2017-11-30,Oakland,Texas Southern,266,2,09:01:00,541,541,Nick Daniels missed Free Throw.,67,59,8,0,0.9320663172465448,0.8668804644034599,3,4,7.5,NA,NA,Oakland,missed,Nick Daniels,NA,FALSE,TRUE,Oakland,Oakland
400992166,2017-11-30,Oakland,Texas Southern,267,2,09:01:00,541,541,Oakland Deadball Team Rebound.,67,59,8,0,0.9320663172465448,0.8668804644034599,3,4,7.5,NA,NA,NA,NA,NA,NA,NA,NA,Oakland,Oakland
400992166,2017-11-30,Oakland,Texas Southern,268,2,09:01:00,541,541,Nick Daniels made Free Throw.,68,59,9,0,0.9454776063323412,0.8916648148767561,3,4,7.5,NA,NA,Oakland,made,Nick Daniels,NA,FALSE,TRUE,Oakland,Oakland
400992166,2017-11-30,Oakland,Texas Southern,269,2,08:56:00,536,536,Nick Daniels made Three Point Jumper. Assisted by Brailen Neely.,71,59,12,5,0.9725644982000718,0.9440147096631883,3,4,7.5,NA,NA,Oakland,made,Nick Daniels,Brailen Neely,TRUE,FALSE,Oakland,Texas Southern
400992166,2017-11-30,Oakland,Texas Southern,270,2,08:34:00,514,514,Donte Clark made Jumper.,71,61,10,22,0.9583344304136704,0.9169614271212684,3,4,7.5,NA,NA,Texas Southern,made,Donte Clark,NA,FALSE,FALSE,Texas Southern,Oakland
400992166,2017-11-30,Oakland,Texas Southern,271,2,08:11:00,491,491,Foul on Lamont Walker.,71,61,10,23,0.9597710886628694,0.9204131603094864,3,4,7.5,NA,NA,NA,NA,NA,NA,NA,NA,Oakland,Oakland
400992166,2017-11-30,Oakland,Texas Southern,272,2,08:11:00,491,491,James Beck made Free Throw.,72,61,11,0,0.9682287405973344,0.9365987448846186,3,4,7.5,NA,NA,Oakland,made,James Beck,NA,FALSE,TRUE,Oakland,Oakland
400992166,2017-11-30,Oakland,Texas Southern,273,2,08:11:00,491,491,James Beck made Free Throw.,73,61,12,0,0.9749546716864022,0.9496726504818356,3,4,7.5,NA,NA,Oakland,made,James Beck,NA,FALSE,TRUE,Oakland,Texas Southern
400992166,2017-11-30,Oakland,Texas Southern,274,2,08:02:00,482,482,Foul on James Beck.,73,61,12,9,0.9754169185086348,0.950759114755259,3,4,7.5,NA,NA,NA,NA,NA,NA,NA,NA,Texas Southern,Texas Southern
400992166,2017-11-30,Oakland,Texas Southern,275,2,08:02:00,482,482,Donte Clark made Free Throw.,73,62,11,0,0.9687532678692996,0.9378375183138288,3,4,7.5,NA,NA,Texas Southern,made,Donte Clark,NA,FALSE,TRUE,Texas Southern,Texas Southern
400992166,2017-11-30,Oakland,Texas Southern,276,2,08:02:00,482,482,Donte Clark made Free Throw.,73,63,10,0,0.9603567365923602,0.9218039702806736,3,4,7.5,NA,NA,Texas Southern,made,Donte Clark,NA,FALSE,TRUE,Texas Southern,Oakland
400992166,2017-11-30,Oakland,Texas Southern,277,2,07:51:00,471,471,Nick Daniels made Three Point Jumper. Assisted by Brailen Neely.,76,63,13,11,0.981214590765377,0.9623234369133284,3,4,7.5,NA,NA,Oakland,made,Nick Daniels,Brailen Neely,TRUE,FALSE,Oakland,Texas Southern
400992166,2017-11-30,Oakland,Texas Southern,278,2,07:24:00,444,444,Derrick Bruce made Three Point Jumper. Assisted by Brian Carey.,76,66,10,27,0.9634967161373662,0.9289577868845508,3,4,7.5,NA,NA,Texas Southern,made,Derrick Bruce,Brian Carey,TRUE,FALSE,Texas Southern,Oakland
400992166,2017-11-30,Oakland,Texas Southern,279,2,06:55:00,415,415,Brailen Neely made Three Point Jumper. Assisted by James Beck.,79,66,13,29,0.9848576776474632,0.9703708514601312,3,4,7.5,NA,NA,Oakland,made,Brailen Neely,James Beck,TRUE,FALSE,Oakland,Texas Southern
400992166,2017-11-30,Oakland,Texas Southern,280,2,06:40:00,400,400,Lamont Walker made Layup. Assisted by Derrick Bruce.,79,68,11,15,0.9756397862446966,0.9531684273003286,3,4,7.5,NA,NA,Texas Southern,made,Lamont Walker,Derrick Bruce,FALSE,FALSE,Texas Southern,Oakland
400992166,2017-11-30,Oakland,Texas Southern,281,2,06:16:00,376,376,Jalen Hayes made Layup. Assisted by Brailen Neely.,81,68,13,24,0.9871012069645734,0.9753097823792606,3,4,7.5,NA,NA,Oakland,made,Jalen Hayes,Brailen Neely,FALSE,FALSE,Oakland,Texas Southern
400992166,2017-11-30,Oakland,Texas Southern,282,2,06:01:00,361,361,Trayvon Reed made Jumper. Assisted by Donte Clark.,81,70,11,15,0.9787179588593526,0.9599758441343704,3,4,7.5,NA,NA,Texas Southern,made,Trayvon Reed,Donte Clark,FALSE,FALSE,Texas Southern,Oakland
400992166,2017-11-30,Oakland,Texas Southern,283,2,06:01:00,361,361,Foul on James Beck.,81,70,11,0,0.9787179588593526,0.9599758441343704,3,4,7.5,NA,NA,NA,NA,NA,NA,NA,NA,Texas Southern,Oakland
400992166,2017-11-30,Oakland,Texas Southern,284,2,06:01:00,361,361,Official TV Timeout,81,70,11,0,0.9787179588593526,0.9599758441343704,3,4,7.5,NA,NA,NA,NA,NA,NA,NA,NA,Texas Southern,Oakland
400992166,2017-11-30,Oakland,Texas Southern,285,2,06:01:00,361,361,Trayvon Reed missed Free Throw.,81,70,11,0,0.9787179588593526,0.9599758441343704,3,4,7.5,NA,NA,Texas Southern,missed,Trayvon Reed,NA,FALSE,TRUE,Texas Southern,Oakland
400992166,2017-11-30,Oakland,Texas Southern,286,2,06:01:00,361,361,Jalen Hayes Defensive Rebound.,81,70,11,0,0.9787179588593526,0.9599758441343704,3,4,7.5,NA,NA,NA,NA,NA,NA,NA,NA,Texas Southern,Oakland
400992166,2017-11-30,Oakland,Texas Southern,287,2,05:43:00,343,343,Brailen Neely missed Three Point Jumper.,81,70,11,18,0.980304427823128,0.96336717882531,3,4,7.5,NA,NA,Oakland,missed,Brailen Neely,NA,TRUE,FALSE,Oakland,Texas Southern
400992166,2017-11-30,Oakland,Texas Southern,288,2,05:43:00,343,343,Divonte Lumpkin Defensive Rebound.,81,70,11,0,0.980304427823128,0.96336717882531,3,4,7.5,NA,NA,NA,NA,NA,NA,NA,NA,Oakland,Texas Southern
400992166,2017-11-30,Oakland,Texas Southern,289,2,05:26:00,326,326,Foul on Brailen Neely.,81,70,11,17,0.981999321694386,0.9668826768081976,3,4,7.5,NA,NA,NA,NA,NA,NA,NA,NA,Texas Southern,Texas Southern
400992166,2017-11-30,Oakland,Texas Southern,290,2,05:26:00,326,326,Foul on Jalen Hayes.,81,70,11,0,0.981999321694386,0.9668826768081976,3,4,7.5,NA,NA,NA,NA,NA,NA,NA,NA,Texas Southern,Texas Southern
400992166,2017-11-30,Oakland,Texas Southern,291,2,05:16:00,316,316,Donte Clark made Layup.,81,72,9,10,0.9688291070210436,0.9437064585719817,3,4,7.5,NA,NA,Texas Southern,made,Donte Clark,NA,FALSE,FALSE,Texas Southern,Oakland
400992166,2017-11-30,Oakland,Texas Southern,292,2,04:59:00,299,299,James Beck missed Jumper.,81,72,9,17,0.9710583140993536,0.9483003945831496,3,4,7.5,NA,NA,Oakland,missed,James Beck,NA,FALSE,FALSE,Oakland,Texas Southern
400992166,2017-11-30,Oakland,Texas Southern,293,2,04:59:00,299,299,Lamont Walker Defensive Rebound.,81,72,9,0,0.9710583140993536,0.9483003945831496,3,4,7.5,NA,NA,NA,NA,NA,NA,NA,NA,Oakland,Texas Southern
400992166,2017-11-30,Oakland,Texas Southern,294,2,04:50:00,290,290,Foul on Martez Walker.,81,72,9,9,0.9712558350672856,0.9489880752947332,3,4,7.5,NA,NA,NA,NA,NA,NA,NA,NA,Texas Southern,Texas Southern
400992166,2017-11-30,Oakland,Texas Southern,295,2,04:50:00,290,290,Trayvon Reed made Free Throw.,81,73,8,0,0.9606585330744252,0.9307663722819848,3,4,7.5,NA,NA,Texas Southern,made,Trayvon Reed,NA,FALSE,TRUE,Texas Southern,Texas Southern
400992166,2017-11-30,Oakland,Texas Southern,296,2,04:50:00,290,290,Trayvon Reed made Free Throw.,81,74,7,0,0.9463699857579444,0.906675877517451,3,4,7.5,NA,NA,Texas Southern,made,Trayvon Reed,NA,FALSE,TRUE,Texas Southern,Texas Southern
400992166,2017-11-30,Oakland,Texas Southern,297,2,04:37:00,277,277,Donte Clark missed Three Point Jumper.,81,74,7,13,0.9454144049670626,0.9059552370472505,3,4,7.5,NA,NA,Texas Southern,missed,Donte Clark,NA,TRUE,FALSE,Texas Southern,Oakland
400992166,2017-11-30,Oakland,Texas Southern,298,2,04:37:00,277,277,Jalen Hayes Defensive Rebound.,81,74,7,0,0.9454144049670626,0.9059552370472505,3,4,7.5,NA,NA,NA,NA,NA,NA,NA,NA,Texas Southern,Oakland
400992166,2017-11-30,Oakland,Texas Southern,299,2,04:20:00,260,260,Brailen Neely Turnover.,81,74,7,17,0.9429542467930688,0.9030875855351388,3,4,7.5,NA,NA,NA,NA,NA,NA,NA,NA,Oakland,Texas Southern
400992166,2017-11-30,Oakland,Texas Southern,300,2,04:20:00,260,260,Divonte Lumpkin Steal.,81,74,7,0,0.9429542467930688,0.9030875855351388,3,4,7.5,NA,NA,NA,NA,NA,NA,NA,NA,Oakland,Texas Southern
400992166,2017-11-30,Oakland,Texas Southern,301,2,04:04:00,244,244,Donte Clark made Jumper. Assisted by Divonte Lumpkin.,81,76,5,16,0.8941881247625519,0.8283821389947444,3,4,7.5,NA,NA,Texas Southern,made,Donte Clark,Divonte Lumpkin,FALSE,FALSE,Texas Southern,Oakland
400992166,2017-11-30,Oakland,Texas Southern,302,2,03:47:00,227,227,Jalen Hayes made Dunk. Assisted by Brailen Neely.,83,76,7,17,0.9400700161537284,0.9009095414497128,3,4,7.5,NA,NA,Oakland,made,Jalen Hayes,Brailen Neely,FALSE,FALSE,Oakland,Texas Southern
400992166,2017-11-30,Oakland,Texas Southern,303,2,03:47:00,227,227,Oakland  Timeout,83,76,7,0,0.9400700161537284,0.9009095414497128,3,3,7.5,NA,NA,NA,NA,NA,NA,NA,NA,Oakland,Texas Southern
400992166,2017-11-30,Oakland,Texas Southern,304,2,03:47:00,227,227,Official TV Timeout,83,76,7,0,0.9400700161537284,0.9009095414497128,3,3,7.5,NA,NA,NA,NA,NA,NA,NA,NA,Oakland,Texas Southern
400992166,2017-11-30,Oakland,Texas Southern,305,2,03:33:00,213,213,Donte Clark missed Layup.,83,76,7,14,0.942159792200924,0.9053304004842878,3,3,7.5,NA,NA,Texas Southern,missed,Donte Clark,NA,FALSE,FALSE,Texas Southern,Texas Southern
400992166,2017-11-30,Oakland,Texas Southern,306,2,03:33:00,213,213,Lamont Walker Offensive Rebound.,83,76,7,0,0.942159792200924,0.9053304004842878,3,3,7.5,NA,NA,NA,NA,NA,NA,NA,NA,Texas Southern,Texas Southern
400992166,2017-11-30,Oakland,Texas Southern,307,2,03:31:00,211,211,Foul on Martez Walker.,83,76,7,2,0.9427005199998442,0.9063424325362858,3,3,7.5,NA,NA,NA,NA,NA,NA,NA,NA,Texas Southern,Texas Southern
400992166,2017-11-30,Oakland,Texas Southern,308,2,03:31:00,211,211,Lamont Walker missed Free Throw.,83,76,7,0,0.9427005199998442,0.9063424325362858,3,3,7.5,NA,NA,Texas Southern,missed,Lamont Walker,NA,FALSE,TRUE,Texas Southern,Oakland
400992166,2017-11-30,Oakland,Texas Southern,309,2,03:31:00,211,211,Jalen Hayes Defensive Rebound.,83,76,7,0,0.9427005199998442,0.9063424325362858,3,3,7.5,NA,NA,NA,NA,NA,NA,NA,NA,Texas Southern,Oakland
400992166,2017-11-30,Oakland,Texas Southern,310,2,03:14:00,194,194,Brian Carey Turnover.,83,76,7,17,0.9499172775530308,0.9190071437561572,3,3,7.5,NA,NA,NA,NA,NA,NA,NA,NA,Texas Southern,Oakland
400992166,2017-11-30,Oakland,Texas Southern,311,2,03:14:00,194,194,Nick Daniels Turnover.,83,76,7,0,0.9499172775530308,0.9190071437561572,3,3,7.5,NA,NA,NA,NA,NA,NA,NA,NA,Oakland,Texas Southern
400992166,2017-11-30,Oakland,Texas Southern,312,2,03:14:00,194,194,Derrick Bruce Turnover.,83,76,7,0,0.9499172775530308,0.9190071437561572,3,3,7.5,NA,NA,NA,NA,NA,NA,NA,NA,Texas Southern,Oakland
400992166,2017-11-30,Oakland,Texas Southern,313,2,03:14:00,194,194,Donte Clark Steal.,83,76,7,0,0.9499172775530308,0.9190071437561572,3,3,7.5,NA,NA,NA,NA,NA,NA,NA,NA,Oakland,Texas Southern
400992166,2017-11-30,Oakland,Texas Southern,314,2,02:44:00,164,164,Donte Clark missed Three Point Jumper.,83,76,7,30,0.9663043943286036,0.946588224385984,3,3,7.5,NA,NA,Texas Southern,missed,Donte Clark,NA,TRUE,FALSE,Texas Southern,Oakland
400992166,2017-11-30,Oakland,Texas Southern,315,2,02:44:00,164,164,Isaiah Brock Defensive Rebound.,83,76,7,0,0.9663043943286036,0.946588224385984,3,3,7.5,NA,NA,NA,NA,NA,NA,NA,NA,Texas Southern,Oakland
400992166,2017-11-30,Oakland,Texas Southern,316,2,02:38:00,158,158,Foul on Divonte Lumpkin.,83,76,7,6,0.9691320107486742,0.9512995949386752,3,3,7.5,NA,NA,NA,NA,NA,NA,NA,NA,Oakland,Oakland
400992166,2017-11-30,Oakland,Texas Southern,317,2,02:38:00,158,158,Martez Walker made Free Throw.,84,76,8,0,0.9795932720133846,0.9676022888632252,3,3,7.5,NA,NA,Oakland,made,Martez Walker,NA,FALSE,TRUE,Oakland,Oakland
400992166,2017-11-30,Oakland,Texas Southern,318,2,02:38:00,158,158,Martez Walker made Free Throw.,85,76,9,0,0.9865583513446292,0.9785705143223866,3,3,7.5,NA,NA,Oakland,made,Martez Walker,NA,FALSE,TRUE,Oakland,Texas Southern
400992166,2017-11-30,Oakland,Texas Southern,319,2,02:29:00,149,149,Demontrae Jefferson missed Three Point Jumper.,85,76,9,9,0.9888352347105483,0.982355076245066,3,3,7.5,NA,NA,Texas Southern,missed,Demontrae Jefferson,NA,TRUE,FALSE,Texas Southern,Texas Southern
400992166,2017-11-30,Oakland,Texas Southern,320,2,02:29:00,149,149,Demontrae Jefferson Offensive Rebound.,85,76,9,0,0.9888352347105483,0.982355076245066,3,3,7.5,NA,NA,NA,NA,NA,NA,NA,NA,Texas Southern,Texas Southern
400992166,2017-11-30,Oakland,Texas Southern,321,2,02:19:00,139,139,Marquis Salmon missed Layup.,85,76,9,10,0.9910813286372864,0.9860478260987394,3,3,7.5,NA,NA,Texas Southern,missed,Marquis Salmon,NA,FALSE,FALSE,Texas Southern,Texas Southern
400992166,2017-11-30,Oakland,Texas Southern,322,2,02:19:00,139,139,Isaiah Brock Block.,85,76,9,0,0.9910813286372864,0.9860478260987394,3,3,7.5,NA,NA,NA,NA,NA,NA,NA,NA,Texas Southern,Texas Southern
400992166,2017-11-30,Oakland,Texas Southern,323,2,02:16:00,136,136,Demontrae Jefferson Offensive Rebound.,85,76,9,3,0.991699242241447,0.9870554765037358,3,3,7.5,NA,NA,NA,NA,NA,NA,NA,NA,Texas Southern,Texas Southern
400992166,2017-11-30,Oakland,Texas Southern,324,2,02:13:00,133,133,Demontrae Jefferson made Layup.,85,78,7,3,0.9797117017917158,0.9686831737890672,3,3,7.5,NA,NA,Texas Southern,made,Demontrae Jefferson,NA,FALSE,FALSE,Texas Southern,Oakland
400992166,2017-11-30,Oakland,Texas Southern,325,2,02:13:00,133,133,Texas Southern  Timeout,85,78,7,0,0.9797117017917158,0.9686831737890672,2,3,7.5,NA,NA,NA,NA,NA,NA,NA,NA,Texas Southern,Oakland
400992166,2017-11-30,Oakland,Texas Southern,326,2,02:00:00,120,120,Martez Walker missed Three Point Jumper.,85,78,7,13,0.9844434631113574,0.9762940838878515,2,3,7.5,NA,NA,Oakland,missed,Martez Walker,NA,TRUE,FALSE,Oakland,Oakland
400992166,2017-11-30,Oakland,Texas Southern,327,2,02:00:00,120,120,Jalen Hayes Offensive Rebound.,85,78,7,0,0.9844434631113574,0.9762940838878515,2,3,7.5,NA,NA,NA,NA,NA,NA,NA,NA,Oakland,Oakland
400992166,2017-11-30,Oakland,Texas Southern,328,2,01:44:00,104,104,Foul on Demontrae Jefferson.,85,78,7,16,0.9894246737785578,0.9841619537073748,2,3,7.5,NA,NA,NA,NA,NA,NA,NA,NA,Oakland,Oakland
400992166,2017-11-30,Oakland,Texas Southern,329,2,01:44:00,104,104,Nick Daniels missed Free Throw.,85,78,7,0,0.9894246737785578,0.9841619537073748,2,3,7.5,NA,NA,Oakland,missed,Nick Daniels,NA,FALSE,TRUE,Oakland,Oakland
400992166,2017-11-30,Oakland,Texas Southern,330,2,01:44:00,104,104,Oakland Deadball Team Rebound.,85,78,7,0,0.9894246737785578,0.9841619537073748,2,3,7.5,NA,NA,NA,NA,NA,NA,NA,NA,Oakland,Oakland
400992166,2017-11-30,Oakland,Texas Southern,331,2,01:44:00,104,104,Nick Daniels made Free Throw.,86,78,8,0,0.9941095255425214,0.9911573457289028,2,3,7.5,NA,NA,Oakland,made,Nick Daniels,NA,FALSE,TRUE,Oakland,Texas Southern
400992166,2017-11-30,Oakland,Texas Southern,332,2,01:29:00,89,89,Donte Clark made Jumper. Assisted by Kevin Scott.,86,80,6,15,0.9868222019540076,0.980670917388873,2,3,7.5,NA,NA,Texas Southern,made,Donte Clark,Kevin Scott,FALSE,FALSE,Texas Southern,Oakland
400992166,2017-11-30,Oakland,Texas Southern,333,2,01:15:00,75,75,Martez Walker made Layup. Assisted by Nick Daniels.,88,80,8,14,0.9978224411856186,0.9968499046741218,2,3,7.5,NA,NA,Oakland,made,Martez Walker,Nick Daniels,FALSE,FALSE,Oakland,Texas Southern
400992166,2017-11-30,Oakland,Texas Southern,334,2,01:06:00,66,66,Divonte Lumpkin made Layup. Assisted by Brian Carey.,88,82,6,9,0.9929570986711588,0.9899604175418756,2,3,7.5,NA,NA,Texas Southern,made,Divonte Lumpkin,Brian Carey,FALSE,FALSE,Texas Southern,Oakland
400992166,2017-11-30,Oakland,Texas Southern,335,2,01:06:00,66,66,Foul on Jalen Hayes.,88,82,6,0,0.9929570986711588,0.9899604175418756,2,3,7.5,NA,NA,NA,NA,NA,NA,NA,NA,Texas Southern,Texas Southern
400992166,2017-11-30,Oakland,Texas Southern,336,2,01:06:00,66,66,Divonte Lumpkin made Free Throw.,88,83,5,0,0.9849835550403782,0.9786671027881187,2,3,7.5,NA,NA,Texas Southern,made,Divonte Lumpkin,NA,FALSE,TRUE,Texas Southern,Oakland
400992166,2017-11-30,Oakland,Texas Southern,337,2,00:52:00,52,52,Foul on Kevin Scott.,88,83,5,14,0.9894322951589866,0.9852546905212216,2,3,7.5,NA,NA,NA,NA,NA,NA,NA,NA,Oakland,Oakland
400992166,2017-11-30,Oakland,Texas Southern,338,2,00:52:00,52,52,Brailen Neely made Free Throw.,89,83,6,0,0.9954120511895456,0.9935830209921994,2,3,7.5,NA,NA,Oakland,made,Brailen Neely,NA,FALSE,TRUE,Oakland,Oakland
400992166,2017-11-30,Oakland,Texas Southern,339,2,00:52:00,52,52,Brailen Neely made Free Throw.,90,83,7,0,0.9980149393160088,0.9972206783603496,2,3,7.5,NA,NA,Oakland,made,Brailen Neely,NA,FALSE,TRUE,Oakland,Texas Southern
400992166,2017-11-30,Oakland,Texas Southern,340,2,00:44:00,44,44,Foul on Nick Daniels.,90,83,7,8,0.9985406880377076,0.9979803429031776,2,3,7.5,NA,NA,NA,NA,NA,NA,NA,NA,Texas Southern,Texas Southern
400992166,2017-11-30,Oakland,Texas Southern,341,2,00:44:00,44,44,Kevin Scott made Free Throw.,90,84,6,0,0.996467514172734,0.995115008236088,2,3,7.5,NA,NA,Texas Southern,made,Kevin Scott,NA,FALSE,TRUE,Texas Southern,Texas Southern
400992166,2017-11-30,Oakland,Texas Southern,342,2,00:44:00,44,44,Kevin Scott made Free Throw.,90,85,5,0,0.9914742298408352,0.9882324895102232,2,3,7.5,NA,NA,Texas Southern,made,Kevin Scott,NA,FALSE,TRUE,Texas Southern,Oakland
400992166,2017-11-30,Oakland,Texas Southern,343,2,00:34:00,34,34,Foul on Brian Carey.,90,85,5,10,0.9935834440539606,0.9912682792741424,2,3,7.5,NA,NA,NA,NA,NA,NA,NA,NA,Oakland,Oakland
400992166,2017-11-30,Oakland,Texas Southern,344,2,00:34:00,34,34,Brailen Neely made Free Throw.,91,85,6,0,0.9974996999001792,0.9965927181247126,2,3,7.5,NA,NA,Oakland,made,Brailen Neely,NA,FALSE,TRUE,Oakland,Oakland
400992166,2017-11-30,Oakland,Texas Southern,345,2,00:34:00,34,34,Brailen Neely made Free Throw.,92,85,7,0,0.999028061518406,0.9986747550717808,2,3,7.5,NA,NA,Oakland,made,Brailen Neely,NA,FALSE,TRUE,Oakland,Texas Southern
400992166,2017-11-30,Oakland,Texas Southern,346,2,00:25:00,25,25,Kevin Scott made Layup.,92,87,5,9,0.9950927775441796,0.9934099508758156,2,3,7.5,NA,NA,Texas Southern,made,Kevin Scott,NA,FALSE,FALSE,Texas Southern,Oakland
400992166,2017-11-30,Oakland,Texas Southern,347,2,00:23:00,23,23,Foul on Brian Carey.,92,87,5,2,0.995382597911749,0.9938176910562188,2,3,7.5,NA,NA,NA,NA,NA,NA,NA,NA,Oakland,Oakland
400992166,2017-11-30,Oakland,Texas Southern,348,2,00:23:00,23,23,Brailen Neely made Free Throw.,93,87,6,0,0.9983233297150338,0.9977528309469768,2,3,7.5,NA,NA,Oakland,made,Brailen Neely,NA,FALSE,TRUE,Oakland,Oakland
400992166,2017-11-30,Oakland,Texas Southern,349,2,00:23:00,23,23,Brailen Neely made Free Throw.,94,87,7,0,0.9993923111787844,0.9991852439679112,2,3,7.5,NA,NA,Oakland,made,Brailen Neely,NA,FALSE,TRUE,Oakland,Texas Southern
400992166,2017-11-30,Oakland,Texas Southern,350,2,00:17:00,17,17,Kevin Scott Turnover.,94,87,7,6,0.9995351326989254,0.9993825524408364,2,3,7.5,NA,NA,NA,NA,NA,NA,NA,NA,Texas Southern,Oakland
400992166,2017-11-30,Oakland,Texas Southern,351,2,00:16:00,16,16,Brailen Neely Steal.,94,87,7,1,0.9995559664217246,0.9994111560645644,2,3,7.5,NA,NA,NA,NA,NA,NA,NA,NA,Texas Southern,Oakland
400992166,2017-11-30,Oakland,Texas Southern,352,2,00:15:00,15,15,Foul on Divonte Lumpkin.,94,87,7,1,0.9995760001269194,0.9994386141949796,2,3,7.5,NA,NA,NA,NA,NA,NA,NA,NA,Oakland,Oakland
400992166,2017-11-30,Oakland,Texas Southern,353,2,00:15:00,15,15,Jalen Hayes made Free Throw.,95,87,8,0,0.9998544104218352,0.9998072185755668,2,3,7.5,NA,NA,Oakland,made,Jalen Hayes,NA,FALSE,TRUE,Oakland,Oakland
400992166,2017-11-30,Oakland,Texas Southern,354,2,00:15:00,15,15,Jalen Hayes made Free Throw.,96,87,9,0,0.9999500177930776,0.9999338143579094,2,3,7.5,NA,NA,Oakland,made,Jalen Hayes,NA,FALSE,TRUE,Oakland,Texas Southern
400992166,2017-11-30,Oakland,Texas Southern,355,2,00:10:00,10,10,Donte Clark missed Three Point Jumper.,96,87,9,5,0.9999631494173395,0.999951592928644,2,3,7.5,NA,NA,Texas Southern,missed,Donte Clark,NA,TRUE,FALSE,Texas Southern,Oakland
400992166,2017-11-30,Oakland,Texas Southern,356,2,00:10:00,10,10,Nick Daniels Defensive Rebound.,96,87,9,0,0.9999631494173395,0.999951592928644,2,3,7.5,NA,NA,NA,NA,NA,NA,NA,NA,Texas Southern,Oakland
400992166,2017-11-30,Oakland,Texas Southern,357,2,00:06:00,6,6,Foul on Kevin Scott.,96,87,9,4,0.999971294378711,0.9999625359348822,2,3,7.5,NA,NA,NA,NA,NA,NA,NA,NA,Oakland,Oakland
400992166,2017-11-30,Oakland,Texas Southern,358,2,00:06:00,6,6,Nick Daniels missed Free Throw.,96,87,9,0,0.999971294378711,0.9999625359348822,2,3,7.5,NA,NA,Oakland,missed,Nick Daniels,NA,FALSE,TRUE,Oakland,Oakland
400992166,2017-11-30,Oakland,Texas Southern,359,2,00:06:00,6,6,Oakland Deadball Team Rebound.,96,87,9,0,0.999971294378711,0.9999625359348822,2,3,7.5,NA,NA,NA,NA,NA,NA,NA,NA,Oakland,Oakland
400992166,2017-11-30,Oakland,Texas Southern,360,2,00:06:00,6,6,Nick Daniels made Free Throw.,97,87,10,0,0.9999907496824524,0.999987927223288,2,3,7.5,NA,NA,Oakland,made,Nick Daniels,NA,FALSE,TRUE,Oakland,Texas Southern
400992166,2017-11-30,Oakland,Texas Southern,361,2,00:03:00,3,3,Kevin Scott missed Three Point Jumper.,97,87,10,3,0.9999925162672588,0.9999902805722944,2,3,7.5,NA,NA,Texas Southern,missed,Kevin Scott,NA,TRUE,FALSE,Texas Southern,Oakland
400992166,2017-11-30,Oakland,Texas Southern,362,2,00:03:00,3,3,Jaevin Cumberland Defensive Rebound.,97,87,10,0,0.9999925162672588,0.9999902805722944,2,3,7.5,NA,NA,NA,NA,NA,NA,NA,NA,Texas Southern,Oakland
400992166,2017-11-30,Oakland,Texas Southern,363,2,00:00:00,0,0,End of Game,97,87,10,3,1,1,2,3,7.5,NA,NA,NA,NA,NA,NA,NA,NA,Oakland,NA
