play_id,half,time_remaining_half,secs_remaining,secs_remaining_absolute,description,home_score,away_score,score_diff,play_length,win_prob,naive_win_prob,home,away,home_time_out_remaining,away_time_out_remaining,home_favored_by,game_id,date
1,1,20:00,2400,2400,PLAY,0,0,0,22,0.5,0.5,UT Martin,Northern Kentucky,4,4,NA,400499097,2013-12-07
2,1,19:38,2378,2378,Marshun Newell made Jumper.,2,0,2,18,0.5444902640703563,0.5444902640703563,UT Martin,Northern Kentucky,4,4,NA,400499097,2013-12-07
3,1,19:20,2360,2360,Jordan Jackson made Layup. Assisted by Todd Johnson.,2,2,0,0,0.5,0.5,UT Martin,Northern Kentucky,4,4,NA,400499097,2013-12-07
4,1,19:20,2360,2360,Foul on Terence Smith.,2,2,0,0,0.5,0.5,UT Martin,Northern Kentucky,4,4,NA,400499097,2013-12-07
5,1,19:20,2360,2360,Jordan Jackson missed Free Throw.,2,2,0,0,0.5,0.5,UT Martin,Northern Kentucky,4,4,NA,400499097,2013-12-07
6,1,19:20,2360,2360,Tobias Dowdell Defensive Rebound.,2,2,0,25,0.5,0.5,UT Martin,Northern Kentucky,4,4,NA,400499097,2013-12-07
7,1,18:55,2335,2335,Terence Smith Turnover.,2,2,0,1,0.5,0.5,UT Martin,Northern Kentucky,4,4,NA,400499097,2013-12-07
8,1,18:54,2334,2334,Tyler White Steal.,2,2,0,19,0.5,0.5,UT Martin,Northern Kentucky,4,4,NA,400499097,2013-12-07
9,1,18:35,2315,2315,Todd Johnson missed Three Point Jumper.,2,2,0,0,0.5,0.5,UT Martin,Northern Kentucky,4,4,NA,400499097,2013-12-07
10,1,18:35,2315,2315,Terence Smith Defensive Rebound.,2,2,0,12,0.5,0.5,UT Martin,Northern Kentucky,4,4,NA,400499097,2013-12-07
11,1,18:23,2303,2303,Marshun Newell missed Three Point Jumper.,2,2,0,0,0.5,0.5,UT Martin,Northern Kentucky,4,4,NA,400499097,2013-12-07
12,1,18:23,2303,2303,Jordan Jackson Defensive Rebound.,2,2,0,8,0.5,0.5,UT Martin,Northern Kentucky,4,4,NA,400499097,2013-12-07
13,1,18:15,2295,2295,Jordan Jackson made Layup.,2,4,-2,14,0.4537013997188336,0.4537013997188336,UT Martin,Northern Kentucky,4,4,NA,400499097,2013-12-07
14,1,18:01,2281,2281,Terence Smith missed Jumper.,2,4,-2,0,0.4533887851355005,0.4533887851355005,UT Martin,Northern Kentucky,4,4,NA,400499097,2013-12-07
15,1,18:01,2281,2281,Jalen Billups Defensive Rebound.,2,4,-2,13,0.4533887851355005,0.4533887851355005,UT Martin,Northern Kentucky,4,4,NA,400499097,2013-12-07
16,1,17:48,2268,2268,Tyler White missed Layup.,2,4,-2,0,0.45309687598260123,0.45309687598260123,UT Martin,Northern Kentucky,4,4,NA,400499097,2013-12-07
17,1,17:48,2268,2268,DeMarc Richardson Defensive Rebound.,2,4,-2,7,0.45309687598260123,0.45309687598260123,UT Martin,Northern Kentucky,4,4,NA,400499097,2013-12-07
18,1,17:41,2261,2261,Tobias Dowdell Turnover.,2,4,-2,13,0.4529390880246341,0.4529390880246341,UT Martin,Northern Kentucky,4,4,NA,400499097,2013-12-07
19,1,17:28,2248,2248,Jack Flournoy missed Three Point Jumper.,2,4,-2,0,0.45264500278804426,0.45264500278804426,UT Martin,Northern Kentucky,4,4,NA,400499097,2013-12-07
20,1,17:28,2248,2248,Terence Smith Defensive Rebound.,2,4,-2,13,0.45264500278804426,0.45264500278804426,UT Martin,Northern Kentucky,4,4,NA,400499097,2013-12-07
21,1,17:15,2235,2235,Tobias Dowdell made Jumper. Assisted by DeMarc Richardson.,4,4,0,23,0.5,0.5,UT Martin,Northern Kentucky,4,4,NA,400499097,2013-12-07
22,1,16:52,2212,2212,Todd Johnson Turnover.,4,4,0,20,0.5,0.5,UT Martin,Northern Kentucky,4,4,NA,400499097,2013-12-07
23,1,16:32,2192,2192,Marshun Newell missed Jumper.,4,4,0,0,0.5,0.5,UT Martin,Northern Kentucky,4,4,NA,400499097,2013-12-07
24,1,16:32,2192,2192,Tobias Dowdell Offensive Rebound.,4,4,0,3,0.5,0.5,UT Martin,Northern Kentucky,4,4,NA,400499097,2013-12-07
25,1,16:29,2189,2189,Tobias Dowdell made Layup.,6,4,2,16,0.5487039165106238,0.5487039165106238,UT Martin,Northern Kentucky,4,4,NA,400499097,2013-12-07
26,1,16:13,2173,2173,Anthony Monaco Turnover.,6,4,2,1,0.5490728195846096,0.5490728195846096,UT Martin,Northern Kentucky,4,4,NA,400499097,2013-12-07
27,1,16:12,2172,2172,DeMarc Richardson Steal.,6,4,2,13,0.5490959085697926,0.5490959085697926,UT Martin,Northern Kentucky,4,4,NA,400499097,2013-12-07
28,1,15:59,2159,2159,Foul on Anthony Monaco.,6,4,2,0,0.5493966151804348,0.5493966151804348,UT Martin,Northern Kentucky,4,4,NA,400499097,2013-12-07
29,1,15:59,2159,2159,Official TV Timeout,6,4,2,3,0.5493966151804348,0.5493966151804348,UT Martin,Northern Kentucky,4,4,NA,400499097,2013-12-07
30,1,15:56,2156,2156,Myles Taylor missed Three Point Jumper.,6,4,2,0,0.5494661865413782,0.5494661865413782,UT Martin,Northern Kentucky,4,4,NA,400499097,2013-12-07
31,1,15:56,2156,2156,Anthony Monaco Defensive Rebound.,6,4,2,20,0.5494661865413782,0.5494661865413782,UT Martin,Northern Kentucky,4,4,NA,400499097,2013-12-07
32,1,15:36,2136,2136,Foul on Myles Taylor.,6,4,2,21,0.549931806297836,0.549931806297836,UT Martin,Northern Kentucky,4,4,NA,400499097,2013-12-07
33,1,15:15,2115,2115,Foul on Dee Oldham.,6,4,2,24,0.5504243083587975,0.5504243083587975,UT Martin,Northern Kentucky,4,4,NA,400499097,2013-12-07
34,1,14:51,2091,2091,Jordan Jackson made Jumper. Assisted by Tyler White.,6,6,0,24,0.5,0.5,UT Martin,Northern Kentucky,4,4,NA,400499097,2013-12-07
35,1,14:27,2067,2067,Terence Smith missed Jumper.,6,6,0,0,0.5,0.5,UT Martin,Northern Kentucky,4,4,NA,400499097,2013-12-07
36,1,14:27,2067,2067,Todd Johnson Defensive Rebound.,6,6,0,7,0.5,0.5,UT Martin,Northern Kentucky,4,4,NA,400499097,2013-12-07
37,1,14:20,2060,2060,Jordan Jackson made Layup. Assisted by Todd Johnson.,6,8,-2,17,0.44826607664459606,0.44826607664459606,UT Martin,Northern Kentucky,4,4,NA,400499097,2013-12-07
38,1,14:03,2043,2043,Foul on Jake Giesler.,6,8,-2,7,0.44785487364287885,0.44785487364287885,UT Martin,Northern Kentucky,4,4,NA,400499097,2013-12-07
39,1,13:56,2036,2036,Foul on Tyler White.,6,8,-2,11,0.44768460051119835,0.44768460051119835,UT Martin,Northern Kentucky,4,4,NA,400499097,2013-12-07
40,1,13:45,2025,2025,Myles Taylor made Layup. Assisted by Justin Childs.,8,8,0,16,0.5,0.5,UT Martin,Northern Kentucky,4,4,NA,400499097,2013-12-07
41,1,13:29,2009,2009,Dean Danos Turnover.,8,8,0,13,0.5,0.5,UT Martin,Northern Kentucky,4,4,NA,400499097,2013-12-07
42,1,13:16,1996,1996,Foul on Jalen Billups.,8,8,0,12,0.5,0.5,UT Martin,Northern Kentucky,4,4,NA,400499097,2013-12-07
43,1,13:04,1984,1984,Foul on Jalen Billups.,8,8,0,0,0.5,0.5,UT Martin,Northern Kentucky,4,4,NA,400499097,2013-12-07
44,1,13:04,1984,1984,Mike Liabo made Free Throw.,9,8,1,0,0.5268769418747516,0.5268769418747516,UT Martin,Northern Kentucky,4,4,NA,400499097,2013-12-07
45,1,13:04,1984,1984,Mike Liabo made Free Throw.,10,8,2,25,0.5535990104797295,0.5535990104797295,UT Martin,Northern Kentucky,4,4,NA,400499097,2013-12-07
46,1,12:39,1959,1959,Cole Murray Turnover.,10,8,2,2,0.5542287790937436,0.5542287790937436,UT Martin,Northern Kentucky,4,4,NA,400499097,2013-12-07
47,1,12:37,1957,1957,Myles Taylor Steal.,10,8,2,4,0.5542795390716708,0.5542795390716708,UT Martin,Northern Kentucky,4,4,NA,400499097,2013-12-07
48,1,12:33,1953,1953,Mike Liabo missed Layup.,10,8,2,0,0.554381231370722,0.554381231370722,UT Martin,Northern Kentucky,4,4,NA,400499097,2013-12-07
49,1,12:33,1953,1953,Cole Murray Block.,10,8,2,1,0.554381231370722,0.554381231370722,UT Martin,Northern Kentucky,4,4,NA,400499097,2013-12-07
50,1,12:32,1952,1952,Myles Taylor Offensive Rebound.,10,8,2,0,0.554406690544311,0.554406690544311,UT Martin,Northern Kentucky,4,4,NA,400499097,2013-12-07
51,1,12:32,1952,1952,Myles Taylor missed Layup.,10,8,2,0,0.554406690544311,0.554406690544311,UT Martin,Northern Kentucky,4,4,NA,400499097,2013-12-07
52,1,12:32,1952,1952,Jordan Jackson Block.,10,8,2,0,0.554406690544311,0.554406690544311,UT Martin,Northern Kentucky,4,4,NA,400499097,2013-12-07
53,1,12:32,1952,1952,Tenn-Martin Offensive Rebound.,10,8,2,19,0.554406690544311,0.554406690544311,UT Martin,Northern Kentucky,4,4,NA,400499097,2013-12-07
54,1,12:13,1933,1933,Myles Taylor missed Jumper.,10,8,2,0,0.5548932088801155,0.5548932088801155,UT Martin,Northern Kentucky,4,4,NA,400499097,2013-12-07
55,1,12:13,1933,1933,Justin Childs Offensive Rebound.,10,8,2,2,0.5548932088801155,0.5548932088801155,UT Martin,Northern Kentucky,4,4,NA,400499097,2013-12-07
56,1,12:11,1931,1931,Justin Childs made Two Point Tip Shot.,12,8,4,4,0.6085783118785121,0.6085783118785121,UT Martin,Northern Kentucky,4,4,NA,400499097,2013-12-07
57,1,12:07,1927,1927,Foul on Justin Childs.,12,8,4,9,0.6087772588415313,0.6087772588415313,UT Martin,Northern Kentucky,4,4,NA,400499097,2013-12-07
58,1,11:58,1918,1918,Foul on Marshun Newell.,12,8,4,0,0.6092242995081416,0.6092242995081416,UT Martin,Northern Kentucky,4,4,NA,400499097,2013-12-07
59,1,11:58,1918,1918,Official TV Timeout,12,8,4,0,0.6092242995081416,0.6092242995081416,UT Martin,Northern Kentucky,4,4,NA,400499097,2013-12-07
60,1,11:58,1918,1918,Jordan Jackson missed Free Throw.,12,8,4,0,0.6092242995081416,0.6092242995081416,UT Martin,Northern Kentucky,4,4,NA,400499097,2013-12-07
61,1,11:58,1918,1918,Tenn-Martin Deadball Team Rebound.,12,8,4,0,0.6092242995081416,0.6092242995081416,UT Martin,Northern Kentucky,4,4,NA,400499097,2013-12-07
62,1,11:58,1918,1918,Jordan Jackson missed Free Throw.,12,8,4,0,0.6092242995081416,0.6092242995081416,UT Martin,Northern Kentucky,4,4,NA,400499097,2013-12-07
63,1,11:58,1918,1918,Justin Childs Defensive Rebound.,12,8,4,1,0.6092242995081416,0.6092242995081416,UT Martin,Northern Kentucky,4,4,NA,400499097,2013-12-07
64,1,11:57,1917,1917,Foul on Anthony Monaco.,12,8,4,28,0.609273923347929,0.609273923347929,UT Martin,Northern Kentucky,4,4,NA,400499097,2013-12-07
65,1,11:29,1889,1889,Marshun Newell made Jumper.,14,8,6,0,0.6626526354488805,0.6626526354488805,UT Martin,Northern Kentucky,4,4,NA,400499097,2013-12-07
66,1,11:29,1889,1889,Foul on Todd Johnson.,14,8,6,0,0.6626526354488805,0.6626526354488805,UT Martin,Northern Kentucky,4,4,NA,400499097,2013-12-07
67,1,11:29,1889,1889,Marshun Newell made Free Throw.,15,8,7,35,0.687328823649027,0.687328823649027,UT Martin,Northern Kentucky,4,4,NA,400499097,2013-12-07
68,1,10:54,1854,1854,Todd Johnson missed Three Point Jumper.,15,8,7,0,0.6900682926813577,0.6900682926813577,UT Martin,Northern Kentucky,4,4,NA,400499097,2013-12-07
69,1,10:54,1854,1854,Mike Liabo Defensive Rebound.,15,8,7,13,0.6900682926813577,0.6900682926813577,UT Martin,Northern Kentucky,4,4,NA,400499097,2013-12-07
70,1,10:41,1841,1841,Marshun Newell Turnover.,15,8,7,2,0.6910875280761307,0.6910875280761307,UT Martin,Northern Kentucky,4,4,NA,400499097,2013-12-07
71,1,10:39,1839,1839,Jordan Jackson Steal.,15,8,7,11,0.6912445300867769,0.6912445300867769,UT Martin,Northern Kentucky,4,4,NA,400499097,2013-12-07
72,1,10:28,1828,1828,Jack Flournoy made Three Point Jumper. Assisted by Jordan Jackson.,15,11,4,16,0.6136915940430909,0.6136915940430909,UT Martin,Northern Kentucky,4,4,NA,400499097,2013-12-07
73,1,10:12,1812,1812,Mike Liabo missed Three Point Jumper.,15,11,4,0,0.6144947501645892,0.6144947501645892,UT Martin,Northern Kentucky,4,4,NA,400499097,2013-12-07
74,1,10:12,1812,1812,Todd Johnson Defensive Rebound.,15,11,4,11,0.6144947501645892,0.6144947501645892,UT Martin,Northern Kentucky,4,4,NA,400499097,2013-12-07
75,1,10:01,1801,1801,Jake Giesler made Layup. Assisted by Anthony Monaco.,15,13,2,18,0.5583073758330988,0.5583073758330988,UT Martin,Northern Kentucky,4,4,NA,400499097,2013-12-07
76,1,9:43,1783,1783,Mike Liabo made Jumper. Assisted by Dee Oldham.,17,13,4,15,0.6159659499433138,0.6159659499433138,UT Martin,Northern Kentucky,4,4,NA,400499097,2013-12-07
77,1,9:28,1768,1768,Jack Flournoy missed Three Point Jumper.,17,13,4,0,0.6167366567731744,0.6167366567731744,UT Martin,Northern Kentucky,4,4,NA,400499097,2013-12-07
78,1,9:28,1768,1768,Marshun Newell Defensive Rebound.,17,13,4,11,0.6167366567731744,0.6167366567731744,UT Martin,Northern Kentucky,4,4,NA,400499097,2013-12-07
79,1,9:17,1757,1757,Dee Oldham missed Jumper.,17,13,4,0,0.6173068198450224,0.6173068198450224,UT Martin,Northern Kentucky,4,4,NA,400499097,2013-12-07
80,1,9:17,1757,1757,Todd Johnson Defensive Rebound.,17,13,4,12,0.6173068198450224,0.6173068198450224,UT Martin,Northern Kentucky,4,4,NA,400499097,2013-12-07
81,1,9:05,1745,1745,Foul on Dee Oldham.,17,13,4,0,0.6179341225252456,0.6179341225252456,UT Martin,Northern Kentucky,4,4,NA,400499097,2013-12-07
82,1,9:05,1745,1745,Anthony Monaco made Free Throw.,17,14,3,0,0.5891836372887017,0.5891836372887017,UT Martin,Northern Kentucky,4,4,NA,400499097,2013-12-07
83,1,9:05,1745,1745,Anthony Monaco missed Free Throw.,17,14,3,0,0.5891836372887017,0.5891836372887017,UT Martin,Northern Kentucky,4,4,NA,400499097,2013-12-07
84,1,9:05,1745,1745,Tenn-Martin Deadball Team Rebound.,17,14,3,0,0.5891836372887017,0.5891836372887017,UT Martin,Northern Kentucky,4,4,NA,400499097,2013-12-07
85,1,9:05,1745,1745,Anthony Monaco made Free Throw.,17,15,2,9,0.5598108414036618,0.5598108414036618,UT Martin,Northern Kentucky,4,4,NA,400499097,2013-12-07
86,1,8:56,1736,1736,Justin Childs made Jumper. Assisted by Marshun Newell.,19,15,4,5,0.6184085223956917,0.6184085223956917,UT Martin,Northern Kentucky,4,4,NA,400499097,2013-12-07
87,1,8:51,1731,1731,N Kentucky  Timeout,19,15,4,28,0.6186736175520785,0.6186736175520785,UT Martin,Northern Kentucky,4,3,NA,400499097,2013-12-07
88,1,8:23,1703,1703,Jake Giesler missed Jumper.,19,15,4,0,0.6201803175656188,0.6201803175656188,UT Martin,Northern Kentucky,4,3,NA,400499097,2013-12-07
89,1,8:23,1703,1703,Mike Liabo Defensive Rebound.,19,15,4,8,0.6201803175656188,0.6201803175656188,UT Martin,Northern Kentucky,4,3,NA,400499097,2013-12-07
90,1,8:15,1695,1695,Javier Martinez made Layup. Assisted by Terence Smith.,21,15,6,24,0.6766152367311364,0.6766152367311364,UT Martin,Northern Kentucky,4,3,NA,400499097,2013-12-07
91,1,7:51,1671,1671,Todd Johnson Turnover.,21,15,6,3,0.6784393191307959,0.6784393191307959,UT Martin,Northern Kentucky,4,3,NA,400499097,2013-12-07
92,1,7:48,1668,1668,Justin Childs Steal.,21,15,6,1,0.6786629020563473,0.6786629020563473,UT Martin,Northern Kentucky,4,3,NA,400499097,2013-12-07
93,1,7:47,1667,1667,Justin Childs missed Layup.,21,15,6,0,0.6787372223313061,0.6787372223313061,UT Martin,Northern Kentucky,4,3,NA,400499097,2013-12-07
94,1,7:47,1667,1667,Todd Johnson Defensive Rebound.,21,15,6,24,0.6787372223313061,0.6787372223313061,UT Martin,Northern Kentucky,4,3,NA,400499097,2013-12-07
95,1,7:23,1643,1643,Jake Giesler missed Three Point Jumper.,21,15,6,0,0.6804939212147533,0.6804939212147533,UT Martin,Northern Kentucky,4,3,NA,400499097,2013-12-07
96,1,7:23,1643,1643,Marshun Newell Defensive Rebound.,21,15,6,10,0.6804939212147533,0.6804939212147533,UT Martin,Northern Kentucky,4,3,NA,400499097,2013-12-07
97,1,7:13,1633,1633,Justin Childs missed Three Point Jumper.,21,15,6,0,0.6812134891279584,0.6812134891279584,UT Martin,Northern Kentucky,4,3,NA,400499097,2013-12-07
98,1,7:13,1633,1633,Todd Johnson Defensive Rebound.,21,15,6,34,0.6812134891279584,0.6812134891279584,UT Martin,Northern Kentucky,4,3,NA,400499097,2013-12-07
99,1,6:39,1599,1599,Deontae Cole missed Three Point Jumper.,21,15,6,0,0.6836301183070832,0.6836301183070832,UT Martin,Northern Kentucky,4,3,NA,400499097,2013-12-07
100,1,6:39,1599,1599,Tenn-Martin Defensive Rebound.,21,15,6,2,0.6836301183070832,0.6836301183070832,UT Martin,Northern Kentucky,4,3,NA,400499097,2013-12-07
101,1,6:37,1597,1597,Official TV Timeout,21,15,6,24,0.6837716285842684,0.6837716285842684,UT Martin,Northern Kentucky,4,3,NA,400499097,2013-12-07
102,1,6:13,1573,1573,Bobby Jones missed Jumper.,21,15,6,0,0.6854730764722491,0.6854730764722491,UT Martin,Northern Kentucky,4,3,NA,400499097,2013-12-07
103,1,6:13,1573,1573,Javier Martinez Offensive Rebound.,21,15,6,2,0.6854730764722491,0.6854730764722491,UT Martin,Northern Kentucky,4,3,NA,400499097,2013-12-07
104,1,6:11,1571,1571,Javier Martinez missed Layup.,21,15,6,0,0.6856154847085296,0.6856154847085296,UT Martin,Northern Kentucky,4,3,NA,400499097,2013-12-07
105,1,6:11,1571,1571,Jordan Jackson Defensive Rebound.,21,15,6,23,0.6856154847085296,0.6856154847085296,UT Martin,Northern Kentucky,4,3,NA,400499097,2013-12-07
106,1,5:48,1548,1548,Foul on Bobby Jones.,21,15,6,0,0.6872666569318119,0.6872666569318119,UT Martin,Northern Kentucky,4,3,NA,400499097,2013-12-07
107,1,5:48,1548,1548,Jordan Jackson made Free Throw.,21,16,5,0,0.6583934120977166,0.6583934120977166,UT Martin,Northern Kentucky,4,3,NA,400499097,2013-12-07
108,1,5:48,1548,1548,Jordan Jackson made Free Throw.,21,17,4,7,0.62829617809587,0.62829617809587,UT Martin,Northern Kentucky,4,3,NA,400499097,2013-12-07
109,1,5:41,1541,1541,Mike Liabo missed Three Point Jumper.,21,17,4,0,0.6286649934486898,0.6286649934486898,UT Martin,Northern Kentucky,4,3,NA,400499097,2013-12-07
110,1,5:41,1541,1541,Todd Johnson Defensive Rebound.,21,17,4,14,0.6286649934486898,0.6286649934486898,UT Martin,Northern Kentucky,4,3,NA,400499097,2013-12-07
111,1,5:27,1527,1527,Jordan Jackson missed Jumper.,21,17,4,0,0.6294119217606212,0.6294119217606212,UT Martin,Northern Kentucky,4,3,NA,400499097,2013-12-07
112,1,5:27,1527,1527,Bobby Jones Defensive Rebound.,21,17,4,13,0.6294119217606212,0.6294119217606212,UT Martin,Northern Kentucky,4,3,NA,400499097,2013-12-07
113,1,5:14,1514,1514,Bobby Jones made Three Point Jumper. Assisted by Terence Smith.,24,17,7,29,0.717535593365921,0.717535593365921,UT Martin,Northern Kentucky,4,3,NA,400499097,2013-12-07
114,1,4:45,1485,1485,Todd Johnson made Three Point Jumper. Assisted by Jordan Jackson.,24,20,4,13,0.63175210986527075,0.63175210986527075,UT Martin,Northern Kentucky,4,3,NA,400499097,2013-12-07
115,1,4:32,1472,1472,Mike Liabo made Jumper.,26,20,6,24,0.6930743781545977,0.6930743781545977,UT Martin,Northern Kentucky,4,3,NA,400499097,2013-12-07
116,1,4:08,1448,1448,Tyler White missed Three Point Jumper.,26,20,6,0,0.6950865428613526,0.6950865428613526,UT Martin,Northern Kentucky,4,3,NA,400499097,2013-12-07
117,1,4:08,1448,1448,Bobby Jones Defensive Rebound.,26,20,6,10,0.6950865428613526,0.6950865428613526,UT Martin,Northern Kentucky,4,3,NA,400499097,2013-12-07
118,1,3:58,1438,1438,Tobias Dowdell missed Jumper.,26,20,6,0,0.695930198672978,0.695930198672978,UT Martin,Northern Kentucky,4,3,NA,400499097,2013-12-07
119,1,3:58,1438,1438,Jordan Jackson Block.,26,20,6,3,0.695930198672978,0.695930198672978,UT Martin,Northern Kentucky,4,3,NA,400499097,2013-12-07
120,1,3:55,1435,1435,Todd Johnson Defensive Rebound.,26,20,6,4,0.696179605584685,0.696179605584685,UT Martin,Northern Kentucky,4,3,NA,400499097,2013-12-07
121,1,3:51,1431,1431,Todd Johnson made Layup.,26,22,4,13,0.6350217274944254,0.6350217274944254,UT Martin,Northern Kentucky,4,3,NA,400499097,2013-12-07
122,1,3:38,1418,1418,Mike Liabo missed Three Point Jumper.,26,22,4,0,0.6357935969085231,0.6357935969085231,UT Martin,Northern Kentucky,4,3,NA,400499097,2013-12-07
123,1,3:38,1418,1418,N Kentucky Defensive Rebound.,26,22,4,0,0.6357935969085231,0.6357935969085231,UT Martin,Northern Kentucky,4,3,NA,400499097,2013-12-07
124,1,3:38,1418,1418,Official TV Timeout,26,22,4,6,0.6357935969085231,0.6357935969085231,UT Martin,Northern Kentucky,4,3,NA,400499097,2013-12-07
125,1,3:32,1412,1412,Jordan Jackson Turnover.,26,22,4,1,0.6361443642387802,0.6361443642387802,UT Martin,Northern Kentucky,4,3,NA,400499097,2013-12-07
126,1,3:31,1411,1411,Bobby Jones Steal.,26,22,4,2,0.6362025318815921,0.6362025318815921,UT Martin,Northern Kentucky,4,3,NA,400499097,2013-12-07
127,1,3:29,1409,1409,Bobby Jones made Layup.,28,22,6,28,0.6982823663715125,0.6982823663715125,UT Martin,Northern Kentucky,4,3,NA,400499097,2013-12-07
128,1,3:01,1381,1381,Todd Johnson made Three Point Jumper. Assisted by Jordan Jackson.,28,25,3,33,0.6046211763251478,0.6046211763251478,UT Martin,Northern Kentucky,4,3,NA,400499097,2013-12-07
129,1,2:28,1348,1348,Foul on Cole Murray.,28,25,3,0,0.6060694966760106,0.6060694966760106,UT Martin,Northern Kentucky,4,3,NA,400499097,2013-12-07
130,1,2:28,1348,1348,DeMarc Richardson made Free Throw.,29,25,4,0,0.6397840240726572,0.6397840240726572,UT Martin,Northern Kentucky,4,3,NA,400499097,2013-12-07
131,1,2:28,1348,1348,DeMarc Richardson made Free Throw.,30,25,5,11,0.6721738533844583,0.6721738533844583,UT Martin,Northern Kentucky,4,3,NA,400499097,2013-12-07
132,1,2:17,1337,1337,Jack Flournoy made Three Point Jumper. Assisted by Jordan Jackson.,30,28,2,23,0.5716470969165217,0.5716470969165217,UT Martin,Northern Kentucky,4,3,NA,400499097,2013-12-07
133,1,1:54,1314,1314,Terence Smith missed Three Point Jumper.,30,28,2,0,0.5723576526907546,0.5723576526907546,UT Martin,Northern Kentucky,4,3,NA,400499097,2013-12-07
134,1,1:54,1314,1314,Todd Johnson Defensive Rebound.,30,28,2,7,0.5723576526907546,0.5723576526907546,UT Martin,Northern Kentucky,4,3,NA,400499097,2013-12-07
135,1,1:47,1307,1307,Foul on DeMarc Richardson.,30,28,2,0,0.5725789564572262,0.5725789564572262,UT Martin,Northern Kentucky,4,3,NA,400499097,2013-12-07
136,1,1:47,1307,1307,Todd Johnson made Free Throw.,30,29,1,0,0.5364826813844428,0.5364826813844428,UT Martin,Northern Kentucky,4,3,NA,400499097,2013-12-07
137,1,1:47,1307,1307,Todd Johnson made Free Throw.,30,30,0,15,0.5,0.5,UT Martin,Northern Kentucky,4,3,NA,400499097,2013-12-07
138,1,1:32,1292,1292,Foul on Todd Johnson.,30,30,0,0,0.5,0.5,UT Martin,Northern Kentucky,4,3,NA,400499097,2013-12-07
139,1,1:32,1292,1292,Marshun Newell made Free Throw.,31,30,1,0,0.5367288700702502,0.5367288700702502,UT Martin,Northern Kentucky,4,3,NA,400499097,2013-12-07
140,1,1:32,1292,1292,Marshun Newell missed Free Throw.,31,30,1,0,0.5367288700702502,0.5367288700702502,UT Martin,Northern Kentucky,4,3,NA,400499097,2013-12-07
141,1,1:32,1292,1292,Tyler White Defensive Rebound.,31,30,1,13,0.5367288700702502,0.5367288700702502,UT Martin,Northern Kentucky,4,3,NA,400499097,2013-12-07
142,1,1:19,1279,1279,Jack Flournoy missed Three Point Jumper.,31,30,1,0,0.5369490901165724,0.5369490901165724,UT Martin,Northern Kentucky,4,3,NA,400499097,2013-12-07
143,1,1:19,1279,1279,Tyler White Offensive Rebound.,31,30,1,13,0.5369490901165724,0.5369490901165724,UT Martin,Northern Kentucky,4,3,NA,400499097,2013-12-07
144,1,1:06,1266,1266,Tyler White missed Jumper.,31,30,1,0,0.5371768054917166,0.5371768054917166,UT Martin,Northern Kentucky,4,3,NA,400499097,2013-12-07
145,1,1:06,1266,1266,Bobby Jones Defensive Rebound.,31,30,1,9,0.5371768054917166,0.5371768054917166,UT Martin,Northern Kentucky,4,3,NA,400499097,2013-12-07
146,1,0:57,1257,1257,Myles Taylor made Jumper. Assisted by Marshun Newell.,33,30,3,21,0.6103797289867393,0.6103797289867393,UT Martin,Northern Kentucky,4,3,NA,400499097,2013-12-07
147,1,0:36,1236,1236,Tyler White made Three Point Jumper. Assisted by Jordan Jackson.,33,33,0,13,0.5,0.5,UT Martin,Northern Kentucky,4,3,NA,400499097,2013-12-07
148,1,0:23,1223,1223,Tenn-Martin  Timeout,33,33,0,20,0.5,0.5,UT Martin,Northern Kentucky,4,2,NA,400499097,2013-12-07
149,1,0:03,1203,1203,Bobby Jones missed Three Point Jumper.,33,33,0,0,0.5,0.5,UT Martin,Northern Kentucky,4,2,NA,400499097,2013-12-07
150,1,0:03,1203,1203,Jack Flournoy Defensive Rebound.,33,33,0,3,0.5,0.5,UT Martin,Northern Kentucky,4,2,NA,400499097,2013-12-07
151,1,0:00,1200,1200,End of 1st half,33,33,0,0,0.5,0.5,UT Martin,Northern Kentucky,4,2,NA,400499097,2013-12-07
152,2,20:00,1200,1200,PLAY,33,33,0,16,0.5,0.5,UT Martin,Northern Kentucky,4,3,NA,400499097,2013-12-07
153,2,19:44,1184,1184,Tyler White missed Jumper.,33,33,0,0,0.5,0.5,UT Martin,Northern Kentucky,4,3,NA,400499097,2013-12-07
154,2,19:44,1184,1184,DeMarc Richardson Defensive Rebound.,33,33,0,8,0.5,0.5,UT Martin,Northern Kentucky,4,3,NA,400499097,2013-12-07
155,2,19:36,1176,1176,Marshun Newell made Layup. Assisted by DeMarc Richardson.,35,33,2,17,0.577478008620467,0.577478008620467,UT Martin,Northern Kentucky,4,3,NA,400499097,2013-12-07
156,2,19:19,1159,1159,Jalen Billups Turnover.,35,33,2,16,0.5781453084649038,0.5781453084649038,UT Martin,Northern Kentucky,4,3,NA,400499097,2013-12-07
157,2,19:03,1143,1143,Marshun Newell missed Jumper.,35,33,2,0,0.5787657755281814,0.5787657755281814,UT Martin,Northern Kentucky,4,3,NA,400499097,2013-12-07
158,2,19:03,1143,1143,Jordan Jackson Defensive Rebound.,35,33,2,38,0.5787657755281814,0.5787657755281814,UT Martin,Northern Kentucky,4,3,NA,400499097,2013-12-07
159,2,18:25,1105,1105,Jordan Jackson made Jumper.,35,35,0,26,0.5,0.5,UT Martin,Northern Kentucky,4,3,NA,400499097,2013-12-07
160,2,17:59,1079,1079,Terence Smith missed Jumper.,35,35,0,0,0.5,0.5,UT Martin,Northern Kentucky,4,3,NA,400499097,2013-12-07
161,2,17:59,1079,1079,Jack Flournoy Defensive Rebound.,35,35,0,13,0.5,0.5,UT Martin,Northern Kentucky,4,3,NA,400499097,2013-12-07
162,2,17:46,1066,1066,Jack Flournoy made Three Point Jumper. Assisted by Jordan Jackson.,35,38,-3,14,0.3786230991971889,0.3786230991971889,UT Martin,Northern Kentucky,4,3,NA,400499097,2013-12-07
163,2,17:32,1052,1052,Foul on Todd Johnson.,35,38,-3,17,0.377754606198089,0.377754606198089,UT Martin,Northern Kentucky,4,3,NA,400499097,2013-12-07
164,2,17:15,1035,1035,Foul on Anthony Monaco.,35,38,-3,7,0.3766566906929552,0.3766566906929552,UT Martin,Northern Kentucky,4,3,NA,400499097,2013-12-07
165,2,17:08,1028,1028,Terence Smith missed Jumper.,35,38,-3,0,0.3761887910899476,0.3761887910899476,UT Martin,Northern Kentucky,4,3,NA,400499097,2013-12-07
166,2,17:08,1028,1028,Anthony Monaco Defensive Rebound.,35,38,-3,6,0.3761887910899476,0.3761887910899476,UT Martin,Northern Kentucky,4,3,NA,400499097,2013-12-07
167,2,17:02,1022,1022,Foul on DeMarc Richardson.,35,38,-3,0,0.3757796576823772,0.3757796576823772,UT Martin,Northern Kentucky,4,3,NA,400499097,2013-12-07
168,2,17:02,1022,1022,Jordan Jackson missed Free Throw.,35,38,-3,0,0.3757796576823772,0.3757796576823772,UT Martin,Northern Kentucky,4,3,NA,400499097,2013-12-07
169,2,17:02,1022,1022,Tenn-Martin Deadball Team Rebound.,35,38,-3,0,0.3757796576823772,0.3757796576823772,UT Martin,Northern Kentucky,4,3,NA,400499097,2013-12-07
170,2,17:02,1022,1022,Jordan Jackson made Free Throw.,35,39,-4,16,0.33700553543885414,0.33700553543885414,UT Martin,Northern Kentucky,4,3,NA,400499097,2013-12-07
171,2,16:46,1006,1006,Foul on Tyler White.,35,39,-4,19,0.3355702149121607,0.3355702149121607,UT Martin,Northern Kentucky,4,3,NA,400499097,2013-12-07
172,2,16:27,987,987,Terence Smith made Three Point Jumper. Assisted by Justin Childs.,38,39,-1,19,0.4569059642369863,0.4569059642369863,UT Martin,Northern Kentucky,4,3,NA,400499097,2013-12-07
173,2,16:08,968,968,Foul on Chandler Rowe.,38,39,-1,0,0.45636569033692365,0.45636569033692365,UT Martin,Northern Kentucky,4,3,NA,400499097,2013-12-07
174,2,16:08,968,968,Jordan Jackson missed Free Throw.,38,39,-1,0,0.45636569033692365,0.45636569033692365,UT Martin,Northern Kentucky,4,3,NA,400499097,2013-12-07
175,2,16:08,968,968,Tenn-Martin Deadball Team Rebound.,38,39,-1,0,0.45636569033692365,0.45636569033692365,UT Martin,Northern Kentucky,4,3,NA,400499097,2013-12-07
176,2,16:08,968,968,Jordan Jackson made Free Throw.,38,40,-2,13,0.41339097869063607,0.41339097869063607,UT Martin,Northern Kentucky,4,3,NA,400499097,2013-12-07
177,2,15:55,955,955,Marshun Newell missed Jumper.,38,40,-2,0,0.4126823778262424,0.4126823778262424,UT Martin,Northern Kentucky,4,3,NA,400499097,2013-12-07
178,2,15:55,955,955,Jalen Billups Block.,38,40,-2,0,0.4126823778262424,0.4126823778262424,UT Martin,Northern Kentucky,4,3,NA,400499097,2013-12-07
179,2,15:55,955,955,Tenn-Martin Offensive Rebound.,38,40,-2,0,0.4126823778262424,0.4126823778262424,UT Martin,Northern Kentucky,4,3,NA,400499097,2013-12-07
180,2,15:55,955,955,Official TV Timeout,38,40,-2,18,0.4126823778262424,0.4126823778262424,UT Martin,Northern Kentucky,4,3,NA,400499097,2013-12-07
181,2,15:37,937,937,Justin Childs missed Jumper.,38,40,-2,0,0.4117790027843806,0.4117790027843806,UT Martin,Northern Kentucky,4,3,NA,400499097,2013-12-07
182,2,15:37,937,937,Tyler White Defensive Rebound.,38,40,-2,12,0.4117790027843806,0.4117790027843806,UT Martin,Northern Kentucky,4,3,NA,400499097,2013-12-07
183,2,15:25,925,925,Jordan Jackson Turnover.,38,40,-2,23,0.41121681049819137,0.41121681049819137,UT Martin,Northern Kentucky,4,3,NA,400499097,2013-12-07
184,2,15:02,902,902,Justin Childs missed Layup.,38,40,-2,0,0.4102010496712294,0.4102010496712294,UT Martin,Northern Kentucky,4,3,NA,400499097,2013-12-07
185,2,15:02,902,902,Jalen Billups Block.,38,40,-2,2,0.4102010496712294,0.4102010496712294,UT Martin,Northern Kentucky,4,3,NA,400499097,2013-12-07
186,2,15:00,900,900,Matt Rosenwinkel Defensive Rebound.,38,40,-2,15,0.41011535655721715,0.41011535655721715,UT Martin,Northern Kentucky,4,3,NA,400499097,2013-12-07
187,2,14:45,885,885,Jack Flournoy missed Three Point Jumper.,38,40,-2,0,0.4094794698972313,0.4094794698972313,UT Martin,Northern Kentucky,4,3,NA,400499097,2013-12-07
188,2,14:45,885,885,Tyler White Offensive Rebound.,38,40,-2,20,0.4094794698972313,0.4094794698972313,UT Martin,Northern Kentucky,4,3,NA,400499097,2013-12-07
189,2,14:25,865,865,Jalen Billups made Layup.,38,42,-4,15,0.3231716117100347,0.3231716117100347,UT Martin,Northern Kentucky,4,3,NA,400499097,2013-12-07
190,2,14:10,850,850,Foul on Jalen Billups.,38,42,-4,3,0.321995767514628,0.321995767514628,UT Martin,Northern Kentucky,4,3,NA,400499097,2013-12-07
191,2,14:07,847,847,Mike Liabo missed Jumper.,38,42,-4,0,0.32175551543260605,0.32175551543260605,UT Martin,Northern Kentucky,4,3,NA,400499097,2013-12-07
192,2,14:07,847,847,Jake Giesler Defensive Rebound.,38,42,-4,15,0.32175551543260605,0.32175551543260605,UT Martin,Northern Kentucky,4,3,NA,400499097,2013-12-07
193,2,13:52,832,832,Tyler White missed Three Point Jumper.,38,42,-4,0,0.32051856549459873,0.32051856549459873,UT Martin,Northern Kentucky,4,3,NA,400499097,2013-12-07
194,2,13:52,832,832,Terence Smith Defensive Rebound.,38,42,-4,3,0.32051856549459873,0.32051856549459873,UT Martin,Northern Kentucky,4,3,NA,400499097,2013-12-07
195,2,13:49,829,829,Foul on Matt Rosenwinkel.,38,42,-4,24,0.3202627371248193,0.3202627371248193,UT Martin,Northern Kentucky,4,3,NA,400499097,2013-12-07
196,2,13:25,805,805,Foul on Jack Flournoy.,38,42,-4,0,0.31808387342064504,0.31808387342064504,UT Martin,Northern Kentucky,4,3,NA,400499097,2013-12-07
197,2,13:25,805,805,Terence Smith missed Free Throw.,38,42,-4,0,0.31808387342064504,0.31808387342064504,UT Martin,Northern Kentucky,4,3,NA,400499097,2013-12-07
198,2,13:25,805,805,N Kentucky Deadball Team Rebound.,38,42,-4,0,0.31808387342064504,0.31808387342064504,UT Martin,Northern Kentucky,4,3,NA,400499097,2013-12-07
199,2,13:25,805,805,Terence Smith made Free Throw.,39,42,-3,19,0.3607884528595957,0.3607884528595957,UT Martin,Northern Kentucky,4,3,NA,400499097,2013-12-07
200,2,13:06,786,786,Foul on Dee Oldham.,39,42,-3,11,0.35924523227712024,0.35924523227712024,UT Martin,Northern Kentucky,4,3,NA,400499097,2013-12-07
201,2,12:55,775,775,Jake Giesler made Layup. Assisted by Tyler White.,39,44,-5,12,0.2745844345995906,0.2745844345995906,UT Martin,Northern Kentucky,4,3,NA,400499097,2013-12-07
202,2,12:43,763,763,Justin Childs made Jumper.,41,44,-3,0,0.3571201041110569,0.3571201041110569,UT Martin,Northern Kentucky,4,3,NA,400499097,2013-12-07
203,2,12:43,763,763,Foul on Cole Murray.,41,44,-3,0,0.3571201041110569,0.3571201041110569,UT Martin,Northern Kentucky,4,3,NA,400499097,2013-12-07
204,2,12:43,763,763,Justin Childs missed Free Throw.,41,44,-3,0,0.3571201041110569,0.3571201041110569,UT Martin,Northern Kentucky,4,3,NA,400499097,2013-12-07
205,2,12:43,763,763,Tyler White Defensive Rebound.,41,44,-3,8,0.3571201041110569,0.3571201041110569,UT Martin,Northern Kentucky,4,3,NA,400499097,2013-12-07
206,2,12:35,755,755,Foul on Marshun Newell.,41,44,-3,12,0.35630390698746844,0.35630390698746844,UT Martin,Northern Kentucky,4,3,NA,400499097,2013-12-07
207,2,12:23,743,743,Tyler White missed Jumper.,41,44,-3,0,0.3549960014746966,0.3549960014746966,UT Martin,Northern Kentucky,4,3,NA,400499097,2013-12-07
208,2,12:23,743,743,Myles Taylor Defensive Rebound.,41,44,-3,17,0.3549960014746966,0.3549960014746966,UT Martin,Northern Kentucky,4,3,NA,400499097,2013-12-07
209,2,12:06,726,726,Foul on Cole Murray.,41,44,-3,0,0.3529700812536586,0.3529700812536586,UT Martin,Northern Kentucky,4,3,NA,400499097,2013-12-07
210,2,12:06,726,726,Justin Childs missed Free Throw.,41,44,-3,0,0.3529700812536586,0.3529700812536586,UT Martin,Northern Kentucky,4,3,NA,400499097,2013-12-07
211,2,12:06,726,726,N Kentucky Deadball Team Rebound.,41,44,-3,0,0.3529700812536586,0.3529700812536586,UT Martin,Northern Kentucky,4,3,NA,400499097,2013-12-07
212,2,12:06,726,726,Justin Childs made Free Throw.,42,44,-2,23,0.400350198894145,0.400350198894145,UT Martin,Northern Kentucky,4,3,NA,400499097,2013-12-07
213,2,11:43,703,703,Jordan Jackson made Layup.,42,46,-4,10,0.3051626076963146,0.3051626076963146,UT Martin,Northern Kentucky,4,3,NA,400499097,2013-12-07
214,2,11:33,693,693,Foul on Deontae Cole.,42,46,-4,0,0.30392929275880587,0.30392929275880587,UT Martin,Northern Kentucky,4,3,NA,400499097,2013-12-07
215,2,11:33,693,693,Official TV Timeout,42,46,-4,0,0.30392929275880587,0.30392929275880587,UT Martin,Northern Kentucky,4,3,NA,400499097,2013-12-07
216,2,11:33,693,693,Mike Liabo missed Free Throw.,42,46,-4,0,0.30392929275880587,0.30392929275880587,UT Martin,Northern Kentucky,4,3,NA,400499097,2013-12-07
217,2,11:33,693,693,N Kentucky Deadball Team Rebound.,42,46,-4,0,0.30392929275880587,0.30392929275880587,UT Martin,Northern Kentucky,4,3,NA,400499097,2013-12-07
218,2,11:33,693,693,Mike Liabo made Free Throw.,43,46,-3,6,0.3494421679182652,0.3494421679182652,UT Martin,Northern Kentucky,4,3,NA,400499097,2013-12-07
219,2,11:27,687,687,Jake Giesler made Layup. Assisted by Tyler White.,43,48,-5,35,0.26114409781121095,0.26114409781121095,UT Martin,Northern Kentucky,4,3,NA,400499097,2013-12-07
220,2,10:52,652,652,Dee Oldham made Jumper. Assisted by Terence Smith.,45,48,-3,14,0.345664108013223,0.345664108013223,UT Martin,Northern Kentucky,4,3,NA,400499097,2013-12-07
221,2,10:38,638,638,Foul on Matt Rosenwinkel.,45,48,-3,0,0.34435743593692103,0.34435743593692103,UT Martin,Northern Kentucky,4,3,NA,400499097,2013-12-07
222,2,10:38,638,638,Matt Rosenwinkel Turnover.,45,48,-3,19,0.34435743593692103,0.34435743593692103,UT Martin,Northern Kentucky,4,3,NA,400499097,2013-12-07
223,2,10:19,619,619,Foul on Jake Giesler.,45,48,-3,0,0.34245564493195996,0.34245564493195996,UT Martin,Northern Kentucky,4,3,NA,400499097,2013-12-07
224,2,10:19,619,619,Myles Taylor made Free Throw.,46,48,-2,0,0.39295367313355817,0.39295367313355817,UT Martin,Northern Kentucky,4,3,NA,400499097,2013-12-07
225,2,10:19,619,619,Myles Taylor missed Free Throw.,46,48,-2,0,0.39295367313355817,0.39295367313355817,UT Martin,Northern Kentucky,4,3,NA,400499097,2013-12-07
226,2,10:19,619,619,Jordan Jackson Defensive Rebound.,46,48,-2,13,0.39295367313355817,0.39295367313355817,UT Martin,Northern Kentucky,4,3,NA,400499097,2013-12-07
227,2,10:06,606,606,Todd Johnson made Jumper.,46,50,-4,14,0.2935256450870892,0.2935256450870892,UT Martin,Northern Kentucky,4,3,NA,400499097,2013-12-07
228,2,9:52,592,592,Dee Oldham Turnover.,46,50,-4,1,0.29142910844300585,0.29142910844300585,UT Martin,Northern Kentucky,4,3,NA,400499097,2013-12-07
229,2,9:51,591,591,Jordan Jackson Steal.,46,50,-4,22,0.2912703683824263,0.2912703683824263,UT Martin,Northern Kentucky,4,3,NA,400499097,2013-12-07
230,2,9:29,569,569,Todd Johnson Turnover.,46,50,-4,1,0.2874224413680636,0.2874224413680636,UT Martin,Northern Kentucky,4,3,NA,400499097,2013-12-07
231,2,9:28,568,568,Mike Liabo Steal.,46,50,-4,5,0.2872298568471654,0.2872298568471654,UT Martin,Northern Kentucky,4,3,NA,400499097,2013-12-07
232,2,9:23,563,563,Mike Liabo missed Three Point Jumper.,46,50,-4,0,0.2862416173979074,0.2862416173979074,UT Martin,Northern Kentucky,4,3,NA,400499097,2013-12-07
233,2,9:23,563,563,Jack Flournoy Defensive Rebound.,46,50,-4,9,0.2862416173979074,0.2862416173979074,UT Martin,Northern Kentucky,4,3,NA,400499097,2013-12-07
234,2,9:14,554,554,N Kentucky  Timeout,46,50,-4,34,0.28435151999125874,0.28435151999125874,UT Martin,Northern Kentucky,4,2,NA,400499097,2013-12-07
235,2,8:40,520,520,Jalen Billups missed Jumper.,46,50,-4,0,0.2777215164608341,0.2777215164608341,UT Martin,Northern Kentucky,4,2,NA,400499097,2013-12-07
236,2,8:40,520,520,Jordan Jackson Offensive Rebound.,46,50,-4,3,0.2777215164608341,0.2777215164608341,UT Martin,Northern Kentucky,4,2,NA,400499097,2013-12-07
237,2,8:37,517,517,Jordan Jackson made Layup.,46,52,-6,27,0.19194871952170725,0.19194871952170725,UT Martin,Northern Kentucky,4,2,NA,400499097,2013-12-07
238,2,8:10,490,490,Terence Smith made Layup.,48,52,-4,19,0.2728881198700366,0.2728881198700366,UT Martin,Northern Kentucky,4,2,NA,400499097,2013-12-07
239,2,7:51,471,471,Foul on Myles Taylor.,48,52,-4,0,0.2695278872330264,0.2695278872330264,UT Martin,Northern Kentucky,4,2,NA,400499097,2013-12-07
240,2,7:51,471,471,Official TV Timeout,48,52,-4,18,0.2695278872330264,0.2695278872330264,UT Martin,Northern Kentucky,4,2,NA,400499097,2013-12-07
241,2,7:33,453,453,Jalen Billups made Dunk. Assisted by Jack Flournoy.,48,54,-6,23,0.17873237209799786,0.17873237209799786,UT Martin,Northern Kentucky,4,2,NA,400499097,2013-12-07
242,2,7:10,430,430,Myles Taylor made Layup. Assisted by Mike Liabo.,50,54,-4,0,0.25929431463570163,0.25929431463570163,UT Martin,Northern Kentucky,4,2,NA,400499097,2013-12-07
243,2,7:10,430,430,Foul on Jalen Billups.,50,54,-4,0,0.25929431463570163,0.25929431463570163,UT Martin,Northern Kentucky,4,2,NA,400499097,2013-12-07
244,2,7:10,430,430,Myles Taylor made Free Throw.,51,54,-3,22,0.312763816790482,0.312763816790482,UT Martin,Northern Kentucky,4,2,NA,400499097,2013-12-07
245,2,6:48,408,408,Jack Flournoy Turnover.,51,54,-3,1,0.30725127249900613,0.30725127249900613,UT Martin,Northern Kentucky,4,2,NA,400499097,2013-12-07
246,2,6:47,407,407,Bobby Jones Steal.,51,54,-3,7,0.3070155803256015,0.3070155803256015,UT Martin,Northern Kentucky,4,2,NA,400499097,2013-12-07
247,2,6:40,400,400,Terence Smith made Layup.,53,54,-1,21,0.4319424517519976,0.4319424517519976,UT Martin,Northern Kentucky,4,2,NA,400499097,2013-12-07
248,2,6:19,379,379,Anthony Monaco made Jumper.,53,56,-3,16,0.30049273294854273,0.30049273294854273,UT Martin,Northern Kentucky,4,2,NA,400499097,2013-12-07
249,2,6:03,363,363,Myles Taylor made Jumper. Assisted by Mike Liabo.,55,56,-1,31,0.4284912580702687,0.4284912580702687,UT Martin,Northern Kentucky,4,2,NA,400499097,2013-12-07
250,2,5:32,332,332,Jack Flournoy made Three Point Jumper. Assisted by Todd Johnson.,55,59,-4,18,0.22923017272426063,0.22923017272426063,UT Martin,Northern Kentucky,4,2,NA,400499097,2013-12-07
251,2,5:14,314,314,Mike Liabo made Layup.,57,59,-2,17,0.3476708570697607,0.3476708570697607,UT Martin,Northern Kentucky,4,2,NA,400499097,2013-12-07
252,2,4:57,297,297,Jordan Jackson Turnover.,57,59,-2,11,0.343526774411528,0.343526774411528,UT Martin,Northern Kentucky,4,2,NA,400499097,2013-12-07
253,2,4:46,286,286,Bobby Jones made Three Point Jumper. Assisted by Terence Smith.,60,59,1,12,0.5804956224697894,0.5804956224697894,UT Martin,Northern Kentucky,4,2,NA,400499097,2013-12-07
254,2,4:34,274,274,Foul on Anthony Monaco.,60,59,1,0,0.5800364024416468,0.5800364024416468,UT Martin,Northern Kentucky,4,2,NA,400499097,2013-12-07
255,2,4:34,274,274,Anthony Monaco Turnover.,60,59,1,11,0.5800364024416468,0.5800364024416468,UT Martin,Northern Kentucky,4,2,NA,400499097,2013-12-07
256,2,4:23,263,263,Bobby Jones missed Jumper.,60,59,1,0,0.5792712613340918,0.5792712613340918,UT Martin,Northern Kentucky,4,2,NA,400499097,2013-12-07
257,2,4:23,263,263,Todd Johnson Defensive Rebound.,60,59,1,15,0.5792712613340918,0.5792712613340918,UT Martin,Northern Kentucky,4,2,NA,400499097,2013-12-07
258,2,4:08,248,248,Foul on Terence Smith.,60,59,1,0,0.5782495481275143,0.5782495481275143,UT Martin,Northern Kentucky,4,2,NA,400499097,2013-12-07
259,2,4:08,248,248,Jordan Jackson missed Free Throw.,60,59,1,0,0.5782495481275143,0.5782495481275143,UT Martin,Northern Kentucky,4,2,NA,400499097,2013-12-07
260,2,4:08,248,248,Tenn-Martin Deadball Team Rebound.,60,59,1,0,0.5782495481275143,0.5782495481275143,UT Martin,Northern Kentucky,4,2,NA,400499097,2013-12-07
261,2,4:08,248,248,Jordan Jackson missed Free Throw.,60,59,1,0,0.5782495481275143,0.5782495481275143,UT Martin,Northern Kentucky,4,2,NA,400499097,2013-12-07
262,2,4:08,248,248,Jack Flournoy Offensive Rebound.,60,59,1,19,0.5782495481275143,0.5782495481275143,UT Martin,Northern Kentucky,4,2,NA,400499097,2013-12-07
263,2,3:49,229,229,Jack Flournoy missed Three Point Jumper.,60,59,1,0,0.5780766955698142,0.5780766955698142,UT Martin,Northern Kentucky,4,2,NA,400499097,2013-12-07
264,2,3:49,229,229,N Kentucky Offensive Rebound.,60,59,1,4,0.5780766955698142,0.5780766955698142,UT Martin,Northern Kentucky,4,2,NA,400499097,2013-12-07
265,2,3:45,225,225,Official TV Timeout,60,59,1,15,0.5783305359913129,0.5783305359913129,UT Martin,Northern Kentucky,4,2,NA,400499097,2013-12-07
266,2,3:30,210,210,Myles Taylor made Layup. Assisted by Marshun Newell.,62,59,3,12,0.7262167849876265,0.7262167849876265,UT Martin,Northern Kentucky,4,2,NA,400499097,2013-12-07
267,2,3:18,198,198,Jordan Jackson Turnover.,62,59,3,1,0.7350778198008854,0.7350778198008854,UT Martin,Northern Kentucky,4,2,NA,400499097,2013-12-07
268,2,3:17,197,197,Terence Smith Steal.,62,59,3,3,0.7360184477060436,0.7360184477060436,UT Martin,Northern Kentucky,4,2,NA,400499097,2013-12-07
269,2,3:14,194,194,Mike Liabo missed Layup.,62,59,3,0,0.7390373678322579,0.7390373678322579,UT Martin,Northern Kentucky,4,2,NA,400499097,2013-12-07
270,2,3:14,194,194,Myles Taylor Offensive Rebound.,62,59,3,6,0.7390373678322579,0.7390373678322579,UT Martin,Northern Kentucky,4,2,NA,400499097,2013-12-07
271,2,3:08,188,188,Myles Taylor made Layup.,64,59,5,0,0.8575212470708322,0.8575212470708322,UT Martin,Northern Kentucky,4,2,NA,400499097,2013-12-07
272,2,3:08,188,188,Foul on Matt Rosenwinkel.,64,59,5,0,0.8575212470708322,0.8575212470708322,UT Martin,Northern Kentucky,4,2,NA,400499097,2013-12-07
273,2,3:08,188,188,Myles Taylor made Free Throw.,65,59,6,22,0.8960255455346585,0.8960255455346585,UT Martin,Northern Kentucky,4,2,NA,400499097,2013-12-07
274,2,2:46,166,166,Foul on Marshun Newell.,65,59,6,0,0.9196081156609256,0.9196081156609256,UT Martin,Northern Kentucky,4,2,NA,400499097,2013-12-07
275,2,2:46,166,166,Todd Johnson made Free Throw.,65,60,5,0,0.8839994994293658,0.8839994994293658,UT Martin,Northern Kentucky,4,2,NA,400499097,2013-12-07
276,2,2:46,166,166,Todd Johnson made Free Throw.,65,61,4,18,0.8354408668356433,0.8354408668356433,UT Martin,Northern Kentucky,4,2,NA,400499097,2013-12-07
277,2,2:28,148,148,Marshun Newell missed Three Point Jumper.,65,61,4,0,0.8577385433232526,0.8577385433232526,UT Martin,Northern Kentucky,4,2,NA,400499097,2013-12-07
278,2,2:28,148,148,Jordan Jackson Defensive Rebound.,65,61,4,3,0.8577385433232526,0.8577385433232526,UT Martin,Northern Kentucky,4,2,NA,400499097,2013-12-07
279,2,2:25,145,145,Jordan Jackson missed Layup.,65,61,4,0,0.8614902266129915,0.8614902266129915,UT Martin,Northern Kentucky,4,2,NA,400499097,2013-12-07
280,2,2:25,145,145,Todd Johnson Offensive Rebound.,65,61,4,2,0.8614902266129915,0.8614902266129915,UT Martin,Northern Kentucky,4,2,NA,400499097,2013-12-07
281,2,2:23,143,143,Todd Johnson made Two Point Tip Shot.,65,63,2,6,0.7159492320651124,0.7159492320651124,UT Martin,Northern Kentucky,4,2,NA,400499097,2013-12-07
282,2,2:17,137,137,Tenn-Martin  Timeout,65,63,2,27,0.7226090047072781,0.7226090047072781,UT Martin,Northern Kentucky,4,1,NA,400499097,2013-12-07
283,2,1:50,110,110,Marshun Newell made Jumper.,67,63,4,19,0.906079439837449,0.906079439837449,UT Martin,Northern Kentucky,4,1,NA,400499097,2013-12-07
284,2,1:31,91,91,Jack Flournoy missed Three Point Jumper.,67,63,4,0,0.9296942592121497,0.9296942592121497,UT Martin,Northern Kentucky,4,1,NA,400499097,2013-12-07
285,2,1:31,91,91,Jordan Jackson Offensive Rebound.,67,63,4,6,0.9296942592121497,0.9296942592121497,UT Martin,Northern Kentucky,4,1,NA,400499097,2013-12-07
286,2,1:25,85,85,Foul on Tyler White.,67,63,4,0,0.9364397154426226,0.9364397154426226,UT Martin,Northern Kentucky,4,1,NA,400499097,2013-12-07
287,2,1:25,85,85,Tyler White Turnover.,67,63,4,25,0.9364397154426226,0.9364397154426226,UT Martin,Northern Kentucky,4,1,NA,400499097,2013-12-07
288,2,1:00,60,60,Marshun Newell missed Layup.,67,63,4,0,0.9603418131117443,0.9603418131117443,UT Martin,Northern Kentucky,4,1,NA,400499097,2013-12-07
289,2,1:00,60,60,Myles Taylor Offensive Rebound.,67,63,4,2,0.9603418131117443,0.9603418131117443,UT Martin,Northern Kentucky,4,1,NA,400499097,2013-12-07
290,2,0:58,58,58,Myles Taylor missed Jumper.,67,63,4,0,0.9619451995734062,0.9619451995734062,UT Martin,Northern Kentucky,4,1,NA,400499097,2013-12-07
291,2,0:58,58,58,Justin Childs Offensive Rebound.,67,63,4,3,0.9619451995734062,0.9619451995734062,UT Martin,Northern Kentucky,4,1,NA,400499097,2013-12-07
292,2,0:55,55,55,Justin Childs made Layup.,69,63,6,5,0.9929160153644001,0.9929160153644001,UT Martin,Northern Kentucky,4,1,NA,400499097,2013-12-07
293,2,0:50,50,50,Todd Johnson Turnover.,69,63,6,2,0.9939983720638899,0.9939983720638899,UT Martin,Northern Kentucky,4,1,NA,400499097,2013-12-07
294,2,0:48,48,48,Justin Childs Steal.,69,63,6,3,0.9943914597439802,0.9943914597439802,UT Martin,Northern Kentucky,4,1,NA,400499097,2013-12-07
295,2,0:45,45,45,Foul on Jack Flournoy.,69,63,6,0,0.9949416357625687,0.9949416357625687,UT Martin,Northern Kentucky,4,1,NA,400499097,2013-12-07
296,2,0:45,45,45,Justin Childs made Free Throw.,70,63,7,0,0.997896221785585,0.997896221785585,UT Martin,Northern Kentucky,4,1,NA,400499097,2013-12-07
297,2,0:45,45,45,Justin Childs made Free Throw.,71,63,8,4,0.9991265517926287,0.9991265517926287,UT Martin,Northern Kentucky,4,1,NA,400499097,2013-12-07
298,2,0:41,41,41,Jordan Jackson missed Layup.,71,63,8,0,0.9992766149847279,0.9992766149847279,UT Martin,Northern Kentucky,4,1,NA,400499097,2013-12-07
299,2,0:41,41,41,Justin Childs Defensive Rebound.,71,63,8,4,0.9992766149847279,0.9992766149847279,UT Martin,Northern Kentucky,4,1,NA,400499097,2013-12-07
300,2,0:37,37,37,Foul on Jordan Jackson.,71,63,8,0,0.9994035162766476,0.9994035162766476,UT Martin,Northern Kentucky,4,1,NA,400499097,2013-12-07
301,2,0:37,37,37,Technical Foul on Mike Liabo.,71,63,8,0,0.9994035162766476,0.9994035162766476,UT Martin,Northern Kentucky,4,1,NA,400499097,2013-12-07
302,2,0:37,37,37,Anthony Monaco made Free Throw.,71,64,7,0,0.998492628250968,0.998492628250968,UT Martin,Northern Kentucky,4,1,NA,400499097,2013-12-07
303,2,0:37,37,37,Justin Childs made Free Throw.,72,64,8,0,0.9994035162766476,0.9994035162766476,UT Martin,Northern Kentucky,4,1,NA,400499097,2013-12-07
304,2,0:37,37,37,Foul on Mike Liabo.,71,63,8,0,0.9994035162766476,0.9994035162766476,UT Martin,Northern Kentucky,4,1,NA,400499097,2013-12-07
305,2,0:37,37,37,Anthony Monaco missed Free Throw.,71,64,7,0,0.998492628250968,0.998492628250968,UT Martin,Northern Kentucky,4,1,NA,400499097,2013-12-07
306,2,0:37,37,37,Tenn-Martin Deadball Team Rebound.,71,64,7,0,0.998492628250968,0.998492628250968,UT Martin,Northern Kentucky,4,1,NA,400499097,2013-12-07
307,2,0:37,37,37,Justin Childs made Free Throw.,73,64,9,1,0.999764094821051,0.999764094821051,UT Martin,Northern Kentucky,4,1,NA,400499097,2013-12-07
308,2,0:36,36,36,Foul on Jordan Jackson.,73,64,9,0,0.9997767159160386,0.9997767159160386,UT Martin,Northern Kentucky,4,1,NA,400499097,2013-12-07
309,2,0:36,36,36,Marshun Newell made Free Throw.,74,64,10,0,0.9999122504408098,0.9999122504408098,UT Martin,Northern Kentucky,4,1,NA,400499097,2013-12-07
310,2,0:36,36,36,Marshun Newell made Free Throw.,75,64,11,5,0.9999655176874523,0.9999655176874523,UT Martin,Northern Kentucky,4,1,NA,400499097,2013-12-07
311,2,0:31,31,31,Jack Flournoy missed Three Point Jumper.,75,64,11,0,0.9999754776692309,0.9999754776692309,UT Martin,Northern Kentucky,4,1,NA,400499097,2013-12-07
312,2,0:31,31,31,Marshun Newell Defensive Rebound.,75,64,11,7,0.9999754776692309,0.9999754776692309,UT Martin,Northern Kentucky,4,1,NA,400499097,2013-12-07
313,2,0:24,24,24,Foul on Anthony Monaco.,75,64,11,0,0.9999849614293205,0.9999849614293205,UT Martin,Northern Kentucky,4,1,NA,400499097,2013-12-07
314,2,0:24,24,24,Justin Childs made Free Throw.,76,64,12,0,0.999994520063334,0.999994520063334,UT Martin,Northern Kentucky,4,1,NA,400499097,2013-12-07
315,2,0:24,24,24,Justin Childs made Free Throw.,77,64,13,8,0.99999800316638765,0.99999800316638765,UT Martin,Northern Kentucky,4,1,NA,400499097,2013-12-07
316,2,0:16,16,16,Jordan Jackson missed Jumper.,77,64,13,0,0.9999989956072042,0.9999989956072042,UT Martin,Northern Kentucky,4,1,NA,400499097,2013-12-07
317,2,0:16,16,16,Terence Smith Defensive Rebound.,77,64,13,4,0.9999989956072042,0.9999989956072042,UT Martin,Northern Kentucky,4,1,NA,400499097,2013-12-07
318,2,0:12,12,12,Foul on Jordan Jackson.,77,64,13,0,0.9999992980640031,0.9999992980640031,UT Martin,Northern Kentucky,4,1,NA,400499097,2013-12-07
319,2,0:12,12,12,Terence Smith made Free Throw.,78,64,14,0,0.9999997639869536,0.9999997639869536,UT Martin,Northern Kentucky,4,1,NA,400499097,2013-12-07
320,2,0:12,12,12,Terence Smith made Free Throw.,79,64,15,8,0.999999920644986,0.999999920644986,UT Martin,Northern Kentucky,4,1,NA,400499097,2013-12-07
321,2,0:04,4,4,Jack Flournoy made Jumper. Assisted by Jordan Jackson.,79,66,13,4,0.9999996651094031,0.9999996651094031,UT Martin,Northern Kentucky,4,1,NA,400499097,2013-12-07
322,2,0:00,0,0,End of Game,79,66,13,0,1,1,UT Martin,Northern Kentucky,4,1,NA,400499097,2013-12-07
