play_id,half,time_remaining_half,secs_remaining,secs_remaining_absolute,description,home_score,away_score,score_diff,play_length,win_prob,naive_win_prob,home,away,home_time_out_remaining,away_time_out_remaining,home_favored_by,game_id,date
1,1,20:00,2400,2400,PLAY,0,0,0,17,0.5,0.5,Grand Canyon,Black Hills State,4,4,NA,400847428,2015-11-17
2,1,19:43,2383,2383,Nick Ongarato missed Three Point Jumper.,0,0,0,0,0.5,0.5,Grand Canyon,Black Hills State,4,4,NA,400847428,2015-11-17
3,1,19:43,2383,2383,Grand Canyon Defensive Rebound.,0,0,0,13,0.5,0.5,Grand Canyon,Black Hills State,4,4,NA,400847428,2015-11-17
4,1,19:30,2370,2370,Gerard Martin missed Layup.,0,0,0,0,0.5,0.5,Grand Canyon,Black Hills State,4,4,NA,400847428,2015-11-17
5,1,19:30,2370,2370,Grand Canyon Offensive Rebound.,0,0,0,3,0.5,0.5,Grand Canyon,Black Hills State,4,4,NA,400847428,2015-11-17
6,1,19:27,2367,2367,Foul on Fraser Malcolm.,0,0,0,0,0.5,0.5,Grand Canyon,Black Hills State,4,4,NA,400847428,2015-11-17
7,1,19:27,2367,2367,Joshua Braun made Free Throw.,1,0,1,0,0.5224073600426636,0.5224073600426636,Grand Canyon,Black Hills State,4,4,NA,400847428,2015-11-17
8,1,19:27,2367,2367,Joshua Braun made Free Throw.,2,0,2,19,0.5447248964309589,0.5447248964309589,Grand Canyon,Black Hills State,4,4,NA,400847428,2015-11-17
9,1,19:08,2348,2348,Fraser Malcolm Turnover.,2,0,2,1,0.5451340534009399,0.5451340534009399,Grand Canyon,Black Hills State,4,4,NA,400847428,2015-11-17
10,1,19:07,2347,2347,Gerard Martin Steal.,2,0,2,7,0.5451557187753678,0.5451557187753678,Grand Canyon,Black Hills State,4,4,NA,400847428,2015-11-17
11,1,19:00,2340,2340,Grandy Glaze missed Layup.,2,0,2,0,0.5453077293526352,0.5453077293526352,Grand Canyon,Black Hills State,4,4,NA,400847428,2015-11-17
12,1,19:00,2340,2340,Uros Ljeskovic Offensive Rebound.,2,0,2,27,0.5453077293526352,0.5453077293526352,Grand Canyon,Black Hills State,4,4,NA,400847428,2015-11-17
13,1,18:33,2313,2313,Grandy Glaze Turnover.,2,0,2,1,0.5458995598090786,0.5458995598090786,Grand Canyon,Black Hills State,4,4,NA,400847428,2015-11-17
14,1,18:32,2312,2312,Wyatt Krogman Steal.,2,0,2,7,0.545921638731889,0.545921638731889,Grand Canyon,Black Hills State,4,4,NA,400847428,2015-11-17
15,1,18:25,2305,2305,Riley Ryan missed Three Point Jumper.,2,0,2,0,0.5460764925484636,0.5460764925484636,Grand Canyon,Black Hills State,4,4,NA,400847428,2015-11-17
16,1,18:25,2305,2305,Grand Canyon Defensive Rebound.,2,0,2,2,0.5460764925484636,0.5460764925484636,Grand Canyon,Black Hills State,4,4,NA,400847428,2015-11-17
17,1,18:23,2303,2303,Foul on Fraser Malcolm.,2,0,2,14,0.5461208317819461,0.5461208317819461,Grand Canyon,Black Hills State,4,4,NA,400847428,2015-11-17
18,1,18:09,2289,2289,Uros Ljeskovic made Layup. Assisted by DeWayne Russell.,4,0,4,16,0.59207069007809765,0.59207069007809765,Grand Canyon,Black Hills State,4,4,NA,400847428,2015-11-17
19,1,17:53,2273,2273,Foul on Gerard Martin.,4,0,4,6,0.5927689268057672,0.5927689268057672,Grand Canyon,Black Hills State,4,4,NA,400847428,2015-11-17
20,1,17:47,2267,2267,Riley Ryan made Layup.,4,2,2,11,0.546925639914279,0.546925639914279,Grand Canyon,Black Hills State,4,4,NA,400847428,2015-11-17
21,1,17:36,2256,2256,Joshua Braun made Three Point Jumper. Assisted by DeWayne Russell.,7,2,5,19,0.6161280761992316,0.6161280761992316,Grand Canyon,Black Hills State,4,4,NA,400847428,2015-11-17
22,1,17:17,2237,2237,Nick Ongarato Turnover.,7,2,5,7,0.6171560986146801,0.6171560986146801,Grand Canyon,Black Hills State,4,4,NA,400847428,2015-11-17
23,1,17:10,2230,2230,Joshua Braun made Three Point Jumper. Assisted by DeWayne Russell.,10,2,8,25,0.6827775161545457,0.6827775161545457,Grand Canyon,Black Hills State,4,4,NA,400847428,2015-11-17
24,1,16:45,2205,2205,Nick Ongarato missed Three Point Jumper.,10,2,8,0,0.6847744434810809,0.6847744434810809,Grand Canyon,Black Hills State,4,4,NA,400847428,2015-11-17
25,1,16:45,2205,2205,Black Hills State Offensive Rebound.,10,2,8,5,0.6847744434810809,0.6847744434810809,Grand Canyon,Black Hills State,4,4,NA,400847428,2015-11-17
26,1,16:40,2200,2200,Foul on Joshua Braun.,10,2,8,3,0.6851745291863887,0.6851745291863887,Grand Canyon,Black Hills State,4,4,NA,400847428,2015-11-17
27,1,16:37,2197,2197,Riley Ryan made Three Point Jumper. Assisted by Max Mueller.,10,5,5,10,0.6193358963094133,0.6193358963094133,Grand Canyon,Black Hills State,4,4,NA,400847428,2015-11-17
28,1,16:27,2187,2187,DeWayne Russell Turnover.,10,5,5,23,0.6198834017317497,0.6198834017317497,Grand Canyon,Black Hills State,4,4,NA,400847428,2015-11-17
29,1,16:04,2164,2164,Riley Ryan missed Three Point Jumper.,10,5,5,0,0.6211455369518836,0.6211455369518836,Grand Canyon,Black Hills State,4,4,NA,400847428,2015-11-17
30,1,16:04,2164,2164,Grandy Glaze Defensive Rebound.,10,5,5,12,0.6211455369518836,0.6211455369518836,Grand Canyon,Black Hills State,4,4,NA,400847428,2015-11-17
31,1,15:52,2152,2152,Grandy Glaze made Layup. Assisted by De'Andre Davis.,12,5,7,23,0.6673252821298172,0.6673252821298172,Grand Canyon,Black Hills State,4,4,NA,400847428,2015-11-17
32,1,15:29,2129,2129,Patrick Mendes Turnover.,12,5,7,2,0.6690073013481805,0.6690073013481805,Grand Canyon,Black Hills State,4,4,NA,400847428,2015-11-17
33,1,15:27,2127,2127,Boubacar Toure Steal.,12,5,7,2,0.66915403186519,0.66915403186519,Grand Canyon,Black Hills State,4,4,NA,400847428,2015-11-17
34,1,15:25,2125,2125,Foul on Patrick Mendes.,12,5,7,0,0.669300840664106,0.669300840664106,Grand Canyon,Black Hills State,4,4,NA,400847428,2015-11-17
35,1,15:25,2125,2125,Official TV Timeout,12,5,7,12,0.669300840664106,0.669300840664106,Grand Canyon,Black Hills State,4,4,NA,400847428,2015-11-17
36,1,15:13,2113,2113,Keonta Vernon Turnover.,12,5,7,0,0.6701833795170746,0.6701833795170746,Grand Canyon,Black Hills State,4,4,NA,400847428,2015-11-17
37,1,15:13,2113,2113,Foul on Keonta Vernon.,12,5,7,24,0.6701833795170746,0.6701833795170746,Grand Canyon,Black Hills State,4,4,NA,400847428,2015-11-17
38,1,14:49,2089,2089,Nick Ongarato missed Three Point Jumper.,12,5,7,0,0.6719576399916065,0.6719576399916065,Grand Canyon,Black Hills State,4,4,NA,400847428,2015-11-17
39,1,14:49,2089,2089,Keonta Vernon Defensive Rebound.,12,5,7,8,0.6719576399916065,0.6719576399916065,Grand Canyon,Black Hills State,4,4,NA,400847428,2015-11-17
40,1,14:41,2081,2081,Ryan Majerle missed Three Point Jumper.,12,5,7,0,0.6725519552516336,0.6725519552516336,Grand Canyon,Black Hills State,4,4,NA,400847428,2015-11-17
41,1,14:41,2081,2081,Boubacar Toure Offensive Rebound.,12,5,7,6,0.6725519552516336,0.6725519552516336,Grand Canyon,Black Hills State,4,4,NA,400847428,2015-11-17
42,1,14:35,2075,2075,Boubacar Toure missed Layup.,12,5,7,0,0.6729986906518626,0.6729986906518626,Grand Canyon,Black Hills State,4,4,NA,400847428,2015-11-17
43,1,14:35,2075,2075,Keonta Vernon Offensive Rebound.,12,5,7,3,0.6729986906518626,0.6729986906518626,Grand Canyon,Black Hills State,4,4,NA,400847428,2015-11-17
44,1,14:32,2072,2072,Keonta Vernon made Layup.,14,5,9,17,0.7169350671946568,0.7169350671946568,Grand Canyon,Black Hills State,4,4,NA,400847428,2015-11-17
45,1,14:15,2055,2055,Nick Ongarato missed Three Point Jumper.,14,5,9,0,0.7184426385720178,0.7184426385720178,Grand Canyon,Black Hills State,4,4,NA,400847428,2015-11-17
46,1,14:15,2055,2055,Grant White Defensive Rebound.,14,5,9,9,0.7184426385720178,0.7184426385720178,Grand Canyon,Black Hills State,4,4,NA,400847428,2015-11-17
47,1,14:06,2046,2046,De'Andre Davis Turnover.,14,5,9,0,0.7192436102117998,0.7192436102117998,Grand Canyon,Black Hills State,4,4,NA,400847428,2015-11-17
48,1,14:06,2046,2046,Patrick Mendes Steal.,14,5,9,0,0.7192436102117998,0.7192436102117998,Grand Canyon,Black Hills State,4,4,NA,400847428,2015-11-17
49,1,14:06,2046,2046,Foul on Grant White.,14,5,9,15,0.7192436102117998,0.7192436102117998,Grand Canyon,Black Hills State,4,4,NA,400847428,2015-11-17
50,1,13:51,2031,2031,Erlendur Stefansson made Layup.,14,7,7,18,0.6763028459360624,0.6763028459360624,Grand Canyon,Black Hills State,4,4,NA,400847428,2015-11-17
51,1,13:33,2013,2013,Boubacar Toure missed Layup.,14,7,7,0,0.6776699324591207,0.6776699324591207,Grand Canyon,Black Hills State,4,4,NA,400847428,2015-11-17
52,1,13:33,2013,2013,Keonta Vernon Offensive Rebound.,14,7,7,11,0.6776699324591207,0.6776699324591207,Grand Canyon,Black Hills State,4,4,NA,400847428,2015-11-17
53,1,13:22,2002,2002,Foul on Patrick Mendes.,14,7,7,0,0.6785101156069673,0.6785101156069673,Grand Canyon,Black Hills State,4,4,NA,400847428,2015-11-17
54,1,13:22,2002,2002,Boubacar Toure made Free Throw.,15,7,8,0,0.7013297527338652,0.7013297527338652,Grand Canyon,Black Hills State,4,4,NA,400847428,2015-11-17
55,1,13:22,2002,2002,Boubacar Toure made Free Throw.,16,7,9,16,0.7231904392050105,0.7231904392050105,Grand Canyon,Black Hills State,4,4,NA,400847428,2015-11-17
56,1,13:06,1986,1986,Erlendur Stefansson Turnover.,16,7,9,8,0.7246394289865776,0.7246394289865776,Grand Canyon,Black Hills State,4,4,NA,400847428,2015-11-17
57,1,12:58,1978,1978,Ryan Majerle missed Jumper.,16,7,9,0,0.7253668779307595,0.7253668779307595,Grand Canyon,Black Hills State,4,4,NA,400847428,2015-11-17
58,1,12:58,1978,1978,Keonta Vernon Offensive Rebound.,16,7,9,4,0.7253668779307595,0.7253668779307595,Grand Canyon,Black Hills State,4,4,NA,400847428,2015-11-17
59,1,12:54,1974,1974,Ryan Majerle missed Three Point Jumper.,16,7,9,0,0.7257313608271743,0.7257313608271743,Grand Canyon,Black Hills State,4,4,NA,400847428,2015-11-17
60,1,12:54,1974,1974,Keonta Vernon Offensive Rebound.,16,7,9,3,0.7257313608271743,0.7257313608271743,Grand Canyon,Black Hills State,4,4,NA,400847428,2015-11-17
61,1,12:51,1971,1971,Keonta Vernon missed Layup.,16,7,9,0,0.7260050594259968,0.7260050594259968,Grand Canyon,Black Hills State,4,4,NA,400847428,2015-11-17
62,1,12:51,1971,1971,Wyatt Krogman Defensive Rebound.,16,7,9,7,0.7260050594259968,0.7260050594259968,Grand Canyon,Black Hills State,4,4,NA,400847428,2015-11-17
63,1,12:44,1964,1964,Erlendur Stefansson missed Three Point Jumper.,16,7,9,0,0.726644825158809,0.726644825158809,Grand Canyon,Black Hills State,4,4,NA,400847428,2015-11-17
64,1,12:44,1964,1964,Keonta Vernon Defensive Rebound.,16,7,9,9,0.726644825158809,0.726644825158809,Grand Canyon,Black Hills State,4,4,NA,400847428,2015-11-17
65,1,12:35,1955,1955,Keonta Vernon missed Layup.,16,7,9,0,0.72746975677635,0.72746975677635,Grand Canyon,Black Hills State,4,4,NA,400847428,2015-11-17
66,1,12:35,1955,1955,Max Mueller Defensive Rebound.,16,7,9,16,0.72746975677635,0.72746975677635,Grand Canyon,Black Hills State,4,4,NA,400847428,2015-11-17
67,1,12:19,1939,1939,Collin Smith missed Three Point Jumper.,16,7,9,0,0.7289430830956268,0.7289430830956268,Grand Canyon,Black Hills State,4,4,NA,400847428,2015-11-17
68,1,12:19,1939,1939,Grant White Defensive Rebound.,16,7,9,14,0.7289430830956268,0.7289430830956268,Grand Canyon,Black Hills State,4,4,NA,400847428,2015-11-17
69,1,12:05,1925,1925,Ryan Majerle Turnover.,16,7,9,1,0.7302386727275372,0.7302386727275372,Grand Canyon,Black Hills State,4,4,NA,400847428,2015-11-17
70,1,12:04,1924,1924,Collin Smith Steal.,16,7,9,4,0.7303311474482049,0.7303311474482049,Grand Canyon,Black Hills State,4,4,NA,400847428,2015-11-17
71,1,12:00,1920,1920,Foul on Grant White.,16,7,9,0,0.7307006993686969,0.7307006993686969,Grand Canyon,Black Hills State,4,4,NA,400847428,2015-11-17
72,1,12:00,1920,1920,Nick Ongarato made Free Throw.,16,8,8,0,0.7083268027457793,0.7083268027457793,Grand Canyon,Black Hills State,4,4,NA,400847428,2015-11-17
73,1,12:00,1920,1920,Nick Ongarato made Free Throw.,16,9,7,9,0.6848956499496107,0.6848956499496107,Grand Canyon,Black Hills State,4,4,NA,400847428,2015-11-17
74,1,11:51,1911,1911,Matt Jackson made Three Point Jumper. Assisted by Gerard Martin.,19,9,10,32,0.7528328696467737,0.7528328696467737,Grand Canyon,Black Hills State,4,4,NA,400847428,2015-11-17
75,1,11:19,1879,1879,Riley Ryan made Three Point Jumper. Assisted by Wyatt Krogman.,19,12,7,15,0.6881115665119752,0.6881115665119752,Grand Canyon,Black Hills State,4,4,NA,400847428,2015-11-17
76,1,11:04,1864,1864,Matt Jackson made Three Point Jumper. Assisted by DeWayne Russell.,22,12,10,18,0.7573595859256667,0.7573595859256667,Grand Canyon,Black Hills State,4,4,NA,400847428,2015-11-17
77,1,10:46,1846,1846,Erlendur Stefansson missed Three Point Jumper.,22,12,10,0,0.7590857998798435,0.7590857998798435,Grand Canyon,Black Hills State,4,4,NA,400847428,2015-11-17
78,1,10:46,1846,1846,Grandy Glaze Defensive Rebound.,22,12,10,10,0.7590857998798435,0.7590857998798435,Grand Canyon,Black Hills State,4,4,NA,400847428,2015-11-17
79,1,10:36,1836,1836,Foul on Erlendur Stefansson.,22,12,10,6,0.7600449746897773,0.7600449746897773,Grand Canyon,Black Hills State,4,4,NA,400847428,2015-11-17
80,1,10:30,1830,1830,Official TV Timeout,22,12,10,0,0.7606208320983984,0.7606208320983984,Grand Canyon,Black Hills State,4,4,NA,400847428,2015-11-17
81,1,10:30,1830,1830,Grandy Glaze missed Free Throw.,22,12,10,0,0.7606208320983984,0.7606208320983984,Grand Canyon,Black Hills State,4,4,NA,400847428,2015-11-17
82,1,10:30,1830,1830,Grand Canyon Deadball Team Rebound.,22,12,10,0,0.7606208320983984,0.7606208320983984,Grand Canyon,Black Hills State,4,4,NA,400847428,2015-11-17
83,1,10:30,1830,1830,Grandy Glaze missed Free Throw.,22,12,10,0,0.7606208320983984,0.7606208320983984,Grand Canyon,Black Hills State,4,4,NA,400847428,2015-11-17
84,1,10:30,1830,1830,Wyatt Krogman Defensive Rebound.,22,12,10,16,0.7606208320983984,0.7606208320983984,Grand Canyon,Black Hills State,4,4,NA,400847428,2015-11-17
85,1,10:14,1814,1814,Riley Ryan Turnover.,22,12,10,1,0.7621587485934895,0.7621587485934895,Grand Canyon,Black Hills State,4,4,NA,400847428,2015-11-17
86,1,10:13,1813,1813,Gerard Martin Steal.,22,12,10,4,0.7622550138117407,0.7622550138117407,Grand Canyon,Black Hills State,4,4,NA,400847428,2015-11-17
87,1,10:09,1809,1809,Grandy Glaze Turnover.,22,12,10,21,0.7626402825599624,0.7626402825599624,Grand Canyon,Black Hills State,4,4,NA,400847428,2015-11-17
88,1,9:48,1788,1788,Wyatt Krogman missed Three Point Jumper.,22,12,10,0,0.7646695798173653,0.7646695798173653,Grand Canyon,Black Hills State,4,4,NA,400847428,2015-11-17
89,1,9:48,1788,1788,Joshua Braun Defensive Rebound.,22,12,10,7,0.7646695798173653,0.7646695798173653,Grand Canyon,Black Hills State,4,4,NA,400847428,2015-11-17
90,1,9:41,1781,1781,Grandy Glaze made Layup. Assisted by DeWayne Russell.,24,12,12,28,0.8051312945764635,0.8051312945764635,Grand Canyon,Black Hills State,4,4,NA,400847428,2015-11-17
91,1,9:13,1753,1753,Nick Ongarato missed Three Point Jumper.,24,12,12,0,0.8079966910285837,0.8079966910285837,Grand Canyon,Black Hills State,4,4,NA,400847428,2015-11-17
92,1,9:13,1753,1753,Grandy Glaze Defensive Rebound.,24,12,12,20,0.8079966910285837,0.8079966910285837,Grand Canyon,Black Hills State,4,4,NA,400847428,2015-11-17
93,1,8:53,1733,1733,Foul on Wyatt Krogman.,24,12,12,1,0.8100625325441079,0.8100625325441079,Grand Canyon,Black Hills State,4,4,NA,400847428,2015-11-17
94,1,8:52,1732,1732,Gerard Martin Turnover.,24,12,12,15,0.8101663250784418,0.8101663250784418,Grand Canyon,Black Hills State,4,4,NA,400847428,2015-11-17
95,1,8:37,1717,1717,Foul on DeWayne Russell.,24,12,12,9,0.8117295976893938,0.8117295976893938,Grand Canyon,Black Hills State,4,4,NA,400847428,2015-11-17
96,1,8:28,1708,1708,Riley Ryan missed Three Point Jumper.,24,12,12,0,0.8126737125174975,0.8126737125174975,Grand Canyon,Black Hills State,4,4,NA,400847428,2015-11-17
97,1,8:28,1708,1708,De'Andre Davis Defensive Rebound.,24,12,12,12,0.8126737125174975,0.8126737125174975,Grand Canyon,Black Hills State,4,4,NA,400847428,2015-11-17
98,1,8:16,1696,1696,Keonta Vernon made Dunk. Assisted by Joshua Braun.,26,12,14,31,0.8483592445600098,0.8483592445600098,Grand Canyon,Black Hills State,4,4,NA,400847428,2015-11-17
99,1,7:45,1665,1665,Official TV Timeout,26,12,14,5,0.8515565302170668,0.8515565302170668,Grand Canyon,Black Hills State,4,4,NA,400847428,2015-11-17
100,1,7:40,1660,1660,Nick Ongarato made Three Point Jumper.,26,15,11,18,0.7982897883120895,0.7982897883120895,Grand Canyon,Black Hills State,4,4,NA,400847428,2015-11-17
101,1,7:22,1642,1642,Foul on Nick Ongarato.,26,15,11,0,0.8000628422940848,0.8000628422940848,Grand Canyon,Black Hills State,4,4,NA,400847428,2015-11-17
102,1,7:22,1642,1642,Joshua Braun missed Free Throw.,26,15,11,0,0.8000628422940848,0.8000628422940848,Grand Canyon,Black Hills State,4,4,NA,400847428,2015-11-17
103,1,7:22,1642,1642,Keonta Vernon Offensive Rebound.,26,15,11,4,0.8000628422940848,0.8000628422940848,Grand Canyon,Black Hills State,4,4,NA,400847428,2015-11-17
104,1,7:18,1638,1638,Keonta Vernon Turnover.,26,15,11,1,0.8004515493941479,0.8004515493941479,Grand Canyon,Black Hills State,4,4,NA,400847428,2015-11-17
105,1,7:17,1637,1637,Nick Ongarato Steal.,26,15,11,17,0.8005484636875491,0.8005484636875491,Grand Canyon,Black Hills State,4,4,NA,400847428,2015-11-17
106,1,7:00,1620,1620,Max Mueller missed Three Point Jumper.,26,15,11,0,0.8021821895593738,0.8021821895593738,Grand Canyon,Black Hills State,4,4,NA,400847428,2015-11-17
107,1,7:00,1620,1620,Joshua Braun Defensive Rebound.,26,15,11,16,0.8021821895593738,0.8021821895593738,Grand Canyon,Black Hills State,4,4,NA,400847428,2015-11-17
108,1,6:44,1604,1604,De'Andre Davis Turnover.,26,15,11,1,0.8037018834784138,0.8037018834784138,Grand Canyon,Black Hills State,4,4,NA,400847428,2015-11-17
109,1,6:43,1603,1603,Nick Ongarato Steal.,26,15,11,2,0.803796474989079,0.803796474989079,Grand Canyon,Black Hills State,4,4,NA,400847428,2015-11-17
110,1,6:41,1601,1601,Foul on Joshua Braun.,26,15,11,0,0.8039855571814342,0.8039855571814342,Grand Canyon,Black Hills State,4,4,NA,400847428,2015-11-17
111,1,6:41,1601,1601,Nick Ongarato made Free Throw.,26,16,10,0,0.782974370805457,0.782974370805457,Grand Canyon,Black Hills State,4,4,NA,400847428,2015-11-17
112,1,6:41,1601,1601,Nick Ongarato missed Free Throw.,26,16,10,0,0.782974370805457,0.782974370805457,Grand Canyon,Black Hills State,4,4,NA,400847428,2015-11-17
113,1,6:41,1601,1601,Boubacar Toure Defensive Rebound.,26,16,10,26,0.782974370805457,0.782974370805457,Grand Canyon,Black Hills State,4,4,NA,400847428,2015-11-17
114,1,6:15,1575,1575,DeWayne Russell missed Jumper.,26,16,10,0,0.7853801529624177,0.7853801529624177,Grand Canyon,Black Hills State,4,4,NA,400847428,2015-11-17
115,1,6:15,1575,1575,Black Hills State Defensive Rebound.,26,16,10,0,0.7853801529624177,0.7853801529624177,Grand Canyon,Black Hills State,4,4,NA,400847428,2015-11-17
116,1,6:15,1575,1575,Boubacar Toure Turnover.,26,16,10,0,0.7853801529624177,0.7853801529624177,Grand Canyon,Black Hills State,4,4,NA,400847428,2015-11-17
117,1,6:15,1575,1575,Foul on Boubacar Toure.,26,16,10,0,0.7853801529624177,0.7853801529624177,Grand Canyon,Black Hills State,4,4,NA,400847428,2015-11-17
118,1,6:15,1575,1575,Sam Mayer missed Free Throw.,26,16,10,0,0.7853801529624177,0.7853801529624177,Grand Canyon,Black Hills State,4,4,NA,400847428,2015-11-17
119,1,6:15,1575,1575,Boubacar Toure Defensive Rebound.,26,16,10,10,0.7853801529624177,0.7853801529624177,Grand Canyon,Black Hills State,4,4,NA,400847428,2015-11-17
120,1,6:05,1565,1565,Foul on Nick Ongarato.,26,16,10,0,0.7863078753199998,0.7863078753199998,Grand Canyon,Black Hills State,4,4,NA,400847428,2015-11-17
121,1,6:05,1565,1565,Boubacar Toure made Free Throw.,27,16,11,0,0.8073828326741094,0.8073828326741094,Grand Canyon,Black Hills State,4,4,NA,400847428,2015-11-17
122,1,6:05,1565,1565,Boubacar Toure made Free Throw.,28,16,12,7,0.8268370423832595,0.8268370423832595,Grand Canyon,Black Hills State,4,4,NA,400847428,2015-11-17
123,1,5:58,1558,1558,Foul on DeWayne Russell.,28,16,12,0,0.8275031993635494,0.8275031993635494,Grand Canyon,Black Hills State,4,4,NA,400847428,2015-11-17
124,1,5:58,1558,1558,Wyatt Krogman made Free Throw.,28,17,11,0,0.8080462377777434,0.8080462377777434,Grand Canyon,Black Hills State,4,4,NA,400847428,2015-11-17
125,1,5:58,1558,1558,Wyatt Krogman missed Free Throw.,28,17,11,0,0.8080462377777434,0.8080462377777434,Grand Canyon,Black Hills State,4,4,NA,400847428,2015-11-17
126,1,5:58,1558,1558,Black Hills State Offensive Rebound.,28,17,11,3,0.8080462377777434,0.8080462377777434,Grand Canyon,Black Hills State,4,4,NA,400847428,2015-11-17
127,1,5:55,1555,1555,Foul on Max Mueller.,28,17,11,0,0.8083312546689223,0.8083312546689223,Grand Canyon,Black Hills State,4,4,NA,400847428,2015-11-17
128,1,5:55,1555,1555,Max Mueller Turnover.,28,17,11,16,0.8083312546689223,0.8083312546689223,Grand Canyon,Black Hills State,4,4,NA,400847428,2015-11-17
129,1,5:39,1539,1539,Foul on Erlendur Stefansson.,28,17,11,0,0.8098607833743329,0.8098607833743329,Grand Canyon,Black Hills State,4,4,NA,400847428,2015-11-17
130,1,5:39,1539,1539,Gerard Martin made Free Throw.,29,17,12,0,0.8293238362563837,0.8293238362563837,Grand Canyon,Black Hills State,4,4,NA,400847428,2015-11-17
131,1,5:39,1539,1539,Gerard Martin missed Free Throw.,29,17,12,0,0.8293238362563837,0.8293238362563837,Grand Canyon,Black Hills State,4,4,NA,400847428,2015-11-17
132,1,5:39,1539,1539,Riley Ryan Defensive Rebound.,29,17,12,13,0.8293238362563837,0.8293238362563837,Grand Canyon,Black Hills State,4,4,NA,400847428,2015-11-17
133,1,5:26,1526,1526,Patrick Mendes made Layup.,29,19,10,23,0.7899815954602584,0.7899815954602584,Grand Canyon,Black Hills State,4,4,NA,400847428,2015-11-17
134,1,5:03,1503,1503,Gerard Martin Turnover.,29,19,10,9,0.7922192324259487,0.7922192324259487,Grand Canyon,Black Hills State,4,4,NA,400847428,2015-11-17
135,1,4:54,1494,1494,Wyatt Krogman made Layup.,29,21,8,15,0.7455548907643689,0.7455548907643689,Grand Canyon,Black Hills State,4,4,NA,400847428,2015-11-17
136,1,4:39,1479,1479,Gerard Martin missed Three Point Jumper.,29,21,8,0,0.7469642626133144,0.7469642626133144,Grand Canyon,Black Hills State,4,4,NA,400847428,2015-11-17
137,1,4:39,1479,1479,Black Hills State Defensive Rebound.,29,21,8,1,0.7469642626133144,0.7469642626133144,Grand Canyon,Black Hills State,4,4,NA,400847428,2015-11-17
138,1,4:38,1478,1478,Foul on Grandy Glaze.,29,21,8,0,0.7470596300137745,0.7470596300137745,Grand Canyon,Black Hills State,4,4,NA,400847428,2015-11-17
139,1,4:38,1478,1478,Riley Ryan made Free Throw.,29,22,7,0,0.7206357522671273,0.7206357522671273,Grand Canyon,Black Hills State,4,4,NA,400847428,2015-11-17
140,1,4:38,1478,1478,Riley Ryan missed Free Throw.,29,22,7,0,0.7206357522671273,0.7206357522671273,Grand Canyon,Black Hills State,4,4,NA,400847428,2015-11-17
141,1,4:38,1478,1478,Grandy Glaze Defensive Rebound.,29,22,7,14,0.7206357522671273,0.7206357522671273,Grand Canyon,Black Hills State,4,4,NA,400847428,2015-11-17
142,1,4:24,1464,1464,Foul on Riley Ryan.,29,22,7,0,0.7218996191226553,0.7218996191226553,Grand Canyon,Black Hills State,4,4,NA,400847428,2015-11-17
143,1,4:24,1464,1464,Joshua Braun made Free Throw.,30,22,8,0,0.7484148549469752,0.7484148549469752,Grand Canyon,Black Hills State,4,4,NA,400847428,2015-11-17
144,1,4:24,1464,1464,Joshua Braun made Free Throw.,31,22,9,27,0.7731962791081661,0.7731962791081661,Grand Canyon,Black Hills State,4,4,NA,400847428,2015-11-17
145,1,3:57,1437,1437,Nick Ongarato made Three Point Jumper.,31,25,6,20,0.6960135140855629,0.6960135140855629,Grand Canyon,Black Hills State,4,4,NA,400847428,2015-11-17
146,1,3:37,1417,1417,Foul on Nick Ongarato.,31,25,6,0,0.6976452997563849,0.6976452997563849,Grand Canyon,Black Hills State,4,4,NA,400847428,2015-11-17
147,1,3:37,1417,1417,Official TV Timeout,31,25,6,0,0.6976452997563849,0.6976452997563849,Grand Canyon,Black Hills State,4,4,NA,400847428,2015-11-17
148,1,3:37,1417,1417,Joshua Braun made Free Throw.,32,25,7,0,0.7262067784016701,0.7262067784016701,Grand Canyon,Black Hills State,4,4,NA,400847428,2015-11-17
149,1,3:37,1417,1417,Joshua Braun made Free Throw.,33,25,8,13,0.7530253698795969,0.7530253698795969,Grand Canyon,Black Hills State,4,4,NA,400847428,2015-11-17
150,1,3:24,1404,1404,Patrick Mendes missed Jumper.,33,25,8,0,0.7542372609421698,0.7542372609421698,Grand Canyon,Black Hills State,4,4,NA,400847428,2015-11-17
151,1,3:24,1404,1404,Grandy Glaze Defensive Rebound.,33,25,8,7,0.7542372609421698,0.7542372609421698,Grand Canyon,Black Hills State,4,4,NA,400847428,2015-11-17
152,1,3:17,1397,1397,Joshua Braun made Three Point Jumper. Assisted by De'Andre Davis.,36,25,11,32,0.8244251333573506,0.8244251333573506,Grand Canyon,Black Hills State,4,4,NA,400847428,2015-11-17
153,1,2:45,1365,1365,Collin Smith missed Layup.,36,25,11,0,0.8275279234911289,0.8275279234911289,Grand Canyon,Black Hills State,4,4,NA,400847428,2015-11-17
154,1,2:45,1365,1365,Black Hills State Offensive Rebound.,36,25,11,18,0.8275279234911289,0.8275279234911289,Grand Canyon,Black Hills State,4,4,NA,400847428,2015-11-17
155,1,2:27,1347,1347,Patrick Mendes missed Three Point Jumper.,36,25,11,0,0.8292543082359899,0.8292543082359899,Grand Canyon,Black Hills State,4,4,NA,400847428,2015-11-17
156,1,2:27,1347,1347,Keonta Vernon Defensive Rebound.,36,25,11,13,0.8292543082359899,0.8292543082359899,Grand Canyon,Black Hills State,4,4,NA,400847428,2015-11-17
157,1,2:14,1334,1334,DeWayne Russell Turnover.,36,25,11,11,0.8305055809789261,0.8305055809789261,Grand Canyon,Black Hills State,4,4,NA,400847428,2015-11-17
158,1,2:03,1323,1323,Foul on Grandy Glaze.,36,25,11,0,0.8315727124674372,0.8315727124674372,Grand Canyon,Black Hills State,4,4,NA,400847428,2015-11-17
159,1,2:03,1323,1323,Riley Ryan made Free Throw.,36,26,10,0,0.810252186686917,0.810252186686917,Grand Canyon,Black Hills State,4,4,NA,400847428,2015-11-17
160,1,2:03,1323,1323,Riley Ryan made Free Throw.,36,27,9,14,0.7869243217413174,0.7869243217413174,Grand Canyon,Black Hills State,4,4,NA,400847428,2015-11-17
161,1,1:49,1309,1309,Grandy Glaze made Layup. Assisted by De'Andre Davis.,38,27,11,16,0.8329483336921004,0.8329483336921004,Grand Canyon,Black Hills State,4,4,NA,400847428,2015-11-17
162,1,1:33,1293,1293,Max Mueller missed Three Point Jumper.,38,27,11,0,0.834553572142851,0.834553572142851,Grand Canyon,Black Hills State,4,4,NA,400847428,2015-11-17
163,1,1:33,1293,1293,Grandy Glaze Defensive Rebound.,38,27,11,8,0.834553572142851,0.834553572142851,Grand Canyon,Black Hills State,4,4,NA,400847428,2015-11-17
164,1,1:25,1285,1285,Foul on Erlendur Stefansson.,38,27,11,0,0.835372737479075,0.835372737479075,Grand Canyon,Black Hills State,4,4,NA,400847428,2015-11-17
165,1,1:25,1285,1285,Joshua Braun made Free Throw.,39,27,12,0,0.854687352836619,0.854687352836619,Grand Canyon,Black Hills State,4,4,NA,400847428,2015-11-17
166,1,1:25,1285,1285,Joshua Braun made Free Throw.,40,27,13,26,0.8720829049488414,0.8720829049488414,Grand Canyon,Black Hills State,4,4,NA,400847428,2015-11-17
167,1,0:59,1259,1259,Patrick Mendes missed Jumper.,40,27,13,0,0.8747210167221823,0.8747210167221823,Grand Canyon,Black Hills State,4,4,NA,400847428,2015-11-17
168,1,0:59,1259,1259,Gerard Martin Defensive Rebound.,40,27,13,6,0.8747210167221823,0.8747210167221823,Grand Canyon,Black Hills State,4,4,NA,400847428,2015-11-17
169,1,0:53,1253,1253,Boubacar Toure made Layup. Assisted by Gerard Martin.,42,27,15,16,0.9045632906004206,0.9045632906004206,Grand Canyon,Black Hills State,4,4,NA,400847428,2015-11-17
170,1,0:37,1237,1237,Wyatt Krogman missed Layup.,42,27,15,0,0.9061359710121887,0.9061359710121887,Grand Canyon,Black Hills State,4,4,NA,400847428,2015-11-17
171,1,0:37,1237,1237,Wyatt Krogman Offensive Rebound.,42,27,15,1,0.9061359710121887,0.9061359710121887,Grand Canyon,Black Hills State,4,4,NA,400847428,2015-11-17
172,1,0:36,1236,1236,Foul on Boubacar Toure.,42,27,15,0,0.9062362134248783,0.9062362134248783,Grand Canyon,Black Hills State,4,4,NA,400847428,2015-11-17
173,1,0:36,1236,1236,Wyatt Krogman made Free Throw.,42,28,14,0,0.892572019497751,0.892572019497751,Grand Canyon,Black Hills State,4,4,NA,400847428,2015-11-17
174,1,0:36,1236,1236,Wyatt Krogman made Free Throw.,42,29,13,0,0.87718640262152,0.87718640262152,Grand Canyon,Black Hills State,4,4,NA,400847428,2015-11-17
175,1,0:36,1236,1236,Grand Canyon  Timeout,42,29,13,23,0.87718640262152,0.87718640262152,Grand Canyon,Black Hills State,3,4,NA,400847428,2015-11-17
176,1,0:13,1213,1213,Grant White missed Three Point Jumper.,42,29,13,0,0.8798016009735262,0.8798016009735262,Grand Canyon,Black Hills State,3,4,NA,400847428,2015-11-17
177,1,0:13,1213,1213,Wyatt Krogman Defensive Rebound.,42,29,13,12,0.8798016009735262,0.8798016009735262,Grand Canyon,Black Hills State,3,4,NA,400847428,2015-11-17
178,1,0:01,1201,1201,Riley Ryan missed Three Point Jumper.,42,29,13,0,0.8812050494027552,0.8812050494027552,Grand Canyon,Black Hills State,3,4,NA,400847428,2015-11-17
179,1,0:01,1201,1201,Black Hills State Deadball Team Rebound.,42,29,13,1,0.8812050494027552,0.8812050494027552,Grand Canyon,Black Hills State,3,4,NA,400847428,2015-11-17
180,1,0:00,1200,1200,End of 1st half,42,29,13,0,0.881320024494264,0.881320024494264,Grand Canyon,Black Hills State,3,4,NA,400847428,2015-11-17
181,2,20:00,1200,1200,PLAY,42,29,13,8,0.881320024494264,0.881320024494264,Grand Canyon,Black Hills State,4,4,NA,400847428,2015-11-17
182,2,19:52,1192,1192,Foul on Sam Mayer.,42,29,13,5,0.8822285061796223,0.8822285061796223,Grand Canyon,Black Hills State,4,4,NA,400847428,2015-11-17
183,2,19:47,1187,1187,Foul on Nick Ongarato.,42,29,13,2,0.8827867362253036,0.8827867362253036,Grand Canyon,Black Hills State,4,4,NA,400847428,2015-11-17
184,2,19:45,1185,1185,DeWayne Russell made Layup. Assisted by Gerard Martin.,44,29,15,13,0.9115080020143526,0.9115080020143526,Grand Canyon,Black Hills State,4,4,NA,400847428,2015-11-17
185,2,19:32,1172,1172,Foul on Uros Ljeskovic.,44,29,15,18,0.9127811942389734,0.9127811942389734,Grand Canyon,Black Hills State,4,4,NA,400847428,2015-11-17
186,2,19:14,1154,1154,Joshua Braun made Layup. Assisted by Gerard Martin.,46,29,17,4,0.9361759140985331,0.9361759140985331,Grand Canyon,Black Hills State,4,4,NA,400847428,2015-11-17
187,2,19:10,1150,1150,Foul on Joshua Braun.,46,29,17,28,0.9364982633788258,0.9364982633788258,Grand Canyon,Black Hills State,4,4,NA,400847428,2015-11-17
188,2,18:42,1122,1122,Riley Ryan made Layup.,46,31,15,4,0.9174216018041106,0.9174216018041106,Grand Canyon,Black Hills State,4,4,NA,400847428,2015-11-17
189,2,18:38,1118,1118,Grandy Glaze made Layup.,48,31,17,38,0.9390196175320857,0.9390196175320857,Grand Canyon,Black Hills State,4,4,NA,400847428,2015-11-17
190,2,18:00,1080,1080,Foul on Uros Ljeskovic.,48,31,17,0,0.9419681426943142,0.9419681426943142,Grand Canyon,Black Hills State,4,4,NA,400847428,2015-11-17
191,2,18:00,1080,1080,Sam Mayer made Free Throw.,48,32,16,0,0.9323297155772339,0.9323297155772339,Grand Canyon,Black Hills State,4,4,NA,400847428,2015-11-17
192,2,18:00,1080,1080,Sam Mayer missed Free Throw.,48,32,16,0,0.9323297155772339,0.9323297155772339,Grand Canyon,Black Hills State,4,4,NA,400847428,2015-11-17
193,2,18:00,1080,1080,Black Hills State Offensive Rebound.,48,32,16,11,0.9323297155772339,0.9323297155772339,Grand Canyon,Black Hills State,4,4,NA,400847428,2015-11-17
194,2,17:49,1069,1069,Wyatt Krogman missed Layup.,48,32,16,0,0.9332662187131946,0.9332662187131946,Grand Canyon,Black Hills State,4,4,NA,400847428,2015-11-17
195,2,17:49,1069,1069,Grandy Glaze Defensive Rebound.,48,32,16,8,0.9332662187131946,0.9332662187131946,Grand Canyon,Black Hills State,4,4,NA,400847428,2015-11-17
196,2,17:41,1061,1061,Joshua Braun made Three Point Jumper. Assisted by DeWayne Russell.,51,32,19,22,0.9587418489296536,0.9587418489296536,Grand Canyon,Black Hills State,4,4,NA,400847428,2015-11-17
197,2,17:19,1039,1039,Patrick Mendes missed Layup.,51,32,19,0,0.9602050211912782,0.9602050211912782,Grand Canyon,Black Hills State,4,4,NA,400847428,2015-11-17
198,2,17:19,1039,1039,Grandy Glaze Defensive Rebound.,51,32,19,7,0.9602050211912782,0.9602050211912782,Grand Canyon,Black Hills State,4,4,NA,400847428,2015-11-17
199,2,17:12,1032,1032,Joshua Braun made Layup. Assisted by DeWayne Russell.,53,32,21,8,0.9715925840377048,0.9715925840377048,Grand Canyon,Black Hills State,4,4,NA,400847428,2015-11-17
200,2,17:04,1024,1024,Black Hills State  Timeout,53,32,21,12,0.9720341884157438,0.9720341884157438,Grand Canyon,Black Hills State,4,3,NA,400847428,2015-11-17
201,2,16:52,1012,1012,Wyatt Krogman made Layup.,53,34,19,17,0.962059816924267,0.962059816924267,Grand Canyon,Black Hills State,4,3,NA,400847428,2015-11-17
202,2,16:35,995,995,Uros Ljeskovic made Layup.,55,34,21,25,0.9736758048348274,0.9736758048348274,Grand Canyon,Black Hills State,4,3,NA,400847428,2015-11-17
203,2,16:10,970,970,Wyatt Krogman Turnover.,55,34,21,0,0.9751491939624366,0.9751491939624366,Grand Canyon,Black Hills State,4,3,NA,400847428,2015-11-17
204,2,16:10,970,970,DeWayne Russell Steal.,55,34,21,0,0.9751491939624366,0.9751491939624366,Grand Canyon,Black Hills State,4,3,NA,400847428,2015-11-17
205,2,16:10,970,970,Foul on Wyatt Krogman.,55,34,21,9,0.9751491939624366,0.9751491939624366,Grand Canyon,Black Hills State,4,3,NA,400847428,2015-11-17
206,2,16:01,961,961,Foul on Uros Ljeskovic.,55,34,21,0,0.9756704871232329,0.9756704871232329,Grand Canyon,Black Hills State,4,3,NA,400847428,2015-11-17
207,2,16:01,961,961,Uros Ljeskovic Turnover.,55,34,21,12,0.9756704871232329,0.9756704871232329,Grand Canyon,Black Hills State,4,3,NA,400847428,2015-11-17
208,2,15:49,949,949,Riley Ryan made Jumper.,55,36,19,15,0.9665794926312992,0.9665794926312992,Grand Canyon,Black Hills State,4,3,NA,400847428,2015-11-17
209,2,15:34,934,934,Foul on Erlendur Stefansson.,55,36,19,0,0.9674997467879398,0.9674997467879398,Grand Canyon,Black Hills State,4,3,NA,400847428,2015-11-17
210,2,15:34,934,934,Official TV Timeout,55,36,19,0,0.9674997467879398,0.9674997467879398,Grand Canyon,Black Hills State,4,3,NA,400847428,2015-11-17
211,2,15:34,934,934,Foul on Max Mueller.,55,36,19,2,0.9674997467879398,0.9674997467879398,Grand Canyon,Black Hills State,4,3,NA,400847428,2015-11-17
212,2,15:32,932,932,De'Andre Davis made Layup.,57,36,21,11,0.9771294389699732,0.9771294389699732,Grand Canyon,Black Hills State,4,3,NA,400847428,2015-11-17
213,2,15:21,921,921,Foul on Keonta Vernon.,57,36,21,28,0.9776149614978349,0.9776149614978349,Grand Canyon,Black Hills State,4,3,NA,400847428,2015-11-17
214,2,14:53,893,893,Wyatt Krogman Turnover.,57,36,21,0,0.9787425507423643,0.9787425507423643,Grand Canyon,Black Hills State,4,3,NA,400847428,2015-11-17
215,2,14:53,893,893,De'Andre Davis Steal.,57,36,21,3,0.9787425507423643,0.9787425507423643,Grand Canyon,Black Hills State,4,3,NA,400847428,2015-11-17
216,2,14:50,890,890,Boubacar Toure made Dunk. Assisted by De'Andre Davis.,59,36,23,16,0.9852305955479304,0.9852305955479304,Grand Canyon,Black Hills State,4,3,NA,400847428,2015-11-17
217,2,14:34,874,874,Riley Ryan made Three Point Jumper. Assisted by Collin Smith.,59,39,20,17,0.9754062839103839,0.9754062839103839,Grand Canyon,Black Hills State,4,3,NA,400847428,2015-11-17
218,2,14:17,857,857,Keonta Vernon Turnover.,59,39,20,1,0.9761168265229903,0.9761168265229903,Grand Canyon,Black Hills State,4,3,NA,400847428,2015-11-17
219,2,14:16,856,856,Collin Smith Steal.,59,39,20,3,0.9761586647103649,0.9761586647103649,Grand Canyon,Black Hills State,4,3,NA,400847428,2015-11-17
220,2,14:13,853,853,Riley Ryan made Layup.,59,41,18,0,0.9659689031838702,0.9659689031838702,Grand Canyon,Black Hills State,4,3,NA,400847428,2015-11-17
221,2,14:13,853,853,Foul on Keonta Vernon.,59,41,18,0,0.9659689031838702,0.9659689031838702,Grand Canyon,Black Hills State,4,3,NA,400847428,2015-11-17
222,2,14:13,853,853,Riley Ryan made Free Throw.,59,42,17,31,0.9593000087437933,0.9593000087437933,Grand Canyon,Black Hills State,4,3,NA,400847428,2015-11-17
223,2,13:42,822,822,Foul on Collin Smith.,59,42,17,17,0.9612204985079684,0.9612204985079684,Grand Canyon,Black Hills State,4,3,NA,400847428,2015-11-17
224,2,13:25,805,805,Riley Ryan made Three Point Jumper. Assisted by Collin Smith.,59,45,14,11,0.9351767059792878,0.9351767059792878,Grand Canyon,Black Hills State,4,3,NA,400847428,2015-11-17
225,2,13:14,794,794,Matt Jackson missed Three Point Jumper.,59,45,14,0,0.9362393301782918,0.9362393301782918,Grand Canyon,Black Hills State,4,3,NA,400847428,2015-11-17
226,2,13:14,794,794,Grand Canyon Offensive Rebound.,59,45,14,2,0.9362393301782918,0.9362393301782918,Grand Canyon,Black Hills State,4,3,NA,400847428,2015-11-17
227,2,13:12,792,792,Foul on Collin Smith.,59,45,14,0,0.9364382042303323,0.9364382042303323,Grand Canyon,Black Hills State,4,3,NA,400847428,2015-11-17
228,2,13:12,792,792,Keonta Vernon missed Free Throw.,59,45,14,0,0.9364382042303323,0.9364382042303323,Grand Canyon,Black Hills State,4,3,NA,400847428,2015-11-17
229,2,13:12,792,792,Max Mueller Defensive Rebound.,59,45,14,22,0.9364382042303323,0.9364382042303323,Grand Canyon,Black Hills State,4,3,NA,400847428,2015-11-17
230,2,12:50,770,770,Collin Smith missed Three Point Jumper.,59,45,14,0,0.9387536696745111,0.9387536696745111,Grand Canyon,Black Hills State,4,3,NA,400847428,2015-11-17
231,2,12:50,770,770,Grand Canyon Defensive Rebound.,59,45,14,2,0.9387536696745111,0.9387536696745111,Grand Canyon,Black Hills State,4,3,NA,400847428,2015-11-17
232,2,12:48,768,768,Foul on Max Mueller.,59,45,14,0,0.9389765492652413,0.9389765492652413,Grand Canyon,Black Hills State,4,3,NA,400847428,2015-11-17
233,2,12:48,768,768,Boubacar Toure made Free Throw.,60,45,15,23,0.9492511561941663,0.9492511561941663,Grand Canyon,Black Hills State,4,3,NA,400847428,2015-11-17
234,2,12:25,745,745,Sam Mayer missed Layup.,60,45,15,0,0.9517006130694022,0.9517006130694022,Grand Canyon,Black Hills State,4,3,NA,400847428,2015-11-17
235,2,12:25,745,745,Matt Jackson Defensive Rebound.,60,45,15,5,0.9517006130694022,0.9517006130694022,Grand Canyon,Black Hills State,4,3,NA,400847428,2015-11-17
236,2,12:20,740,740,Foul on De'Andre Davis.,60,45,15,0,0.9522684149242993,0.9522684149242993,Grand Canyon,Black Hills State,4,3,NA,400847428,2015-11-17
237,2,12:20,740,740,De'Andre Davis Turnover.,60,45,15,21,0.9522684149242993,0.9522684149242993,Grand Canyon,Black Hills State,4,3,NA,400847428,2015-11-17
238,2,11:59,719,719,Patrick Mendes missed Jumper.,60,45,15,0,0.9546922801530172,0.9546922801530172,Grand Canyon,Black Hills State,4,3,NA,400847428,2015-11-17
239,2,11:59,719,719,Oskar Dieterich Offensive Rebound.,60,45,15,4,0.9546922801530172,0.9546922801530172,Grand Canyon,Black Hills State,4,3,NA,400847428,2015-11-17
240,2,11:55,715,715,Oskar Dieterich missed Layup.,60,45,15,0,0.955114566598587,0.955114566598587,Grand Canyon,Black Hills State,4,3,NA,400847428,2015-11-17
241,2,11:55,715,715,Boubacar Toure Block.,60,45,15,0,0.955114566598587,0.955114566598587,Grand Canyon,Black Hills State,4,3,NA,400847428,2015-11-17
242,2,11:55,715,715,Black Hills State Offensive Rebound.,60,45,15,0,0.955114566598587,0.955114566598587,Grand Canyon,Black Hills State,4,3,NA,400847428,2015-11-17
243,2,11:55,715,715,Official TV Timeout,60,45,15,4,0.955114566598587,0.955114566598587,Grand Canyon,Black Hills State,4,3,NA,400847428,2015-11-17
244,2,11:51,711,711,Riley Ryan Turnover.,60,45,15,1,0.9555217855095305,0.9555217855095305,Grand Canyon,Black Hills State,4,3,NA,400847428,2015-11-17
245,2,11:50,710,710,Joshua Braun Steal.,60,45,15,28,0.9556213793138488,0.9556213793138488,Grand Canyon,Black Hills State,4,3,NA,400847428,2015-11-17
246,2,11:22,682,682,Foul on Oskar Dieterich.,60,45,15,0,0.9581299012965574,0.9581299012965574,Grand Canyon,Black Hills State,4,3,NA,400847428,2015-11-17
247,2,11:22,682,682,De'Andre Davis made Free Throw.,61,45,16,0,0.9657462649561569,0.9657462649561569,Grand Canyon,Black Hills State,4,3,NA,400847428,2015-11-17
248,2,11:22,682,682,De'Andre Davis made Free Throw.,62,45,17,15,0.9720176393818792,0.9720176393818792,Grand Canyon,Black Hills State,4,3,NA,400847428,2015-11-17
249,2,11:07,667,667,Patrick Mendes made Layup.,62,47,15,0,0.9593273332980091,0.9593273332980091,Grand Canyon,Black Hills State,4,3,NA,400847428,2015-11-17
250,2,11:07,667,667,Foul on Boubacar Toure.,62,47,15,0,0.9593273332980091,0.9593273332980091,Grand Canyon,Black Hills State,4,3,NA,400847428,2015-11-17
251,2,11:07,667,667,Patrick Mendes missed Free Throw.,62,47,15,0,0.9593273332980091,0.9593273332980091,Grand Canyon,Black Hills State,4,3,NA,400847428,2015-11-17
252,2,11:07,667,667,Boubacar Toure Defensive Rebound.,62,47,15,12,0.9593273332980091,0.9593273332980091,Grand Canyon,Black Hills State,4,3,NA,400847428,2015-11-17
253,2,10:55,655,655,Grandy Glaze made Layup.,64,47,17,18,0.9736436624412484,0.9736436624412484,Grand Canyon,Black Hills State,4,3,NA,400847428,2015-11-17
254,2,10:37,637,637,Riley Ryan made Three Point Jumper. Assisted by Wyatt Krogman.,64,50,14,13,0.9528898957511864,0.9528898957511864,Grand Canyon,Black Hills State,4,3,NA,400847428,2015-11-17
255,2,10:24,624,624,De'Andre Davis made Jumper.,66,50,16,25,0.969734223435227,0.969734223435227,Grand Canyon,Black Hills State,4,3,NA,400847428,2015-11-17
256,2,9:59,599,599,Foul on Gerard Martin.,66,50,16,0,0.9716118124305078,0.9716118124305078,Grand Canyon,Black Hills State,4,3,NA,400847428,2015-11-17
257,2,9:59,599,599,Riley Ryan made Free Throw.,66,51,15,0,0.964844021897445,0.964844021897445,Grand Canyon,Black Hills State,4,3,NA,400847428,2015-11-17
258,2,9:59,599,599,Riley Ryan made Free Throw.,66,52,14,13,0.9565349567613325,0.9565349567613325,Grand Canyon,Black Hills State,4,3,NA,400847428,2015-11-17
259,2,9:46,586,586,Foul on Oskar Dieterich.,66,52,14,0,0.9579557726306456,0.9579557726306456,Grand Canyon,Black Hills State,4,3,NA,400847428,2015-11-17
260,2,9:46,586,586,Keonta Vernon missed Free Throw.,66,52,14,0,0.9579557726306456,0.9579557726306456,Grand Canyon,Black Hills State,4,3,NA,400847428,2015-11-17
261,2,9:46,586,586,Grand Canyon Deadball Team Rebound.,66,52,14,0,0.9579557726306456,0.9579557726306456,Grand Canyon,Black Hills State,4,3,NA,400847428,2015-11-17
262,2,9:46,586,586,Keonta Vernon made Free Throw.,67,52,15,16,0.9660842293603742,0.9660842293603742,Grand Canyon,Black Hills State,4,3,NA,400847428,2015-11-17
263,2,9:30,570,570,Patrick Mendes missed Jumper.,67,52,15,0,0.9677440048080076,0.9677440048080076,Grand Canyon,Black Hills State,4,3,NA,400847428,2015-11-17
264,2,9:30,570,570,Keonta Vernon Defensive Rebound.,67,52,15,2,0.9677440048080076,0.9677440048080076,Grand Canyon,Black Hills State,4,3,NA,400847428,2015-11-17
265,2,9:28,568,568,Foul on Oskar Dieterich.,67,52,15,0,0.9679624841500982,0.9679624841500982,Grand Canyon,Black Hills State,4,3,NA,400847428,2015-11-17
266,2,9:28,568,568,Keonta Vernon missed Free Throw.,67,52,15,0,0.9679624841500982,0.9679624841500982,Grand Canyon,Black Hills State,4,3,NA,400847428,2015-11-17
267,2,9:28,568,568,Grand Canyon Deadball Team Rebound.,67,52,15,0,0.9679624841500982,0.9679624841500982,Grand Canyon,Black Hills State,4,3,NA,400847428,2015-11-17
268,2,9:28,568,568,Keonta Vernon missed Free Throw.,67,52,15,0,0.9679624841500982,0.9679624841500982,Grand Canyon,Black Hills State,4,3,NA,400847428,2015-11-17
269,2,9:28,568,568,Riley Ryan Defensive Rebound.,67,52,15,18,0.9679624841500982,0.9679624841500982,Grand Canyon,Black Hills State,4,3,NA,400847428,2015-11-17
270,2,9:10,550,550,Wyatt Krogman made Layup.,67,54,13,15,0.9531972301444639,0.9531972301444639,Grand Canyon,Black Hills State,4,3,NA,400847428,2015-11-17
271,2,8:55,535,535,De'Andre Davis made Jumper.,69,54,15,25,0.9716631263823764,0.9716631263823764,Grand Canyon,Black Hills State,4,3,NA,400847428,2015-11-17
272,2,8:30,510,510,Riley Ryan made Three Point Jumper. Assisted by Wyatt Krogman.,69,57,12,17,0.94743737701892,0.94743737701892,Grand Canyon,Black Hills State,4,3,NA,400847428,2015-11-17
273,2,8:13,493,493,Boubacar Toure Turnover.,69,57,12,12,0.9494362704759043,0.9494362704759043,Grand Canyon,Black Hills State,4,3,NA,400847428,2015-11-17
274,2,8:01,481,481,Wyatt Krogman Turnover.,69,57,12,0,0.9508829200149926,0.9508829200149926,Grand Canyon,Black Hills State,4,3,NA,400847428,2015-11-17
275,2,8:01,481,481,Foul on Wyatt Krogman.,69,57,12,13,0.9508829200149926,0.9508829200149926,Grand Canyon,Black Hills State,4,3,NA,400847428,2015-11-17
276,2,7:48,468,468,Foul on Oskar Dieterich.,69,57,12,0,0.95257414448215,0.95257414448215,Grand Canyon,Black Hills State,4,3,NA,400847428,2015-11-17
277,2,7:48,468,468,Official TV Timeout,69,57,12,0,0.95257414448215,0.95257414448215,Grand Canyon,Black Hills State,4,3,NA,400847428,2015-11-17
278,2,7:48,468,468,Keonta Vernon missed Free Throw.,69,57,12,0,0.95257414448215,0.95257414448215,Grand Canyon,Black Hills State,4,3,NA,400847428,2015-11-17
279,2,7:48,468,468,Grand Canyon Deadball Team Rebound.,69,57,12,0,0.95257414448215,0.95257414448215,Grand Canyon,Black Hills State,4,3,NA,400847428,2015-11-17
280,2,7:48,468,468,Keonta Vernon made Free Throw.,70,57,13,15,0.962673127872986,0.962673127872986,Grand Canyon,Black Hills State,4,3,NA,400847428,2015-11-17
281,2,7:33,453,453,Nick Ongarato made Jumper.,70,59,11,8,0.9424462197954404,0.9424462197954404,Grand Canyon,Black Hills State,4,3,NA,400847428,2015-11-17
282,2,7:25,445,445,Grandy Glaze made Layup. Assisted by De'Andre Davis.,72,59,13,21,0.9656955829420765,0.9656955829420765,Grand Canyon,Black Hills State,4,3,NA,400847428,2015-11-17
283,2,7:04,424,424,Patrick Mendes missed Jumper.,72,59,13,0,0.9690306440496068,0.9690306440496068,Grand Canyon,Black Hills State,4,3,NA,400847428,2015-11-17
284,2,7:04,424,424,Max Mueller Offensive Rebound.,72,59,13,6,0.9690306440496068,0.9690306440496068,Grand Canyon,Black Hills State,4,3,NA,400847428,2015-11-17
285,2,6:58,418,418,Wyatt Krogman Turnover.,72,59,13,14,0.9699381764292432,0.9699381764292432,Grand Canyon,Black Hills State,4,3,NA,400847428,2015-11-17
286,2,6:44,404,404,Grandy Glaze made Layup. Assisted by Joshua Braun.,74,59,15,25,0.9834888521454566,0.9834888521454566,Grand Canyon,Black Hills State,4,3,NA,400847428,2015-11-17
287,2,6:19,379,379,Nick Ongarato missed Layup.,74,59,15,0,0.985582115937247,0.985582115937247,Grand Canyon,Black Hills State,4,3,NA,400847428,2015-11-17
288,2,6:19,379,379,Grandy Glaze Defensive Rebound.,74,59,15,5,0.985582115937247,0.985582115937247,Grand Canyon,Black Hills State,4,3,NA,400847428,2015-11-17
289,2,6:14,374,374,De'Andre Davis Turnover.,74,59,15,0,0.9859854398136138,0.9859854398136138,Grand Canyon,Black Hills State,4,3,NA,400847428,2015-11-17
290,2,6:14,374,374,Foul on De'Andre Davis.,74,59,15,18,0.9859854398136138,0.9859854398136138,Grand Canyon,Black Hills State,4,3,NA,400847428,2015-11-17
291,2,5:56,356,356,Wyatt Krogman missed Layup.,74,59,15,0,0.9874523868297302,0.9874523868297302,Grand Canyon,Black Hills State,4,3,NA,400847428,2015-11-17
292,2,5:56,356,356,Keonta Vernon Block.,74,59,15,2,0.9874523868297302,0.9874523868297302,Grand Canyon,Black Hills State,4,3,NA,400847428,2015-11-17
293,2,5:54,354,354,Grandy Glaze Defensive Rebound.,74,59,15,3,0.9876187742154218,0.9876187742154218,Grand Canyon,Black Hills State,4,3,NA,400847428,2015-11-17
294,2,5:51,351,351,DeWayne Russell made Layup.,76,59,17,12,0.9932170004105759,0.9932170004105759,Grand Canyon,Black Hills State,4,3,NA,400847428,2015-11-17
295,2,5:39,339,339,Max Mueller missed Layup.,76,59,17,0,0.9938684554601388,0.9938684554601388,Grand Canyon,Black Hills State,4,3,NA,400847428,2015-11-17
296,2,5:39,339,339,Grandy Glaze Defensive Rebound.,76,59,17,9,0.9938684554601388,0.9938684554601388,Grand Canyon,Black Hills State,4,3,NA,400847428,2015-11-17
297,2,5:30,330,330,DeWayne Russell Turnover.,76,59,17,2,0.9943674782289662,0.9943674782289662,Grand Canyon,Black Hills State,4,3,NA,400847428,2015-11-17
298,2,5:28,328,328,Wyatt Krogman Steal.,76,59,17,5,0.9944794248882086,0.9944794248882086,Grand Canyon,Black Hills State,4,3,NA,400847428,2015-11-17
299,2,5:23,323,323,Black Hills State  Timeout,76,59,17,10,0.9947605985428148,0.9947605985428148,Grand Canyon,Black Hills State,4,2,NA,400847428,2015-11-17
300,2,5:13,313,313,Foul on De'Andre Davis.,76,59,17,0,0.9953261464643157,0.9953261464643157,Grand Canyon,Black Hills State,4,2,NA,400847428,2015-11-17
301,2,5:13,313,313,Nick Ongarato made Free Throw.,76,60,16,0,0.9936043977766158,0.9936043977766158,Grand Canyon,Black Hills State,4,2,NA,400847428,2015-11-17
302,2,5:13,313,313,Nick Ongarato made Free Throw.,76,61,15,0,0.9912539665959844,0.9912539665959844,Grand Canyon,Black Hills State,4,2,NA,400847428,2015-11-17
303,2,5:13,313,313,Joshua Braun made Three Point Jumper. Assisted by Matt Jackson.,79,61,18,18,0.9965859788681423,0.9965859788681423,Grand Canyon,Black Hills State,4,2,NA,400847428,2015-11-17
304,2,4:55,295,295,Riley Ryan made Layup.,79,63,16,21,0.9944471446762319,0.9944471446762319,Grand Canyon,Black Hills State,4,2,NA,400847428,2015-11-17
305,2,4:34,274,274,Boubacar Toure made Dunk. Assisted by Matt Jackson.,81,63,18,15,0.9970192969476451,0.9970192969476451,Grand Canyon,Black Hills State,4,2,NA,400847428,2015-11-17
306,2,4:19,259,259,Wyatt Krogman missed Layup.,81,63,18,0,0.9967762042003407,0.9967762042003407,Grand Canyon,Black Hills State,4,2,NA,400847428,2015-11-17
307,2,4:19,259,259,Matt Jackson Defensive Rebound.,81,63,18,7,0.9967762042003407,0.9967762042003407,Grand Canyon,Black Hills State,4,2,NA,400847428,2015-11-17
308,2,4:12,252,252,Matt Jackson missed Three Point Jumper.,81,63,18,0,0.9966582568454547,0.9966582568454547,Grand Canyon,Black Hills State,4,2,NA,400847428,2015-11-17
309,2,4:12,252,252,Nick Ongarato Defensive Rebound.,81,63,18,30,0.9966582568454547,0.9966582568454547,Grand Canyon,Black Hills State,4,2,NA,400847428,2015-11-17
310,2,3:42,222,222,Foul on DeWayne Russell.,81,63,18,0,0.9966886196143147,0.9966886196143147,Grand Canyon,Black Hills State,4,2,NA,400847428,2015-11-17
311,2,3:42,222,222,Official TV Timeout,81,63,18,0,0.9966886196143147,0.9966886196143147,Grand Canyon,Black Hills State,4,2,NA,400847428,2015-11-17
312,2,3:42,222,222,Wyatt Krogman made Free Throw.,81,64,17,0,0.9954588054175646,0.9954588054175646,Grand Canyon,Black Hills State,4,2,NA,400847428,2015-11-17
313,2,3:42,222,222,Wyatt Krogman made Free Throw.,81,65,16,11,0.9937751029017098,0.9937751029017098,Grand Canyon,Black Hills State,4,2,NA,400847428,2015-11-17
314,2,3:31,211,211,Boubacar Toure missed Dunk.,81,65,16,0,0.994448113831248,0.994448113831248,Grand Canyon,Black Hills State,4,2,NA,400847428,2015-11-17
315,2,3:31,211,211,Max Mueller Defensive Rebound.,81,65,16,2,0.994448113831248,0.994448113831248,Grand Canyon,Black Hills State,4,2,NA,400847428,2015-11-17
316,2,3:29,209,209,Max Mueller Turnover.,81,65,16,8,0.9946119935290205,0.9946119935290205,Grand Canyon,Black Hills State,4,2,NA,400847428,2015-11-17
317,2,3:21,201,201,Boubacar Toure made Dunk. Assisted by Matt Jackson.,83,65,18,32,0.9976300088657659,0.9976300088657659,Grand Canyon,Black Hills State,4,2,NA,400847428,2015-11-17
318,2,2:49,169,169,Nick Ongarato made Three Point Jumper.,83,68,15,20,0.9975084391763474,0.9975084391763474,Grand Canyon,Black Hills State,4,2,NA,400847428,2015-11-17
319,2,2:29,149,149,De'Andre Davis made Layup.,85,68,17,0,0.9994959836724037,0.9994959836724037,Grand Canyon,Black Hills State,4,2,NA,400847428,2015-11-17
320,2,2:29,149,149,Foul on Riley Ryan.,85,68,17,0,0.9994959836724037,0.9994959836724037,Grand Canyon,Black Hills State,4,2,NA,400847428,2015-11-17
321,2,2:29,149,149,De'Andre Davis missed Free Throw.,85,68,17,0,0.9994959836724037,0.9994959836724037,Grand Canyon,Black Hills State,4,2,NA,400847428,2015-11-17
322,2,2:29,149,149,Nick Ongarato Defensive Rebound.,85,68,17,24,0.9994959836724037,0.9994959836724037,Grand Canyon,Black Hills State,4,2,NA,400847428,2015-11-17
323,2,2:05,125,125,Fraser Malcolm made Layup.,85,70,15,10,0.9995569789111015,0.9995569789111015,Grand Canyon,Black Hills State,4,2,NA,400847428,2015-11-17
324,2,1:55,115,115,Foul on Nick Ongarato.,85,70,15,0,0.9997325857535971,0.9997325857535971,Grand Canyon,Black Hills State,4,2,NA,400847428,2015-11-17
325,2,1:55,115,115,Boubacar Toure missed Free Throw.,85,70,15,0,0.9997325857535971,0.9997325857535971,Grand Canyon,Black Hills State,4,2,NA,400847428,2015-11-17
326,2,1:55,115,115,Grand Canyon Deadball Team Rebound.,85,70,15,0,0.9997325857535971,0.9997325857535971,Grand Canyon,Black Hills State,4,2,NA,400847428,2015-11-17
327,2,1:55,115,115,Boubacar Toure made Free Throw.,86,70,16,17,0.9998454554779951,0.9998454554779951,Grand Canyon,Black Hills State,4,2,NA,400847428,2015-11-17
328,2,1:38,98,98,Patrick Mendes Turnover.,86,70,16,18,0.999946495738511,0.999946495738511,Grand Canyon,Black Hills State,4,2,NA,400847428,2015-11-17
329,2,1:20,80,80,Matt Jackson missed Three Point Jumper.,86,70,16,0,0.999985346857389,0.999985346857389,Grand Canyon,Black Hills State,4,2,NA,400847428,2015-11-17
330,2,1:20,80,80,De'Andre Davis Offensive Rebound.,86,70,16,7,0.999985346857389,0.999985346857389,Grand Canyon,Black Hills State,4,2,NA,400847428,2015-11-17
331,2,1:13,73,73,De'Andre Davis made Dunk.,88,70,18,21,0.9999980176153731,0.9999980176153731,Grand Canyon,Black Hills State,4,2,NA,400847428,2015-11-17
332,2,0:52,52,52,Wyatt Krogman missed Three Point Jumper.,88,70,18,0,0.9999997306113744,0.9999997306113744,Grand Canyon,Black Hills State,4,2,NA,400847428,2015-11-17
333,2,0:52,52,52,Joshua Braun Defensive Rebound.,88,70,18,28,0.9999997306113744,0.9999997306113744,Grand Canyon,Black Hills State,4,2,NA,400847428,2015-11-17
334,2,0:24,24,24,De'Andre Davis missed Three Point Jumper.,88,70,18,0,0.999999987171766,0.999999987171766,Grand Canyon,Black Hills State,4,2,NA,400847428,2015-11-17
335,2,0:24,24,24,Riley Ryan Defensive Rebound.,88,70,18,8,0.999999987171766,0.999999987171766,Grand Canyon,Black Hills State,4,2,NA,400847428,2015-11-17
336,2,0:16,16,16,Foul on DeWayne Russell.,88,70,18,0,0.9999999950461366,0.9999999950461366,Grand Canyon,Black Hills State,4,2,NA,400847428,2015-11-17
337,2,0:16,16,16,Wyatt Krogman made Free Throw.,88,71,17,0,0.9999999856670354,0.9999999856670354,Grand Canyon,Black Hills State,4,2,NA,400847428,2015-11-17
338,2,0:16,16,16,Wyatt Krogman made Free Throw.,88,72,16,16,0.9999999585305751,0.9999999585305751,Grand Canyon,Black Hills State,4,2,NA,400847428,2015-11-17
339,2,0:00,0,0,End of Game,88,72,16,0,1,1,Grand Canyon,Black Hills State,4,2,NA,400847428,2015-11-17
