game_id,date,home,away,play_id,half,time_remaining_half,secs_remaining,secs_remaining_absolute,description,home_score,away_score,score_diff,play_length,win_prob,naive_win_prob,home_time_out_remaining,away_time_out_remaining,home_favored_by,shot_x,shot_y,shot_team,shot_outcome,shooter,assist,three_pt,free_throw,possession_before,possession_after
401020184,2018-03-05,Iona,Fairfield,1,1,20:00:00,2400,2400,PLAY,0,0,0,0,0.7236392944838285,0.5,6,6,6,NA,NA,NA,NA,NA,NA,NA,NA,NA,Iona
401020184,2018-03-05,Iona,Fairfield,2,1,20:00:00,2400,2400,Jump Ball won by Iona,0,0,0,0,0.7236392944838285,0.5,6,6,6,NA,NA,NA,NA,NA,NA,NA,NA,Iona,Iona
401020184,2018-03-05,Iona,Fairfield,3,1,19:47:00,2387,2387,Zach Lewis made Jumper.,2,0,2,13,0.7574958698107596,0.5442995799775542,6,6,6,22,81.67555555555555,Iona,made,Zach Lewis,NA,FALSE,FALSE,Iona,Fairfield
401020184,2018-03-05,Iona,Fairfield,4,1,19:15:00,2355,2355,Foul on Jesus Cruz.,2,0,2,32,0.7574207987518917,0.5449827561110013,6,6,6,NA,NA,NA,NA,NA,NA,NA,NA,Iona,Iona
401020184,2018-03-05,Iona,Fairfield,5,1,19:15:00,2355,2355,Jesus Cruz Turnover.,2,0,2,0,0.7574207987518917,0.5449827561110013,6,6,6,NA,NA,NA,NA,NA,NA,NA,NA,Fairfield,Iona
401020184,2018-03-05,Iona,Fairfield,6,1,18:54:00,2334,2334,Rickey McGill made Jumper.,4,0,4,21,0.7892720000126849,0.5901326400806343,6,6,6,26,71.2311111111111,Iona,made,Rickey McGill,NA,FALSE,FALSE,Iona,Fairfield
401020184,2018-03-05,Iona,Fairfield,7,1,18:40:00,2320,2320,Jesus Cruz made Three Point Jumper. Assisted by Aidas Kavaliauskas.,4,3,1,14,0.7400671089513311,0.5229207235163268,6,6,6,41,20.88888888888889,Fairfield,made,Jesus Cruz,Aidas Kavaliauskas,TRUE,FALSE,Fairfield,Iona
401020184,2018-03-05,Iona,Fairfield,8,1,18:22:00,2302,2302,Zach Lewis Turnover.,4,3,1,18,0.7398535185944769,0.5231208421619332,6,6,6,NA,NA,NA,NA,NA,NA,NA,NA,Iona,Fairfield
401020184,2018-03-05,Iona,Fairfield,9,1,17:57:00,2277,2277,Ferron Flavors Jr. missed Three Point Jumper.,4,3,1,25,0.7395454095792745,0.5234015860734704,6,6,6,1.25,7.311111111111111,Fairfield,missed,Ferron Flavors Jr.,NA,TRUE,FALSE,Fairfield,Iona
401020184,2018-03-05,Iona,Fairfield,10,1,17:57:00,2277,2277,Rickey McGill Defensive Rebound.,4,3,1,0,0.7395454095792745,0.5234015860734704,6,6,6,NA,NA,NA,NA,NA,NA,NA,NA,Fairfield,Iona
401020184,2018-03-05,Iona,Fairfield,11,1,17:49:00,2269,2269,Zach Lewis missed Layup.,4,3,1,8,0.73944388117206306,0.5234920529632237,6,6,6,27,86.89777777777778,Iona,missed,Zach Lewis,NA,FALSE,FALSE,Iona,Iona
401020184,2018-03-05,Iona,Fairfield,12,1,17:49:00,2269,2269,Schadrac Casimir Offensive Rebound.,4,3,1,0,0.73944388117206306,0.5234920529632237,6,6,6,NA,NA,NA,NA,NA,NA,NA,NA,Iona,Iona
401020184,2018-03-05,Iona,Fairfield,13,1,17:40:00,2260,2260,E.J. Crawford made Layup.,6,3,3,9,0.7740585916875509,0.5703649781600648,6,6,6,27,86.89777777777778,Iona,made,E.J. Crawford,NA,FALSE,FALSE,Iona,Fairfield
401020184,2018-03-05,Iona,Fairfield,14,1,17:19:00,2239,2239,Jesus Cruz missed Three Point Jumper.,6,3,3,21,0.7741422320043891,0.5710708088675566,6,6,6,8,20.88888888888889,Fairfield,missed,Jesus Cruz,NA,TRUE,FALSE,Fairfield,Fairfield
401020184,2018-03-05,Iona,Fairfield,15,1,17:19:00,2239,2239,Ferron Flavors Jr. Offensive Rebound.,6,3,3,0,0.7741422320043891,0.5710708088675566,6,6,6,NA,NA,NA,NA,NA,NA,NA,NA,Fairfield,Fairfield
401020184,2018-03-05,Iona,Fairfield,16,1,17:13:00,2233,2233,Jonathan Kasibabu Turnover.,6,3,3,6,0.7741648008067422,0.571273321427182,6,6,6,NA,NA,NA,NA,NA,NA,NA,NA,Fairfield,Iona
401020184,2018-03-05,Iona,Fairfield,17,1,17:13:00,2233,2233,Zach Lewis Steal.,6,3,3,0,0.7741648008067422,0.571273321427182,6,6,6,NA,NA,NA,NA,NA,NA,NA,NA,Fairfield,Iona
401020184,2018-03-05,Iona,Fairfield,18,1,17:10:00,2230,2230,Foul on Ferron Flavors Jr..,6,3,3,3,0.7741758525775126,0.5713747082274137,6,6,6,NA,NA,NA,NA,NA,NA,NA,NA,Iona,Iona
401020184,2018-03-05,Iona,Fairfield,19,1,17:10:00,2230,2230,Zach Lewis made Free Throw.,7,3,4,0,0.790486958608057,0.5946646408323303,6,6,6,25,87.94222222222221,Iona,made,Zach Lewis,NA,FALSE,TRUE,Iona,Iona
401020184,2018-03-05,Iona,Fairfield,20,1,17:10:00,2230,2230,Zach Lewis made Free Throw.,8,3,5,0,0.8059152834892332,0.6175361705953504,6,6,6,25,87.94222222222221,Iona,made,Zach Lewis,NA,FALSE,TRUE,Iona,Fairfield
401020184,2018-03-05,Iona,Fairfield,21,1,17:02:00,2222,2222,Tyler Nelson Turnover.,8,3,5,8,0.8060562158005493,0.617971326071389,6,6,6,NA,NA,NA,NA,NA,NA,NA,NA,Fairfield,Iona
401020184,2018-03-05,Iona,Fairfield,22,1,17:02:00,2222,2222,Rickey McGill Steal.,8,3,5,0,0.8060562158005493,0.617971326071389,6,6,6,NA,NA,NA,NA,NA,NA,NA,NA,Fairfield,Iona
401020184,2018-03-05,Iona,Fairfield,23,1,16:57:00,2217,2217,Schadrac Casimir missed Three Point Jumper.,8,3,5,5,0.8061438639931069,0.6182436970186944,6,6,6,18,64.96444444444444,Iona,missed,Schadrac Casimir,NA,TRUE,FALSE,Iona,Iona
401020184,2018-03-05,Iona,Fairfield,24,1,16:57:00,2217,2217,TK Edogi Offensive Rebound.,8,3,5,0,0.8061438639931069,0.6182436970186944,6,6,6,NA,NA,NA,NA,NA,NA,NA,NA,Iona,Iona
401020184,2018-03-05,Iona,Fairfield,25,1,16:57:00,2217,2217,TK Edogi missed Two Point Tip Shot.,8,3,5,0,0.8061438639931069,0.6182436970186944,6,6,6,25,86.89777777777778,Iona,missed,TK Edogi,NA,FALSE,FALSE,Iona,Fairfield
401020184,2018-03-05,Iona,Fairfield,26,1,16:57:00,2217,2217,Fairfield Deadball Team Rebound.,8,3,5,0,0.8061438639931069,0.6182436970186944,6,6,6,NA,NA,NA,NA,NA,NA,NA,NA,Iona,Fairfield
401020184,2018-03-05,Iona,Fairfield,27,1,16:50:00,2210,2210,Foul on TK Edogi.,8,3,5,7,0.8062659804852245,0.618625495822218,6,6,6,NA,NA,NA,NA,NA,NA,NA,NA,Fairfield,Fairfield
401020184,2018-03-05,Iona,Fairfield,28,1,16:31:00,2191,2191,Foul on Rickey McGill.,8,3,5,19,0.8065936960998638,0.6196643003637772,6,6,6,NA,NA,NA,NA,NA,NA,NA,NA,Fairfield,Fairfield
401020184,2018-03-05,Iona,Fairfield,29,1,16:31:00,2191,2191,Tyler Nelson missed Free Throw.,8,3,5,0,0.8065936960998638,0.6196643003637772,6,6,6,25,4.177777777777778,Fairfield,missed,Tyler Nelson,NA,FALSE,TRUE,Fairfield,Fairfield
401020184,2018-03-05,Iona,Fairfield,30,1,16:31:00,2191,2191,Fairfield Deadball Team Rebound.,8,3,5,0,0.8065936960998638,0.6196643003637772,6,6,6,NA,NA,NA,NA,NA,NA,NA,NA,Fairfield,Fairfield
401020184,2018-03-05,Iona,Fairfield,31,1,16:31:00,2191,2191,Tyler Nelson made Free Throw.,8,4,4,0,0.7909071506183901,0.5964027882570464,6,6,6,25,4.177777777777778,Fairfield,made,Tyler Nelson,NA,FALSE,TRUE,Fairfield,Fairfield
401020184,2018-03-05,Iona,Fairfield,32,1,16:31:00,2191,2191,Tyler Nelson made Free Throw.,8,5,3,0,0.7743043233103354,0.5726996284685788,6,6,6,25,4.177777777777778,Fairfield,made,Tyler Nelson,NA,FALSE,TRUE,Fairfield,Iona
401020184,2018-03-05,Iona,Fairfield,33,1,16:14:00,2174,2174,E.J. Crawford missed Three Point Jumper.,8,5,3,17,0.774350709642235,0.5732804309210933,6,6,6,28.999999999999996,63.919999999999995,Iona,missed,E.J. Crawford,NA,TRUE,FALSE,Iona,Fairfield
401020184,2018-03-05,Iona,Fairfield,34,1,16:14:00,2174,2174,Ferron Flavors Jr. Defensive Rebound.,8,5,3,0,0.774350709642235,0.5732804309210933,6,6,6,NA,NA,NA,NA,NA,NA,NA,NA,Iona,Fairfield
401020184,2018-03-05,Iona,Fairfield,35,1,16:08:00,2168,2168,Ferron Flavors Jr. Turnover.,8,5,3,6,0.7743655806263796,0.5734857944927388,6,6,6,NA,NA,NA,NA,NA,NA,NA,NA,Fairfield,Iona
401020184,2018-03-05,Iona,Fairfield,36,1,16:02:00,2162,2162,Schadrac Casimir missed Layup.,8,5,3,6,0.7743798035471505,0.5736914885964052,6,6,6,23,86.89777777777778,Iona,missed,Schadrac Casimir,NA,FALSE,FALSE,Iona,Fairfield
401020184,2018-03-05,Iona,Fairfield,37,1,16:02:00,2162,2162,Jesus Cruz Defensive Rebound.,8,5,3,0,0.7743798035471505,0.5736914885964052,6,6,6,NA,NA,NA,NA,NA,NA,NA,NA,Iona,Fairfield
401020184,2018-03-05,Iona,Fairfield,38,1,15:48:00,2148,2148,Ferron Flavors Jr. missed Three Point Jumper.,8,5,3,14,0.7744107108949237,0.5741729567145978,6,6,6,25,28.2,Fairfield,missed,Ferron Flavors Jr.,NA,TRUE,FALSE,Fairfield,Iona
401020184,2018-03-05,Iona,Fairfield,39,1,15:48:00,2148,2148,TK Edogi Defensive Rebound.,8,5,3,0,0.7744107108949237,0.5741729567145978,6,6,6,NA,NA,NA,NA,NA,NA,NA,NA,Fairfield,Iona
401020184,2018-03-05,Iona,Fairfield,40,1,15:43:00,2143,2143,Zach Lewis made Jumper.,10,5,5,5,0.8073963899111102,0.6223037911597032,6,6,6,27,81.67555555555555,Iona,made,Zach Lewis,NA,FALSE,FALSE,Iona,Fairfield
401020184,2018-03-05,Iona,Fairfield,41,1,15:37:00,2137,2137,Aidas Kavaliauskas Turnover.,10,5,5,6,0.8074948535780763,0.6226360353346091,6,6,6,NA,NA,NA,NA,NA,NA,NA,NA,Fairfield,Iona
401020184,2018-03-05,Iona,Fairfield,42,1,15:37:00,2137,2137,Rickey McGill Steal.,10,5,5,0,0.8074948535780763,0.6226360353346091,6,6,6,NA,NA,NA,NA,NA,NA,NA,NA,Fairfield,Iona
401020184,2018-03-05,Iona,Fairfield,43,1,15:32:00,2132,2132,Official TV Timeout,10,5,5,5,0.8075766580423969,0.622913373998929,6,6,6,NA,NA,NA,NA,NA,NA,NA,NA,Iona,Iona
401020184,2018-03-05,Iona,Fairfield,44,1,15:30:00,2130,2130,Rickey McGill missed Layup.,10,5,5,2,0.8076093188122814,0.6230244310212453,6,6,6,22,86.89777777777778,Iona,missed,Rickey McGill,NA,FALSE,FALSE,Iona,Fairfield
401020184,2018-03-05,Iona,Fairfield,45,1,15:30:00,2130,2130,Jonathan Kasibabu Block.,10,5,5,0,0.8076093188122814,0.6230244310212453,6,6,6,NA,NA,NA,NA,NA,NA,NA,NA,Iona,Fairfield
401020184,2018-03-05,Iona,Fairfield,46,1,15:30:00,2130,2130,Ferron Flavors Jr. Defensive Rebound.,10,5,5,0,0.8076093188122814,0.6230244310212453,6,6,6,NA,NA,NA,NA,NA,NA,NA,NA,Iona,Fairfield
401020184,2018-03-05,Iona,Fairfield,47,1,15:25:00,2125,2125,Ferron Flavors Jr. Turnover.,10,5,5,5,0.8076908234111736,0.6233023827629182,6,6,6,NA,NA,NA,NA,NA,NA,NA,NA,Fairfield,Iona
401020184,2018-03-05,Iona,Fairfield,48,1,15:07:00,2107,2107,Roland Griffin made Layup. Assisted by Zach Lewis.,12,5,7,18,0.8375488587961547,0.6706257665895119,6,6,6,27,86.89777777777778,Iona,made,Roland Griffin,Zach Lewis,FALSE,FALSE,Iona,Fairfield
401020184,2018-03-05,Iona,Fairfield,49,1,15:00:00,2100,2100,Tyler Nelson made Three Point Jumper. Assisted by Jerome Segura.,12,8,4,7,0.7917941075025471,0.6005202972966139,6,6,6,38,25.066666666666663,Fairfield,made,Tyler Nelson,Jerome Segura,TRUE,FALSE,Fairfield,Iona
401020184,2018-03-05,Iona,Fairfield,50,1,14:45:00,2085,2085,Zach Lewis made Three Point Jumper.,15,8,7,15,0.8381454112362536,0.6722546097895448,6,6,6,31,64.96444444444444,Iona,made,Zach Lewis,NA,TRUE,FALSE,Iona,Fairfield
401020184,2018-03-05,Iona,Fairfield,51,1,14:28:00,2068,2068,Jesus Cruz missed Layup.,15,8,7,17,0.8386057955002575,0.673520993276257,6,6,6,27,4.177777777777778,Fairfield,missed,Jesus Cruz,NA,FALSE,FALSE,Fairfield,Iona
401020184,2018-03-05,Iona,Fairfield,52,1,14:28:00,2068,2068,Roland Griffin Block.,15,8,7,0,0.8386057955002575,0.673520993276257,6,6,6,NA,NA,NA,NA,NA,NA,NA,NA,Fairfield,Iona
401020184,2018-03-05,Iona,Fairfield,53,1,14:28:00,2068,2068,Schadrac Casimir Defensive Rebound.,15,8,7,0,0.8386057955002575,0.673520993276257,6,6,6,NA,NA,NA,NA,NA,NA,NA,NA,Fairfield,Iona
401020184,2018-03-05,Iona,Fairfield,54,1,14:19:00,2059,2059,Zach Lewis missed Three Point Jumper.,15,8,7,9,0.8388494733476166,0.6741943318402343,6,6,6,11,69.14222222222222,Iona,missed,Zach Lewis,NA,TRUE,FALSE,Iona,Fairfield
401020184,2018-03-05,Iona,Fairfield,55,1,14:19:00,2059,2059,Jonathan Kasibabu Defensive Rebound.,15,8,7,0,0.8388494733476166,0.6741943318402343,6,6,6,NA,NA,NA,NA,NA,NA,NA,NA,Iona,Fairfield
401020184,2018-03-05,Iona,Fairfield,56,1,14:13:00,2053,2053,Jesus Cruz made Layup. Assisted by Tyler Nelson.,15,10,5,6,0.8088465606235944,0.627359348334978,6,6,6,28,4.177777777777778,Fairfield,made,Jesus Cruz,Tyler Nelson,FALSE,FALSE,Fairfield,Iona
401020184,2018-03-05,Iona,Fairfield,57,1,13:50:00,2030,2030,Rickey McGill missed Three Point Jumper.,15,10,5,23,0.8092113683718936,0.6286795016727604,6,6,6,47,87.94222222222221,Iona,missed,Rickey McGill,NA,TRUE,FALSE,Iona,Fairfield
401020184,2018-03-05,Iona,Fairfield,58,1,13:50:00,2030,2030,Jonathan Kasibabu Defensive Rebound.,15,10,5,0,0.8092113683718936,0.6286795016727604,6,6,6,NA,NA,NA,NA,NA,NA,NA,NA,Iona,Fairfield
401020184,2018-03-05,Iona,Fairfield,59,1,13:42:00,2022,2022,Jerome Segura missed Layup.,15,10,5,8,0.8093380713716386,0.6291417441405035,6,6,6,21.999999999999996,5.222222222222221,Fairfield,missed,Jerome Segura,NA,FALSE,FALSE,Fairfield,Fairfield
401020184,2018-03-05,Iona,Fairfield,60,1,13:42:00,2022,2022,Roland Griffin Block.,15,10,5,0,0.8093380713716386,0.6291417441405035,6,6,6,NA,NA,NA,NA,NA,NA,NA,NA,Fairfield,Fairfield
401020184,2018-03-05,Iona,Fairfield,61,1,13:42:00,2022,2022,Fairfield Offensive Rebound.,15,10,5,0,0.8093380713716386,0.6291417441405035,6,6,6,NA,NA,NA,NA,NA,NA,NA,NA,Fairfield,Fairfield
401020184,2018-03-05,Iona,Fairfield,62,1,13:27:00,2007,2007,Jonathan Kasibabu Turnover.,15,10,5,15,0.809575571723361,0.6300128971324631,6,6,6,NA,NA,NA,NA,NA,NA,NA,NA,Fairfield,Iona
401020184,2018-03-05,Iona,Fairfield,63,1,13:27:00,2007,2007,Zach Lewis Steal.,15,10,5,0,0.809575571723361,0.6300128971324631,6,6,6,NA,NA,NA,NA,NA,NA,NA,NA,Fairfield,Iona
401020184,2018-03-05,Iona,Fairfield,64,1,13:27:00,2007,2007,Roland Griffin Turnover.,15,10,5,0,0.809575571723361,0.6300128971324631,6,6,6,NA,NA,NA,NA,NA,NA,NA,NA,Iona,Fairfield
401020184,2018-03-05,Iona,Fairfield,65,1,13:27:00,2007,2007,Jonathan Kasibabu Steal.,15,10,5,0,0.809575571723361,0.6300128971324631,6,6,6,NA,NA,NA,NA,NA,NA,NA,NA,Iona,Fairfield
401020184,2018-03-05,Iona,Fairfield,66,1,13:11:00,1991,1991,Ferron Flavors Jr. made Jumper.,15,12,3,16,0.7745849652450914,0.5797564034649262,6,6,6,33,18.799999999999997,Fairfield,made,Ferron Flavors Jr.,NA,FALSE,FALSE,Fairfield,Iona
401020184,2018-03-05,Iona,Fairfield,67,1,12:55:00,1975,1975,Rickey McGill Turnover.,15,12,3,16,0.7745899776185872,0.5803486084773818,6,6,6,NA,NA,NA,NA,NA,NA,NA,NA,Iona,Fairfield
401020184,2018-03-05,Iona,Fairfield,68,1,12:55:00,1975,1975,Jerome Segura Steal.,15,12,3,0,0.7745899776185872,0.5803486084773818,6,6,6,NA,NA,NA,NA,NA,NA,NA,NA,Iona,Fairfield
401020184,2018-03-05,Iona,Fairfield,69,1,12:43:00,1963,1963,Jerome Segura Turnover.,15,12,3,12,0.7745927921704571,0.5807960794663443,6,6,6,NA,NA,NA,NA,NA,NA,NA,NA,Fairfield,Iona
401020184,2018-03-05,Iona,Fairfield,70,1,12:24:00,1944,1944,Roland Griffin made Layup.,17,12,5,19,0.8105771821726401,0.633740194453431,6,6,6,27,86.89777777777778,Iona,made,Roland Griffin,NA,FALSE,FALSE,Iona,Fairfield
401020184,2018-03-05,Iona,Fairfield,71,1,12:14:00,1934,1934,Tyler Nelson made Three Point Jumper.,17,15,2,10,0.754780608674561,0.5548674684087587,6,6,6,34,26.11111111111111,Fairfield,made,Tyler Nelson,NA,TRUE,FALSE,Fairfield,Iona
401020184,2018-03-05,Iona,Fairfield,72,1,12:02:00,1922,1922,Rickey McGill missed Jumper.,17,15,2,12,0.7546645281380521,0.5551767080428265,6,6,6,34,76.45333333333333,Iona,missed,Rickey McGill,NA,FALSE,FALSE,Iona,Fairfield
401020184,2018-03-05,Iona,Fairfield,73,1,12:02:00,1922,1922,Tyler Nelson Defensive Rebound.,17,15,2,0,0.7546645281380521,0.5551767080428265,6,6,6,NA,NA,NA,NA,NA,NA,NA,NA,Iona,Fairfield
401020184,2018-03-05,Iona,Fairfield,74,1,11:55:00,1915,1915,Tyler Nelson missed Layup.,17,15,2,7,0.7545946451780543,0.5553568961563955,6,6,6,21.999999999999996,4.177777777777778,Fairfield,missed,Tyler Nelson,NA,FALSE,FALSE,Fairfield,Iona
401020184,2018-03-05,Iona,Fairfield,75,1,11:55:00,1915,1915,Iona Defensive Rebound.,17,15,2,0,0.7545946451780543,0.5553568961563955,6,6,6,NA,NA,NA,NA,NA,NA,NA,NA,Fairfield,Iona
401020184,2018-03-05,Iona,Fairfield,76,1,11:54:00,1914,1914,Official TV Timeout,17,15,2,1,0.7545845289810348,0.5553826234312512,6,6,6,NA,NA,NA,NA,NA,NA,NA,NA,Iona,Iona
401020184,2018-03-05,Iona,Fairfield,77,1,11:48:00,1908,1908,E.J. Crawford missed Layup.,17,15,2,6,0.7545231526031526,0.5555369292689899,6,6,6,23,86.89777777777778,Iona,missed,E.J. Crawford,NA,FALSE,FALSE,Iona,Fairfield
401020184,2018-03-05,Iona,Fairfield,78,1,11:48:00,1908,1908,Jesus Cruz Defensive Rebound.,17,15,2,0,0.7545231526031526,0.5555369292689899,6,6,6,NA,NA,NA,NA,NA,NA,NA,NA,Iona,Fairfield
401020184,2018-03-05,Iona,Fairfield,79,1,11:34:00,1894,1894,Jesus Cruz missed Layup.,17,15,2,14,0.7543755993612106,0.5558967415739633,6,6,6,24,6.266666666666667,Fairfield,missed,Jesus Cruz,NA,FALSE,FALSE,Fairfield,Iona
401020184,2018-03-05,Iona,Fairfield,80,1,11:34:00,1894,1894,Roland Griffin Defensive Rebound.,17,15,2,0,0.7543755993612106,0.5558967415739633,6,6,6,NA,NA,NA,NA,NA,NA,NA,NA,Fairfield,Iona
401020184,2018-03-05,Iona,Fairfield,81,1,11:26:00,1886,1886,Roland Griffin made Layup. Assisted by Rickey McGill.,19,15,4,8,0.7936348380020017,0.6108095750804592,6,6,6,27,86.89777777777778,Iona,made,Roland Griffin,Rickey McGill,FALSE,FALSE,Iona,Fairfield
401020184,2018-03-05,Iona,Fairfield,82,1,11:07:00,1867,1867,Wassef Methnani missed Layup.,19,15,4,19,0.7937707669625947,0.6117505945470868,6,6,6,28,4.177777777777778,Fairfield,missed,Wassef Methnani,NA,FALSE,FALSE,Fairfield,Iona
401020184,2018-03-05,Iona,Fairfield,83,1,11:07:00,1867,1867,Roland Griffin Defensive Rebound.,19,15,4,0,0.7937707669625947,0.6117505945470868,6,6,6,NA,NA,NA,NA,NA,NA,NA,NA,Fairfield,Iona
401020184,2018-03-05,Iona,Fairfield,84,1,10:57:00,1857,1857,Rickey McGill Turnover.,19,15,4,10,0.7938396096624496,0.612246665901079,6,6,6,NA,NA,NA,NA,NA,NA,NA,NA,Iona,Fairfield
401020184,2018-03-05,Iona,Fairfield,85,1,10:57:00,1857,1857,Jesus Cruz Steal.,19,15,4,0,0.7938396096624496,0.612246665901079,6,6,6,NA,NA,NA,NA,NA,NA,NA,NA,Iona,Fairfield
401020184,2018-03-05,Iona,Fairfield,86,1,10:51:00,1851,1851,Tyler Nelson missed Layup.,19,15,4,6,0.7938801751102303,0.6125447374253531,6,6,6,25,6.266666666666667,Fairfield,missed,Tyler Nelson,NA,FALSE,FALSE,Fairfield,Iona
401020184,2018-03-05,Iona,Fairfield,87,1,10:51:00,1851,1851,Rickey McGill Defensive Rebound.,19,15,4,0,0.7938801751102303,0.6125447374253531,6,6,6,NA,NA,NA,NA,NA,NA,NA,NA,Fairfield,Iona
401020184,2018-03-05,Iona,Fairfield,88,1,10:36:00,1836,1836,Foul on Tyler Nelson.,19,15,4,15,0.7939796048038816,0.6132918000500726,6,6,6,NA,NA,NA,NA,NA,NA,NA,NA,Iona,Iona
401020184,2018-03-05,Iona,Fairfield,89,1,10:20:00,1820,1820,Zach Lewis missed Three Point Jumper.,19,15,4,16,0.7940833741282229,0.6140925276724563,6,6,6,33,64.96444444444444,Iona,missed,Zach Lewis,NA,TRUE,FALSE,Iona,Fairfield
401020184,2018-03-05,Iona,Fairfield,90,1,10:20:00,1820,1820,Wassef Methnani Defensive Rebound.,19,15,4,0,0.7940833741282229,0.6140925276724563,6,6,6,NA,NA,NA,NA,NA,NA,NA,NA,Iona,Fairfield
401020184,2018-03-05,Iona,Fairfield,91,1,10:02:00,1802,1802,Jerome Segura missed Jumper.,19,15,4,18,0.794198652687471,0.6149995676756664,6,6,6,18,20.88888888888889,Fairfield,missed,Jerome Segura,NA,FALSE,FALSE,Fairfield,Fairfield
401020184,2018-03-05,Iona,Fairfield,92,1,10:02:00,1802,1802,Wassef Methnani Offensive Rebound.,19,15,4,0,0.794198652687471,0.6149995676756664,6,6,6,NA,NA,NA,NA,NA,NA,NA,NA,Fairfield,Fairfield
401020184,2018-03-05,Iona,Fairfield,93,1,10:02:00,1802,1802,Wassef Methnani made Two Point Tip Shot.,19,17,2,0,0.7532894380643552,0.5582810165866057,6,6,6,25,5.222222222222221,Fairfield,made,Wassef Methnani,NA,FALSE,FALSE,Fairfield,Iona
401020184,2018-03-05,Iona,Fairfield,94,1,09:41:00,1781,1781,Schadrac Casimir missed Three Point Jumper.,19,17,2,21,0.7530227608682408,0.5588377739524277,6,6,6,5,76.45333333333333,Iona,missed,Schadrac Casimir,NA,TRUE,FALSE,Iona,Iona
401020184,2018-03-05,Iona,Fairfield,95,1,09:34:00,1774,1774,TK Edogi Offensive Rebound.,19,17,2,7,0.7529330725817325,0.5590249941065785,6,6,6,NA,NA,NA,NA,NA,NA,NA,NA,Iona,Iona
401020184,2018-03-05,Iona,Fairfield,96,1,09:27:00,1767,1767,Roland Griffin missed Jumper.,19,17,2,7,0.7528430965814935,0.5592131188211865,6,6,6,22,71.2311111111111,Iona,missed,Roland Griffin,NA,FALSE,FALSE,Iona,Fairfield
401020184,2018-03-05,Iona,Fairfield,97,1,09:27:00,1767,1767,Jesus Cruz Defensive Rebound.,19,17,2,0,0.7528430965814935,0.5592131188211865,6,6,6,NA,NA,NA,NA,NA,NA,NA,NA,Iona,Fairfield
401020184,2018-03-05,Iona,Fairfield,98,1,09:22:00,1762,1762,Ferron Flavors Jr. made Three Point Jumper. Assisted by Jerome Segura.,19,20,-1,5,0.6804221096328055,0.4702207012371656,6,6,6,21.999999999999996,27.15555555555555,Fairfield,made,Ferron Flavors Jr.,Jerome Segura,TRUE,FALSE,Fairfield,Iona
401020184,2018-03-05,Iona,Fairfield,99,1,09:07:00,1747,1747,Roland Griffin made Jumper. Assisted by Zach Lewis.,21,20,1,15,0.7295539999117853,0.5299854917413526,6,6,6,25,79.58666666666667,Iona,made,Roland Griffin,Zach Lewis,FALSE,FALSE,Iona,Fairfield
401020184,2018-03-05,Iona,Fairfield,100,1,09:07:00,1747,1747,Foul on Jesus Cruz.,21,20,1,0,0.7295539999117853,0.5299854917413526,6,6,6,NA,NA,NA,NA,NA,NA,NA,NA,Iona,Fairfield
401020184,2018-03-05,Iona,Fairfield,101,1,09:07:00,1747,1747,Roland Griffin made Free Throw.,22,20,2,0,0.7525850280968546,0.5597560696512119,6,6,6,25,87.94222222222221,Iona,made,Roland Griffin,NA,FALSE,TRUE,Iona,Fairfield
401020184,2018-03-05,Iona,Fairfield,102,1,08:56:00,1736,1736,Tyler Nelson made Jumper.,22,22,0,11,0.7048048743366653,0.5,6,6,6,15,18.799999999999997,Fairfield,made,Tyler Nelson,NA,FALSE,FALSE,Fairfield,Iona
401020184,2018-03-05,Iona,Fairfield,103,1,08:43:00,1723,1723,Roland Griffin missed Jumper.,22,22,0,13,0.7043123165365325,0.5,6,6,6,21,83.76444444444444,Iona,missed,Roland Griffin,NA,FALSE,FALSE,Iona,Iona
401020184,2018-03-05,Iona,Fairfield,104,1,08:43:00,1723,1723,Roland Griffin Offensive Rebound.,22,22,0,0,0.7043123165365325,0.5,6,6,6,NA,NA,NA,NA,NA,NA,NA,NA,Iona,Iona
401020184,2018-03-05,Iona,Fairfield,105,1,08:40:00,1720,1720,Foul on Ferron Flavors Jr..,22,22,0,3,0.7041981539686263,0.5,6,6,6,NA,NA,NA,NA,NA,NA,NA,NA,Iona,Iona
401020184,2018-03-05,Iona,Fairfield,106,1,08:40:00,1720,1720,Roland Griffin made Free Throw.,23,22,1,0,0.7288850384291073,0.5303633642745524,6,6,6,25,87.94222222222221,Iona,made,Roland Griffin,NA,FALSE,TRUE,Iona,Iona
401020184,2018-03-05,Iona,Fairfield,107,1,08:40:00,1720,1720,Roland Griffin made Free Throw.,24,22,2,0,0.7522365104218071,0.5605036072451419,6,6,6,25,87.94222222222221,Iona,made,Roland Griffin,NA,FALSE,TRUE,Iona,Fairfield
401020184,2018-03-05,Iona,Fairfield,108,1,08:16:00,1696,1696,Jerome Segura Turnover.,24,22,2,24,0.7519294079541953,0.5611843301390249,6,6,6,NA,NA,NA,NA,NA,NA,NA,NA,Fairfield,Iona
401020184,2018-03-05,Iona,Fairfield,109,1,08:16:00,1696,1696,Zach Lewis Steal.,24,22,2,0,0.7519294079541953,0.5611843301390249,6,6,6,NA,NA,NA,NA,NA,NA,NA,NA,Fairfield,Iona
401020184,2018-03-05,Iona,Fairfield,110,1,08:16:00,1696,1696,Zach Lewis Turnover.,24,22,2,0,0.7519294079541953,0.5611843301390249,6,6,6,NA,NA,NA,NA,NA,NA,NA,NA,Fairfield,Fairfield
401020184,2018-03-05,Iona,Fairfield,111,1,08:16:00,1696,1696,Tyler Nelson Steal.,24,22,2,0,0.7519294079541953,0.5611843301390249,6,6,6,NA,NA,NA,NA,NA,NA,NA,NA,Fairfield,Fairfield
401020184,2018-03-05,Iona,Fairfield,112,1,08:16:00,1696,1696,Foul on Roland Griffin.,24,22,2,0,0.7519294079541953,0.5611843301390249,6,6,6,NA,NA,NA,NA,NA,NA,NA,NA,Fairfield,Fairfield
401020184,2018-03-05,Iona,Fairfield,113,1,08:16:00,1696,1696,Omar El-Sheikh missed Free Throw.,24,22,2,0,0.7519294079541953,0.5611843301390249,6,6,6,25,4.177777777777778,Fairfield,missed,Omar El-Sheikh,NA,FALSE,TRUE,Fairfield,Fairfield
401020184,2018-03-05,Iona,Fairfield,114,1,08:16:00,1696,1696,Fairfield Deadball Team Rebound.,24,22,2,0,0.7519294079541953,0.5611843301390249,6,6,6,NA,NA,NA,NA,NA,NA,NA,NA,Fairfield,Fairfield
401020184,2018-03-05,Iona,Fairfield,115,1,08:16:00,1696,1696,Omar El-Sheikh made Free Throw.,24,23,1,0,0.7282860626937532,0.5307075530645843,6,6,6,25,4.177777777777778,Fairfield,made,Omar El-Sheikh,NA,FALSE,TRUE,Fairfield,Iona
401020184,2018-03-05,Iona,Fairfield,116,1,08:06:00,1686,1686,Roland Griffin missed Layup.,24,23,1,10,0.7280351491386875,0.530853221960762,6,6,6,28.000000000000004,86.89777777777778,Iona,missed,Roland Griffin,NA,FALSE,FALSE,Iona,Fairfield
401020184,2018-03-05,Iona,Fairfield,117,1,08:06:00,1686,1686,Omar El-Sheikh Defensive Rebound.,24,23,1,0,0.7280351491386875,0.530853221960762,6,6,6,NA,NA,NA,NA,NA,NA,NA,NA,Iona,Fairfield
401020184,2018-03-05,Iona,Fairfield,118,1,07:44:00,1664,1664,Tyler Nelson made Three Point Jumper. Assisted by Jerome Segura.,24,26,-2,22,0.6473180900681228,0.43790599097705385,6,6,6,24,27.15555555555555,Fairfield,made,Tyler Nelson,Jerome Segura,TRUE,FALSE,Fairfield,Iona
401020184,2018-03-05,Iona,Fairfield,119,1,07:26:00,1646,1646,Zach Lewis missed Layup.,24,26,-2,18,0.6460555422938199,0.4374096856012491,6,6,6,23,86.89777777777778,Iona,missed,Zach Lewis,NA,FALSE,FALSE,Iona,Fairfield
401020184,2018-03-05,Iona,Fairfield,120,1,07:26:00,1646,1646,Omar El-Sheikh Defensive Rebound.,24,26,-2,0,0.6460555422938199,0.4374096856012491,6,6,6,NA,NA,NA,NA,NA,NA,NA,NA,Iona,Fairfield
401020184,2018-03-05,Iona,Fairfield,121,1,07:12:00,1632,1632,Wassef Methnani made Jumper.,24,28,-4,14,0.5852074316287611,0.3760246772820588,6,6,6,26,9.4,Fairfield,made,Wassef Methnani,NA,FALSE,FALSE,Fairfield,Iona
401020184,2018-03-05,Iona,Fairfield,122,1,07:08:00,1628,1628,Iona  Timeout,24,28,-4,4,0.5847991543812974,0.37581854158856937,5,6,6,NA,NA,NA,NA,NA,NA,NA,NA,Iona,Iona
401020184,2018-03-05,Iona,Fairfield,123,1,07:08:00,1628,1628,Official TV Timeout,24,28,-4,0,0.5847991543812974,0.37581854158856937,5,6,6,NA,NA,NA,NA,NA,NA,NA,NA,Iona,Iona
401020184,2018-03-05,Iona,Fairfield,124,1,06:52:00,1612,1612,Foul on Wassef Methnani.,24,28,-4,16,0.5831606611588552,0.3749979048381483,5,6,6,NA,NA,NA,NA,NA,NA,NA,NA,Iona,Iona
401020184,2018-03-05,Iona,Fairfield,125,1,06:52:00,1612,1612,Roland Griffin made Free Throw.,25,28,-3,0,0.613837150829724,0.4053731843877757,5,6,6,25,87.94222222222221,Iona,made,Roland Griffin,NA,FALSE,TRUE,Iona,Iona
401020184,2018-03-05,Iona,Fairfield,126,1,06:52:00,1612,1612,Roland Griffin made Free Throw.,26,28,-2,0,0.6436356488431886,0.43649057371072647,5,6,6,25,87.94222222222221,Iona,made,Roland Griffin,NA,FALSE,TRUE,Iona,Fairfield
401020184,2018-03-05,Iona,Fairfield,127,1,06:33:00,1593,1593,Jerome Segura missed Jumper.,26,28,-2,19,0.6422618076020555,0.4359809348491352,5,6,6,9,9.4,Fairfield,missed,Jerome Segura,NA,FALSE,FALSE,Fairfield,Iona
401020184,2018-03-05,Iona,Fairfield,128,1,06:33:00,1593,1593,Roland Griffin Defensive Rebound.,26,28,-2,0,0.6422618076020555,0.4359809348491352,5,6,6,NA,NA,NA,NA,NA,NA,NA,NA,Fairfield,Iona
401020184,2018-03-05,Iona,Fairfield,129,1,06:23:00,1583,1583,E.J. Crawford missed Three Point Jumper.,26,28,-2,10,0.6415321249496191,0.4357121989662213,5,6,6,4,77.49777777777777,Iona,missed,E.J. Crawford,NA,TRUE,FALSE,Iona,Fairfield
401020184,2018-03-05,Iona,Fairfield,130,1,06:23:00,1583,1583,Wassef Methnani Defensive Rebound.,26,28,-2,0,0.6415321249496191,0.4357121989662213,5,6,6,NA,NA,NA,NA,NA,NA,NA,NA,Iona,Fairfield
401020184,2018-03-05,Iona,Fairfield,131,1,06:03:00,1563,1563,Tyler Nelson missed Three Point Jumper.,26,28,-2,20,0.6400584348173018,0.435171027598482,5,6,6,21.999999999999996,28.2,Fairfield,missed,Tyler Nelson,NA,TRUE,FALSE,Fairfield,Iona
401020184,2018-03-05,Iona,Fairfield,132,1,06:03:00,1563,1563,Zach Lewis Defensive Rebound.,26,28,-2,0,0.6400584348173018,0.435171027598482,5,6,6,NA,NA,NA,NA,NA,NA,NA,NA,Fairfield,Iona
401020184,2018-03-05,Iona,Fairfield,133,1,05:59:00,1559,1559,Zach Lewis made Layup.,28,28,0,4,0.6975284820621546,0.5,5,6,6,28.000000000000004,87.94222222222221,Iona,made,Zach Lewis,NA,FALSE,FALSE,Iona,Fairfield
401020184,2018-03-05,Iona,Fairfield,134,1,05:45:00,1545,1545,Foul on Schadrac Casimir.,28,28,0,14,0.696901513173065,0.5,5,6,6,NA,NA,NA,NA,NA,NA,NA,NA,Fairfield,Fairfield
401020184,2018-03-05,Iona,Fairfield,135,1,05:45:00,1545,1545,Tyler Nelson missed Free Throw.,28,28,0,0,0.696901513173065,0.5,5,6,6,25,4.177777777777778,Fairfield,missed,Tyler Nelson,NA,FALSE,TRUE,Fairfield,Fairfield
401020184,2018-03-05,Iona,Fairfield,136,1,05:45:00,1545,1545,Fairfield Deadball Team Rebound.,28,28,0,0,0.696901513173065,0.5,5,6,6,NA,NA,NA,NA,NA,NA,NA,NA,Fairfield,Fairfield
401020184,2018-03-05,Iona,Fairfield,137,1,05:45:00,1545,1545,Tyler Nelson made Free Throw.,28,29,-1,0,0.6684513088001501,0.4671978236092534,5,6,6,25,4.177777777777778,Fairfield,made,Tyler Nelson,NA,FALSE,TRUE,Fairfield,Iona
401020184,2018-03-05,Iona,Fairfield,138,1,05:26:00,1526,1526,Rickey McGill Turnover.,28,29,-1,19,0.6673121631721266,0.466927995320725,5,6,6,NA,NA,NA,NA,NA,NA,NA,NA,Iona,Fairfield
401020184,2018-03-05,Iona,Fairfield,139,1,05:26:00,1526,1526,Aidas Kavaliauskas Steal.,28,29,-1,0,0.6673121631721266,0.466927995320725,5,6,6,NA,NA,NA,NA,NA,NA,NA,NA,Iona,Fairfield
401020184,2018-03-05,Iona,Fairfield,140,1,05:19:00,1519,1519,Foul on Zach Lewis.,28,29,-1,7,0.6668894519000038,0.4668267635341371,5,6,6,NA,NA,NA,NA,NA,NA,NA,NA,Fairfield,Fairfield
401020184,2018-03-05,Iona,Fairfield,141,1,05:19:00,1519,1519,Wassef Methnani missed Free Throw.,28,29,-1,0,0.6668894519000038,0.4668267635341371,5,6,6,25,4.177777777777778,Fairfield,missed,Wassef Methnani,NA,FALSE,TRUE,Fairfield,Fairfield
401020184,2018-03-05,Iona,Fairfield,142,1,05:19:00,1519,1519,Fairfield Deadball Team Rebound.,28,29,-1,0,0.6668894519000038,0.4668267635341371,5,6,6,NA,NA,NA,NA,NA,NA,NA,NA,Fairfield,Fairfield
401020184,2018-03-05,Iona,Fairfield,143,1,05:19:00,1519,1519,Wassef Methnani missed Free Throw.,28,29,-1,0,0.6668894519000038,0.4668267635341371,5,6,6,25,4.177777777777778,Fairfield,missed,Wassef Methnani,NA,FALSE,TRUE,Fairfield,Fairfield
401020184,2018-03-05,Iona,Fairfield,144,1,05:19:00,1519,1519,Zach Lewis Defensive Rebound.,28,29,-1,0,0.6668894519000038,0.4668267635341371,5,6,6,NA,NA,NA,NA,NA,NA,NA,NA,Fairfield,Fairfield
401020184,2018-03-05,Iona,Fairfield,145,1,05:03:00,1503,1503,Deyshonee Much made Jumper.,30,29,1,16,0.7226106578459364,0.5334090125605839,5,6,6,11,79.58666666666667,Iona,made,Deyshonee Much,NA,FALSE,FALSE,Iona,Fairfield
401020184,2018-03-05,Iona,Fairfield,146,1,04:42:00,1482,1482,Wassef Methnani made Three Point Jumper. Assisted by Jerome Segura.,30,32,-2,21,0.6338743186735666,0.4328469945099605,5,6,6,27,28.2,Fairfield,made,Wassef Methnani,Jerome Segura,TRUE,FALSE,Fairfield,Iona
401020184,2018-03-05,Iona,Fairfield,147,1,04:29:00,1469,1469,Foul on Wassef Methnani.,30,32,-2,13,0.6328464400797614,0.43244171173505624,5,6,6,NA,NA,NA,NA,NA,NA,NA,NA,Iona,Iona
401020184,2018-03-05,Iona,Fairfield,148,1,04:29:00,1469,1469,Roland Griffin made Free Throw.,31,32,-1,0,0.6638269801570091,0.4660652601349831,5,6,6,25,87.94222222222221,Iona,made,Roland Griffin,NA,FALSE,TRUE,Iona,Iona
401020184,2018-03-05,Iona,Fairfield,149,1,04:29:00,1469,1469,Roland Griffin made Free Throw.,32,32,0,0,0.6934596222418696,0.5,5,6,6,25,87.94222222222221,Iona,made,Roland Griffin,NA,FALSE,TRUE,Iona,Fairfield
401020184,2018-03-05,Iona,Fairfield,150,1,04:12:00,1452,1452,Tyler Nelson made Three Point Jumper. Assisted by Jerome Segura.,32,35,-3,17,0.5990558010010586,0.3986251819776509,5,6,6,15,26.11111111111111,Fairfield,made,Tyler Nelson,Jerome Segura,TRUE,FALSE,Fairfield,Iona
401020184,2018-03-05,Iona,Fairfield,151,1,04:00:00,1440,1440,TK Edogi made Jumper.,34,35,-1,12,0.6620202899254019,0.4655877333064779,5,6,6,21,83.76444444444444,Iona,made,TK Edogi,NA,FALSE,FALSE,Iona,Fairfield
401020184,2018-03-05,Iona,Fairfield,152,1,04:00:00,1440,1440,Foul on Jonathan Kasibabu.,34,35,-1,0,0.6620202899254019,0.4655877333064779,5,6,6,NA,NA,NA,NA,NA,NA,NA,NA,Iona,Fairfield
401020184,2018-03-05,Iona,Fairfield,153,1,04:00:00,1440,1440,Official TV Timeout,34,35,-1,0,0.6620202899254019,0.4655877333064779,5,6,6,NA,NA,NA,NA,NA,NA,NA,NA,Iona,Fairfield
401020184,2018-03-05,Iona,Fairfield,154,1,04:00:00,1440,1440,TK Edogi made Free Throw.,35,35,0,0,0.692147298762816,0.5,5,6,6,25,87.94222222222221,Iona,made,TK Edogi,NA,FALSE,TRUE,Iona,Iona
401020184,2018-03-05,Iona,Fairfield,155,1,03:35:00,1415,1415,Foul on Tyler Nelson.,35,35,0,25,0.690994442415573,0.5,5,6,6,NA,NA,NA,NA,NA,NA,NA,NA,Iona,Iona
401020184,2018-03-05,Iona,Fairfield,156,1,03:35:00,1415,1415,Tyler Nelson Turnover.,35,35,0,0,0.690994442415573,0.5,5,6,6,NA,NA,NA,NA,NA,NA,NA,NA,Fairfield,Iona
401020184,2018-03-05,Iona,Fairfield,157,1,03:14:00,1394,1394,Rickey McGill made Layup.,37,35,2,21,0.7468201592274678,0.5699321643304575,5,6,6,27,86.89777777777778,Iona,made,Rickey McGill,NA,FALSE,FALSE,Iona,Fairfield
401020184,2018-03-05,Iona,Fairfield,158,1,02:53:00,1373,1373,Omar El-Sheikh missed Layup.,37,35,2,21,0.7464209888289332,0.5705635125419892,5,6,6,23,4.177777777777778,Fairfield,missed,Omar El-Sheikh,NA,FALSE,FALSE,Fairfield,Iona
401020184,2018-03-05,Iona,Fairfield,159,1,02:53:00,1373,1373,Roland Griffin Block.,37,35,2,0,0.7464209888289332,0.5705635125419892,5,6,6,NA,NA,NA,NA,NA,NA,NA,NA,Fairfield,Iona
401020184,2018-03-05,Iona,Fairfield,160,1,02:53:00,1373,1373,Rickey McGill Defensive Rebound.,37,35,2,0,0.7464209888289332,0.5705635125419892,5,6,6,NA,NA,NA,NA,NA,NA,NA,NA,Fairfield,Iona
401020184,2018-03-05,Iona,Fairfield,161,1,02:43:00,1363,1363,Roland Griffin made Layup. Assisted by Rickey McGill.,39,35,4,10,0.7964024509709059,0.6389354075725496,5,6,6,27,87.94222222222221,Iona,made,Roland Griffin,Rickey McGill,FALSE,FALSE,Iona,Fairfield
401020184,2018-03-05,Iona,Fairfield,162,1,02:37:00,1357,1357,Fairfield  Timeout,39,35,4,6,0.796420853414667,0.6392742808913301,5,5,6,NA,NA,NA,NA,NA,NA,NA,NA,Fairfield,Fairfield
401020184,2018-03-05,Iona,Fairfield,163,1,02:31:00,1351,1351,Jonathan Kasibabu missed Layup.,39,35,4,6,0.7964392559901532,0.6396138535000101,5,5,6,27,4.177777777777778,Fairfield,missed,Jonathan Kasibabu,NA,FALSE,FALSE,Fairfield,Iona
401020184,2018-03-05,Iona,Fairfield,164,1,02:31:00,1351,1351,Zach Lewis Defensive Rebound.,39,35,4,0,0.7964392559901532,0.6396138535000101,5,5,6,NA,NA,NA,NA,NA,NA,NA,NA,Fairfield,Iona
401020184,2018-03-05,Iona,Fairfield,165,1,02:17:00,1337,1337,Foul on TK Edogi.,39,35,4,14,0.7964839761947887,0.6404111009659302,5,5,6,NA,NA,NA,NA,NA,NA,NA,NA,Iona,Fairfield
401020184,2018-03-05,Iona,Fairfield,166,1,02:17:00,1337,1337,TK Edogi Turnover.,39,35,4,0,0.7964839761947887,0.6404111009659302,5,5,6,NA,NA,NA,NA,NA,NA,NA,NA,Iona,Fairfield
401020184,2018-03-05,Iona,Fairfield,167,1,01:59:00,1319,1319,Ferron Flavors Jr. missed Three Point Jumper.,39,35,4,18,0.7965504869618913,0.6414528063743987,5,5,6,16,26.11111111111111,Fairfield,missed,Ferron Flavors Jr.,NA,TRUE,FALSE,Fairfield,Iona
401020184,2018-03-05,Iona,Fairfield,168,1,01:59:00,1319,1319,Deyshonee Much Defensive Rebound.,39,35,4,0,0.7965504869618913,0.6414528063743987,5,5,6,NA,NA,NA,NA,NA,NA,NA,NA,Fairfield,Iona
401020184,2018-03-05,Iona,Fairfield,169,1,01:42:00,1302,1302,Deyshonee Much missed Jumper.,39,35,4,17,0.7966297333790153,0.6424625770747033,5,5,6,17,79.58666666666667,Iona,missed,Deyshonee Much,NA,FALSE,FALSE,Iona,Fairfield
401020184,2018-03-05,Iona,Fairfield,170,1,01:42:00,1302,1302,Omar El-Sheikh Defensive Rebound.,39,35,4,0,0.7966297333790153,0.6424625770747033,5,5,6,NA,NA,NA,NA,NA,NA,NA,NA,Iona,Fairfield
401020184,2018-03-05,Iona,Fairfield,171,1,01:21:00,1281,1281,Jerome Segura made Jumper.,39,37,2,21,0.7446564507887284,0.5734292504585657,5,5,6,21.000000000000004,11.488888888888887,Fairfield,made,Jerome Segura,NA,FALSE,FALSE,Fairfield,Iona
401020184,2018-03-05,Iona,Fairfield,172,1,01:00:00,1260,1260,Foul on Omar El-Sheikh.,39,37,2,21,0.7443016653754918,0.5741571015046214,5,5,6,NA,NA,NA,NA,NA,NA,NA,NA,Iona,Iona
401020184,2018-03-05,Iona,Fairfield,173,1,01:00:00,1260,1260,Schadrac Casimir made Free Throw.,40,37,3,0,0.7716874923488988,0.6102227992123503,5,5,6,25,87.94222222222221,Iona,made,Schadrac Casimir,NA,FALSE,TRUE,Iona,Iona
401020184,2018-03-05,Iona,Fairfield,174,1,01:00:00,1260,1260,Schadrac Casimir made Free Throw.,41,37,4,0,0.7969404394106077,0.6451219407577877,5,5,6,25,87.94222222222221,Iona,made,Schadrac Casimir,NA,FALSE,TRUE,Iona,Fairfield
401020184,2018-03-05,Iona,Fairfield,175,1,00:41:00,1241,1241,Omar El-Sheikh missed Layup.,41,37,4,19,0.7971566871289308,0.6464285741138138,5,5,6,21.999999999999996,4.177777777777778,Fairfield,missed,Omar El-Sheikh,NA,FALSE,FALSE,Fairfield,Iona
401020184,2018-03-05,Iona,Fairfield,176,1,00:41:00,1241,1241,Rickey McGill Defensive Rebound.,41,37,4,0,0.7971566871289308,0.6464285741138138,5,5,6,NA,NA,NA,NA,NA,NA,NA,NA,Fairfield,Iona
401020184,2018-03-05,Iona,Fairfield,177,1,00:34:00,1234,1234,Rickey McGill Turnover.,41,37,4,7,0.7972512307827481,0.6469298387857294,5,5,6,NA,NA,NA,NA,NA,NA,NA,NA,Iona,Fairfield
401020184,2018-03-05,Iona,Fairfield,178,1,00:08:00,1208,1208,Jonathan Kasibabu missed Layup.,41,37,4,26,0.7976825504605557,0.6488972918065382,5,5,6,28,4.177777777777778,Fairfield,missed,Jonathan Kasibabu,NA,FALSE,FALSE,Fairfield,Iona
401020184,2018-03-05,Iona,Fairfield,179,1,00:08:00,1208,1208,Zach Lewis Defensive Rebound.,41,37,4,0,0.7976825504605557,0.6488972918065382,5,5,6,NA,NA,NA,NA,NA,NA,NA,NA,Fairfield,Iona
401020184,2018-03-05,Iona,Fairfield,180,1,00:01:00,1201,1201,Zach Lewis made Layup.,43,37,6,7,0.8430311952341583,0.7160339662966757,5,5,6,22,85.85333333333332,Iona,made,Zach Lewis,NA,FALSE,FALSE,Iona,Fairfield
401020184,2018-03-05,Iona,Fairfield,181,1,00:00:00,1200,1200,End of 1st half,43,37,6,1,0.8430682480636522,0.7161370692370593,5,5,6,NA,NA,NA,NA,NA,NA,NA,NA,Fairfield,NA
401020184,2018-03-05,Iona,Fairfield,182,2,20:00:00,1200,1200,PLAY,43,37,6,0,0.8430682480636522,0.7161370692370593,5,5,6,NA,NA,NA,NA,NA,NA,NA,NA,NA,Iona
401020184,2018-03-05,Iona,Fairfield,183,2,20:00:00,1200,1200,Jump Ball won by Iona,43,37,6,0,0.8430682480636522,0.7161370692370593,5,5,6,NA,NA,NA,NA,NA,NA,NA,NA,Iona,Iona
401020184,2018-03-05,Iona,Fairfield,184,2,19:51:00,1191,1191,Zach Lewis made Jumper.,45,37,8,9,0.8801325472595026,0.7755410106070788,5,5,6,22,78.54222222222222,Iona,made,Zach Lewis,NA,FALSE,FALSE,Iona,Fairfield
401020184,2018-03-05,Iona,Fairfield,185,2,19:15:00,1155,1155,Jerome Segura missed Three Point Jumper.,45,37,8,36,0.8817331185655055,0.7795780278751625,5,5,6,36,25.066666666666663,Fairfield,missed,Jerome Segura,NA,TRUE,FALSE,Fairfield,Iona
401020184,2018-03-05,Iona,Fairfield,186,2,19:15:00,1155,1155,E.J. Crawford Defensive Rebound.,45,37,8,0,0.8817331185655055,0.7795780278751625,5,5,6,NA,NA,NA,NA,NA,NA,NA,NA,Fairfield,Iona
401020184,2018-03-05,Iona,Fairfield,187,2,19:07:00,1147,1147,Roland Griffin missed Jumper.,45,37,8,8,0.8820770903353751,0.7804510239487972,5,5,6,26,76.45333333333333,Iona,missed,Roland Griffin,NA,FALSE,FALSE,Iona,Fairfield
401020184,2018-03-05,Iona,Fairfield,188,2,19:07:00,1147,1147,Tyler Nelson Defensive Rebound.,45,37,8,0,0.8820770903353751,0.7804510239487972,5,5,6,NA,NA,NA,NA,NA,NA,NA,NA,Iona,Fairfield
401020184,2018-03-05,Iona,Fairfield,189,2,18:52:00,1132,1132,Ferron Flavors Jr. missed Three Point Jumper.,45,37,8,15,0.8827178505028346,0.7820772354591757,5,5,6,42,21.93333333333333,Fairfield,missed,Ferron Flavors Jr.,NA,TRUE,FALSE,Fairfield,Iona
401020184,2018-03-05,Iona,Fairfield,190,2,18:52:00,1132,1132,Schadrac Casimir Defensive Rebound.,45,37,8,0,0.8827178505028346,0.7820772354591757,5,5,6,NA,NA,NA,NA,NA,NA,NA,NA,Fairfield,Iona
401020184,2018-03-05,Iona,Fairfield,191,2,18:46:00,1126,1126,Zach Lewis missed Three Point Jumper.,45,37,8,6,0.882973907628303,0.7827261058776549,5,5,6,9,71.2311111111111,Iona,missed,Zach Lewis,NA,TRUE,FALSE,Iona,Fairfield
401020184,2018-03-05,Iona,Fairfield,192,2,18:46:00,1126,1126,Jonathan Kasibabu Defensive Rebound.,45,37,8,0,0.882973907628303,0.7827261058776549,5,5,6,NA,NA,NA,NA,NA,NA,NA,NA,Iona,Fairfield
401020184,2018-03-05,Iona,Fairfield,193,2,18:31:00,1111,1111,Tyler Nelson missed Jumper.,45,37,8,15,0.8836173572283241,0.7843512041630719,5,5,6,37,13.577777777777776,Fairfield,missed,Tyler Nelson,NA,FALSE,FALSE,Fairfield,Iona
401020184,2018-03-05,Iona,Fairfield,194,2,18:31:00,1111,1111,Roland Griffin Defensive Rebound.,45,37,8,0,0.8836173572283241,0.7843512041630719,5,5,6,NA,NA,NA,NA,NA,NA,NA,NA,Fairfield,Iona
401020184,2018-03-05,Iona,Fairfield,195,2,18:12:00,1092,1092,Foul on Jesus Cruz.,45,37,8,19,0.8844479579054555,0.7864311895591077,5,5,6,NA,NA,NA,NA,NA,NA,NA,NA,Iona,Iona
401020184,2018-03-05,Iona,Fairfield,196,2,18:02:00,1082,1082,E.J. Crawford missed Three Point Jumper.,45,37,8,10,0.8848963669051365,0.7875431066893874,5,5,6,45,75.4088888888889,Iona,missed,E.J. Crawford,NA,TRUE,FALSE,Iona,Fairfield
401020184,2018-03-05,Iona,Fairfield,197,2,18:02:00,1082,1082,Jonathan Kasibabu Defensive Rebound.,45,37,8,0,0.8848963669051365,0.7875431066893874,5,5,6,NA,NA,NA,NA,NA,NA,NA,NA,Iona,Fairfield
401020184,2018-03-05,Iona,Fairfield,198,2,17:51:00,1071,1071,Foul on Schadrac Casimir.,45,37,8,11,0.8854016047755193,0.7887852334032424,5,5,6,NA,NA,NA,NA,NA,NA,NA,NA,Fairfield,Fairfield
401020184,2018-03-05,Iona,Fairfield,199,2,17:51:00,1071,1071,Jerome Segura missed Free Throw.,45,37,8,0,0.8854016047755193,0.7887852334032424,5,5,6,25,4.177777777777778,Fairfield,missed,Jerome Segura,NA,FALSE,TRUE,Fairfield,Fairfield
401020184,2018-03-05,Iona,Fairfield,200,2,17:51:00,1071,1071,Fairfield Deadball Team Rebound.,45,37,8,0,0.8854016047755193,0.7887852334032424,5,5,6,NA,NA,NA,NA,NA,NA,NA,NA,Fairfield,Fairfield
401020184,2018-03-05,Iona,Fairfield,201,2,17:51:00,1071,1071,Jerome Segura made Free Throw.,45,38,7,0,0.8676002377183477,0.760043185809508,5,5,6,25,4.177777777777778,Fairfield,made,Jerome Segura,NA,FALSE,TRUE,Fairfield,Iona
401020184,2018-03-05,Iona,Fairfield,202,2,17:37:00,1057,1057,Roland Griffin made Layup.,47,38,9,14,0.901774439235517,0.8165682614544376,5,5,6,26,86.89777777777778,Iona,made,Roland Griffin,NA,FALSE,FALSE,Iona,Fairfield
401020184,2018-03-05,Iona,Fairfield,203,2,17:31:00,1051,1051,Jerome Segura missed Layup.,47,38,9,6,0.9020794073821636,0.8172873100031516,5,5,6,23,5.222222222222221,Fairfield,missed,Jerome Segura,NA,FALSE,FALSE,Fairfield,Fairfield
401020184,2018-03-05,Iona,Fairfield,204,2,17:31:00,1051,1051,Roland Griffin Block.,47,38,9,0,0.9020794073821636,0.8172873100031516,5,5,6,NA,NA,NA,NA,NA,NA,NA,NA,Fairfield,Fairfield
401020184,2018-03-05,Iona,Fairfield,205,2,17:31:00,1051,1051,Jonathan Kasibabu Offensive Rebound.,47,38,9,0,0.9020794073821636,0.8172873100031516,5,5,6,NA,NA,NA,NA,NA,NA,NA,NA,Fairfield,Fairfield
401020184,2018-03-05,Iona,Fairfield,206,2,17:20:00,1040,1040,Foul on Rickey McGill.,47,38,9,11,0.9026533361682076,0.8186303177900004,5,5,6,NA,NA,NA,NA,NA,NA,NA,NA,Fairfield,Fairfield
401020184,2018-03-05,Iona,Fairfield,207,2,17:16:00,1036,1036,Tyler Nelson Turnover.,47,38,9,4,0.9028671631633032,0.8191272857358993,5,5,6,NA,NA,NA,NA,NA,NA,NA,NA,Fairfield,Iona
401020184,2018-03-05,Iona,Fairfield,208,2,17:16:00,1036,1036,Schadrac Casimir Steal.,47,38,9,0,0.9028671631633032,0.8191272857358993,5,5,6,NA,NA,NA,NA,NA,NA,NA,NA,Fairfield,Iona
401020184,2018-03-05,Iona,Fairfield,209,2,17:09:00,1029,1029,Rickey McGill made Three Point Jumper. Assisted by Schadrac Casimir.,50,38,12,7,0.939307357503818,0.8830749487480768,5,5,6,3,88.98666666666666,Iona,made,Rickey McGill,Schadrac Casimir,TRUE,FALSE,Iona,Fairfield
401020184,2018-03-05,Iona,Fairfield,210,2,16:57:00,1017,1017,Fairfield  Timeout,50,38,12,12,0.9399466853687352,0.8845170915327374,5,4,6,NA,NA,NA,NA,NA,NA,NA,NA,Fairfield,Fairfield
401020184,2018-03-05,Iona,Fairfield,211,2,16:57:00,1017,1017,Official TV Timeout,50,38,12,0,0.9399466853687352,0.8845170915327374,5,4,6,NA,NA,NA,NA,NA,NA,NA,NA,Fairfield,Fairfield
401020184,2018-03-05,Iona,Fairfield,212,2,16:50:00,1010,1010,Ferron Flavors Jr. made Three Point Jumper.,50,41,9,7,0.904332766727724,0.822485556813615,5,4,6,9,20.88888888888889,Fairfield,made,Ferron Flavors Jr.,NA,TRUE,FALSE,Fairfield,Iona
401020184,2018-03-05,Iona,Fairfield,213,2,16:27:00,987,987,Foul on Jonathan Kasibabu.,50,41,9,23,0.9057548137426504,0.8256698280482042,5,4,6,NA,NA,NA,NA,NA,NA,NA,NA,Iona,Iona
401020184,2018-03-05,Iona,Fairfield,214,2,16:27:00,987,987,Roland Griffin made Free Throw.,51,41,10,0,0.919507469380352,0.8491626714159162,5,4,6,25,87.94222222222221,Iona,made,Roland Griffin,NA,FALSE,TRUE,Iona,Iona
401020184,2018-03-05,Iona,Fairfield,215,2,16:27:00,987,987,Roland Griffin made Free Throw.,52,41,11,0,0.9314052621050456,0.8699881160417835,5,4,6,25,87.94222222222221,Iona,made,Roland Griffin,NA,FALSE,TRUE,Iona,Fairfield
401020184,2018-03-05,Iona,Fairfield,216,2,16:07:00,967,967,Jerome Segura missed Jumper.,52,41,11,20,0.9326991404018136,0.8728155074680953,5,4,6,35,16.711111111111112,Fairfield,missed,Jerome Segura,NA,FALSE,FALSE,Fairfield,Iona
401020184,2018-03-05,Iona,Fairfield,217,2,16:07:00,967,967,Zach Lewis Defensive Rebound.,52,41,11,0,0.9326991404018136,0.8728155074680953,5,4,6,NA,NA,NA,NA,NA,NA,NA,NA,Fairfield,Iona
401020184,2018-03-05,Iona,Fairfield,218,2,16:04:00,964,964,Foul on Jonathan Kasibabu.,52,41,11,3,0.9328921941742092,0.8732360914535303,5,4,6,NA,NA,NA,NA,NA,NA,NA,NA,Iona,Iona
401020184,2018-03-05,Iona,Fairfield,219,2,16:00:00,960,960,Roland Griffin made Layup.,54,41,13,4,0.9520196763584502,0.9077633673095054,5,4,6,28.000000000000004,86.89777777777778,Iona,made,Roland Griffin,NA,FALSE,FALSE,Iona,Fairfield
401020184,2018-03-05,Iona,Fairfield,220,2,15:47:00,947,947,Jesus Cruz missed Layup.,54,41,13,13,0.9527094507723184,0.9092744124961166,5,4,6,23,5.222222222222221,Fairfield,missed,Jesus Cruz,NA,FALSE,FALSE,Fairfield,Iona
401020184,2018-03-05,Iona,Fairfield,221,2,15:47:00,947,947,Zach Lewis Defensive Rebound.,54,41,13,0,0.9527094507723184,0.9092744124961166,5,4,6,NA,NA,NA,NA,NA,NA,NA,NA,Fairfield,Iona
401020184,2018-03-05,Iona,Fairfield,222,2,15:36:00,936,936,Zach Lewis made Three Point Jumper. Assisted by Roland Griffin.,57,41,16,11,0.9720848328601788,0.9455513761714616,5,4,6,40,70.18666666666667,Iona,made,Zach Lewis,Roland Griffin,TRUE,FALSE,Iona,Fairfield
401020184,2018-03-05,Iona,Fairfield,223,2,15:17:00,917,917,Fairfield  Timeout,57,41,16,19,0.9727520118226658,0.9470210955111744,5,3,6,NA,NA,NA,NA,NA,NA,NA,NA,Fairfield,Fairfield
401020184,2018-03-05,Iona,Fairfield,224,2,15:14:00,914,914,Wassef Methnani made Three Point Jumper. Assisted by Jerome Segura.,57,44,13,3,0.9542378455712526,0.9126441897666794,5,3,6,26,28.2,Fairfield,made,Wassef Methnani,Jerome Segura,TRUE,FALSE,Fairfield,Iona
401020184,2018-03-05,Iona,Fairfield,225,2,14:48:00,888,888,Roland Griffin missed Layup.,57,44,13,26,0.955305605040352,0.9150070294151024,5,3,6,23,86.89777777777778,Iona,missed,Roland Griffin,NA,FALSE,FALSE,Iona,Iona
401020184,2018-03-05,Iona,Fairfield,226,2,14:48:00,888,888,Iona Offensive Rebound.,57,44,13,0,0.955305605040352,0.9150070294151024,5,3,6,NA,NA,NA,NA,NA,NA,NA,NA,Iona,Iona
401020184,2018-03-05,Iona,Fairfield,227,2,14:41:00,881,881,Schadrac Casimir missed Jumper.,57,44,13,7,0.9555838734786388,0.9156219577086973,5,3,6,35,75.4088888888889,Iona,missed,Schadrac Casimir,NA,FALSE,FALSE,Iona,Fairfield
401020184,2018-03-05,Iona,Fairfield,228,2,14:41:00,881,881,Tyler Nelson Defensive Rebound.,57,44,13,0,0.9555838734786388,0.9156219577086973,5,3,6,NA,NA,NA,NA,NA,NA,NA,NA,Iona,Fairfield
401020184,2018-03-05,Iona,Fairfield,229,2,14:26:00,866,866,Wassef Methnani missed Layup.,57,44,13,15,0.9561779902416176,0.916931243579268,5,3,6,28,5.222222222222221,Fairfield,missed,Wassef Methnani,NA,FALSE,FALSE,Fairfield,Iona
401020184,2018-03-05,Iona,Fairfield,230,2,14:26:00,866,866,Zach Lewis Defensive Rebound.,57,44,13,0,0.9561779902416176,0.916931243579268,5,3,6,NA,NA,NA,NA,NA,NA,NA,NA,Fairfield,Iona
401020184,2018-03-05,Iona,Fairfield,231,2,14:18:00,858,858,Foul on Wassef Methnani.,57,44,13,8,0.9564972868704004,0.9176320727856848,5,3,6,NA,NA,NA,NA,NA,NA,NA,NA,Iona,Iona
401020184,2018-03-05,Iona,Fairfield,232,2,14:11:00,851,851,Zach Lewis Turnover.,57,44,13,7,0.9567800734571962,0.918250731795472,5,3,6,NA,NA,NA,NA,NA,NA,NA,NA,Iona,Fairfield
401020184,2018-03-05,Iona,Fairfield,233,2,13:52:00,832,832,Ferron Flavors Jr. Turnover.,57,44,13,19,0.9575738812632412,0.9199756733536474,5,3,6,NA,NA,NA,NA,NA,NA,NA,NA,Fairfield,Iona
401020184,2018-03-05,Iona,Fairfield,234,2,13:52:00,832,832,Zach Lewis Steal.,57,44,13,0,0.9575738812632412,0.9199756733536474,5,3,6,NA,NA,NA,NA,NA,NA,NA,NA,Fairfield,Iona
401020184,2018-03-05,Iona,Fairfield,235,2,13:47:00,827,827,E.J. Crawford made Layup.,59,44,15,5,0.9706502581585992,0.9440164967859082,5,3,6,28.000000000000004,87.94222222222221,Iona,made,E.J. Crawford,NA,FALSE,FALSE,Iona,Fairfield
401020184,2018-03-05,Iona,Fairfield,236,2,13:31:00,811,811,Foul on Schadrac Casimir.,59,44,15,16,0.9712550261057584,0.9453124978860064,5,3,6,NA,NA,NA,NA,NA,NA,NA,NA,Fairfield,Fairfield
401020184,2018-03-05,Iona,Fairfield,237,2,13:24:00,804,804,Ferron Flavors Jr. missed Three Point Jumper.,59,44,15,7,0.9715330621742756,0.9459044656981758,5,3,6,47,4.177777777777778,Fairfield,missed,Ferron Flavors Jr.,NA,TRUE,FALSE,Fairfield,Iona
401020184,2018-03-05,Iona,Fairfield,238,2,13:24:00,804,804,TK Edogi Defensive Rebound.,59,44,15,0,0.9715330621742756,0.9459044656981758,5,3,6,NA,NA,NA,NA,NA,NA,NA,NA,Fairfield,Iona
401020184,2018-03-05,Iona,Fairfield,239,2,13:14:00,794,794,Rickey McGill missed Jumper.,59,44,15,10,0.9719465654049968,0.9467805907792426,5,3,6,28.000000000000004,71.2311111111111,Iona,missed,Rickey McGill,NA,FALSE,FALSE,Iona,Iona
401020184,2018-03-05,Iona,Fairfield,240,2,13:14:00,794,794,TK Edogi Offensive Rebound.,59,44,15,0,0.9719465654049968,0.9467805907792426,5,3,6,NA,NA,NA,NA,NA,NA,NA,NA,Iona,Iona
401020184,2018-03-05,Iona,Fairfield,241,2,12:57:00,777,777,TK Edogi made Dunk. Assisted by Zach Lewis.,61,44,17,17,0.9813156095459172,0.9643789198389956,5,3,6,26,86.89777777777778,Iona,made,TK Edogi,Zach Lewis,FALSE,FALSE,Iona,Fairfield
401020184,2018-03-05,Iona,Fairfield,242,2,12:35:00,755,755,Wassef Methnani missed Three Point Jumper.,61,44,17,22,0.9821684361097242,0.9661541979625808,5,3,6,4,11.488888888888887,Fairfield,missed,Wassef Methnani,NA,TRUE,FALSE,Fairfield,Fairfield
401020184,2018-03-05,Iona,Fairfield,243,2,12:35:00,755,755,Jesus Cruz Offensive Rebound.,61,44,17,0,0.9821684361097242,0.9661541979625808,5,3,6,NA,NA,NA,NA,NA,NA,NA,NA,Fairfield,Fairfield
401020184,2018-03-05,Iona,Fairfield,244,2,12:24:00,744,744,Jesus Cruz missed Three Point Jumper.,61,44,17,11,0.982629833579162,0.9671071331117038,5,3,6,42,19.84444444444444,Fairfield,missed,Jesus Cruz,NA,TRUE,FALSE,Fairfield,Fairfield
401020184,2018-03-05,Iona,Fairfield,245,2,12:24:00,744,744,Wassef Methnani Offensive Rebound.,61,44,17,0,0.982629833579162,0.9671071331117038,5,3,6,NA,NA,NA,NA,NA,NA,NA,NA,Fairfield,Fairfield
401020184,2018-03-05,Iona,Fairfield,246,2,12:24:00,744,744,Foul on TK Edogi.,61,44,17,0,0.982629833579162,0.9671071331117038,5,3,6,NA,NA,NA,NA,NA,NA,NA,NA,Fairfield,Fairfield
401020184,2018-03-05,Iona,Fairfield,247,2,12:24:00,744,744,Fairfield  Timeout,61,44,17,0,0.982629833579162,0.9671071331117038,5,2,6,NA,NA,NA,NA,NA,NA,NA,NA,Fairfield,Fairfield
401020184,2018-03-05,Iona,Fairfield,248,2,12:01:00,721,721,Jesus Cruz missed Layup.,61,44,17,23,0.983644742635952,0.9691900271430648,5,2,6,28,5.222222222222221,Fairfield,missed,Jesus Cruz,NA,FALSE,FALSE,Fairfield,Iona
401020184,2018-03-05,Iona,Fairfield,249,2,12:01:00,721,721,Deyshonee Much Defensive Rebound.,61,44,17,0,0.983644742635952,0.9691900271430648,5,2,6,NA,NA,NA,NA,NA,NA,NA,NA,Fairfield,Iona
401020184,2018-03-05,Iona,Fairfield,250,2,11:44:00,704,704,Deyshonee Much made Three Point Jumper. Assisted by Zach Lewis.,64,44,20,17,0.991462160333441,0.9838756372203832,5,2,6,38,67.05333333333333,Iona,made,Deyshonee Much,Zach Lewis,TRUE,FALSE,Iona,Fairfield
401020184,2018-03-05,Iona,Fairfield,251,2,11:28:00,688,688,Foul on Deyshonee Much.,64,44,20,16,0.9918102195991432,0.9845920307959852,5,2,6,NA,NA,NA,NA,NA,NA,NA,NA,Fairfield,Fairfield
401020184,2018-03-05,Iona,Fairfield,252,2,11:28:00,688,688,Wassef Methnani missed Three Point Jumper.,64,44,20,0,0.9918102195991432,0.9845920307959852,5,2,6,27,27.15555555555555,Fairfield,missed,Wassef Methnani,NA,TRUE,FALSE,Fairfield,Iona
401020184,2018-03-05,Iona,Fairfield,253,2,11:28:00,688,688,Rickey McGill Defensive Rebound.,64,44,20,0,0.9918102195991432,0.9845920307959852,5,2,6,NA,NA,NA,NA,NA,NA,NA,NA,Fairfield,Iona
401020184,2018-03-05,Iona,Fairfield,254,2,11:00:00,660,660,TK Edogi Turnover.,64,44,20,28,0.9923467507375154,0.9856972309377642,5,2,6,NA,NA,NA,NA,NA,NA,NA,NA,Iona,Fairfield
401020184,2018-03-05,Iona,Fairfield,255,2,10:38:00,638,638,Jesus Cruz missed Three Point Jumper.,64,44,20,22,0.9927477866990913,0.9865190352805188,5,2,6,16,27.15555555555555,Fairfield,missed,Jesus Cruz,NA,TRUE,FALSE,Fairfield,Iona
401020184,2018-03-05,Iona,Fairfield,256,2,10:38:00,638,638,Deyshonee Much Defensive Rebound.,64,44,20,0,0.9927477866990913,0.9865190352805188,5,2,6,NA,NA,NA,NA,NA,NA,NA,NA,Fairfield,Iona
401020184,2018-03-05,Iona,Fairfield,257,2,10:19:00,619,619,Zach Lewis missed Jumper.,64,44,20,19,0.9931062894648536,0.987246749699727,5,2,6,25,71.2311111111111,Iona,missed,Zach Lewis,NA,FALSE,FALSE,Iona,Fairfield
401020184,2018-03-05,Iona,Fairfield,258,2,10:19:00,619,619,Jerome Segura Defensive Rebound.,64,44,20,0,0.9931062894648536,0.987246749699727,5,2,6,NA,NA,NA,NA,NA,NA,NA,NA,Iona,Fairfield
401020184,2018-03-05,Iona,Fairfield,259,2,10:11:00,611,611,Tyler Nelson made Three Point Jumper. Assisted by Jerome Segura.,64,47,17,8,0.9870985470018688,0.9763067633832004,5,2,6,26,28.2,Fairfield,made,Tyler Nelson,Jerome Segura,TRUE,FALSE,Fairfield,Iona
401020184,2018-03-05,Iona,Fairfield,260,2,09:59:00,599,599,Rickey McGill made Layup.,66,47,19,12,0.9919242336588774,0.985159119205964,5,2,6,25,86.89777777777778,Iona,made,Rickey McGill,NA,FALSE,FALSE,Iona,Fairfield
401020184,2018-03-05,Iona,Fairfield,261,2,09:43:00,583,583,Jesus Cruz made Layup.,66,49,17,16,0.988071783027524,0.978254435476644,5,2,6,27,5.222222222222221,Fairfield,made,Jesus Cruz,NA,FALSE,FALSE,Fairfield,Iona
401020184,2018-03-05,Iona,Fairfield,262,2,09:16:00,556,556,Deyshonee Much missed Jumper.,66,49,17,27,0.9891763718487246,0.980422846900294,5,2,6,37,74.36444444444444,Iona,missed,Deyshonee Much,NA,FALSE,FALSE,Iona,Fairfield
401020184,2018-03-05,Iona,Fairfield,263,2,09:16:00,556,556,Wassef Methnani Defensive Rebound.,66,49,17,0,0.9891763718487246,0.980422846900294,5,2,6,NA,NA,NA,NA,NA,NA,NA,NA,Iona,Fairfield
401020184,2018-03-05,Iona,Fairfield,264,2,09:08:00,548,548,Foul on E.J. Crawford.,66,49,17,8,0.9895352324105694,0.9811194956454254,5,2,6,NA,NA,NA,NA,NA,NA,NA,NA,Fairfield,Fairfield
401020184,2018-03-05,Iona,Fairfield,265,2,09:08:00,548,548,Jesus Cruz missed Free Throw.,66,49,17,0,0.9895352324105694,0.9811194956454254,5,2,6,25,4.177777777777778,Fairfield,missed,Jesus Cruz,NA,FALSE,TRUE,Fairfield,Fairfield
401020184,2018-03-05,Iona,Fairfield,266,2,09:08:00,548,548,Fairfield Deadball Team Rebound.,66,49,17,0,0.9895352324105694,0.9811194956454254,5,2,6,NA,NA,NA,NA,NA,NA,NA,NA,Fairfield,Fairfield
401020184,2018-03-05,Iona,Fairfield,267,2,09:08:00,548,548,Jesus Cruz made Free Throw.,66,50,16,0,0.986833623118047,0.9762973014501783,5,2,6,25,4.177777777777778,Fairfield,made,Jesus Cruz,NA,FALSE,TRUE,Fairfield,Iona
401020184,2018-03-05,Iona,Fairfield,268,2,08:50:00,530,530,Deyshonee Much Turnover.,66,50,16,18,0.987643852612596,0.977877442455855,5,2,6,NA,NA,NA,NA,NA,NA,NA,NA,Iona,Fairfield
401020184,2018-03-05,Iona,Fairfield,269,2,08:50:00,530,530,Jesus Cruz Steal.,66,50,16,0,0.987643852612596,0.977877442455855,5,2,6,NA,NA,NA,NA,NA,NA,NA,NA,Iona,Fairfield
401020184,2018-03-05,Iona,Fairfield,270,2,08:44:00,524,524,Foul on Zach Lewis.,66,50,16,6,0.9878723284442658,0.9783255913321136,5,2,6,NA,NA,NA,NA,NA,NA,NA,NA,Fairfield,Fairfield
401020184,2018-03-05,Iona,Fairfield,271,2,08:44:00,524,524,Jesus Cruz made Free Throw.,66,51,15,0,0.9846618761765926,0.9726578629803636,5,2,6,25,4.177777777777778,Fairfield,made,Jesus Cruz,NA,FALSE,TRUE,Fairfield,Fairfield
401020184,2018-03-05,Iona,Fairfield,272,2,08:44:00,524,524,Jesus Cruz made Free Throw.,66,52,14,0,0.9806182233058744,0.9655602307488466,5,2,6,25,4.177777777777778,Fairfield,made,Jesus Cruz,NA,FALSE,TRUE,Fairfield,Iona
401020184,2018-03-05,Iona,Fairfield,273,2,08:30:00,510,510,Roland Griffin made Jumper.,68,52,16,14,0.9883571456781304,0.9792791050725432,5,2,6,24,82.72,Iona,made,Roland Griffin,NA,FALSE,FALSE,Iona,Fairfield
401020184,2018-03-05,Iona,Fairfield,274,2,08:07:00,487,487,Tyler Nelson missed Three Point Jumper.,68,52,16,23,0.989100524108464,0.9807373876069768,5,2,6,34,27.15555555555555,Fairfield,missed,Tyler Nelson,NA,TRUE,FALSE,Fairfield,Iona
401020184,2018-03-05,Iona,Fairfield,275,2,08:07:00,487,487,Roland Griffin Defensive Rebound.,68,52,16,0,0.989100524108464,0.9807373876069768,5,2,6,NA,NA,NA,NA,NA,NA,NA,NA,Fairfield,Iona
401020184,2018-03-05,Iona,Fairfield,276,2,07:42:00,462,462,Roland Griffin missed Dunk.,68,52,16,25,0.98999024742718,0.9824523951484316,5,2,6,27,86.89777777777778,Iona,missed,Roland Griffin,NA,FALSE,FALSE,Iona,Fairfield
401020184,2018-03-05,Iona,Fairfield,277,2,07:42:00,462,462,Fairfield Defensive Rebound.,68,52,16,0,0.98999024742718,0.9824523951484316,5,2,6,NA,NA,NA,NA,NA,NA,NA,NA,Iona,Fairfield
401020184,2018-03-05,Iona,Fairfield,278,2,07:36:00,456,456,Official TV Timeout,68,52,16,6,0.9902328833410698,0.9829131063601344,5,2,6,NA,NA,NA,NA,NA,NA,NA,NA,Fairfield,Fairfield
401020184,2018-03-05,Iona,Fairfield,279,2,07:25:00,445,445,Wassef Methnani made Jumper.,68,54,14,11,0.9845811655811256,0.9732553240242168,5,2,6,19,5.222222222222221,Fairfield,made,Wassef Methnani,NA,FALSE,FALSE,Fairfield,Iona
401020184,2018-03-05,Iona,Fairfield,280,2,07:00:00,420,420,Zach Lewis missed Jumper.,68,54,14,25,0.9863673459154836,0.976576840998452,5,2,6,25,82.72,Iona,missed,Zach Lewis,NA,FALSE,FALSE,Iona,Fairfield
401020184,2018-03-05,Iona,Fairfield,281,2,07:00:00,420,420,Fairfield Defensive Rebound.,68,54,14,0,0.9863673459154836,0.976576840998452,5,2,6,NA,NA,NA,NA,NA,NA,NA,NA,Iona,Fairfield
401020184,2018-03-05,Iona,Fairfield,282,2,06:38:00,398,398,Jesus Cruz made Jumper.,68,56,12,22,0.9788845663279372,0.9642875120294018,5,2,6,24,10.444444444444445,Fairfield,made,Jesus Cruz,NA,FALSE,FALSE,Fairfield,Iona
401020184,2018-03-05,Iona,Fairfield,283,2,06:38:00,398,398,Foul on Roland Griffin.,68,56,12,0,0.9788845663279372,0.9642875120294018,5,2,6,NA,NA,NA,NA,NA,NA,NA,NA,Fairfield,Fairfield
401020184,2018-03-05,Iona,Fairfield,284,2,06:38:00,398,398,Jesus Cruz missed Free Throw.,68,56,12,0,0.9788845663279372,0.9642875120294018,5,2,6,25,4.177777777777778,Fairfield,missed,Jesus Cruz,NA,FALSE,TRUE,Fairfield,Iona
401020184,2018-03-05,Iona,Fairfield,285,2,06:38:00,398,398,Roland Griffin Defensive Rebound.,68,56,12,0,0.9788845663279372,0.9642875120294018,5,2,6,NA,NA,NA,NA,NA,NA,NA,NA,Fairfield,Iona
401020184,2018-03-05,Iona,Fairfield,286,2,06:25:00,385,385,Roland Griffin Turnover.,68,56,12,13,0.9798993017676982,0.9661987052744432,5,2,6,NA,NA,NA,NA,NA,NA,NA,NA,Iona,Fairfield
401020184,2018-03-05,Iona,Fairfield,287,2,06:25:00,385,385,Wassef Methnani Steal.,68,56,12,0,0.9798993017676982,0.9661987052744432,5,2,6,NA,NA,NA,NA,NA,NA,NA,NA,Iona,Fairfield
401020184,2018-03-05,Iona,Fairfield,288,2,06:18:00,378,378,Ferron Flavors Jr. missed Three Point Jumper.,68,56,12,7,0.9804392682692306,0.9672124099401914,5,2,6,11,21.93333333333333,Fairfield,missed,Ferron Flavors Jr.,NA,TRUE,FALSE,Fairfield,Fairfield
401020184,2018-03-05,Iona,Fairfield,289,2,06:18:00,378,378,Wassef Methnani Offensive Rebound.,68,56,12,0,0.9804392682692306,0.9672124099401914,5,2,6,NA,NA,NA,NA,NA,NA,NA,NA,Fairfield,Fairfield
401020184,2018-03-05,Iona,Fairfield,290,2,06:09:00,369,369,Wassef Methnani missed Layup.,68,56,12,9,0.9811416864569804,0.968523926974828,5,2,6,23,5.222222222222221,Fairfield,missed,Wassef Methnani,NA,FALSE,FALSE,Fairfield,Iona
401020184,2018-03-05,Iona,Fairfield,291,2,06:09:00,369,369,Iona Defensive Rebound.,68,56,12,0,0.9811416864569804,0.968523926974828,5,2,6,NA,NA,NA,NA,NA,NA,NA,NA,Fairfield,Iona
401020184,2018-03-05,Iona,Fairfield,292,2,05:37:00,337,337,E.J. Crawford made Layup. Assisted by Zach Lewis.,70,56,14,32,0.991093991752798,0.9853024755710024,5,2,6,23,87.94222222222221,Iona,made,E.J. Crawford,Zach Lewis,FALSE,FALSE,Iona,Fairfield
401020184,2018-03-05,Iona,Fairfield,293,2,05:31:00,331,331,Tyler Nelson made Three Point Jumper.,70,59,11,6,0.9790482868218484,0.9658145237177448,5,2,6,5,15.666666666666664,Fairfield,made,Tyler Nelson,NA,TRUE,FALSE,Fairfield,Iona
401020184,2018-03-05,Iona,Fairfield,294,2,05:03:00,303,303,Rickey McGill missed Jumper.,70,59,11,28,0.982440533673355,0.9717722339985376,5,2,6,32,73.32,Iona,missed,Rickey McGill,NA,FALSE,FALSE,Iona,Fairfield
401020184,2018-03-05,Iona,Fairfield,295,2,05:03:00,303,303,Wassef Methnani Defensive Rebound.,70,59,11,0,0.982440533673355,0.9717722339985376,5,2,6,NA,NA,NA,NA,NA,NA,NA,NA,Iona,Fairfield
401020184,2018-03-05,Iona,Fairfield,296,2,04:51:00,291,291,Tyler Nelson missed Jumper.,70,59,11,12,0.9828825322530867,0.9726766202926398,5,2,6,28,19.84444444444444,Fairfield,missed,Tyler Nelson,NA,FALSE,FALSE,Fairfield,Iona
401020184,2018-03-05,Iona,Fairfield,297,2,04:51:00,291,291,Rickey McGill Defensive Rebound.,70,59,11,0,0.9828825322530867,0.9726766202926398,5,2,6,NA,NA,NA,NA,NA,NA,NA,NA,Fairfield,Iona
401020184,2018-03-05,Iona,Fairfield,298,2,04:23:00,263,263,Foul on Tyler Nelson.,70,59,11,28,0.981622023553911,0.9711846461306144,5,2,6,NA,NA,NA,NA,NA,NA,NA,NA,Iona,Fairfield
401020184,2018-03-05,Iona,Fairfield,299,2,04:23:00,263,263,E.J. Crawford made Free Throw.,71,59,12,0,0.9865844690102316,0.9789048401431054,5,2,6,25,87.94222222222221,Iona,made,E.J. Crawford,NA,FALSE,TRUE,Iona,Iona
401020184,2018-03-05,Iona,Fairfield,300,2,04:23:00,263,263,Fairfield  Timeout,71,59,12,0,0.9865844690102316,0.9789048401431054,5,1,6,NA,NA,NA,NA,NA,NA,NA,NA,Iona,Fairfield
401020184,2018-03-05,Iona,Fairfield,301,2,04:23:00,263,263,E.J. Crawford missed Free Throw.,71,59,12,0,0.9865844690102316,0.9789048401431054,5,1,6,25,87.94222222222221,Iona,missed,E.J. Crawford,NA,FALSE,TRUE,Iona,Fairfield
401020184,2018-03-05,Iona,Fairfield,302,2,04:23:00,263,263,Ferron Flavors Jr. Defensive Rebound.,71,59,12,0,0.9865844690102316,0.9789048401431054,5,1,6,NA,NA,NA,NA,NA,NA,NA,NA,Iona,Fairfield
401020184,2018-03-05,Iona,Fairfield,303,2,04:22:00,262,262,Foul on E.J. Crawford.,71,59,12,1,0.9865268996489992,0.9788282884392866,5,1,6,NA,NA,NA,NA,NA,NA,NA,NA,Fairfield,Fairfield
401020184,2018-03-05,Iona,Fairfield,304,2,04:22:00,262,262,Ferron Flavors Jr. missed Free Throw.,71,59,12,0,0.9865268996489992,0.9788282884392866,5,1,6,25,4.177777777777778,Fairfield,missed,Ferron Flavors Jr.,NA,FALSE,TRUE,Fairfield,Iona
401020184,2018-03-05,Iona,Fairfield,305,2,04:22:00,262,262,E.J. Crawford Defensive Rebound.,71,59,12,0,0.9865268996489992,0.9788282884392866,5,1,6,NA,NA,NA,NA,NA,NA,NA,NA,Fairfield,Iona
401020184,2018-03-05,Iona,Fairfield,306,2,04:01:00,241,241,E.J. Crawford missed Layup.,71,59,12,21,0.9855059702804506,0.9775420526209568,5,1,6,28.000000000000004,87.94222222222221,Iona,missed,E.J. Crawford,NA,FALSE,FALSE,Iona,Fairfield
401020184,2018-03-05,Iona,Fairfield,307,2,04:01:00,241,241,Fairfield Defensive Rebound.,71,59,12,0,0.9855059702804506,0.9775420526209568,5,1,6,NA,NA,NA,NA,NA,NA,NA,NA,Iona,Fairfield
401020184,2018-03-05,Iona,Fairfield,308,2,03:33:00,213,213,Foul on Roland Griffin.,71,59,12,28,0.9865702841800684,0.979581773617149,5,1,6,NA,NA,NA,NA,NA,NA,NA,NA,Fairfield,Fairfield
401020184,2018-03-05,Iona,Fairfield,309,2,03:33:00,213,213,Ferron Flavors Jr. made Free Throw.,71,60,11,0,0.9815524987248612,0.9720268857182582,5,1,6,25,4.177777777777778,Fairfield,made,Ferron Flavors Jr.,NA,FALSE,TRUE,Fairfield,Fairfield
401020184,2018-03-05,Iona,Fairfield,310,2,03:33:00,213,213,Ferron Flavors Jr. made Free Throw.,71,61,10,0,0.9747079661145244,0.961785685398329,5,1,6,25,4.177777777777778,Fairfield,made,Ferron Flavors Jr.,NA,FALSE,TRUE,Fairfield,Iona
401020184,2018-03-05,Iona,Fairfield,311,2,03:16:00,196,196,Roland Griffin made Layup. Assisted by Rickey McGill.,73,61,12,17,0.9893788713437252,0.9840397460839244,5,1,6,28.000000000000004,86.89777777777778,Iona,made,Roland Griffin,Rickey McGill,FALSE,FALSE,Iona,Fairfield
401020184,2018-03-05,Iona,Fairfield,312,2,02:58:00,178,178,Ferron Flavors Jr. missed Three Point Jumper.,73,61,12,18,0.993017428659222,0.9896461233301052,5,1,6,18,27.15555555555555,Fairfield,missed,Ferron Flavors Jr.,NA,TRUE,FALSE,Fairfield,Fairfield
401020184,2018-03-05,Iona,Fairfield,313,2,02:58:00,178,178,Jerome Segura Offensive Rebound.,73,61,12,0,0.993017428659222,0.9896461233301052,5,1,6,NA,NA,NA,NA,NA,NA,NA,NA,Fairfield,Fairfield
401020184,2018-03-05,Iona,Fairfield,314,2,02:39:00,159,159,Jesus Cruz missed Three Point Jumper.,73,61,12,19,0.995710829367794,0.9937370947134953,5,1,6,46,13.577777777777776,Fairfield,missed,Jesus Cruz,NA,TRUE,FALSE,Fairfield,Fairfield
401020184,2018-03-05,Iona,Fairfield,315,2,02:39:00,159,159,Wassef Methnani Offensive Rebound.,73,61,12,0,0.995710829367794,0.9937370947134953,5,1,6,NA,NA,NA,NA,NA,NA,NA,NA,Fairfield,Fairfield
401020184,2018-03-05,Iona,Fairfield,316,2,02:39:00,159,159,Wassef Methnani made Two Point Tip Shot.,73,63,10,0,0.990076652752166,0.9855478869645046,5,1,6,25,5.222222222222221,Fairfield,made,Wassef Methnani,NA,FALSE,FALSE,Fairfield,Iona
401020184,2018-03-05,Iona,Fairfield,317,2,02:07:00,127,127,Rickey McGill missed Layup.,73,63,10,32,0.9956577014128236,0.9938458869304504,5,1,6,26,86.89777777777778,Iona,missed,Rickey McGill,NA,FALSE,FALSE,Iona,Fairfield
401020184,2018-03-05,Iona,Fairfield,318,2,02:07:00,127,127,Wassef Methnani Block.,73,63,10,0,0.9956577014128236,0.9938458869304504,5,1,6,NA,NA,NA,NA,NA,NA,NA,NA,Iona,Fairfield
401020184,2018-03-05,Iona,Fairfield,319,2,02:07:00,127,127,Rickey McGill Offensive Rebound.,73,63,10,0,0.9956577014128236,0.9938458869304504,5,1,6,NA,NA,NA,NA,NA,NA,NA,NA,Iona,Fairfield
401020184,2018-03-05,Iona,Fairfield,320,2,02:07:00,127,127,Foul on Wassef Methnani.,73,63,10,0,0.9956577014128236,0.9938458869304504,5,1,6,NA,NA,NA,NA,NA,NA,NA,NA,Iona,Fairfield
401020184,2018-03-05,Iona,Fairfield,321,2,02:07:00,127,127,Technical Foul on Wassef Methnani.,73,63,10,0,0.9956577014128236,0.9938458869304504,5,1,6,NA,NA,NA,NA,NA,NA,NA,NA,Iona,Fairfield
401020184,2018-03-05,Iona,Fairfield,322,2,02:07:00,127,127,Foul on Wassef Methnani.,73,63,10,0,0.9956577014128236,0.9938458869304504,5,1,6,NA,NA,NA,NA,NA,NA,NA,NA,Iona,Fairfield
401020184,2018-03-05,Iona,Fairfield,323,2,02:07:00,127,127,Technical Foul on E.J. Crawford.,73,63,10,0,0.9956577014128236,0.9938458869304504,5,1,6,NA,NA,NA,NA,NA,NA,NA,NA,Iona,Fairfield
401020184,2018-03-05,Iona,Fairfield,324,2,02:07:00,127,127,Foul on E.J. Crawford.,73,63,10,0,0.9956577014128236,0.9938458869304504,5,1,6,NA,NA,NA,NA,NA,NA,NA,NA,Iona,Fairfield
401020184,2018-03-05,Iona,Fairfield,325,2,02:07:00,127,127,Rickey McGill made Free Throw.,74,63,11,0,0.997383886294115,0.9962896346021796,5,1,6,25,87.94222222222221,Iona,made,Rickey McGill,NA,FALSE,TRUE,Iona,Iona
401020184,2018-03-05,Iona,Fairfield,326,2,02:07:00,127,127,Rickey McGill missed Free Throw.,74,63,11,0,0.997383886294115,0.9962896346021796,5,1,6,25,87.94222222222221,Iona,missed,Rickey McGill,NA,FALSE,TRUE,Iona,Fairfield
401020184,2018-03-05,Iona,Fairfield,327,2,02:07:00,127,127,Ferron Flavors Jr. Defensive Rebound.,74,63,11,0,0.997383886294115,0.9962896346021796,5,1,6,NA,NA,NA,NA,NA,NA,NA,NA,Iona,Fairfield
401020184,2018-03-05,Iona,Fairfield,328,2,01:50:00,110,110,Jonathan Kasibabu made Layup. Assisted by Jerome Segura.,74,65,9,17,0.9956516034204272,0.9939403475393204,5,1,6,28,5.222222222222221,Fairfield,made,Jonathan Kasibabu,Jerome Segura,FALSE,FALSE,Fairfield,Iona
401020184,2018-03-05,Iona,Fairfield,329,2,01:50:00,110,110,Foul on E.J. Crawford.,74,65,9,0,0.9956516034204272,0.9939403475393204,5,1,6,NA,NA,NA,NA,NA,NA,NA,NA,Fairfield,Fairfield
401020184,2018-03-05,Iona,Fairfield,330,2,01:50:00,110,110,Jonathan Kasibabu missed Free Throw.,74,65,9,0,0.9956516034204272,0.9939403475393204,5,1,6,25,4.177777777777778,Fairfield,missed,Jonathan Kasibabu,NA,FALSE,TRUE,Fairfield,Iona
401020184,2018-03-05,Iona,Fairfield,331,2,01:50:00,110,110,E.J. Crawford Defensive Rebound.,74,65,9,0,0.9956516034204272,0.9939403475393204,5,1,6,NA,NA,NA,NA,NA,NA,NA,NA,Fairfield,Iona
401020184,2018-03-05,Iona,Fairfield,332,2,01:34:00,94,94,Foul on Tyler Nelson.,74,65,9,16,0.9975433905012896,0.996630734170354,5,1,6,NA,NA,NA,NA,NA,NA,NA,NA,Iona,Fairfield
401020184,2018-03-05,Iona,Fairfield,333,2,01:34:00,94,94,Schadrac Casimir made Free Throw.,75,65,10,0,0.998692984054506,0.998206646046968,5,1,6,25,87.94222222222221,Iona,made,Schadrac Casimir,NA,FALSE,TRUE,Iona,Iona
401020184,2018-03-05,Iona,Fairfield,334,2,01:34:00,94,94,Schadrac Casimir missed Free Throw.,75,65,10,0,0.998692984054506,0.998206646046968,5,1,6,25,87.94222222222221,Iona,missed,Schadrac Casimir,NA,FALSE,TRUE,Iona,Fairfield
401020184,2018-03-05,Iona,Fairfield,335,2,01:34:00,94,94,Tyler Nelson Defensive Rebound.,75,65,10,0,0.998692984054506,0.998206646046968,5,1,6,NA,NA,NA,NA,NA,NA,NA,NA,Iona,Fairfield
401020184,2018-03-05,Iona,Fairfield,336,2,01:26:00,86,86,Jesus Cruz made Layup.,75,67,8,8,0.996501780394514,0.9952449036719188,5,1,6,26,5.222222222222221,Fairfield,made,Jesus Cruz,NA,FALSE,FALSE,Fairfield,Iona
401020184,2018-03-05,Iona,Fairfield,337,2,01:14:00,74,74,Foul on Jesus Cruz.,75,67,8,12,0.9977431040541808,0.996970901886939,5,1,6,NA,NA,NA,NA,NA,NA,NA,NA,Iona,Fairfield
401020184,2018-03-05,Iona,Fairfield,338,2,01:14:00,74,74,Zach Lewis missed Free Throw.,75,67,8,0,0.9977431040541808,0.996970901886939,5,1,6,25,87.94222222222221,Iona,missed,Zach Lewis,NA,FALSE,TRUE,Iona,Fairfield
401020184,2018-03-05,Iona,Fairfield,339,2,01:14:00,74,74,Jonathan Kasibabu Defensive Rebound.,75,67,8,0,0.9977431040541808,0.996970901886939,5,1,6,NA,NA,NA,NA,NA,NA,NA,NA,Iona,Fairfield
401020184,2018-03-05,Iona,Fairfield,340,2,00:56:00,56,56,Jonathan Kasibabu made Layup. Assisted by Jesus Cruz.,75,69,6,18,0.9944287006715264,0.9926814177201482,5,1,6,23,4.177777777777778,Fairfield,made,Jonathan Kasibabu,Jesus Cruz,FALSE,FALSE,Fairfield,Iona
401020184,2018-03-05,Iona,Fairfield,341,2,00:56:00,56,56,Foul on Ferron Flavors Jr..,75,69,6,0,0.9944287006715264,0.9926814177201482,5,1,6,NA,NA,NA,NA,NA,NA,NA,NA,Iona,Iona
401020184,2018-03-05,Iona,Fairfield,342,2,00:56:00,56,56,Schadrac Casimir made Free Throw.,76,69,7,0,0.9975344512708266,0.996758025063469,5,1,6,25,87.94222222222221,Iona,made,Schadrac Casimir,NA,FALSE,TRUE,Iona,Iona
401020184,2018-03-05,Iona,Fairfield,343,2,00:56:00,56,56,Schadrac Casimir made Free Throw.,77,69,8,0,0.9989107809416108,0.998567152294397,5,1,6,25,87.94222222222221,Iona,made,Schadrac Casimir,NA,FALSE,TRUE,Iona,Fairfield
401020184,2018-03-05,Iona,Fairfield,344,2,00:49:00,49,49,Ferron Flavors Jr. missed Three Point Jumper.,77,69,8,7,0.9991955794236392,0.9989503284089678,5,1,6,13,24.02222222222222,Fairfield,missed,Ferron Flavors Jr.,NA,TRUE,FALSE,Fairfield,Iona
401020184,2018-03-05,Iona,Fairfield,345,2,00:49:00,49,49,Roland Griffin Defensive Rebound.,77,69,8,0,0.9991955794236392,0.9989503284089678,5,1,6,NA,NA,NA,NA,NA,NA,NA,NA,Fairfield,Iona
401020184,2018-03-05,Iona,Fairfield,346,2,00:47:00,47,47,Foul on Jonathan Kasibabu.,77,69,8,2,0.9992640508439948,0.999041922275838,5,1,6,NA,NA,NA,NA,NA,NA,NA,NA,Iona,Iona
401020184,2018-03-05,Iona,Fairfield,347,2,00:47:00,47,47,Roland Griffin made Free Throw.,78,69,9,0,0.9996911408157246,0.9995978672168756,5,1,6,25,87.94222222222221,Iona,made,Roland Griffin,NA,FALSE,TRUE,Iona,Iona
401020184,2018-03-05,Iona,Fairfield,348,2,00:47:00,47,47,Roland Griffin made Free Throw.,79,69,10,0,0.9998704117806568,0.9998312677872548,5,1,6,25,87.94222222222221,Iona,made,Roland Griffin,NA,FALSE,TRUE,Iona,Fairfield
401020184,2018-03-05,Iona,Fairfield,349,2,00:40:00,40,40,Jerome Segura missed Jumper.,79,69,10,7,0.9999133892927308,0.9998881660656024,5,1,6,18,15.666666666666664,Fairfield,missed,Jerome Segura,NA,FALSE,FALSE,Fairfield,Fairfield
401020184,2018-03-05,Iona,Fairfield,350,2,00:40:00,40,40,Jonathan Kasibabu Offensive Rebound.,79,69,10,0,0.9999133892927308,0.9998881660656024,5,1,6,NA,NA,NA,NA,NA,NA,NA,NA,Fairfield,Fairfield
401020184,2018-03-05,Iona,Fairfield,351,2,00:34:00,34,34,Ferron Flavors Jr. missed Three Point Jumper.,79,69,10,6,0.9999394739715364,0.9999224139647576,5,1,6,12,22.977777777777774,Fairfield,missed,Ferron Flavors Jr.,NA,TRUE,FALSE,Fairfield,Iona
401020184,2018-03-05,Iona,Fairfield,352,2,00:34:00,34,34,Rickey McGill Defensive Rebound.,79,69,10,0,0.9999394739715364,0.9999224139647576,5,1,6,NA,NA,NA,NA,NA,NA,NA,NA,Fairfield,Iona
401020184,2018-03-05,Iona,Fairfield,353,2,00:29:00,29,29,TK Edogi made Dunk. Assisted by Rickey McGill.,81,69,12,5,0.9999936950458022,0.9999919672719588,5,1,6,24,86.89777777777778,Iona,made,TK Edogi,Rickey McGill,FALSE,FALSE,Iona,Fairfield
401020184,2018-03-05,Iona,Fairfield,354,2,00:24:00,24,24,Tyler Nelson made Layup.,81,71,10,5,0.999967405528706,0.9999587303921296,5,1,6,25,6.266666666666667,Fairfield,made,Tyler Nelson,NA,FALSE,FALSE,Fairfield,Iona
401020184,2018-03-05,Iona,Fairfield,355,2,00:19:00,19,19,Foul on Jesus Cruz.,81,71,10,5,0.9999763397313944,0.9999702294795416,5,1,6,NA,NA,NA,NA,NA,NA,NA,NA,Iona,Iona
401020184,2018-03-05,Iona,Fairfield,356,2,00:19:00,19,19,Zach Lewis made Free Throw.,82,71,11,0,0.9999916553858884,0.999989500352178,5,1,6,25,87.94222222222221,Iona,made,Zach Lewis,NA,FALSE,TRUE,Iona,Iona
401020184,2018-03-05,Iona,Fairfield,357,2,00:19:00,19,19,Zach Lewis made Free Throw.,83,71,12,0,0.9999970570116732,0.9999962969666816,5,1,6,25,87.94222222222221,Iona,made,Zach Lewis,NA,FALSE,TRUE,Iona,Fairfield
401020184,2018-03-05,Iona,Fairfield,358,2,00:01:00,1,1,Fairfield  Turnover.,83,71,12,18,0.9999993401165876,0.999999188767166,5,1,6,NA,NA,NA,NA,NA,NA,NA,NA,Fairfield,Iona
401020184,2018-03-05,Iona,Fairfield,359,2,00:00:00,0,0,End of Game,83,71,12,1,1,1,5,1,6,NA,NA,NA,NA,NA,NA,NA,NA,Iona,NA
