game_id,date,home,away,play_id,half,time_remaining_half,secs_remaining,secs_remaining_absolute,description,home_score,away_score,score_diff,play_length,win_prob,naive_win_prob,home_time_out_remaining,away_time_out_remaining,home_favored_by,shot_x,shot_y,shot_team,shot_outcome,shooter,assist,three_pt,free_throw,possession_before,possession_after
400991596,2018-01-12,Yale,Brown,1,1,20:00:00,2400,2400,PLAY,0,0,0,0,0.7662380447066477,0.5,4,4,7.4,NA,NA,NA,NA,NA,NA,NA,NA,NA,Brown
400991596,2018-01-12,Yale,Brown,2,1,19:45:00,2385,2385,Matt DeWolf Turnover.,0,0,0,15,0.7659186426265606,0.5,4,4,7.4,NA,NA,NA,NA,NA,NA,NA,NA,Brown,Yale
400991596,2018-01-12,Yale,Brown,3,1,19:44:00,2384,2384,Paul Atkinson Steal.,0,0,0,1,0.7658971346327238,0.5,4,4,7.4,NA,NA,NA,NA,NA,NA,NA,NA,Brown,Yale
400991596,2018-01-12,Yale,Brown,4,1,19:32:00,2372,2372,Miye Oni made Jumper.,2,0,2,12,0.7962119044494214,0.5446180346713736,4,4,7.4,NA,NA,Yale,made,Miye Oni,NA,FALSE,FALSE,Yale,Brown
400991596,2018-01-12,Yale,Brown,5,1,19:15:00,2355,2355,Desmond Cambridge Turnover.,2,0,2,17,0.7961112043195666,0.5449827561110013,4,4,7.4,NA,NA,NA,NA,NA,NA,NA,NA,Brown,Yale
400991596,2018-01-12,Yale,Brown,6,1,19:01:00,2341,2341,Trey Phills made Layup. Assisted by Blake Reynolds.,4,0,4,14,0.8239401978863936,0.5898350106021495,4,4,7.4,NA,NA,Yale,made,Trey Phills,Blake Reynolds,FALSE,FALSE,Yale,Brown
400991596,2018-01-12,Yale,Brown,7,1,18:46:00,2326,2326,Brandon Anderson Turnover.,4,0,4,15,0.8240460103099159,0.5904741331517216,4,4,7.4,NA,NA,NA,NA,NA,NA,NA,NA,Brown,Yale
400991596,2018-01-12,Yale,Brown,8,1,18:46:00,2326,2326,Paul Atkinson Steal.,4,0,4,0,0.8240460103099159,0.5904741331517216,4,4,7.4,NA,NA,NA,NA,NA,NA,NA,NA,Brown,Yale
400991596,2018-01-12,Yale,Brown,9,1,18:36:00,2316,2316,Miye Oni missed Layup.,4,0,4,10,0.8241154599223469,0.5909029385104733,4,4,7.4,NA,NA,Yale,missed,Miye Oni,NA,FALSE,FALSE,Yale,Brown
400991596,2018-01-12,Yale,Brown,10,1,18:36:00,2316,2316,Desmond Cambridge Defensive Rebound.,4,0,4,0,0.8241154599223469,0.5909029385104733,4,4,7.4,NA,NA,NA,NA,NA,NA,NA,NA,Yale,Brown
400991596,2018-01-12,Yale,Brown,11,1,18:26:00,2306,2306,Desmond Cambridge missed Three Point Jumper.,4,0,4,10,0.8241839316445962,0.5913338005751095,4,4,7.4,NA,NA,Brown,missed,Desmond Cambridge,NA,TRUE,FALSE,Brown,Yale
400991596,2018-01-12,Yale,Brown,12,1,18:26:00,2306,2306,Eric Monroe Defensive Rebound.,4,0,4,0,0.8241839316445962,0.5913338005751095,4,4,7.4,NA,NA,NA,NA,NA,NA,NA,NA,Brown,Yale
400991596,2018-01-12,Yale,Brown,13,1,18:10:00,2290,2290,Paul Atkinson made Jumper. Assisted by Trey Phills.,6,0,6,16,0.849651715630943,0.636111900519958,4,4,7.4,NA,NA,Yale,made,Paul Atkinson,Trey Phills,FALSE,FALSE,Yale,Brown
400991596,2018-01-12,Yale,Brown,14,1,18:07:00,2287,2287,Brown  Timeout,6,0,6,3,0.8497036795741092,0.6362995359766949,3,4,7.4,NA,NA,NA,NA,NA,NA,NA,NA,Brown,Brown
400991596,2018-01-12,Yale,Brown,15,1,17:54:00,2274,2274,Joshua Howard missed Three Point Jumper.,6,0,6,13,0.849928055420498,0.6371149273039428,3,4,7.4,NA,NA,Brown,missed,Joshua Howard,NA,TRUE,FALSE,Brown,Yale
400991596,2018-01-12,Yale,Brown,16,1,17:54:00,2274,2274,Miye Oni Defensive Rebound.,6,0,6,0,0.849928055420498,0.6371149273039428,3,4,7.4,NA,NA,NA,NA,NA,NA,NA,NA,Brown,Yale
400991596,2018-01-12,Yale,Brown,17,1,17:47:00,2267,2267,Foul on Joshua Howard.,6,0,6,7,0.8500482778496664,0.6375554525595153,3,4,7.4,NA,NA,NA,NA,NA,NA,NA,NA,Yale,Yale
400991596,2018-01-12,Yale,Brown,18,1,17:34:00,2254,2254,Miye Oni made Layup. Assisted by Eric Monroe.,8,0,8,13,0.8728241701927267,0.6808680170981756,3,4,7.4,NA,NA,Yale,made,Miye Oni,Eric Monroe,FALSE,FALSE,Yale,Brown
400991596,2018-01-12,Yale,Brown,19,1,17:25:00,2245,2245,Zach Hunsaker made Three Point Jumper. Assisted by Desmond Cambridge.,8,3,5,9,0.8379142245695009,0.6167225772064789,3,4,7.4,NA,NA,Brown,made,Zach Hunsaker,Desmond Cambridge,TRUE,FALSE,Brown,Yale
400991596,2018-01-12,Yale,Brown,20,1,16:56:00,2216,2216,Miye Oni made Three Point Jumper. Assisted by Trey Phills.,11,3,8,29,0.8737657205905761,0.6838949969290018,3,4,7.4,NA,NA,Yale,made,Miye Oni,Trey Phills,TRUE,FALSE,Yale,Brown
400991596,2018-01-12,Yale,Brown,21,1,16:30:00,2190,2190,Joshua Howard missed Layup.,11,3,8,26,0.8743996080021234,0.6859752075874177,3,4,7.4,NA,NA,Brown,missed,Joshua Howard,NA,FALSE,FALSE,Brown,Yale
400991596,2018-01-12,Yale,Brown,22,1,16:30:00,2190,2190,Eric Monroe Defensive Rebound.,11,3,8,0,0.8743996080021234,0.6859752075874177,3,4,7.4,NA,NA,NA,NA,NA,NA,NA,NA,Brown,Yale
400991596,2018-01-12,Yale,Brown,23,1,16:12:00,2172,2172,Eric Monroe missed Three Point Jumper.,11,3,8,18,0.8748323474661603,0.6874176003840284,3,4,7.4,NA,NA,Yale,missed,Eric Monroe,NA,TRUE,FALSE,Yale,Brown
400991596,2018-01-12,Yale,Brown,24,1,16:12:00,2172,2172,Tamenang Choh Defensive Rebound.,11,3,8,0,0.8748323474661603,0.6874176003840284,3,4,7.4,NA,NA,NA,NA,NA,NA,NA,NA,Yale,Brown
400991596,2018-01-12,Yale,Brown,25,1,15:52:00,2152,2152,Tamenang Choh Turnover.,11,3,8,20,0.8753079091288501,0.6890232893342941,3,4,7.4,NA,NA,NA,NA,NA,NA,NA,NA,Brown,Yale
400991596,2018-01-12,Yale,Brown,26,1,15:52:00,2152,2152,Official TV Timeout,11,3,8,0,0.8753079091288501,0.6890232893342941,3,4,7.4,NA,NA,NA,NA,NA,NA,NA,NA,Brown,Yale
400991596,2018-01-12,Yale,Brown,27,1,15:38:00,2138,2138,Eric Monroe Turnover.,11,3,8,14,0.8756387424733452,0.6901511062504708,3,4,7.4,NA,NA,NA,NA,NA,NA,NA,NA,Yale,Brown
400991596,2018-01-12,Yale,Brown,28,1,15:36:00,2136,2136,Tamenang Choh Steal.,11,3,8,2,0.8756858819021743,0.6903125016024283,3,4,7.4,NA,NA,NA,NA,NA,NA,NA,NA,Yale,Brown
400991596,2018-01-12,Yale,Brown,29,1,15:21:00,2121,2121,Brandon Anderson missed Three Point Jumper.,11,3,8,15,0.8760385554788759,0.6915253206892825,3,4,7.4,NA,NA,Brown,missed,Brandon Anderson,NA,TRUE,FALSE,Brown,Yale
400991596,2018-01-12,Yale,Brown,30,1,15:21:00,2121,2121,Trey Phills Defensive Rebound.,11,3,8,0,0.8760385554788759,0.6915253206892825,3,4,7.4,NA,NA,NA,NA,NA,NA,NA,NA,Brown,Yale
400991596,2018-01-12,Yale,Brown,31,1,15:14:00,2114,2114,Trey Phills made Layup.,13,3,10,7,0.8965468694062073,0.7334899486965208,3,4,7.4,NA,NA,Yale,made,Trey Phills,NA,FALSE,FALSE,Yale,Brown
400991596,2018-01-12,Yale,Brown,32,1,15:14:00,2114,2114,Foul on Zach Hunsaker.,13,3,10,0,0.8965468694062073,0.7334899486965208,3,4,7.4,NA,NA,NA,NA,NA,NA,NA,NA,Yale,Brown
400991596,2018-01-12,Yale,Brown,33,1,15:14:00,2114,2114,Trey Phills made Free Throw.,14,3,11,0,0.9055671215596928,0.7528074931627997,3,4,7.4,NA,NA,Yale,made,Trey Phills,NA,FALSE,TRUE,Yale,Brown
400991596,2018-01-12,Yale,Brown,34,1,14:46:00,2086,2086,Brandon Anderson Turnover.,14,3,11,28,0.9064242129969236,0.7555406785728687,3,4,7.4,NA,NA,NA,NA,NA,NA,NA,NA,Brown,Yale
400991596,2018-01-12,Yale,Brown,35,1,14:36:00,2076,2076,Miye Oni missed Layup.,14,3,11,10,0.9067296073970044,0.7565196774594788,3,4,7.4,NA,NA,Yale,missed,Miye Oni,NA,FALSE,FALSE,Yale,Brown
400991596,2018-01-12,Yale,Brown,36,1,14:36:00,2076,2076,Tamenang Choh Defensive Rebound.,14,3,11,0,0.9067296073970044,0.7565196774594788,3,4,7.4,NA,NA,NA,NA,NA,NA,NA,NA,Yale,Brown
400991596,2018-01-12,Yale,Brown,37,1,14:35:00,2075,2075,Foul on Miye Oni.,14,3,11,1,0.9067601316126944,0.7566176674940555,3,4,7.4,NA,NA,NA,NA,NA,NA,NA,NA,Brown,Brown
400991596,2018-01-12,Yale,Brown,38,1,14:31:00,2071,2071,Brandon Anderson made Jumper.,14,5,9,4,0.887906912560687,0.7170235598149686,3,4,7.4,NA,NA,Brown,made,Brandon Anderson,NA,FALSE,FALSE,Brown,Yale
400991596,2018-01-12,Yale,Brown,39,1,14:17:00,2057,2057,Trey Phills Turnover.,14,5,9,14,0.8882751960476343,0.7182649177709143,3,4,7.4,NA,NA,NA,NA,NA,NA,NA,NA,Yale,Brown
400991596,2018-01-12,Yale,Brown,40,1,14:08:00,2048,2048,Brandon Anderson made Three Point Jumper. Assisted by Obi Okolie.,14,8,6,9,0.8535041085446444,0.6517076236015316,3,4,7.4,NA,NA,Brown,made,Brandon Anderson,Obi Okolie,TRUE,FALSE,Brown,Yale
400991596,2018-01-12,Yale,Brown,41,1,13:50:00,2030,2030,Noah Yates missed Three Point Jumper.,14,8,6,18,0.8537703656210167,0.652912730006935,3,4,7.4,NA,NA,Yale,missed,Noah Yates,NA,TRUE,FALSE,Yale,Yale
400991596,2018-01-12,Yale,Brown,42,1,13:50:00,2030,2030,Miye Oni Offensive Rebound.,14,8,6,0,0.8537703656210167,0.652912730006935,3,4,7.4,NA,NA,NA,NA,NA,NA,NA,NA,Yale,Yale
400991596,2018-01-12,Yale,Brown,43,1,13:31:00,2011,2011,Foul on Jason Massey.,14,8,6,19,0.8540507605197969,0.6541944066618746,3,4,7.4,NA,NA,NA,NA,NA,NA,NA,NA,Yale,Yale
400991596,2018-01-12,Yale,Brown,44,1,13:20:00,2000,2000,Paul Atkinson made Layup. Assisted by Miye Oni.,16,8,8,11,0.8788562907316889,0.7014978298400719,3,4,7.4,NA,NA,Yale,made,Paul Atkinson,Miye Oni,FALSE,FALSE,Yale,Brown
400991596,2018-01-12,Yale,Brown,45,1,13:11:00,1991,1991,Brandon Anderson made Layup.,16,10,6,9,0.8543457125316175,0.6555548179418867,3,4,7.4,NA,NA,Brown,made,Brandon Anderson,NA,FALSE,FALSE,Brown,Yale
400991596,2018-01-12,Yale,Brown,46,1,12:59:00,1979,1979,Noah Yates Turnover.,16,10,6,12,0.8545228151122255,0.6563768806196062,3,4,7.4,NA,NA,NA,NA,NA,NA,NA,NA,Yale,Brown
400991596,2018-01-12,Yale,Brown,47,1,12:58:00,1978,1978,Brandon Anderson Steal.,16,10,6,1,0.8545375831262888,0.6564455884686835,3,4,7.4,NA,NA,NA,NA,NA,NA,NA,NA,Yale,Brown
400991596,2018-01-12,Yale,Brown,48,1,12:54:00,1974,1974,Brandon Anderson Turnover.,16,10,6,4,0.8545966737097238,0.6567207361162346,3,4,7.4,NA,NA,NA,NA,NA,NA,NA,NA,Brown,Yale
400991596,2018-01-12,Yale,Brown,49,1,12:52:00,1972,1972,Alex Copeland Steal.,16,10,6,2,0.8546262310956516,0.6568585008040426,3,4,7.4,NA,NA,NA,NA,NA,NA,NA,NA,Brown,Yale
400991596,2018-01-12,Yale,Brown,50,1,12:41:00,1961,1961,Paul Atkinson made Layup. Assisted by Azar Swain.,18,10,8,11,0.8797677880348811,0.7048010224284424,3,4,7.4,NA,NA,Yale,made,Paul Atkinson,Azar Swain,FALSE,FALSE,Yale,Brown
400991596,2018-01-12,Yale,Brown,51,1,12:22:00,1942,1942,Foul on Noah Yates.,18,10,8,19,0.880214811782258,0.7064289381299491,3,4,7.4,NA,NA,NA,NA,NA,NA,NA,NA,Brown,Brown
400991596,2018-01-12,Yale,Brown,52,1,12:16:00,1936,1936,Foul on Noah Yates.,18,10,8,6,0.880356492206446,0.7069456951111333,3,4,7.4,NA,NA,NA,NA,NA,NA,NA,NA,Brown,Brown
400991596,2018-01-12,Yale,Brown,53,1,12:16:00,1936,1936,Obi Okolie made Free Throw.,18,11,7,0,0.8682685742099794,0.683633678697607,3,4,7.4,NA,NA,Brown,made,Obi Okolie,NA,FALSE,TRUE,Brown,Brown
400991596,2018-01-12,Yale,Brown,54,1,12:16:00,1936,1936,Obi Okolie missed Free Throw.,18,11,7,0,0.8682685742099794,0.683633678697607,3,4,7.4,NA,NA,Brown,missed,Obi Okolie,NA,FALSE,TRUE,Brown,Yale
400991596,2018-01-12,Yale,Brown,55,1,12:16:00,1936,1936,Paul Atkinson Defensive Rebound.,18,11,7,0,0.8682685742099794,0.683633678697607,3,4,7.4,NA,NA,NA,NA,NA,NA,NA,NA,Brown,Yale
400991596,2018-01-12,Yale,Brown,56,1,11:59:00,1919,1919,Alex Copeland missed Layup.,18,11,7,17,0.8686022572021223,0.6849743904095628,3,4,7.4,NA,NA,Yale,missed,Alex Copeland,NA,FALSE,FALSE,Yale,Yale
400991596,2018-01-12,Yale,Brown,57,1,11:59:00,1919,1919,Desmond Cambridge Block.,18,11,7,0,0.8686022572021223,0.6849743904095628,3,4,7.4,NA,NA,NA,NA,NA,NA,NA,NA,Yale,Yale
400991596,2018-01-12,Yale,Brown,58,1,11:57:00,1917,1917,Blake Reynolds Offensive Rebound.,18,11,7,2,0.8686409765247352,0.6851318079709373,3,4,7.4,NA,NA,NA,NA,NA,NA,NA,NA,Yale,Yale
400991596,2018-01-12,Yale,Brown,59,1,11:53:00,1913,1913,Azar Swain made Jumper. Assisted by Blake Reynolds.,20,11,9,4,0.8920851101383432,0.7313461652015346,3,4,7.4,NA,NA,Yale,made,Azar Swain,Blake Reynolds,FALSE,FALSE,Yale,Brown
400991596,2018-01-12,Yale,Brown,60,1,11:34:00,1894,1894,Desmond Cambridge missed Three Point Jumper.,20,11,9,19,0.892578771346499,0.7330914909882831,3,4,7.4,NA,NA,Brown,missed,Desmond Cambridge,NA,TRUE,FALSE,Brown,Brown
400991596,2018-01-12,Yale,Brown,61,1,11:34:00,1894,1894,Tamenang Choh Offensive Rebound.,20,11,9,0,0.892578771346499,0.7330914909882831,3,4,7.4,NA,NA,NA,NA,NA,NA,NA,NA,Brown,Brown
400991596,2018-01-12,Yale,Brown,62,1,11:23:00,1883,1883,Tamenang Choh Turnover.,20,11,9,11,0.8928606047520585,0.734098614731282,3,4,7.4,NA,NA,NA,NA,NA,NA,NA,NA,Brown,Yale
400991596,2018-01-12,Yale,Brown,63,1,11:23:00,1883,1883,Official TV Timeout,20,11,9,0,0.8928606047520585,0.734098614731282,3,4,7.4,NA,NA,NA,NA,NA,NA,NA,NA,Brown,Yale
400991596,2018-01-12,Yale,Brown,64,1,11:11:00,1871,1871,Miye Oni made Three Point Jumper. Assisted by Jameel Alausa.,23,11,12,12,0.9215699342909942,0.7960076964289736,3,4,7.4,NA,NA,Yale,made,Miye Oni,Jameel Alausa,TRUE,FALSE,Yale,Brown
400991596,2018-01-12,Yale,Brown,65,1,10:55:00,1855,1855,Desmond Cambridge missed Jumper.,23,11,12,16,0.9220554531528928,0.797630893310101,3,4,7.4,NA,NA,Brown,missed,Desmond Cambridge,NA,FALSE,FALSE,Brown,Yale
400991596,2018-01-12,Yale,Brown,66,1,10:55:00,1855,1855,Alex Copeland Defensive Rebound.,23,11,12,0,0.9220554531528928,0.797630893310101,3,4,7.4,NA,NA,NA,NA,NA,NA,NA,NA,Brown,Yale
400991596,2018-01-12,Yale,Brown,67,1,10:47:00,1847,1847,Alex Copeland made Layup.,25,11,14,8,0.9372271575521496,0.8328566242657268,3,4,7.4,NA,NA,Yale,made,Alex Copeland,NA,FALSE,FALSE,Yale,Brown
400991596,2018-01-12,Yale,Brown,68,1,10:43:00,1843,1843,Brown  Timeout,25,11,14,4,0.9373507476489396,0.8332651309339026,2,4,7.4,NA,NA,NA,NA,NA,NA,NA,NA,Brown,Brown
400991596,2018-01-12,Yale,Brown,69,1,10:25:00,1825,1825,Obi Okolie missed Three Point Jumper.,25,11,14,18,0.937905137067856,0.8351004372379156,2,4,7.4,NA,NA,Brown,missed,Obi Okolie,NA,TRUE,FALSE,Brown,Yale
400991596,2018-01-12,Yale,Brown,70,1,10:25:00,1825,1825,Azar Swain Defensive Rebound.,25,11,14,0,0.937905137067856,0.8351004372379156,2,4,7.4,NA,NA,NA,NA,NA,NA,NA,NA,Brown,Yale
400991596,2018-01-12,Yale,Brown,71,1,10:23:00,1823,1823,Foul on Desmond Cambridge.,25,11,14,2,0.9379666026390082,0.8353041490508498,2,4,7.4,NA,NA,NA,NA,NA,NA,NA,NA,Yale,Yale
400991596,2018-01-12,Yale,Brown,72,1,10:03:00,1803,1803,Azar Swain missed Layup.,25,11,14,20,0.9385806031800836,0.8373405435943664,2,4,7.4,NA,NA,Yale,missed,Azar Swain,NA,FALSE,FALSE,Yale,Brown
400991596,2018-01-12,Yale,Brown,73,1,10:03:00,1803,1803,Matt DeWolf Defensive Rebound.,25,11,14,0,0.9385806031800836,0.8373405435943664,2,4,7.4,NA,NA,NA,NA,NA,NA,NA,NA,Yale,Brown
400991596,2018-01-12,Yale,Brown,74,1,10:02:00,1802,1802,Foul on Jameel Alausa.,25,11,14,1,0.9386112937544464,0.8374423716844497,2,4,7.4,NA,NA,NA,NA,NA,NA,NA,NA,Brown,Brown
400991596,2018-01-12,Yale,Brown,75,1,09:50:00,1790,1790,Desmond Cambridge made Three Point Jumper.,25,14,11,12,0.9153185056667748,0.785011548468012,2,4,7.4,NA,NA,Brown,made,Desmond Cambridge,NA,TRUE,FALSE,Brown,Yale
400991596,2018-01-12,Yale,Brown,76,1,09:32:00,1772,1772,Alex Copeland made Layup.,27,14,13,18,0.9324271867916152,0.8239372174904266,2,4,7.4,NA,NA,Yale,made,Alex Copeland,NA,FALSE,FALSE,Yale,Brown
400991596,2018-01-12,Yale,Brown,77,1,09:23:00,1763,1763,Foul on Azar Swain.,27,14,13,9,0.932704605393061,0.8248625356242272,2,4,7.4,NA,NA,NA,NA,NA,NA,NA,NA,Brown,Brown
400991596,2018-01-12,Yale,Brown,78,1,09:23:00,1763,1763,Desmond Cambridge missed Free Throw.,27,14,13,0,0.932704605393061,0.8248625356242272,2,4,7.4,NA,NA,Brown,missed,Desmond Cambridge,NA,FALSE,TRUE,Brown,Brown
400991596,2018-01-12,Yale,Brown,79,1,09:23:00,1763,1763,Brown Deadball Team Rebound.,27,14,13,0,0.932704605393061,0.8248625356242272,2,4,7.4,NA,NA,NA,NA,NA,NA,NA,NA,Brown,Brown
400991596,2018-01-12,Yale,Brown,80,1,09:23:00,1763,1763,Desmond Cambridge missed Free Throw.,27,14,13,0,0.932704605393061,0.8248625356242272,2,4,7.4,NA,NA,Brown,missed,Desmond Cambridge,NA,FALSE,TRUE,Brown,Brown
400991596,2018-01-12,Yale,Brown,81,1,09:23:00,1763,1763,Brown Deadball Team Rebound.,27,14,13,0,0.932704605393061,0.8248625356242272,2,4,7.4,NA,NA,NA,NA,NA,NA,NA,NA,Brown,Brown
400991596,2018-01-12,Yale,Brown,82,1,09:23:00,1763,1763,Desmond Cambridge missed Free Throw.,27,14,13,0,0.932704605393061,0.8248625356242272,2,4,7.4,NA,NA,Brown,missed,Desmond Cambridge,NA,FALSE,TRUE,Brown,Brown
400991596,2018-01-12,Yale,Brown,83,1,09:23:00,1763,1763,Blake Reynolds Defensive Rebound.,27,14,13,0,0.932704605393061,0.8248625356242272,2,4,7.4,NA,NA,NA,NA,NA,NA,NA,NA,Brown,Brown
400991596,2018-01-12,Yale,Brown,84,1,08:54:00,1734,1734,Paul Atkinson missed Layup.,27,14,13,29,0.9336065859517754,0.8278626137173122,2,4,7.4,NA,NA,Yale,missed,Paul Atkinson,NA,FALSE,FALSE,Yale,Yale
400991596,2018-01-12,Yale,Brown,85,1,08:54:00,1734,1734,Blake Reynolds Offensive Rebound.,27,14,13,0,0.9336065859517754,0.8278626137173122,2,4,7.4,NA,NA,NA,NA,NA,NA,NA,NA,Yale,Yale
400991596,2018-01-12,Yale,Brown,86,1,08:52:00,1732,1732,Yale  Turnover.,27,14,13,2,0.9336693498597888,0.8280707503789838,2,4,7.4,NA,NA,NA,NA,NA,NA,NA,NA,Yale,Brown
400991596,2018-01-12,Yale,Brown,87,1,08:38:00,1718,1718,Foul on Eric Monroe.,27,14,13,14,0.934111125620936,0.8295329305711291,2,4,7.4,NA,NA,NA,NA,NA,NA,NA,NA,Brown,Brown
400991596,2018-01-12,Yale,Brown,88,1,08:38:00,1718,1718,Desmond Cambridge made Free Throw.,27,15,12,0,0.9262121230047236,0.8116249912334441,2,4,7.4,NA,NA,Brown,made,Desmond Cambridge,NA,FALSE,TRUE,Brown,Brown
400991596,2018-01-12,Yale,Brown,89,1,08:38:00,1718,1718,Desmond Cambridge made Free Throw.,27,16,11,0,0.9174498444617848,0.7923068036378619,2,4,7.4,NA,NA,Brown,made,Desmond Cambridge,NA,FALSE,TRUE,Brown,Yale
400991596,2018-01-12,Yale,Brown,90,1,08:20:00,1700,1700,Alex Copeland missed Layup.,27,16,11,18,0.9180017909890468,0.7941746215268141,2,4,7.4,NA,NA,Yale,missed,Alex Copeland,NA,FALSE,FALSE,Yale,Yale
400991596,2018-01-12,Yale,Brown,91,1,08:20:00,1700,1700,Paul Atkinson Offensive Rebound.,27,16,11,0,0.9180017909890468,0.7941746215268141,2,4,7.4,NA,NA,NA,NA,NA,NA,NA,NA,Yale,Yale
400991596,2018-01-12,Yale,Brown,92,1,08:17:00,1697,1697,Foul on Joshua Howard.,27,16,11,3,0.9180947848988462,0.7944880862057102,2,4,7.4,NA,NA,NA,NA,NA,NA,NA,NA,Yale,Yale
400991596,2018-01-12,Yale,Brown,93,1,08:17:00,1697,1697,Paul Atkinson missed Free Throw.,27,16,11,0,0.9180947848988462,0.7944880862057102,2,4,7.4,NA,NA,Yale,missed,Paul Atkinson,NA,FALSE,TRUE,Yale,Yale
400991596,2018-01-12,Yale,Brown,94,1,08:17:00,1697,1697,Yale Deadball Team Rebound.,27,16,11,0,0.9180947848988462,0.7944880862057102,2,4,7.4,NA,NA,NA,NA,NA,NA,NA,NA,Yale,Yale
400991596,2018-01-12,Yale,Brown,95,1,08:17:00,1697,1697,Paul Atkinson made Free Throw.,28,16,12,0,0.926876104089972,0.8138344612207647,2,4,7.4,NA,NA,Yale,made,Paul Atkinson,NA,FALSE,TRUE,Yale,Brown
400991596,2018-01-12,Yale,Brown,96,1,08:02:00,1682,1682,Brandon Anderson made Jumper.,28,18,10,15,0.908805208316136,0.7752198508592892,2,4,7.4,NA,NA,Brown,made,Brandon Anderson,NA,FALSE,FALSE,Brown,Yale
400991596,2018-01-12,Yale,Brown,97,1,07:43:00,1663,1663,Paul Atkinson Turnover.,28,18,10,19,0.909334795494267,0.7771075790392766,2,4,7.4,NA,NA,NA,NA,NA,NA,NA,NA,Yale,Brown
400991596,2018-01-12,Yale,Brown,98,1,07:43:00,1663,1663,Foul on Paul Atkinson.,28,18,10,0,0.909334795494267,0.7771075790392766,2,4,7.4,NA,NA,NA,NA,NA,NA,NA,NA,Yale,Brown
400991596,2018-01-12,Yale,Brown,99,1,07:43:00,1663,1663,Official TV Timeout,28,18,10,0,0.909334795494267,0.7771075790392766,2,4,7.4,NA,NA,NA,NA,NA,NA,NA,NA,Yale,Brown
400991596,2018-01-12,Yale,Brown,100,1,07:31:00,1651,1651,Tamenang Choh missed Layup.,28,18,10,12,0.9096522750468714,0.7782719649677357,2,4,7.4,NA,NA,Brown,missed,Tamenang Choh,NA,FALSE,FALSE,Brown,Yale
400991596,2018-01-12,Yale,Brown,101,1,07:31:00,1651,1651,Paul Atkinson Defensive Rebound.,28,18,10,0,0.9096522750468714,0.7782719649677357,2,4,7.4,NA,NA,NA,NA,NA,NA,NA,NA,Brown,Yale
400991596,2018-01-12,Yale,Brown,102,1,07:16:00,1636,1636,Miye Oni missed Jumper.,28,18,10,15,0.9100341552811936,0.7797033352760713,2,4,7.4,NA,NA,Yale,missed,Miye Oni,NA,FALSE,FALSE,Yale,Brown
400991596,2018-01-12,Yale,Brown,103,1,07:16:00,1636,1636,Jason Massey Defensive Rebound.,28,18,10,0,0.9100341552811936,0.7797033352760713,2,4,7.4,NA,NA,NA,NA,NA,NA,NA,NA,Yale,Brown
400991596,2018-01-12,Yale,Brown,104,1,07:04:00,1624,1624,Jason Massey made Layup.,28,20,8,12,0.8873111903337562,0.7342752949735284,2,4,7.4,NA,NA,Brown,made,Jason Massey,NA,FALSE,FALSE,Brown,Yale
400991596,2018-01-12,Yale,Brown,105,1,06:45:00,1605,1605,Blake Reynolds made Layup. Assisted by Trey Phills.,30,20,10,19,0.9107860297994926,0.7826035886680968,2,4,7.4,NA,NA,Yale,made,Blake Reynolds,Trey Phills,FALSE,FALSE,Yale,Brown
400991596,2018-01-12,Yale,Brown,106,1,06:35:00,1595,1595,Zach Hunsaker Turnover.,30,20,10,10,0.9110220230652522,0.783529842382632,2,4,7.4,NA,NA,NA,NA,NA,NA,NA,NA,Brown,Yale
400991596,2018-01-12,Yale,Brown,107,1,06:18:00,1578,1578,Blake Reynolds Turnover.,30,20,10,17,0.9114206547390892,0.7851023707547294,2,4,7.4,NA,NA,NA,NA,NA,NA,NA,NA,Yale,Brown
400991596,2018-01-12,Yale,Brown,108,1,06:18:00,1578,1578,Foul on Blake Reynolds.,30,20,10,0,0.9114206547390892,0.7851023707547294,2,4,7.4,NA,NA,NA,NA,NA,NA,NA,NA,Yale,Brown
400991596,2018-01-12,Yale,Brown,109,1,06:04:00,1564,1564,Foul on Miye Oni.,30,20,10,14,0.911749657373872,0.7864008444810902,2,4,7.4,NA,NA,NA,NA,NA,NA,NA,NA,Brown,Brown
400991596,2018-01-12,Yale,Brown,110,1,06:04:00,1564,1564,Tamenang Choh missed Free Throw.,30,20,10,0,0.911749657373872,0.7864008444810902,2,4,7.4,NA,NA,Brown,missed,Tamenang Choh,NA,FALSE,TRUE,Brown,Brown
400991596,2018-01-12,Yale,Brown,111,1,06:04:00,1564,1564,Brown Deadball Team Rebound.,30,20,10,0,0.911749657373872,0.7864008444810902,2,4,7.4,NA,NA,NA,NA,NA,NA,NA,NA,Brown,Brown
400991596,2018-01-12,Yale,Brown,112,1,06:04:00,1564,1564,Tamenang Choh missed Free Throw.,30,20,10,0,0.911749657373872,0.7864008444810902,2,4,7.4,NA,NA,Brown,missed,Tamenang Choh,NA,FALSE,TRUE,Brown,Brown
400991596,2018-01-12,Yale,Brown,113,1,06:04:00,1564,1564,Blake Reynolds Defensive Rebound.,30,20,10,0,0.911749657373872,0.7864008444810902,2,4,7.4,NA,NA,NA,NA,NA,NA,NA,NA,Brown,Brown
400991596,2018-01-12,Yale,Brown,114,1,05:46:00,1546,1546,Blake Reynolds Turnover.,30,20,10,18,0.9121785161218864,0.7880833537781465,2,4,7.4,NA,NA,NA,NA,NA,NA,NA,NA,Yale,Brown
400991596,2018-01-12,Yale,Brown,115,1,05:32:00,1532,1532,Brandon Anderson missed Layup.,30,20,10,14,0.9125201509009064,0.7894081665716611,2,4,7.4,NA,NA,Brown,missed,Brandon Anderson,NA,FALSE,FALSE,Brown,Brown
400991596,2018-01-12,Yale,Brown,116,1,05:32:00,1532,1532,Trey Phills Block.,30,20,10,0,0.9125201509009064,0.7894081665716611,2,4,7.4,NA,NA,NA,NA,NA,NA,NA,NA,Brown,Brown
400991596,2018-01-12,Yale,Brown,117,1,05:32:00,1532,1532,Brown Offensive Rebound.,30,20,10,0,0.9125201509009064,0.7894081665716611,2,4,7.4,NA,NA,NA,NA,NA,NA,NA,NA,Brown,Brown
400991596,2018-01-12,Yale,Brown,118,1,05:29:00,1529,1529,Tamenang Choh made Dunk. Assisted by Brandon Anderson.,30,22,8,3,0.8890543121586824,0.742397578404025,2,4,7.4,NA,NA,Brown,made,Tamenang Choh,Brandon Anderson,FALSE,FALSE,Brown,Yale
400991596,2018-01-12,Yale,Brown,119,1,05:08:00,1508,1508,Blake Reynolds Turnover.,30,22,8,21,0.8894762814972659,0.744272129749334,2,4,7.4,NA,NA,NA,NA,NA,NA,NA,NA,Yale,Brown
400991596,2018-01-12,Yale,Brown,120,1,05:08:00,1508,1508,Brandon Anderson Steal.,30,22,8,0,0.8894762814972659,0.744272129749334,2,4,7.4,NA,NA,NA,NA,NA,NA,NA,NA,Yale,Brown
400991596,2018-01-12,Yale,Brown,121,1,04:57:00,1497,1497,Brandon Anderson missed Three Point Jumper.,30,22,8,11,0.8897104469284497,0.7452775118264924,2,4,7.4,NA,NA,Brown,missed,Brandon Anderson,NA,TRUE,FALSE,Brown,Yale
400991596,2018-01-12,Yale,Brown,122,1,04:57:00,1497,1497,Eric Monroe Defensive Rebound.,30,22,8,0,0.8897104469284497,0.7452775118264924,2,4,7.4,NA,NA,NA,NA,NA,NA,NA,NA,Brown,Yale
400991596,2018-01-12,Yale,Brown,123,1,04:46:00,1486,1486,Trey Phills made Layup. Assisted by Eric Monroe.,32,22,10,11,0.9137283218889284,0.7939219969729603,2,4,7.4,NA,NA,Yale,made,Trey Phills,Eric Monroe,FALSE,FALSE,Yale,Brown
400991596,2018-01-12,Yale,Brown,124,1,04:29:00,1469,1469,Jason Massey Turnover.,32,22,10,17,0.914221400846999,0.7956750962639851,2,4,7.4,NA,NA,NA,NA,NA,NA,NA,NA,Brown,Yale
400991596,2018-01-12,Yale,Brown,125,1,04:29:00,1469,1469,Foul on Jason Massey.,32,22,10,0,0.914221400846999,0.7956750962639851,2,4,7.4,NA,NA,NA,NA,NA,NA,NA,NA,Yale,Yale
400991596,2018-01-12,Yale,Brown,126,1,04:12:00,1452,1452,Azar Swain made Layup.,34,22,12,17,0.933835325131356,0.8381852888700695,2,4,7.4,NA,NA,Yale,made,Azar Swain,NA,FALSE,FALSE,Yale,Brown
400991596,2018-01-12,Yale,Brown,127,1,03:54:00,1434,1434,Zach Hunsaker made Three Point Jumper. Assisted by Brandon Anderson.,34,25,9,18,0.903956114285674,0.7763191672204246,2,4,7.4,NA,NA,Brown,made,Zach Hunsaker,Brandon Anderson,TRUE,FALSE,Brown,Yale
400991596,2018-01-12,Yale,Brown,128,1,03:43:00,1423,1423,Wyatt Yess missed Three Point Jumper.,34,25,9,11,0.9042557624864488,0.7774263113207124,2,4,7.4,NA,NA,Yale,missed,Wyatt Yess,NA,TRUE,FALSE,Yale,Yale
400991596,2018-01-12,Yale,Brown,129,1,03:43:00,1423,1423,Trey Phills Offensive Rebound.,34,25,9,0,0.9042557624864488,0.7774263113207124,2,4,7.4,NA,NA,NA,NA,NA,NA,NA,NA,Yale,Yale
400991596,2018-01-12,Yale,Brown,130,1,03:38:00,1418,1418,Trey Phills made Dunk.,36,25,11,5,0.9259123968351854,0.8223237909262145,2,4,7.4,NA,NA,Yale,made,Trey Phills,NA,FALSE,FALSE,Yale,Brown
400991596,2018-01-12,Yale,Brown,131,1,03:27:00,1407,1407,Foul on Eric Monroe.,36,25,11,11,0.9262303655521368,0.823433434957756,2,4,7.4,NA,NA,NA,NA,NA,NA,NA,NA,Brown,Brown
400991596,2018-01-12,Yale,Brown,132,1,03:27:00,1407,1407,Official TV Timeout,36,25,11,0,0.9262303655521368,0.823433434957756,2,4,7.4,NA,NA,NA,NA,NA,NA,NA,NA,Brown,Brown
400991596,2018-01-12,Yale,Brown,133,1,03:27:00,1407,1407,Brandon Anderson made Free Throw.,36,26,10,0,0.916076588296748,0.8021528378817786,2,4,7.4,NA,NA,Brown,made,Brandon Anderson,NA,FALSE,TRUE,Brown,Brown
400991596,2018-01-12,Yale,Brown,134,1,03:27:00,1407,1407,Brandon Anderson made Free Throw.,36,27,9,0,0.9046690721936648,0.7789957921480098,2,4,7.4,NA,NA,Brown,made,Brandon Anderson,NA,FALSE,TRUE,Brown,Yale
400991596,2018-01-12,Yale,Brown,135,1,03:06:00,1386,1386,Alex Copeland made Layup. Assisted by Trey Phills.,38,27,11,21,0.9268128398955536,0.8255012674638272,2,4,7.4,NA,NA,Yale,made,Alex Copeland,Trey Phills,FALSE,FALSE,Yale,Brown
400991596,2018-01-12,Yale,Brown,136,1,02:35:00,1355,1355,Brandon Anderson made Three Point Jumper.,38,30,8,31,0.8929732526814164,0.7586719644443507,2,4,7.4,NA,NA,Brown,made,Brandon Anderson,NA,TRUE,FALSE,Brown,Yale
400991596,2018-01-12,Yale,Brown,137,1,02:14:00,1334,1334,Alex Copeland missed Three Point Jumper.,38,30,8,21,0.8934016423769507,0.7605673446174327,2,4,7.4,NA,NA,Yale,missed,Alex Copeland,NA,TRUE,FALSE,Yale,Brown
400991596,2018-01-12,Yale,Brown,138,1,02:14:00,1334,1334,Tamenang Choh Defensive Rebound.,38,30,8,0,0.8934016423769507,0.7605673446174327,2,4,7.4,NA,NA,NA,NA,NA,NA,NA,NA,Yale,Brown
400991596,2018-01-12,Yale,Brown,139,1,02:07:00,1327,1327,Brandon Anderson Turnover.,38,30,8,7,0.8935477667020277,0.7612056055545556,2,4,7.4,NA,NA,NA,NA,NA,NA,NA,NA,Brown,Yale
400991596,2018-01-12,Yale,Brown,140,1,02:06:00,1326,1326,Azar Swain Steal.,38,30,8,1,0.8935688399520505,0.7612971575124512,2,4,7.4,NA,NA,NA,NA,NA,NA,NA,NA,Brown,Yale
400991596,2018-01-12,Yale,Brown,141,1,02:02:00,1322,1322,Azar Swain Turnover.,38,30,8,4,0.8936536931056027,0.7616644054443668,2,4,7.4,NA,NA,NA,NA,NA,NA,NA,NA,Yale,Brown
400991596,2018-01-12,Yale,Brown,142,1,02:00:00,1320,1320,Obi Okolie Steal.,38,30,8,2,0.8936964782152056,0.7618486920046492,2,4,7.4,NA,NA,NA,NA,NA,NA,NA,NA,Yale,Brown
400991596,2018-01-12,Yale,Brown,143,1,01:58:00,1318,1318,Tamenang Choh made Layup.,38,32,6,2,0.862777819692402,0.705347781832303,2,4,7.4,NA,NA,Brown,made,Tamenang Choh,NA,FALSE,FALSE,Brown,Yale
400991596,2018-01-12,Yale,Brown,144,1,01:32:00,1292,1292,Azar Swain Turnover.,38,32,6,26,0.8631110050460261,0.707460802388899,2,4,7.4,NA,NA,NA,NA,NA,NA,NA,NA,Yale,Brown
400991596,2018-01-12,Yale,Brown,145,1,01:32:00,1292,1292,Foul on Azar Swain.,38,32,6,0,0.8631110050460261,0.707460802388899,2,4,7.4,NA,NA,NA,NA,NA,NA,NA,NA,Yale,Brown
400991596,2018-01-12,Yale,Brown,146,1,01:23:00,1283,1283,Desmond Cambridge made Dunk. Assisted by Brandon Anderson.,38,34,4,9,0.8244648018449734,0.6436319430427353,2,4,7.4,NA,NA,Brown,made,Desmond Cambridge,Brandon Anderson,FALSE,FALSE,Brown,Yale
400991596,2018-01-12,Yale,Brown,147,1,01:12:00,1272,1272,Yale  Timeout,38,34,4,11,0.824454838457987,0.6443332132590832,2,3,7.4,NA,NA,NA,NA,NA,NA,NA,NA,Yale,Yale
400991596,2018-01-12,Yale,Brown,148,1,00:51:00,1251,1251,Alex Copeland made Layup.,40,34,6,21,0.8637895371135754,0.7110507925631111,2,3,7.4,NA,NA,Yale,made,Alex Copeland,NA,FALSE,FALSE,Yale,Brown
400991596,2018-01-12,Yale,Brown,149,1,00:50:00,1250,1250,Technical Foul on Alex Copeland.,40,34,6,1,0.8638091548909366,0.711143399110074,2,3,7.4,NA,NA,NA,NA,NA,NA,NA,NA,Brown,Brown
400991596,2018-01-12,Yale,Brown,150,1,00:50:00,1250,1250,Foul on Alex Copeland.,40,34,6,0,0.8638091548909366,0.711143399110074,2,3,7.4,NA,NA,NA,NA,NA,NA,NA,NA,Brown,Brown
400991596,2018-01-12,Yale,Brown,151,1,00:50:00,1250,1250,Zach Hunsaker made Free Throw.,40,35,5,0,0.8451604925927875,0.6793500352185985,2,3,7.4,NA,NA,Brown,made,Zach Hunsaker,NA,FALSE,TRUE,Brown,Brown
400991596,2018-01-12,Yale,Brown,152,1,00:50:00,1250,1250,Zach Hunsaker made Free Throw.,40,36,4,0,0.8244771378502187,0.6458002321337134,2,3,7.4,NA,NA,Brown,made,Zach Hunsaker,NA,FALSE,TRUE,Brown,Brown
400991596,2018-01-12,Yale,Brown,153,1,00:40:00,1240,1240,Desmond Cambridge missed Layup.,40,36,4,10,0.8245089777061257,0.6464994934675644,2,3,7.4,NA,NA,Brown,missed,Desmond Cambridge,NA,FALSE,FALSE,Brown,Yale
400991596,2018-01-12,Yale,Brown,154,1,00:40:00,1240,1240,Alex Copeland Defensive Rebound.,40,36,4,0,0.8245089777061257,0.6464994934675644,2,3,7.4,NA,NA,NA,NA,NA,NA,NA,NA,Brown,Yale
400991596,2018-01-12,Yale,Brown,155,1,00:36:00,1236,1236,Foul on Desmond Cambridge.,40,36,4,4,0.8245259636778117,0.646785458963277,2,3,7.4,NA,NA,NA,NA,NA,NA,NA,NA,Yale,Yale
400991596,2018-01-12,Yale,Brown,156,1,00:36:00,1236,1236,Alex Copeland made Free Throw.,41,36,5,0,0.8453455614774744,0.6805224400264821,2,3,7.4,NA,NA,Yale,made,Alex Copeland,NA,FALSE,TRUE,Yale,Yale
400991596,2018-01-12,Yale,Brown,157,1,00:36:00,1236,1236,Alex Copeland made Free Throw.,42,36,6,0,0.8641020977267759,0.7124695717683326,2,3,7.4,NA,NA,Yale,made,Alex Copeland,NA,FALSE,TRUE,Yale,Brown
400991596,2018-01-12,Yale,Brown,158,1,00:20:00,1220,1220,Foul on Trey Phills.,42,36,6,16,0.8644823825832846,0.7140585633115999,2,3,7.4,NA,NA,NA,NA,NA,NA,NA,NA,Brown,Brown
400991596,2018-01-12,Yale,Brown,159,1,00:20:00,1220,1220,Brandon Anderson missed Free Throw.,42,36,6,0,0.8644823825832846,0.7140585633115999,2,3,7.4,NA,NA,Brown,missed,Brandon Anderson,NA,FALSE,TRUE,Brown,Brown
400991596,2018-01-12,Yale,Brown,160,1,00:20:00,1220,1220,Brown Deadball Team Rebound.,42,36,6,0,0.8644823825832846,0.7140585633115999,2,3,7.4,NA,NA,NA,NA,NA,NA,NA,NA,Brown,Brown
400991596,2018-01-12,Yale,Brown,161,1,00:20:00,1220,1220,Brandon Anderson made Free Throw.,42,37,5,0,0.8455999764920187,0.6819284315594378,2,3,7.4,NA,NA,Brown,made,Brandon Anderson,NA,FALSE,TRUE,Brown,Yale
400991596,2018-01-12,Yale,Brown,162,1,00:01:00,1201,1201,Alex Copeland missed Three Point Jumper.,42,37,5,19,0.8459562450515985,0.6836782407911076,2,3,7.4,NA,NA,Yale,missed,Alex Copeland,NA,TRUE,FALSE,Yale,Brown
400991596,2018-01-12,Yale,Brown,163,1,00:01:00,1201,1201,Brown Defensive Rebound.,42,37,5,0,0.8459562450515985,0.6836782407911076,2,3,7.4,NA,NA,NA,NA,NA,NA,NA,NA,Yale,Brown
400991596,2018-01-12,Yale,Brown,164,1,00:00:00,1200,1200,End of 1st half,42,37,5,1,0.8459748165106139,0.6837696278036713,2,3,7.4,NA,NA,NA,NA,NA,NA,NA,NA,Brown,NA
400991596,2018-01-12,Yale,Brown,165,2,20:00:00,1200,1200,PLAY,42,37,5,0,0.8459748165106139,0.6837696278036713,3,4,7.4,NA,NA,NA,NA,NA,NA,NA,NA,NA,Brown
400991596,2018-01-12,Yale,Brown,166,2,19:42:00,1182,1182,Desmond Cambridge missed Three Point Jumper.,42,37,5,18,0.8462948593275589,0.6853840531166835,3,4,7.4,NA,NA,Brown,missed,Desmond Cambridge,NA,TRUE,FALSE,Brown,Yale
400991596,2018-01-12,Yale,Brown,167,2,19:42:00,1182,1182,Eric Monroe Defensive Rebound.,42,37,5,0,0.8462948593275589,0.6853840531166835,3,4,7.4,NA,NA,NA,NA,NA,NA,NA,NA,Brown,Yale
400991596,2018-01-12,Yale,Brown,168,2,19:34:00,1174,1174,Blake Reynolds made Layup. Assisted by Eric Monroe.,44,37,7,8,0.8828420553664158,0.7492537658531444,3,4,7.4,NA,NA,Yale,made,Blake Reynolds,Eric Monroe,FALSE,FALSE,Yale,Brown
400991596,2018-01-12,Yale,Brown,169,2,19:23:00,1163,1163,Desmond Cambridge missed Three Point Jumper.,44,37,7,11,0.8831684731611186,0.7504167214115093,3,4,7.4,NA,NA,Brown,missed,Desmond Cambridge,NA,TRUE,FALSE,Brown,Brown
400991596,2018-01-12,Yale,Brown,170,2,19:23:00,1163,1163,Joshua Howard Offensive Rebound.,44,37,7,0,0.8831684731611186,0.7504167214115093,3,4,7.4,NA,NA,NA,NA,NA,NA,NA,NA,Brown,Brown
400991596,2018-01-12,Yale,Brown,171,2,19:20:00,1160,1160,Joshua Howard made Layup.,44,39,5,3,0.8466586291018415,0.6872967316960976,3,4,7.4,NA,NA,Brown,made,Joshua Howard,NA,FALSE,FALSE,Brown,Yale
400991596,2018-01-12,Yale,Brown,172,2,19:12:00,1152,1152,Miye Oni missed Three Point Jumper.,44,39,5,8,0.8467863791240953,0.6879814779581119,3,4,7.4,NA,NA,Yale,missed,Miye Oni,NA,TRUE,FALSE,Yale,Brown
400991596,2018-01-12,Yale,Brown,173,2,19:12:00,1152,1152,Brown Defensive Rebound.,44,39,5,0,0.8467863791240953,0.6879814779581119,3,4,7.4,NA,NA,NA,NA,NA,NA,NA,NA,Yale,Brown
400991596,2018-01-12,Yale,Brown,174,2,18:56:00,1136,1136,Desmond Cambridge missed Jumper.,44,39,5,16,0.8470391147906651,0.6893424340111445,3,4,7.4,NA,NA,Brown,missed,Desmond Cambridge,NA,FALSE,FALSE,Brown,Yale
400991596,2018-01-12,Yale,Brown,175,2,18:56:00,1136,1136,Blake Reynolds Defensive Rebound.,44,39,5,0,0.8470391147906651,0.6893424340111445,3,4,7.4,NA,NA,NA,NA,NA,NA,NA,NA,Brown,Yale
400991596,2018-01-12,Yale,Brown,176,2,18:39:00,1119,1119,Foul on Matt DeWolf.,44,39,5,17,0.8473094144556367,0.690787202306434,3,4,7.4,NA,NA,NA,NA,NA,NA,NA,NA,Yale,Yale
400991596,2018-01-12,Yale,Brown,177,2,18:37:00,1117,1117,Eric Monroe Turnover.,44,39,5,2,0.8473416687063838,0.6909577353534779,3,4,7.4,NA,NA,NA,NA,NA,NA,NA,NA,Yale,Brown
400991596,2018-01-12,Yale,Brown,178,2,18:36:00,1116,1116,Zach Hunsaker Steal.,44,39,5,1,0.8473578467413789,0.6910430750409426,3,4,7.4,NA,NA,NA,NA,NA,NA,NA,NA,Yale,Brown
400991596,2018-01-12,Yale,Brown,179,2,18:22:00,1102,1102,Brandon Anderson made Layup.,44,41,3,14,0.8008411243256043,0.6192534268721425,3,4,7.4,NA,NA,Brown,made,Brandon Anderson,NA,FALSE,FALSE,Brown,Yale
400991596,2018-01-12,Yale,Brown,180,2,18:03:00,1083,1083,Eric Monroe Turnover.,44,41,3,19,0.8007531929756064,0.6203576267536671,3,4,7.4,NA,NA,NA,NA,NA,NA,NA,NA,Yale,Brown
400991596,2018-01-12,Yale,Brown,181,2,17:52:00,1072,1072,Foul on Trey Phills.,44,41,3,11,0.800711602826261,0.6210131513133923,3,4,7.4,NA,NA,NA,NA,NA,NA,NA,NA,Brown,Brown
400991596,2018-01-12,Yale,Brown,182,2,17:52:00,1072,1072,Joshua Howard missed Free Throw.,44,41,3,0,0.800711602826261,0.6210131513133923,3,4,7.4,NA,NA,Brown,missed,Joshua Howard,NA,FALSE,TRUE,Brown,Brown
400991596,2018-01-12,Yale,Brown,183,2,17:52:00,1072,1072,Brown Deadball Team Rebound.,44,41,3,0,0.800711602826261,0.6210131513133923,3,4,7.4,NA,NA,NA,NA,NA,NA,NA,NA,Brown,Brown
400991596,2018-01-12,Yale,Brown,184,2,17:52:00,1072,1072,Joshua Howard made Free Throw.,44,42,2,0,0.7731406756698982,0.5815729458157011,3,4,7.4,NA,NA,Brown,made,Joshua Howard,NA,FALSE,TRUE,Brown,Yale
400991596,2018-01-12,Yale,Brown,185,2,17:39:00,1059,1059,Miye Oni made Jumper.,46,42,4,13,0.8258147902821423,0.6599271502948385,3,4,7.4,NA,NA,Yale,made,Miye Oni,NA,FALSE,FALSE,Yale,Brown
400991596,2018-01-12,Yale,Brown,186,2,17:27:00,1047,1047,Desmond Cambridge made Layup.,46,44,2,12,0.7726881112499835,0.5826417396238378,3,4,7.4,NA,NA,Brown,made,Desmond Cambridge,NA,FALSE,FALSE,Brown,Yale
400991596,2018-01-12,Yale,Brown,187,2,17:10:00,1030,1030,Blake Reynolds Turnover.,46,44,2,17,0.7724010624397765,0.5834101949505742,3,4,7.4,NA,NA,NA,NA,NA,NA,NA,NA,Yale,Brown
400991596,2018-01-12,Yale,Brown,188,2,17:10:00,1030,1030,Foul on Blake Reynolds.,46,44,2,0,0.7724010624397765,0.5834101949505742,3,4,7.4,NA,NA,NA,NA,NA,NA,NA,NA,Yale,Brown
400991596,2018-01-12,Yale,Brown,189,2,16:56:00,1016,1016,Matt DeWolf missed Layup.,46,44,2,14,0.7721797711641973,0.5840737019814866,3,4,7.4,NA,NA,Brown,missed,Matt DeWolf,NA,FALSE,FALSE,Brown,Yale
400991596,2018-01-12,Yale,Brown,190,2,16:56:00,1016,1016,Blake Reynolds Defensive Rebound.,46,44,2,0,0.7721797711641973,0.5840737019814866,3,4,7.4,NA,NA,NA,NA,NA,NA,NA,NA,Brown,Yale
400991596,2018-01-12,Yale,Brown,191,2,16:47:00,1007,1007,Foul on Desmond Cambridge.,46,44,2,9,0.7720455766866887,0.5845166771410272,3,4,7.4,NA,NA,NA,NA,NA,NA,NA,NA,Yale,Yale
400991596,2018-01-12,Yale,Brown,192,2,16:47:00,1007,1007,Miye Oni missed Free Throw.,46,44,2,0,0.7720455766866887,0.5845166771410272,3,4,7.4,NA,NA,Yale,missed,Miye Oni,NA,FALSE,TRUE,Yale,Yale
400991596,2018-01-12,Yale,Brown,193,2,16:47:00,1007,1007,Yale Deadball Team Rebound.,46,44,2,0,0.7720455766866887,0.5845166771410272,3,4,7.4,NA,NA,NA,NA,NA,NA,NA,NA,Yale,Yale
400991596,2018-01-12,Yale,Brown,194,2,16:47:00,1007,1007,Miye Oni missed Free Throw.,46,44,2,0,0.7720455766866887,0.5845166771410272,3,4,7.4,NA,NA,Yale,missed,Miye Oni,NA,FALSE,TRUE,Yale,Yale
400991596,2018-01-12,Yale,Brown,195,2,16:47:00,1007,1007,Matt DeWolf Defensive Rebound.,46,44,2,0,0.7720455766866887,0.5845166771410272,3,4,7.4,NA,NA,NA,NA,NA,NA,NA,NA,Yale,Yale
400991596,2018-01-12,Yale,Brown,196,2,16:29:00,989,989,Joshua Howard made Three Point Jumper. Assisted by Obi Okolie.,46,47,-1,18,0.6683516942512655,0.456960664303377,3,4,7.4,NA,NA,Brown,made,Joshua Howard,Obi Okolie,TRUE,FALSE,Brown,Yale
400991596,2018-01-12,Yale,Brown,197,2,16:09:00,969,969,Miye Oni missed Three Point Jumper.,46,47,-1,20,0.6665325705293744,0.4563947208976031,3,4,7.4,NA,NA,Yale,missed,Miye Oni,NA,TRUE,FALSE,Yale,Yale
400991596,2018-01-12,Yale,Brown,198,2,16:09:00,969,969,Trey Phills Offensive Rebound.,46,47,-1,0,0.6665325705293744,0.4563947208976031,3,4,7.4,NA,NA,NA,NA,NA,NA,NA,NA,Yale,Yale
400991596,2018-01-12,Yale,Brown,199,2,16:05:00,965,965,Trey Phills missed Layup.,46,47,-1,4,0.6661668217518033,0.45627961775669784,3,4,7.4,NA,NA,Yale,missed,Trey Phills,NA,FALSE,FALSE,Yale,Brown
400991596,2018-01-12,Yale,Brown,200,2,16:05:00,965,965,Brandon Anderson Defensive Rebound.,46,47,-1,0,0.6661668217518033,0.45627961775669784,3,4,7.4,NA,NA,NA,NA,NA,NA,NA,NA,Yale,Brown
400991596,2018-01-12,Yale,Brown,201,2,15:56:00,956,956,Brandon Anderson missed Layup.,46,47,-1,9,0.6653645898764143,0.45603010440990344,3,4,7.4,NA,NA,Brown,missed,Brandon Anderson,NA,FALSE,FALSE,Brown,Yale
400991596,2018-01-12,Yale,Brown,202,2,15:56:00,956,956,Trey Phills Defensive Rebound.,46,47,-1,0,0.6653645898764143,0.45603010440990344,3,4,7.4,NA,NA,NA,NA,NA,NA,NA,NA,Brown,Yale
400991596,2018-01-12,Yale,Brown,203,2,15:49:00,949,949,Trey Phills Turnover.,46,47,-1,7,0.6647589583711203,0.4558443568184885,3,4,7.4,NA,NA,NA,NA,NA,NA,NA,NA,Yale,Brown
400991596,2018-01-12,Yale,Brown,204,2,15:47:00,947,947,Brandon Anderson Steal.,46,47,-1,2,0.6645886495815422,0.45579251511888463,3,4,7.4,NA,NA,NA,NA,NA,NA,NA,NA,Yale,Brown
400991596,2018-01-12,Yale,Brown,205,2,15:29:00,929,929,Obi Okolie missed Layup.,46,47,-1,18,0.6631039110945626,0.4553472868511478,3,4,7.4,NA,NA,Brown,missed,Obi Okolie,NA,FALSE,FALSE,Brown,Brown
400991596,2018-01-12,Yale,Brown,206,2,15:29:00,929,929,Matt DeWolf Offensive Rebound.,46,47,-1,0,0.6631039110945626,0.4553472868511478,3,4,7.4,NA,NA,NA,NA,NA,NA,NA,NA,Brown,Brown
400991596,2018-01-12,Yale,Brown,207,2,15:25:00,925,925,Matt DeWolf missed Layup.,46,47,-1,4,0.6627842858360848,0.4552528629747278,3,4,7.4,NA,NA,Brown,missed,Matt DeWolf,NA,FALSE,FALSE,Brown,Brown
400991596,2018-01-12,Yale,Brown,208,2,15:25:00,925,925,Matt DeWolf Offensive Rebound.,46,47,-1,0,0.6627842858360848,0.4552528629747278,3,4,7.4,NA,NA,NA,NA,NA,NA,NA,NA,Brown,Brown
400991596,2018-01-12,Yale,Brown,209,2,15:20:00,920,920,Joshua Howard missed Layup.,46,47,-1,5,0.6623892056926233,0.45513673833519336,3,4,7.4,NA,NA,Brown,missed,Joshua Howard,NA,FALSE,FALSE,Brown,Brown
400991596,2018-01-12,Yale,Brown,210,2,15:20:00,920,920,Joshua Howard Offensive Rebound.,46,47,-1,0,0.6623892056926233,0.45513673833519336,3,4,7.4,NA,NA,NA,NA,NA,NA,NA,NA,Brown,Brown
400991596,2018-01-12,Yale,Brown,211,2,15:14:00,914,914,Brandon Anderson missed Three Point Jumper.,46,47,-1,6,0.6619209637846467,0.454999854003136,3,4,7.4,NA,NA,Brown,missed,Brandon Anderson,NA,TRUE,FALSE,Brown,Yale
400991596,2018-01-12,Yale,Brown,212,2,15:14:00,914,914,Eric Monroe Defensive Rebound.,46,47,-1,0,0.6619209637846467,0.454999854003136,3,4,7.4,NA,NA,NA,NA,NA,NA,NA,NA,Brown,Yale
400991596,2018-01-12,Yale,Brown,213,2,15:02:00,902,902,Miye Oni made Layup.,48,47,1,12,0.737088235752491,0.5452674975440946,3,4,7.4,NA,NA,Yale,made,Miye Oni,NA,FALSE,FALSE,Yale,Brown
400991596,2018-01-12,Yale,Brown,214,2,15:02:00,902,902,Foul on Matt DeWolf.,48,47,1,0,0.737088235752491,0.5452674975440946,3,4,7.4,NA,NA,NA,NA,NA,NA,NA,NA,Yale,Brown
400991596,2018-01-12,Yale,Brown,215,2,15:02:00,902,902,Official TV Timeout,48,47,1,0,0.737088235752491,0.5452674975440946,3,4,7.4,NA,NA,NA,NA,NA,NA,NA,NA,Yale,Brown
400991596,2018-01-12,Yale,Brown,216,2,15:02:00,902,902,Miye Oni missed Free Throw.,48,47,1,0,0.737088235752491,0.5452674975440946,3,4,7.4,NA,NA,Yale,missed,Miye Oni,NA,FALSE,TRUE,Yale,Brown
400991596,2018-01-12,Yale,Brown,217,2,15:02:00,902,902,Zach Hunsaker Defensive Rebound.,48,47,1,0,0.737088235752491,0.5452674975440946,3,4,7.4,NA,NA,NA,NA,NA,NA,NA,NA,Yale,Brown
400991596,2018-01-12,Yale,Brown,218,2,14:52:00,892,892,Brandon Anderson Turnover.,48,47,1,10,0.7367763959412547,0.5454858010206464,3,4,7.4,NA,NA,NA,NA,NA,NA,NA,NA,Brown,Yale
400991596,2018-01-12,Yale,Brown,219,2,14:51:00,891,891,Trey Phills Steal.,48,47,1,1,0.7367453801064371,0.5455074909259239,3,4,7.4,NA,NA,NA,NA,NA,NA,NA,NA,Brown,Yale
400991596,2018-01-12,Yale,Brown,220,2,14:48:00,888,888,Trey Phills missed Layup.,48,47,1,3,0.7366525024937014,0.5455724632198637,3,4,7.4,NA,NA,Yale,missed,Trey Phills,NA,FALSE,FALSE,Yale,Brown
400991596,2018-01-12,Yale,Brown,221,2,14:48:00,888,888,Joshua Howard Defensive Rebound.,48,47,1,0,0.7366525024937014,0.5455724632198637,3,4,7.4,NA,NA,NA,NA,NA,NA,NA,NA,Yale,Brown
400991596,2018-01-12,Yale,Brown,222,2,14:40:00,880,880,Foul on Eric Monroe.,48,47,1,8,0.7364059894686097,0.5457453588490483,3,4,7.4,NA,NA,NA,NA,NA,NA,NA,NA,Brown,Brown
400991596,2018-01-12,Yale,Brown,223,2,14:23:00,863,863,Zach Hunsaker missed Jumper.,48,47,1,17,0.7358867914655427,0.5461149550121761,3,4,7.4,NA,NA,Brown,missed,Zach Hunsaker,NA,FALSE,FALSE,Brown,Yale
400991596,2018-01-12,Yale,Brown,224,2,14:23:00,863,863,Blake Reynolds Defensive Rebound.,48,47,1,0,0.7358867914655427,0.5461149550121761,3,4,7.4,NA,NA,NA,NA,NA,NA,NA,NA,Brown,Yale
400991596,2018-01-12,Yale,Brown,225,2,14:08:00,848,848,Paul Atkinson made Layup. Assisted by Blake Reynolds.,50,47,3,15,0.8013949221309281,0.6362236461439106,3,4,7.4,NA,NA,Yale,made,Paul Atkinson,Blake Reynolds,FALSE,FALSE,Yale,Brown
400991596,2018-01-12,Yale,Brown,226,2,13:46:00,826,826,Foul on Paul Atkinson.,50,47,3,22,0.8015213453705187,0.6376817170704719,3,4,7.4,NA,NA,NA,NA,NA,NA,NA,NA,Brown,Brown
400991596,2018-01-12,Yale,Brown,227,2,13:46:00,826,826,Obi Okolie missed Free Throw.,50,47,3,0,0.8015213453705187,0.6376817170704719,3,4,7.4,NA,NA,Brown,missed,Obi Okolie,NA,FALSE,TRUE,Brown,Brown
400991596,2018-01-12,Yale,Brown,228,2,13:46:00,826,826,Brown Deadball Team Rebound.,50,47,3,0,0.8015213453705187,0.6376817170704719,3,4,7.4,NA,NA,NA,NA,NA,NA,NA,NA,Brown,Brown
400991596,2018-01-12,Yale,Brown,229,2,13:46:00,826,826,Obi Okolie made Free Throw.,50,48,2,0,0.7698370444805691,0.5931197693009281,3,4,7.4,NA,NA,Brown,made,Obi Okolie,NA,FALSE,TRUE,Brown,Yale
400991596,2018-01-12,Yale,Brown,230,2,13:28:00,808,808,Noah Yates missed Three Point Jumper.,50,48,2,18,0.7696755464968196,0.5940261384397535,3,4,7.4,NA,NA,Yale,missed,Noah Yates,NA,TRUE,FALSE,Yale,Yale
400991596,2018-01-12,Yale,Brown,231,2,13:28:00,808,808,Noah Yates Offensive Rebound.,50,48,2,0,0.7696755464968196,0.5940261384397535,3,4,7.4,NA,NA,NA,NA,NA,NA,NA,NA,Yale,Yale
400991596,2018-01-12,Yale,Brown,232,2,13:07:00,787,787,Blake Reynolds made Three Point Jumper. Assisted by Noah Yates.,53,48,5,21,0.856179312215837,0.7238785169691717,3,4,7.4,NA,NA,Yale,made,Blake Reynolds,Noah Yates,TRUE,FALSE,Yale,Brown
400991596,2018-01-12,Yale,Brown,233,2,13:02:00,782,782,Brandon Anderson missed Layup.,53,48,5,5,0.8563915945611956,0.7245054374349844,3,4,7.4,NA,NA,Brown,missed,Brandon Anderson,NA,FALSE,FALSE,Brown,Yale
400991596,2018-01-12,Yale,Brown,234,2,13:02:00,782,782,Yale Defensive Rebound.,53,48,5,0,0.8563915945611956,0.7245054374349844,3,4,7.4,NA,NA,NA,NA,NA,NA,NA,NA,Brown,Yale
400991596,2018-01-12,Yale,Brown,235,2,12:43:00,763,763,Foul on Tamenang Choh.,53,48,5,19,0.857286412971405,0.7270704379636768,3,4,7.4,NA,NA,NA,NA,NA,NA,NA,NA,Yale,Yale
400991596,2018-01-12,Yale,Brown,236,2,12:43:00,763,763,Blake Reynolds missed Free Throw.,53,48,5,0,0.857286412971405,0.7270704379636768,3,4,7.4,NA,NA,Yale,missed,Blake Reynolds,NA,FALSE,TRUE,Yale,Yale
400991596,2018-01-12,Yale,Brown,237,2,12:43:00,763,763,Yale Deadball Team Rebound.,53,48,5,0,0.857286412971405,0.7270704379636768,3,4,7.4,NA,NA,NA,NA,NA,NA,NA,NA,Yale,Yale
400991596,2018-01-12,Yale,Brown,238,2,12:43:00,763,763,Blake Reynolds made Free Throw.,54,48,6,0,0.8796261060346503,0.7641866632386188,3,4,7.4,NA,NA,Yale,made,Blake Reynolds,NA,FALSE,TRUE,Yale,Brown
400991596,2018-01-12,Yale,Brown,239,2,12:30:00,750,750,Desmond Cambridge made Layup. Assisted by Zach Hunsaker.,54,50,4,13,0.8321235599738342,0.6881932752187101,3,4,7.4,NA,NA,Brown,made,Desmond Cambridge,Zach Hunsaker,FALSE,FALSE,Brown,Yale
400991596,2018-01-12,Yale,Brown,240,2,12:06:00,726,726,Trey Phills made Three Point Jumper. Assisted by Blake Reynolds.,57,50,7,24,0.9015922302254172,0.8043994737050797,3,4,7.4,NA,NA,Yale,made,Trey Phills,Blake Reynolds,TRUE,FALSE,Yale,Brown
400991596,2018-01-12,Yale,Brown,241,2,11:41:00,701,701,Foul on Blake Reynolds.,57,50,7,25,0.9033238025709128,0.8087701024485431,3,4,7.4,NA,NA,NA,NA,NA,NA,NA,NA,Brown,Brown
400991596,2018-01-12,Yale,Brown,242,2,11:41:00,701,701,Official TV Timeout,57,50,7,0,0.9033238025709128,0.8087701024485431,3,4,7.4,NA,NA,NA,NA,NA,NA,NA,NA,Brown,Brown
400991596,2018-01-12,Yale,Brown,243,2,11:41:00,701,701,Obi Okolie made Free Throw.,57,51,6,0,0.8837784754025965,0.7748727226161987,3,4,7.4,NA,NA,Brown,made,Obi Okolie,NA,FALSE,TRUE,Brown,Brown
400991596,2018-01-12,Yale,Brown,244,2,11:41:00,701,701,Obi Okolie made Free Throw.,57,52,5,0,0.8608901370457602,0.7369212058334468,3,4,7.4,NA,NA,Brown,made,Obi Okolie,NA,FALSE,TRUE,Brown,Yale
400991596,2018-01-12,Yale,Brown,245,2,11:17:00,677,677,Alex Copeland missed Layup.,57,52,5,24,0.8619778662058859,0.7401719812862277,3,4,7.4,NA,NA,Yale,missed,Alex Copeland,NA,FALSE,FALSE,Yale,Brown
400991596,2018-01-12,Yale,Brown,246,2,11:17:00,677,677,Tamenang Choh Defensive Rebound.,57,52,5,0,0.8619778662058859,0.7401719812862277,3,4,7.4,NA,NA,NA,NA,NA,NA,NA,NA,Yale,Brown
400991596,2018-01-12,Yale,Brown,247,2,11:10:00,670,670,Zach Hunsaker Turnover.,57,52,5,7,0.8622704478173062,0.7410738869565631,3,4,7.4,NA,NA,NA,NA,NA,NA,NA,NA,Brown,Yale
400991596,2018-01-12,Yale,Brown,248,2,11:09:00,669,669,Noah Yates Steal.,57,52,5,1,0.8623118149290262,0.741201943468903,3,4,7.4,NA,NA,NA,NA,NA,NA,NA,NA,Brown,Yale
400991596,2018-01-12,Yale,Brown,249,2,11:05:00,665,665,Alex Copeland Turnover.,57,52,5,4,0.8624766528099529,0.7417130516796548,3,4,7.4,NA,NA,NA,NA,NA,NA,NA,NA,Yale,Brown
400991596,2018-01-12,Yale,Brown,250,2,11:05:00,665,665,Foul on Alex Copeland.,57,52,5,0,0.8624766528099529,0.7417130516796548,3,4,7.4,NA,NA,NA,NA,NA,NA,NA,NA,Yale,Brown
400991596,2018-01-12,Yale,Brown,251,2,10:50:00,650,650,Foul on Paul Atkinson.,57,52,5,15,0.8630963083212119,0.7436337922566414,3,4,7.4,NA,NA,NA,NA,NA,NA,NA,NA,Brown,Brown
400991596,2018-01-12,Yale,Brown,252,2,10:50:00,650,650,Tamenang Choh missed Free Throw.,57,52,5,0,0.8630963083212119,0.7436337922566414,3,4,7.4,NA,NA,Brown,missed,Tamenang Choh,NA,FALSE,TRUE,Brown,Yale
400991596,2018-01-12,Yale,Brown,253,2,10:50:00,650,650,Miye Oni Defensive Rebound.,57,52,5,0,0.8630963083212119,0.7436337922566414,3,4,7.4,NA,NA,NA,NA,NA,NA,NA,NA,Brown,Yale
400991596,2018-01-12,Yale,Brown,254,2,10:25:00,625,625,Trey Phills made Layup. Assisted by Noah Yates.,59,52,7,25,0.9075279493220816,0.8199128864730034,3,4,7.4,NA,NA,Yale,made,Trey Phills,Noah Yates,FALSE,FALSE,Yale,Brown
400991596,2018-01-12,Yale,Brown,255,2,10:25:00,625,625,Foul on Tamenang Choh.,59,52,7,0,0.9075279493220816,0.8199128864730034,3,4,7.4,NA,NA,NA,NA,NA,NA,NA,NA,Yale,Brown
400991596,2018-01-12,Yale,Brown,256,2,10:25:00,625,625,Trey Phills made Free Throw.,60,52,8,0,0.9241666814184244,0.8497056348619113,3,4,7.4,NA,NA,Yale,made,Trey Phills,NA,FALSE,TRUE,Yale,Brown
400991596,2018-01-12,Yale,Brown,257,2,10:12:00,612,612,Desmond Cambridge missed Three Point Jumper.,60,52,8,13,0.9249925591773696,0.8517771947989025,3,4,7.4,NA,NA,Brown,missed,Desmond Cambridge,NA,TRUE,FALSE,Brown,Yale
400991596,2018-01-12,Yale,Brown,258,2,10:12:00,612,612,Noah Yates Defensive Rebound.,60,52,8,0,0.9249925591773696,0.8517771947989025,3,4,7.4,NA,NA,NA,NA,NA,NA,NA,NA,Brown,Yale
400991596,2018-01-12,Yale,Brown,259,2,09:58:00,598,598,Foul on Tamenang Choh.,60,52,8,14,0.9259804256743832,0.8542017187868101,3,4,7.4,NA,NA,NA,NA,NA,NA,NA,NA,Yale,Yale
400991596,2018-01-12,Yale,Brown,260,2,09:54:00,594,594,Foul on Brandon Anderson.,60,52,8,4,0.926284941675088,0.8549382251757689,3,4,7.4,NA,NA,NA,NA,NA,NA,NA,NA,Yale,Brown
400991596,2018-01-12,Yale,Brown,261,2,09:54:00,594,594,Miye Oni missed Free Throw.,60,52,8,0,0.926284941675088,0.8549382251757689,3,4,7.4,NA,NA,Yale,missed,Miye Oni,NA,FALSE,TRUE,Yale,Brown
400991596,2018-01-12,Yale,Brown,262,2,09:54:00,594,594,Zach Hunsaker Defensive Rebound.,60,52,8,0,0.926284941675088,0.8549382251757689,3,4,7.4,NA,NA,NA,NA,NA,NA,NA,NA,Yale,Brown
400991596,2018-01-12,Yale,Brown,263,2,09:43:00,583,583,Brandon Anderson made Jumper.,60,54,6,11,0.8905486041833924,0.7930519890199276,3,4,7.4,NA,NA,Brown,made,Brandon Anderson,NA,FALSE,FALSE,Brown,Yale
400991596,2018-01-12,Yale,Brown,264,2,09:25:00,565,565,Miye Oni missed Layup.,60,54,6,18,0.8921920197597638,0.7969959600448846,3,4,7.4,NA,NA,Yale,missed,Miye Oni,NA,FALSE,FALSE,Yale,Brown
400991596,2018-01-12,Yale,Brown,265,2,09:25:00,565,565,Jason Massey Defensive Rebound.,60,54,6,0,0.8921920197597638,0.7969959600448846,3,4,7.4,NA,NA,NA,NA,NA,NA,NA,NA,Yale,Brown
400991596,2018-01-12,Yale,Brown,266,2,09:18:00,558,558,Foul on Alex Copeland.,60,54,6,7,0.8929167064036712,0.7986931489675149,3,4,7.4,NA,NA,NA,NA,NA,NA,NA,NA,Brown,Brown
400991596,2018-01-12,Yale,Brown,267,2,09:18:00,558,558,Jason Massey made Free Throw.,60,55,5,0,0.8688917520455137,0.7592286736542811,3,4,7.4,NA,NA,Brown,made,Jason Massey,NA,FALSE,TRUE,Brown,Brown
400991596,2018-01-12,Yale,Brown,268,2,09:18:00,558,558,Jason Massey made Free Throw.,60,56,4,0,0.8404398169435423,0.7147902580684806,3,4,7.4,NA,NA,Brown,made,Jason Massey,NA,FALSE,TRUE,Brown,Yale
400991596,2018-01-12,Yale,Brown,269,2,08:55:00,535,535,Azar Swain made Three Point Jumper. Assisted by Noah Yates.,63,56,7,23,0.9154682066844974,0.8388362319878214,3,4,7.4,NA,NA,Yale,made,Azar Swain,Noah Yates,TRUE,FALSE,Yale,Brown
400991596,2018-01-12,Yale,Brown,270,2,08:33:00,513,513,Jason Massey missed Jumper.,63,56,7,22,0.9172997515579872,0.843254381643345,3,4,7.4,NA,NA,Brown,missed,Jason Massey,NA,FALSE,FALSE,Brown,Yale
400991596,2018-01-12,Yale,Brown,271,2,08:33:00,513,513,Paul Atkinson Defensive Rebound.,63,56,7,0,0.9172997515579872,0.843254381643345,3,4,7.4,NA,NA,NA,NA,NA,NA,NA,NA,Brown,Yale
400991596,2018-01-12,Yale,Brown,272,2,08:08:00,488,488,Noah Yates missed Three Point Jumper.,63,56,7,25,0.9191740237828746,0.8478657217471999,3,4,7.4,NA,NA,Yale,missed,Noah Yates,NA,TRUE,FALSE,Yale,Brown
400991596,2018-01-12,Yale,Brown,273,2,08:08:00,488,488,Brandon Anderson Defensive Rebound.,63,56,7,0,0.9191740237828746,0.8478657217471999,3,4,7.4,NA,NA,NA,NA,NA,NA,NA,NA,Yale,Brown
400991596,2018-01-12,Yale,Brown,274,2,07:57:00,477,477,Brandon Anderson missed Layup.,63,56,7,11,0.92007333136419,0.8500303505185317,3,4,7.4,NA,NA,Brown,missed,Brandon Anderson,NA,FALSE,FALSE,Brown,Brown
400991596,2018-01-12,Yale,Brown,275,2,07:57:00,477,477,Tamenang Choh Offensive Rebound.,63,56,7,0,0.92007333136419,0.8500303505185317,3,4,7.4,NA,NA,NA,NA,NA,NA,NA,NA,Brown,Brown
400991596,2018-01-12,Yale,Brown,276,2,07:53:00,473,473,Jason Massey made Layup. Assisted by Tamenang Choh.,63,58,5,4,0.8755126193946132,0.7762346921578716,3,4,7.4,NA,NA,Brown,made,Jason Massey,Tamenang Choh,FALSE,FALSE,Brown,Yale
400991596,2018-01-12,Yale,Brown,277,2,07:42:00,462,462,Paul Atkinson Turnover.,63,58,5,11,0.876492054726387,0.7786565521495923,3,4,7.4,NA,NA,NA,NA,NA,NA,NA,NA,Yale,Brown
400991596,2018-01-12,Yale,Brown,278,2,07:42:00,462,462,Foul on Paul Atkinson.,63,58,5,0,0.876492054726387,0.7786565521495923,3,4,7.4,NA,NA,NA,NA,NA,NA,NA,NA,Yale,Brown
400991596,2018-01-12,Yale,Brown,279,2,07:42:00,462,462,Official TV Timeout,63,58,5,0,0.876492054726387,0.7786565521495923,3,4,7.4,NA,NA,NA,NA,NA,NA,NA,NA,Yale,Brown
400991596,2018-01-12,Yale,Brown,280,2,07:25:00,445,445,Zach Hunsaker made Three Point Jumper.,63,61,2,17,0.7697669041204679,0.6256202742593109,3,4,7.4,NA,NA,Brown,made,Zach Hunsaker,NA,TRUE,FALSE,Brown,Yale
400991596,2018-01-12,Yale,Brown,281,2,07:06:00,426,426,Miye Oni missed Jumper.,63,61,2,19,0.770548528711033,0.6290452079598317,3,4,7.4,NA,NA,Yale,missed,Miye Oni,NA,FALSE,FALSE,Yale,Yale
400991596,2018-01-12,Yale,Brown,282,2,07:06:00,426,426,Yale Offensive Rebound.,63,61,2,0,0.770548528711033,0.6290452079598317,3,4,7.4,NA,NA,NA,NA,NA,NA,NA,NA,Yale,Yale
400991596,2018-01-12,Yale,Brown,283,2,06:44:00,404,404,Azar Swain missed Three Point Jumper.,63,61,2,22,0.7712324755353929,0.6329614732173021,3,4,7.4,NA,NA,Yale,missed,Azar Swain,NA,TRUE,FALSE,Yale,Yale
400991596,2018-01-12,Yale,Brown,284,2,06:44:00,404,404,Noah Yates Offensive Rebound.,63,61,2,0,0.7712324755353929,0.6329614732173021,3,4,7.4,NA,NA,NA,NA,NA,NA,NA,NA,Yale,Yale
400991596,2018-01-12,Yale,Brown,285,2,06:19:00,379,379,Alex Copeland Turnover.,63,61,2,25,0.7716696283685408,0.6372161548664818,3,4,7.4,NA,NA,NA,NA,NA,NA,NA,NA,Yale,Brown
400991596,2018-01-12,Yale,Brown,286,2,05:51:00,351,351,Brandon Anderson Turnover.,63,61,2,28,0.7723958060980245,0.6425962598315172,3,4,7.4,NA,NA,NA,NA,NA,NA,NA,NA,Brown,Yale
400991596,2018-01-12,Yale,Brown,287,2,05:51:00,351,351,Azar Swain Steal.,63,61,2,0,0.7723958060980245,0.6425962598315172,3,4,7.4,NA,NA,NA,NA,NA,NA,NA,NA,Brown,Yale
400991596,2018-01-12,Yale,Brown,288,2,05:51:00,351,351,Foul on Brandon Anderson.,63,61,2,0,0.7723958060980245,0.6425962598315172,3,4,7.4,NA,NA,NA,NA,NA,NA,NA,NA,Yale,Yale
400991596,2018-01-12,Yale,Brown,289,2,05:51:00,351,351,Azar Swain made Free Throw.,64,61,3,0,0.819832676378935,0.7068172141155314,3,4,7.4,NA,NA,Yale,made,Azar Swain,NA,FALSE,TRUE,Yale,Yale
400991596,2018-01-12,Yale,Brown,290,2,05:51:00,351,351,Azar Swain made Free Throw.,65,61,4,0,0.859185273119782,0.7637411897891152,3,4,7.4,NA,NA,Yale,made,Azar Swain,NA,FALSE,TRUE,Yale,Brown
400991596,2018-01-12,Yale,Brown,291,2,05:35:00,335,335,Desmond Cambridge Turnover.,65,61,4,16,0.8616999319579937,0.7695715768359045,3,4,7.4,NA,NA,NA,NA,NA,NA,NA,NA,Brown,Yale
400991596,2018-01-12,Yale,Brown,292,2,05:35:00,335,335,Foul on Desmond Cambridge.,65,61,4,0,0.8616999319579937,0.7695715768359045,3,4,7.4,NA,NA,NA,NA,NA,NA,NA,NA,Yale,Yale
400991596,2018-01-12,Yale,Brown,293,2,05:21:00,321,321,Blake Reynolds missed Layup.,65,61,4,14,0.864429450521288,0.7754898338979982,3,4,7.4,NA,NA,Yale,missed,Blake Reynolds,NA,FALSE,FALSE,Yale,Brown
400991596,2018-01-12,Yale,Brown,294,2,05:21:00,321,321,Tamenang Choh Defensive Rebound.,65,61,4,0,0.864429450521288,0.7754898338979982,3,4,7.4,NA,NA,NA,NA,NA,NA,NA,NA,Yale,Brown
400991596,2018-01-12,Yale,Brown,295,2,04:59:00,299,299,Brandon Anderson made Layup.,65,63,2,22,0.7759683162122362,0.6562198677324814,3,4,7.4,NA,NA,Brown,made,Brandon Anderson,NA,FALSE,FALSE,Brown,Yale
400991596,2018-01-12,Yale,Brown,296,2,04:36:00,276,276,Noah Yates made Layup. Assisted by Blake Reynolds.,67,63,4,23,0.8666422891607531,0.7847481155589662,3,4,7.4,NA,NA,Yale,made,Noah Yates,Blake Reynolds,FALSE,FALSE,Yale,Brown
400991596,2018-01-12,Yale,Brown,297,2,04:12:00,252,252,Brandon Anderson missed Jumper.,67,63,4,24,0.8612026358374824,0.7800921424479167,3,4,7.4,NA,NA,Brown,missed,Brandon Anderson,NA,FALSE,FALSE,Brown,Yale
400991596,2018-01-12,Yale,Brown,298,2,04:12:00,252,252,Miye Oni Defensive Rebound.,67,63,4,0,0.8612026358374824,0.7800921424479167,3,4,7.4,NA,NA,NA,NA,NA,NA,NA,NA,Brown,Yale
400991596,2018-01-12,Yale,Brown,299,2,04:04:00,244,244,Blake Reynolds missed Layup.,67,63,4,8,0.8595968105249779,0.778916508290863,3,4,7.4,NA,NA,Yale,missed,Blake Reynolds,NA,FALSE,FALSE,Yale,Yale
400991596,2018-01-12,Yale,Brown,300,2,04:04:00,244,244,Tamenang Choh Block.,67,63,4,0,0.8595968105249779,0.778916508290863,3,4,7.4,NA,NA,NA,NA,NA,NA,NA,NA,Yale,Yale
400991596,2018-01-12,Yale,Brown,301,2,04:04:00,244,244,Yale Offensive Rebound.,67,63,4,0,0.8595968105249779,0.778916508290863,3,4,7.4,NA,NA,NA,NA,NA,NA,NA,NA,Yale,Yale
400991596,2018-01-12,Yale,Brown,302,2,03:53:00,233,233,Miye Oni missed Layup.,67,63,4,11,0.8582283522354852,0.7785641037881587,3,4,7.4,NA,NA,Yale,missed,Miye Oni,NA,FALSE,FALSE,Yale,Yale
400991596,2018-01-12,Yale,Brown,303,2,03:53:00,233,233,Paul Atkinson Offensive Rebound.,67,63,4,0,0.8582283522354852,0.7785641037881587,3,4,7.4,NA,NA,NA,NA,NA,NA,NA,NA,Yale,Yale
400991596,2018-01-12,Yale,Brown,304,2,03:46:00,226,226,Trey Phills missed Layup.,67,63,4,7,0.8581140789120656,0.7794490926766819,3,4,7.4,NA,NA,Yale,missed,Trey Phills,NA,FALSE,FALSE,Yale,Yale
400991596,2018-01-12,Yale,Brown,305,2,03:46:00,226,226,Trey Phills Offensive Rebound.,67,63,4,0,0.8581140789120656,0.7794490926766819,3,4,7.4,NA,NA,NA,NA,NA,NA,NA,NA,Yale,Yale
400991596,2018-01-12,Yale,Brown,306,2,03:46:00,226,226,Foul on Obi Okolie.,67,63,4,0,0.8581140789120656,0.7794490926766819,3,4,7.4,NA,NA,NA,NA,NA,NA,NA,NA,Yale,Yale
400991596,2018-01-12,Yale,Brown,307,2,03:46:00,226,226,Official TV Timeout,67,63,4,0,0.8581140789120656,0.7794490926766819,3,4,7.4,NA,NA,NA,NA,NA,NA,NA,NA,Yale,Yale
400991596,2018-01-12,Yale,Brown,308,2,03:46:00,226,226,Trey Phills made Free Throw.,68,63,5,0,0.8923841151986917,0.8289315123153727,3,4,7.4,NA,NA,Yale,made,Trey Phills,NA,FALSE,TRUE,Yale,Yale
400991596,2018-01-12,Yale,Brown,309,2,03:46:00,226,226,Trey Phills made Free Throw.,69,63,6,0,0.919156640598894,0.8691754916510311,3,4,7.4,NA,NA,Yale,made,Trey Phills,NA,FALSE,TRUE,Yale,Brown
400991596,2018-01-12,Yale,Brown,310,2,03:35:00,215,215,Obi Okolie made Layup.,69,65,4,11,0.859544685442425,0.7831596233514596,3,4,7.4,NA,NA,Brown,made,Obi Okolie,NA,FALSE,FALSE,Brown,Yale
400991596,2018-01-12,Yale,Brown,311,2,03:35:00,215,215,Foul on Noah Yates.,69,65,4,0,0.859544685442425,0.7831596233514596,3,4,7.4,NA,NA,NA,NA,NA,NA,NA,NA,Brown,Brown
400991596,2018-01-12,Yale,Brown,312,2,03:35:00,215,215,Obi Okolie made Free Throw.,69,66,3,0,0.8161487554979202,0.7237483020911144,3,4,7.4,NA,NA,Brown,made,Obi Okolie,NA,FALSE,TRUE,Brown,Yale
400991596,2018-01-12,Yale,Brown,313,2,03:21:00,201,201,Miye Oni made Layup. Assisted by Trey Phills.,71,66,5,14,0.8995682153458113,0.8427019844702723,3,4,7.4,NA,NA,Yale,made,Miye Oni,Trey Phills,FALSE,FALSE,Yale,Brown
400991596,2018-01-12,Yale,Brown,314,2,03:02:00,182,182,Obi Okolie missed Layup.,71,66,5,19,0.9130927600966589,0.8650252583615992,3,4,7.4,NA,NA,Brown,missed,Obi Okolie,NA,FALSE,FALSE,Brown,Yale
400991596,2018-01-12,Yale,Brown,315,2,03:02:00,182,182,Yale Defensive Rebound.,71,66,5,0,0.9130927600966589,0.8650252583615992,3,4,7.4,NA,NA,NA,NA,NA,NA,NA,NA,Brown,Yale
400991596,2018-01-12,Yale,Brown,316,2,02:41:00,161,161,Miye Oni missed Three Point Jumper.,71,66,5,21,0.9282030571696028,0.8897177170899702,3,4,7.4,NA,NA,Yale,missed,Miye Oni,NA,TRUE,FALSE,Yale,Brown
400991596,2018-01-12,Yale,Brown,317,2,02:41:00,161,161,Zach Hunsaker Defensive Rebound.,71,66,5,0,0.9282030571696028,0.8897177170899702,3,4,7.4,NA,NA,NA,NA,NA,NA,NA,NA,Yale,Brown
400991596,2018-01-12,Yale,Brown,318,2,02:33:00,153,153,Brandon Anderson missed Three Point Jumper.,71,66,5,8,0.933749877505216,0.8987277593762579,3,4,7.4,NA,NA,Brown,missed,Brandon Anderson,NA,TRUE,FALSE,Brown,Brown
400991596,2018-01-12,Yale,Brown,319,2,02:33:00,153,153,Brandon Anderson Offensive Rebound.,71,66,5,0,0.933749877505216,0.8987277593762579,3,4,7.4,NA,NA,NA,NA,NA,NA,NA,NA,Brown,Brown
400991596,2018-01-12,Yale,Brown,320,2,02:30:00,150,150,Foul on Trey Phills.,71,66,5,3,0.9358144638904476,0.9020693646787524,3,4,7.4,NA,NA,NA,NA,NA,NA,NA,NA,Brown,Brown
400991596,2018-01-12,Yale,Brown,321,2,02:30:00,150,150,Brandon Anderson missed Free Throw.,71,66,5,0,0.9358144638904476,0.9020693646787524,3,4,7.4,NA,NA,Brown,missed,Brandon Anderson,NA,FALSE,TRUE,Brown,Brown
400991596,2018-01-12,Yale,Brown,322,2,02:30:00,150,150,Brown Deadball Team Rebound.,71,66,5,0,0.9358144638904476,0.9020693646787524,3,4,7.4,NA,NA,NA,NA,NA,NA,NA,NA,Brown,Brown
400991596,2018-01-12,Yale,Brown,323,2,02:30:00,150,150,Brandon Anderson made Free Throw.,71,67,4,0,0.9033970557710522,0.8552450340286498,3,4,7.4,NA,NA,Brown,made,Brandon Anderson,NA,FALSE,TRUE,Brown,Yale
400991596,2018-01-12,Yale,Brown,324,2,02:14:00,134,134,Miye Oni missed Three Point Jumper.,71,67,4,16,0.916060703500635,0.8753717009940046,3,4,7.4,NA,NA,Yale,missed,Miye Oni,NA,TRUE,FALSE,Yale,Brown
400991596,2018-01-12,Yale,Brown,325,2,02:14:00,134,134,Obi Okolie Defensive Rebound.,71,67,4,0,0.916060703500635,0.8753717009940046,3,4,7.4,NA,NA,NA,NA,NA,NA,NA,NA,Yale,Brown
400991596,2018-01-12,Yale,Brown,326,2,02:00:00,120,120,Brown  Timeout,71,67,4,14,0.9274674817664182,0.8932706893910669,2,4,7.4,NA,NA,NA,NA,NA,NA,NA,NA,Brown,Brown
400991596,2018-01-12,Yale,Brown,327,2,02:00:00,120,120,Official TV Timeout,71,67,4,0,0.9274674817664182,0.8932706893910669,2,4,7.4,NA,NA,NA,NA,NA,NA,NA,NA,Brown,Brown
400991596,2018-01-12,Yale,Brown,328,2,01:49:00,109,109,Obi Okolie Turnover.,71,67,4,11,0.9365461951243532,0.9073544044319374,2,4,7.4,NA,NA,NA,NA,NA,NA,NA,NA,Brown,Yale
400991596,2018-01-12,Yale,Brown,329,2,01:47:00,107,107,Blake Reynolds Steal.,71,67,4,2,0.9381963764516468,0.9098986451537404,2,4,7.4,NA,NA,NA,NA,NA,NA,NA,NA,Brown,Yale
400991596,2018-01-12,Yale,Brown,330,2,01:25:00,85,85,Eric Monroe Turnover.,71,67,4,22,0.9555916655270372,0.9364397154426226,2,4,7.4,NA,NA,NA,NA,NA,NA,NA,NA,Yale,Brown
400991596,2018-01-12,Yale,Brown,331,2,01:11:00,71,71,Brandon Anderson missed Three Point Jumper.,71,67,4,14,0.9650404185611576,0.9506510557530906,2,4,7.4,NA,NA,Brown,missed,Brandon Anderson,NA,TRUE,FALSE,Brown,Yale
400991596,2018-01-12,Yale,Brown,332,2,01:11:00,71,71,Trey Phills Defensive Rebound.,71,67,4,0,0.9650404185611576,0.9506510557530906,2,4,7.4,NA,NA,NA,NA,NA,NA,NA,NA,Brown,Yale
400991596,2018-01-12,Yale,Brown,333,2,01:09:00,69,69,Foul on Tamenang Choh.,71,67,4,2,0.9662985646632742,0.9525274989193612,2,4,7.4,NA,NA,NA,NA,NA,NA,NA,NA,Yale,Yale
400991596,2018-01-12,Yale,Brown,334,2,01:09:00,69,69,Trey Phills made Free Throw.,72,67,5,0,0.9837882520453652,0.9769936625831472,2,4,7.4,NA,NA,Yale,made,Trey Phills,NA,FALSE,TRUE,Yale,Yale
400991596,2018-01-12,Yale,Brown,335,2,01:09:00,69,69,Trey Phills made Free Throw.,73,67,6,0,0.9922740658994248,0.9889962295511868,2,4,7.4,NA,NA,Yale,made,Trey Phills,NA,FALSE,TRUE,Yale,Brown
400991596,2018-01-12,Yale,Brown,336,2,00:59:00,59,59,Desmond Cambridge made Three Point Jumper. Assisted by Zach Hunsaker.,73,70,3,10,0.9398676888444673,0.9173067172495034,2,4,7.4,NA,NA,Brown,made,Desmond Cambridge,Zach Hunsaker,TRUE,FALSE,Brown,Yale
400991596,2018-01-12,Yale,Brown,337,2,00:55:00,55,55,Noah Yates Turnover.,73,70,3,4,0.9431376880924166,0.9221127162375288,2,4,7.4,NA,NA,NA,NA,NA,NA,NA,NA,Yale,Brown
400991596,2018-01-12,Yale,Brown,338,2,00:55:00,55,55,Zach Hunsaker Steal.,73,70,3,0,0.9431376880924166,0.9221127162375288,2,4,7.4,NA,NA,NA,NA,NA,NA,NA,NA,Yale,Brown
400991596,2018-01-12,Yale,Brown,339,2,00:55:00,55,55,Brown  Timeout,73,70,3,0,0.9431376880924166,0.9221127162375288,1,4,7.4,NA,NA,NA,NA,NA,NA,NA,NA,Yale,Brown
400991596,2018-01-12,Yale,Brown,340,2,00:53:00,53,53,Foul on Miye Oni.,73,70,3,2,0.9447366302411688,0.924456496002796,1,4,7.4,NA,NA,NA,NA,NA,NA,NA,NA,Brown,Brown
400991596,2018-01-12,Yale,Brown,341,2,00:53:00,53,53,Desmond Cambridge missed Free Throw.,73,70,3,0,0.9447366302411688,0.924456496002796,1,4,7.4,NA,NA,Brown,missed,Desmond Cambridge,NA,FALSE,TRUE,Brown,Brown
400991596,2018-01-12,Yale,Brown,342,2,00:53:00,53,53,Brown Deadball Team Rebound.,73,70,3,0,0.9447366302411688,0.924456496002796,1,4,7.4,NA,NA,NA,NA,NA,NA,NA,NA,Brown,Brown
400991596,2018-01-12,Yale,Brown,343,2,00:53:00,53,53,Desmond Cambridge made Free Throw.,73,71,2,0,0.8812125884566415,0.8415311332441661,1,4,7.4,NA,NA,Brown,made,Desmond Cambridge,NA,FALSE,TRUE,Brown,Yale
400991596,2018-01-12,Yale,Brown,344,2,00:37:00,37,37,Eric Monroe Turnover.,73,71,2,16,0.8972234715834924,0.8648259991000952,1,4,7.4,NA,NA,NA,NA,NA,NA,NA,NA,Yale,Brown
400991596,2018-01-12,Yale,Brown,345,2,00:37:00,37,37,Foul on Eric Monroe.,73,71,2,0,0.8972234715834924,0.8648259991000952,1,4,7.4,NA,NA,NA,NA,NA,NA,NA,NA,Yale,Brown
400991596,2018-01-12,Yale,Brown,346,2,00:29:00,29,29,Foul on Noah Yates.,73,71,2,8,0.9049976739284176,0.8760266316386648,1,4,7.4,NA,NA,NA,NA,NA,NA,NA,NA,Brown,Brown
400991596,2018-01-12,Yale,Brown,347,2,00:29:00,29,29,Obi Okolie made Free Throw.,73,72,1,0,0.7818305776696994,0.7266446279420194,1,4,7.4,NA,NA,Brown,made,Obi Okolie,NA,FALSE,TRUE,Brown,Brown
400991596,2018-01-12,Yale,Brown,348,2,00:29:00,29,29,Obi Okolie missed Free Throw.,73,72,1,0,0.7818305776696994,0.7266446279420194,1,4,7.4,NA,NA,Brown,missed,Obi Okolie,NA,FALSE,TRUE,Brown,Yale
400991596,2018-01-12,Yale,Brown,349,2,00:29:00,29,29,Trey Phills Defensive Rebound.,73,72,1,0,0.7818305776696994,0.7266446279420194,1,4,7.4,NA,NA,NA,NA,NA,NA,NA,NA,Brown,Yale
400991596,2018-01-12,Yale,Brown,350,2,00:24:00,24,24,Foul on Zach Hunsaker.,73,72,1,5,0.7859345161607634,0.7329290000397786,1,4,7.4,NA,NA,NA,NA,NA,NA,NA,NA,Yale,Yale
400991596,2018-01-12,Yale,Brown,351,2,00:24:00,24,24,Trey Phills made Free Throw.,74,72,2,0,0.9097121887963542,0.8827846648962041,1,4,7.4,NA,NA,Yale,made,Trey Phills,NA,FALSE,TRUE,Yale,Yale
400991596,2018-01-12,Yale,Brown,352,2,00:24:00,24,24,Trey Phills made Free Throw.,75,72,3,0,0.965097143792318,0.9538497102658992,1,4,7.4,NA,NA,Yale,made,Trey Phills,NA,FALSE,TRUE,Yale,Brown
400991596,2018-01-12,Yale,Brown,353,2,00:11:00,11,11,Desmond Cambridge Turnover.,75,72,3,13,0.9723901933587142,0.9641134250897672,1,4,7.4,NA,NA,NA,NA,NA,NA,NA,NA,Brown,Brown
400991596,2018-01-12,Yale,Brown,354,2,00:11:00,11,11,Miye Oni Steal.,75,72,3,0,0.9723901933587142,0.9641134250897672,1,4,7.4,NA,NA,NA,NA,NA,NA,NA,NA,Brown,Brown
400991596,2018-01-12,Yale,Brown,355,2,00:11:00,11,11,Foul on Desmond Cambridge.,75,72,3,0,0.9723901933587142,0.9641134250897672,1,4,7.4,NA,NA,NA,NA,NA,NA,NA,NA,Yale,Brown
400991596,2018-01-12,Yale,Brown,356,2,00:11:00,11,11,Miye Oni made Free Throw.,76,72,4,0,0.9906086890329018,0.98772444949525,1,4,7.4,NA,NA,Yale,made,Miye Oni,NA,FALSE,TRUE,Yale,Yale
400991596,2018-01-12,Yale,Brown,357,2,00:11:00,11,11,Miye Oni missed Free Throw.,76,72,4,0,0.9906086890329018,0.98772444949525,1,4,7.4,NA,NA,Yale,missed,Miye Oni,NA,FALSE,TRUE,Yale,Brown
400991596,2018-01-12,Yale,Brown,358,2,00:11:00,11,11,Joshua Howard Defensive Rebound.,76,72,4,0,0.9906086890329018,0.98772444949525,1,4,7.4,NA,NA,NA,NA,NA,NA,NA,NA,Yale,Brown
400991596,2018-01-12,Yale,Brown,359,2,00:06:00,6,6,Brandon Anderson Turnover.,76,72,4,5,0.9917770191984374,0.9893323884792612,1,4,7.4,NA,NA,NA,NA,NA,NA,NA,NA,Brown,Yale
400991596,2018-01-12,Yale,Brown,360,2,00:06:00,6,6,Miye Oni Steal.,76,72,4,0,0.9917770191984374,0.9893323884792612,1,4,7.4,NA,NA,NA,NA,NA,NA,NA,NA,Brown,Yale
400991596,2018-01-12,Yale,Brown,361,2,00:06:00,6,6,Foul on Tamenang Choh.,76,72,4,0,0.9917770191984374,0.9893323884792612,1,4,7.4,NA,NA,NA,NA,NA,NA,NA,NA,Yale,Yale
400991596,2018-01-12,Yale,Brown,362,2,00:06:00,6,6,Trey Phills made Free Throw.,77,72,5,0,0.9973353651977522,0.9965374199946048,1,4,7.4,NA,NA,Yale,made,Trey Phills,NA,FALSE,TRUE,Yale,Yale
400991596,2018-01-12,Yale,Brown,363,2,00:06:00,6,6,Trey Phills made Free Throw.,78,72,6,0,0.999139791018116,0.9988815889344048,1,4,7.4,NA,NA,Yale,made,Trey Phills,NA,FALSE,TRUE,Yale,Brown
400991596,2018-01-12,Yale,Brown,364,2,00:01:00,1,1,Brandon Anderson missed Three Point Jumper.,78,72,6,5,0.9993023035767746,0.9991001254907949,1,4,7.4,NA,NA,Brown,missed,Brandon Anderson,NA,TRUE,FALSE,Brown,Yale
400991596,2018-01-12,Yale,Brown,365,2,00:01:00,1,1,Yale Defensive Rebound.,78,72,6,0,0.9993023035767746,0.9991001254907949,1,4,7.4,NA,NA,NA,NA,NA,NA,NA,NA,Brown,Yale
400991596,2018-01-12,Yale,Brown,366,2,00:00:00,0,0,End of Game,78,72,6,1,1,1,1,4,7.4,NA,NA,NA,NA,NA,NA,NA,NA,Yale,NA
