game_id,date,home,away,play_id,half,time_remaining_half,secs_remaining,secs_remaining_absolute,description,home_score,away_score,score_diff,play_length,win_prob,naive_win_prob,home_time_out_remaining,away_time_out_remaining,home_favored_by,shot_x,shot_y,shot_team,shot_outcome,shooter,assist,three_pt,free_throw,possession_before,possession_after
401083549,2018-12-01,Kansas,Stanford,1,1,20:00:00,2400,2700,PLAY,0,0,0,0,0.961157394954036,0.5,4,4,20,NA,NA,NA,NA,NA,NA,NA,NA,NA,Stanford
401083549,2018-12-01,Kansas,Stanford,2,1,20:00:00,2400,2700,Jump Ball won by Stanford,0,0,0,0,0.961157394954036,0.5,4,4,20,NA,NA,NA,NA,NA,NA,NA,NA,Stanford,Stanford
401083549,2018-12-01,Kansas,Stanford,3,1,19:48:00,2388,2688,Oscar da Silva missed Three Point Jumper.,0,0,0,12,0.9610135224193532,0.5,4,4,20,10,21.93333333333333,Stanford,missed,Oscar da Silva,NA,TRUE,FALSE,Stanford,Stanford
401083549,2018-12-01,Kansas,Stanford,4,1,19:48:00,2388,2688,Oscar da Silva Offensive Rebound.,0,0,0,0,0.9610135224193532,0.5,4,4,20,NA,NA,NA,NA,NA,NA,NA,NA,Stanford,Stanford
401083549,2018-12-01,Kansas,Stanford,5,1,19:26:00,2366,2666,KZ Okpala missed Jumper.,0,0,0,22,0.9607429739646808,0.5,4,4,20,31,7.311111111111111,Stanford,missed,KZ Okpala,NA,FALSE,FALSE,Stanford,Kansas
401083549,2018-12-01,Kansas,Stanford,6,1,19:26:00,2366,2666,Dedric Lawson Defensive Rebound.,0,0,0,0,0.9607429739646808,0.5,4,4,20,NA,NA,NA,NA,NA,NA,NA,NA,Stanford,Kansas
401083549,2018-12-01,Kansas,Stanford,7,1,19:20:00,2360,2660,Lagerald Vick missed Three Point Jumper.,0,0,0,6,0.960667625986404,0.5,4,4,20,8,72.27555555555554,Kansas,missed,Lagerald Vick,NA,TRUE,FALSE,Kansas,Stanford
401083549,2018-12-01,Kansas,Stanford,8,1,19:20:00,2360,2660,Josh Sharma Defensive Rebound.,0,0,0,0,0.960667625986404,0.5,4,4,20,NA,NA,NA,NA,NA,NA,NA,NA,Kansas,Stanford
401083549,2018-12-01,Kansas,Stanford,9,1,18:47:00,2327,2627,Isaac White made Three Point Jumper. Assisted by Daejon Davis.,0,3,-3,33,0.9483400656518696,0.43184888909472174,4,4,20,1.25,1.0444444444444445,Stanford,made,Isaac White,Daejon Davis,TRUE,FALSE,Stanford,Kansas
401083549,2018-12-01,Kansas,Stanford,10,1,18:26:00,2306,2606,Udoka Azubuike made Dunk. Assisted by Lagerald Vick.,2,3,-1,21,0.956252374619264,0.47692378171038,4,4,20,28.000000000000004,86.89777777777778,Kansas,made,Udoka Azubuike,Lagerald Vick,FALSE,FALSE,Kansas,Stanford
401083549,2018-12-01,Kansas,Stanford,11,1,17:58:00,2278,2578,Oscar da Silva missed Three Point Jumper.,2,3,-1,28,0.9557728070375036,0.47660970179848494,4,4,20,1.25,2.088888888888889,Stanford,missed,Oscar da Silva,NA,TRUE,FALSE,Stanford,Kansas
401083549,2018-12-01,Kansas,Stanford,12,1,17:58:00,2278,2578,Dedric Lawson Defensive Rebound.,2,3,-1,0,0.9557728070375036,0.47660970179848494,4,4,20,NA,NA,NA,NA,NA,NA,NA,NA,Stanford,Kansas
401083549,2018-12-01,Kansas,Stanford,13,1,17:49:00,2269,2569,Devon Dotson missed Layup.,2,3,-1,9,0.9556143470492344,0.47650794703677646,4,4,20,27,85.85333333333332,Kansas,missed,Devon Dotson,NA,FALSE,FALSE,Kansas,Stanford
401083549,2018-12-01,Kansas,Stanford,14,1,17:49:00,2269,2569,Josh Sharma Block.,2,3,-1,0,0.9556143470492344,0.47650794703677646,4,4,20,NA,NA,NA,NA,NA,NA,NA,NA,Kansas,Stanford
401083549,2018-12-01,Kansas,Stanford,15,1,17:49:00,2269,2569,Isaac White Defensive Rebound.,2,3,-1,0,0.9556143470492344,0.47650794703677646,4,4,20,NA,NA,NA,NA,NA,NA,NA,NA,Kansas,Stanford
401083549,2018-12-01,Kansas,Stanford,16,1,17:22:00,2242,2542,Foul on Quentin Grimes.,2,3,-1,27,0.9551259296765744,0.47620061926810064,4,4,20,NA,NA,NA,NA,NA,NA,NA,NA,Stanford,Stanford
401083549,2018-12-01,Kansas,Stanford,17,1,17:15:00,2235,2535,Oscar da Silva missed Three Point Jumper.,2,3,-1,7,0.9549960349501476,0.4761204813687841,4,4,20,1.25,2.088888888888889,Stanford,missed,Oscar da Silva,NA,TRUE,FALSE,Stanford,Kansas
401083549,2018-12-01,Kansas,Stanford,18,1,17:15:00,2235,2535,Udoka Azubuike Defensive Rebound.,2,3,-1,0,0.9549960349501476,0.4761204813687841,4,4,20,NA,NA,NA,NA,NA,NA,NA,NA,Stanford,Kansas
401083549,2018-12-01,Kansas,Stanford,19,1,17:01:00,2221,2521,Dedric Lawson missed Jumper.,2,3,-1,14,0.9547321017159068,0.4759596988718533,4,4,20,13,81.67555555555555,Kansas,missed,Dedric Lawson,NA,FALSE,FALSE,Kansas,Kansas
401083549,2018-12-01,Kansas,Stanford,20,1,17:01:00,2221,2521,Udoka Azubuike Offensive Rebound.,2,3,-1,0,0.9547321017159068,0.4759596988718533,4,4,20,NA,NA,NA,NA,NA,NA,NA,NA,Kansas,Kansas
401083549,2018-12-01,Kansas,Stanford,21,1,16:56:00,2216,2516,Jump Ball won by Kansas,2,3,-1,5,0.9546364817620544,0.4759021236633784,4,4,20,NA,NA,NA,NA,NA,NA,NA,NA,Kansas,Kansas
401083549,2018-12-01,Kansas,Stanford,22,1,16:55:00,2215,2515,Quentin Grimes made Jumper.,4,3,1,1,0.9622832218894184,0.5241094005077541,4,4,20,16,86.89777777777778,Kansas,made,Quentin Grimes,NA,FALSE,FALSE,Kansas,Stanford
401083549,2018-12-01,Kansas,Stanford,23,1,16:32:00,2192,2492,Daejon Davis made Jumper.,4,5,-1,23,0.9541673198923885,0.4756247738977838,4,4,20,21.000000000000004,8.355555555555556,Stanford,made,Daejon Davis,NA,FALSE,FALSE,Stanford,Kansas
401083549,2018-12-01,Kansas,Stanford,24,1,16:18:00,2178,2478,Udoka Azubuike made Layup.,6,5,1,14,0.9617966291871056,0.5245376688636048,4,4,20,25,84.80888888888889,Kansas,made,Udoka Azubuike,NA,FALSE,FALSE,Kansas,Stanford
401083549,2018-12-01,Kansas,Stanford,25,1,16:18:00,2178,2478,Foul on Josh Sharma.,6,5,1,0,0.9617966291871056,0.5245376688636048,4,4,20,NA,NA,NA,NA,NA,NA,NA,NA,Kansas,Stanford
401083549,2018-12-01,Kansas,Stanford,26,1,16:18:00,2178,2478,Udoka Azubuike missed Free Throw.,6,5,1,0,0.9617966291871056,0.5245376688636048,4,4,20,25,87.94222222222221,Kansas,missed,Udoka Azubuike,NA,FALSE,TRUE,Kansas,Stanford
401083549,2018-12-01,Kansas,Stanford,27,1,16:18:00,2178,2478,Trevor Stanback Defensive Rebound.,6,5,1,0,0.9617966291871056,0.5245376688636048,4,4,20,NA,NA,NA,NA,NA,NA,NA,NA,Kansas,Stanford
401083549,2018-12-01,Kansas,Stanford,28,1,16:07:00,2167,2467,Isaac White missed Three Point Jumper.,6,5,1,11,0.9616460929356144,0.5246655909373422,4,4,20,21.999999999999996,29.244444444444444,Stanford,missed,Isaac White,NA,TRUE,FALSE,Stanford,Stanford
401083549,2018-12-01,Kansas,Stanford,29,1,16:07:00,2167,2467,Trevor Stanback Offensive Rebound.,6,5,1,0,0.9616460929356144,0.5246655909373422,4,4,20,NA,NA,NA,NA,NA,NA,NA,NA,Stanford,Stanford
401083549,2018-12-01,Kansas,Stanford,30,1,15:48:00,2148,2448,Foul on Devon Dotson.,6,5,1,19,0.9613798535890586,0.5248875332213728,4,4,20,NA,NA,NA,NA,NA,NA,NA,NA,Stanford,Stanford
401083549,2018-12-01,Kansas,Stanford,31,1,15:48:00,2148,2448,Official TV Timeout,6,5,1,0,0.9613798535890586,0.5248875332213728,4,4,20,NA,NA,NA,NA,NA,NA,NA,NA,Stanford,Stanford
401083549,2018-12-01,Kansas,Stanford,32,1,15:42:00,2142,2442,Oscar da Silva missed Three Point Jumper.,6,5,1,6,0.961294158851487,0.5249579212476474,4,4,20,47,9.4,Stanford,missed,Oscar da Silva,NA,TRUE,FALSE,Stanford,Kansas
401083549,2018-12-01,Kansas,Stanford,33,1,15:42:00,2142,2442,Udoka Azubuike Defensive Rebound.,6,5,1,0,0.961294158851487,0.5249579212476474,4,4,20,NA,NA,NA,NA,NA,NA,NA,NA,Stanford,Kansas
401083549,2018-12-01,Kansas,Stanford,34,1,15:16:00,2116,2416,Foul on Trevor Stanback.,6,5,1,26,0.9609138274192768,0.5252647261373411,4,4,20,NA,NA,NA,NA,NA,NA,NA,NA,Kansas,Kansas
401083549,2018-12-01,Kansas,Stanford,35,1,15:16:00,2116,2416,Udoka Azubuike missed Free Throw.,6,5,1,0,0.9609138274192768,0.5252647261373411,4,4,20,25,87.94222222222221,Kansas,missed,Udoka Azubuike,NA,FALSE,TRUE,Kansas,Kansas
401083549,2018-12-01,Kansas,Stanford,36,1,15:16:00,2116,2416,Kansas Deadball Team Rebound.,6,5,1,0,0.9609138274192768,0.5252647261373411,4,4,20,NA,NA,NA,NA,NA,NA,NA,NA,Kansas,Kansas
401083549,2018-12-01,Kansas,Stanford,37,1,15:16:00,2116,2416,Udoka Azubuike missed Free Throw.,6,5,1,0,0.9609138274192768,0.5252647261373411,4,4,20,25,87.94222222222221,Kansas,missed,Udoka Azubuike,NA,FALSE,TRUE,Kansas,Kansas
401083549,2018-12-01,Kansas,Stanford,38,1,15:16:00,2116,2416,Oscar da Silva Defensive Rebound.,6,5,1,0,0.9609138274192768,0.5252647261373411,4,4,20,NA,NA,NA,NA,NA,NA,NA,NA,Kansas,Kansas
401083549,2018-12-01,Kansas,Stanford,39,1,14:46:00,2086,2386,Foul on Udoka Azubuike.,6,5,1,30,0.9604568172239034,0.5256226424492955,4,4,20,NA,NA,NA,NA,NA,NA,NA,NA,Kansas,Stanford
401083549,2018-12-01,Kansas,Stanford,40,1,14:46:00,2086,2386,Daejon Davis made Free Throw.,6,6,0,0,0.9563714773037248,0.5,4,4,20,25,4.177777777777778,Stanford,made,Daejon Davis,NA,FALSE,TRUE,Stanford,Stanford
401083549,2018-12-01,Kansas,Stanford,41,1,14:46:00,2086,2386,Daejon Davis made Free Throw.,6,7,-1,0,0.9518852110230204,0.4743773575507046,4,4,20,25,4.177777777777778,Stanford,made,Daejon Davis,NA,FALSE,TRUE,Stanford,Stanford
401083549,2018-12-01,Kansas,Stanford,42,1,14:46:00,2086,2386,Daejon Davis made Free Throw.,6,8,-2,0,0.9469632105312924,0.4488889368026057,4,4,20,25,4.177777777777778,Stanford,made,Daejon Davis,NA,FALSE,TRUE,Stanford,Kansas
401083549,2018-12-01,Kansas,Stanford,43,1,14:38:00,2078,2378,Foul on Quentin Grimes.,6,8,-2,8,0.9467393692274264,0.4486980371736651,4,4,20,NA,NA,NA,NA,NA,NA,NA,NA,Kansas,Stanford
401083549,2018-12-01,Kansas,Stanford,44,1,14:38:00,2078,2378,Quentin Grimes Turnover.,6,8,-2,0,0.9467393692274264,0.4486980371736651,4,4,20,NA,NA,NA,NA,NA,NA,NA,NA,Kansas,Stanford
401083549,2018-12-01,Kansas,Stanford,45,1,14:19:00,2059,2359,Jaiden Delaire missed Three Point Jumper.,6,8,-2,19,0.9461979704960664,0.4482419770620249,4,4,20,3,3.1333333333333333,Stanford,missed,Jaiden Delaire,NA,TRUE,FALSE,Stanford,Kansas
401083549,2018-12-01,Kansas,Stanford,46,1,14:19:00,2059,2359,Marcus Garrett Defensive Rebound.,6,8,-2,0,0.9461979704960664,0.4482419770620249,4,4,20,NA,NA,NA,NA,NA,NA,NA,NA,Stanford,Kansas
401083549,2018-12-01,Kansas,Stanford,47,1,13:56:00,2036,2336,Dedric Lawson missed Layup.,6,8,-2,23,0.94552395979334,0.4476846005111983,4,4,20,28.000000000000004,86.89777777777778,Kansas,missed,Dedric Lawson,NA,FALSE,FALSE,Kansas,Kansas
401083549,2018-12-01,Kansas,Stanford,48,1,13:56:00,2036,2336,Mitch Lightfoot Offensive Rebound.,6,8,-2,0,0.94552395979334,0.4476846005111983,4,4,20,NA,NA,NA,NA,NA,NA,NA,NA,Kansas,Kansas
401083549,2018-12-01,Kansas,Stanford,49,1,13:53:00,2033,2333,Mitch Lightfoot missed Layup.,6,8,-2,3,0.945434524156982,0.44761145139642455,4,4,20,24,86.89777777777778,Kansas,missed,Mitch Lightfoot,NA,FALSE,FALSE,Kansas,Stanford
401083549,2018-12-01,Kansas,Stanford,50,1,13:53:00,2033,2333,Dedric Lawson Offensive Rebound.,6,8,-2,0,0.945434524156982,0.44761145139642455,4,4,20,NA,NA,NA,NA,NA,NA,NA,NA,Kansas,Stanford
401083549,2018-12-01,Kansas,Stanford,51,1,13:53:00,2033,2333,Dedric Lawson made Layup.,8,8,0,0,0.9553220917024544,0.5,4,4,20,27,86.89777777777778,Kansas,made,Dedric Lawson,NA,FALSE,FALSE,Kansas,Stanford
401083549,2018-12-01,Kansas,Stanford,52,1,13:53:00,2033,2333,Foul on Cormac Ryan.,8,8,0,0,0.9553220917024544,0.5,4,4,20,NA,NA,NA,NA,NA,NA,NA,NA,Kansas,Stanford
401083549,2018-12-01,Kansas,Stanford,53,1,13:53:00,2033,2333,Dedric Lawson made Free Throw.,9,8,1,0,0.9596017721948076,0.526266563411049,4,4,20,25,87.94222222222221,Kansas,made,Dedric Lawson,NA,FALSE,TRUE,Kansas,Stanford
401083549,2018-12-01,Kansas,Stanford,54,1,13:30:00,2010,2310,Daejon Davis missed Layup.,9,8,1,23,0.9592117382716878,0.5265511372496339,4,4,20,27,6.266666666666667,Stanford,missed,Daejon Davis,NA,FALSE,FALSE,Stanford,Kansas
401083549,2018-12-01,Kansas,Stanford,55,1,13:30:00,2010,2310,Dedric Lawson Defensive Rebound.,9,8,1,0,0.9592117382716878,0.5265511372496339,4,4,20,NA,NA,NA,NA,NA,NA,NA,NA,Stanford,Kansas
401083549,2018-12-01,Kansas,Stanford,56,1,13:21:00,2001,2301,Foul on Dedric Lawson.,9,8,1,9,0.9590559846052792,0.5266634079983812,4,4,20,NA,NA,NA,NA,NA,NA,NA,NA,Kansas,Stanford
401083549,2018-12-01,Kansas,Stanford,57,1,13:21:00,2001,2301,Dedric Lawson Turnover.,9,8,1,0,0.9590559846052792,0.5266634079983812,4,4,20,NA,NA,NA,NA,NA,NA,NA,NA,Kansas,Stanford
401083549,2018-12-01,Kansas,Stanford,58,1,13:08:00,1988,2288,Foul on Charlie Moore.,9,8,1,13,0.9588278945044244,0.5268265227868488,4,4,20,NA,NA,NA,NA,NA,NA,NA,NA,Stanford,Stanford
401083549,2018-12-01,Kansas,Stanford,59,1,12:58:00,1978,2278,KZ Okpala missed Three Point Jumper.,9,8,1,10,0.9586499359872442,0.5269527772938578,4,4,20,47,3.1333333333333333,Stanford,missed,KZ Okpala,NA,TRUE,FALSE,Stanford,Kansas
401083549,2018-12-01,Kansas,Stanford,60,1,12:58:00,1978,2278,David McCormack Defensive Rebound.,9,8,1,0,0.9586499359872442,0.5269527772938578,4,4,20,NA,NA,NA,NA,NA,NA,NA,NA,Stanford,Kansas
401083549,2018-12-01,Kansas,Stanford,61,1,12:34:00,1954,2254,Marcus Garrett missed Layup.,9,8,1,24,0.9582139423303252,0.5272586698477552,4,4,20,24,86.89777777777778,Kansas,missed,Marcus Garrett,NA,FALSE,FALSE,Kansas,Stanford
401083549,2018-12-01,Kansas,Stanford,62,1,12:34:00,1954,2254,KZ Okpala Block.,9,8,1,0,0.9582139423303252,0.5272586698477552,4,4,20,NA,NA,NA,NA,NA,NA,NA,NA,Kansas,Stanford
401083549,2018-12-01,Kansas,Stanford,63,1,12:34:00,1954,2254,KZ Okpala Defensive Rebound.,9,8,1,0,0.9582139423303252,0.5272586698477552,4,4,20,NA,NA,NA,NA,NA,NA,NA,NA,Kansas,Stanford
401083549,2018-12-01,Kansas,Stanford,64,1,12:22:00,1942,2242,Foul on Bryce Wills.,9,8,1,12,0.957991233719721,0.5274131981017458,4,4,20,NA,NA,NA,NA,NA,NA,NA,NA,Kansas,Kansas
401083549,2018-12-01,Kansas,Stanford,65,1,12:22:00,1942,2242,Bryce Wills Turnover.,9,8,1,0,0.957991233719721,0.5274131981017458,4,4,20,NA,NA,NA,NA,NA,NA,NA,NA,Stanford,Kansas
401083549,2018-12-01,Kansas,Stanford,66,1,12:10:00,1930,2230,Marcus Garrett Turnover.,9,8,1,12,0.9577653815774624,0.5275688201986779,4,4,20,NA,NA,NA,NA,NA,NA,NA,NA,Kansas,Stanford
401083549,2018-12-01,Kansas,Stanford,67,1,11:55:00,1915,2215,Foul on Charlie Moore.,9,8,1,15,0.9574775721902326,0.5277637893693146,4,4,20,NA,NA,NA,NA,NA,NA,NA,NA,Stanford,Stanford
401083549,2018-12-01,Kansas,Stanford,68,1,11:55:00,1915,2215,Official TV Timeout,9,8,1,0,0.9574775721902326,0.5277637893693146,4,4,20,NA,NA,NA,NA,NA,NA,NA,NA,Stanford,Stanford
401083549,2018-12-01,Kansas,Stanford,69,1,11:55:00,1915,2215,Cormac Ryan made Free Throw.,9,9,0,0,0.952714029469722,0.5,4,4,20,25,4.177777777777778,Stanford,made,Cormac Ryan,NA,FALSE,TRUE,Stanford,Stanford
401083549,2018-12-01,Kansas,Stanford,70,1,11:55:00,1915,2215,Cormac Ryan made Free Throw.,9,10,-1,0,0.9474461444001266,0.4722362106306855,4,4,20,25,4.177777777777778,Stanford,made,Cormac Ryan,NA,FALSE,TRUE,Stanford,Kansas
401083549,2018-12-01,Kansas,Stanford,71,1,11:46:00,1906,2206,Foul on Lukas Kisunas.,9,10,-1,9,0.9471839891792104,0.4721194061896508,4,4,20,NA,NA,NA,NA,NA,NA,NA,NA,Kansas,Kansas
401083549,2018-12-01,Kansas,Stanford,72,1,11:46:00,1906,2206,Dedric Lawson made Free Throw.,10,10,0,0,0.9524980437106628,0.5,4,4,20,25,87.94222222222221,Kansas,made,Dedric Lawson,NA,FALSE,TRUE,Kansas,Kansas
401083549,2018-12-01,Kansas,Stanford,73,1,11:46:00,1906,2206,Dedric Lawson made Free Throw.,11,10,1,0,0.9573015301296838,0.5278805938103491,4,4,20,25,87.94222222222221,Kansas,made,Dedric Lawson,NA,FALSE,TRUE,Kansas,Stanford
401083549,2018-12-01,Kansas,Stanford,74,1,11:26:00,1886,2186,Daejon Davis missed Layup.,11,10,1,20,0.956901469656068,0.5281400141322726,4,4,20,26,6.266666666666667,Stanford,missed,Daejon Davis,NA,FALSE,FALSE,Stanford,Stanford
401083549,2018-12-01,Kansas,Stanford,75,1,11:26:00,1886,2186,Lukas Kisunas Offensive Rebound.,11,10,1,0,0.956901469656068,0.5281400141322726,4,4,20,NA,NA,NA,NA,NA,NA,NA,NA,Stanford,Stanford
401083549,2018-12-01,Kansas,Stanford,76,1,11:21:00,1881,2181,Lukas Kisunas Turnover.,11,10,1,5,0.9567995726232232,0.5282048929463481,4,4,20,NA,NA,NA,NA,NA,NA,NA,NA,Stanford,Kansas
401083549,2018-12-01,Kansas,Stanford,77,1,11:21:00,1881,2181,Marcus Garrett Steal.,11,10,1,0,0.9567995726232232,0.5282048929463481,4,4,20,NA,NA,NA,NA,NA,NA,NA,NA,Stanford,Kansas
401083549,2018-12-01,Kansas,Stanford,78,1,11:18:00,1878,2178,Marcus Garrett made Dunk.,13,10,3,3,0.9651909401541994,0.5840173604571438,4,4,20,27,85.85333333333332,Kansas,made,Marcus Garrett,NA,FALSE,FALSE,Kansas,Stanford
401083549,2018-12-01,Kansas,Stanford,79,1,11:00:00,1860,2160,Lukas Kisunas Turnover.,13,10,3,18,0.9649504698200194,0.5847015175954389,4,4,20,NA,NA,NA,NA,NA,NA,NA,NA,Stanford,Kansas
401083549,2018-12-01,Kansas,Stanford,80,1,11:00:00,1860,2160,Dedric Lawson Steal.,13,10,3,0,0.9649504698200194,0.5847015175954389,4,4,20,NA,NA,NA,NA,NA,NA,NA,NA,Stanford,Kansas
401083549,2018-12-01,Kansas,Stanford,81,1,10:56:00,1856,2156,Lagerald Vick missed Three Point Jumper.,13,10,3,4,0.964896147431058,0.5848538250277832,4,4,20,3,85.85333333333332,Kansas,missed,Lagerald Vick,NA,TRUE,FALSE,Kansas,Stanford
401083549,2018-12-01,Kansas,Stanford,82,1,10:56:00,1856,2156,Daejon Davis Defensive Rebound.,13,10,3,0,0.964896147431058,0.5848538250277832,4,4,20,NA,NA,NA,NA,NA,NA,NA,NA,Kansas,Stanford
401083549,2018-12-01,Kansas,Stanford,83,1,10:49:00,1849,2149,Daejon Davis made Layup.,13,12,1,7,0.9561300434295446,0.5286212154557764,4,4,20,29,5.222222222222221,Stanford,made,Daejon Davis,NA,FALSE,FALSE,Stanford,Kansas
401083549,2018-12-01,Kansas,Stanford,84,1,10:34:00,1834,2134,Udoka Azubuike missed Layup.,13,12,1,15,0.9558060942920596,0.5288174947608248,4,4,20,21,86.89777777777778,Kansas,missed,Udoka Azubuike,NA,FALSE,FALSE,Kansas,Kansas
401083549,2018-12-01,Kansas,Stanford,85,1,10:34:00,1834,2134,Dedric Lawson Offensive Rebound.,13,12,1,0,0.9558060942920596,0.5288174947608248,4,4,20,NA,NA,NA,NA,NA,NA,NA,NA,Kansas,Kansas
401083549,2018-12-01,Kansas,Stanford,86,1,10:34:00,1834,2134,Dedric Lawson made Two Point Tip Shot.,15,12,3,0,0.9645918793853144,0.5856942347319772,4,4,20,25,86.89777777777778,Kansas,made,Dedric Lawson,NA,FALSE,FALSE,Kansas,Stanford
401083549,2018-12-01,Kansas,Stanford,87,1,10:09:00,1809,2109,Oscar da Silva Turnover.,15,12,3,25,0.9642354546440602,0.5866570823834444,4,4,20,NA,NA,NA,NA,NA,NA,NA,NA,Stanford,Kansas
401083549,2018-12-01,Kansas,Stanford,88,1,10:09:00,1809,2109,Marcus Garrett Steal.,15,12,3,0,0.9642354546440602,0.5866570823834444,4,4,20,NA,NA,NA,NA,NA,NA,NA,NA,Stanford,Kansas
401083549,2018-12-01,Kansas,Stanford,89,1,10:03:00,1803,2103,Devon Dotson missed Jumper.,15,12,3,6,0.9641483289711864,0.5868897761363941,4,4,20,10,81.67555555555555,Kansas,missed,Devon Dotson,NA,FALSE,FALSE,Kansas,Stanford
401083549,2018-12-01,Kansas,Stanford,90,1,10:03:00,1803,2103,Daejon Davis Defensive Rebound.,15,12,3,0,0.9641483289711864,0.5868897761363941,4,4,20,NA,NA,NA,NA,NA,NA,NA,NA,Kansas,Stanford
401083549,2018-12-01,Kansas,Stanford,91,1,09:41:00,1781,2081,Cormac Ryan made Layup.,15,14,1,22,0.9546123656517078,0.529521443051936,4,4,20,21.999999999999996,6.266666666666667,Stanford,made,Cormac Ryan,NA,FALSE,FALSE,Stanford,Kansas
401083549,2018-12-01,Kansas,Stanford,92,1,09:11:00,1751,2051,Foul on KZ Okpala.,15,14,1,30,0.953904605229654,0.5299302636232491,4,4,20,NA,NA,NA,NA,NA,NA,NA,NA,Kansas,Kansas
401083549,2018-12-01,Kansas,Stanford,93,1,09:10:00,1750,2050,Lagerald Vick missed Three Point Jumper.,15,14,1,1,0.9538806350592612,0.5299440535974776,4,4,20,3,87.94222222222221,Kansas,missed,Lagerald Vick,NA,TRUE,FALSE,Kansas,Stanford
401083549,2018-12-01,Kansas,Stanford,94,1,09:10:00,1750,2050,KZ Okpala Defensive Rebound.,15,14,1,0,0.9538806350592612,0.5299440535974776,4,4,20,NA,NA,NA,NA,NA,NA,NA,NA,Kansas,Stanford
401083549,2018-12-01,Kansas,Stanford,95,1,08:58:00,1738,2038,Kodye Pugh missed Dunk.,15,14,1,12,0.9535911473380672,0.5301104382983572,4,4,20,25,6.266666666666667,Stanford,missed,Kodye Pugh,NA,FALSE,FALSE,Stanford,Kansas
401083549,2018-12-01,Kansas,Stanford,96,1,08:58:00,1738,2038,Lagerald Vick Defensive Rebound.,15,14,1,0,0.9535911473380672,0.5301104382983572,4,4,20,NA,NA,NA,NA,NA,NA,NA,NA,Stanford,Kansas
401083549,2018-12-01,Kansas,Stanford,97,1,08:57:00,1737,2037,Lagerald Vick Turnover.,15,14,1,1,0.9535668711502192,0.5301243814583058,4,4,20,NA,NA,NA,NA,NA,NA,NA,NA,Kansas,Stanford
401083549,2018-12-01,Kansas,Stanford,98,1,08:43:00,1723,2023,Daejon Davis missed Layup.,15,14,1,14,0.9532245962535818,0.5303209151781699,4,4,20,25,7.311111111111111,Stanford,missed,Daejon Davis,NA,FALSE,FALSE,Stanford,Kansas
401083549,2018-12-01,Kansas,Stanford,99,1,08:43:00,1723,2023,Dedric Lawson Defensive Rebound.,15,14,1,0,0.9532245962535818,0.5303209151781699,4,4,20,NA,NA,NA,NA,NA,NA,NA,NA,Stanford,Kansas
401083549,2018-12-01,Kansas,Stanford,100,1,08:31:00,1711,2011,Lagerald Vick missed Jumper.,15,14,1,12,0.9529277165920564,0.5304914566542098,4,4,20,26,81.67555555555555,Kansas,missed,Lagerald Vick,NA,FALSE,FALSE,Kansas,Stanford
401083549,2018-12-01,Kansas,Stanford,101,1,08:31:00,1711,2011,Josh Sharma Block.,15,14,1,0,0.9529277165920564,0.5304914566542098,4,4,20,NA,NA,NA,NA,NA,NA,NA,NA,Kansas,Stanford
401083549,2018-12-01,Kansas,Stanford,102,1,08:31:00,1711,2011,Daejon Davis Defensive Rebound.,15,14,1,0,0.9529277165920564,0.5304914566542098,4,4,20,NA,NA,NA,NA,NA,NA,NA,NA,Kansas,Stanford
401083549,2018-12-01,Kansas,Stanford,103,1,08:19:00,1699,1999,Daejon Davis made Three Point Jumper. Assisted by Kodye Pugh.,15,17,-2,12,0.9329401488075142,0.43890167307783334,4,4,20,1.25,5.222222222222221,Stanford,made,Daejon Davis,Kodye Pugh,TRUE,FALSE,Stanford,Kansas
401083549,2018-12-01,Kansas,Stanford,104,1,08:12:00,1692,1992,Devon Dotson made Layup.,17,17,0,7,0.9465494225644526,0.5,4,4,20,27,84.80888888888889,Kansas,made,Devon Dotson,NA,FALSE,FALSE,Kansas,Stanford
401083549,2018-12-01,Kansas,Stanford,105,1,07:40:00,1660,1960,Daejon Davis missed Three Point Jumper.,17,17,0,32,0.945518802319096,0.5,4,4,20,21.000000000000004,28.2,Stanford,missed,Daejon Davis,NA,TRUE,FALSE,Stanford,Stanford
401083549,2018-12-01,Kansas,Stanford,106,1,07:40:00,1660,1960,Kodye Pugh Offensive Rebound.,17,17,0,0,0.945518802319096,0.5,4,4,20,NA,NA,NA,NA,NA,NA,NA,NA,Stanford,Stanford
401083549,2018-12-01,Kansas,Stanford,107,1,07:34:00,1654,1954,Kodye Pugh missed Layup.,17,17,0,6,0.9453181016069376,0.5,4,4,20,28,6.266666666666667,Stanford,missed,Kodye Pugh,NA,FALSE,FALSE,Stanford,Kansas
401083549,2018-12-01,Kansas,Stanford,108,1,07:34:00,1654,1954,Dedric Lawson Defensive Rebound.,17,17,0,0,0.9453181016069376,0.5,4,4,20,NA,NA,NA,NA,NA,NA,NA,NA,Stanford,Kansas
401083549,2018-12-01,Kansas,Stanford,109,1,07:29:00,1649,1949,Lagerald Vick Turnover.,17,17,0,5,0.9451491254909696,0.5,4,4,20,NA,NA,NA,NA,NA,NA,NA,NA,Kansas,Stanford
401083549,2018-12-01,Kansas,Stanford,110,1,07:29:00,1649,1949,Josh Sharma Steal.,17,17,0,0,0.9451491254909696,0.5,4,4,20,NA,NA,NA,NA,NA,NA,NA,NA,Kansas,Stanford
401083549,2018-12-01,Kansas,Stanford,111,1,07:23:00,1643,1943,Foul on Lagerald Vick.,17,17,0,6,0.9449443214105624,0.5,4,4,20,NA,NA,NA,NA,NA,NA,NA,NA,Stanford,Kansas
401083549,2018-12-01,Kansas,Stanford,112,1,07:23:00,1643,1943,Official TV Timeout,17,17,0,0,0.9449443214105624,0.5,4,4,20,NA,NA,NA,NA,NA,NA,NA,NA,Stanford,Kansas
401083549,2018-12-01,Kansas,Stanford,113,1,07:23:00,1643,1943,KZ Okpala missed Free Throw.,17,17,0,0,0.9449443214105624,0.5,4,4,20,25,4.177777777777778,Stanford,missed,KZ Okpala,NA,FALSE,TRUE,Stanford,Kansas
401083549,2018-12-01,Kansas,Stanford,114,1,07:23:00,1643,1943,Dedric Lawson Defensive Rebound.,17,17,0,0,0.9449443214105624,0.5,4,4,20,NA,NA,NA,NA,NA,NA,NA,NA,Stanford,Kansas
401083549,2018-12-01,Kansas,Stanford,115,1,07:09:00,1629,1929,K.J. Lawson Turnover.,17,17,0,14,0.9444580624202308,0.5,4,4,20,NA,NA,NA,NA,NA,NA,NA,NA,Kansas,Stanford
401083549,2018-12-01,Kansas,Stanford,116,1,07:09:00,1629,1929,Josh Sharma Steal.,17,17,0,0,0.9444580624202308,0.5,4,4,20,NA,NA,NA,NA,NA,NA,NA,NA,Kansas,Stanford
401083549,2018-12-01,Kansas,Stanford,117,1,06:58:00,1618,1918,Foul on K.J. Lawson.,17,17,0,11,0.944068068877016,0.5,4,4,20,NA,NA,NA,NA,NA,NA,NA,NA,Stanford,Stanford
401083549,2018-12-01,Kansas,Stanford,118,1,06:58:00,1618,1918,Josh Sharma missed Free Throw.,17,17,0,0,0.944068068877016,0.5,4,4,20,25,4.177777777777778,Stanford,missed,Josh Sharma,NA,FALSE,TRUE,Stanford,Stanford
401083549,2018-12-01,Kansas,Stanford,119,1,06:58:00,1618,1918,Stanford Deadball Team Rebound.,17,17,0,0,0.944068068877016,0.5,4,4,20,NA,NA,NA,NA,NA,NA,NA,NA,Stanford,Stanford
401083549,2018-12-01,Kansas,Stanford,120,1,06:58:00,1618,1918,Josh Sharma made Free Throw.,17,18,-1,0,0.9369488133392416,0.4681977238463864,4,4,20,25,4.177777777777778,Stanford,made,Josh Sharma,NA,FALSE,TRUE,Stanford,Kansas
401083549,2018-12-01,Kansas,Stanford,121,1,06:37:00,1597,1897,Quentin Grimes missed Three Point Jumper.,17,18,-1,21,0.9360269433018826,0.4679125200273822,4,4,20,42,72.27555555555554,Kansas,missed,Quentin Grimes,NA,TRUE,FALSE,Kansas,Kansas
401083549,2018-12-01,Kansas,Stanford,122,1,06:37:00,1597,1897,K.J. Lawson Offensive Rebound.,17,18,-1,0,0.9360269433018826,0.4679125200273822,4,4,20,NA,NA,NA,NA,NA,NA,NA,NA,Kansas,Kansas
401083549,2018-12-01,Kansas,Stanford,123,1,06:25:00,1585,1885,Dedric Lawson made Layup.,19,18,1,12,0.9494337847570172,0.5322506132922464,4,4,20,21,86.89777777777778,Kansas,made,Dedric Lawson,NA,FALSE,FALSE,Kansas,Stanford
401083549,2018-12-01,Kansas,Stanford,124,1,06:04:00,1564,1864,Foul on Daejon Davis.,19,18,1,21,0.9487799433144316,0.5325380882198623,4,4,20,NA,NA,NA,NA,NA,NA,NA,NA,Kansas,Kansas
401083549,2018-12-01,Kansas,Stanford,125,1,06:04:00,1564,1864,Daejon Davis Turnover.,19,18,1,0,0.9487799433144316,0.5325380882198623,4,4,20,NA,NA,NA,NA,NA,NA,NA,NA,Stanford,Kansas
401083549,2018-12-01,Kansas,Stanford,126,1,05:48:00,1548,1848,Dedric Lawson made Layup.,21,18,3,16,0.9597320840780762,0.5971696498634803,4,4,20,26,85.85333333333332,Kansas,made,Dedric Lawson,NA,FALSE,FALSE,Kansas,Stanford
401083549,2018-12-01,Kansas,Stanford,127,1,05:16:00,1516,1816,Isaac White made Three Point Jumper. Assisted by KZ Okpala.,21,21,0,32,0.9401756448717468,0.5,4,4,20,1.25,3.1333333333333333,Stanford,made,Isaac White,KZ Okpala,TRUE,FALSE,Stanford,Kansas
401083549,2018-12-01,Kansas,Stanford,128,1,05:00:00,1500,1800,Marcus Garrett missed Jumper.,21,21,0,16,0.9395301731718454,0.5,4,4,20,19,74.36444444444444,Kansas,missed,Marcus Garrett,NA,FALSE,FALSE,Kansas,Stanford
401083549,2018-12-01,Kansas,Stanford,129,1,05:00:00,1500,1800,Oscar da Silva Defensive Rebound.,21,21,0,0,0.9395301731718454,0.5,4,4,20,NA,NA,NA,NA,NA,NA,NA,NA,Kansas,Stanford
401083549,2018-12-01,Kansas,Stanford,130,1,04:51:00,1491,1791,Oscar da Silva Turnover.,21,21,0,9,0.9391642665991876,0.5,4,4,20,NA,NA,NA,NA,NA,NA,NA,NA,Stanford,Kansas
401083549,2018-12-01,Kansas,Stanford,131,1,04:43:00,1483,1783,Dedric Lawson made Jumper.,23,21,2,8,0.952629595108204,0.5671223003759936,4,4,20,21,81.67555555555555,Kansas,made,Dedric Lawson,NA,FALSE,FALSE,Kansas,Stanford
401083549,2018-12-01,Kansas,Stanford,132,1,04:29:00,1469,1769,Cormac Ryan Turnover.,23,21,2,14,0.9522587508158684,0.5675582882649438,4,4,20,NA,NA,NA,NA,NA,NA,NA,NA,Stanford,Kansas
401083549,2018-12-01,Kansas,Stanford,133,1,04:29:00,1469,1769,Lagerald Vick Steal.,23,21,2,0,0.9522587508158684,0.5675582882649438,4,4,20,NA,NA,NA,NA,NA,NA,NA,NA,Stanford,Kansas
401083549,2018-12-01,Kansas,Stanford,134,1,04:22:00,1462,1762,Dedric Lawson missed Jumper.,23,21,2,7,0.9520738619104766,0.5677814856921266,4,4,20,39,78.54222222222222,Kansas,missed,Dedric Lawson,NA,FALSE,FALSE,Kansas,Stanford
401083549,2018-12-01,Kansas,Stanford,135,1,04:22:00,1462,1762,Daejon Davis Defensive Rebound.,23,21,2,0,0.9520738619104766,0.5677814856921266,4,4,20,NA,NA,NA,NA,NA,NA,NA,NA,Kansas,Stanford
401083549,2018-12-01,Kansas,Stanford,136,1,04:08:00,1448,1748,Isaac White made Three Point Jumper.,23,24,-1,14,0.928835473871572,0.4657201797752557,4,4,20,27,27.15555555555555,Stanford,made,Isaac White,NA,TRUE,FALSE,Stanford,Kansas
401083549,2018-12-01,Kansas,Stanford,137,1,04:04:00,1444,1744,Kansas  Timeout,23,24,-1,4,0.9286301435707032,0.4656536654037804,3,4,20,NA,NA,NA,NA,NA,NA,NA,NA,Kansas,Kansas
401083549,2018-12-01,Kansas,Stanford,138,1,03:55:00,1435,1735,Foul on Udoka Azubuike.,23,24,-1,9,0.9281640859521562,0.465506089226042,3,4,20,NA,NA,NA,NA,NA,NA,NA,NA,Kansas,Stanford
401083549,2018-12-01,Kansas,Stanford,139,1,03:55:00,1435,1735,Udoka Azubuike Turnover.,23,24,-1,0,0.9281640859521562,0.465506089226042,3,4,20,NA,NA,NA,NA,NA,NA,NA,NA,Kansas,Stanford
401083549,2018-12-01,Kansas,Stanford,140,1,03:43:00,1423,1723,Josh Sharma made Dunk. Assisted by Daejon Davis.,23,26,-3,12,0.9064865847304344,0.3972563455339922,3,4,20,24,6.266666666666667,Stanford,made,Josh Sharma,Daejon Davis,FALSE,FALSE,Stanford,Kansas
401083549,2018-12-01,Kansas,Stanford,141,1,03:28:00,1408,1708,Dedric Lawson missed Three Point Jumper.,23,26,-3,15,0.9053135941842329,0.39657567602911703,3,4,20,26,63.919999999999995,Kansas,missed,Dedric Lawson,NA,TRUE,FALSE,Kansas,Stanford
401083549,2018-12-01,Kansas,Stanford,142,1,03:28:00,1408,1708,Daejon Davis Defensive Rebound.,23,26,-3,0,0.9053135941842329,0.39657567602911703,3,4,20,NA,NA,NA,NA,NA,NA,NA,NA,Kansas,Stanford
401083549,2018-12-01,Kansas,Stanford,143,1,03:13:00,1393,1693,Isaac White missed Three Point Jumper.,23,26,-3,15,0.904121376412428,0.39590753275309903,3,4,20,23,30.288888888888888,Stanford,missed,Isaac White,NA,TRUE,FALSE,Stanford,Kansas
401083549,2018-12-01,Kansas,Stanford,144,1,03:13:00,1393,1693,Dedric Lawson Defensive Rebound.,23,26,-3,0,0.904121376412428,0.39590753275309903,3,4,20,NA,NA,NA,NA,NA,NA,NA,NA,Stanford,Kansas
401083549,2018-12-01,Kansas,Stanford,145,1,02:50:00,1370,1670,Quentin Grimes missed Three Point Jumper.,23,26,-3,23,0.9022539093224924,0.3948964414431408,3,4,20,4,80.6311111111111,Kansas,missed,Quentin Grimes,NA,TRUE,FALSE,Kansas,Stanford
401083549,2018-12-01,Kansas,Stanford,146,1,02:50:00,1370,1670,Cormac Ryan Defensive Rebound.,23,26,-3,0,0.9022539093224924,0.3948964414431408,3,4,20,NA,NA,NA,NA,NA,NA,NA,NA,Kansas,Stanford
401083549,2018-12-01,Kansas,Stanford,147,1,02:26:00,1346,1646,Foul on Devon Dotson.,23,26,-3,24,0.900251156237216,0.3938422188997977,3,4,20,NA,NA,NA,NA,NA,NA,NA,NA,Stanford,Stanford
401083549,2018-12-01,Kansas,Stanford,148,1,02:26:00,1346,1646,KZ Okpala made Free Throw.,23,27,-4,0,0.886581480035246,0.36010235345144176,3,4,20,25,4.177777777777778,Stanford,made,KZ Okpala,NA,FALSE,TRUE,Stanford,Stanford
401083549,2018-12-01,Kansas,Stanford,149,1,02:26:00,1346,1646,KZ Okpala made Free Throw.,23,28,-5,0,0.8713062932765385,0.327690350624863,3,4,20,25,4.177777777777778,Stanford,made,KZ Okpala,NA,FALSE,TRUE,Stanford,Kansas
401083549,2018-12-01,Kansas,Stanford,150,1,02:14:00,1334,1634,Lagerald Vick made Jumper.,25,28,-3,12,0.8992278325362805,0.39330944407673074,3,4,20,25,71.2311111111111,Kansas,made,Lagerald Vick,NA,FALSE,FALSE,Kansas,Stanford
401083549,2018-12-01,Kansas,Stanford,151,1,01:53:00,1313,1613,Josh Sharma made Dunk. Assisted by Daejon Davis.,25,30,-5,21,0.8672726536115014,0.32541128052559987,3,4,20,27,5.222222222222221,Stanford,made,Josh Sharma,Daejon Davis,FALSE,FALSE,Stanford,Kansas
401083549,2018-12-01,Kansas,Stanford,152,1,01:41:00,1301,1601,Quentin Grimes missed Jumper.,25,30,-5,12,0.8657581871200087,0.32455554560008354,3,4,20,16,85.85333333333332,Kansas,missed,Quentin Grimes,NA,FALSE,FALSE,Kansas,Stanford
401083549,2018-12-01,Kansas,Stanford,153,1,01:41:00,1301,1601,KZ Okpala Defensive Rebound.,25,30,-5,0,0.8657581871200087,0.32455554560008354,3,4,20,NA,NA,NA,NA,NA,NA,NA,NA,Kansas,Stanford
401083549,2018-12-01,Kansas,Stanford,154,1,01:15:00,1275,1575,Cormac Ryan missed Three Point Jumper.,25,30,-5,26,0.8623786603203215,0.3226274021396302,3,4,20,11,21.93333333333333,Stanford,missed,Cormac Ryan,NA,TRUE,FALSE,Stanford,Kansas
401083549,2018-12-01,Kansas,Stanford,155,1,01:15:00,1275,1575,Devon Dotson Defensive Rebound.,25,30,-5,0,0.8623786603203215,0.3226274021396302,3,4,20,NA,NA,NA,NA,NA,NA,NA,NA,Stanford,Kansas
401083549,2018-12-01,Kansas,Stanford,156,1,01:02:00,1262,1562,Devon Dotson made Layup.,27,30,-3,13,0.8927466810464183,0.38988105983559695,3,4,20,24,84.80888888888889,Kansas,made,Devon Dotson,NA,FALSE,FALSE,Kansas,Stanford
401083549,2018-12-01,Kansas,Stanford,157,1,00:46:00,1246,1546,Isaac White made Three Point Jumper. Assisted by Oscar da Silva.,27,33,-6,16,0.8391442359866422,0.28848342274370803,3,4,20,3,3.1333333333333333,Stanford,made,Isaac White,Oscar da Silva,TRUE,FALSE,Stanford,Kansas
401083549,2018-12-01,Kansas,Stanford,158,1,00:32:00,1232,1532,Lagerald Vick missed Jumper.,27,33,-6,14,0.8367981377462679,0.28714083580479616,3,4,20,28.000000000000004,67.05333333333333,Kansas,missed,Lagerald Vick,NA,FALSE,FALSE,Kansas,Kansas
401083549,2018-12-01,Kansas,Stanford,159,1,00:32:00,1232,1532,K.J. Lawson Offensive Rebound.,27,33,-6,0,0.8367981377462679,0.28714083580479616,3,4,20,NA,NA,NA,NA,NA,NA,NA,NA,Kansas,Kansas
401083549,2018-12-01,Kansas,Stanford,160,1,00:28:00,1228,1528,Foul on Cormac Ryan.,27,33,-6,4,0.8361156573250874,0.2867462335828471,3,4,20,NA,NA,NA,NA,NA,NA,NA,NA,Kansas,Kansas
401083549,2018-12-01,Kansas,Stanford,161,1,00:28:00,1228,1528,K.J. Lawson made Free Throw.,28,33,-5,0,0.855879430072651,0.3187838489259002,3,4,20,25,87.94222222222221,Kansas,made,K.J. Lawson,NA,FALSE,TRUE,Kansas,Kansas
401083549,2018-12-01,Kansas,Stanford,162,1,00:28:00,1228,1528,K.J. Lawson made Free Throw.,29,33,-4,0,0.8736200321156352,0.3526312676200389,3,4,20,25,87.94222222222221,Kansas,made,K.J. Lawson,NA,FALSE,TRUE,Kansas,Kansas
401083549,2018-12-01,Kansas,Stanford,163,1,00:28:00,1228,1528,Stanford  Timeout,29,33,-4,0,0.8736200321156352,0.3526312676200389,3,3,20,NA,NA,NA,NA,NA,NA,NA,NA,Kansas,Stanford
401083549,2018-12-01,Kansas,Stanford,164,1,00:02:00,1202,1502,Oscar da Silva made Layup.,29,35,-6,26,0.8315527708657675,0.28406936750647005,3,3,20,27,5.222222222222221,Stanford,made,Oscar da Silva,NA,FALSE,FALSE,Stanford,Kansas
401083549,2018-12-01,Kansas,Stanford,165,1,00:00:00,1200,1500,End of 1st half,29,35,-6,2,0.8311981352174627,0.28386293076294067,3,3,20,NA,NA,NA,NA,NA,NA,NA,NA,Kansas,NA
401083549,2018-12-01,Kansas,Stanford,166,2,20:00:00,1200,1500,PLAY,29,35,-6,0,0.8311981352174627,0.28386293076294067,4,4,20,NA,NA,NA,NA,NA,NA,NA,NA,NA,Stanford
401083549,2018-12-01,Kansas,Stanford,167,2,20:00:00,1200,1500,Jump Ball won by Stanford,29,35,-6,0,0.8311981352174627,0.28386293076294067,4,4,20,NA,NA,NA,NA,NA,NA,NA,NA,Stanford,Stanford
401083549,2018-12-01,Kansas,Stanford,168,2,19:43:00,1183,1483,KZ Okpala made Jumper.,29,37,-8,17,0.7792950473490883,0.2235412893359631,4,4,20,21.999999999999996,8.355555555555556,Stanford,made,KZ Okpala,NA,FALSE,FALSE,Stanford,Kansas
401083549,2018-12-01,Kansas,Stanford,169,2,19:24:00,1164,1464,Udoka Azubuike missed Layup.,29,37,-8,19,0.7746989710421763,0.22141191154463896,4,4,20,28.000000000000004,85.85333333333332,Kansas,missed,Udoka Azubuike,NA,FALSE,FALSE,Kansas,Stanford
401083549,2018-12-01,Kansas,Stanford,170,2,19:24:00,1164,1464,Oscar da Silva Defensive Rebound.,29,37,-8,0,0.7746989710421763,0.22141191154463896,4,4,20,NA,NA,NA,NA,NA,NA,NA,NA,Kansas,Stanford
401083549,2018-12-01,Kansas,Stanford,171,2,19:10:00,1150,1450,Josh Sharma missed Dunk.,29,37,-8,14,0.771302127501527,0.21987571653596097,4,4,20,24,6.266666666666667,Stanford,missed,Josh Sharma,NA,FALSE,FALSE,Stanford,Stanford
401083549,2018-12-01,Kansas,Stanford,172,2,19:10:00,1150,1450,Isaac White Offensive Rebound.,29,37,-8,0,0.771302127501527,0.21987571653596097,4,4,20,NA,NA,NA,NA,NA,NA,NA,NA,Stanford,Stanford
401083549,2018-12-01,Kansas,Stanford,173,2,19:04:00,1144,1444,Josh Sharma made Layup.,29,39,-10,6,0.7088610329438714,0.16970054033872642,4,4,20,23,6.266666666666667,Stanford,made,Josh Sharma,NA,FALSE,FALSE,Stanford,Kansas
401083549,2018-12-01,Kansas,Stanford,174,2,18:53:00,1133,1433,Quentin Grimes missed Jumper.,29,39,-10,11,0.7053633582047327,0.16847517368337409,4,4,20,22,82.72,Kansas,missed,Quentin Grimes,NA,FALSE,FALSE,Kansas,Kansas
401083549,2018-12-01,Kansas,Stanford,175,2,18:53:00,1133,1433,Udoka Azubuike Offensive Rebound.,29,39,-10,0,0.7053633582047327,0.16847517368337409,4,4,20,NA,NA,NA,NA,NA,NA,NA,NA,Kansas,Kansas
401083549,2018-12-01,Kansas,Stanford,176,2,18:49:00,1129,1429,Udoka Azubuike made Dunk.,31,39,-8,4,0.7661605959265853,0.21759831407740915,4,4,20,27,86.89777777777778,Kansas,made,Udoka Azubuike,NA,FALSE,FALSE,Kansas,Stanford
401083549,2018-12-01,Kansas,Stanford,177,2,18:34:00,1114,1414,Foul on Devon Dotson.,31,39,-8,15,0.7624326217869806,0.2159745422722117,4,4,20,NA,NA,NA,NA,NA,NA,NA,NA,Stanford,Stanford
401083549,2018-12-01,Kansas,Stanford,178,2,18:17:00,1097,1397,KZ Okpala missed Layup.,31,39,-8,17,0.7581276865924825,0.21411971186867376,4,4,20,27,5.222222222222221,Stanford,missed,KZ Okpala,NA,FALSE,FALSE,Stanford,Stanford
401083549,2018-12-01,Kansas,Stanford,179,2,18:17:00,1097,1397,KZ Okpala Offensive Rebound.,31,39,-8,0,0.7581276865924825,0.21411971186867376,4,4,20,NA,NA,NA,NA,NA,NA,NA,NA,Stanford,Stanford
401083549,2018-12-01,Kansas,Stanford,180,2,18:12:00,1092,1392,KZ Okpala made Layup.,31,41,-10,5,0.6920148161075993,0.16390809193955322,4,4,20,25,7.311111111111111,Stanford,made,KZ Okpala,NA,FALSE,FALSE,Stanford,Kansas
401083549,2018-12-01,Kansas,Stanford,181,2,18:00:00,1080,1380,Quentin Grimes missed Three Point Jumper.,31,41,-10,12,0.6879676084952254,0.1625467747398098,4,4,20,47,86.89777777777778,Kansas,missed,Quentin Grimes,NA,TRUE,FALSE,Kansas,Stanford
401083549,2018-12-01,Kansas,Stanford,182,2,18:00:00,1080,1380,Josh Sharma Defensive Rebound.,31,41,-10,0,0.6879676084952254,0.1625467747398098,4,4,20,NA,NA,NA,NA,NA,NA,NA,NA,Kansas,Stanford
401083549,2018-12-01,Kansas,Stanford,183,2,17:44:00,1064,1364,Oscar da Silva made Layup.,31,43,-12,16,0.6069175538131493,0.12092857630252578,4,4,20,26,7.311111111111111,Stanford,made,Oscar da Silva,NA,FALSE,FALSE,Stanford,Kansas
401083549,2018-12-01,Kansas,Stanford,184,2,17:40:00,1060,1360,Kansas  Timeout,31,43,-12,4,0.6051985293455926,0.1204839620261291,3,4,20,NA,NA,NA,NA,NA,NA,NA,NA,Kansas,Kansas
401083549,2018-12-01,Kansas,Stanford,185,2,17:36:00,1056,1356,Dedric Lawson missed Jumper.,31,43,-12,4,0.6034657050747261,0.12003640938929702,3,4,20,28.000000000000004,83.76444444444444,Kansas,missed,Dedric Lawson,NA,FALSE,FALSE,Kansas,Stanford
401083549,2018-12-01,Kansas,Stanford,186,2,17:36:00,1056,1356,KZ Okpala Defensive Rebound.,31,43,-12,0,0.6034657050747261,0.12003640938929702,3,4,20,NA,NA,NA,NA,NA,NA,NA,NA,Kansas,Stanford
401083549,2018-12-01,Kansas,Stanford,187,2,17:18:00,1038,1338,Oscar da Silva missed Three Point Jumper.,31,43,-12,18,0.5954812011533335,0.11798125955620914,3,4,20,21.000000000000004,28.2,Stanford,missed,Oscar da Silva,NA,TRUE,FALSE,Stanford,Kansas
401083549,2018-12-01,Kansas,Stanford,188,2,17:18:00,1038,1338,Udoka Azubuike Defensive Rebound.,31,43,-12,0,0.5954812011533335,0.11798125955620914,3,4,20,NA,NA,NA,NA,NA,NA,NA,NA,Stanford,Kansas
401083549,2018-12-01,Kansas,Stanford,189,2,16:57:00,1017,1317,Dedric Lawson missed Jumper.,31,43,-12,21,0.5857243596130906,0.11548290846726252,3,4,20,24,80.6311111111111,Kansas,missed,Dedric Lawson,NA,FALSE,FALSE,Kansas,Stanford
401083549,2018-12-01,Kansas,Stanford,190,2,16:57:00,1017,1317,KZ Okpala Defensive Rebound.,31,43,-12,0,0.5857243596130906,0.11548290846726252,3,4,20,NA,NA,NA,NA,NA,NA,NA,NA,Kansas,Stanford
401083549,2018-12-01,Kansas,Stanford,191,2,16:31:00,991,1291,Foul on Dedric Lawson.,31,43,-12,26,0.5728598968262208,0.11220754870661678,3,4,20,NA,NA,NA,NA,NA,NA,NA,NA,Stanford,Stanford
401083549,2018-12-01,Kansas,Stanford,192,2,16:25:00,985,1285,KZ Okpala missed Three Point Jumper.,31,43,-12,6,0.569751738963302,0.11141942301957244,3,4,20,46,10.444444444444445,Stanford,missed,KZ Okpala,NA,TRUE,FALSE,Stanford,Kansas
401083549,2018-12-01,Kansas,Stanford,193,2,16:25:00,985,1285,Devon Dotson Defensive Rebound.,31,43,-12,0,0.569751738963302,0.11141942301957244,3,4,20,NA,NA,NA,NA,NA,NA,NA,NA,Stanford,Kansas
401083549,2018-12-01,Kansas,Stanford,194,2,16:20:00,980,1280,Foul on Josh Sharma.,31,43,-12,5,0.5671184365474862,0.110752753818563,3,4,20,NA,NA,NA,NA,NA,NA,NA,NA,Kansas,Kansas
401083549,2018-12-01,Kansas,Stanford,195,2,16:06:00,966,1266,Lagerald Vick made Three Point Jumper. Assisted by Udoka Azubuike.,34,43,-9,14,0.6824430228599833,0.1712308640908295,3,4,20,3,87.94222222222221,Kansas,made,Lagerald Vick,Udoka Azubuike,TRUE,FALSE,Kansas,Stanford
401083549,2018-12-01,Kansas,Stanford,196,2,15:52:00,952,1252,Daejon Davis Turnover.,34,43,-9,14,0.6770346748039178,0.16925771535979278,3,4,20,NA,NA,NA,NA,NA,NA,NA,NA,Stanford,Stanford
401083549,2018-12-01,Kansas,Stanford,197,2,15:52:00,952,1252,Udoka Azubuike Steal.,34,43,-9,0,0.6770346748039178,0.16925771535979278,3,4,20,NA,NA,NA,NA,NA,NA,NA,NA,Stanford,Stanford
401083549,2018-12-01,Kansas,Stanford,198,2,15:52:00,952,1252,Foul on Josh Sharma.,34,43,-9,0,0.6770346748039178,0.16925771535979278,3,4,20,NA,NA,NA,NA,NA,NA,NA,NA,Stanford,Stanford
401083549,2018-12-01,Kansas,Stanford,199,2,15:52:00,952,1252,Official TV Timeout,34,43,-9,0,0.6770346748039178,0.16925771535979278,3,4,20,NA,NA,NA,NA,NA,NA,NA,NA,Stanford,Stanford
401083549,2018-12-01,Kansas,Stanford,200,2,15:52:00,952,1252,Devon Dotson made Free Throw.,35,43,-8,0,0.7144189895040788,0.19558334189749357,3,4,20,25,87.94222222222221,Kansas,made,Devon Dotson,NA,FALSE,TRUE,Kansas,Kansas
401083549,2018-12-01,Kansas,Stanford,201,2,15:52:00,952,1252,Devon Dotson missed Free Throw.,35,43,-8,0,0.7144189895040788,0.19558334189749357,3,4,20,25,87.94222222222221,Kansas,missed,Devon Dotson,NA,FALSE,TRUE,Kansas,Stanford
401083549,2018-12-01,Kansas,Stanford,202,2,15:52:00,952,1252,Oscar da Silva Defensive Rebound.,35,43,-8,0,0.7144189895040788,0.19558334189749357,3,4,20,NA,NA,NA,NA,NA,NA,NA,NA,Stanford,Stanford
401083549,2018-12-01,Kansas,Stanford,203,2,15:52:00,952,1252,Oscar da Silva Turnover.,35,43,-8,0,0.7144189895040788,0.19558334189749357,3,4,20,NA,NA,NA,NA,NA,NA,NA,NA,Stanford,Stanford
401083549,2018-12-01,Kansas,Stanford,204,2,15:52:00,952,1252,Devon Dotson Steal.,35,43,-8,0,0.7144189895040788,0.19558334189749357,3,4,20,NA,NA,NA,NA,NA,NA,NA,NA,Stanford,Stanford
401083549,2018-12-01,Kansas,Stanford,205,2,15:52:00,952,1252,Lagerald Vick made Three Point Jumper. Assisted by Devon Dotson.,38,43,-5,0,0.8095737529277682,0.29238437893080715,3,4,20,16,64.96444444444444,Kansas,made,Lagerald Vick,Devon Dotson,TRUE,FALSE,Stanford,Stanford
401083549,2018-12-01,Kansas,Stanford,206,2,15:35:00,935,1235,Oscar da Silva missed Three Point Jumper.,38,43,-5,17,0.8062704414327464,0.29058857729501275,3,4,20,47,4.177777777777778,Stanford,missed,Oscar da Silva,NA,TRUE,FALSE,Stanford,Kansas
401083549,2018-12-01,Kansas,Stanford,207,2,15:35:00,935,1235,Dedric Lawson Defensive Rebound.,38,43,-5,0,0.8062704414327464,0.29058857729501275,3,4,20,NA,NA,NA,NA,NA,NA,NA,NA,Stanford,Kansas
401083549,2018-12-01,Kansas,Stanford,208,2,15:23:00,923,1223,Dedric Lawson made Jumper.,40,43,-3,12,0.8545769292670038,0.3684269946859019,3,4,20,31,85.85333333333332,Kansas,made,Dedric Lawson,NA,FALSE,FALSE,Kansas,Stanford
401083549,2018-12-01,Kansas,Stanford,209,2,14:37:00,877,1177,Stanford  Timeout,40,43,-3,46,0.8490912735335215,0.36557015445391927,3,3,20,NA,NA,NA,NA,NA,NA,NA,NA,Stanford,Stanford
401083549,2018-12-01,Kansas,Stanford,210,2,14:22:00,862,1162,Cormac Ryan made Three Point Jumper. Assisted by Jaiden Delaire.,40,46,-6,15,0.7610394448796046,0.2477878492722776,3,3,20,47,3.1333333333333333,Stanford,made,Cormac Ryan,Jaiden Delaire,TRUE,FALSE,Stanford,Kansas
401083549,2018-12-01,Kansas,Stanford,211,2,14:04:00,844,1144,Dedric Lawson missed Jumper.,40,46,-6,18,0.7570564539852547,0.24596674993835924,3,3,20,32,85.85333333333332,Kansas,missed,Dedric Lawson,NA,FALSE,FALSE,Kansas,Stanford
401083549,2018-12-01,Kansas,Stanford,212,2,14:04:00,844,1144,KZ Okpala Defensive Rebound.,40,46,-6,0,0.7570564539852547,0.24596674993835924,3,3,20,NA,NA,NA,NA,NA,NA,NA,NA,Kansas,Stanford
401083549,2018-12-01,Kansas,Stanford,213,2,13:42:00,822,1122,Daejon Davis Turnover.,40,46,-6,22,0.7519085544323382,0.2435984328083028,3,3,20,NA,NA,NA,NA,NA,NA,NA,NA,Stanford,Kansas
401083549,2018-12-01,Kansas,Stanford,214,2,13:29:00,809,1109,Lagerald Vick missed Jumper.,40,46,-6,13,0.7486602370533475,0.2420910027351204,3,3,20,30,83.76444444444444,Kansas,missed,Lagerald Vick,NA,FALSE,FALSE,Kansas,Kansas
401083549,2018-12-01,Kansas,Stanford,215,2,13:29:00,809,1109,Udoka Azubuike Offensive Rebound.,40,46,-6,0,0.7486602370533475,0.2420910027351204,3,3,20,NA,NA,NA,NA,NA,NA,NA,NA,Kansas,Kansas
401083549,2018-12-01,Kansas,Stanford,216,2,13:21:00,801,1101,Udoka Azubuike made Layup.,42,46,-4,8,0.8119261493713289,0.31769395591941996,3,3,20,27,84.80888888888889,Kansas,made,Udoka Azubuike,NA,FALSE,FALSE,Kansas,Stanford
401083549,2018-12-01,Kansas,Stanford,217,2,13:13:00,793,1093,KZ Okpala made Three Point Jumper. Assisted by Cormac Ryan.,42,49,-7,8,0.7061744557997506,0.20682040322190573,3,3,20,3,11.488888888888887,Stanford,made,KZ Okpala,Cormac Ryan,TRUE,FALSE,Stanford,Kansas
401083549,2018-12-01,Kansas,Stanford,218,2,13:04:00,784,1084,Devon Dotson missed Jumper.,42,49,-7,9,0.7031548048433156,0.20555735142681492,3,3,20,25,70.18666666666667,Kansas,missed,Devon Dotson,NA,FALSE,FALSE,Kansas,Stanford
401083549,2018-12-01,Kansas,Stanford,219,2,13:04:00,784,1084,KZ Okpala Defensive Rebound.,42,49,-7,0,0.7031548048433156,0.20555735142681492,3,3,20,NA,NA,NA,NA,NA,NA,NA,NA,Kansas,Stanford
401083549,2018-12-01,Kansas,Stanford,220,2,12:49:00,769,1069,Cormac Ryan made Three Point Jumper. Assisted by KZ Okpala.,42,52,-10,15,0.56251620277572,0.12443001206751084,3,3,20,37,28.2,Stanford,made,Cormac Ryan,KZ Okpala,TRUE,FALSE,Stanford,Kansas
401083549,2018-12-01,Kansas,Stanford,221,2,12:45:00,765,1065,Kansas  Timeout,42,52,-10,4,0.5603335570833582,0.12381892353722702,2,3,20,NA,NA,NA,NA,NA,NA,NA,NA,Kansas,Kansas
401083549,2018-12-01,Kansas,Stanford,222,2,12:38:00,758,1058,Udoka Azubuike Turnover.,42,52,-10,7,0.5563895043464885,0.12271633002512489,2,3,20,NA,NA,NA,NA,NA,NA,NA,NA,Kansas,Stanford
401083549,2018-12-01,Kansas,Stanford,223,2,12:38:00,758,1058,Cormac Ryan Steal.,42,52,-10,0,0.5563895043464885,0.12271633002512489,2,3,20,NA,NA,NA,NA,NA,NA,NA,NA,Kansas,Stanford
401083549,2018-12-01,Kansas,Stanford,224,2,12:25:00,745,1045,Trevor Stanback made Dunk. Assisted by KZ Okpala.,42,54,-12,13,0.4495806170775928,0.08434954262190826,2,3,20,30,5.222222222222221,Stanford,made,Trevor Stanback,KZ Okpala,FALSE,FALSE,Stanford,Kansas
401083549,2018-12-01,Kansas,Stanford,225,2,12:16:00,736,1036,Lagerald Vick Turnover.,42,54,-12,9,0.44310142359731497,0.08295948783423188,2,3,20,NA,NA,NA,NA,NA,NA,NA,NA,Kansas,Stanford
401083549,2018-12-01,Kansas,Stanford,226,2,12:08:00,728,1028,Cormac Ryan missed Three Point Jumper.,42,54,-12,8,0.4370782790551079,0.08167440102746697,2,3,20,46,14.622222222222222,Stanford,missed,Cormac Ryan,NA,TRUE,FALSE,Stanford,Kansas
401083549,2018-12-01,Kansas,Stanford,227,2,12:08:00,728,1028,Udoka Azubuike Defensive Rebound.,42,54,-12,0,0.4370782790551079,0.08167440102746697,2,3,20,NA,NA,NA,NA,NA,NA,NA,NA,Stanford,Kansas
401083549,2018-12-01,Kansas,Stanford,228,2,11:51:00,711,1011,Foul on Trevor Stanback.,42,54,-12,17,0.424932578540658,0.07916063645298997,2,3,20,NA,NA,NA,NA,NA,NA,NA,NA,Kansas,Kansas
401083549,2018-12-01,Kansas,Stanford,229,2,11:51:00,711,1011,Official TV Timeout,42,54,-12,0,0.424932578540658,0.07916063645298997,2,3,20,NA,NA,NA,NA,NA,NA,NA,NA,Kansas,Kansas
401083549,2018-12-01,Kansas,Stanford,230,2,11:51:00,711,1011,Dedric Lawson made Free Throw.,43,54,-11,0,0.4755014079226814,0.09540791424303528,2,3,20,25,87.94222222222221,Kansas,made,Dedric Lawson,NA,FALSE,TRUE,Kansas,Kansas
401083549,2018-12-01,Kansas,Stanford,231,2,11:51:00,711,1011,Dedric Lawson made Free Throw.,44,54,-10,0,0.5265776682870418,0.11457494127846672,2,3,20,25,87.94222222222221,Kansas,made,Dedric Lawson,NA,FALSE,TRUE,Kansas,Stanford
401083549,2018-12-01,Kansas,Stanford,232,2,11:38:00,698,998,KZ Okpala Turnover.,44,54,-10,13,0.5188099957811781,0.11260007265533044,2,3,20,NA,NA,NA,NA,NA,NA,NA,NA,Stanford,Kansas
401083549,2018-12-01,Kansas,Stanford,233,2,11:38:00,698,998,Marcus Garrett Steal.,44,54,-10,0,0.5188099957811781,0.11260007265533044,2,3,20,NA,NA,NA,NA,NA,NA,NA,NA,Stanford,Kansas
401083549,2018-12-01,Kansas,Stanford,234,2,11:23:00,683,983,Marcus Garrett missed Jumper.,44,54,-10,15,0.5102742132883151,0.11050692728984464,2,3,20,31,84.80888888888889,Kansas,missed,Marcus Garrett,NA,FALSE,FALSE,Kansas,Stanford
401083549,2018-12-01,Kansas,Stanford,235,2,11:23:00,683,983,Trevor Stanback Block.,44,54,-10,0,0.5102742132883151,0.11050692728984464,2,3,20,NA,NA,NA,NA,NA,NA,NA,NA,Kansas,Stanford
401083549,2018-12-01,Kansas,Stanford,236,2,11:23:00,683,983,Daejon Davis Defensive Rebound.,44,54,-10,0,0.5102742132883151,0.11050692728984464,2,3,20,NA,NA,NA,NA,NA,NA,NA,NA,Kansas,Stanford
401083549,2018-12-01,Kansas,Stanford,237,2,11:22:00,682,982,Daejon Davis Turnover.,44,54,-10,1,0.509716430970151,0.11037258595273489,2,3,20,NA,NA,NA,NA,NA,NA,NA,NA,Stanford,Kansas
401083549,2018-12-01,Kansas,Stanford,238,2,11:21:00,681,981,Foul on Jaiden Delaire.,44,54,-10,1,0.5091596895668169,0.11023876256335884,2,3,20,NA,NA,NA,NA,NA,NA,NA,NA,Kansas,Kansas
401083549,2018-12-01,Kansas,Stanford,239,2,11:13:00,673,973,Udoka Azubuike made Jumper. Assisted by Marcus Garrett.,46,54,-8,8,0.6079641730409329,0.15719057883002807,2,3,20,33,84.80888888888889,Kansas,made,Udoka Azubuike,Marcus Garrett,FALSE,FALSE,Kansas,Stanford
401083549,2018-12-01,Kansas,Stanford,240,2,10:40:00,640,940,Cormac Ryan missed Three Point Jumper.,46,54,-8,33,0.592525482042218,0.15252747374454712,2,3,20,1.25,5.222222222222221,Stanford,missed,Cormac Ryan,NA,TRUE,FALSE,Stanford,Stanford
401083549,2018-12-01,Kansas,Stanford,241,2,10:39:00,639,939,Trevor Stanback Offensive Rebound.,46,54,-8,1,0.5920403746175402,0.15238253798588694,2,3,20,NA,NA,NA,NA,NA,NA,NA,NA,Stanford,Stanford
401083549,2018-12-01,Kansas,Stanford,242,2,10:30:00,630,930,Jaiden Delaire missed Three Point Jumper.,46,54,-8,9,0.5875938886378564,0.1510543755634501,2,3,20,5,18.799999999999997,Stanford,missed,Jaiden Delaire,NA,TRUE,FALSE,Stanford,Kansas
401083549,2018-12-01,Kansas,Stanford,243,2,10:30:00,630,930,Lagerald Vick Defensive Rebound.,46,54,-8,0,0.5875938886378564,0.1510543755634501,2,3,20,NA,NA,NA,NA,NA,NA,NA,NA,Stanford,Kansas
401083549,2018-12-01,Kansas,Stanford,244,2,10:14:00,614,914,Udoka Azubuike made Dunk. Assisted by Dedric Lawson.,48,54,-6,16,0.6805148821013214,0.2125697591929443,2,3,20,28.000000000000004,86.89777777777778,Kansas,made,Udoka Azubuike,Dedric Lawson,FALSE,FALSE,Kansas,Stanford
401083549,2018-12-01,Kansas,Stanford,245,2,09:57:00,597,897,Foul on Lagerald Vick.,48,54,-6,17,0.6730847477993587,0.20964690115635704,2,3,20,NA,NA,NA,NA,NA,NA,NA,NA,Stanford,Stanford
401083549,2018-12-01,Kansas,Stanford,246,2,09:57:00,597,897,Foul on Udoka Azubuike.,48,54,-6,0,0.6730847477993587,0.20964690115635704,2,3,20,NA,NA,NA,NA,NA,NA,NA,NA,Stanford,Stanford
401083549,2018-12-01,Kansas,Stanford,247,2,09:48:00,588,888,Daejon Davis missed Jumper.,48,54,-6,9,0.6688060530064933,0.20794585050754305,2,3,20,24,10.444444444444445,Stanford,missed,Daejon Davis,NA,FALSE,FALSE,Stanford,Stanford
401083549,2018-12-01,Kansas,Stanford,248,2,09:48:00,588,888,Daejon Davis Offensive Rebound.,48,54,-6,0,0.6688060530064933,0.20794585050754305,2,3,20,NA,NA,NA,NA,NA,NA,NA,NA,Stanford,Stanford
401083549,2018-12-01,Kansas,Stanford,249,2,09:40:00,580,880,KZ Okpala made Three Point Jumper. Assisted by Josh Sharma.,48,57,-9,8,0.5027545344132143,0.11703766477786,2,3,20,47,4.177777777777778,Stanford,made,KZ Okpala,Josh Sharma,TRUE,FALSE,Stanford,Kansas
401083549,2018-12-01,Kansas,Stanford,250,2,09:26:00,566,866,Udoka Azubuike made Dunk.,50,57,-7,14,0.6041235720663394,0.1688401171895578,2,3,20,24,85.85333333333332,Kansas,made,Udoka Azubuike,NA,FALSE,FALSE,Kansas,Stanford
401083549,2018-12-01,Kansas,Stanford,251,2,09:01:00,541,841,Daejon Davis missed Three Point Jumper.,50,57,-7,25,0.5860844985336624,0.1625403363074471,2,3,20,47,12.533333333333331,Stanford,missed,Daejon Davis,NA,TRUE,FALSE,Stanford,Kansas
401083549,2018-12-01,Kansas,Stanford,252,2,09:01:00,541,841,Dedric Lawson Defensive Rebound.,50,57,-7,0,0.5860844985336624,0.1625403363074471,2,3,20,NA,NA,NA,NA,NA,NA,NA,NA,Stanford,Kansas
401083549,2018-12-01,Kansas,Stanford,253,2,08:51:00,531,831,Foul on Josh Sharma.,50,57,-7,10,0.5792553555166453,0.16029648483852477,2,3,20,NA,NA,NA,NA,NA,NA,NA,NA,Kansas,Kansas
401083549,2018-12-01,Kansas,Stanford,254,2,08:43:00,523,823,Devon Dotson made Jumper.,52,57,-5,8,0.6846292447328394,0.2329736182256316,2,3,20,19,85.85333333333332,Kansas,made,Devon Dotson,NA,FALSE,FALSE,Kansas,Stanford
401083549,2018-12-01,Kansas,Stanford,255,2,08:20:00,500,800,KZ Okpala made Layup.,52,59,-7,23,0.5597955578214978,0.15435990925399118,2,3,20,28,5.222222222222221,Stanford,made,KZ Okpala,NA,FALSE,FALSE,Stanford,Kansas
401083549,2018-12-01,Kansas,Stanford,256,2,08:20:00,500,800,Foul on Lagerald Vick.,52,59,-7,0,0.5597955578214978,0.15435990925399118,2,3,20,NA,NA,NA,NA,NA,NA,NA,NA,Stanford,Stanford
401083549,2018-12-01,Kansas,Stanford,257,2,08:20:00,500,800,KZ Okpala made Free Throw.,52,60,-8,0,0.4993399923270121,0.12523324688736528,2,3,20,25,4.177777777777778,Stanford,made,KZ Okpala,NA,FALSE,TRUE,Stanford,Kansas
401083549,2018-12-01,Kansas,Stanford,258,2,08:04:00,484,784,Dedric Lawson missed Jumper.,52,60,-8,16,0.4882092962827931,0.12236703899104538,2,3,20,28.999999999999996,83.76444444444444,Kansas,missed,Dedric Lawson,NA,FALSE,FALSE,Kansas,Kansas
401083549,2018-12-01,Kansas,Stanford,259,2,08:04:00,484,784,KZ Okpala Block.,52,60,-8,0,0.4882092962827931,0.12236703899104538,2,3,20,NA,NA,NA,NA,NA,NA,NA,NA,Kansas,Kansas
401083549,2018-12-01,Kansas,Stanford,260,2,08:04:00,484,784,Dedric Lawson Offensive Rebound.,52,60,-8,0,0.4882092962827931,0.12236703899104538,2,3,20,NA,NA,NA,NA,NA,NA,NA,NA,Kansas,Kansas
401083549,2018-12-01,Kansas,Stanford,261,2,08:02:00,482,782,Foul on KZ Okpala.,52,60,-8,2,0.4867604011423817,0.12199299257296668,2,3,20,NA,NA,NA,NA,NA,NA,NA,NA,Kansas,Kansas
401083549,2018-12-01,Kansas,Stanford,262,2,08:02:00,482,782,Official TV Timeout,52,60,-8,0,0.4867604011423817,0.12199299257296668,2,3,20,NA,NA,NA,NA,NA,NA,NA,NA,Kansas,Kansas
401083549,2018-12-01,Kansas,Stanford,263,2,08:02:00,482,782,Dedric Lawson made Free Throw.,53,60,-7,0,0.548284212060776,0.1509743300882151,2,3,20,25,87.94222222222221,Kansas,made,Dedric Lawson,NA,FALSE,TRUE,Kansas,Kansas
401083549,2018-12-01,Kansas,Stanford,264,2,08:02:00,482,782,Dedric Lawson made Free Throw.,54,60,-6,0,0.6083667195756809,0.1853869085810257,2,3,20,25,87.94222222222221,Kansas,made,Dedric Lawson,NA,FALSE,TRUE,Kansas,Stanford
401083549,2018-12-01,Kansas,Stanford,265,2,07:37:00,457,757,Oscar da Silva missed Layup.,54,60,-6,25,0.5920605793025127,0.17978108307395232,2,3,20,21.999999999999996,5.222222222222221,Stanford,missed,Oscar da Silva,NA,FALSE,FALSE,Stanford,Kansas
401083549,2018-12-01,Kansas,Stanford,266,2,07:37:00,457,757,Udoka Azubuike Defensive Rebound.,54,60,-6,0,0.5920605793025127,0.17978108307395232,2,3,20,NA,NA,NA,NA,NA,NA,NA,NA,Stanford,Kansas
401083549,2018-12-01,Kansas,Stanford,267,2,07:26:00,446,746,Lagerald Vick made Three Point Jumper. Assisted by Devon Dotson.,57,60,-3,11,0.7514869028877048,0.31665296667824055,2,3,20,33,66.00888888888889,Kansas,made,Lagerald Vick,Devon Dotson,TRUE,FALSE,Kansas,Stanford
401083549,2018-12-01,Kansas,Stanford,268,2,06:55:00,415,715,Daejon Davis Turnover.,57,60,-3,31,0.735832965474142,0.3089280984066925,2,3,20,NA,NA,NA,NA,NA,NA,NA,NA,Stanford,Kansas
401083549,2018-12-01,Kansas,Stanford,269,2,06:55:00,415,715,Devon Dotson Steal.,57,60,-3,0,0.735832965474142,0.3089280984066925,2,3,20,NA,NA,NA,NA,NA,NA,NA,NA,Stanford,Kansas
401083549,2018-12-01,Kansas,Stanford,270,2,06:52:00,412,712,Foul on Daejon Davis.,57,60,-3,3,0.7342369294979885,0.308203022131791,2,3,20,NA,NA,NA,NA,NA,NA,NA,NA,Kansas,Stanford
401083549,2018-12-01,Kansas,Stanford,271,2,06:52:00,412,712,Devon Dotson missed Free Throw.,57,60,-3,0,0.7342369294979885,0.308203022131791,2,3,20,25,87.94222222222221,Kansas,missed,Devon Dotson,NA,FALSE,TRUE,Kansas,Stanford
401083549,2018-12-01,Kansas,Stanford,272,2,06:52:00,412,712,Oscar da Silva Defensive Rebound.,57,60,-3,0,0.7342369294979885,0.308203022131791,2,3,20,NA,NA,NA,NA,NA,NA,NA,NA,Kansas,Stanford
401083549,2018-12-01,Kansas,Stanford,273,2,06:46:00,406,706,KZ Okpala missed Jumper.,57,60,-3,6,0.7310208107012487,0.30678065574754415,2,3,20,26,12.533333333333331,Stanford,missed,KZ Okpala,NA,FALSE,FALSE,Stanford,Kansas
401083549,2018-12-01,Kansas,Stanford,274,2,06:46:00,406,706,Lagerald Vick Defensive Rebound.,57,60,-3,0,0.7310208107012487,0.30678065574754415,2,3,20,NA,NA,NA,NA,NA,NA,NA,NA,Stanford,Kansas
401083549,2018-12-01,Kansas,Stanford,275,2,06:36:00,396,696,Udoka Azubuike made Layup. Assisted by Charlie Moore.,59,60,-1,10,0.8209762463463696,0.4315858291840581,2,3,20,25,85.85333333333332,Kansas,made,Udoka Azubuike,Charlie Moore,FALSE,FALSE,Kansas,Stanford
401083549,2018-12-01,Kansas,Stanford,276,2,05:59:00,359,659,KZ Okpala Turnover.,59,60,-1,37,0.8088258045696451,0.4280727719776808,2,3,20,NA,NA,NA,NA,NA,NA,NA,NA,Stanford,Kansas
401083549,2018-12-01,Kansas,Stanford,277,2,05:47:00,347,647,Lagerald Vick made Three Point Jumper. Assisted by Devon Dotson.,62,60,2,12,0.9088423778043964,0.6434733465690289,2,3,20,42,72.27555555555554,Kansas,made,Lagerald Vick,Devon Dotson,TRUE,FALSE,Kansas,Stanford
401083549,2018-12-01,Kansas,Stanford,278,2,05:25:00,325,625,Stanford  Timeout,62,60,2,22,0.907184631054582,0.6490109918343543,2,2,20,NA,NA,NA,NA,NA,NA,NA,NA,Stanford,Stanford
401083549,2018-12-01,Kansas,Stanford,279,2,05:10:00,310,610,Cormac Ryan made Jumper.,62,62,0,15,0.8366637285303962,0.5,2,2,20,16,5.222222222222221,Stanford,made,Cormac Ryan,NA,FALSE,FALSE,Stanford,Kansas
401083549,2018-12-01,Kansas,Stanford,280,2,04:54:00,294,594,Marcus Garrett made Dunk.,64,62,2,16,0.9045384882209766,0.6567460244255955,2,2,20,24,86.89777777777778,Kansas,made,Marcus Garrett,NA,FALSE,FALSE,Kansas,Stanford
401083549,2018-12-01,Kansas,Stanford,281,2,04:34:00,274,574,Cormac Ryan missed Three Point Jumper.,64,62,2,20,0.9006003866889178,0.6560736816689156,2,2,20,26,31.33333333333333,Stanford,missed,Cormac Ryan,NA,TRUE,FALSE,Stanford,Kansas
401083549,2018-12-01,Kansas,Stanford,282,2,04:34:00,274,574,Lagerald Vick Defensive Rebound.,64,62,2,0,0.9006003866889178,0.6560736816689156,2,2,20,NA,NA,NA,NA,NA,NA,NA,NA,Stanford,Kansas
401083549,2018-12-01,Kansas,Stanford,283,2,04:26:00,266,566,Charlie Moore missed Three Point Jumper.,64,62,2,8,0.898675436420421,0.6550696326240969,2,2,20,8,75.4088888888889,Kansas,missed,Charlie Moore,NA,TRUE,FALSE,Kansas,Kansas
401083549,2018-12-01,Kansas,Stanford,284,2,04:26:00,266,566,Lagerald Vick Offensive Rebound.,64,62,2,0,0.898675436420421,0.6550696326240969,2,2,20,NA,NA,NA,NA,NA,NA,NA,NA,Kansas,Kansas
401083549,2018-12-01,Kansas,Stanford,285,2,04:12:00,252,552,Lagerald Vick made Layup.,66,62,4,14,0.9414375980822044,0.7800921424479167,2,2,20,20,86.89777777777778,Kansas,made,Lagerald Vick,NA,FALSE,FALSE,Kansas,Stanford
401083549,2018-12-01,Kansas,Stanford,286,2,04:00:00,240,540,Foul on Udoka Azubuike.,66,62,4,12,0.939454856703631,0.7785830450081012,2,2,20,NA,NA,NA,NA,NA,NA,NA,NA,Stanford,Stanford
401083549,2018-12-01,Kansas,Stanford,287,2,04:00:00,240,540,Official TV Timeout,66,62,4,0,0.939454856703631,0.7785830450081012,2,2,20,NA,NA,NA,NA,NA,NA,NA,NA,Stanford,Stanford
401083549,2018-12-01,Kansas,Stanford,288,2,04:00:00,240,540,Josh Sharma missed Free Throw.,66,62,4,0,0.939454856703631,0.7785830450081012,2,2,20,25,4.177777777777778,Stanford,missed,Josh Sharma,NA,FALSE,TRUE,Stanford,Stanford
401083549,2018-12-01,Kansas,Stanford,289,2,04:00:00,240,540,Stanford Deadball Team Rebound.,66,62,4,0,0.939454856703631,0.7785830450081012,2,2,20,NA,NA,NA,NA,NA,NA,NA,NA,Stanford,Stanford
401083549,2018-12-01,Kansas,Stanford,290,2,04:00:00,240,540,Josh Sharma made Free Throw.,66,63,3,0,0.9189044082015247,0.7197195766667366,2,2,20,25,4.177777777777778,Stanford,made,Josh Sharma,NA,FALSE,TRUE,Stanford,Kansas
401083549,2018-12-01,Kansas,Stanford,291,2,03:47:00,227,527,Dedric Lawson made Layup. Assisted by Charlie Moore.,68,63,5,13,0.9539599187347162,0.8287358080864842,2,2,20,22,87.94222222222221,Kansas,made,Dedric Lawson,Charlie Moore,FALSE,FALSE,Kansas,Stanford
401083549,2018-12-01,Kansas,Stanford,292,2,03:28:00,208,508,KZ Okpala made Three Point Jumper. Assisted by Isaac White.,68,66,2,19,0.8871320843649156,0.6579789485660925,2,2,20,3,3.1333333333333333,Stanford,made,KZ Okpala,Isaac White,TRUE,FALSE,Stanford,Kansas
401083549,2018-12-01,Kansas,Stanford,293,2,02:57:00,177,477,Dedric Lawson missed Layup.,68,66,2,31,0.8895199470297647,0.6822782321043375,2,2,20,22,84.80888888888889,Kansas,missed,Dedric Lawson,NA,FALSE,FALSE,Kansas,Stanford
401083549,2018-12-01,Kansas,Stanford,294,2,02:57:00,177,477,Josh Sharma Block.,68,66,2,0,0.8895199470297647,0.6822782321043375,2,2,20,NA,NA,NA,NA,NA,NA,NA,NA,Kansas,Stanford
401083549,2018-12-01,Kansas,Stanford,295,2,02:57:00,177,477,Cormac Ryan Defensive Rebound.,68,66,2,0,0.8895199470297647,0.6822782321043375,2,2,20,NA,NA,NA,NA,NA,NA,NA,NA,Kansas,Stanford
401083549,2018-12-01,Kansas,Stanford,296,2,02:43:00,163,463,Isaac White made Three Point Jumper. Assisted by KZ Okpala.,68,69,-1,14,0.7042170045076007,0.39820021451912896,2,2,20,3,2.088888888888889,Stanford,made,Isaac White,KZ Okpala,TRUE,FALSE,Stanford,Kansas
401083549,2018-12-01,Kansas,Stanford,297,2,02:10:00,130,430,Foul on Josh Sharma.,68,69,-1,33,0.663507865206027,0.3777259579585408,2,2,20,NA,NA,NA,NA,NA,NA,NA,NA,Kansas,Kansas
401083549,2018-12-01,Kansas,Stanford,298,2,02:10:00,130,430,Dedric Lawson made Free Throw.,69,69,0,0,0.7646199653831882,0.5,2,2,20,25,87.94222222222221,Kansas,made,Dedric Lawson,NA,FALSE,TRUE,Kansas,Kansas
401083549,2018-12-01,Kansas,Stanford,299,2,02:10:00,130,430,Dedric Lawson made Free Throw.,70,69,1,0,0.8425585060091519,0.6222740420414592,2,2,20,25,87.94222222222221,Kansas,made,Dedric Lawson,NA,FALSE,TRUE,Kansas,Stanford
401083549,2018-12-01,Kansas,Stanford,300,2,01:59:00,119,419,Daejon Davis made Layup.,70,71,-1,11,0.6474009895183716,0.3694607249052757,2,2,20,20,5.222222222222221,Stanford,made,Daejon Davis,NA,FALSE,FALSE,Stanford,Kansas
401083549,2018-12-01,Kansas,Stanford,301,2,01:50:00,110,410,Lagerald Vick missed Three Point Jumper.,70,71,-1,9,0.6330248455065667,0.36200569436953534,2,2,20,42,72.27555555555554,Kansas,missed,Lagerald Vick,NA,TRUE,FALSE,Kansas,Kansas
401083549,2018-12-01,Kansas,Stanford,302,2,01:50:00,110,410,Dedric Lawson Offensive Rebound.,70,71,-1,0,0.6330248455065667,0.36200569436953534,2,2,20,NA,NA,NA,NA,NA,NA,NA,NA,Kansas,Kansas
401083549,2018-12-01,Kansas,Stanford,303,2,01:47:00,107,407,Foul on Oscar da Silva.,70,71,-1,3,0.6279705279411341,0.3593700150990061,2,2,20,NA,NA,NA,NA,NA,NA,NA,NA,Kansas,Stanford
401083549,2018-12-01,Kansas,Stanford,304,2,01:47:00,107,407,Dedric Lawson made Free Throw.,71,71,0,0,0.7505634583332638,0.5,2,2,20,25,87.94222222222221,Kansas,made,Dedric Lawson,NA,FALSE,TRUE,Kansas,Kansas
401083549,2018-12-01,Kansas,Stanford,305,2,01:47:00,107,407,Dedric Lawson missed Free Throw.,71,71,0,0,0.7505634583332638,0.5,2,2,20,25,87.94222222222221,Kansas,missed,Dedric Lawson,NA,FALSE,TRUE,Kansas,Stanford
401083549,2018-12-01,Kansas,Stanford,306,2,01:47:00,107,407,Oscar da Silva Defensive Rebound.,71,71,0,0,0.7505634583332638,0.5,2,2,20,NA,NA,NA,NA,NA,NA,NA,NA,Kansas,Stanford
401083549,2018-12-01,Kansas,Stanford,307,2,01:27:00,87,387,Foul on Dedric Lawson.,71,71,0,20,0.7371140281285953,0.5,2,2,20,NA,NA,NA,NA,NA,NA,NA,NA,Kansas,Stanford
401083549,2018-12-01,Kansas,Stanford,308,2,01:27:00,87,387,Oscar da Silva made Free Throw.,71,72,-1,0,0.5908744499630889,0.3399671194386317,2,2,20,25,4.177777777777778,Stanford,made,Oscar da Silva,NA,FALSE,TRUE,Stanford,Kansas
401083549,2018-12-01,Kansas,Stanford,309,2,01:27:00,87,387,Dedric Lawson Turnover.,71,71,0,0,0.7371140281285953,0.5,2,2,20,NA,NA,NA,NA,NA,NA,NA,NA,Kansas,Stanford
401083549,2018-12-01,Kansas,Stanford,310,2,01:27:00,87,387,Oscar da Silva made Free Throw.,71,73,-2,0,0.42657003059431536,0.20967567039845492,2,2,20,25,4.177777777777778,Stanford,made,Oscar da Silva,NA,FALSE,TRUE,Stanford,Stanford
401083549,2018-12-01,Kansas,Stanford,311,2,01:12:00,72,372,KZ Okpala missed Jumper.,71,73,-2,15,0.37919029851958735,0.1870912614212669,2,2,20,24,11.488888888888887,Stanford,missed,KZ Okpala,NA,FALSE,FALSE,Stanford,Kansas
401083549,2018-12-01,Kansas,Stanford,312,2,01:12:00,72,372,Dedric Lawson Defensive Rebound.,71,73,-2,0,0.37919029851958735,0.1870912614212669,2,2,20,NA,NA,NA,NA,NA,NA,NA,NA,Stanford,Kansas
401083549,2018-12-01,Kansas,Stanford,313,2,00:59:00,59,359,Foul on Cormac Ryan.,71,73,-2,13,0.3368245755383743,0.16739509808105252,2,2,20,NA,NA,NA,NA,NA,NA,NA,NA,Kansas,Kansas
401083549,2018-12-01,Kansas,Stanford,314,2,00:59:00,59,359,Charlie Moore missed Free Throw.,71,73,-2,0,0.3368245755383743,0.16739509808105252,2,2,20,25,87.94222222222221,Kansas,missed,Charlie Moore,NA,FALSE,TRUE,Kansas,Kansas
401083549,2018-12-01,Kansas,Stanford,315,2,00:59:00,59,359,Kansas Deadball Team Rebound.,71,73,-2,0,0.3368245755383743,0.16739509808105252,2,2,20,NA,NA,NA,NA,NA,NA,NA,NA,Kansas,Kansas
401083549,2018-12-01,Kansas,Stanford,316,2,00:59:00,59,359,Charlie Moore made Free Throw.,72,73,-1,0,0.531115707120564,0.3095762369625999,2,2,20,25,87.94222222222221,Kansas,made,Charlie Moore,NA,FALSE,TRUE,Kansas,Stanford
401083549,2018-12-01,Kansas,Stanford,317,2,00:41:00,41,341,Daejon Davis missed Jumper.,72,73,-1,18,0.48805642407167854,0.2882588022936481,2,2,20,25,11.488888888888887,Stanford,missed,Daejon Davis,NA,FALSE,FALSE,Stanford,Stanford
401083549,2018-12-01,Kansas,Stanford,318,2,00:41:00,41,341,Daejon Davis Offensive Rebound.,72,73,-1,0,0.48805642407167854,0.2882588022936481,2,2,20,NA,NA,NA,NA,NA,NA,NA,NA,Stanford,Stanford
401083549,2018-12-01,Kansas,Stanford,319,2,00:36:00,36,336,Stanford  Timeout,72,73,-1,5,0.4754713990256896,0.2820949510125366,2,1,20,NA,NA,NA,NA,NA,NA,NA,NA,Stanford,Stanford
401083549,2018-12-01,Kansas,Stanford,320,2,00:13:00,13,313,Foul on Dedric Lawson.,72,73,-1,23,0.41515409370675366,0.2529382952860352,2,1,20,NA,NA,NA,NA,NA,NA,NA,NA,Stanford,Stanford
401083549,2018-12-01,Kansas,Stanford,321,2,00:13:00,13,313,Daejon Davis made Free Throw.,72,74,-2,0,0.19376942378598655,0.10284511149708928,2,1,20,25,4.177777777777778,Stanford,made,Daejon Davis,NA,FALSE,TRUE,Stanford,Stanford
401083549,2018-12-01,Kansas,Stanford,322,2,00:13:00,13,313,Daejon Davis made Free Throw.,72,75,-3,0,0.07525030949298828,0.03736259821483322,2,1,20,25,4.177777777777778,Stanford,made,Daejon Davis,NA,FALSE,TRUE,Stanford,Kansas
401083549,2018-12-01,Kansas,Stanford,323,2,00:11:00,11,311,Lagerald Vick made Three Point Jumper. Assisted by Devon Dotson.,75,75,0,2,0.67518500398644,0.5,2,1,20,12,70.18666666666667,Kansas,made,Lagerald Vick,Devon Dotson,TRUE,FALSE,Kansas,Stanford
401083549,2018-12-01,Kansas,Stanford,324,2,00:02:00,2,302,Daejon Davis missed Three Point Jumper.,75,75,0,9,0.6665643984507602,0.5,2,1,20,26,29.244444444444444,Stanford,missed,Daejon Davis,NA,TRUE,FALSE,Stanford,Kansas
401083549,2018-12-01,Kansas,Stanford,325,2,00:02:00,2,302,Dedric Lawson Defensive Rebound.,75,75,0,0,0.6665643984507602,0.5,2,1,20,NA,NA,NA,NA,NA,NA,NA,NA,Stanford,Kansas
401083549,2018-12-01,Kansas,Stanford,326,2,00:00:00,300,300,End of 2nd half,75,75,0,2,0.8337518181983934,0.5,2,1,20,NA,NA,NA,NA,NA,NA,NA,NA,Kansas,NA
401083549,2018-12-01,Kansas,Stanford,327,3,05:00:00,300,300,PLAY,75,75,0,0,0.8337518181983934,0.5,3,2,20,NA,NA,NA,NA,NA,NA,NA,NA,NA,Stanford
401083549,2018-12-01,Kansas,Stanford,328,3,05:00:00,300,300,Jump Ball won by Stanford,75,75,0,0,0.8337518181983934,0.5,3,2,20,NA,NA,NA,NA,NA,NA,NA,NA,Stanford,Stanford
401083549,2018-12-01,Kansas,Stanford,329,3,04:45:00,285,285,Oscar da Silva missed Three Point Jumper.,75,75,0,15,0.8293571383505235,0.5,3,2,20,47,4.177777777777778,Stanford,missed,Oscar da Silva,NA,TRUE,FALSE,Stanford,Kansas
401083549,2018-12-01,Kansas,Stanford,330,3,04:45:00,285,285,Udoka Azubuike Defensive Rebound.,75,75,0,0,0.8293571383505235,0.5,3,2,20,NA,NA,NA,NA,NA,NA,NA,NA,Stanford,Kansas
401083549,2018-12-01,Kansas,Stanford,331,3,04:22:00,262,262,Lagerald Vick made Three Point Jumper. Assisted by Dedric Lawson.,78,75,3,23,0.9235159918932118,0.7228058673287979,3,2,20,25,63.919999999999995,Kansas,made,Lagerald Vick,Dedric Lawson,TRUE,FALSE,Kansas,Stanford
401083549,2018-12-01,Kansas,Stanford,332,3,03:56:00,236,236,Trevor Stanback Turnover.,78,75,3,26,0.9181880030987208,0.7196239116915213,3,2,20,NA,NA,NA,NA,NA,NA,NA,NA,Stanford,Kansas
401083549,2018-12-01,Kansas,Stanford,333,3,03:56:00,236,236,Dedric Lawson Steal.,78,75,3,0,0.9181880030987208,0.7196239116915213,3,2,20,NA,NA,NA,NA,NA,NA,NA,NA,Stanford,Kansas
401083549,2018-12-01,Kansas,Stanford,334,3,03:34:00,214,214,Devon Dotson missed Jumper.,78,75,3,22,0.9159133028576246,0.7241889907663716,3,2,20,18,74.36444444444444,Kansas,missed,Devon Dotson,NA,FALSE,FALSE,Kansas,Stanford
401083549,2018-12-01,Kansas,Stanford,335,3,03:34:00,214,214,Trevor Stanback Defensive Rebound.,78,75,3,0,0.9159133028576246,0.7241889907663716,3,2,20,NA,NA,NA,NA,NA,NA,NA,NA,Kansas,Stanford
401083549,2018-12-01,Kansas,Stanford,336,3,03:08:00,188,188,Cormac Ryan Turnover.,78,75,3,26,0.919091672716998,0.7459091334119923,3,2,20,NA,NA,NA,NA,NA,NA,NA,NA,Stanford,Kansas
401083549,2018-12-01,Kansas,Stanford,337,3,03:08:00,188,188,Marcus Garrett Steal.,78,75,3,0,0.919091672716998,0.7459091334119923,3,2,20,NA,NA,NA,NA,NA,NA,NA,NA,Stanford,Kansas
401083549,2018-12-01,Kansas,Stanford,338,3,02:59:00,179,179,Lagerald Vick made Dunk.,80,75,5,9,0.9614594600155162,0.8686835558772139,3,2,20,26,86.89777777777778,Kansas,made,Lagerald Vick,NA,FALSE,FALSE,Kansas,Stanford
401083549,2018-12-01,Kansas,Stanford,339,3,02:39:00,159,159,Foul on Oscar da Silva.,80,75,5,20,0.9670617746754616,0.8919849355627872,3,2,20,NA,NA,NA,NA,NA,NA,NA,NA,Stanford,Kansas
401083549,2018-12-01,Kansas,Stanford,340,3,02:39:00,159,159,Oscar da Silva Turnover.,80,75,5,0,0.9670617746754616,0.8919849355627872,3,2,20,NA,NA,NA,NA,NA,NA,NA,NA,Kansas,Kansas
401083549,2018-12-01,Kansas,Stanford,341,3,02:31:00,151,151,Lagerald Vick made Three Point Jumper.,83,75,8,8,0.99164763762937,0.9716027801953312,3,2,20,7,73.32,Kansas,made,Lagerald Vick,NA,TRUE,FALSE,Kansas,Stanford
401083549,2018-12-01,Kansas,Stanford,342,3,02:14:00,134,134,Foul on Dedric Lawson.,83,75,8,17,0.9938774889141933,0.9801329529322418,3,2,20,NA,NA,NA,NA,NA,NA,NA,NA,Stanford,Stanford
401083549,2018-12-01,Kansas,Stanford,343,3,02:14:00,134,134,KZ Okpala made Free Throw.,83,76,7,0,0.990070965729251,0.9680557527414833,3,2,20,25,4.177777777777778,Stanford,made,KZ Okpala,NA,FALSE,TRUE,Stanford,Stanford
401083549,2018-12-01,Kansas,Stanford,344,3,02:14:00,134,134,KZ Okpala made Free Throw.,83,77,6,0,0.98393608010808,0.949018687531729,3,2,20,25,4.177777777777778,Stanford,made,KZ Okpala,NA,FALSE,TRUE,Stanford,Kansas
401083549,2018-12-01,Kansas,Stanford,345,3,01:57:00,117,117,Udoka Azubuike made Dunk. Assisted by Charlie Moore.,85,77,8,17,0.9957928203668048,0.9870195433861142,3,2,20,27,85.85333333333332,Kansas,made,Udoka Azubuike,Charlie Moore,FALSE,FALSE,Kansas,Stanford
401083549,2018-12-01,Kansas,Stanford,346,3,01:43:00,103,103,KZ Okpala Turnover.,85,77,8,14,0.9970974928700544,0.9914350852994744,3,2,20,NA,NA,NA,NA,NA,NA,NA,NA,Stanford,Kansas
401083549,2018-12-01,Kansas,Stanford,347,3,01:21:00,81,81,Marcus Garrett Turnover.,85,77,8,22,0.998553533638736,0.9960414485313162,3,2,20,NA,NA,NA,NA,NA,NA,NA,NA,Kansas,Stanford
401083549,2018-12-01,Kansas,Stanford,348,3,01:12:00,72,72,Daejon Davis made Jumper.,85,79,6,9,0.9954274576386742,0.9879559454981012,3,2,20,25,16.711111111111112,Stanford,made,Daejon Davis,NA,FALSE,FALSE,Stanford,Kansas
401083549,2018-12-01,Kansas,Stanford,349,3,00:40:00,40,40,Foul on KZ Okpala.,85,79,6,32,0.9981872326581386,0.9957603681857804,3,2,20,NA,NA,NA,NA,NA,NA,NA,NA,Kansas,Kansas
401083549,2018-12-01,Kansas,Stanford,350,3,00:40:00,40,40,Devon Dotson missed Free Throw.,85,79,6,0,0.9981872326581386,0.9957603681857804,3,2,20,25,87.94222222222221,Kansas,missed,Devon Dotson,NA,FALSE,TRUE,Kansas,Kansas
401083549,2018-12-01,Kansas,Stanford,351,3,00:40:00,40,40,Kansas Deadball Team Rebound.,85,79,6,0,0.9981872326581386,0.9957603681857804,3,2,20,NA,NA,NA,NA,NA,NA,NA,NA,Kansas,Kansas
401083549,2018-12-01,Kansas,Stanford,352,3,00:40:00,40,40,Devon Dotson made Free Throw.,86,79,7,0,0.9992694080757412,0.9982888355972148,3,2,20,25,87.94222222222221,Kansas,made,Devon Dotson,NA,FALSE,TRUE,Kansas,Stanford
401083549,2018-12-01,Kansas,Stanford,353,3,00:28:00,28,28,Daejon Davis made Three Point Jumper.,86,82,4,12,0.9913298088663218,0.9808472980884818,3,2,20,11,21.93333333333333,Stanford,made,Daejon Davis,NA,TRUE,FALSE,Stanford,Kansas
401083549,2018-12-01,Kansas,Stanford,354,3,00:28:00,28,28,Kansas  Timeout,86,82,4,0,0.9913298088663218,0.9808472980884818,2,2,20,NA,NA,NA,NA,NA,NA,NA,NA,Stanford,Kansas
401083549,2018-12-01,Kansas,Stanford,355,3,00:27:00,27,27,Foul on Cormac Ryan.,86,82,4,1,0.991510837010354,0.9813188194015152,2,2,20,NA,NA,NA,NA,NA,NA,NA,NA,Kansas,Kansas
401083549,2018-12-01,Kansas,Stanford,356,3,00:27:00,27,27,Charlie Moore made Free Throw.,87,82,5,0,0.9968297977769468,0.9929784569081344,2,2,20,25,87.94222222222221,Kansas,made,Charlie Moore,NA,FALSE,TRUE,Kansas,Kansas
401083549,2018-12-01,Kansas,Stanford,357,3,00:27:00,27,27,Charlie Moore made Free Throw.,88,82,6,0,0.9988200821589552,0.9973802969153208,2,2,20,25,87.94222222222221,Kansas,made,Charlie Moore,NA,FALSE,TRUE,Kansas,Kansas
401083549,2018-12-01,Kansas,Stanford,358,3,00:27:00,27,27,Kansas  Timeout,88,82,6,0,0.9988200821589552,0.9973802969153208,1,2,20,NA,NA,NA,NA,NA,NA,NA,NA,Kansas,Stanford
401083549,2018-12-01,Kansas,Stanford,359,3,00:15:00,15,15,KZ Okpala made Layup.,88,84,4,12,0.9934759478059574,0.9863042642120008,1,2,20,28,5.222222222222221,Stanford,made,KZ Okpala,NA,FALSE,FALSE,Stanford,Kansas
401083549,2018-12-01,Kansas,Stanford,360,3,00:14:00,14,14,Foul on KZ Okpala.,88,84,4,1,0.9936247331207028,0.9866705395591696,1,2,20,NA,NA,NA,NA,NA,NA,NA,NA,Kansas,Kansas
401083549,2018-12-01,Kansas,Stanford,361,3,00:14:00,14,14,Devon Dotson made Free Throw.,89,84,5,0,0.9978173348047618,0.9954153640975864,1,2,20,25,87.94222222222221,Kansas,made,Devon Dotson,NA,FALSE,TRUE,Kansas,Kansas
401083549,2018-12-01,Kansas,Stanford,362,3,00:14:00,14,14,Devon Dotson made Free Throw.,90,84,6,0,0.9992548007238354,0.9984322413329534,1,2,20,25,87.94222222222221,Kansas,made,Devon Dotson,NA,FALSE,TRUE,Kansas,Stanford
401083549,2018-12-01,Kansas,Stanford,363,3,00:09:00,9,9,Cormac Ryan missed Three Point Jumper.,90,84,6,5,0.9993826156322058,0.9987284967472626,1,2,20,9,22.977777777777774,Stanford,missed,Cormac Ryan,NA,TRUE,FALSE,Stanford,Stanford
401083549,2018-12-01,Kansas,Stanford,364,3,00:09:00,9,9,Isaac White Offensive Rebound.,90,84,6,0,0.9993826156322058,0.9987284967472626,1,2,20,NA,NA,NA,NA,NA,NA,NA,NA,Stanford,Stanford
401083549,2018-12-01,Kansas,Stanford,365,3,00:05:00,5,5,Daejon Davis missed Three Point Jumper.,90,84,6,4,0.9994708458219912,0.998928818470728,1,2,20,37,26.11111111111111,Stanford,missed,Daejon Davis,NA,TRUE,FALSE,Stanford,Kansas
401083549,2018-12-01,Kansas,Stanford,366,3,00:05:00,5,5,Quentin Grimes Defensive Rebound.,90,84,6,0,0.9994708458219912,0.998928818470728,1,2,20,NA,NA,NA,NA,NA,NA,NA,NA,Stanford,Kansas
401083549,2018-12-01,Kansas,Stanford,367,3,00:00:00,0,0,End of Game,90,84,6,5,1,1,1,2,20,NA,NA,NA,NA,NA,NA,NA,NA,Kansas,NA
