play_id,half,time_remaining_half,secs_remaining,secs_remaining_absolute,description,home_score,away_score,score_diff,play_length,win_prob,naive_win_prob,home,away,home_time_out_remaining,away_time_out_remaining,home_favored_by,game_id,date
1,1,20:00,2400,2400,PLAY,0,0,0,25,0.5,0.5,Murray State,Tennessee State,6,6,NA,290620093,2009-03-03
2,1,19:35,2375,2375,Tony Easley missed Two Point Layup.,0,0,0,0,0.5,0.5,Murray State,Tennessee State,6,6,NA,290620093,2009-03-03
3,1,19:35,2375,2375,Kierra Goodwin Block.,0,0,0,2,0.5,0.5,Murray State,Tennessee State,6,6,NA,290620093,2009-03-03
4,1,19:33,2373,2373,Danero Thomas Offensive Rebound.,0,0,0,4,0.5,0.5,Murray State,Tennessee State,6,6,NA,290620093,2009-03-03
5,1,19:29,2369,2369,Tony Easley made Two Point Layup.  Assisted by Isacc Miles.,2,0,2,21,0.5446821100641465,0.5446821100641465,Murray State,Tennessee State,6,6,NA,290620093,2009-03-03
6,1,19:08,2348,2348,Gerald Robinson Jr. made Three Point Jumper.  Assisted by Kendra Appling.,2,3,-1,12,0.47738681414575845,0.47738681414575845,Murray State,Tennessee State,6,6,NA,290620093,2009-03-03
7,1,18:56,2336,2336,Tony Easley missed Two Point Layup.,2,3,-1,0,0.4772556011616318,0.4772556011616318,Murray State,Tennessee State,6,6,NA,290620093,2009-03-03
8,1,18:56,2336,2336,Kendra Appling Block.,2,3,-1,3,0.4772556011616318,0.4772556011616318,Murray State,Tennessee State,6,6,NA,290620093,2009-03-03
9,1,18:53,2333,2333,Meredith Stafford Defensive Rebound.,2,3,-1,11,0.4772226573295079,0.4772226573295079,Murray State,Tennessee State,6,6,NA,290620093,2009-03-03
10,1,18:42,2322,2322,Gerald Robinson Jr. missed Two Point Layup.,2,3,-1,0,0.4771013997479743,0.4771013997479743,Murray State,Tennessee State,6,6,NA,290620093,2009-03-03
11,1,18:42,2322,2322,Tony Easley Block.,2,3,-1,2,0.4771013997479743,0.4771013997479743,Murray State,Tennessee State,6,6,NA,290620093,2009-03-03
12,1,18:40,2320,2320,Danero Thomas Defensive Rebound.,2,3,-1,20,0.47707927648367326,0.47707927648367326,Murray State,Tennessee State,6,6,NA,290620093,2009-03-03
13,1,18:20,2300,2300,Tony Easley Turnover.,2,3,-1,1,0.4768568141568248,0.4768568141568248,Murray State,Tennessee State,6,6,NA,290620093,2009-03-03
14,1,18:19,2299,2299,Kierra Goodwin Steal.,2,3,-1,1,0.4768456344721503,0.4768456344721503,Murray State,Tennessee State,6,6,NA,290620093,2009-03-03
15,1,18:18,2298,2298,Foul on Isacc Miles,2,3,-1,10,0.47683444959323684,0.47683444959323684,Murray State,Tennessee State,6,6,NA,290620093,2009-03-03
16,1,18:08,2288,2288,Gerald Robinson Jr. made Three Point Jumper.  Assisted by Meredith Stafford.,2,6,-4,8,0.4078857987708193,0.4078857987708193,Murray State,Tennessee State,6,6,NA,290620093,2009-03-03
17,1,18:00,2280,2280,Isacc Miles made Two Point Jumper.,4,6,-2,24,0.4533663845351968,0.4533663845351968,Murray State,Tennessee State,6,6,NA,290620093,2009-03-03
18,1,17:36,2256,2256,Kierra Goodwin missed Two Point Jumper.,4,6,-2,0,0.4528261357226131,0.4528261357226131,Murray State,Tennessee State,6,6,NA,290620093,2009-03-03
19,1,17:36,2256,2256,Murray State Defensive Rebound.,4,6,-2,32,0.4528261357226131,0.4528261357226131,Murray State,Tennessee State,6,6,NA,290620093,2009-03-03
20,1,17:04,2224,2224,Jeffery McClain made Two Point Layup.,6,6,0,26,0.5,0.5,Murray State,Tennessee State,6,6,NA,290620093,2009-03-03
21,1,16:38,2198,2198,Foul on Danero Thomas,6,6,0,0,0.5,0.5,Murray State,Tennessee State,6,6,NA,290620093,2009-03-03
22,1,16:38,2198,2198,Gerald Robinson Jr. missed Free Throw.,6,6,0,0,0.5,0.5,Murray State,Tennessee State,6,6,NA,290620093,2009-03-03
23,1,16:38,2198,2198,null,6,6,0,0,0.5,0.5,Murray State,Tennessee State,6,6,NA,290620093,2009-03-03
24,1,16:38,2198,2198,Gerald Robinson Jr. made Free Throw.,6,7,-1,0,0.4756942538677578,0.4756942538677578,Murray State,Tennessee State,6,6,NA,290620093,2009-03-03
25,1,16:38,2198,2198,Gerald Robinson Jr. made Free Throw.,6,8,-2,3,0.45150310963045764,0.45150310963045764,Murray State,Tennessee State,6,6,NA,290620093,2009-03-03
26,1,16:35,2195,2195,Danero Thomas made Two Point Layup.  Assisted by Isacc Miles.,8,8,0,0,0.5,0.5,Murray State,Tennessee State,6,6,NA,290620093,2009-03-03
27,1,16:35,2195,2195,Foul on Kendra Appling,8,8,0,0,0.5,0.5,Murray State,Tennessee State,6,6,NA,290620093,2009-03-03
28,1,16:35,2195,2195,Danero Thomas missed Free Throw.,8,8,0,0,0.5,0.5,Murray State,Tennessee State,6,6,NA,290620093,2009-03-03
29,1,16:35,2195,2195,Kendra Appling Defensive Rebound.,8,8,0,8,0.5,0.5,Murray State,Tennessee State,6,6,NA,290620093,2009-03-03
30,1,16:27,2187,2187,Foul on Tony Easley,8,8,0,0,0.5,0.5,Murray State,Tennessee State,6,6,NA,290620093,2009-03-03
31,1,16:27,2187,2187,Kierra Goodwin made Free Throw.,8,9,-1,0,0.4755668083376135,0.4755668083376135,Murray State,Tennessee State,6,6,NA,290620093,2009-03-03
32,1,16:27,2187,2187,Kierra Goodwin made Free Throw.,8,10,-2,18,0.451250027875351,0.451250027875351,Murray State,Tennessee State,6,6,NA,290620093,2009-03-03
33,1,16:09,2169,2169,Ivan Aska made Two Point Layup.,10,10,0,16,0.5,0.5,Murray State,Tennessee State,6,6,NA,290620093,2009-03-03
34,1,15:53,2153,2153,Kierra Goodwin missed Two Point Layup.,10,10,0,0,0.5,0.5,Murray State,Tennessee State,6,6,NA,290620093,2009-03-03
35,1,15:53,2153,2153,Jeffery McClain Defensive Rebound.,10,10,0,7,0.5,0.5,Murray State,Tennessee State,6,6,NA,290620093,2009-03-03
36,1,15:46,2146,2146,Foul on Meredith Stafford,10,10,0,0,0.5,0.5,Murray State,Tennessee State,6,6,NA,290620093,2009-03-03
37,1,15:46,2146,2146,Murray State Full Timeout.,10,10,0,23,0.5,0.5,Murray State,Tennessee State,5,6,NA,290620093,2009-03-03
38,1,15:23,2123,2123,Ivan Aska made Two Point Layup.  Assisted by Tyler Holloway.,12,10,2,13,0.5502362343092052,0.5502362343092052,Murray State,Tennessee State,5,6,NA,290620093,2009-03-03
39,1,15:10,2110,2110,Kierra Goodwin made Two Point Layup.  Assisted by Ladona Pierce.,12,12,0,16,0.5,0.5,Murray State,Tennessee State,5,6,NA,290620093,2009-03-03
40,1,14:54,2094,2094,Tyler Holloway made Two Point Jumper.,14,12,2,11,0.5509208056234844,0.5509208056234844,Murray State,Tennessee State,5,6,NA,290620093,2009-03-03
41,1,14:43,2083,2083,Kierra Goodwin missed Two Point Layup.,14,12,2,0,0.5511825743958096,0.5511825743958096,Murray State,Tennessee State,5,6,NA,290620093,2009-03-03
42,1,14:43,2083,2083,Kierra Goodwin Offensive Rebound.,14,12,2,1,0.5511825743958096,0.5511825743958096,Murray State,Tennessee State,5,6,NA,290620093,2009-03-03
43,1,14:42,2082,2082,Foul on Jeffery McClain,14,12,2,11,0.5512064316825768,0.5512064316825768,Murray State,Tennessee State,5,6,NA,290620093,2009-03-03
44,1,14:31,2071,2071,Kierra Goodwin missed Two Point Jumper.,14,12,2,0,0.5514695401743815,0.5514695401743815,Murray State,Tennessee State,5,6,NA,290620093,2009-03-03
45,1,14:31,2071,2071,Ivan Aska Defensive Rebound.,14,12,2,5,0.5514695401743815,0.5514695401743815,Murray State,Tennessee State,5,6,NA,290620093,2009-03-03
46,1,14:26,2066,2066,Ivan Aska Turnover.,14,12,2,0,0.5515895536493832,0.5515895536493832,Murray State,Tennessee State,5,6,NA,290620093,2009-03-03
47,1,14:26,2066,2066,Meredith Stafford Steal.,14,12,2,8,0.5515895536493832,0.5515895536493832,Murray State,Tennessee State,5,6,NA,290620093,2009-03-03
48,1,14:18,2058,2058,Gerald Robinson Jr. missed Three Point Jumper.,14,12,2,0,0.551782133456913,0.551782133456913,Murray State,Tennessee State,5,6,NA,290620093,2009-03-03
49,1,14:18,2058,2058,Ladona Pierce Offensive Rebound.,14,12,2,15,0.551782133456913,0.551782133456913,Murray State,Tennessee State,5,6,NA,290620093,2009-03-03
50,1,14:03,2043,2043,Ladona Pierce missed Three Point Jumper.,14,12,2,0,0.5521451263571212,0.5521451263571212,Murray State,Tennessee State,5,6,NA,290620093,2009-03-03
51,1,14:03,2043,2043,Murray State Defensive Rebound.,14,12,2,37,0.5521451263571212,0.5521451263571212,Murray State,Tennessee State,5,6,NA,290620093,2009-03-03
52,1,13:26,2006,2006,Ivan Aska missed Two Point Jumper.,14,12,2,0,0.553051780241399,0.553051780241399,Murray State,Tennessee State,5,6,NA,290620093,2009-03-03
53,1,13:26,2006,2006,Kierra Goodwin Defensive Rebound.,14,12,2,23,0.553051780241399,0.553051780241399,Murray State,Tennessee State,5,6,NA,290620093,2009-03-03
54,1,13:03,1983,1983,Foul on Meredith Stafford,14,12,2,0,0.5536240364692246,0.5536240364692246,Murray State,Tennessee State,5,6,NA,290620093,2009-03-03
55,1,13:03,1983,1983,Meredith Stafford Turnover.,14,12,2,15,0.5536240364692246,0.5536240364692246,Murray State,Tennessee State,5,6,NA,290620093,2009-03-03
56,1,12:48,1968,1968,Danero Thomas made Two Point Layup.  Assisted by Ivan Aska.,16,12,4,11,0.6067568627313638,0.6067568627313638,Murray State,Tennessee State,5,6,NA,290620093,2009-03-03
57,1,12:37,1957,1957,Nikki Rumph missed Three Point Jumper.,16,12,4,0,0.6072946033622159,0.6072946033622159,Murray State,Tennessee State,5,6,NA,290620093,2009-03-03
58,1,12:37,1957,1957,Joshua Gregory Offensive Rebound.,16,12,4,9,0.6072946033622159,0.6072946033622159,Murray State,Tennessee State,5,6,NA,290620093,2009-03-03
59,1,12:28,1948,1948,Nikki Rumph made Two Point Jumper.,16,14,2,22,0.5545086726314674,0.5545086726314674,Murray State,Tennessee State,5,6,NA,290620093,2009-03-03
60,1,12:06,1926,1926,Foul on Chelsea Cromartie,16,14,2,0,0.5550736534985536,0.5550736534985536,Murray State,Tennessee State,5,6,NA,290620093,2009-03-03
61,1,12:06,1926,1926,Ivan Aska missed Free Throw.,16,14,2,0,0.5550736534985536,0.5550736534985536,Murray State,Tennessee State,5,6,NA,290620093,2009-03-03
62,1,12:06,1926,1926,null,16,14,2,0,0.5550736534985536,0.5550736534985536,Murray State,Tennessee State,5,6,NA,290620093,2009-03-03
63,1,12:06,1926,1926,Ivan Aska made Free Throw.,17,14,3,8,0.5821943825929489,0.5821943825929489,Murray State,Tennessee State,5,6,NA,290620093,2009-03-03
64,1,11:58,1918,1918,Gerald Robinson Jr. missed Three Point Jumper.,17,14,3,0,0.5824987682681938,0.5824987682681938,Murray State,Tennessee State,5,6,NA,290620093,2009-03-03
65,1,11:58,1918,1918,Kevin Thomas Defensive Rebound.,17,14,3,4,0.5824987682681938,0.5824987682681938,Murray State,Tennessee State,5,6,NA,290620093,2009-03-03
66,1,11:54,1914,1914,Foul on Meredith Stafford,17,14,3,0,0.5826508122878031,0.5826508122878031,Murray State,Tennessee State,5,6,NA,290620093,2009-03-03
67,1,11:54,1914,1914,Murray State Full Timeout.,17,14,3,12,0.5826508122878031,0.5826508122878031,Murray State,Tennessee State,4,6,NA,290620093,2009-03-03
68,1,11:42,1902,1902,Foul on Kevin Thomas,17,14,3,0,0.5831065236177205,0.5831065236177205,Murray State,Tennessee State,4,6,NA,290620093,2009-03-03
69,1,11:42,1902,1902,Kevin Thomas Turnover.,17,14,3,13,0.5831065236177205,0.5831065236177205,Murray State,Tennessee State,4,6,NA,290620093,2009-03-03
70,1,11:29,1889,1889,Gerald Robinson Jr. missed Two Point Layup.,17,14,3,0,0.5835998553847677,0.5835998553847677,Murray State,Tennessee State,4,6,NA,290620093,2009-03-03
71,1,11:29,1889,1889,Danero Thomas Block.,17,14,3,1,0.5835998553847677,0.5835998553847677,Murray State,Tennessee State,4,6,NA,290620093,2009-03-03
72,1,11:28,1888,1888,Danero Thomas Defensive Rebound.,17,14,3,8,0.5836378024320278,0.5836378024320278,Murray State,Tennessee State,4,6,NA,290620093,2009-03-03
73,1,11:20,1880,1880,Kevin Thomas missed Two Point Jumper.,17,14,3,0,0.5839414306803924,0.5839414306803924,Murray State,Tennessee State,4,6,NA,290620093,2009-03-03
74,1,11:20,1880,1880,Ladona Pierce Defensive Rebound.,17,14,3,12,0.5839414306803924,0.5839414306803924,Murray State,Tennessee State,4,6,NA,290620093,2009-03-03
75,1,11:08,1868,1868,Ladona Pierce missed Two Point Jumper.,17,14,3,0,0.5843972361919785,0.5843972361919785,Murray State,Tennessee State,4,6,NA,290620093,2009-03-03
76,1,11:08,1868,1868,Ivan Aska Defensive Rebound.,17,14,3,3,0.5843972361919785,0.5843972361919785,Murray State,Tennessee State,4,6,NA,290620093,2009-03-03
77,1,11:05,1865,1865,Foul on Chelsea Cromartie,17,14,3,10,0.5845112947002189,0.5845112947002189,Murray State,Tennessee State,4,6,NA,290620093,2009-03-03
78,1,10:55,1855,1855,Isacc Miles made Two Point Jumper.,19,14,5,8,0.6391046706622543,0.6391046706622543,Murray State,Tennessee State,4,6,NA,290620093,2009-03-03
79,1,10:47,1847,1847,Nikki Rumph Turnover.,19,14,5,1,0.6395876388398287,0.6395876388398287,Murray State,Tennessee State,4,6,NA,290620093,2009-03-03
80,1,10:46,1846,1846,Ivan Aska Steal.,19,14,5,5,0.6396480660673586,0.6396480660673586,Murray State,Tennessee State,4,6,NA,290620093,2009-03-03
81,1,10:41,1841,1841,Isacc Miles made Three Point Jumper.  Assisted by Kevin Thomas.,22,14,8,7,0.7150906579128565,0.7150906579128565,Murray State,Tennessee State,4,6,NA,290620093,2009-03-03
82,1,10:34,1834,1834,Tennessee State 30 Second Timeout.,22,14,8,10,0.7156902088686244,0.7156902088686244,Murray State,Tennessee State,4,5,NA,290620093,2009-03-03
83,1,10:24,1824,1824,Parker Smith missed Two Point Jumper.,22,14,8,0,0.7165481177493652,0.7165481177493652,Murray State,Tennessee State,4,5,NA,290620093,2009-03-03
84,1,10:24,1824,1824,Ladona Pierce Offensive Rebound.,22,14,8,5,0.7165481177493652,0.7165481177493652,Murray State,Tennessee State,4,5,NA,290620093,2009-03-03
85,1,10:19,1819,1819,Ladona Pierce Turnover.,22,14,8,1,0.7169778265316749,0.7169778265316749,Murray State,Tennessee State,4,5,NA,290620093,2009-03-03
86,1,10:18,1818,1818,Isacc Miles Steal.,22,14,8,1,0.7170638363605676,0.7170638363605676,Murray State,Tennessee State,4,5,NA,290620093,2009-03-03
87,1,10:17,1817,1817,Isacc Miles missed Two Point Layup.,22,14,8,0,0.7171498700030252,0.7171498700030252,Murray State,Tennessee State,4,5,NA,290620093,2009-03-03
88,1,10:17,1817,1817,Ivan Aska Offensive Rebound.,22,14,8,3,0.7171498700030252,0.7171498700030252,Murray State,Tennessee State,4,5,NA,290620093,2009-03-03
89,1,10:14,1814,1814,Ivan Aska missed Two Point Layup.,22,14,8,0,0.7174081186139059,0.7174081186139059,Murray State,Tennessee State,4,5,NA,290620093,2009-03-03
90,1,10:14,1814,1814,Danero Thomas Offensive Rebound.,22,14,8,3,0.7174081186139059,0.7174081186139059,Murray State,Tennessee State,4,5,NA,290620093,2009-03-03
91,1,10:11,1811,1811,Tony Easley missed Two Point Dunk Shot.,22,14,8,0,0.7176665988181532,0.7176665988181532,Murray State,Tennessee State,4,5,NA,290620093,2009-03-03
92,1,10:11,1811,1811,Kevin Thomas Offensive Rebound.,22,14,8,3,0.7176665988181532,0.7176665988181532,Murray State,Tennessee State,4,5,NA,290620093,2009-03-03
93,1,10:08,1808,1808,Foul on Parker Smith,22,14,8,0,0.7179253235341124,0.7179253235341124,Murray State,Tennessee State,4,5,NA,290620093,2009-03-03
94,1,10:08,1808,1808,Kevin Thomas made Free Throw.,23,14,9,0,0.740960724085189,0.740960724085189,Murray State,Tennessee State,4,5,NA,290620093,2009-03-03
95,1,10:08,1808,1808,Kevin Thomas made Free Throw.,24,14,10,11,0.7627366543246825,0.7627366543246825,Murray State,Tennessee State,4,5,NA,290620093,2009-03-03
96,1,9:57,1797,1797,Kierra Goodwin missed Two Point Jumper.,24,14,10,0,0.7637983672765496,0.7637983672765496,Murray State,Tennessee State,4,5,NA,290620093,2009-03-03
97,1,9:57,1797,1797,Ladona Pierce Offensive Rebound.,24,14,10,2,0.7637983672765496,0.7637983672765496,Murray State,Tennessee State,4,5,NA,290620093,2009-03-03
98,1,9:55,1795,1795,Ladona Pierce made Two Point Layup.,24,16,8,12,0.7190496031566715,0.7190496031566715,Murray State,Tennessee State,4,5,NA,290620093,2009-03-03
99,1,9:43,1783,1783,Isacc Miles missed Three Point Jumper.,24,16,8,0,0.7200925898928009,0.7200925898928009,Murray State,Tennessee State,4,5,NA,290620093,2009-03-03
100,1,9:43,1783,1783,Tony Easley Offensive Rebound.,24,16,8,4,0.7200925898928009,0.7200925898928009,Murray State,Tennessee State,4,5,NA,290620093,2009-03-03
101,1,9:39,1779,1779,Tony Easley made Two Point Layup.,26,16,10,0,0.7655434761116233,0.7655434761116233,Murray State,Tennessee State,4,5,NA,290620093,2009-03-03
102,1,9:39,1779,1779,Foul on Ladona Pierce,26,16,10,0,0.7655434761116233,0.7655434761116233,Murray State,Tennessee State,4,5,NA,290620093,2009-03-03
103,1,9:39,1779,1779,Tony Easley made Free Throw.,27,16,11,18,0.7861121105748924,0.7861121105748924,Murray State,Tennessee State,4,5,NA,290620093,2009-03-03
104,1,9:21,1761,1761,Charisse Hicks missed Two Point Jumper.,27,16,11,0,0.7879220715576069,0.7879220715576069,Murray State,Tennessee State,4,5,NA,290620093,2009-03-03
105,1,9:21,1761,1761,Isacc Miles Defensive Rebound.,27,16,11,2,0.7879220715576069,0.7879220715576069,Murray State,Tennessee State,4,5,NA,290620093,2009-03-03
106,1,9:19,1759,1759,Foul on Gerald Robinson Jr.,27,16,11,0,0.7881239747427143,0.7881239747427143,Murray State,Tennessee State,4,5,NA,290620093,2009-03-03
107,1,9:19,1759,1759,Isacc Miles missed Free Throw.,27,16,11,0,0.7881239747427143,0.7881239747427143,Murray State,Tennessee State,4,5,NA,290620093,2009-03-03
108,1,9:19,1759,1759,Kierra Goodwin Defensive Rebound.,27,16,11,29,0.7881239747427143,0.7881239747427143,Murray State,Tennessee State,4,5,NA,290620093,2009-03-03
109,1,8:50,1730,1730,Kierra Goodwin made Two Point Jumper.,27,18,9,11,0.7482558988459663,0.7482558988459663,Murray State,Tennessee State,4,5,NA,290620093,2009-03-03
110,1,8:39,1719,1719,Tony Easley missed Two Point Layup.,27,18,9,0,0.7493108171528536,0.7493108171528536,Murray State,Tennessee State,4,5,NA,290620093,2009-03-03
111,1,8:39,1719,1719,Gerald Robinson Jr. Block.,27,18,9,2,0.7493108171528536,0.7493108171528536,Murray State,Tennessee State,4,5,NA,290620093,2009-03-03
112,1,8:37,1717,1717,Kierra Goodwin Defensive Rebound.,27,18,9,3,0.7495034979434424,0.7495034979434424,Murray State,Tennessee State,4,5,NA,290620093,2009-03-03
113,1,8:34,1714,1714,Chelsea Cromartie missed Two Point Layup.,27,18,9,0,0.7497930434634539,0.7497930434634539,Murray State,Tennessee State,4,5,NA,290620093,2009-03-03
114,1,8:34,1714,1714,Ladona Pierce Offensive Rebound.,27,18,9,4,0.7497930434634539,0.7497930434634539,Murray State,Tennessee State,4,5,NA,290620093,2009-03-03
115,1,8:30,1710,1710,Ladona Pierce made Two Point Dunk Shot.,27,20,7,18,0.7016617400713406,0.7016617400713406,Murray State,Tennessee State,4,5,NA,290620093,2009-03-03
116,1,8:12,1692,1692,Tony Easley missed Two Point Layup.,27,20,7,0,0.7031891499287186,0.7031891499287186,Murray State,Tennessee State,4,5,NA,290620093,2009-03-03
117,1,8:12,1692,1692,Murray State Offensive Rebound.,27,20,7,21,0.7031891499287186,0.7031891499287186,Murray State,Tennessee State,4,5,NA,290620093,2009-03-03
118,1,7:51,1671,1671,Kevin Thomas missed Three Point Jumper.,27,20,7,0,0.7049627963854463,0.7049627963854463,Murray State,Tennessee State,4,5,NA,290620093,2009-03-03
119,1,7:51,1671,1671,Kierra Goodwin Defensive Rebound.,27,20,7,10,0.7049627963854463,0.7049627963854463,Murray State,Tennessee State,4,5,NA,290620093,2009-03-03
120,1,7:41,1661,1661,Ladona Pierce made Two Point Jumper.,27,22,5,22,0.6513569235575013,0.6513569235575013,Murray State,Tennessee State,4,5,NA,290620093,2009-03-03
121,1,7:19,1639,1639,Tony Easley made Two Point Layup.  Assisted by Kevin Thomas.,29,22,7,14,0.7075673281951343,0.7075673281951343,Murray State,Tennessee State,4,5,NA,290620093,2009-03-03
122,1,7:05,1625,1625,Ladona Pierce missed Three Point Jumper.,29,22,7,0,0.7086810623382486,0.7086810623382486,Murray State,Tennessee State,4,5,NA,290620093,2009-03-03
123,1,7:05,1625,1625,Jeffery McClain Defensive Rebound.,29,22,7,11,0.7086810623382486,0.7086810623382486,Murray State,Tennessee State,4,5,NA,290620093,2009-03-03
124,1,6:54,1614,1614,Kevin Thomas made Two Point Layup.  Assisted by Isacc Miles.,31,22,9,11,0.7592177263685268,0.7592177263685268,Murray State,Tennessee State,4,5,NA,290620093,2009-03-03
125,1,6:43,1603,1603,Gerald Robinson Jr. made Three Point Jumper.  Assisted by Nikki Rumph.,31,25,6,30,0.6833470549086698,0.6833470549086698,Murray State,Tennessee State,4,5,NA,290620093,2009-03-03
126,1,6:13,1573,1573,Danero Thomas made Two Point Jumper.,33,25,8,9,0.7386028359779442,0.7386028359779442,Murray State,Tennessee State,4,5,NA,290620093,2009-03-03
127,1,6:04,1564,1564,Nikki Rumph missed Three Point Jumper.,33,25,8,0,0.7393691706327001,0.7393691706327001,Murray State,Tennessee State,4,5,NA,290620093,2009-03-03
128,1,6:04,1564,1564,Isacc Miles Defensive Rebound.,33,25,8,23,0.7393691706327001,0.7393691706327001,Murray State,Tennessee State,4,5,NA,290620093,2009-03-03
129,1,5:41,1541,1541,Kevin Thomas missed Two Point Layup.,33,25,8,0,0.7413482164118131,0.7413482164118131,Murray State,Tennessee State,4,5,NA,290620093,2009-03-03
130,1,5:41,1541,1541,Jeffery McClain Offensive Rebound.,33,25,8,2,0.7413482164118131,0.7413482164118131,Murray State,Tennessee State,4,5,NA,290620093,2009-03-03
131,1,5:39,1539,1539,Foul on Kierra Goodwin,33,25,8,0,0.7415221739996535,0.7415221739996535,Murray State,Tennessee State,4,5,NA,290620093,2009-03-03
132,1,5:39,1539,1539,Murray State Full Timeout.,33,25,8,0,0.7415221739996535,0.7415221739996535,Murray State,Tennessee State,3,5,NA,290620093,2009-03-03
133,1,5:39,1539,1539,Jeffery McClain missed Free Throw.,33,25,8,0,0.7415221739996535,0.7415221739996535,Murray State,Tennessee State,3,5,NA,290620093,2009-03-03
134,1,5:39,1539,1539,null,33,25,8,0,0.7415221739996535,0.7415221739996535,Murray State,Tennessee State,3,5,NA,290620093,2009-03-03
135,1,5:39,1539,1539,Jeffery McClain made Free Throw.,34,25,9,22,0.7659589496463104,0.7659589496463104,Murray State,Tennessee State,3,5,NA,290620093,2009-03-03
136,1,5:17,1517,1517,Gerald Robinson Jr. Turnover.,34,25,9,29,0.7679989798443327,0.7679989798443327,Murray State,Tennessee State,3,5,NA,290620093,2009-03-03
137,1,4:48,1488,1488,Ivan Aska made Two Point Jumper.,36,25,11,14,0.8149107713102146,0.8149107713102146,Murray State,Tennessee State,3,5,NA,290620093,2009-03-03
138,1,4:34,1474,1474,Foul on Gershom Jordan,36,25,11,0,0.8163638375068204,0.8163638375068204,Murray State,Tennessee State,3,5,NA,290620093,2009-03-03
139,1,4:34,1474,1474,Gershom Jordan Turnover.,36,25,11,17,0.8163638375068204,0.8163638375068204,Murray State,Tennessee State,3,5,NA,290620093,2009-03-03
140,1,4:17,1457,1457,Jeffery McClain missed Two Point Layup.,36,25,11,0,0.818178248552663,0.818178248552663,Murray State,Tennessee State,3,5,NA,290620093,2009-03-03
141,1,4:17,1457,1457,Ivan Aska Offensive Rebound.,36,25,11,2,0.818178248552663,0.818178248552663,Murray State,Tennessee State,3,5,NA,290620093,2009-03-03
142,1,4:15,1455,1455,Ivan Aska made Two Point Layup.,38,25,13,10,0.8556036576336434,0.8556036576336434,Murray State,Tennessee State,3,5,NA,290620093,2009-03-03
143,1,4:05,1445,1445,Foul on Matt Fraliex,38,25,13,0,0.8566770721923257,0.8566770721923257,Murray State,Tennessee State,3,5,NA,290620093,2009-03-03
144,1,4:05,1445,1445,Emmanuel Gaiter made Free Throw.,38,26,12,0,0.8389485193205386,0.8389485193205386,Murray State,Tennessee State,3,5,NA,290620093,2009-03-03
145,1,4:05,1445,1445,Emmanuel Gaiter missed Free Throw.,38,26,12,0,0.8389485193205386,0.8389485193205386,Murray State,Tennessee State,3,5,NA,290620093,2009-03-03
146,1,4:05,1445,1445,Ivan Aska Defensive Rebound.,38,26,12,19,0.8389485193205386,0.8389485193205386,Murray State,Tennessee State,3,5,NA,290620093,2009-03-03
147,1,3:46,1426,1426,Ivan Aska Turnover.,38,26,12,1,0.8409528180804973,0.8409528180804973,Murray State,Tennessee State,3,5,NA,290620093,2009-03-03
148,1,3:45,1425,1425,Kierra Goodwin Steal.,38,26,12,4,0.8410557825722151,0.8410557825722151,Murray State,Tennessee State,3,5,NA,290620093,2009-03-03
149,1,3:41,1421,1421,Ladona Pierce made Two Point Dunk Shot.  Assisted by Nikki Rumph.,38,28,10,30,0.8007481141698456,0.8007481141698456,Murray State,Tennessee State,3,5,NA,290620093,2009-03-03
150,1,3:11,1391,1391,Tyler Holloway missed Three Point Jumper.,38,28,10,0,0.8037218898588688,0.8037218898588688,Murray State,Tennessee State,3,5,NA,290620093,2009-03-03
151,1,3:11,1391,1391,Kierra Goodwin Defensive Rebound.,38,28,10,8,0.8037218898588688,0.8037218898588688,Murray State,Tennessee State,3,5,NA,290620093,2009-03-03
152,1,3:03,1383,1383,Nikki Rumph made Two Point Jumper.,38,30,8,4,0.7561538010875464,0.7561538010875464,Murray State,Tennessee State,3,5,NA,290620093,2009-03-03
153,1,2:59,1379,1379,Murray State 30 Second Timeout.,38,30,8,27,0.7565149747855058,0.7565149747855058,Murray State,Tennessee State,3,4,NA,290620093,2009-03-03
154,1,2:32,1352,1352,Ivan Aska made Two Point Jumper.  Assisted by Isacc Miles.,40,30,10,14,0.807462688820757,0.807462688820757,Murray State,Tennessee State,3,4,NA,290620093,2009-03-03
155,1,2:18,1338,1338,Kierra Goodwin made Two Point Jumper.,40,32,8,22,0.760204424825463,0.760204424825463,Murray State,Tennessee State,3,4,NA,290620093,2009-03-03
156,1,1:56,1316,1316,Kevin Thomas Turnover.,40,32,8,1,0.7622187000589619,0.7622187000589619,Murray State,Tennessee State,3,4,NA,290620093,2009-03-03
157,1,1:55,1315,1315,Kierra Goodwin Steal.,40,32,8,9,0.7623115169697059,0.7623115169697059,Murray State,Tennessee State,3,4,NA,290620093,2009-03-03
158,1,1:46,1306,1306,Emmanuel Gaiter made Two Point Layup.  Assisted by Nikki Rumph.,40,34,6,15,0.7063108578772208,0.7063108578772208,Murray State,Tennessee State,3,4,NA,290620093,2009-03-03
159,1,1:31,1291,1291,Kevin Thomas made Three Point Jumper.  Assisted by Isacc Miles.,43,34,9,14,0.7900504831326787,0.7900504831326787,Murray State,Tennessee State,3,4,NA,290620093,2009-03-03
160,1,1:17,1277,1277,Nikki Rumph made Two Point Jumper.,43,36,7,28,0.7383549381650489,0.7383549381650489,Murray State,Tennessee State,3,4,NA,290620093,2009-03-03
161,1,0:49,1249,1249,Ivan Aska made Two Point Layup.  Assisted by Kevin Thomas.,45,36,9,20,0.7944717393183895,0.7944717393183895,Murray State,Tennessee State,3,4,NA,290620093,2009-03-03
162,1,0:29,1229,1229,Emmanuel Gaiter made Two Point Jumper.  Assisted by Kierra Goodwin.,45,38,7,29,0.7431770793905463,0.7431770793905463,Murray State,Tennessee State,3,4,NA,290620093,2009-03-03
163,1,0:00,1200,1200,Tyler Holloway missed Three Point Jumper.,45,38,7,0,0.7464201950257411,0.7464201950257411,Murray State,Tennessee State,3,4,NA,290620093,2009-03-03
164,1,0:00,1200,1200,null,45,38,7,0,0.7464201950257411,0.7464201950257411,Murray State,Tennessee State,3,4,NA,290620093,2009-03-03
165,1,0:00,1200,1200,End of the 1st Half.,45,38,7,0,0.7464201950257411,0.7464201950257411,Murray State,Tennessee State,3,4,NA,290620093,2009-03-03
166,2,20:00,1200,1200,PLAY,45,38,7,15,0.7464201950257411,0.7464201950257411,Murray State,Tennessee State,3,4,NA,290620093,2009-03-03
167,2,19:45,1185,1185,Jerrell Houston made Two Point Jumper.  Assisted by Darius Cox.,45,40,5,16,0.6851186386474355,0.6851186386474355,Murray State,Tennessee State,3,4,NA,290620093,2009-03-03
168,2,19:29,1169,1169,Foul on Isacc Miles,45,40,5,0,0.6865205087489733,0.6865205087489733,Murray State,Tennessee State,3,4,NA,290620093,2009-03-03
169,2,19:29,1169,1169,Isacc Miles Turnover.,45,40,5,18,0.6865205087489733,0.6865205087489733,Murray State,Tennessee State,3,4,NA,290620093,2009-03-03
170,2,19:11,1151,1151,Jerrell Houston missed Two Point Jumper.,45,40,5,0,0.6880668049768109,0.6880668049768109,Murray State,Tennessee State,3,4,NA,290620093,2009-03-03
171,2,19:11,1151,1151,Danero Thomas Defensive Rebound.,45,40,5,27,0.6880668049768109,0.6880668049768109,Murray State,Tennessee State,3,4,NA,290620093,2009-03-03
172,2,18:44,1124,1124,Isacc Miles Turnover.,45,40,5,1,0.6903615885161296,0.6903615885161296,Murray State,Tennessee State,3,4,NA,290620093,2009-03-03
173,2,18:43,1123,1123,Darius Cox Steal.,45,40,5,2,0.6904466406852914,0.6904466406852914,Murray State,Tennessee State,3,4,NA,290620093,2009-03-03
174,2,18:41,1121,1121,Gerald Robinson Jr. made Two Point Layup.  Assisted by Darius Cox.,45,42,3,0,0.6181734917981824,0.6181734917981824,Murray State,Tennessee State,3,4,NA,290620093,2009-03-03
175,2,18:41,1121,1121,Foul on Danero Thomas,45,42,3,0,0.6181734917981824,0.6181734917981824,Murray State,Tennessee State,3,4,NA,290620093,2009-03-03
176,2,18:41,1121,1121,Gerald Robinson Jr. missed Free Throw.,45,42,3,0,0.6181734917981824,0.6181734917981824,Murray State,Tennessee State,3,4,NA,290620093,2009-03-03
177,2,18:41,1121,1121,Tony Easley Defensive Rebound.,45,42,3,18,0.6181734917981824,0.6181734917981824,Murray State,Tennessee State,3,4,NA,290620093,2009-03-03
178,2,18:23,1103,1103,Foul on Darius Cox,45,42,3,0,0.6191960983582185,0.6191960983582185,Murray State,Tennessee State,3,4,NA,290620093,2009-03-03
179,2,18:23,1103,1103,Danero Thomas made Free Throw.,46,42,4,0,0.6566009559980501,0.6566009559980501,Murray State,Tennessee State,3,4,NA,290620093,2009-03-03
180,2,18:23,1103,1103,Danero Thomas made Free Throw.,47,42,5,24,0.6921583263713782,0.6921583263713782,Murray State,Tennessee State,3,4,NA,290620093,2009-03-03
181,2,17:59,1079,1079,Gerald Robinson Jr. missed Two Point Jumper.,47,42,5,0,0.6942618039410059,0.6942618039410059,Murray State,Tennessee State,3,4,NA,290620093,2009-03-03
182,2,17:59,1079,1079,Emmanuel Gaiter Offensive Rebound.,47,42,5,4,0.6942618039410059,0.6942618039410059,Murray State,Tennessee State,3,4,NA,290620093,2009-03-03
183,2,17:55,1075,1075,Emmanuel Gaiter made Two Point Layup.,47,44,3,17,0.620832983822641,0.620832983822641,Murray State,Tennessee State,3,4,NA,290620093,2009-03-03
184,2,17:38,1058,1058,Foul on Jerrell Houston,47,44,3,14,0.6218695852712973,0.6218695852712973,Murray State,Tennessee State,3,4,NA,290620093,2009-03-03
185,2,17:24,1044,1044,Danero Thomas missed Two Point Layup.,47,44,3,0,0.6227556429652237,0.6227556429652237,Murray State,Tennessee State,3,4,NA,290620093,2009-03-03
186,2,17:24,1044,1044,Tony Easley Offensive Rebound.,47,44,3,2,0.6227556429652237,0.6227556429652237,Murray State,Tennessee State,3,4,NA,290620093,2009-03-03
187,2,17:22,1042,1042,Tony Easley missed Two Point Layup.,47,44,3,0,0.6228849437385835,0.6228849437385835,Murray State,Tennessee State,3,4,NA,290620093,2009-03-03
188,2,17:22,1042,1042,Darius Cox Defensive Rebound.,47,44,3,34,0.6228849437385835,0.6228849437385835,Murray State,Tennessee State,3,4,NA,290620093,2009-03-03
189,2,16:48,1008,1008,Gerald Robinson Jr. made Two Point Layup.  Assisted by Jerrell Houston.,47,46,1,3,0.5425390898677398,0.5425390898677398,Murray State,Tennessee State,3,4,NA,290620093,2009-03-03
190,2,16:45,1005,1005,Tony Easley Turnover.,47,46,1,0,0.5426158388572204,0.5426158388572204,Murray State,Tennessee State,3,4,NA,290620093,2009-03-03
191,2,16:45,1005,1005,Gerald Robinson Jr. Steal.,47,46,1,0,0.5426158388572204,0.5426158388572204,Murray State,Tennessee State,3,4,NA,290620093,2009-03-03
192,2,16:45,1005,1005,Gerald Robinson Jr. made Two Point Layup.,47,48,-1,0,0.4573841611427797,0.4573841611427797,Murray State,Tennessee State,3,4,NA,290620093,2009-03-03
193,2,16:45,1005,1005,Isacc Miles missed Three Point Jumper.,47,48,-1,0,0.4573841611427797,0.4573841611427797,Murray State,Tennessee State,3,4,NA,290620093,2009-03-03
194,2,16:45,1005,1005,Jeffery McClain Offensive Rebound.,47,48,-1,63,0.4573841611427797,0.4573841611427797,Murray State,Tennessee State,3,4,NA,290620093,2009-03-03
195,2,15:42,942,942,Isacc Miles made Two Point Layup.,49,48,1,27,0.544334862371342,0.544334862371342,Murray State,Tennessee State,3,4,NA,290620093,2009-03-03
196,2,15:15,915,915,Jerrell Houston missed Two Point Layup.,49,48,1,0,0.5449775020843145,0.5449775020843145,Murray State,Tennessee State,3,4,NA,290620093,2009-03-03
197,2,15:15,915,915,Danero Thomas Defensive Rebound.,49,48,1,9,0.5449775020843145,0.5449775020843145,Murray State,Tennessee State,3,4,NA,290620093,2009-03-03
198,2,15:06,906,906,Tyler Holloway made Three Point Jumper.  Assisted by Danero Thomas.,52,48,4,11,0.6736727889225639,0.6736727889225639,Murray State,Tennessee State,3,4,NA,290620093,2009-03-03
199,2,14:55,895,895,Jeremiah Crutcher missed Three Point Jumper.,52,48,4,0,0.6745284222456912,0.6745284222456912,Murray State,Tennessee State,3,4,NA,290620093,2009-03-03
200,2,14:55,895,895,Tony Easley Defensive Rebound.,52,48,4,20,0.6745284222456912,0.6745284222456912,Murray State,Tennessee State,3,4,NA,290620093,2009-03-03
201,2,14:35,875,875,Jeffery McClain missed Two Point Jumper.,52,48,4,0,0.6760599061483475,0.6760599061483475,Murray State,Tennessee State,3,4,NA,290620093,2009-03-03
202,2,14:35,875,875,Tony Easley Offensive Rebound.,52,48,4,4,0.6760599061483475,0.6760599061483475,Murray State,Tennessee State,3,4,NA,290620093,2009-03-03
203,2,14:31,871,871,Tony Easley made Two Point Layup.,54,48,6,20,0.7513236812784274,0.7513236812784274,Murray State,Tennessee State,3,4,NA,290620093,2009-03-03
204,2,14:11,851,851,Emmanuel Gaiter Turnover.,54,48,6,1,0.7533157936163957,0.7533157936163957,Murray State,Tennessee State,3,4,NA,290620093,2009-03-03
205,2,14:10,850,850,Jeffery McClain Steal.,54,48,6,3,0.7534174617688082,0.7534174617688082,Murray State,Tennessee State,3,4,NA,290620093,2009-03-03
206,2,14:07,847,847,Tyler Holloway made Three Point Jumper.  Assisted by Jeffery McClain.,57,48,9,11,0.8426210341413813,0.8426210341413813,Murray State,Tennessee State,3,4,NA,290620093,2009-03-03
207,2,13:56,836,836,Jeremiah Crutcher Turnover.,57,48,9,0,0.8438493355486423,0.8438493355486423,Murray State,Tennessee State,3,4,NA,290620093,2009-03-03
208,2,13:56,836,836,Murray State Full Timeout.,57,48,9,23,0.8438493355486423,0.8438493355486423,Murray State,Tennessee State,2,4,NA,290620093,2009-03-03
209,2,13:33,813,813,Kevin Thomas missed Two Point Jumper.,57,48,9,0,0.8465770336675871,0.8465770336675871,Murray State,Tennessee State,2,4,NA,290620093,2009-03-03
210,2,13:33,813,813,Jerrell Houston Defensive Rebound.,57,48,9,20,0.8465770336675871,0.8465770336675871,Murray State,Tennessee State,2,4,NA,290620093,2009-03-03
211,2,13:13,793,793,Emmanuel Gaiter made Two Point Jumper.  Assisted by Jeremiah Crutcher.,57,50,7,26,0.7931795967780942,0.7931795967780942,Murray State,Tennessee State,2,4,NA,290620093,2009-03-03
212,2,12:47,767,767,Isacc Miles made Two Point Jumper.,59,50,9,22,0.8530256136438418,0.8530256136438418,Murray State,Tennessee State,2,4,NA,290620093,2009-03-03
213,2,12:25,745,745,Gerald Robinson Jr. missed Three Point Jumper.,59,50,9,0,0.8567431486423457,0.8567431486423457,Murray State,Tennessee State,2,4,NA,290620093,2009-03-03
214,2,12:25,745,745,Isacc Miles Defensive Rebound.,59,50,9,9,0.8567431486423457,0.8567431486423457,Murray State,Tennessee State,2,4,NA,290620093,2009-03-03
215,2,12:16,736,736,Ivan Aska made Two Point Layup.  Assisted by Isacc Miles.,61,50,11,18,0.9004797009414182,0.9004797009414182,Murray State,Tennessee State,2,4,NA,290620093,2009-03-03
216,2,11:58,718,718,Jerrell Houston Turnover.,61,50,11,1,0.9035190995231114,0.9035190995231114,Murray State,Tennessee State,2,4,NA,290620093,2009-03-03
217,2,11:57,717,717,Isacc Miles Steal.,61,50,11,0,0.9036762485960826,0.9036762485960826,Murray State,Tennessee State,2,4,NA,290620093,2009-03-03
218,2,11:57,717,717,Foul on Jerrell Houston,61,50,11,0,0.9036762485960826,0.9036762485960826,Murray State,Tennessee State,2,4,NA,290620093,2009-03-03
219,2,11:57,717,717,Murray State Full Timeout.,61,50,11,15,0.9036762485960826,0.9036762485960826,Murray State,Tennessee State,1,4,NA,290620093,2009-03-03
220,2,11:42,702,702,Danero Thomas Turnover.,61,50,11,29,0.9058880015493885,0.9058880015493885,Murray State,Tennessee State,1,4,NA,290620093,2009-03-03
221,2,11:13,673,673,Darius Cox made Two Point Jumper.  Assisted by Wil Peters.,61,52,9,18,0.8686633928468586,0.8686633928468586,Murray State,Tennessee State,1,4,NA,290620093,2009-03-03
222,2,10:55,655,655,Tyler Holloway Turnover.,61,52,9,1,0.8711118345708525,0.8711118345708525,Murray State,Tennessee State,1,4,NA,290620093,2009-03-03
223,2,10:54,654,654,Gerald Robinson Jr. Steal.,61,52,9,1,0.871247555842051,0.871247555842051,Murray State,Tennessee State,1,4,NA,290620093,2009-03-03
224,2,10:53,653,653,Gerald Robinson Jr. made Two Point Dunk Shot.,61,54,7,34,0.8157899622454146,0.8157899622454146,Murray State,Tennessee State,1,4,NA,290620093,2009-03-03
225,2,10:19,619,619,Foul on Darius Cox,61,54,7,1,0.8208617494375461,0.8208617494375461,Murray State,Tennessee State,1,4,NA,290620093,2009-03-03
226,2,10:18,618,618,Matt Fraliex missed Three Point Jumper.,61,54,7,0,0.8210230030421017,0.8210230030421017,Murray State,Tennessee State,1,4,NA,290620093,2009-03-03
227,2,10:18,618,618,Jeffery McClain Offensive Rebound.,61,54,7,3,0.8210230030421017,0.8210230030421017,Murray State,Tennessee State,1,4,NA,290620093,2009-03-03
228,2,10:15,615,615,Jeffery McClain missed Two Point Layup.,61,54,7,0,0.8215125058006248,0.8215125058006248,Murray State,Tennessee State,1,4,NA,290620093,2009-03-03
229,2,10:15,615,615,Jerrell Houston Defensive Rebound.,61,54,7,26,0.8215125058006248,0.8215125058006248,Murray State,Tennessee State,1,4,NA,290620093,2009-03-03
230,2,9:49,589,589,Jerrell Houston made Two Point Jumper.,61,56,5,18,0.7527762610939478,0.7527762610939478,Murray State,Tennessee State,1,4,NA,290620093,2009-03-03
231,2,9:31,571,571,Foul on Jerrell Houston,61,56,5,0,0.7563183845023131,0.7563183845023131,Murray State,Tennessee State,1,4,NA,290620093,2009-03-03
232,2,9:31,571,571,Tony Easley missed Free Throw.,61,56,5,0,0.7563183845023131,0.7563183845023131,Murray State,Tennessee State,1,4,NA,290620093,2009-03-03
233,2,9:31,571,571,null,61,56,5,0,0.7563183845023131,0.7563183845023131,Murray State,Tennessee State,1,4,NA,290620093,2009-03-03
234,2,9:31,571,571,Tony Easley missed Free Throw.,61,56,5,0,0.7563183845023131,0.7563183845023131,Murray State,Tennessee State,1,4,NA,290620093,2009-03-03
235,2,9:31,571,571,Gerald Robinson Jr. Defensive Rebound.,61,56,5,10,0.7563183845023131,0.7563183845023131,Murray State,Tennessee State,1,4,NA,290620093,2009-03-03
236,2,9:21,561,561,Darius Cox missed Three Point Jumper.,61,56,5,0,0.7585285064228021,0.7585285064228021,Murray State,Tennessee State,1,4,NA,290620093,2009-03-03
237,2,9:21,561,561,Murray State Defensive Rebound.,61,56,5,13,0.7585285064228021,0.7585285064228021,Murray State,Tennessee State,1,4,NA,290620093,2009-03-03
238,2,9:08,548,548,Kevin Thomas made Three Point Jumper.  Assisted by Isacc Miles.,64,56,8,21,0.8651907426839521,0.8651907426839521,Murray State,Tennessee State,1,4,NA,290620093,2009-03-03
239,2,8:47,527,527,Wil Peters missed Two Point Jumper.,64,56,8,0,0.8698559963636746,0.8698559963636746,Murray State,Tennessee State,1,4,NA,290620093,2009-03-03
240,2,8:47,527,527,Tony Easley Defensive Rebound.,64,56,8,9,0.8698559963636746,0.8698559963636746,Murray State,Tennessee State,1,4,NA,290620093,2009-03-03
241,2,8:38,518,518,Matt Fraliex Turnover.,64,56,8,11,0.8715674502103894,0.8715674502103894,Murray State,Tennessee State,1,4,NA,290620093,2009-03-03
242,2,8:27,507,507,Emmanuel Gaiter made Two Point Jumper.  Assisted by Gerald Robinson Jr..,64,58,6,25,0.8099165309602705,0.8099165309602705,Murray State,Tennessee State,1,4,NA,290620093,2009-03-03
243,2,8:02,482,482,Foul on Gershom Jordan,64,58,6,0,0.8146130914189743,0.8146130914189743,Murray State,Tennessee State,1,4,NA,290620093,2009-03-03
244,2,8:02,482,482,Tony Easley made Free Throw.,65,58,7,0,0.8490256699117849,0.8490256699117849,Murray State,Tennessee State,1,4,NA,290620093,2009-03-03
245,2,8:02,482,482,Tony Easley missed Free Throw.,65,58,7,0,0.8490256699117849,0.8490256699117849,Murray State,Tennessee State,1,4,NA,290620093,2009-03-03
246,2,8:02,482,482,Emmanuel Gaiter Defensive Rebound.,65,58,7,14,0.8490256699117849,0.8490256699117849,Murray State,Tennessee State,1,4,NA,290620093,2009-03-03
247,2,7:48,468,468,Gerald Robinson Jr. made Two Point Layup.  Assisted by Jeremiah Crutcher.,65,60,5,25,0.7772998893693933,0.7772998893693933,Murray State,Tennessee State,1,4,NA,290620093,2009-03-03
248,2,7:23,443,443,Ivan Aska made Two Point Jumper.,67,60,7,17,0.858390104259,0.858390104259,Murray State,Tennessee State,1,4,NA,290620093,2009-03-03
249,2,7:06,426,426,Foul on Danero Thomas,67,60,7,0,0.8639426899449909,0.8639426899449909,Murray State,Tennessee State,1,4,NA,290620093,2009-03-03
250,2,7:06,426,426,Tennessee State Full Timeout.,67,60,7,0,0.8639426899449909,0.8639426899449909,Murray State,Tennessee State,1,3,NA,290620093,2009-03-03
251,2,7:06,426,426,Emmanuel Gaiter made Free Throw.,67,61,6,0,0.829822353919352,0.829822353919352,Murray State,Tennessee State,1,3,NA,290620093,2009-03-03
252,2,7:06,426,426,Emmanuel Gaiter missed Free Throw.,67,61,6,0,0.829822353919352,0.829822353919352,Murray State,Tennessee State,1,3,NA,290620093,2009-03-03
253,2,7:06,426,426,Darius Cox Offensive Rebound.,67,61,6,11,0.829822353919352,0.829822353919352,Murray State,Tennessee State,1,3,NA,290620093,2009-03-03
254,2,6:55,415,415,Foul on Ivan Aska,67,61,6,0,0.8334489562221682,0.8334489562221682,Murray State,Tennessee State,1,3,NA,290620093,2009-03-03
255,2,6:55,415,415,Emmanuel Gaiter missed Free Throw.,67,61,6,0,0.8334489562221682,0.8334489562221682,Murray State,Tennessee State,1,3,NA,290620093,2009-03-03
256,2,6:55,415,415,null,67,61,6,0,0.8334489562221682,0.8334489562221682,Murray State,Tennessee State,1,3,NA,290620093,2009-03-03
257,2,6:55,415,415,Emmanuel Gaiter made Free Throw.,67,62,5,34,0.7928009392289727,0.7928009392289727,Murray State,Tennessee State,1,3,NA,290620093,2009-03-03
258,2,6:21,381,381,Foul on Isacc Miles,67,62,5,0,0.8028942327566038,0.8028942327566038,Murray State,Tennessee State,1,3,NA,290620093,2009-03-03
259,2,6:21,381,381,Isacc Miles Turnover.,67,62,5,10,0.8028942327566038,0.8028942327566038,Murray State,Tennessee State,1,3,NA,290620093,2009-03-03
260,2,6:11,371,371,Gerald Robinson Jr. made Three Point Jumper.,67,65,2,31,0.6386466350126926,0.6386466350126926,Murray State,Tennessee State,1,3,NA,290620093,2009-03-03
261,2,5:40,340,340,Foul on Stephen Evans,67,65,2,0,0.645095904143286,0.645095904143286,Murray State,Tennessee State,1,3,NA,290620093,2009-03-03
262,2,5:40,340,340,Tony Easley made Free Throw.,68,65,3,0,0.7101941342493129,0.7101941342493129,Murray State,Tennessee State,1,3,NA,290620093,2009-03-03
263,2,5:40,340,340,Tony Easley made Free Throw.,69,65,4,12,0.7676524512718775,0.7676524512718775,Murray State,Tennessee State,1,3,NA,290620093,2009-03-03
264,2,5:28,328,328,Tennessee State 30 Second Timeout.,69,65,4,7,0.7724251386701264,0.7724251386701264,Murray State,Tennessee State,1,2,NA,290620093,2009-03-03
265,2,5:21,321,321,Foul on Ivan Aska,69,65,4,0,0.7754898338979982,0.7754898338979982,Murray State,Tennessee State,1,2,NA,290620093,2009-03-03
266,2,5:21,321,321,Emmanuel Gaiter made Free Throw.,69,66,3,0,0.7170104437175672,0.7170104437175672,Murray State,Tennessee State,1,2,NA,290620093,2009-03-03
267,2,5:21,321,321,Emmanuel Gaiter missed Free Throw.,69,66,3,0,0.7170104437175672,0.7170104437175672,Murray State,Tennessee State,1,2,NA,290620093,2009-03-03
268,2,5:21,321,321,Ivan Aska Defensive Rebound.,69,66,3,23,0.7170104437175672,0.7170104437175672,Murray State,Tennessee State,1,2,NA,290620093,2009-03-03
269,2,4:58,298,298,Danero Thomas made Two Point Jumper.,71,66,5,15,0.8344804896771395,0.8344804896771395,Murray State,Tennessee State,1,2,NA,290620093,2009-03-03
270,2,4:43,283,283,Stephen Evans made Two Point Layup.  Assisted by Jeremiah Crutcher.,71,68,3,23,0.7258585064879686,0.7258585064879686,Murray State,Tennessee State,1,2,NA,290620093,2009-03-03
271,2,4:20,260,260,Foul on Emmanuel Gaiter,71,68,3,0,0.7224358471590752,0.7224358471590752,Murray State,Tennessee State,1,2,NA,290620093,2009-03-03
272,2,4:20,260,260,Danero Thomas made Free Throw.,72,68,4,0,0.7816717754753404,0.7816717754753404,Murray State,Tennessee State,1,2,NA,290620093,2009-03-03
273,2,4:20,260,260,Danero Thomas missed Free Throw.,72,68,4,0,0.7816717754753404,0.7816717754753404,Murray State,Tennessee State,1,2,NA,290620093,2009-03-03
274,2,4:20,260,260,Jerrell Houston Defensive Rebound.,72,68,4,17,0.7816717754753404,0.7816717754753404,Murray State,Tennessee State,1,2,NA,290620093,2009-03-03
275,2,4:03,243,243,Emmanuel Gaiter Turnover.,72,68,4,1,0.7788143460034225,0.7788143460034225,Murray State,Tennessee State,1,2,NA,290620093,2009-03-03
276,2,4:02,242,242,Isacc Miles Steal.,72,68,4,16,0.7787242857790659,0.7787242857790659,Murray State,Tennessee State,1,2,NA,290620093,2009-03-03
277,2,3:46,226,226,Danero Thomas made Two Point Layup.,74,68,6,9,0.8691754916510311,0.8691754916510311,Murray State,Tennessee State,1,2,NA,290620093,2009-03-03
278,2,3:37,217,217,Jeremiah Crutcher Turnover.,74,68,6,1,0.8719393409907313,0.8719393409907313,Murray State,Tennessee State,1,2,NA,290620093,2009-03-03
279,2,3:36,216,216,Danero Thomas Steal.,74,68,6,5,0.8723737638140947,0.8723737638140947,Murray State,Tennessee State,1,2,NA,290620093,2009-03-03
280,2,3:31,211,211,Kevin Thomas made Two Point Layup.  Assisted by Isacc Miles.,76,68,8,14,0.9304760540370636,0.9304760540370636,Murray State,Tennessee State,1,2,NA,290620093,2009-03-03
281,2,3:17,197,197,Gerald Robinson Jr. made Two Point Jumper.,76,70,6,30,0.8860235740471739,0.8860235740471739,Murray State,Tennessee State,1,2,NA,290620093,2009-03-03
282,2,2:47,167,167,Jeffery McClain made Two Point Layup.,78,70,8,13,0.9620012561695268,0.9620012561695268,Murray State,Tennessee State,1,2,NA,290620093,2009-03-03
283,2,2:34,154,154,Gerald Robinson Jr. missed Three Point Jumper.,78,70,8,0,0.9699245357682681,0.9699245357682681,Murray State,Tennessee State,1,2,NA,290620093,2009-03-03
284,2,2:34,154,154,Kevin Thomas Defensive Rebound.,78,70,8,28,0.9699245357682681,0.9699245357682681,Murray State,Tennessee State,1,2,NA,290620093,2009-03-03
285,2,2:06,126,126,Jeffery McClain made Two Point Layup.,80,70,10,0,0.9940351179974579,0.9940351179974579,Murray State,Tennessee State,1,2,NA,290620093,2009-03-03
286,2,2:06,126,126,Foul on Emmanuel Gaiter,80,70,10,0,0.9940351179974579,0.9940351179974579,Murray State,Tennessee State,1,2,NA,290620093,2009-03-03
287,2,2:06,126,126,Murray State Full Timeout.,80,70,10,0,0.9940351179974579,0.9940351179974579,Murray State,Tennessee State,0,2,NA,290620093,2009-03-03
288,2,2:06,126,126,Jeffery McClain made Free Throw.,81,70,11,5,0.9964152365580752,0.9964152365580752,Murray State,Tennessee State,0,2,NA,290620093,2009-03-03
289,2,2:01,121,121,Gerald Robinson Jr. Turnover.,81,70,11,0,0.9969990452381821,0.9969990452381821,Murray State,Tennessee State,0,2,NA,290620093,2009-03-03
290,2,2:01,121,121,Tennessee State 30 Second Timeout.,81,70,11,1,0.9969990452381821,0.9969990452381821,Murray State,Tennessee State,0,1,NA,290620093,2009-03-03
291,2,2:00,120,120,Foul on Lonnie Funderburke,81,70,11,0,0.9971071990072935,0.9971071990072935,Murray State,Tennessee State,0,1,NA,290620093,2009-03-03
292,2,2:00,120,120,Isacc Miles made Free Throw.,82,70,12,0,0.9982972075441261,0.9982972075441261,Murray State,Tennessee State,0,1,NA,290620093,2009-03-03
293,2,2:00,120,120,Isacc Miles made Free Throw.,83,70,13,12,0.99899817535498725,0.99899817535498725,Murray State,Tennessee State,0,1,NA,290620093,2009-03-03
294,2,1:48,108,108,Jeremiah Crutcher made Three Point Jumper.  Assisted by Emmanuel Gaiter.,83,73,10,14,0.9968034384506144,0.9968034384506144,Murray State,Tennessee State,0,1,NA,290620093,2009-03-03
295,2,1:34,94,94,Foul on Jeremiah Crutcher,83,73,10,0,0.998206646046968,0.998206646046968,Murray State,Tennessee State,0,1,NA,290620093,2009-03-03
296,2,1:34,94,94,Isacc Miles made Free Throw.,84,73,11,0,0.999046159699373,0.999046159699373,Murray State,Tennessee State,0,1,NA,290620093,2009-03-03
297,2,1:34,94,94,Isacc Miles missed Free Throw.,84,73,11,0,0.999046159699373,0.999046159699373,Murray State,Tennessee State,0,1,NA,290620093,2009-03-03
298,2,1:34,94,94,Darius Cox Defensive Rebound.,84,73,11,11,0.999046159699373,0.999046159699373,Murray State,Tennessee State,0,1,NA,290620093,2009-03-03
299,2,1:23,83,83,Foul on Ivan Aska,84,73,11,0,0.9994465148935096,0.9994465148935096,Murray State,Tennessee State,0,1,NA,290620093,2009-03-03
300,2,1:23,83,83,Jerrell Houston made Free Throw.,84,74,10,0,0.9989062186401162,0.9989062186401162,Murray State,Tennessee State,0,1,NA,290620093,2009-03-03
301,2,1:23,83,83,Jerrell Houston missed Free Throw.,84,74,10,0,0.9989062186401162,0.9989062186401162,Murray State,Tennessee State,0,1,NA,290620093,2009-03-03
302,2,1:23,83,83,Kevin Thomas Defensive Rebound.,84,74,10,1,0.9989062186401162,0.9989062186401162,Murray State,Tennessee State,0,1,NA,290620093,2009-03-03
303,2,1:22,82,82,Foul on Jeremiah Crutcher,84,74,10,0,0.9989556431587967,0.9989556431587967,Murray State,Tennessee State,0,1,NA,290620093,2009-03-03
304,2,1:22,82,82,Kevin Thomas missed Free Throw.,84,74,10,0,0.9989556431587967,0.9989556431587967,Murray State,Tennessee State,0,1,NA,290620093,2009-03-03
305,2,1:22,82,82,null,84,74,10,0,0.9989556431587967,0.9989556431587967,Murray State,Tennessee State,0,1,NA,290620093,2009-03-03
306,2,1:22,82,82,Kevin Thomas missed Free Throw.,84,74,10,0,0.9989556431587967,0.9989556431587967,Murray State,Tennessee State,0,1,NA,290620093,2009-03-03
307,2,1:22,82,82,Darius Cox Defensive Rebound.,84,74,10,8,0.9989556431587967,0.9989556431587967,Murray State,Tennessee State,0,1,NA,290620093,2009-03-03
308,2,1:14,74,74,Parker Smith missed Three Point Jumper.,84,74,10,0,0.9992871816217335,0.9992871816217335,Murray State,Tennessee State,0,1,NA,290620093,2009-03-03
309,2,1:14,74,74,Danero Thomas Defensive Rebound.,84,74,10,7,0.9992871816217335,0.9992871816217335,Murray State,Tennessee State,0,1,NA,290620093,2009-03-03
310,2,1:07,67,67,Foul on Jeremiah Crutcher,84,74,10,0,0.9994998796257678,0.9994998796257678,Murray State,Tennessee State,0,1,NA,290620093,2009-03-03
311,2,1:07,67,67,Isacc Miles missed Free Throw.,84,74,10,0,0.9994998796257678,0.9994998796257678,Murray State,Tennessee State,0,1,NA,290620093,2009-03-03
312,2,1:07,67,67,null,84,74,10,0,0.9994998796257678,0.9994998796257678,Murray State,Tennessee State,0,1,NA,290620093,2009-03-03
313,2,1:07,67,67,Isacc Miles made Free Throw.,85,74,11,4,0.9997660519835996,0.9997660519835996,Murray State,Tennessee State,0,1,NA,290620093,2009-03-03
314,2,1:03,63,63,Darius Cox missed Three Point Jumper.,85,74,11,0,0.9998139610397253,0.9998139610397253,Murray State,Tennessee State,0,1,NA,290620093,2009-03-03
315,2,1:03,63,63,Isacc Miles Defensive Rebound.,85,74,11,10,0.9998139610397253,0.9998139610397253,Murray State,Tennessee State,0,1,NA,290620093,2009-03-03
316,2,0:53,53,53,Foul on Parker Smith,85,74,11,0,0.9998972549091244,0.9998972549091244,Murray State,Tennessee State,0,1,NA,290620093,2009-03-03
317,2,0:53,53,53,Danero Thomas missed Free Throw.,85,74,11,0,0.9998972549091244,0.9998972549091244,Murray State,Tennessee State,0,1,NA,290620093,2009-03-03
318,2,0:53,53,53,null,85,74,11,0,0.9998972549091244,0.9998972549091244,Murray State,Tennessee State,0,1,NA,290620093,2009-03-03
319,2,0:53,53,53,Danero Thomas made Free Throw.,86,74,12,7,0.9999554114631157,0.9999554114631157,Murray State,Tennessee State,0,1,NA,290620093,2009-03-03
320,2,0:46,46,46,Jeremiah Crutcher missed Two Point Layup.,86,74,12,0,0.9999722883429456,0.9999722883429456,Murray State,Tennessee State,0,1,NA,290620093,2009-03-03
321,2,0:46,46,46,Danero Thomas Block.,86,74,12,2,0.9999722883429456,0.9999722883429456,Murray State,Tennessee State,0,1,NA,290620093,2009-03-03
322,2,0:44,44,44,Tennessee State Offensive Reboun.,86,74,12,1,0.9999759025740931,0.9999759025740931,Murray State,Tennessee State,0,1,NA,290620093,2009-03-03
323,2,0:43,43,43,Jerrell Houston missed Three Point Jumper.,86,74,12,0,0.9999775437421446,0.9999775437421446,Murray State,Tennessee State,0,1,NA,290620093,2009-03-03
324,2,0:43,43,43,Tennessee State Offensive Reboun.,86,74,12,9,0.9999775437421446,0.9999775437421446,Murray State,Tennessee State,0,1,NA,290620093,2009-03-03
325,2,0:34,34,34,Wil Peters missed Two Point Layup.,86,74,12,0,0.9999883110465111,0.9999883110465111,Murray State,Tennessee State,0,1,NA,290620093,2009-03-03
326,2,0:34,34,34,Jeffery McClain Defensive Rebound.,86,74,12,3,0.9999883110465111,0.9999883110465111,Murray State,Tennessee State,0,1,NA,290620093,2009-03-03
327,2,0:31,31,31,Foul on Gerald Robinson Jr.,86,74,12,0,0.9999906580280963,0.9999906580280963,Murray State,Tennessee State,0,1,NA,290620093,2009-03-03
328,2,0:31,31,31,Jeffery McClain made Free Throw.,87,74,13,0,0.9999964411368668,0.9999964411368668,Murray State,Tennessee State,0,1,NA,290620093,2009-03-03
329,2,0:31,31,31,Jeffery McClain made Free Throw.,88,74,14,4,0.9999986442411101,0.9999986442411101,Murray State,Tennessee State,0,1,NA,290620093,2009-03-03
330,2,0:27,27,27,Jeremiah Crutcher missed Three Point Jumper.,88,74,14,0,0.9999990481264566,0.9999990481264566,Murray State,Tennessee State,0,1,NA,290620093,2009-03-03
331,2,0:27,27,27,Kevin Thomas Defensive Rebound.,88,74,14,27,0.9999990481264566,0.9999990481264566,Murray State,Tennessee State,0,1,NA,290620093,2009-03-03
332,2,0:00,0,0,End Game,88,74,14,0,1,1,Murray State,Tennessee State,0,1,NA,290620093,2009-03-03
