play_id,half,time_remaining_half,secs_remaining,secs_remaining_absolute,description,home_score,away_score,score_diff,play_length,win_prob,naive_win_prob,home,away,home_time_out_remaining,away_time_out_remaining,home_favored_by,game_id,date
1,1,20:00,2400,2400,PLAY,0,0,0,24,0.7719360745098691,0.5,Albany,Stony Brook,4,4,7.6,400918622,2017-02-04
2,1,19:36,2376,2376,Devonte Campbell made Three Point Jumper. Assisted by David Nichols.,3,0,3,17,0.8152118244732536,0.5665789297853775,Albany,Stony Brook,4,4,7.6,400918622,2017-02-04
3,1,19:19,2359,2359,Lucas Woodhouse made Three Point Jumper. Assisted by Junior Saintel.,3,3,0,16,0.771040128509362,0.5,Albany,Stony Brook,4,4,7.6,400918622,2017-02-04
4,1,19:03,2343,2343,Foul on Devonte Campbell.,3,3,0,0,0.7706776928392062,0.5,Albany,Stony Brook,4,4,7.6,400918622,2017-02-04
5,1,19:03,2343,2343,Devonte Campbell Turnover.,3,3,0,22,0.7706776928392062,0.5,Albany,Stony Brook,4,4,7.6,400918622,2017-02-04
6,1,18:41,2321,2321,Roland Nyama missed Jumper.,3,3,0,0,0.7701671502565396,0.5,Albany,Stony Brook,4,4,7.6,400918622,2017-02-04
7,1,18:41,2321,2321,Mike Rowley Defensive Rebound.,3,3,0,6,0.7701671502565396,0.5,Albany,Stony Brook,4,4,7.6,400918622,2017-02-04
8,1,18:35,2315,2315,David Nichols missed Jumper.,3,3,0,0,0.7700254088619111,0.5,Albany,Stony Brook,4,4,7.6,400918622,2017-02-04
9,1,18:35,2315,2315,Lucas Woodhouse Defensive Rebound.,3,3,0,24,0.7700254088619111,0.5,Albany,Stony Brook,4,4,7.6,400918622,2017-02-04
10,1,18:11,2291,2291,Lucas Woodhouse Turnover.,3,3,0,12,0.7694474523454671,0.5,Albany,Stony Brook,4,4,7.6,400918622,2017-02-04
11,1,17:59,2279,2279,Joe Cremo missed Jumper.,3,3,0,0,0.769151749795939,0.5,Albany,Stony Brook,4,4,7.6,400918622,2017-02-04
12,1,17:59,2279,2279,Kameron Mitchell Block.,3,3,0,0,0.769151749795939,0.5,Albany,Stony Brook,4,4,7.6,400918622,2017-02-04
13,1,17:59,2279,2279,Albany Offensive Rebound.,3,3,0,17,0.769151749795939,0.5,Albany,Stony Brook,4,4,7.6,400918622,2017-02-04
14,1,17:42,2262,2262,Devonte Campbell missed Layup.,3,3,0,0,0.7687249760587612,0.5,Albany,Stony Brook,4,4,7.6,400918622,2017-02-04
15,1,17:42,2262,2262,Lucas Woodhouse Defensive Rebound.,3,3,0,29,0.7687249760587612,0.5,Albany,Stony Brook,4,4,7.6,400918622,2017-02-04
16,1,17:13,2233,2233,Roland Nyama missed Jumper.,3,3,0,0,0.7679751154500162,0.5,Albany,Stony Brook,4,4,7.6,400918622,2017-02-04
17,1,17:13,2233,2233,Junior Saintel Offensive Rebound.,3,3,0,4,0.7679751154500162,0.5,Albany,Stony Brook,4,4,7.6,400918622,2017-02-04
18,1,17:09,2229,2229,Junior Saintel made Layup.,3,5,-2,20,0.7319593803435669,0.4522129371098579,Albany,Stony Brook,4,4,7.6,400918622,2017-02-04
19,1,16:49,2209,2209,David Nichols Turnover.,3,5,-2,2,0.7310061118435156,0.4517556012186242,Albany,Stony Brook,4,4,7.6,400918622,2017-02-04
20,1,16:47,2207,2207,Roland Nyama Steal.,3,5,-2,3,0.7309097759233274,0.451709740701574,Albany,Stony Brook,4,4,7.6,400918622,2017-02-04
21,1,16:44,2204,2204,Roland Nyama made Dunk.,3,7,-4,16,0.6909285692353491,0.4041781761497037,Albany,Stony Brook,4,4,7.6,400918622,2017-02-04
22,1,16:28,2188,2188,David Nichols Turnover.,3,7,-4,1,0.6897648465138313,0.4034629531092715,Albany,Stony Brook,4,4,7.6,400918622,2017-02-04
23,1,16:27,2187,2187,Kameron Mitchell Steal.,3,7,-4,2,0.6896916238676746,0.4034181855741102,Albany,Stony Brook,4,4,7.6,400918622,2017-02-04
24,1,16:25,2185,2185,Kameron Mitchell made Layup.,3,9,-6,24,0.6461561826707025,0.3572265370109968,Albany,Stony Brook,4,4,7.6,400918622,2017-02-04
25,1,16:01,2161,2161,Foul on David Nichols.,3,9,-6,0,0.643745302137822,0.3556860546254519,Albany,Stony Brook,4,4,7.6,400918622,2017-02-04
26,1,16:01,2161,2161,David Nichols Turnover.,3,9,-6,25,0.643745302137822,0.3556860546254519,Albany,Stony Brook,4,4,7.6,400918622,2017-02-04
27,1,15:36,2136,2136,Lucas Woodhouse missed Three Point Jumper.,3,9,-6,0,0.6411887509714929,0.35407251521310246,Albany,Stony Brook,4,4,7.6,400918622,2017-02-04
28,1,15:36,2136,2136,Joe Cremo Defensive Rebound.,3,9,-6,2,0.6411887509714929,0.35407251521310246,Albany,Stony Brook,4,4,7.6,400918622,2017-02-04
29,1,15:34,2134,2134,Foul on Junior Saintel.,3,9,-6,1,0.6409821632243698,0.35394295270162895,Albany,Stony Brook,4,4,7.6,400918622,2017-02-04
30,1,15:33,2133,2133,Official TV Timeout,3,9,-6,22,0.6408787536679242,0.3538781436046453,Albany,Stony Brook,4,4,7.6,400918622,2017-02-04
31,1,15:11,2111,2111,David Nichols missed Jumper.,3,9,-6,0,0.6385840753778613,0.35244746629810614,Albany,Stony Brook,4,4,7.6,400918622,2017-02-04
32,1,15:11,2111,2111,Mike Rowley Offensive Rebound.,3,9,-6,4,0.6385840753778613,0.35244746629810614,Albany,Stony Brook,4,4,7.6,400918622,2017-02-04
33,1,15:07,2107,2107,Foul on Kameron Mitchell.,3,9,-6,11,0.6381627839936683,0.35218630061526435,Albany,Stony Brook,4,4,7.6,400918622,2017-02-04
34,1,14:56,2096,2096,Devonte Campbell made Layup. Assisted by Greig Stire.,5,9,-4,23,0.6827755884001009,0.39929584923148437,Albany,Stony Brook,4,4,7.6,400918622,2017-02-04
35,1,14:33,2073,2073,Junior Saintel missed Three Point Jumper.,5,9,-4,0,0.6809448732875601,0.3982331427836431,Albany,Stony Brook,4,4,7.6,400918622,2017-02-04
36,1,14:33,2073,2073,Devonte Campbell Defensive Rebound.,5,9,-4,22,0.6809448732875601,0.3982331427836431,Albany,Stony Brook,4,4,7.6,400918622,2017-02-04
37,1,14:11,2051,2051,Foul on Kameron Mitchell.,5,9,-4,0,0.6791615168221482,0.3972072886225466,Albany,Stony Brook,4,4,7.6,400918622,2017-02-04
38,1,14:11,2051,2051,Greig Stire made Free Throw.,6,9,-3,0,0.7014474283780354,0.4224225767233421,Albany,Stony Brook,4,4,7.6,400918622,2017-02-04
39,1,14:11,2051,2051,Greig Stire made Free Throw.,7,9,-2,21,0.7228171104902305,0.44804878388138536,Albany,Stony Brook,4,4,7.6,400918622,2017-02-04
40,1,13:50,2030,2030,Lucas Woodhouse Turnover.,7,9,-2,1,0.7216388967532987,0.44753819602888806,Albany,Stony Brook,4,4,7.6,400918622,2017-02-04
41,1,13:49,2029,2029,Devonte Campbell Steal.,7,9,-2,2,0.7215822589939493,0.44751375380537767,Albany,Stony Brook,4,4,7.6,400918622,2017-02-04
42,1,13:47,2027,2027,Foul on UC Iroegbu.,7,9,-2,30,0.7214688380557682,0.4474648335063915,Albany,Stony Brook,4,4,7.6,400918622,2017-02-04
43,1,13:17,1997,1997,Mike Rowley missed Three Point Jumper.,7,9,-2,0,0.7197442048891625,0.44672511638844487,Albany,Stony Brook,4,4,7.6,400918622,2017-02-04
44,1,13:17,1997,1997,Bryan Sekunda Defensive Rebound.,7,9,-2,29,0.7197442048891625,0.44672511638844487,Albany,Stony Brook,4,4,7.6,400918622,2017-02-04
45,1,12:48,1968,1968,Lucas Woodhouse made Jumper.,7,11,-4,24,0.6721415375836792,0.3932431372686362,Albany,Stony Brook,4,4,7.6,400918622,2017-02-04
46,1,12:24,1944,1944,Mike Rowley missed Layup.,7,11,-4,0,0.6700232431989445,0.39206581186917383,Albany,Stony Brook,4,4,7.6,400918622,2017-02-04
47,1,12:24,1944,1944,Greig Stire Offensive Rebound.,7,11,-4,3,0.6700232431989445,0.39206581186917383,Albany,Stony Brook,4,4,7.6,400918622,2017-02-04
48,1,12:21,1941,1941,Greig Stire made Layup.,9,11,-2,31,0.7164072044119674,0.44531229383464493,Albany,Stony Brook,4,4,7.6,400918622,2017-02-04
49,1,11:50,1910,1910,Akwasi Yeboah made Three Point Jumper. Assisted by Tyrell Sturdivant.,9,14,-5,17,0.6417622233921914,0.3642072394642703,Albany,Stony Brook,4,4,7.6,400918622,2017-02-04
50,1,11:33,1893,1893,David Nichols made Layup. Assisted by Greig Stire.,11,14,-3,27,0.689923429377401,0.4165519282162206,Albany,Stony Brook,4,4,7.6,400918622,2017-02-04
51,1,11:06,1866,1866,Tyrell Sturdivant Turnover.,11,14,-3,1,0.6878147772759166,0.41552673061945583,Albany,Stony Brook,4,4,7.6,400918622,2017-02-04
52,1,11:05,1865,1865,Mike Rowley Steal.,11,14,-3,8,0.6877359062285822,0.4154887052997811,Albany,Stony Brook,4,4,7.6,400918622,2017-02-04
53,1,10:57,1857,1857,Devonte Campbell missed Layup.,11,14,-3,0,0.687102906212624,0.4151842634937579,Albany,Stony Brook,4,4,7.6,400918622,2017-02-04
54,1,10:57,1857,1857,Greig Stire Offensive Rebound.,11,14,-3,3,0.687102906212624,0.4151842634937579,Albany,Stony Brook,4,4,7.6,400918622,2017-02-04
55,1,10:54,1854,1854,Greig Stire made Two Point Tip Shot.,13,14,-1,15,0.7338409412666015,0.47144401603399166,Albany,Stony Brook,4,4,7.6,400918622,2017-02-04
56,1,10:39,1839,1839,Lucas Woodhouse missed Jumper.,13,14,-1,0,0.7330594205987632,0.4712480388474865,Albany,Stony Brook,4,4,7.6,400918622,2017-02-04
57,1,10:39,1839,1839,Joe Cremo Defensive Rebound.,13,14,-1,21,0.7330594205987632,0.4712480388474865,Albany,Stony Brook,4,4,7.6,400918622,2017-02-04
58,1,10:18,1818,1818,Foul on Tyrell Sturdivant.,13,14,-1,0,0.7319490970290473,0.47097194278057414,Albany,Stony Brook,4,4,7.6,400918622,2017-02-04
59,1,10:18,1818,1818,Official TV Timeout,13,14,-1,0,0.7319490970290473,0.47097194278057414,Albany,Stony Brook,4,4,7.6,400918622,2017-02-04
60,1,10:18,1818,1818,Joe Cremo made Free Throw.,14,14,0,0,0.7541328170361141,0.5,Albany,Stony Brook,4,4,7.6,400918622,2017-02-04
61,1,10:18,1818,1818,Joe Cremo made Free Throw.,15,14,1,8,0.7750448700826946,0.5290280572194258,Albany,Stony Brook,4,4,7.6,400918622,2017-02-04
62,1,10:10,1810,1810,Foul on Greig Stire.,15,14,1,20,0.7748128589765628,0.529133898970281,Albany,Stony Brook,4,4,7.6,400918622,2017-02-04
63,1,9:50,1790,1790,Michael Almonacy made Jumper.,15,16,-1,15,0.7304397096575846,0.47059954322747266,Albany,Stony Brook,4,4,7.6,400918622,2017-02-04
64,1,9:35,1775,1775,Joe Cremo made Jumper.,17,16,1,22,0.7737802597920109,0.52960249827348,Albany,Stony Brook,4,4,7.6,400918622,2017-02-04
65,1,9:13,1753,1753,Akwasi Yeboah missed Three Point Jumper.,17,16,1,0,0.7731184983716417,0.5299027173203668,Albany,Stony Brook,4,4,7.6,400918622,2017-02-04
66,1,9:13,1753,1753,Jakub Petras Offensive Rebound.,17,16,1,1,0.7731184983716417,0.5299027173203668,Albany,Stony Brook,4,4,7.6,400918622,2017-02-04
67,1,9:12,1752,1752,Foul on Travis Charles.,17,16,1,29,0.7730882170762927,0.5299164848900471,Albany,Stony Brook,4,4,7.6,400918622,2017-02-04
68,1,8:43,1723,1723,Michael Almonacy missed Three Point Jumper.,17,16,1,0,0.7722035310920011,0.5303209151781699,Albany,Stony Brook,4,4,7.6,400918622,2017-02-04
69,1,8:43,1723,1723,Stony Brook Offensive Rebound.,17,16,1,6,0.7722035310920011,0.5303209151781699,Albany,Stony Brook,4,4,7.6,400918622,2017-02-04
70,1,8:37,1717,1717,Bryan Sekunda made Jumper.,17,18,-1,17,0.7263534484702223,0.4695940638416196,Albany,Stony Brook,4,4,7.6,400918622,2017-02-04
71,1,8:20,1700,1700,Devonte Campbell Turnover.,17,18,-1,0,0.7253714321684258,0.4693504028949788,Albany,Stony Brook,4,4,7.6,400918622,2017-02-04
72,1,8:20,1700,1700,Roland Nyama Steal.,17,18,-1,0,0.7253714321684258,0.4693504028949788,Albany,Stony Brook,4,4,7.6,400918622,2017-02-04
73,1,8:20,1700,1700,Foul on Devonte Campbell.,17,18,-1,15,0.7253714321684258,0.4693504028949788,Albany,Stony Brook,4,4,7.6,400918622,2017-02-04
74,1,8:05,1685,1685,Akwasi Yeboah missed Layup.,17,18,-1,0,0.7244953119280353,0.4691322686840231,Albany,Stony Brook,4,4,7.6,400918622,2017-02-04
75,1,8:05,1685,1685,Mike Rowley Defensive Rebound.,17,18,-1,19,0.7244953119280353,0.4691322686840231,Albany,Stony Brook,4,4,7.6,400918622,2017-02-04
76,1,7:46,1666,1666,Joe Cremo made Jumper.,19,18,1,23,0.7704155198777152,0.5311394391212894,Albany,Stony Brook,4,4,7.6,400918622,2017-02-04
77,1,7:23,1643,1643,Foul on Akwasi Yeboah.,19,18,1,0,0.7696372175564283,0.5314601591004722,Albany,Stony Brook,4,4,7.6,400918622,2017-02-04
78,1,7:23,1643,1643,Akwasi Yeboah Turnover.,19,18,1,0,0.7696372175564283,0.5314601591004722,Albany,Stony Brook,4,4,7.6,400918622,2017-02-04
79,1,7:23,1643,1643,Official TV Timeout,19,18,1,18,0.7696372175564283,0.5314601591004722,Albany,Stony Brook,4,4,7.6,400918622,2017-02-04
80,1,7:05,1625,1625,Joe Cremo missed Three Point Jumper.,19,18,1,0,0.7690042990695078,0.5317069284897503,Albany,Stony Brook,4,4,7.6,400918622,2017-02-04
81,1,7:05,1625,1625,Joe Cremo Offensive Rebound.,19,18,1,4,0.7690042990695078,0.5317069284897503,Albany,Stony Brook,4,4,7.6,400918622,2017-02-04
82,1,7:01,1621,1621,Joe Cremo missed Layup.,19,18,1,0,0.7688611745691609,0.5317614431760985,Albany,Stony Brook,4,4,7.6,400918622,2017-02-04
83,1,7:01,1621,1621,Akwasi Yeboah Defensive Rebound.,19,18,1,2,0.7688611745691609,0.5317614431760985,Albany,Stony Brook,4,4,7.6,400918622,2017-02-04
84,1,6:59,1619,1619,Foul on Mike Rowley.,19,18,1,19,0.7687893012449366,0.5317886696630236,Albany,Stony Brook,4,4,7.6,400918622,2017-02-04
85,1,6:40,1600,1600,Lucas Woodhouse made Jumper.,19,20,-1,24,0.7192756390996201,0.4679532481447939,Albany,Stony Brook,4,4,7.6,400918622,2017-02-04
86,1,6:16,1576,1576,Joe Cremo made Jumper.,21,20,1,29,0.7672026676555441,0.5323734027008216,Albany,Stony Brook,4,4,7.6,400918622,2017-02-04
87,1,5:47,1547,1547,Akwasi Yeboah missed Three Point Jumper.,21,20,1,0,0.7661024538869613,0.5327741399702546,Albany,Stony Brook,4,4,7.6,400918622,2017-02-04
88,1,5:47,1547,1547,Tyrell Sturdivant Offensive Rebound.,21,20,1,8,0.7661024538869613,0.5327741399702546,Albany,Stony Brook,4,4,7.6,400918622,2017-02-04
89,1,5:39,1539,1539,Tyrell Sturdivant missed Layup.,21,20,1,0,0.7657969090672851,0.5328866760479471,Albany,Stony Brook,4,4,7.6,400918622,2017-02-04
90,1,5:39,1539,1539,Travis Charles Defensive Rebound.,21,20,1,19,0.7657969090672851,0.5328866760479471,Albany,Stony Brook,4,4,7.6,400918622,2017-02-04
91,1,5:20,1520,1520,Travis Charles made Jumper. Assisted by Joe Cremo.,23,20,3,32,0.8094348010645182,0.5983246601700475,Albany,Stony Brook,4,4,7.6,400918622,2017-02-04
92,1,4:48,1488,1488,Tyrell Sturdivant made Jumper.,23,22,1,15,0.7638537442490586,0.5336364061005578,Albany,Stony Brook,4,4,7.6,400918622,2017-02-04
93,1,4:33,1473,1473,Mike Rowley made Layup. Assisted by Costa Anderson.,25,22,3,12,0.8087935394705535,0.6003861124982801,Albany,Stony Brook,4,4,7.6,400918622,2017-02-04
94,1,4:21,1461,1461,Lucas Woodhouse made Layup.,25,24,1,22,0.7628458827422767,0.5340642129696712,Albany,Stony Brook,4,4,7.6,400918622,2017-02-04
95,1,3:59,1439,1439,Travis Charles missed Jumper.,25,24,1,0,0.7620382138448542,0.534428662413107,Albany,Stony Brook,4,4,7.6,400918622,2017-02-04
96,1,3:59,1439,1439,Travis Charles Offensive Rebound.,25,24,1,3,0.7620382138448542,0.534428662413107,Albany,Stony Brook,4,4,7.6,400918622,2017-02-04
97,1,3:56,1436,1436,Travis Charles Turnover.,25,24,1,1,0.7619262100062123,0.5344776478813081,Albany,Stony Brook,4,4,7.6,400918622,2017-02-04
98,1,3:55,1435,1435,Official TV Timeout,25,24,1,15,0.7618887300839016,0.534493910773958,Albany,Stony Brook,4,4,7.6,400918622,2017-02-04
99,1,3:40,1420,1420,Tyrell Sturdivant missed Layup.,25,24,1,0,0.7613182740928883,0.534734290746616,Albany,Stony Brook,4,4,7.6,400918622,2017-02-04
100,1,3:40,1420,1420,Albany Defensive Rebound.,25,24,1,0,0.7613182740928883,0.534734290746616,Albany,Stony Brook,4,4,7.6,400918622,2017-02-04
101,1,3:40,1420,1420,Foul on Junior Saintel.,25,24,1,1,0.7613182740928883,0.534734290746616,Albany,Stony Brook,4,4,7.6,400918622,2017-02-04
102,1,3:39,1419,1419,Dallas Ennema made Free Throw.,26,24,2,0,0.7856553928313096,0.5691661099158384,Albany,Stony Brook,4,4,7.6,400918622,2017-02-04
103,1,3:39,1419,1419,Dallas Ennema missed Free Throw.,26,24,2,0,0.7856553928313096,0.5691661099158384,Albany,Stony Brook,4,4,7.6,400918622,2017-02-04
104,1,3:39,1419,1419,Akwasi Yeboah Defensive Rebound.,26,24,2,8,0.7856553928313096,0.5691661099158384,Albany,Stony Brook,4,4,7.6,400918622,2017-02-04
105,1,3:31,1411,1411,Lucas Woodhouse missed Layup.,26,24,2,0,0.7854526855475217,0.5694137881739032,Albany,Stony Brook,4,4,7.6,400918622,2017-02-04
106,1,3:31,1411,1411,Mike Rowley Block.,26,24,2,0,0.7854526855475217,0.5694137881739032,Albany,Stony Brook,4,4,7.6,400918622,2017-02-04
107,1,3:31,1411,1411,Joe Cremo Defensive Rebound.,26,24,2,26,0.7854526855475217,0.5694137881739032,Albany,Stony Brook,4,4,7.6,400918622,2017-02-04
108,1,3:05,1385,1385,David Nichols missed Layup.,26,24,2,0,0.7847677049108346,0.5702035081971704,Albany,Stony Brook,4,4,7.6,400918622,2017-02-04
109,1,3:05,1385,1385,Tyrell Sturdivant Defensive Rebound.,26,24,2,25,0.7847677049108346,0.5702035081971704,Albany,Stony Brook,4,4,7.6,400918622,2017-02-04
110,1,2:40,1360,1360,Foul on Mike Rowley.,26,24,2,0,0.7840826433389568,0.5709529884150905,Albany,Stony Brook,4,4,7.6,400918622,2017-02-04
111,1,2:40,1360,1360,Akwasi Yeboah made Free Throw.,26,25,1,0,0.7589165183944957,0.5356569156853563,Albany,Stony Brook,4,4,7.6,400918622,2017-02-04
112,1,2:40,1360,1360,Akwasi Yeboah made Free Throw.,26,26,0,20,0.7318204196730784,0.5,Albany,Stony Brook,4,4,7.6,400918622,2017-02-04
113,1,2:20,1340,1340,Greig Stire missed Jumper.,26,26,0,0,0.7306907019519538,0.5,Albany,Stony Brook,4,4,7.6,400918622,2017-02-04
114,1,2:20,1340,1340,Travis Charles Offensive Rebound.,26,26,0,2,0.7306907019519538,0.5,Albany,Stony Brook,4,4,7.6,400918622,2017-02-04
115,1,2:18,1338,1338,Travis Charles missed Layup.,26,26,0,0,0.7305770837120034,0.5,Albany,Stony Brook,4,4,7.6,400918622,2017-02-04
116,1,2:18,1338,1338,Roland Nyama Block.,26,26,0,1,0.7305770837120034,0.5,Albany,Stony Brook,4,4,7.6,400918622,2017-02-04
117,1,2:17,1337,1337,Greig Stire Offensive Rebound.,26,26,0,3,0.7305202338102972,0.5,Albany,Stony Brook,4,4,7.6,400918622,2017-02-04
118,1,2:14,1334,1334,Dallas Ennema made Jumper. Assisted by Greig Stire.,28,26,2,16,0.783358198038409,0.5717385953178746,Albany,Stony Brook,4,4,7.6,400918622,2017-02-04
119,1,1:58,1318,1318,Foul on Akwasi Yeboah.,28,26,2,0,0.7829132082639304,0.5722323848227279,Albany,Stony Brook,4,4,7.6,400918622,2017-02-04
120,1,1:58,1318,1318,Akwasi Yeboah Turnover.,28,26,2,13,0.7829132082639304,0.5722323848227279,Albany,Stony Brook,4,4,7.6,400918622,2017-02-04
121,1,1:45,1305,1305,David Nichols missed Jumper.,28,26,2,0,0.7825553144770119,0.5726427109396428,Albany,Stony Brook,4,4,7.6,400918622,2017-02-04
122,1,1:45,1305,1305,Bryan Sekunda Defensive Rebound.,28,26,2,19,0.7825553144770119,0.5726427109396428,Albany,Stony Brook,4,4,7.6,400918622,2017-02-04
123,1,1:26,1286,1286,Foul on Travis Charles.,28,26,2,0,0.7820426746759509,0.5732617983107366,Albany,Stony Brook,4,4,7.6,400918622,2017-02-04
124,1,1:26,1286,1286,Roland Nyama missed Free Throw.,28,26,2,0,0.7820426746759509,0.5732617983107366,Albany,Stony Brook,4,4,7.6,400918622,2017-02-04
125,1,1:26,1286,1286,Stony Brook Deadball Team Rebound.,28,26,2,0,0.7820426746759509,0.5732617983107366,Albany,Stony Brook,4,4,7.6,400918622,2017-02-04
126,1,1:26,1286,1286,Roland Nyama made Free Throw.,28,27,1,18,0.7558433517559553,0.5368296471182202,Albany,Stony Brook,4,4,7.6,400918622,2017-02-04
127,1,1:08,1268,1268,David Nichols missed Jumper.,28,27,1,0,0.7551039080495175,0.5371412415068411,Albany,Stony Brook,4,4,7.6,400918622,2017-02-04
128,1,1:08,1268,1268,David Nichols Offensive Rebound.,28,27,1,7,0.7551039080495175,0.5371412415068411,Albany,Stony Brook,4,4,7.6,400918622,2017-02-04
129,1,1:01,1261,1261,Greig Stire made Dunk. Assisted by David Nichols.,30,27,3,27,0.8058346462870208,0.6101707945287016,Albany,Stony Brook,4,4,7.6,400918622,2017-02-04
130,1,0:34,1234,1234,Lucas Woodhouse made Jumper.,30,29,1,31,0.7537398745109876,0.5377760668385998,Albany,Stony Brook,4,4,7.6,400918622,2017-02-04
131,1,0:03,1203,1203,Foul on Joe Cremo.,30,29,1,0,0.7525498303482318,0.5384181111416124,Albany,Stony Brook,4,4,7.6,400918622,2017-02-04
132,1,0:03,1203,1203,Joe Cremo Turnover.,30,29,1,0,0.7525498303482318,0.5384181111416124,Albany,Stony Brook,4,4,7.6,400918622,2017-02-04
133,1,0:03,1203,1203,Stony Brook  Timeout,30,29,1,2,0.7525498303482318,0.5384181111416124,Albany,Stony Brook,3,4,7.6,400918622,2017-02-04
134,1,0:01,1201,1201,Lucas Woodhouse missed Three Point Jumper.,30,29,1,1,0.7524741769792503,0.5384602500661886,Albany,Stony Brook,3,4,7.6,400918622,2017-02-04
135,1,0:00,1200,1200,Stony Brook Deadball Team Rebound.,30,29,1,0,0.7524363395429391,0.5384812553577752,Albany,Stony Brook,3,4,7.6,400918622,2017-02-04
136,1,0:00,1200,1200,End of 1st half,30,29,1,0,0.7524363395429391,0.5384812553577752,Albany,Stony Brook,3,4,7.6,400918622,2017-02-04
137,2,20:00,1200,1200,PLAY,30,29,1,10,0.7524363395429391,0.5384812553577752,Albany,Stony Brook,4,4,7.6,400918622,2017-02-04
138,2,19:50,1190,1190,Foul on David Nichols.,30,29,1,1,0.7520576019346554,0.5386891173127512,Albany,Stony Brook,4,4,7.6,400918622,2017-02-04
139,2,19:49,1189,1189,Kameron Mitchell made Free Throw.,30,30,0,0,0.721971876583166,0.5,Albany,Stony Brook,4,4,7.6,400918622,2017-02-04
140,2,19:49,1189,1189,Kameron Mitchell made Free Throw.,30,31,-1,15,0.6897850629694972,0.46129030063864224,Albany,Stony Brook,4,4,7.6,400918622,2017-02-04
141,2,19:34,1174,1174,David Nichols missed Three Point Jumper.,30,31,-1,0,0.6886059501894631,0.4609853174597942,Albany,Stony Brook,4,4,7.6,400918622,2017-02-04
142,2,19:34,1174,1174,Stony Brook Defensive Rebound.,30,31,-1,17,0.6886059501894631,0.4609853174597942,Albany,Stony Brook,4,4,7.6,400918622,2017-02-04
143,2,19:17,1157,1157,Kameron Mitchell Turnover.,30,31,-1,24,0.687277896516269,0.4606461321385427,Albany,Stony Brook,4,4,7.6,400918622,2017-02-04
144,2,18:53,1133,1133,Greig Stire made Jumper.,32,31,1,16,0.7498918546794011,0.5398272641257124,Albany,Stony Brook,4,4,7.6,400918622,2017-02-04
145,2,18:37,1117,1117,Roland Nyama made Jumper.,32,33,-1,30,0.6841601349544952,0.4598565592368034,Albany,Stony Brook,4,4,7.6,400918622,2017-02-04
146,2,18:07,1087,1087,David Nichols missed Jumper.,32,33,-1,0,0.681797168629718,0.45925155911673254,Albany,Stony Brook,4,4,7.6,400918622,2017-02-04
147,2,18:07,1087,1087,Tyrell Sturdivant Defensive Rebound.,32,33,-1,7,0.681797168629718,0.45925155911673254,Albany,Stony Brook,4,4,7.6,400918622,2017-02-04
148,2,18:00,1080,1080,Foul on Greig Stire.,32,33,-1,13,0.681239326456541,0.4591065575688174,Albany,Stony Brook,4,4,7.6,400918622,2017-02-04
149,2,17:47,1067,1067,Roland Nyama made Layup.,32,35,-3,25,0.6045773365558331,0.3786840529510994,Albany,Stony Brook,4,4,7.6,400918622,2017-02-04
150,2,17:22,1042,1042,Joe Cremo missed Jumper.,32,35,-3,0,0.6012610960550099,0.37711505626141645,Albany,Stony Brook,4,4,7.6,400918622,2017-02-04
151,2,17:22,1042,1042,Greig Stire Offensive Rebound.,32,35,-3,1,0.6012610960550099,0.37711505626141645,Albany,Stony Brook,4,4,7.6,400918622,2017-02-04
152,2,17:21,1041,1041,Greig Stire missed Layup.,32,35,-3,0,0.6011255120275159,0.37705013472418697,Albany,Stony Brook,4,4,7.6,400918622,2017-02-04
153,2,17:21,1041,1041,Junior Saintel Block.,32,35,-3,2,0.6011255120275159,0.37705013472418697,Albany,Stony Brook,4,4,7.6,400918622,2017-02-04
154,2,17:19,1039,1039,Tyrell Sturdivant Defensive Rebound.,32,35,-3,2,0.6008535966362092,0.3769197399246155,Albany,Stony Brook,4,4,7.6,400918622,2017-02-04
155,2,17:17,1037,1037,Technical Foul on Albany.,32,35,-3,0,0.6005806680378023,0.37678859693404093,Albany,Stony Brook,4,4,7.6,400918622,2017-02-04
156,2,17:17,1037,1037,Lucas Woodhouse made Free Throw.,32,36,-4,0,0.559750936262525,0.33828743188486016,Albany,Stony Brook,4,4,7.6,400918622,2017-02-04
157,2,17:17,1037,1037,Foul on Albany.,32,35,-3,0,0.6005806680378023,0.37678859693404093,Albany,Stony Brook,4,4,7.6,400918622,2017-02-04
158,2,17:17,1037,1037,Lucas Woodhouse made Free Throw.,32,37,-5,7,0.5180964595647769,0.301815142441765,Albany,Stony Brook,4,4,7.6,400918622,2017-02-04
159,2,17:10,1030,1030,Roland Nyama Turnover.,32,37,-5,1,0.5167641317090268,0.30111979128970295,Albany,Stony Brook,4,4,7.6,400918622,2017-02-04
160,2,17:09,1029,1029,David Nichols Steal.,32,37,-5,7,0.5165721364466017,0.30101930544575817,Albany,Stony Brook,4,4,7.6,400918622,2017-02-04
161,2,17:02,1022,1022,Joe Cremo Turnover.,32,37,-5,1,0.515215985555532,0.3003074782704666,Albany,Stony Brook,4,4,7.6,400918622,2017-02-04
162,2,17:01,1021,1021,Tyrell Sturdivant Steal.,32,37,-5,3,0.5150204624286655,0.30020455278727776,Albany,Stony Brook,4,4,7.6,400918622,2017-02-04
163,2,16:58,1018,1018,Foul on Devonte Campbell.,32,37,-5,0,0.5144311265155399,0.2998938637900976,Albany,Stony Brook,4,4,7.6,400918622,2017-02-04
164,2,16:58,1018,1018,Tyrell Sturdivant missed Free Throw.,32,37,-5,0,0.5144311265155399,0.2998938637900976,Albany,Stony Brook,4,4,7.6,400918622,2017-02-04
165,2,16:58,1018,1018,Stony Brook Deadball Team Rebound.,32,37,-5,0,0.5144311265155399,0.2998938637900976,Albany,Stony Brook,4,4,7.6,400918622,2017-02-04
166,2,16:58,1018,1018,Tyrell Sturdivant made Free Throw.,32,38,-6,12,0.4720740617637864,0.2655411819583805,Albany,Stony Brook,4,4,7.6,400918622,2017-02-04
167,2,16:46,1006,1006,Foul on Roland Nyama.,32,38,-6,1,0.4693774906963537,0.2641232137271906,Albany,Stony Brook,4,4,7.6,400918622,2017-02-04
168,2,16:45,1005,1005,Devonte Campbell made Free Throw.,33,38,-5,0,0.5118270926727814,0.29851283188607114,Albany,Stony Brook,4,4,7.6,400918622,2017-02-04
169,2,16:45,1005,1005,Devonte Campbell made Free Throw.,34,38,-4,14,0.5543333907469108,0.33547796761009274,Albany,Stony Brook,4,4,7.6,400918622,2017-02-04
170,2,16:31,991,991,Lucas Woodhouse missed Three Point Jumper.,34,38,-4,0,0.5518296088692812,0.3341526371624293,Albany,Stony Brook,4,4,7.6,400918622,2017-02-04
171,2,16:31,991,991,Junior Saintel Offensive Rebound.,34,38,-4,17,0.5518296088692812,0.3341526371624293,Albany,Stony Brook,4,4,7.6,400918622,2017-02-04
172,2,16:14,974,974,Roland Nyama made Three Point Jumper. Assisted by Lucas Woodhouse.,34,41,-7,26,0.4188316889985745,0.22794466825938078,Albany,Stony Brook,4,4,7.6,400918622,2017-02-04
173,2,15:48,948,948,David Nichols missed Layup.,34,41,-7,0,0.41201071363860386,0.2243801947437711,Albany,Stony Brook,4,4,7.6,400918622,2017-02-04
174,2,15:48,948,948,Lucas Woodhouse Defensive Rebound.,34,41,-7,5,0.41201071363860386,0.2243801947437711,Albany,Stony Brook,4,4,7.6,400918622,2017-02-04
175,2,15:43,943,943,Roland Nyama missed Three Point Jumper.,34,41,-7,0,0.4107933674958785,0.2237521427296982,Albany,Stony Brook,4,4,7.6,400918622,2017-02-04
176,2,15:43,943,943,Stony Brook Offensive Rebound.,34,41,-7,2,0.4107933674958785,0.2237521427296982,Albany,Stony Brook,4,4,7.6,400918622,2017-02-04
177,2,15:41,941,941,Foul on Mike Rowley.,34,41,-7,2,0.41031398806293734,0.22350549024456282,Albany,Stony Brook,4,4,7.6,400918622,2017-02-04
178,2,15:39,939,939,Junior Saintel Turnover.,34,41,-7,4,0.4098387280079236,0.22326132267339813,Albany,Stony Brook,4,4,7.6,400918622,2017-02-04
179,2,15:35,935,935,Devonte Campbell Steal.,34,41,-7,5,0.40890003366824546,0.2227801093680996,Albany,Stony Brook,4,4,7.6,400918622,2017-02-04
180,2,15:30,930,930,Joe Cremo made Layup.,36,41,-5,3,0.4961747391499981,0.2900874537717624,Albany,Stony Brook,4,4,7.6,400918622,2017-02-04
181,2,15:27,927,927,Lucas Woodhouse missed Three Point Jumper.,36,41,-5,2,0.4956129423821905,0.2897918268542308,Albany,Stony Brook,4,4,7.6,400918622,2017-02-04
182,2,15:25,925,925,Lucas Woodhouse Offensive Rebound.,36,41,-5,28,0.495241467920596,0.2895967035518628,Albany,Stony Brook,4,4,7.6,400918622,2017-02-04
183,2,14:57,897,897,Roland Nyama missed Jumper.,36,41,-5,0,0.4902388321662634,0.2869907636766967,Albany,Stony Brook,4,4,7.6,400918622,2017-02-04
184,2,14:57,897,897,Albany Defensive Rebound.,36,41,-5,28,0.4902388321662634,0.2869907636766967,Albany,Stony Brook,4,4,7.6,400918622,2017-02-04
185,2,14:29,869,869,Greig Stire missed Layup.,36,41,-5,0,0.48541303144282083,0.28449331884067974,Albany,Stony Brook,4,4,7.6,400918622,2017-02-04
186,2,14:29,869,869,Jakub Petras Defensive Rebound.,36,41,-5,0,0.48541303144282083,0.28449331884067974,Albany,Stony Brook,4,4,7.6,400918622,2017-02-04
187,2,14:29,869,869,Foul on Joe Cremo.,36,41,-5,13,0.48541303144282083,0.28449331884067974,Albany,Stony Brook,4,4,7.6,400918622,2017-02-04
188,2,14:16,856,856,Foul on Kameron Mitchell.,36,41,-5,0,0.48315468153809815,0.28332027694895123,Albany,Stony Brook,4,4,7.6,400918622,2017-02-04
189,2,14:16,856,856,Kameron Mitchell Turnover.,36,41,-5,23,0.48315468153809815,0.28332027694895123,Albany,Stony Brook,4,4,7.6,400918622,2017-02-04
190,2,13:53,833,833,Foul on Lucas Woodhouse.,36,41,-5,0,0.4790194344906561,0.2811525667833948,Albany,Stony Brook,4,4,7.6,400918622,2017-02-04
191,2,13:53,833,833,David Nichols made Free Throw.,37,41,-4,0,0.5259214312316515,0.3206031525045181,Albany,Stony Brook,4,4,7.6,400918622,2017-02-04
192,2,13:53,833,833,David Nichols made Free Throw.,38,41,-3,23,0.5723704411438743,0.3627955736945879,Albany,Stony Brook,4,4,7.6,400918622,2017-02-04
193,2,13:30,810,810,Lucas Woodhouse missed Jumper.,38,41,-3,0,0.5691559551834057,0.36116770347062177,Albany,Stony Brook,4,4,7.6,400918622,2017-02-04
194,2,13:30,810,810,Devonte Campbell Defensive Rebound.,38,41,-3,7,0.5691559551834057,0.36116770347062177,Albany,Stony Brook,4,4,7.6,400918622,2017-02-04
195,2,13:23,803,803,David Nichols missed Layup.,38,41,-3,0,0.5681198273057472,0.3606338340869814,Albany,Stony Brook,4,4,7.6,400918622,2017-02-04
196,2,13:23,803,803,Jakub Petras Block.,38,41,-3,2,0.5681198273057472,0.3606338340869814,Albany,Stony Brook,4,4,7.6,400918622,2017-02-04
197,2,13:21,801,801,UC Iroegbu Defensive Rebound.,38,41,-3,20,0.5678180020267025,0.36047748236366267,Albany,Stony Brook,4,4,7.6,400918622,2017-02-04
198,2,13:01,781,781,UC Iroegbu Turnover.,38,41,-3,1,0.5646396940866092,0.3588091256476457,Albany,Stony Brook,4,4,7.6,400918622,2017-02-04
199,2,13:00,780,780,Greig Stire Steal.,38,41,-3,5,0.5644724356671822,0.3587202699747966,Albany,Stony Brook,4,4,7.6,400918622,2017-02-04
200,2,12:55,775,775,David Nichols missed Layup.,38,41,-3,0,0.5636230853292622,0.3582675253416958,Albany,Stony Brook,4,4,7.6,400918622,2017-02-04
201,2,12:55,775,775,Roland Nyama Block.,38,41,-3,2,0.5636230853292622,0.3582675253416958,Albany,Stony Brook,4,4,7.6,400918622,2017-02-04
202,2,12:53,773,773,Jakub Petras Defensive Rebound.,38,41,-3,8,0.5632770873161139,0.35808237683350685,Albany,Stony Brook,4,4,7.6,400918622,2017-02-04
203,2,12:45,765,765,Lucas Woodhouse made Jumper.,38,43,-5,21,0.4643967895971317,0.2732140826302755,Albany,Stony Brook,4,4,7.6,400918622,2017-02-04
204,2,12:24,744,744,David Nichols made Layup.,40,43,-3,12,0.557810720251052,0.3551090076512775,Albany,Stony Brook,4,4,7.6,400918622,2017-02-04
205,2,12:12,732,732,Stony Brook  Timeout,40,43,-3,0,0.5552716215366316,0.35370214388473203,Albany,Stony Brook,3,4,7.6,400918622,2017-02-04
206,2,12:12,732,732,Official TV Timeout,40,43,-3,17,0.5552716215366316,0.35370214388473203,Albany,Stony Brook,3,4,7.6,400918622,2017-02-04
207,2,11:55,715,715,Jakub Petras Turnover.,40,43,-3,0,0.5516400678830713,0.35170716329514573,Albany,Stony Brook,3,4,7.6,400918622,2017-02-04
208,2,11:55,715,715,David Nichols Steal.,40,43,-3,13,0.5516400678830713,0.35170716329514573,Albany,Stony Brook,3,4,7.6,400918622,2017-02-04
209,2,11:42,702,702,Foul on Greig Stire.,40,43,-3,0,0.54905725602779,0.35033389640022644,Albany,Stony Brook,3,4,7.6,400918622,2017-02-04
210,2,11:42,702,702,Greig Stire Turnover.,40,43,-3,15,0.54905725602779,0.35033389640022644,Albany,Stony Brook,3,4,7.6,400918622,2017-02-04
211,2,11:27,687,687,UC Iroegbu made Three Point Jumper. Assisted by Jakub Petras.,40,46,-6,26,0.39207853249353697,0.2230401857811141,Albany,Stony Brook,3,4,7.6,400918622,2017-02-04
212,2,11:01,661,661,Foul on Jakub Petras.,40,46,-6,2,0.38505480094867395,0.21941679189918137,Albany,Stony Brook,3,4,7.6,400918622,2017-02-04
213,2,10:59,659,659,Travis Charles made Free Throw.,41,46,-5,0,0.435700782320551,0.25752131536041756,Albany,Stony Brook,3,4,7.6,400918622,2017-02-04
214,2,10:59,659,659,Travis Charles missed Free Throw.,41,46,-5,0,0.435700782320551,0.25752131536041756,Albany,Stony Brook,3,4,7.6,400918622,2017-02-04
215,2,10:59,659,659,UC Iroegbu Defensive Rebound.,41,46,-5,20,0.435700782320551,0.25752131536041756,Albany,Stony Brook,3,4,7.6,400918622,2017-02-04
216,2,10:39,639,639,Michael Almonacy missed Layup.,41,46,-5,0,0.43072000671570715,0.2549237451002656,Albany,Stony Brook,3,4,7.6,400918622,2017-02-04
217,2,10:39,639,639,Dallas Ennema Block.,41,46,-5,1,0.43072000671570715,0.2549237451002656,Albany,Stony Brook,3,4,7.6,400918622,2017-02-04
218,2,10:38,638,638,Bryan Sekunda Offensive Rebound.,41,46,-5,3,0.430464626662295,0.25479007472298065,Albany,Stony Brook,3,4,7.6,400918622,2017-02-04
219,2,10:35,635,635,Akwasi Yeboah Turnover.,41,46,-5,11,0.4296933803013408,0.2543859138454395,Albany,Stony Brook,3,4,7.6,400918622,2017-02-04
220,2,10:24,624,624,Foul on Akwasi Yeboah.,41,46,-5,8,0.42678812901422536,0.25285579037421946,Albany,Stony Brook,3,4,7.6,400918622,2017-02-04
221,2,10:16,616,616,Joe Cremo Turnover.,41,46,-5,1,0.4245818468288051,0.25168424888924407,Albany,Stony Brook,3,4,7.6,400918622,2017-02-04
222,2,10:15,615,615,Lucas Woodhouse Steal.,41,46,-5,4,0.42429962097669077,0.2515337352051444,Albany,Stony Brook,3,4,7.6,400918622,2017-02-04
223,2,10:11,611,611,Tyrell Sturdivant made Layup. Assisted by Lucas Woodhouse.,41,48,-7,15,0.32140651798106157,0.17782066918554243,Albany,Stony Brook,3,4,7.6,400918622,2017-02-04
224,2,9:56,596,596,Foul on UC Iroegbu.,41,48,-7,3,0.3162208086519276,0.17515532457478158,Albany,Stony Brook,3,4,7.6,400918622,2017-02-04
225,2,9:53,593,593,Dallas Ennema Turnover.,41,48,-7,1,0.31512357530405893,0.174587234096585,Albany,Stony Brook,3,4,7.6,400918622,2017-02-04
226,2,9:52,592,592,Akwasi Yeboah Steal.,41,48,-7,2,0.31475297014951725,0.174395040032938,Albany,Stony Brook,3,4,7.6,400918622,2017-02-04
227,2,9:50,590,590,Foul on David Nichols.,41,48,-7,0,0.31400427911905343,0.17400629735321904,Albany,Stony Brook,3,4,7.6,400918622,2017-02-04
228,2,9:50,590,590,Akwasi Yeboah made Free Throw.,41,49,-8,0,0.26816273520607575,0.14430374664526094,Albany,Stony Brook,3,4,7.6,400918622,2017-02-04
229,2,9:50,590,590,Akwasi Yeboah missed Free Throw.,41,49,-8,0,0.26816273520607575,0.14430374664526094,Albany,Stony Brook,3,4,7.6,400918622,2017-02-04
230,2,9:50,590,590,Greig Stire Defensive Rebound.,41,49,-8,27,0.26816273520607575,0.14430374664526094,Albany,Stony Brook,3,4,7.6,400918622,2017-02-04
231,2,9:23,563,563,David Nichols made Jumper.,43,49,-6,15,0.3530720263335002,0.20252900509137772,Albany,Stony Brook,3,4,7.6,400918622,2017-02-04
232,2,9:08,548,548,UC Iroegbu made Three Point Jumper. Assisted by Lucas Woodhouse.,43,52,-9,23,0.20863440273386183,0.10992814559155922,Albany,Stony Brook,3,4,7.6,400918622,2017-02-04
233,2,8:45,525,525,Joe Cremo missed Three Point Jumper.,43,52,-9,0,0.19895625386498525,0.10517166686757584,Albany,Stony Brook,3,4,7.6,400918622,2017-02-04
234,2,8:45,525,525,Lucas Woodhouse Defensive Rebound.,43,52,-9,28,0.19895625386498525,0.10517166686757584,Albany,Stony Brook,3,4,7.6,400918622,2017-02-04
235,2,8:17,497,497,Lucas Woodhouse made Three Point Jumper.,43,55,-12,11,0.10096623601616894,0.05103343895999976,Albany,Stony Brook,3,4,7.6,400918622,2017-02-04
236,2,8:06,486,486,Albany  Timeout,43,55,-12,0,0.09809902804153782,0.049729287490201,Albany,Stony Brook,3,3,7.6,400918622,2017-02-04
237,2,8:06,486,486,Official TV Timeout,43,55,-12,16,0.09809902804153782,0.049729287490201,Albany,Stony Brook,3,3,7.6,400918622,2017-02-04
238,2,7:50,470,470,Devonte Campbell made Layup.,45,55,-10,29,0.14547688338100698,0.07620913263403513,Albany,Stony Brook,3,3,7.6,400918622,2017-02-04
239,2,7:21,441,441,Lucas Woodhouse made Three Point Jumper. Assisted by Akwasi Yeboah.,45,58,-13,23,0.06626054811379246,0.0337071733982931,Albany,Stony Brook,3,3,7.6,400918622,2017-02-04
240,2,6:58,418,418,Devonte Campbell missed Jumper.,45,58,-13,0,0.05858305745300079,0.030061823570756842,Albany,Stony Brook,3,3,7.6,400918622,2017-02-04
241,2,6:58,418,418,David Nichols Offensive Rebound.,45,58,-13,9,0.05858305745300079,0.030061823570756842,Albany,Stony Brook,3,3,7.6,400918622,2017-02-04
242,2,6:49,409,409,David Nichols missed Jumper.,45,58,-13,0,0.05590229570156516,0.02879902269077299,Albany,Stony Brook,3,3,7.6,400918622,2017-02-04
243,2,6:49,409,409,Akwasi Yeboah Defensive Rebound.,45,58,-13,15,0.05590229570156516,0.02879902269077299,Albany,Stony Brook,3,3,7.6,400918622,2017-02-04
244,2,6:34,394,394,UC Iroegbu Turnover.,45,58,-13,1,0.05179127574142429,0.026871786878735496,Albany,Stony Brook,3,3,7.6,400918622,2017-02-04
245,2,6:33,393,393,Devonte Campbell Steal.,45,58,-13,12,0.05152786154279495,0.026748415633981566,Albany,Stony Brook,3,3,7.6,400918622,2017-02-04
246,2,6:21,381,381,Foul on Devonte Campbell.,45,58,-13,0,0.048422604755051835,0.02529188308329818,Albany,Stony Brook,3,3,7.6,400918622,2017-02-04
247,2,6:21,381,381,Devonte Campbell Turnover.,45,58,-13,10,0.048422604755051835,0.02529188308329818,Albany,Stony Brook,3,3,7.6,400918622,2017-02-04
248,2,6:11,371,371,Roland Nyama missed Jumper.,45,58,-13,0,0.045867260444063626,0.024086619949829687,Albany,Stony Brook,3,3,7.6,400918622,2017-02-04
249,2,6:11,371,371,Mike Rowley Defensive Rebound.,45,58,-13,17,0.045867260444063626,0.024086619949829687,Albany,Stony Brook,3,3,7.6,400918622,2017-02-04
250,2,5:54,354,354,Foul on Roland Nyama.,45,58,-13,0,0.0414617653929658,0.021983520275891504,Albany,Stony Brook,3,3,7.6,400918622,2017-02-04
251,2,5:54,354,354,Joe Cremo made Free Throw.,46,58,-12,0,0.05474872389436891,0.029218697239558295,Albany,Stony Brook,3,3,7.6,400918622,2017-02-04
252,2,5:54,354,354,Joe Cremo made Free Throw.,47,58,-11,8,0.07197394038585517,0.038740778508722956,Albany,Stony Brook,3,3,7.6,400918622,2017-02-04
253,2,5:46,346,346,Lucas Woodhouse Turnover.,47,58,-11,1,0.06886463324144937,0.03721986076598192,Albany,Stony Brook,3,3,7.6,400918622,2017-02-04
254,2,5:45,345,345,David Nichols Steal.,47,58,-11,2,0.0684689053343779,0.03702523709276366,Albany,Stony Brook,3,3,7.6,400918622,2017-02-04
255,2,5:43,343,343,David Nichols missed Layup.,47,58,-11,0,0.06767249329378222,0.03663282117468988,Albany,Stony Brook,3,3,7.6,400918622,2017-02-04
256,2,5:43,343,343,UC Iroegbu Block.,47,58,-11,1,0.06767249329378222,0.03663282117468988,Albany,Stony Brook,3,3,7.6,400918622,2017-02-04
257,2,5:42,342,342,Devonte Campbell Offensive Rebound.,47,58,-11,0,0.06727177371356419,0.0364350044568649,Albany,Stony Brook,3,3,7.6,400918622,2017-02-04
258,2,5:42,342,342,Foul on UC Iroegbu.,47,58,-11,2,0.06727177371356419,0.0364350044568649,Albany,Stony Brook,3,3,7.6,400918622,2017-02-04
259,2,5:40,340,340,Devonte Campbell made Free Throw.,48,58,-10,0,0.08758193400312998,0.04798204715154122,Albany,Stony Brook,3,3,7.6,400918622,2017-02-04
260,2,5:40,340,340,Devonte Campbell made Free Throw.,49,58,-9,23,0.1145841585348341,0.0636266854476041,Albany,Stony Brook,3,3,7.6,400918622,2017-02-04
261,2,5:17,317,317,Tyrell Sturdivant missed Jumper.,49,58,-9,0,0.10095519294750858,0.05662283226822643,Albany,Stony Brook,3,3,7.6,400918622,2017-02-04
262,2,5:17,317,317,Junior Saintel Offensive Rebound.,49,58,-9,4,0.10095519294750858,0.05662283226822643,Albany,Stony Brook,3,3,7.6,400918622,2017-02-04
263,2,5:13,313,313,Junior Saintel missed Two Point Tip Shot.,49,58,-9,0,0.09840906777739601,0.05529332422453762,Albany,Stony Brook,3,3,7.6,400918622,2017-02-04
264,2,5:13,313,313,Devonte Campbell Defensive Rebound.,49,58,-9,9,0.09840906777739601,0.05529332422453762,Albany,Stony Brook,3,3,7.6,400918622,2017-02-04
265,2,5:04,304,304,Greig Stire made Layup. Assisted by David Nichols.,51,58,-7,0,0.1634594604786092,0.09546640839296579,Albany,Stony Brook,3,3,7.6,400918622,2017-02-04
266,2,5:04,304,304,Foul on Roland Nyama.,51,58,-7,0,0.1634594604786092,0.09546640839296579,Albany,Stony Brook,3,3,7.6,400918622,2017-02-04
267,2,5:04,304,304,Greig Stire made Free Throw.,52,58,-6,16,0.21224013279338771,0.1270375310409011,Albany,Stony Brook,3,3,7.6,400918622,2017-02-04
268,2,4:48,288,288,Akwasi Yeboah missed Three Point Jumper.,52,58,-6,0,0.2065306880311362,0.12464552475057372,Albany,Stony Brook,3,3,7.6,400918622,2017-02-04
269,2,4:48,288,288,Devonte Campbell Defensive Rebound.,52,58,-6,22,0.2065306880311362,0.12464552475057372,Albany,Stony Brook,3,3,7.6,400918622,2017-02-04
270,2,4:26,266,266,Foul on David Nichols.,52,58,-6,0,0.20774973563770416,0.12739428472645303,Albany,Stony Brook,3,3,7.6,400918622,2017-02-04
271,2,4:26,266,266,David Nichols Turnover.,52,58,-6,23,0.20774973563770416,0.12739428472645303,Albany,Stony Brook,3,3,7.6,400918622,2017-02-04
272,2,4:03,243,243,Foul on Greig Stire.,52,58,-6,1,0.21057079853497007,0.13145493005711462,Albany,Stony Brook,3,3,7.6,400918622,2017-02-04
273,2,4:02,242,242,Tyrell Sturdivant made Free Throw.,52,59,-7,0,0.16299399193545994,0.09957702026584063,Albany,Stony Brook,3,3,7.6,400918622,2017-02-04
274,2,4:02,242,242,Tyrell Sturdivant made Free Throw.,52,60,-8,16,0.12447925235363083,0.07470987209368285,Albany,Stony Brook,3,3,7.6,400918622,2017-02-04
275,2,3:46,226,226,David Nichols made Jumper. Assisted by Joe Cremo.,54,60,-6,14,0.20719564134201635,0.13082450834896883,Albany,Stony Brook,3,3,7.6,400918622,2017-02-04
276,2,3:32,212,212,Foul on David Nichols.,54,60,-6,0,0.197567014169648,0.12561538018188606,Albany,Stony Brook,3,3,7.6,400918622,2017-02-04
277,2,3:32,212,212,Official TV Timeout,54,60,-6,0,0.197567014169648,0.12561538018188606,Albany,Stony Brook,3,3,7.6,400918622,2017-02-04
278,2,3:32,212,212,Bryan Sekunda made Free Throw.,54,61,-7,0,0.15123427086825475,0.09417611940475215,Albany,Stony Brook,3,3,7.6,400918622,2017-02-04
279,2,3:32,212,212,Bryan Sekunda made Free Throw.,54,62,-8,23,0.11422065541750415,0.06997581799758028,Albany,Stony Brook,3,3,7.6,400918622,2017-02-04
280,2,3:09,189,189,Costa Anderson missed Three Point Jumper.,54,62,-8,0,0.08787934087607255,0.05441898332143622,Albany,Stony Brook,3,3,7.6,400918622,2017-02-04
281,2,3:09,189,189,Akwasi Yeboah Defensive Rebound.,54,62,-8,31,0.08787934087607255,0.05441898332143622,Albany,Stony Brook,3,3,7.6,400918622,2017-02-04
282,2,2:38,158,158,Tyrell Sturdivant missed Layup.,54,62,-8,0,0.051374764067702125,0.03239771113677474,Albany,Stony Brook,3,3,7.6,400918622,2017-02-04
283,2,2:38,158,158,Greig Stire Defensive Rebound.,54,62,-8,21,0.051374764067702125,0.03239771113677474,Albany,Stony Brook,3,3,7.6,400918622,2017-02-04
284,2,2:17,137,137,Dallas Ennema made Three Point Jumper. Assisted by Joe Cremo.,57,62,-5,3,0.1259350534649603,0.083661987384889,Albany,Stony Brook,3,3,7.6,400918622,2017-02-04
285,2,2:14,134,134,Albany  Timeout,57,62,-5,3,0.12088722460819647,0.08042096288510231,Albany,Stony Brook,3,2,7.6,400918622,2017-02-04
286,2,2:11,131,131,Stony Brook  Timeout,57,62,-5,28,0.11587903485651406,0.07720243445149548,Albany,Stony Brook,2,2,7.6,400918622,2017-02-04
287,2,1:43,103,103,Akwasi Yeboah missed Three Point Jumper.,57,62,-5,0,0.07200353506271956,0.04881483141908162,Albany,Stony Brook,2,2,7.6,400918622,2017-02-04
288,2,1:43,103,103,Roland Nyama Offensive Rebound.,57,62,-5,2,0.07200353506271956,0.04881483141908162,Albany,Stony Brook,2,2,7.6,400918622,2017-02-04
289,2,1:41,101,101,Roland Nyama made Two Point Tip Shot.,57,64,-7,12,0.021793581271335856,0.014559897744931763,Albany,Stony Brook,2,2,7.6,400918622,2017-02-04
290,2,1:29,89,89,Foul on Akwasi Yeboah.,57,64,-7,0,0.01497120171953009,0.010140117645190351,Albany,Stony Brook,2,2,7.6,400918622,2017-02-04
291,2,1:29,89,89,Greig Stire made Free Throw.,58,64,-6,0,0.028412428806611503,0.019329082611127032,Albany,Stony Brook,2,2,7.6,400918622,2017-02-04
292,2,1:29,89,89,Greig Stire made Free Throw.,59,64,-5,4,0.05326866784437559,0.036537711480410295,Albany,Stony Brook,2,2,7.6,400918622,2017-02-04
293,2,1:25,85,85,Stony Brook  Timeout,59,64,-5,7,0.04863403666858867,0.03348431486173793,Albany,Stony Brook,1,2,7.6,400918622,2017-02-04
294,2,1:18,78,78,Tyrell Sturdivant made Layup. Assisted by Roland Nyama.,59,66,-7,12,0.010387258188472415,0.0071314605080486536,Albany,Stony Brook,1,2,7.6,400918622,2017-02-04
295,2,1:06,66,66,Joe Cremo missed Three Point Jumper.,59,66,-7,0,0.006732772736121012,0.004696090965432261,Albany,Stony Brook,1,2,7.6,400918622,2017-02-04
296,2,1:06,66,66,Albany Offensive Rebound.,59,66,-7,6,0.006732772736121012,0.004696090965432261,Albany,Stony Brook,1,2,7.6,400918622,2017-02-04
297,2,1:00,60,60,Foul on Bryan Sekunda.,59,66,-7,0,0.005358910454795403,0.0037687509538199306,Albany,Stony Brook,1,2,7.6,400918622,2017-02-04
298,2,1:00,60,60,Joe Cremo made Free Throw.,60,66,-6,0,0.011810642449609828,0.008322066361666266,Albany,Stony Brook,1,2,7.6,400918622,2017-02-04
299,2,1:00,60,60,Joe Cremo made Free Throw.,61,66,-5,6,0.025828084617267783,0.01827567072523592,Albany,Stony Brook,1,2,7.6,400918622,2017-02-04
300,2,0:54,54,54,Foul on Greig Stire.,61,66,-5,1,0.021845022330755488,0.015573210358474272,Albany,Stony Brook,1,2,7.6,400918622,2017-02-04
301,2,0:53,53,53,Roland Nyama made Free Throw.,61,67,-6,0,0.009325246486760214,0.0066333189868317205,Albany,Stony Brook,1,2,7.6,400918622,2017-02-04
302,2,0:53,53,53,Roland Nyama made Free Throw.,61,68,-7,7,0.004068138528088978,0.0028893591376448666,Albany,Stony Brook,1,2,7.6,400918622,2017-02-04
303,2,0:46,46,46,Dallas Ennema made Three Point Jumper. Assisted by Joe Cremo.,64,68,-4,14,0.04050456340083939,0.029372709379556095,Albany,Stony Brook,1,2,7.6,400918622,2017-02-04
304,2,0:32,32,32,Foul on Joe Cremo.,64,68,-4,0,0.028640744121316043,0.021138037812682437,Albany,Stony Brook,1,2,7.6,400918622,2017-02-04
305,2,0:32,32,32,Bryan Sekunda missed Free Throw.,64,68,-4,0,0.028640744121316043,0.021138037812682437,Albany,Stony Brook,1,2,7.6,400918622,2017-02-04
306,2,0:32,32,32,Stony Brook Deadball Team Rebound.,64,68,-4,0,0.028640744121316043,0.021138037812682437,Albany,Stony Brook,1,2,7.6,400918622,2017-02-04
307,2,0:32,32,32,Bryan Sekunda made Free Throw.,64,69,-5,9,0.01117658081119158,0.008210104815432124,Albany,Stony Brook,1,2,7.6,400918622,2017-02-04
308,2,0:23,23,23,Joe Cremo missed Layup.,64,69,-5,0,0.008305340369509773,0.00618230894378108,Albany,Stony Brook,1,2,7.6,400918622,2017-02-04
309,2,0:23,23,23,Tyrell Sturdivant Defensive Rebound.,64,69,-5,2,0.008305340369509773,0.00618230894378108,Albany,Stony Brook,1,2,7.6,400918622,2017-02-04
310,2,0:21,21,21,Foul on Costa Anderson.,64,69,-5,0,0.007762060360343245,0.005795324383536442,Albany,Stony Brook,1,2,7.6,400918622,2017-02-04
311,2,0:21,21,21,Lucas Woodhouse made Free Throw.,64,70,-6,0,0.00278784830290486,0.0020788280830008137,Albany,Stony Brook,1,2,7.6,400918622,2017-02-04
312,2,0:21,21,21,Lucas Woodhouse made Free Throw.,64,71,-7,4,9.980867407688536e-4,7.439085196360391e-4,Albany,Stony Brook,1,2,7.6,400918622,2017-02-04
313,2,0:17,17,17,Foul on Roland Nyama.,64,71,-7,0,8.231757073232194e-4,6.174475591634666e-4,Albany,Stony Brook,1,2,7.6,400918622,2017-02-04
314,2,0:17,17,17,Devonte Campbell made Free Throw.,65,71,-6,0,0.0023619493595779233,0.0017723329077230273,Albany,Stony Brook,1,2,7.6,400918622,2017-02-04
315,2,0:17,17,17,Devonte Campbell missed Free Throw.,65,71,-6,0,0.0023619493595779233,0.0017723329077230273,Albany,Stony Brook,1,2,7.6,400918622,2017-02-04
316,2,0:17,17,17,Bryan Sekunda Defensive Rebound.,65,71,-6,2,0.0023619493595779233,0.0017723329077230273,Albany,Stony Brook,1,2,7.6,400918622,2017-02-04
317,2,0:15,15,15,Foul on Mike Rowley.,65,71,-6,0,0.0021701993327324027,0.0016336222293111286,Albany,Stony Brook,1,2,7.6,400918622,2017-02-04
318,2,0:15,15,15,Bryan Sekunda made Free Throw.,65,72,-7,0,7.460409176981362e-4,5.61385805020292e-4,Albany,Stony Brook,1,2,7.6,400918622,2017-02-04
319,2,0:15,15,15,Bryan Sekunda missed Free Throw.,65,72,-7,0,7.460409176981362e-4,5.61385805020292e-4,Albany,Stony Brook,1,2,7.6,400918622,2017-02-04
320,2,0:15,15,15,Devonte Campbell Defensive Rebound.,65,72,-7,10,7.460409176981362e-4,5.61385805020292e-4,Albany,Stony Brook,1,2,7.6,400918622,2017-02-04
321,2,0:05,5,5,Joe Cremo missed Three Point Jumper.,65,72,-7,0,4.4839912080831077e-4,3.429527742934268e-4,Albany,Stony Brook,1,2,7.6,400918622,2017-02-04
322,2,0:05,5,5,Bryan Sekunda Block.,65,72,-7,0,4.4839912080831077e-4,3.429527742934268e-4,Albany,Stony Brook,1,2,7.6,400918622,2017-02-04
323,2,0:05,5,5,Kameron Mitchell Defensive Rebound.,65,72,-7,5,4.4839912080831077e-4,3.429527742934268e-4,Albany,Stony Brook,1,2,7.6,400918622,2017-02-04
324,2,0:00,0,0,End of Game,65,72,-7,0,2.0528874553155955e-61,1.580420060273613e-61,Albany,Stony Brook,1,2,7.6,400918622,2017-02-04
