game_id,date,home,away,play_id,half,time_remaining_half,secs_remaining,secs_remaining_absolute,description,action_team,home_score,away_score,score_diff,play_length,scoring_play,foul,win_prob,naive_win_prob,home_time_out_remaining,away_time_out_remaining,home_favored_by,total_line,referees,arena_location,arena,capacity,attendance,shot_x,shot_y,shot_team,shot_outcome,shooter,assist,three_pt,free_throw,possession_before,possession_after,wrong_time
401722025,2024-12-04,Wagner,Coppin St,1,1,19:30,2370,2370,Javier Ezquerra missed Jumper.,home,0,0,0,0,FALSE,FALSE,0.8628738288297593,0.5,6,6,11.5,117.5,,"Staten Island, NY",Spiro Sports Center,NA,201,NA,NA,Wagner,missed,Javier Ezquerra,NA,FALSE,FALSE,Wagner,Coppin St,FALSE
401722025,2024-12-04,Wagner,Coppin St,2,1,19:26,2366,2366,Khali Horton Defensive Rebound.,away,0,0,0,4,FALSE,FALSE,0.8627838144860382,0.5,6,6,11.5,117.5,,"Staten Island, NY",Spiro Sports Center,NA,201,NA,NA,NA,NA,NA,NA,NA,NA,Wagner,Coppin St,FALSE
401722025,2024-12-04,Wagner,Coppin St,3,1,19:11,2351,2351,Camaren Sparrow missed Three Point Jumper.,away,0,0,0,15,FALSE,FALSE,0.8624419421487739,0.5,6,6,11.5,117.5,,"Staten Island, NY",Spiro Sports Center,NA,201,NA,NA,Coppin St,missed,Camaren Sparrow,NA,TRUE,FALSE,Coppin St,Coppin St,FALSE
401722025,2024-12-04,Wagner,Coppin St,4,1,19:08,2348,2348,Peter Oduro Offensive Rebound.,away,0,0,0,3,FALSE,FALSE,0.862372739805112,0.5,6,6,11.5,117.5,,"Staten Island, NY",Spiro Sports Center,NA,201,NA,NA,NA,NA,NA,NA,NA,NA,Coppin St,Coppin St,FALSE
401722025,2024-12-04,Wagner,Coppin St,5,1,19:08,2348,2348,Foul on Keyontae Lewis.,home,0,0,0,0,FALSE,TRUE,0.862372739805112,0.5,6,6,11.5,117.5,,"Staten Island, NY",Spiro Sports Center,NA,201,NA,NA,NA,NA,NA,NA,NA,NA,Coppin St,Coppin St,FALSE
401722025,2024-12-04,Wagner,Coppin St,6,1,19:04,2344,2344,Foul on Di'Andre Howell-South.,home,0,0,0,4,FALSE,TRUE,0.8622800357295448,0.5,6,6,11.5,117.5,,"Staten Island, NY",Spiro Sports Center,NA,201,NA,NA,NA,NA,NA,NA,NA,NA,Coppin St,Coppin St,FALSE
401722025,2024-12-04,Wagner,Coppin St,7,1,18:54,2334,2334,Cam'Ron Brown Turnover.,away,0,0,0,10,FALSE,FALSE,0.8620460846283942,0.5,6,6,11.5,117.5,,"Staten Island, NY",Spiro Sports Center,NA,201,NA,NA,NA,NA,NA,NA,NA,NA,Coppin St,Wagner,FALSE
401722025,2024-12-04,Wagner,Coppin St,8,1,18:54,2334,2334,Keyontae Lewis Steal.,home,0,0,0,0,FALSE,FALSE,0.8620460846283942,0.5,6,6,11.5,117.5,,"Staten Island, NY",Spiro Sports Center,NA,201,NA,NA,NA,NA,NA,NA,NA,NA,Coppin St,Wagner,FALSE
401722025,2024-12-04,Wagner,Coppin St,9,1,18:50,2330,2330,Javier Ezquerra made Jumper.,home,2,0,2,4,TRUE,FALSE,0.8822804029744269,0.5455259319330696,6,6,11.5,117.5,,"Staten Island, NY",Spiro Sports Center,NA,201,NA,NA,Wagner,made,Javier Ezquerra,NA,FALSE,FALSE,Wagner,Coppin St,FALSE
401722025,2024-12-04,Wagner,Coppin St,10,1,18:25,2305,2305,Cam'Ron Brown missed Jumper.,away,2,0,2,25,FALSE,FALSE,0.8819861687033058,0.5460764925484636,6,6,11.5,117.5,,"Staten Island, NY",Spiro Sports Center,NA,201,NA,NA,Coppin St,missed,Cam'Ron Brown,NA,FALSE,FALSE,Coppin St,Wagner,FALSE
401722025,2024-12-04,Wagner,Coppin St,11,1,18:25,2305,2305,Ja'Kair Sanchez Block.,home,2,0,2,0,FALSE,FALSE,0.8819861687033058,0.5460764925484636,6,6,11.5,117.5,,"Staten Island, NY",Spiro Sports Center,NA,201,NA,NA,NA,NA,NA,NA,NA,NA,Coppin St,Wagner,FALSE
401722025,2024-12-04,Wagner,Coppin St,12,1,18:25,2305,2305,Ja'Kair Sanchez Defensive Rebound.,home,2,0,2,0,FALSE,FALSE,0.8819861687033058,0.5460764925484636,6,6,11.5,117.5,,"Staten Island, NY",Spiro Sports Center,NA,201,NA,NA,NA,NA,NA,NA,NA,NA,Coppin St,Wagner,FALSE
401722025,2024-12-04,Wagner,Coppin St,13,1,18:19,2299,2299,Di'Andre Howell-South made Jumper.,home,4,0,4,6,TRUE,FALSE,0.8998937166725908,0.5916365717184265,6,6,11.5,117.5,,"Staten Island, NY",Spiro Sports Center,NA,201,NA,NA,Wagner,made,Di'Andre Howell-South,NA,FALSE,FALSE,Wagner,Coppin St,FALSE
401722025,2024-12-04,Wagner,Coppin St,14,1,18:00,2280,2280,Camaren Sparrow missed Layup.,away,4,0,4,19,FALSE,FALSE,0.8998442579515246,0.5924629166951938,6,6,11.5,117.5,,"Staten Island, NY",Spiro Sports Center,NA,201,NA,NA,Coppin St,missed,Camaren Sparrow,NA,FALSE,FALSE,Coppin St,Wagner,FALSE
401722025,2024-12-04,Wagner,Coppin St,15,1,18:00,2280,2280,Keyontae Lewis Block.,home,4,0,4,0,FALSE,FALSE,0.8998442579515246,0.5924629166951938,6,6,11.5,117.5,,"Staten Island, NY",Spiro Sports Center,NA,201,NA,NA,NA,NA,NA,NA,NA,NA,Coppin St,Wagner,FALSE
401722025,2024-12-04,Wagner,Coppin St,16,1,17:55,2275,2275,Javier Ezquerra Defensive Rebound.,home,4,0,4,5,FALSE,FALSE,0.8998302877583199,0.5926814134074779,6,6,11.5,117.5,,"Staten Island, NY",Spiro Sports Center,NA,201,NA,NA,NA,NA,NA,NA,NA,NA,Coppin St,Wagner,FALSE
401722025,2024-12-04,Wagner,Coppin St,17,1,17:36,2256,2256,Keyontae Lewis made Layup. Assisted by Di'Andre Howell-South.,home,6,0,6,19,TRUE,FALSE,0.9155965209777654,0.6382496260933098,6,6,11.5,117.5,,"Staten Island, NY",Spiro Sports Center,NA,201,NA,NA,Wagner,made,Keyontae Lewis,Di'Andre Howell-South,FALSE,FALSE,Wagner,Coppin St,FALSE
401722025,2024-12-04,Wagner,Coppin St,18,1,17:21,2241,2241,Foul on Khali Horton.,away,6,0,6,15,FALSE,TRUE,0.9156601675442284,0.6391996787404435,6,6,11.5,117.5,,"Staten Island, NY",Spiro Sports Center,NA,201,NA,NA,NA,NA,NA,NA,NA,NA,Coppin St,Wagner,FALSE
401722025,2024-12-04,Wagner,Coppin St,19,1,17:21,2241,2241,Khali Horton Turnover.,away,6,0,6,0,FALSE,FALSE,0.9156601675442284,0.6391996787404435,6,6,11.5,117.5,,"Staten Island, NY",Spiro Sports Center,NA,201,NA,NA,NA,NA,NA,NA,NA,NA,Wagner,Wagner,FALSE
401722025,2024-12-04,Wagner,Coppin St,20,1,16:51,2211,2211,Ja'Kair Sanchez missed Three Point Jumper.,home,6,0,6,30,FALSE,FALSE,0.9157778017795333,0.641109812296154,6,6,11.5,117.5,,"Staten Island, NY",Spiro Sports Center,NA,201,NA,NA,Wagner,missed,Ja'Kair Sanchez,NA,TRUE,FALSE,Wagner,Coppin St,FALSE
401722025,2024-12-04,Wagner,Coppin St,21,1,16:48,2208,2208,Toby Nnadozie Defensive Rebound.,away,6,0,6,3,FALSE,FALSE,0.9157888006379169,0.6413014407038974,6,6,11.5,117.5,,"Staten Island, NY",Spiro Sports Center,NA,201,NA,NA,NA,NA,NA,NA,NA,NA,Wagner,Coppin St,FALSE
401722025,2024-12-04,Wagner,Coppin St,22,1,16:33,2193,2193,Toby Nnadozie made Three Point Jumper. Assisted by Cam'Ron Brown.,away,6,3,3,15,TRUE,FALSE,0.8903720179912795,0.5726314110978687,6,6,11.5,117.5,,"Staten Island, NY",Spiro Sports Center,NA,201,NA,NA,Coppin St,made,Toby Nnadozie,Cam'Ron Brown,TRUE,FALSE,Coppin St,Wagner,FALSE
401722025,2024-12-04,Wagner,Coppin St,23,1,15:59,2159,2159,Ja'Kair Sanchez made Three Point Jumper. Assisted by Javier Ezquerra.,home,9,3,6,34,TRUE,FALSE,0.9159466256317752,0.644442636798817,6,6,11.5,117.5,,"Staten Island, NY",Spiro Sports Center,NA,201,NA,NA,Wagner,made,Ja'Kair Sanchez,Javier Ezquerra,TRUE,FALSE,Wagner,Coppin St,FALSE
401722025,2024-12-04,Wagner,Coppin St,24,1,15:33,2133,2133,Cam'Ron Brown missed Jumper.,away,9,3,6,26,FALSE,FALSE,0.9160155266136426,0.6461218563953547,6,6,11.5,117.5,,"Staten Island, NY",Spiro Sports Center,NA,201,NA,NA,Coppin St,missed,Cam'Ron Brown,NA,FALSE,FALSE,Coppin St,Wagner,FALSE
401722025,2024-12-04,Wagner,Coppin St,25,1,15:28,2128,2128,Ja'Kair Sanchez Defensive Rebound.,home,9,3,6,5,FALSE,FALSE,0.9160278060891694,0.6464461837384224,6,6,11.5,117.5,,"Staten Island, NY",Spiro Sports Center,NA,201,NA,NA,NA,NA,NA,NA,NA,NA,Coppin St,Wagner,FALSE
401722025,2024-12-04,Wagner,Coppin St,26,1,15:05,2105,2105,Ja'Kair Sanchez missed Jumper.,home,9,3,6,23,FALSE,FALSE,0.9160805561166959,0.6479444073033158,6,6,11.5,117.5,,"Staten Island, NY",Spiro Sports Center,NA,201,NA,NA,Wagner,missed,Ja'Kair Sanchez,NA,FALSE,FALSE,Wagner,Coppin St,FALSE
401722025,2024-12-04,Wagner,Coppin St,27,1,15:01,2101,2101,Khali Horton Defensive Rebound.,away,9,3,6,4,FALSE,FALSE,0.9160891330679775,0.6482060767000728,6,6,11.5,117.5,,"Staten Island, NY",Spiro Sports Center,NA,201,NA,NA,NA,NA,NA,NA,NA,NA,Wagner,Coppin St,FALSE
401722025,2024-12-04,Wagner,Coppin St,28,1,14:46,2086,2086,Toby Nnadozie Turnover.,away,9,3,6,15,FALSE,FALSE,0.9161198232537937,0.6491904326352234,6,6,11.5,117.5,,"Staten Island, NY",Spiro Sports Center,NA,201,NA,NA,NA,NA,NA,NA,NA,NA,Coppin St,Wagner,FALSE
401722025,2024-12-04,Wagner,Coppin St,29,1,14:46,2086,2086, Official TV Timeout,NA,9,3,6,0,FALSE,FALSE,0.9161198232537937,0.6491904326352234,6,5,11.5,117.5,,"Staten Island, NY",Spiro Sports Center,NA,201,NA,NA,NA,NA,NA,NA,NA,NA,Wagner,Wagner,FALSE
401722025,2024-12-04,Wagner,Coppin St,30,1,14:28,2068,2068,Tyje Kelton missed Three Point Jumper.,home,9,3,6,18,FALSE,FALSE,0.9161537673818068,0.6503784213858453,6,5,11.5,117.5,,"Staten Island, NY",Spiro Sports Center,NA,201,NA,NA,Wagner,missed,Tyje Kelton,NA,TRUE,FALSE,Wagner,Wagner,FALSE
401722025,2024-12-04,Wagner,Coppin St,31,1,14:25,2065,2065,Keyontae Lewis Offensive Rebound.,home,9,3,6,3,FALSE,FALSE,0.9161591380905689,0.6505771684455451,6,5,11.5,117.5,,"Staten Island, NY",Spiro Sports Center,NA,201,NA,NA,NA,NA,NA,NA,NA,NA,Wagner,Wagner,FALSE
401722025,2024-12-04,Wagner,Coppin St,32,1,14:19,2059,2059,Di'Andre Howell-South Turnover.,home,9,3,6,6,FALSE,FALSE,0.9161696461645626,0.6509753248433195,6,5,11.5,117.5,,"Staten Island, NY",Spiro Sports Center,NA,201,NA,NA,NA,NA,NA,NA,NA,NA,Wagner,Coppin St,FALSE
401722025,2024-12-04,Wagner,Coppin St,33,1,14:04,2044,2044,Khali Horton missed Three Point Jumper.,away,9,3,6,15,FALSE,FALSE,0.9161946191479529,0.6519746840197136,6,5,11.5,117.5,,"Staten Island, NY",Spiro Sports Center,NA,201,NA,NA,Coppin St,missed,Khali Horton,NA,TRUE,FALSE,Coppin St,Wagner,FALSE
401722025,2024-12-04,Wagner,Coppin St,34,1,14:00,2040,2040,Javier Ezquerra Defensive Rebound.,home,9,3,6,4,FALSE,FALSE,0.916200981698404,0.6522421634713588,6,5,11.5,117.5,,"Staten Island, NY",Spiro Sports Center,NA,201,NA,NA,NA,NA,NA,NA,NA,NA,Coppin St,Wagner,FALSE
401722025,2024-12-04,Wagner,Coppin St,35,1,13:33,2013,2013,Ja'Kair Sanchez made Jumper.,home,11,3,8,27,TRUE,FALSE,0.9311599510787063,0.7004075155550918,6,5,11.5,117.5,,"Staten Island, NY",Spiro Sports Center,NA,201,NA,NA,Wagner,made,Ja'Kair Sanchez,NA,FALSE,FALSE,Wagner,Coppin St,FALSE
401722025,2024-12-04,Wagner,Coppin St,36,1,13:04,1984,1984,Jonathan Dunn missed Jumper.,away,11,3,8,29,FALSE,FALSE,0.9313781767791938,0.7028469759416057,6,5,11.5,117.5,,"Staten Island, NY",Spiro Sports Center,NA,201,NA,NA,Coppin St,missed,Jonathan Dunn,NA,FALSE,FALSE,Coppin St,Wagner,FALSE
401722025,2024-12-04,Wagner,Coppin St,37,1,13:00,1980,1980,Ja'Kair Sanchez Defensive Rebound.,home,11,3,8,4,FALSE,FALSE,0.931408181024862,0.7031855466750027,6,5,11.5,117.5,,"Staten Island, NY",Spiro Sports Center,NA,201,NA,NA,NA,NA,NA,NA,NA,NA,Coppin St,Wagner,FALSE
401722025,2024-12-04,Wagner,Coppin St,38,1,12:37,1957,1957,Foul on Julius Ellerbe III.,away,11,3,8,23,FALSE,TRUE,0.9315805486906737,0.7051426879860254,6,5,11.5,117.5,,"Staten Island, NY",Spiro Sports Center,NA,201,NA,NA,NA,NA,NA,NA,NA,NA,Wagner,Wagner,FALSE
401722025,2024-12-04,Wagner,Coppin St,39,1,12:37,1957,1957,Zavier Fitch made Free Throw.,home,12,3,9,0,TRUE,FALSE,0.9382089455367206,0.7272862048629142,6,5,11.5,117.5,,"Staten Island, NY",Spiro Sports Center,NA,201,NA,NA,Wagner,made,Zavier Fitch,NA,FALSE,TRUE,Wagner,Wagner,FALSE
401722025,2024-12-04,Wagner,Coppin St,40,1,12:37,1957,1957,Zavier Fitch made Free Throw.,home,13,3,10,0,TRUE,FALSE,0.9442336315377486,0.7483602129563652,6,5,11.5,117.5,,"Staten Island, NY",Spiro Sports Center,NA,201,NA,NA,Wagner,made,Zavier Fitch,NA,FALSE,TRUE,Wagner,Coppin St,FALSE
401722025,2024-12-04,Wagner,Coppin St,41,1,12:19,1939,1939,Peter Oduro missed Jumper.,away,13,3,10,18,FALSE,FALSE,0.9444428195168895,0.7501074365921617,6,5,11.5,117.5,,"Staten Island, NY",Spiro Sports Center,NA,201,NA,NA,Coppin St,missed,Peter Oduro,NA,FALSE,FALSE,Coppin St,Wagner,FALSE
401722025,2024-12-04,Wagner,Coppin St,42,1,12:15,1935,1935,Javier Ezquerra Defensive Rebound.,home,13,3,10,4,FALSE,FALSE,0.9444894101213424,0.7504971216575839,6,5,11.5,117.5,,"Staten Island, NY",Spiro Sports Center,NA,201,NA,NA,NA,NA,NA,NA,NA,NA,Coppin St,Wagner,FALSE
401722025,2024-12-04,Wagner,Coppin St,43,1,12:07,1927,1927,Tyje Kelton missed Three Point Jumper.,home,13,3,10,8,FALSE,FALSE,0.9445826025466956,0.7512777214485229,6,5,11.5,117.5,,"Staten Island, NY",Spiro Sports Center,NA,201,NA,NA,Wagner,missed,Tyje Kelton,NA,TRUE,FALSE,Wagner,Coppin St,FALSE
401722025,2024-12-04,Wagner,Coppin St,44,1,12:02,1922,1922,Jonathan Dunn Defensive Rebound.,away,13,3,10,5,FALSE,FALSE,0.9446402725586165,0.751764785364124,6,5,11.5,117.5,,"Staten Island, NY",Spiro Sports Center,NA,201,NA,NA,NA,NA,NA,NA,NA,NA,Wagner,Coppin St,FALSE
401722025,2024-12-04,Wagner,Coppin St,45,1,11:57,1917,1917,Jonathan Dunn made Layup. Assisted by Zahree Harrison.,away,13,5,8,5,TRUE,FALSE,0.9318787452686388,0.7085851600524465,6,5,11.5,117.5,,"Staten Island, NY",Spiro Sports Center,NA,201,NA,NA,Coppin St,made,Jonathan Dunn,Zahree Harrison,FALSE,FALSE,Coppin St,Wagner,FALSE
401722025,2024-12-04,Wagner,Coppin St,46,1,11:57,1917,1917, Official TV Timeout,NA,13,5,8,0,FALSE,FALSE,0.9318787452686388,0.7085851600524465,6,4,11.5,117.5,,"Staten Island, NY",Spiro Sports Center,NA,201,NA,NA,NA,NA,NA,NA,NA,NA,Coppin St,Wagner,FALSE
401722025,2024-12-04,Wagner,Coppin St,47,1,11:37,1897,1897,Foul on Julius Ellerbe III.,away,13,5,8,20,FALSE,TRUE,0.9320180202267205,0.710302328224937,6,4,11.5,117.5,,"Staten Island, NY",Spiro Sports Center,NA,201,NA,NA,NA,NA,NA,NA,NA,NA,Wagner,Wagner,FALSE
401722025,2024-12-04,Wagner,Coppin St,48,1,11:20,1880,1880,Ja'Kair Sanchez made Three Point Jumper. Assisted by Javier Ezquerra.,home,16,5,11,17,TRUE,FALSE,0.9506803243865668,0.776069620386814,6,4,11.5,117.5,,"Staten Island, NY",Spiro Sports Center,NA,201,NA,NA,Wagner,made,Ja'Kair Sanchez,Javier Ezquerra,TRUE,FALSE,Wagner,Coppin St,FALSE
401722025,2024-12-04,Wagner,Coppin St,49,1,10:57,1857,1857,Toby Nnadozie missed Three Point Jumper.,away,16,5,11,23,FALSE,FALSE,0.9509555324983245,0.7783550639800373,6,4,11.5,117.5,,"Staten Island, NY",Spiro Sports Center,NA,201,NA,NA,Coppin St,missed,Toby Nnadozie,NA,TRUE,FALSE,Coppin St,Coppin St,FALSE
401722025,2024-12-04,Wagner,Coppin St,50,1,10:51,1851,1851,Peter Oduro Offensive Rebound.,away,16,5,11,6,FALSE,FALSE,0.95102644815175,0.7789502467597392,6,4,11.5,117.5,,"Staten Island, NY",Spiro Sports Center,NA,201,NA,NA,NA,NA,NA,NA,NA,NA,Coppin St,Coppin St,FALSE
401722025,2024-12-04,Wagner,Coppin St,51,1,10:51,1851,1851,Peter Oduro made Jumper.,away,16,7,9,0,TRUE,FALSE,0.9391892650459052,0.7370222350866367,6,4,11.5,117.5,,"Staten Island, NY",Spiro Sports Center,NA,201,NA,NA,Coppin St,made,Peter Oduro,NA,FALSE,FALSE,Coppin St,Wagner,FALSE
401722025,2024-12-04,Wagner,Coppin St,52,1,10:31,1831,1831,Tyje Kelton missed Three Point Jumper.,home,16,7,9,20,FALSE,FALSE,0.9393574094249407,0.7388506090733965,6,4,11.5,117.5,,"Staten Island, NY",Spiro Sports Center,NA,201,NA,NA,Wagner,missed,Tyje Kelton,NA,TRUE,FALSE,Wagner,Coppin St,FALSE
401722025,2024-12-04,Wagner,Coppin St,53,1,10:28,1828,1828,Toby Nnadozie Defensive Rebound.,away,16,7,9,3,FALSE,FALSE,0.9393824271135565,0.7391252693504428,6,4,11.5,117.5,,"Staten Island, NY",Spiro Sports Center,NA,201,NA,NA,NA,NA,NA,NA,NA,NA,Wagner,Coppin St,FALSE
401722025,2024-12-04,Wagner,Coppin St,54,1,10:25,1825,1825,Toby Nnadozie Turnover.,away,16,7,9,3,FALSE,FALSE,0.9394074077522172,0.7394000752581625,6,4,11.5,117.5,,"Staten Island, NY",Spiro Sports Center,NA,201,NA,NA,NA,NA,NA,NA,NA,NA,Coppin St,Wagner,FALSE
401722025,2024-12-04,Wagner,Coppin St,55,1,10:09,1809,1809,Foul on Jonathan Dunn.,away,16,7,9,16,FALSE,TRUE,0.9395402417702264,0.7408687347983344,6,4,11.5,117.5,,"Staten Island, NY",Spiro Sports Center,NA,201,NA,NA,NA,NA,NA,NA,NA,NA,Wagner,Wagner,FALSE
401722025,2024-12-04,Wagner,Coppin St,56,1,10:09,1809,1809,R.J. Greene made Free Throw.,home,17,7,10,0,TRUE,FALSE,0.9458401452776376,0.7626402825599622,6,4,11.5,117.5,,"Staten Island, NY",Spiro Sports Center,NA,201,NA,NA,Wagner,made,R.J. Greene,NA,FALSE,TRUE,Wagner,Wagner,FALSE
401722025,2024-12-04,Wagner,Coppin St,57,1,10:09,1809,1809,R.J. Greene made Free Throw.,home,18,7,11,0,TRUE,FALSE,0.9515174735549291,0.7831181173999334,6,4,11.5,117.5,,"Staten Island, NY",Spiro Sports Center,NA,201,NA,NA,Wagner,made,R.J. Greene,NA,FALSE,TRUE,Wagner,Coppin St,FALSE
401722025,2024-12-04,Wagner,Coppin St,58,1,9:58,1798,1798,Foul on R.J. Greene.,home,18,7,11,11,FALSE,TRUE,0.9516456472692658,0.7842132949349783,6,4,11.5,117.5,,"Staten Island, NY",Spiro Sports Center,NA,201,NA,NA,NA,NA,NA,NA,NA,NA,Coppin St,Coppin St,FALSE
401722025,2024-12-04,Wagner,Coppin St,59,1,9:58,1798,1798,Julius Ellerbe III made Free Throw.,away,18,8,10,0,TRUE,FALSE,0.9459524590863961,0.7637017154517305,6,4,11.5,117.5,,"Staten Island, NY",Spiro Sports Center,NA,201,NA,NA,Coppin St,made,Julius Ellerbe III,NA,FALSE,TRUE,Coppin St,Coppin St,FALSE
401722025,2024-12-04,Wagner,Coppin St,60,1,9:58,1798,1798,Julius Ellerbe III made Free Throw.,away,18,9,9,0,TRUE,FALSE,0.9396314829157352,0.7418821476546341,6,4,11.5,117.5,,"Staten Island, NY",Spiro Sports Center,NA,201,NA,NA,Coppin St,made,Julius Ellerbe III,NA,FALSE,TRUE,Coppin St,Wagner,FALSE
401722025,2024-12-04,Wagner,Coppin St,61,1,9:38,1778,1778,R.J. Greene Turnover.,home,18,9,9,20,FALSE,FALSE,0.9397981943285239,0.7437348850815991,6,4,11.5,117.5,,"Staten Island, NY",Spiro Sports Center,NA,201,NA,NA,NA,NA,NA,NA,NA,NA,Wagner,Coppin St,FALSE
401722025,2024-12-04,Wagner,Coppin St,62,1,9:38,1778,1778,Camaren Sparrow Steal.,away,18,9,9,0,FALSE,FALSE,0.9397981943285239,0.7437348850815991,6,4,11.5,117.5,,"Staten Island, NY",Spiro Sports Center,NA,201,NA,NA,NA,NA,NA,NA,NA,NA,Wagner,Coppin St,FALSE
401722025,2024-12-04,Wagner,Coppin St,63,1,9:32,1772,1772,Khali Horton made Three Point Jumper. Assisted by Zahree Harrison.,away,18,12,6,6,TRUE,FALSE,0.916270385138653,0.670902758285119,6,4,11.5,117.5,,"Staten Island, NY",Spiro Sports Center,NA,201,NA,NA,Coppin St,made,Khali Horton,Zahree Harrison,TRUE,FALSE,Coppin St,Wagner,FALSE
401722025,2024-12-04,Wagner,Coppin St,64,1,9:07,1747,1747,R.J. Greene missed Jumper.,home,18,12,6,25,FALSE,FALSE,0.9162441296636478,0.672720725124298,6,4,11.5,117.5,,"Staten Island, NY",Spiro Sports Center,NA,201,NA,NA,Wagner,missed,R.J. Greene,NA,FALSE,FALSE,Wagner,Wagner,FALSE
401722025,2024-12-04,Wagner,Coppin St,65,1,9:02,1742,1742,Zavier Fitch Offensive Rebound.,home,18,12,6,5,FALSE,FALSE,0.9162393441172484,0.6730881034127011,6,4,11.5,117.5,,"Staten Island, NY",Spiro Sports Center,NA,201,NA,NA,NA,NA,NA,NA,NA,NA,Wagner,Wagner,FALSE
401722025,2024-12-04,Wagner,Coppin St,66,1,9:02,1742,1742,Zavier Fitch missed Jumper.,home,18,12,6,0,FALSE,FALSE,0.9162393441172484,0.6730881034127011,6,4,11.5,117.5,,"Staten Island, NY",Spiro Sports Center,NA,201,NA,NA,Wagner,missed,Zavier Fitch,NA,FALSE,FALSE,Wagner,Wagner,FALSE
401722025,2024-12-04,Wagner,Coppin St,67,1,8:59,1739,1739,Zavier Fitch Offensive Rebound.,home,18,12,6,3,FALSE,FALSE,0.9162365743491439,0.6733091872568224,6,4,11.5,117.5,,"Staten Island, NY",Spiro Sports Center,NA,201,NA,NA,NA,NA,NA,NA,NA,NA,Wagner,Wagner,FALSE
401722025,2024-12-04,Wagner,Coppin St,68,1,8:58,1738,1738,Zavier Fitch made Layup.,home,20,12,8,1,TRUE,FALSE,0.9329830635003161,0.7240621028346971,6,4,11.5,117.5,,"Staten Island, NY",Spiro Sports Center,NA,201,NA,NA,Wagner,made,Zavier Fitch,NA,FALSE,FALSE,Wagner,Coppin St,FALSE
401722025,2024-12-04,Wagner,Coppin St,69,1,8:48,1728,1728,Foul on R.J. Greene.,home,20,12,8,10,FALSE,TRUE,0.9330463945886072,0.7249595287517402,6,4,11.5,117.5,,"Staten Island, NY",Spiro Sports Center,NA,201,NA,NA,NA,NA,NA,NA,NA,NA,Coppin St,Coppin St,FALSE
401722025,2024-12-04,Wagner,Coppin St,70,1,8:43,1723,1723,Jonathan Dunn missed Layup.,away,20,12,8,5,FALSE,FALSE,0.9330786224212481,0.7254106666940867,6,4,11.5,117.5,,"Staten Island, NY",Spiro Sports Center,NA,201,NA,NA,Coppin St,missed,Jonathan Dunn,NA,FALSE,FALSE,Coppin St,Coppin St,FALSE
401722025,2024-12-04,Wagner,Coppin St,71,1,8:42,1722,1722,Foul on Javier Ezquerra.,home,20,12,8,1,FALSE,TRUE,0.9330851161948561,0.725501095359483,6,4,11.5,117.5,,"Staten Island, NY",Spiro Sports Center,NA,201,NA,NA,NA,NA,NA,NA,NA,NA,Coppin St,Coppin St,FALSE
401722025,2024-12-04,Wagner,Coppin St,72,1,8:42,1722,1722,Jonathan Dunn made Free Throw.,away,20,13,7,0,TRUE,FALSE,0.9250887493838497,0.700656476586198,6,4,11.5,117.5,,"Staten Island, NY",Spiro Sports Center,NA,201,NA,NA,Coppin St,made,Jonathan Dunn,NA,FALSE,TRUE,Coppin St,Coppin St,FALSE
401722025,2024-12-04,Wagner,Coppin St,73,1,8:42,1722,1722,Jonathan Dunn made Free Throw.,away,20,14,6,0,TRUE,FALSE,0.916222608415396,0.6745718478708927,6,4,11.5,117.5,,"Staten Island, NY",Spiro Sports Center,NA,201,NA,NA,Coppin St,made,Jonathan Dunn,NA,FALSE,TRUE,Coppin St,Coppin St,FALSE
401722025,2024-12-04,Wagner,Coppin St,74,1,8:40,1720,1720,Jonathan Dunn Offensive Rebound.,away,20,14,6,2,FALSE,FALSE,0.9162211872431668,0.6747215508385839,6,4,11.5,117.5,,"Staten Island, NY",Spiro Sports Center,NA,201,NA,NA,NA,NA,NA,NA,NA,NA,Coppin St,Coppin St,FALSE
401722025,2024-12-04,Wagner,Coppin St,75,1,8:20,1700,1700,Foul on Di'Andre Howell-South.,home,20,14,6,20,FALSE,TRUE,0.9162101315622361,0.6762330421842281,6,4,11.5,117.5,,"Staten Island, NY",Spiro Sports Center,NA,201,NA,NA,NA,NA,NA,NA,NA,NA,Wagner,Coppin St,FALSE
401722025,2024-12-04,Wagner,Coppin St,76,1,8:20,1700,1700,Di'Andre Howell-South Turnover.,home,20,14,6,0,FALSE,FALSE,0.9162101315622361,0.6762330421842281,6,4,11.5,117.5,,"Staten Island, NY",Spiro Sports Center,NA,201,NA,NA,NA,NA,NA,NA,NA,NA,Wagner,Coppin St,FALSE
401722025,2024-12-04,Wagner,Coppin St,77,1,7:51,1671,1671,Julius Ellerbe III made Jumper.,away,20,16,4,29,TRUE,FALSE,0.894991409236715,0.6219278836027325,6,4,11.5,117.5,,"Staten Island, NY",Spiro Sports Center,NA,201,NA,NA,Coppin St,made,Julius Ellerbe III,NA,FALSE,FALSE,Coppin St,Wagner,FALSE
401722025,2024-12-04,Wagner,Coppin St,78,1,7:28,1648,1648, Official TV Timeout,NA,20,16,4,23,FALSE,FALSE,0.8946748459811147,0.6231448800842985,6,3,11.5,117.5,,"Staten Island, NY",Spiro Sports Center,NA,201,NA,NA,NA,NA,NA,NA,NA,NA,Wagner,Wagner,FALSE
401722025,2024-12-04,Wagner,Coppin St,79,1,7:22,1642,1642,Tyje Kelton Turnover.,home,20,16,4,6,FALSE,FALSE,0.8945863641211242,0.6234575479157156,6,3,11.5,117.5,,"Staten Island, NY",Spiro Sports Center,NA,201,NA,NA,NA,NA,NA,NA,NA,NA,Wagner,Coppin St,FALSE
401722025,2024-12-04,Wagner,Coppin St,80,1,7:22,1642,1642,Camaren Sparrow Steal.,away,20,16,4,0,FALSE,FALSE,0.8945863641211242,0.6234575479157156,6,3,11.5,117.5,,"Staten Island, NY",Spiro Sports Center,NA,201,NA,NA,NA,NA,NA,NA,NA,NA,Wagner,Coppin St,FALSE
401722025,2024-12-04,Wagner,Coppin St,81,1,6:57,1617,1617,Camaren Sparrow missed Layup.,away,20,16,4,25,FALSE,FALSE,0.8941962503008657,0.6247461749766383,6,3,11.5,117.5,,"Staten Island, NY",Spiro Sports Center,NA,201,NA,NA,Coppin St,missed,Camaren Sparrow,NA,FALSE,FALSE,Coppin St,Wagner,FALSE
401722025,2024-12-04,Wagner,Coppin St,82,1,6:55,1615,1615,Keyontae Lewis Defensive Rebound.,home,20,16,4,2,FALSE,FALSE,0.8941637546071994,0.6248485872729939,6,3,11.5,117.5,,"Staten Island, NY",Spiro Sports Center,NA,201,NA,NA,NA,NA,NA,NA,NA,NA,Coppin St,Wagner,FALSE
401722025,2024-12-04,Wagner,Coppin St,83,1,6:38,1598,1598,Javier Ezquerra missed Three Point Jumper.,home,20,16,4,17,FALSE,FALSE,0.8938815080610101,0.6257174905111541,6,3,11.5,117.5,,"Staten Island, NY",Spiro Sports Center,NA,201,NA,NA,Wagner,missed,Javier Ezquerra,NA,TRUE,FALSE,Wagner,Coppin St,FALSE
401722025,2024-12-04,Wagner,Coppin St,84,1,6:35,1595,1595,Julius Ellerbe III Defensive Rebound.,away,20,16,4,3,FALSE,FALSE,0.8938307344661403,0.6258707562120631,6,3,11.5,117.5,,"Staten Island, NY",Spiro Sports Center,NA,201,NA,NA,NA,NA,NA,NA,NA,NA,Wagner,Coppin St,FALSE
401722025,2024-12-04,Wagner,Coppin St,85,1,6:09,1569,1569,Jonathan Dunn made Layup.,away,20,18,2,26,TRUE,FALSE,0.8659539623010728,0.5646659211037214,6,3,11.5,117.5,,"Staten Island, NY",Spiro Sports Center,NA,201,NA,NA,Coppin St,made,Jonathan Dunn,NA,FALSE,FALSE,Coppin St,Wagner,FALSE
401722025,2024-12-04,Wagner,Coppin St,86,1,5:45,1545,1545,Javier Ezquerra Turnover.,home,20,18,2,24,FALSE,FALSE,0.8651319663219629,0.5653232062025132,6,3,11.5,117.5,,"Staten Island, NY",Spiro Sports Center,NA,201,NA,NA,NA,NA,NA,NA,NA,NA,Wagner,Coppin St,FALSE
401722025,2024-12-04,Wagner,Coppin St,87,1,5:22,1522,1522,Julius Ellerbe III missed Three Point Jumper.,away,20,18,2,23,FALSE,FALSE,0.8643397955649896,0.5659698093040032,6,3,11.5,117.5,,"Staten Island, NY",Spiro Sports Center,NA,201,NA,NA,Coppin St,missed,Julius Ellerbe III,NA,TRUE,FALSE,Coppin St,Wagner,FALSE
401722025,2024-12-04,Wagner,Coppin St,88,1,5:18,1518,1518,Tyje Kelton Defensive Rebound.,home,20,18,2,4,FALSE,FALSE,0.8642021640815086,0.5660844268742835,6,3,11.5,117.5,,"Staten Island, NY",Spiro Sports Center,NA,201,NA,NA,NA,NA,NA,NA,NA,NA,Coppin St,Wagner,FALSE
401722025,2024-12-04,Wagner,Coppin St,89,1,5:11,1511,1511,Keyontae Lewis missed Three Point Jumper.,home,20,18,2,7,FALSE,FALSE,0.8639616857233668,0.5662867865672898,6,3,11.5,117.5,,"Staten Island, NY",Spiro Sports Center,NA,201,NA,NA,Wagner,missed,Keyontae Lewis,NA,TRUE,FALSE,Wagner,Coppin St,FALSE
401722025,2024-12-04,Wagner,Coppin St,90,1,5:06,1506,1506,Julius Ellerbe III Defensive Rebound.,away,20,18,2,5,FALSE,FALSE,0.8637903121096593,0.5664328016857152,6,3,11.5,117.5,,"Staten Island, NY",Spiro Sports Center,NA,201,NA,NA,NA,NA,NA,NA,NA,NA,Wagner,Coppin St,FALSE
401722025,2024-12-04,Wagner,Coppin St,91,1,4:50,1490,1490,Zahree Harrison Turnover.,away,20,18,2,16,FALSE,FALSE,0.8632451546045308,0.5669091410882444,6,3,11.5,117.5,,"Staten Island, NY",Spiro Sports Center,NA,201,NA,NA,NA,NA,NA,NA,NA,NA,Coppin St,Wagner,FALSE
401722025,2024-12-04,Wagner,Coppin St,92,1,4:50,1490,1490,Ja'Kair Sanchez Steal.,home,20,18,2,0,FALSE,FALSE,0.8632451546045308,0.5669091410882444,6,3,11.5,117.5,,"Staten Island, NY",Spiro Sports Center,NA,201,NA,NA,NA,NA,NA,NA,NA,NA,Coppin St,Wagner,FALSE
401722025,2024-12-04,Wagner,Coppin St,93,1,4:44,1484,1484,Javier Ezquerra made Three Point Jumper. Assisted by Ja'Kair Sanchez.,home,23,18,5,6,TRUE,FALSE,0.9042863077084282,0.6626190024714682,6,3,11.5,117.5,,"Staten Island, NY",Spiro Sports Center,NA,201,NA,NA,Wagner,made,Javier Ezquerra,Ja'Kair Sanchez,TRUE,FALSE,Wagner,Coppin St,FALSE
401722025,2024-12-04,Wagner,Coppin St,94,1,4:30,1470,1470,Coppin State  Timeout,away,23,18,5,14,FALSE,FALSE,0.9041737614577585,0.6636087817760818,6,2,11.5,117.5,,"Staten Island, NY",Spiro Sports Center,NA,201,NA,NA,NA,NA,NA,NA,NA,NA,Coppin St,Coppin St,FALSE
401722025,2024-12-04,Wagner,Coppin St,95,1,4:30,1470,1470, Official TV Timeout,NA,23,18,5,0,FALSE,FALSE,0.9041737614577585,0.6636087817760818,6,1,11.5,117.5,,"Staten Island, NY",Spiro Sports Center,NA,201,NA,NA,NA,NA,NA,NA,NA,NA,Coppin St,Coppin St,FALSE
401722025,2024-12-04,Wagner,Coppin St,96,1,4:14,1454,1454,Camaren Sparrow made Jumper. Assisted by Khali Horton.,away,23,20,3,16,TRUE,FALSE,0.8775401149475286,0.6012785292849163,6,1,11.5,117.5,,"Staten Island, NY",Spiro Sports Center,NA,201,NA,NA,Coppin St,made,Camaren Sparrow,Khali Horton,FALSE,FALSE,Coppin St,Wagner,FALSE
401722025,2024-12-04,Wagner,Coppin St,97,1,3:51,1431,1431,Tyje Kelton made Three Point Jumper. Assisted by R.J. Greene.,home,26,20,6,23,TRUE,FALSE,0.9152792204026261,0.6965097032206116,6,1,11.5,117.5,,"Staten Island, NY",Spiro Sports Center,NA,201,NA,NA,Wagner,made,Tyje Kelton,RJ Greene,TRUE,FALSE,Wagner,Coppin St,FALSE
401722025,2024-12-04,Wagner,Coppin St,98,1,3:28,1408,1408,Khali Horton missed Three Point Jumper.,away,26,20,6,23,FALSE,FALSE,0.9152157253589263,0.6983614815558852,6,1,11.5,117.5,,"Staten Island, NY",Spiro Sports Center,NA,201,NA,NA,Coppin St,missed,Khali Horton,NA,TRUE,FALSE,Coppin St,Wagner,FALSE
401722025,2024-12-04,Wagner,Coppin St,99,1,3:24,1404,1404,R.J. Greene Defensive Rebound.,home,26,20,6,4,FALSE,FALSE,0.9152011232661469,0.6986769004505431,6,1,11.5,117.5,,"Staten Island, NY",Spiro Sports Center,NA,201,NA,NA,NA,NA,NA,NA,NA,NA,Coppin St,Wagner,FALSE
401722025,2024-12-04,Wagner,Coppin St,100,1,3:13,1393,1393,Foul on Jonathan Dunn.,away,26,20,6,11,FALSE,TRUE,0.9151566634367387,0.6995368159484349,6,1,11.5,117.5,,"Staten Island, NY",Spiro Sports Center,NA,201,NA,NA,NA,NA,NA,NA,NA,NA,Wagner,Wagner,FALSE
401722025,2024-12-04,Wagner,Coppin St,101,1,3:13,1393,1393,Keyontae Lewis missed Free Throw.,home,26,20,6,0,FALSE,FALSE,0.9151566634367387,0.6995368159484349,6,1,11.5,117.5,,"Staten Island, NY",Spiro Sports Center,NA,201,NA,NA,Wagner,missed,Keyontae Lewis,NA,FALSE,TRUE,Wagner,Wagner,FALSE
401722025,2024-12-04,Wagner,Coppin St,102,1,3:13,1393,1393,Wagner Offensive Rebound.,home,26,20,6,0,FALSE,FALSE,0.9151566634367387,0.6995368159484349,6,1,11.5,117.5,,"Staten Island, NY",Spiro Sports Center,NA,201,NA,NA,NA,NA,NA,NA,NA,NA,Wagner,Wagner,FALSE
401722025,2024-12-04,Wagner,Coppin St,103,1,3:13,1393,1393,Keyontae Lewis made Free Throw.,home,27,20,7,0,TRUE,FALSE,0.9254725995527658,0.7282856583785082,6,1,11.5,117.5,,"Staten Island, NY",Spiro Sports Center,NA,201,NA,NA,Wagner,made,Keyontae Lewis,NA,FALSE,TRUE,Wagner,Coppin St,FALSE
401722025,2024-12-04,Wagner,Coppin St,104,1,2:51,1371,1371,Khali Horton missed Jumper.,away,27,20,7,22,FALSE,FALSE,0.9254741837601277,0.7301498463155919,6,1,11.5,117.5,,"Staten Island, NY",Spiro Sports Center,NA,201,NA,NA,Coppin St,missed,Khali Horton,NA,FALSE,FALSE,Coppin St,Wagner,FALSE
401722025,2024-12-04,Wagner,Coppin St,105,1,2:48,1368,1368,Wagner Defensive Rebound.,home,27,20,7,3,FALSE,FALSE,0.925473513967259,0.7304026647966163,6,1,11.5,117.5,,"Staten Island, NY",Spiro Sports Center,NA,201,NA,NA,NA,NA,NA,NA,NA,NA,Coppin St,Wagner,FALSE
401722025,2024-12-04,Wagner,Coppin St,106,1,2:25,1345,1345,R.J. Greene Turnover.,home,27,20,7,23,FALSE,FALSE,0.9254666075443673,0.7323428265910866,6,1,11.5,117.5,,"Staten Island, NY",Spiro Sports Center,NA,201,NA,NA,NA,NA,NA,NA,NA,NA,Wagner,Coppin St,FALSE
401722025,2024-12-04,Wagner,Coppin St,107,1,2:25,1345,1345,Toby Nnadozie Steal.,away,27,20,7,0,FALSE,FALSE,0.9254666075443673,0.7323428265910866,6,1,11.5,117.5,,"Staten Island, NY",Spiro Sports Center,NA,201,NA,NA,NA,NA,NA,NA,NA,NA,Wagner,Coppin St,FALSE
401722025,2024-12-04,Wagner,Coppin St,108,1,2:20,1340,1340,Toby Nnadozie Turnover.,away,27,20,7,5,FALSE,FALSE,0.9254654916199228,0.7327669817712782,6,1,11.5,117.5,,"Staten Island, NY",Spiro Sports Center,NA,201,NA,NA,NA,NA,NA,NA,NA,NA,Coppin St,Wagner,FALSE
401722025,2024-12-04,Wagner,Coppin St,109,1,2:20,1340,1340,R.J. Greene Steal.,home,27,20,7,0,FALSE,FALSE,0.9254654916199228,0.7327669817712782,6,1,11.5,117.5,,"Staten Island, NY",Spiro Sports Center,NA,201,NA,NA,NA,NA,NA,NA,NA,NA,Coppin St,Wagner,FALSE
401722025,2024-12-04,Wagner,Coppin St,110,1,2:04,1324,1324,R.J. Greene missed Jumper.,home,27,20,7,16,FALSE,FALSE,0.9254655718374607,0.7341365346377323,6,1,11.5,117.5,,"Staten Island, NY",Spiro Sports Center,NA,201,NA,NA,Wagner,missed,R.J. Greene,NA,FALSE,FALSE,Wagner,Wagner,FALSE
401722025,2024-12-04,Wagner,Coppin St,111,1,2:02,1322,1322,R.J. Greene Offensive Rebound.,home,27,20,7,2,FALSE,FALSE,0.9254661257294229,0.7343094047656499,6,1,11.5,117.5,,"Staten Island, NY",Spiro Sports Center,NA,201,NA,NA,NA,NA,NA,NA,NA,NA,Wagner,Wagner,FALSE
401722025,2024-12-04,Wagner,Coppin St,112,1,1:50,1310,1310,Wagner  Turnover.,home,27,20,7,12,FALSE,FALSE,0.9254729160836492,0.7353566385071476,6,1,11.5,117.5,,"Staten Island, NY",Spiro Sports Center,NA,201,NA,NA,NA,NA,NA,NA,NA,NA,Wagner,Coppin St,FALSE
401722025,2024-12-04,Wagner,Coppin St,113,1,1:22,1282,1282,Toby Nnadozie Turnover.,away,27,20,7,28,FALSE,FALSE,0.9255205314438842,0.7378871137951224,6,1,11.5,117.5,,"Staten Island, NY",Spiro Sports Center,NA,201,NA,NA,NA,NA,NA,NA,NA,NA,Coppin St,Wagner,FALSE
401722025,2024-12-04,Wagner,Coppin St,114,1,1:22,1282,1282,Keyontae Lewis Steal.,home,27,20,7,0,FALSE,FALSE,0.9255205314438842,0.7378871137951224,6,1,11.5,117.5,,"Staten Island, NY",Spiro Sports Center,NA,201,NA,NA,NA,NA,NA,NA,NA,NA,Coppin St,Wagner,FALSE
401722025,2024-12-04,Wagner,Coppin St,115,1,1:01,1261,1261,Foul on Khali Horton.,away,27,20,7,21,FALSE,TRUE,0.9255969480277473,0.739891326598052,6,1,11.5,117.5,,"Staten Island, NY",Spiro Sports Center,NA,201,NA,NA,NA,NA,NA,NA,NA,NA,Wagner,Wagner,FALSE
401722025,2024-12-04,Wagner,Coppin St,116,1,1:01,1261,1261,R.J. Greene missed Free Throw.,home,27,20,7,0,FALSE,FALSE,0.9255969480277473,0.739891326598052,6,1,11.5,117.5,,"Staten Island, NY",Spiro Sports Center,NA,201,NA,NA,Wagner,missed,R.J. Greene,NA,FALSE,TRUE,Wagner,Wagner,FALSE
401722025,2024-12-04,Wagner,Coppin St,117,1,1:01,1261,1261,Wagner Offensive Rebound.,home,27,20,7,0,FALSE,FALSE,0.9255969480277473,0.739891326598052,6,1,11.5,117.5,,"Staten Island, NY",Spiro Sports Center,NA,201,NA,NA,NA,NA,NA,NA,NA,NA,Wagner,Wagner,FALSE
401722025,2024-12-04,Wagner,Coppin St,118,1,1:01,1261,1261,R.J. Greene made Free Throw.,home,28,20,8,0,TRUE,FALSE,0.9352503115049113,0.7675890220697047,6,1,11.5,117.5,,"Staten Island, NY",Spiro Sports Center,NA,201,NA,NA,Wagner,made,R.J. Greene,NA,FALSE,TRUE,Wagner,Coppin St,FALSE
401722025,2024-12-04,Wagner,Coppin St,119,1,0:41,1241,1241,Foul on Keyontae Lewis.,home,28,20,8,20,FALSE,TRUE,0.9354425884704372,0.7697241712622596,6,1,11.5,117.5,,"Staten Island, NY",Spiro Sports Center,NA,201,NA,NA,NA,NA,NA,NA,NA,NA,Coppin St,Coppin St,FALSE
401722025,2024-12-04,Wagner,Coppin St,120,1,0:41,1241,1241,Peter Oduro made Free Throw.,away,28,21,7,0,TRUE,FALSE,0.9257124680918991,0.7419081822480618,6,1,11.5,117.5,,"Staten Island, NY",Spiro Sports Center,NA,201,NA,NA,Coppin St,made,Peter Oduro,NA,FALSE,TRUE,Coppin St,Coppin St,FALSE
401722025,2024-12-04,Wagner,Coppin St,121,1,0:41,1241,1241,Peter Oduro missed Free Throw.,away,28,21,7,0,FALSE,FALSE,0.9257124680918991,0.7419081822480618,6,1,11.5,117.5,,"Staten Island, NY",Spiro Sports Center,NA,201,NA,NA,Coppin St,missed,Peter Oduro,NA,FALSE,TRUE,Coppin St,Wagner,FALSE
401722025,2024-12-04,Wagner,Coppin St,122,1,0:41,1241,1241,Javier Ezquerra Defensive Rebound.,home,28,21,7,0,FALSE,FALSE,0.9257124680918991,0.7419081822480618,6,1,11.5,117.5,,"Staten Island, NY",Spiro Sports Center,NA,201,NA,NA,NA,NA,NA,NA,NA,NA,Coppin St,Wagner,FALSE
401722025,2024-12-04,Wagner,Coppin St,123,1,0:19,1219,1219,Tyje Kelton missed Jumper.,home,28,21,7,22,FALSE,FALSE,0.9258981621306297,0.7442717937462239,6,1,11.5,117.5,,"Staten Island, NY",Spiro Sports Center,NA,201,NA,NA,Wagner,missed,Tyje Kelton,NA,FALSE,FALSE,Wagner,Coppin St,FALSE
401722025,2024-12-04,Wagner,Coppin St,124,1,0:14,1214,1214,Jonathan Dunn Defensive Rebound.,away,28,21,7,5,FALSE,FALSE,0.9259500532839255,0.7448326450253743,6,1,11.5,117.5,,"Staten Island, NY",Spiro Sports Center,NA,201,NA,NA,NA,NA,NA,NA,NA,NA,Wagner,Coppin St,FALSE
401722025,2024-12-04,Wagner,Coppin St,125,1,0:04,1204,1204,Khali Horton missed Three Point Jumper.,away,28,21,7,10,FALSE,FALSE,0.9260613162398362,0.7459706172322519,6,1,11.5,117.5,,"Staten Island, NY",Spiro Sports Center,NA,201,NA,NA,Coppin St,missed,Khali Horton,NA,TRUE,FALSE,Coppin St,Coppin St,FALSE
401722025,2024-12-04,Wagner,Coppin St,126,1,0:00,1200,1200,Cam'Ron Brown Offensive Rebound.,away,28,21,7,4,FALSE,FALSE,0.9261045347966148,0.7464201950257408,6,1,11.5,117.5,,"Staten Island, NY",Spiro Sports Center,NA,201,NA,NA,NA,NA,NA,NA,NA,NA,Coppin St,Coppin St,FALSE
401722025,2024-12-04,Wagner,Coppin St,127,1,0:00,1200,1200,End of 1st half,NA,28,21,7,0,FALSE,FALSE,0.9261045347966148,0.7464201950257408,6,1,11.5,117.5,,"Staten Island, NY",Spiro Sports Center,NA,201,NA,NA,NA,NA,NA,NA,NA,NA,Coppin St,NA,FALSE
401722025,2024-12-04,Wagner,Coppin St,128,2,19:47,1187,1187,Toby Nnadozie missed Jumper.,away,28,21,7,13,FALSE,FALSE,0.9262380506268636,0.7478543904370972,6,1,11.5,117.5,,"Staten Island, NY",Spiro Sports Center,NA,201,NA,NA,Coppin St,missed,Toby Nnadozie,NA,FALSE,FALSE,Coppin St,Coppin St,FALSE
401722025,2024-12-04,Wagner,Coppin St,129,2,19:40,1180,1180,Toby Nnadozie Offensive Rebound.,away,28,21,7,7,FALSE,FALSE,0.926306171322216,0.7486117029144626,6,1,11.5,117.5,,"Staten Island, NY",Spiro Sports Center,NA,201,NA,NA,NA,NA,NA,NA,NA,NA,Coppin St,Coppin St,FALSE
401722025,2024-12-04,Wagner,Coppin St,130,2,19:38,1178,1178,Khali Horton Turnover.,away,28,21,7,2,FALSE,FALSE,0.9263252229349237,0.7488264035641848,6,1,11.5,117.5,,"Staten Island, NY",Spiro Sports Center,NA,201,NA,NA,NA,NA,NA,NA,NA,NA,Coppin St,Wagner,FALSE
401722025,2024-12-04,Wagner,Coppin St,131,2,19:38,1178,1178,Keyontae Lewis Steal.,home,28,21,7,0,FALSE,FALSE,0.9263252229349237,0.7488264035641848,6,1,11.5,117.5,,"Staten Island, NY",Spiro Sports Center,NA,201,NA,NA,NA,NA,NA,NA,NA,NA,Coppin St,Wagner,FALSE
401722025,2024-12-04,Wagner,Coppin St,132,2,19:09,1149,1149,Foul on Camaren Sparrow.,away,28,21,7,29,FALSE,TRUE,0.926587227115357,0.751876972527606,6,1,11.5,117.5,,"Staten Island, NY",Spiro Sports Center,NA,201,NA,NA,NA,NA,NA,NA,NA,NA,Wagner,Wagner,FALSE
401722025,2024-12-04,Wagner,Coppin St,133,2,19:02,1142,1142,Ja'Kair Sanchez made Three Point Jumper. Assisted by Javier Ezquerra.,home,31,21,10,7,TRUE,FALSE,0.9531628280685946,0.8305228195747464,6,1,11.5,117.5,,"Staten Island, NY",Spiro Sports Center,NA,201,NA,NA,Wagner,made,Ja'Kair Sanchez,Javier Ezquerra,TRUE,FALSE,Wagner,Coppin St,FALSE
401722025,2024-12-04,Wagner,Coppin St,134,2,18:39,1119,1119,Foul on Di'Andre Howell-South.,home,31,21,10,23,FALSE,TRUE,0.9535387183817517,0.8330784994292681,6,1,11.5,117.5,,"Staten Island, NY",Spiro Sports Center,NA,201,NA,NA,NA,NA,NA,NA,NA,NA,Coppin St,Coppin St,FALSE
401722025,2024-12-04,Wagner,Coppin St,135,2,18:20,1100,1100,Toby Nnadozie missed Jumper.,away,31,21,10,19,FALSE,FALSE,0.9538555159149096,0.8351936747714446,6,1,11.5,117.5,,"Staten Island, NY",Spiro Sports Center,NA,201,NA,NA,Coppin St,missed,Toby Nnadozie,NA,FALSE,FALSE,Coppin St,Coppin St,FALSE
401722025,2024-12-04,Wagner,Coppin St,136,2,18:16,1096,1096,Camaren Sparrow Offensive Rebound.,away,31,21,10,4,FALSE,FALSE,0.9539236715991726,0.8356420082375464,6,1,11.5,117.5,,"Staten Island, NY",Spiro Sports Center,NA,201,NA,NA,NA,NA,NA,NA,NA,NA,Coppin St,Coppin St,FALSE
401722025,2024-12-04,Wagner,Coppin St,137,2,18:13,1093,1093,Khali Horton missed Three Point Jumper.,away,31,21,10,3,FALSE,FALSE,0.9539752154214088,0.8359792740229366,6,1,11.5,117.5,,"Staten Island, NY",Spiro Sports Center,NA,201,NA,NA,Coppin St,missed,Khali Horton,NA,TRUE,FALSE,Coppin St,Wagner,FALSE
401722025,2024-12-04,Wagner,Coppin St,138,2,18:11,1091,1091,Javier Ezquerra Defensive Rebound.,home,31,21,10,2,FALSE,FALSE,0.9540097965708889,0.8362046539471606,6,1,11.5,117.5,,"Staten Island, NY",Spiro Sports Center,NA,201,NA,NA,NA,NA,NA,NA,NA,NA,Coppin St,Wagner,FALSE
401722025,2024-12-04,Wagner,Coppin St,139,2,18:03,1083,1083,Foul on Peter Oduro.,away,31,21,10,8,FALSE,TRUE,0.9541500448723812,0.8371110614760461,6,1,11.5,117.5,,"Staten Island, NY",Spiro Sports Center,NA,201,NA,NA,NA,NA,NA,NA,NA,NA,Wagner,Wagner,FALSE
401722025,2024-12-04,Wagner,Coppin St,140,2,17:48,1068,1068,Javier Ezquerra made Jumper.,home,33,21,12,15,TRUE,FALSE,0.9668056278213405,0.8786295628975851,6,1,11.5,117.5,,"Staten Island, NY",Spiro Sports Center,NA,201,NA,NA,Wagner,made,Javier Ezquerra,NA,FALSE,FALSE,Wagner,Coppin St,FALSE
401722025,2024-12-04,Wagner,Coppin St,141,2,17:40,1060,1060,Camaren Sparrow missed Jumper.,away,33,21,12,8,FALSE,FALSE,0.9669618674807188,0.8795160379738705,6,1,11.5,117.5,,"Staten Island, NY",Spiro Sports Center,NA,201,NA,NA,Coppin St,missed,Camaren Sparrow,NA,FALSE,FALSE,Coppin St,Wagner,FALSE
401722025,2024-12-04,Wagner,Coppin St,142,2,17:40,1060,1060,Tyje Kelton Block.,home,33,21,12,0,FALSE,FALSE,0.9669618674807188,0.8795160379738705,6,1,11.5,117.5,,"Staten Island, NY",Spiro Sports Center,NA,201,NA,NA,NA,NA,NA,NA,NA,NA,Coppin St,Wagner,FALSE
401722025,2024-12-04,Wagner,Coppin St,143,2,17:34,1054,1054,Keyontae Lewis Defensive Rebound.,home,33,21,12,6,FALSE,FALSE,0.9670817268127653,0.880188525751108,6,1,11.5,117.5,,"Staten Island, NY",Spiro Sports Center,NA,201,NA,NA,NA,NA,NA,NA,NA,NA,Coppin St,Wagner,FALSE
401722025,2024-12-04,Wagner,Coppin St,144,2,17:32,1052,1052,Ja'Kair Sanchez made Jumper. Assisted by Javier Ezquerra.,home,35,21,14,2,TRUE,FALSE,0.976206332379177,0.9112574090599216,6,1,11.5,117.5,,"Staten Island, NY",Spiro Sports Center,NA,201,NA,NA,Wagner,made,Ja'Kair Sanchez,Javier Ezquerra,FALSE,FALSE,Wagner,Coppin St,FALSE
401722025,2024-12-04,Wagner,Coppin St,145,2,17:11,1031,1031,Peter Oduro Turnover.,away,35,21,14,21,FALSE,FALSE,0.9766188746066607,0.9134246998410931,6,1,11.5,117.5,,"Staten Island, NY",Spiro Sports Center,NA,201,NA,NA,NA,NA,NA,NA,NA,NA,Coppin St,Wagner,FALSE
401722025,2024-12-04,Wagner,Coppin St,146,2,17:11,1031,1031,Ja'Kair Sanchez Steal.,home,35,21,14,0,FALSE,FALSE,0.9766188746066607,0.9134246998410931,6,1,11.5,117.5,,"Staten Island, NY",Spiro Sports Center,NA,201,NA,NA,NA,NA,NA,NA,NA,NA,Coppin St,Wagner,FALSE
401722025,2024-12-04,Wagner,Coppin St,147,2,17:08,1028,1028,Ja'Kair Sanchez missed Jumper.,home,35,21,14,3,FALSE,FALSE,0.9766801969536287,0.913741389634953,6,1,11.5,117.5,,"Staten Island, NY",Spiro Sports Center,NA,201,NA,NA,Wagner,missed,Ja'Kair Sanchez,NA,FALSE,FALSE,Wagner,Coppin St,FALSE
401722025,2024-12-04,Wagner,Coppin St,148,2,17:04,1024,1024,Peter Oduro Defensive Rebound.,away,35,21,14,4,FALSE,FALSE,0.9767629675275619,0.9141666677002975,6,1,11.5,117.5,,"Staten Island, NY",Spiro Sports Center,NA,201,NA,NA,NA,NA,NA,NA,NA,NA,Wagner,Coppin St,FALSE
401722025,2024-12-04,Wagner,Coppin St,149,2,16:35,995,995,Coppin State  Turnover.,away,35,21,14,29,FALSE,FALSE,0.9774006720441255,0.9173640776148221,6,1,11.5,117.5,,"Staten Island, NY",Spiro Sports Center,NA,201,NA,NA,NA,NA,NA,NA,NA,NA,Coppin St,Wagner,FALSE
401722025,2024-12-04,Wagner,Coppin St,150,2,16:09,969,969,Tyje Kelton made Three Point Jumper. Assisted by Keyontae Lewis.,home,38,21,17,26,TRUE,FALSE,0.9868838949577975,0.9513259550151146,6,1,11.5,117.5,,"Staten Island, NY",Spiro Sports Center,NA,201,NA,NA,Wagner,made,Tyje Kelton,Keyontae Lewis,TRUE,FALSE,Wagner,Coppin St,FALSE
401722025,2024-12-04,Wagner,Coppin St,151,2,15:52,952,952,Toby Nnadozie missed Three Point Jumper.,away,38,21,17,17,FALSE,FALSE,0.987199599943355,0.9528007543909036,6,1,11.5,117.5,,"Staten Island, NY",Spiro Sports Center,NA,201,NA,NA,Coppin St,missed,Toby Nnadozie,NA,TRUE,FALSE,Coppin St,Wagner,FALSE
401722025,2024-12-04,Wagner,Coppin St,152,2,15:48,948,948,R.J. Greene Defensive Rebound.,home,38,21,17,4,FALSE,FALSE,0.9872682018578227,0.9531225635823615,6,1,11.5,117.5,,"Staten Island, NY",Spiro Sports Center,NA,201,NA,NA,NA,NA,NA,NA,NA,NA,Coppin St,Wagner,FALSE
401722025,2024-12-04,Wagner,Coppin St,153,2,15:46,946,946,Foul on Julius Ellerbe III.,away,38,21,17,2,FALSE,TRUE,0.9873017825316676,0.9532802614741622,6,1,11.5,117.5,,"Staten Island, NY",Spiro Sports Center,NA,201,NA,NA,NA,NA,NA,NA,NA,NA,Wagner,Wagner,FALSE
401722025,2024-12-04,Wagner,Coppin St,154,2,15:46,946,946,R.J. Greene made Free Throw.,home,39,21,18,0,TRUE,FALSE,0.9893439129186642,0.9605752602237912,6,1,11.5,117.5,,"Staten Island, NY",Spiro Sports Center,NA,201,NA,NA,Wagner,made,R.J. Greene,NA,FALSE,TRUE,Wagner,Wagner,FALSE
401722025,2024-12-04,Wagner,Coppin St,155,2,15:46,946,946,R.J. Greene missed Free Throw.,home,39,21,18,0,FALSE,FALSE,0.9893439129186642,0.9605752602237912,6,1,11.5,117.5,,"Staten Island, NY",Spiro Sports Center,NA,201,NA,NA,Wagner,missed,R.J. Greene,NA,FALSE,TRUE,Wagner,Wagner,FALSE
401722025,2024-12-04,Wagner,Coppin St,156,2,15:46,946,946,Tyje Kelton Offensive Rebound.,home,39,21,18,0,FALSE,FALSE,0.9893439129186642,0.9605752602237912,6,1,11.5,117.5,,"Staten Island, NY",Spiro Sports Center,NA,201,NA,NA,NA,NA,NA,NA,NA,NA,Wagner,Wagner,FALSE
401722025,2024-12-04,Wagner,Coppin St,157,2,15:27,927,927,Javier Ezquerra missed Jumper.,home,39,21,18,19,FALSE,FALSE,0.9896140058287435,0.9618386352091153,6,1,11.5,117.5,,"Staten Island, NY",Spiro Sports Center,NA,201,NA,NA,Wagner,missed,Javier Ezquerra,NA,FALSE,FALSE,Wagner,Coppin St,FALSE
401722025,2024-12-04,Wagner,Coppin St,158,2,15:23,923,923,Khali Horton Defensive Rebound.,away,39,21,18,4,FALSE,FALSE,0.9896671004524246,0.9620875457740963,6,1,11.5,117.5,,"Staten Island, NY",Spiro Sports Center,NA,201,NA,NA,NA,NA,NA,NA,NA,NA,Wagner,Coppin St,FALSE
401722025,2024-12-04,Wagner,Coppin St,159,2,15:19,919,919,Jonathan Dunn Turnover.,away,39,21,18,4,FALSE,FALSE,0.9897191112216482,0.9623314800649634,6,1,11.5,117.5,,"Staten Island, NY",Spiro Sports Center,NA,201,NA,NA,NA,NA,NA,NA,NA,NA,Coppin St,Wagner,FALSE
401722025,2024-12-04,Wagner,Coppin St,160,2,15:19,919,919,R.J. Greene Steal.,home,39,21,18,0,FALSE,FALSE,0.9897191112216482,0.9623314800649634,6,1,11.5,117.5,,"Staten Island, NY",Spiro Sports Center,NA,201,NA,NA,NA,NA,NA,NA,NA,NA,Coppin St,Wagner,FALSE
401722025,2024-12-04,Wagner,Coppin St,161,2,15:14,914,914,Foul on Jonathan Dunn.,away,39,21,18,5,FALSE,TRUE,0.9897827474748047,0.9626300173376785,6,1,11.5,117.5,,"Staten Island, NY",Spiro Sports Center,NA,201,NA,NA,NA,NA,NA,NA,NA,NA,Wagner,Wagner,FALSE
401722025,2024-12-04,Wagner,Coppin St,162,2,15:00,900,900,R.J. Greene Turnover.,home,39,21,18,14,FALSE,FALSE,0.9899542746389373,0.9634344067925352,6,1,11.5,117.5,,"Staten Island, NY",Spiro Sports Center,NA,201,NA,NA,NA,NA,NA,NA,NA,NA,Wagner,Coppin St,FALSE
401722025,2024-12-04,Wagner,Coppin St,163,2,15:00,900,900,Toby Nnadozie Steal.,away,39,21,18,0,FALSE,FALSE,0.9899542746389373,0.9634344067925352,6,1,11.5,117.5,,"Staten Island, NY",Spiro Sports Center,NA,201,NA,NA,NA,NA,NA,NA,NA,NA,Wagner,Coppin St,FALSE
401722025,2024-12-04,Wagner,Coppin St,164,2,14:29,869,869,Khali Horton missed Three Point Jumper.,away,39,21,18,31,FALSE,FALSE,0.9903150944394946,0.9651157364592218,6,1,11.5,117.5,,"Staten Island, NY",Spiro Sports Center,NA,201,NA,NA,Coppin St,missed,Khali Horton,NA,TRUE,FALSE,Coppin St,Coppin St,FALSE
401722025,2024-12-04,Wagner,Coppin St,165,2,14:26,866,866,Toby Nnadozie Offensive Rebound.,away,39,21,18,3,FALSE,FALSE,0.9903496740836576,0.9652754076824239,6,1,11.5,117.5,,"Staten Island, NY",Spiro Sports Center,NA,201,NA,NA,NA,NA,NA,NA,NA,NA,Coppin St,Coppin St,FALSE
401722025,2024-12-04,Wagner,Coppin St,166,2,14:25,865,865,Foul on R.J. Greene.,home,39,21,18,1,FALSE,TRUE,0.9903612157102022,0.9653286257240189,6,1,11.5,117.5,,"Staten Island, NY",Spiro Sports Center,NA,201,NA,NA,NA,NA,NA,NA,NA,NA,Coppin St,Coppin St,FALSE
401722025,2024-12-04,Wagner,Coppin St,167,2,14:15,855,855,Khali Horton Turnover.,away,39,21,18,10,FALSE,FALSE,0.9904773417791319,0.9658618149886213,6,1,11.5,117.5,,"Staten Island, NY",Spiro Sports Center,NA,201,NA,NA,NA,NA,NA,NA,NA,NA,Coppin St,Wagner,FALSE
401722025,2024-12-04,Wagner,Coppin St,168,2,14:15,855,855,Javier Ezquerra Steal.,home,39,21,18,0,FALSE,FALSE,0.9904773417791319,0.9658618149886213,6,1,11.5,117.5,,"Staten Island, NY",Spiro Sports Center,NA,201,NA,NA,NA,NA,NA,NA,NA,NA,Coppin St,Wagner,FALSE
401722025,2024-12-04,Wagner,Coppin St,169,2,13:57,837,837,Zavier Fitch missed Jumper.,home,39,21,18,18,FALSE,FALSE,0.9906923067436464,0.966836682982495,6,1,11.5,117.5,,"Staten Island, NY",Spiro Sports Center,NA,201,NA,NA,Wagner,missed,Zavier Fitch,NA,FALSE,FALSE,Wagner,Wagner,FALSE
401722025,2024-12-04,Wagner,Coppin St,170,2,13:57,837,837,Peter Oduro Block.,away,39,21,18,0,FALSE,FALSE,0.9906923067436464,0.966836682982495,6,1,11.5,117.5,,"Staten Island, NY",Spiro Sports Center,NA,201,NA,NA,NA,NA,NA,NA,NA,NA,Wagner,Wagner,FALSE
401722025,2024-12-04,Wagner,Coppin St,171,2,13:57,837,837,Wagner Offensive Rebound.,home,39,21,18,0,FALSE,FALSE,0.9906923067436464,0.966836682982495,6,1,11.5,117.5,,"Staten Island, NY",Spiro Sports Center,NA,201,NA,NA,NA,NA,NA,NA,NA,NA,Wagner,Wagner,FALSE
401722025,2024-12-04,Wagner,Coppin St,172,2,13:47,827,827,Tyje Kelton missed Three Point Jumper.,home,39,21,18,10,FALSE,FALSE,0.9908168796301288,0.9673938220276102,6,1,11.5,117.5,,"Staten Island, NY",Spiro Sports Center,NA,201,NA,NA,Wagner,missed,Tyje Kelton,NA,TRUE,FALSE,Wagner,Wagner,FALSE
401722025,2024-12-04,Wagner,Coppin St,173,2,13:43,823,823,Zae Blake Offensive Rebound.,home,39,21,18,4,FALSE,FALSE,0.9908680295476568,0.9676208948454091,6,1,11.5,117.5,,"Staten Island, NY",Spiro Sports Center,NA,201,NA,NA,NA,NA,NA,NA,NA,NA,Wagner,Wagner,FALSE
401722025,2024-12-04,Wagner,Coppin St,174,2,13:41,821,821,Javier Ezquerra missed Three Point Jumper.,home,39,21,18,2,FALSE,FALSE,0.9908939168661461,0.967735445095119,6,1,11.5,117.5,,"Staten Island, NY",Spiro Sports Center,NA,201,NA,NA,Wagner,missed,Javier Ezquerra,NA,TRUE,FALSE,Wagner,Coppin St,FALSE
401722025,2024-12-04,Wagner,Coppin St,175,2,13:36,816,816,Jonathan Dunn Defensive Rebound.,away,39,21,18,5,FALSE,FALSE,0.9909596026050081,0.9680249875674543,6,1,11.5,117.5,,"Staten Island, NY",Spiro Sports Center,NA,201,NA,NA,NA,NA,NA,NA,NA,NA,Wagner,Coppin St,FALSE
401722025,2024-12-04,Wagner,Coppin St,176,2,13:22,802,802,Jonathan Dunn made Layup.,away,39,23,16,14,TRUE,FALSE,0.9870888430833853,0.9550299322507809,6,1,11.5,117.5,,"Staten Island, NY",Spiro Sports Center,NA,201,NA,NA,Coppin St,made,Jonathan Dunn,NA,FALSE,FALSE,Coppin St,Wagner,FALSE
401722025,2024-12-04,Wagner,Coppin St,177,2,13:07,787,787,Javier Ezquerra missed Three Point Jumper.,home,39,23,16,15,FALSE,FALSE,0.9873657687611874,0.9562322889905556,6,1,11.5,117.5,,"Staten Island, NY",Spiro Sports Center,NA,201,NA,NA,Wagner,missed,Javier Ezquerra,NA,TRUE,FALSE,Wagner,Coppin St,FALSE
401722025,2024-12-04,Wagner,Coppin St,178,2,13:03,783,783,Zahree Harrison Defensive Rebound.,away,39,23,16,4,FALSE,FALSE,0.9874435610478418,0.9565662955550475,6,1,11.5,117.5,,"Staten Island, NY",Spiro Sports Center,NA,201,NA,NA,NA,NA,NA,NA,NA,NA,Wagner,Coppin St,FALSE
401722025,2024-12-04,Wagner,Coppin St,179,2,13:00,780,780,Zahree Harrison made Jumper.,away,39,25,14,3,TRUE,FALSE,0.981700524029287,0.9376710606842351,6,1,11.5,117.5,,"Staten Island, NY",Spiro Sports Center,NA,201,NA,NA,Coppin St,made,Zahree Harrison,NA,FALSE,FALSE,Coppin St,Wagner,FALSE
401722025,2024-12-04,Wagner,Coppin St,180,2,12:56,776,776,Wagner  Timeout,home,39,25,14,4,FALSE,FALSE,0.9817996197615626,0.9380978504440556,6,0,11.5,117.5,,"Staten Island, NY",Spiro Sports Center,NA,201,NA,NA,NA,NA,NA,NA,NA,NA,Wagner,Wagner,FALSE
401722025,2024-12-04,Wagner,Coppin St,181,2,12:56,776,776, Official TV Timeout,NA,39,25,14,0,FALSE,FALSE,0.9817996197615626,0.9380978504440556,6,-1,11.5,117.5,,"Staten Island, NY",Spiro Sports Center,NA,201,NA,NA,NA,NA,NA,NA,NA,NA,Wagner,Wagner,FALSE
401722025,2024-12-04,Wagner,Coppin St,182,2,12:29,749,749,Javier Ezquerra missed Three Point Jumper.,home,39,25,14,27,FALSE,FALSE,0.9825351873325237,0.9412054926073213,6,-1,11.5,117.5,,"Staten Island, NY",Spiro Sports Center,NA,201,NA,NA,Wagner,missed,Javier Ezquerra,NA,TRUE,FALSE,Wagner,Wagner,FALSE
401722025,2024-12-04,Wagner,Coppin St,183,2,12:26,746,746,Zae Blake Offensive Rebound.,home,39,25,14,3,FALSE,FALSE,0.9826245046616585,0.9415765075618988,6,-1,11.5,117.5,,"Staten Island, NY",Spiro Sports Center,NA,201,NA,NA,NA,NA,NA,NA,NA,NA,Wagner,Wagner,FALSE
401722025,2024-12-04,Wagner,Coppin St,184,2,12:21,741,741,Churchill Bounds missed Jumper.,home,39,25,14,5,FALSE,FALSE,0.9827768967570217,0.9422067662057789,6,-1,11.5,117.5,,"Staten Island, NY",Spiro Sports Center,NA,201,NA,NA,Wagner,missed,Churchill Bounds,NA,FALSE,FALSE,Wagner,Coppin St,FALSE
401722025,2024-12-04,Wagner,Coppin St,185,2,12:17,737,737,Peter Oduro Defensive Rebound.,away,39,25,14,4,FALSE,FALSE,0.9829020248496388,0.9427217822007543,6,-1,11.5,117.5,,"Staten Island, NY",Spiro Sports Center,NA,201,NA,NA,NA,NA,NA,NA,NA,NA,Wagner,Coppin St,FALSE
401722025,2024-12-04,Wagner,Coppin St,186,2,12:17,737,737,Foul on Churchill Bounds.,home,39,25,14,0,FALSE,TRUE,0.9829020248496388,0.9427217822007543,6,-1,11.5,117.5,,"Staten Island, NY",Spiro Sports Center,NA,201,NA,NA,NA,NA,NA,NA,NA,NA,Wagner,Coppin St,FALSE
401722025,2024-12-04,Wagner,Coppin St,187,2,11:49,709,709,Zahree Harrison missed Three Point Jumper.,away,39,25,14,28,FALSE,FALSE,0.9837468019161357,0.9461978977012212,6,-1,11.5,117.5,,"Staten Island, NY",Spiro Sports Center,NA,201,NA,NA,Coppin St,missed,Zahree Harrison,NA,TRUE,FALSE,Coppin St,Wagner,FALSE
401722025,2024-12-04,Wagner,Coppin St,188,2,11:46,706,706,Zae Blake Defensive Rebound.,home,39,25,14,3,FALSE,FALSE,0.9838251140306143,0.9465250887334753,6,-1,11.5,117.5,,"Staten Island, NY",Spiro Sports Center,NA,201,NA,NA,NA,NA,NA,NA,NA,NA,Coppin St,Wagner,FALSE
401722025,2024-12-04,Wagner,Coppin St,189,2,11:27,687,687,Churchill Bounds missed Layup.,home,39,25,14,19,FALSE,FALSE,0.9842790610230205,0.9484406460007427,6,-1,11.5,117.5,,"Staten Island, NY",Spiro Sports Center,NA,201,NA,NA,Wagner,missed,Churchill Bounds,NA,FALSE,FALSE,Wagner,Wagner,FALSE
401722025,2024-12-04,Wagner,Coppin St,190,2,11:24,684,684,Zae Blake Offensive Rebound.,home,39,25,14,3,FALSE,FALSE,0.9843455076469225,0.9487234025382816,6,-1,11.5,117.5,,"Staten Island, NY",Spiro Sports Center,NA,201,NA,NA,NA,NA,NA,NA,NA,NA,Wagner,Wagner,FALSE
401722025,2024-12-04,Wagner,Coppin St,191,2,11:20,680,680,Ja'Kair Sanchez made Three Point Jumper. Assisted by Zae Blake.,home,42,25,17,4,TRUE,FALSE,0.9916223751606164,0.9721433025538325,6,-1,11.5,117.5,,"Staten Island, NY",Spiro Sports Center,NA,201,NA,NA,Wagner,made,Ja'Kair Sanchez,Zae Blake,TRUE,FALSE,Wagner,Coppin St,FALSE
401722025,2024-12-04,Wagner,Coppin St,192,2,11:06,666,666,Zahree Harrison made Jumper.,away,42,27,15,14,TRUE,FALSE,0.9875938488228375,0.9594052636704373,6,-1,11.5,117.5,,"Staten Island, NY",Spiro Sports Center,NA,201,NA,NA,Coppin St,made,Zahree Harrison,NA,FALSE,FALSE,Coppin St,Wagner,FALSE
401722025,2024-12-04,Wagner,Coppin St,193,2,11:06,666,666,Foul on Churchill Bounds.,home,42,27,15,0,FALSE,TRUE,0.9875938488228375,0.9594052636704373,6,-1,11.5,117.5,,"Staten Island, NY",Spiro Sports Center,NA,201,NA,NA,NA,NA,NA,NA,NA,NA,Coppin St,Wagner,FALSE
401722025,2024-12-04,Wagner,Coppin St,194,2,11:06,666,666, Official TV Timeout,NA,42,27,15,0,FALSE,FALSE,0.9875938488228375,0.9594052636704373,6,-2,11.5,117.5,,"Staten Island, NY",Spiro Sports Center,NA,201,NA,NA,NA,NA,NA,NA,NA,NA,Coppin St,Wagner,FALSE
401722025,2024-12-04,Wagner,Coppin St,195,2,11:06,666,666,Zahree Harrison missed Free Throw.,away,42,27,15,0,FALSE,FALSE,0.9875938488228375,0.9594052636704373,6,-2,11.5,117.5,,"Staten Island, NY",Spiro Sports Center,NA,201,NA,NA,Coppin St,missed,Zahree Harrison,NA,FALSE,TRUE,Coppin St,Wagner,FALSE
401722025,2024-12-04,Wagner,Coppin St,196,2,11:06,666,666,Ja'Kair Sanchez Defensive Rebound.,home,42,27,15,0,FALSE,FALSE,0.9875938488228375,0.9594052636704373,6,-2,11.5,117.5,,"Staten Island, NY",Spiro Sports Center,NA,201,NA,NA,NA,NA,NA,NA,NA,NA,Coppin St,Wagner,FALSE
401722025,2024-12-04,Wagner,Coppin St,197,2,10:49,649,649,Ja'Kair Sanchez missed Three Point Jumper.,home,42,27,15,17,FALSE,FALSE,0.9879048501389549,0.9607160123722596,6,-2,11.5,117.5,,"Staten Island, NY",Spiro Sports Center,NA,201,NA,NA,Wagner,missed,Ja'Kair Sanchez,NA,TRUE,FALSE,Wagner,Wagner,FALSE
401722025,2024-12-04,Wagner,Coppin St,198,2,10:45,645,645,Zavier Fitch Offensive Rebound.,home,42,27,15,4,FALSE,FALSE,0.9879785161886095,0.9610243635603325,6,-2,11.5,117.5,,"Staten Island, NY",Spiro Sports Center,NA,201,NA,NA,NA,NA,NA,NA,NA,NA,Wagner,Wagner,FALSE
401722025,2024-12-04,Wagner,Coppin St,199,2,10:32,632,632,Zae Blake missed Three Point Jumper.,home,42,27,15,13,FALSE,FALSE,0.9882234839593225,0.9620407812134267,6,-2,11.5,117.5,,"Staten Island, NY",Spiro Sports Center,NA,201,NA,NA,Wagner,missed,Zae Blake,NA,TRUE,FALSE,Wagner,Wagner,FALSE
401722025,2024-12-04,Wagner,Coppin St,200,2,10:29,629,629,Zae Blake Offensive Rebound.,home,42,27,15,3,FALSE,FALSE,0.9882817328435431,0.9622801437848242,6,-2,11.5,117.5,,"Staten Island, NY",Spiro Sports Center,NA,201,NA,NA,NA,NA,NA,NA,NA,NA,Wagner,Wagner,FALSE
401722025,2024-12-04,Wagner,Coppin St,201,2,10:10,610,610,Foul on Zahree Harrison.,away,42,27,15,19,FALSE,TRUE,0.9886728215712771,0.9638615305449335,6,-2,11.5,117.5,,"Staten Island, NY",Spiro Sports Center,NA,201,NA,NA,NA,NA,NA,NA,NA,NA,Wagner,Wagner,FALSE
401722025,2024-12-04,Wagner,Coppin St,202,2,10:10,610,610,Zae Blake made Free Throw.,home,43,27,16,0,TRUE,FALSE,0.9908794649901169,0.9707586958397164,6,-2,11.5,117.5,,"Staten Island, NY",Spiro Sports Center,NA,201,NA,NA,Wagner,made,Zae Blake,NA,FALSE,TRUE,Wagner,Wagner,FALSE
401722025,2024-12-04,Wagner,Coppin St,203,2,10:10,610,610,Zae Blake made Free Throw.,home,44,27,17,0,TRUE,FALSE,0.992659424710261,0.9763717798998119,6,-2,11.5,117.5,,"Staten Island, NY",Spiro Sports Center,NA,201,NA,NA,Wagner,made,Zae Blake,NA,FALSE,TRUE,Wagner,Wagner,FALSE
401722025,2024-12-04,Wagner,Coppin St,204,2,10:10,610,610,Zae Blake made Free Throw.,home,45,27,18,0,TRUE,FALSE,0.9940940787111343,0.9809285590031678,6,-2,11.5,117.5,,"Staten Island, NY",Spiro Sports Center,NA,201,NA,NA,Wagner,made,Zae Blake,NA,FALSE,TRUE,Wagner,Coppin St,FALSE
401722025,2024-12-04,Wagner,Coppin St,205,2,9:58,598,598,Jonathan Dunn made Layup.,away,45,29,16,12,TRUE,FALSE,0.9911175989341108,0.9716917867631631,6,-2,11.5,117.5,,"Staten Island, NY",Spiro Sports Center,NA,201,NA,NA,Coppin St,made,Jonathan Dunn,NA,FALSE,FALSE,Coppin St,Wagner,FALSE
401722025,2024-12-04,Wagner,Coppin St,206,2,9:30,570,570,Javier Ezquerra made Jumper.,home,47,29,18,28,TRUE,FALSE,0.9947464850045789,0.9833984188331993,6,-2,11.5,117.5,,"Staten Island, NY",Spiro Sports Center,NA,201,NA,NA,Wagner,made,Javier Ezquerra,NA,FALSE,FALSE,Wagner,Coppin St,FALSE
401722025,2024-12-04,Wagner,Coppin St,207,2,9:21,561,561,Foul on Peter Oduro.,away,47,29,18,9,FALSE,TRUE,0.9949177967688615,0.9840255962410007,6,-2,11.5,117.5,,"Staten Island, NY",Spiro Sports Center,NA,201,NA,NA,NA,NA,NA,NA,NA,NA,Coppin St,Wagner,FALSE
401722025,2024-12-04,Wagner,Coppin St,208,2,9:12,552,552,Foul on Keyontae Lewis.,home,47,29,18,9,FALSE,TRUE,0.9950986541610478,0.9846797770721514,6,-2,11.5,117.5,,"Staten Island, NY",Spiro Sports Center,NA,201,NA,NA,NA,NA,NA,NA,NA,NA,Wagner,Coppin St,FALSE
401722025,2024-12-04,Wagner,Coppin St,209,2,9:12,552,552,Keyontae Lewis Turnover.,home,47,29,18,0,FALSE,FALSE,0.9950986541610478,0.9846797770721514,6,-2,11.5,117.5,,"Staten Island, NY",Spiro Sports Center,NA,201,NA,NA,NA,NA,NA,NA,NA,NA,Wagner,Coppin St,FALSE
401722025,2024-12-04,Wagner,Coppin St,210,2,8:57,537,537,Peter Oduro missed Jumper.,away,47,29,18,15,FALSE,FALSE,0.9953826189579805,0.9857029293050019,6,-2,11.5,117.5,,"Staten Island, NY",Spiro Sports Center,NA,201,NA,NA,Coppin St,missed,Peter Oduro,NA,FALSE,FALSE,Coppin St,Wagner,FALSE
401722025,2024-12-04,Wagner,Coppin St,211,2,8:55,535,535,Tyje Kelton Defensive Rebound.,home,47,29,18,2,FALSE,FALSE,0.9954155522579308,0.9858224187855809,6,-2,11.5,117.5,,"Staten Island, NY",Spiro Sports Center,NA,201,NA,NA,NA,NA,NA,NA,NA,NA,Coppin St,Wagner,FALSE
401722025,2024-12-04,Wagner,Coppin St,212,2,8:33,513,513,Keyontae Lewis made Layup.,home,49,29,20,22,TRUE,FALSE,0.9973538983133504,0.9918983714294431,6,-2,11.5,117.5,,"Staten Island, NY",Spiro Sports Center,NA,201,NA,NA,Wagner,made,Keyontae Lewis,NA,FALSE,FALSE,Wagner,Coppin St,FALSE
401722025,2024-12-04,Wagner,Coppin St,213,2,8:14,494,494,Foul on Keyontae Lewis.,home,49,29,20,19,FALSE,TRUE,0.9975173134878363,0.9924874535295255,6,-2,11.5,117.5,,"Staten Island, NY",Spiro Sports Center,NA,201,NA,NA,NA,NA,NA,NA,NA,NA,Coppin St,Coppin St,FALSE
401722025,2024-12-04,Wagner,Coppin St,214,2,8:14,494,494,Peter Oduro made Free Throw.,away,49,30,19,0,TRUE,FALSE,0.9968328351401627,0.9904295441203887,6,-2,11.5,117.5,,"Staten Island, NY",Spiro Sports Center,NA,201,NA,NA,Coppin St,made,Peter Oduro,NA,FALSE,TRUE,Coppin St,Coppin St,FALSE
401722025,2024-12-04,Wagner,Coppin St,215,2,8:14,494,494,Peter Oduro made Free Throw.,away,49,31,18,0,TRUE,FALSE,0.9959604098628583,0.9878148333034723,6,-2,11.5,117.5,,"Staten Island, NY",Spiro Sports Center,NA,201,NA,NA,Coppin St,made,Peter Oduro,NA,FALSE,TRUE,Coppin St,Wagner,FALSE
401722025,2024-12-04,Wagner,Coppin St,216,2,7:50,470,470,Foul on Peter Oduro.,away,49,31,18,24,FALSE,TRUE,0.9962686899833966,0.9889149165857675,6,-2,11.5,117.5,,"Staten Island, NY",Spiro Sports Center,NA,201,NA,NA,NA,NA,NA,NA,NA,NA,Wagner,Coppin St,FALSE
401722025,2024-12-04,Wagner,Coppin St,217,2,7:50,470,470, Official TV Timeout,NA,49,31,18,0,FALSE,FALSE,0.9962686899833966,0.9889149165857675,6,-3,11.5,117.5,,"Staten Island, NY",Spiro Sports Center,NA,201,NA,NA,NA,NA,NA,NA,NA,NA,Wagner,Coppin St,FALSE
401722025,2024-12-04,Wagner,Coppin St,218,2,7:50,470,470,Zae Blake missed Free Throw.,home,49,31,18,0,FALSE,FALSE,0.9962686899833966,0.9889149165857675,6,-3,11.5,117.5,,"Staten Island, NY",Spiro Sports Center,NA,201,NA,NA,Wagner,missed,Zae Blake,NA,FALSE,TRUE,Wagner,Coppin St,FALSE
401722025,2024-12-04,Wagner,Coppin St,219,2,7:50,470,470,Julius Ellerbe III Defensive Rebound.,away,49,31,18,0,FALSE,FALSE,0.9962686899833966,0.9889149165857675,6,-3,11.5,117.5,,"Staten Island, NY",Spiro Sports Center,NA,201,NA,NA,NA,NA,NA,NA,NA,NA,Wagner,Coppin St,FALSE
401722025,2024-12-04,Wagner,Coppin St,220,2,7:47,467,467,Foul on Tyje Kelton.,home,49,31,18,3,FALSE,TRUE,0.9963110708998453,0.9890626538599587,6,-3,11.5,117.5,,"Staten Island, NY",Spiro Sports Center,NA,201,NA,NA,NA,NA,NA,NA,NA,NA,Coppin St,Coppin St,FALSE
401722025,2024-12-04,Wagner,Coppin St,221,2,7:47,467,467,Camaren Sparrow made Free Throw.,away,49,32,17,0,TRUE,FALSE,0.99526708196005,0.9859961527499744,6,-3,11.5,117.5,,"Staten Island, NY",Spiro Sports Center,NA,201,NA,NA,Coppin St,made,Camaren Sparrow,NA,FALSE,TRUE,Coppin St,Coppin St,FALSE
401722025,2024-12-04,Wagner,Coppin St,222,2,7:47,467,467,Camaren Sparrow made Free Throw.,away,49,33,16,0,TRUE,FALSE,0.9939294381422277,0.9820854698734222,6,-3,11.5,117.5,,"Staten Island, NY",Spiro Sports Center,NA,201,NA,NA,Coppin St,made,Camaren Sparrow,NA,FALSE,TRUE,Coppin St,Wagner,FALSE
401722025,2024-12-04,Wagner,Coppin St,223,2,7:20,440,440,Foul on Jonathan Dunn.,away,49,33,16,27,FALSE,TRUE,0.9945664608561301,0.9842641585513181,6,-3,11.5,117.5,,"Staten Island, NY",Spiro Sports Center,NA,201,NA,NA,NA,NA,NA,NA,NA,NA,Wagner,Wagner,FALSE
401722025,2024-12-04,Wagner,Coppin St,224,2,7:20,440,440,R.J. Greene missed Free Throw.,home,49,33,16,0,FALSE,FALSE,0.9945664608561301,0.9842641585513181,6,-3,11.5,117.5,,"Staten Island, NY",Spiro Sports Center,NA,201,NA,NA,Wagner,missed,R.J. Greene,NA,FALSE,TRUE,Wagner,Wagner,FALSE
401722025,2024-12-04,Wagner,Coppin St,225,2,7:20,440,440,Wagner Offensive Rebound.,home,49,33,16,0,FALSE,FALSE,0.9945664608561301,0.9842641585513181,6,-3,11.5,117.5,,"Staten Island, NY",Spiro Sports Center,NA,201,NA,NA,NA,NA,NA,NA,NA,NA,Wagner,Wagner,FALSE
401722025,2024-12-04,Wagner,Coppin St,226,2,7:20,440,440,R.J. Greene made Free Throw.,home,50,33,17,0,TRUE,FALSE,0.9957989601360187,0.9878048929463102,6,-3,11.5,117.5,,"Staten Island, NY",Spiro Sports Center,NA,201,NA,NA,Wagner,made,R.J. Greene,NA,FALSE,TRUE,Wagner,Coppin St,FALSE
401722025,2024-12-04,Wagner,Coppin St,227,2,7:02,422,422,Cam'Ron Brown made Three Point Jumper. Assisted by Julius Ellerbe III.,away,50,36,14,18,TRUE,FALSE,0.991654400828002,0.9763236911793047,6,-3,11.5,117.5,,"Staten Island, NY",Spiro Sports Center,NA,201,NA,NA,Coppin St,made,Cam'Ron Brown,Julius Ellerbe III,TRUE,FALSE,Coppin St,Wagner,FALSE
401722025,2024-12-04,Wagner,Coppin St,228,2,6:38,398,398,Foul on Peter Oduro.,away,50,36,14,24,FALSE,TRUE,0.9924692501040938,0.9790655795989875,6,-3,11.5,117.5,,"Staten Island, NY",Spiro Sports Center,NA,201,NA,NA,NA,NA,NA,NA,NA,NA,Wagner,Wagner,FALSE
401722025,2024-12-04,Wagner,Coppin St,229,2,6:38,398,398,R.J. Greene made Free Throw.,home,51,36,15,0,TRUE,FALSE,0.9942675243839927,0.9840129704116987,6,-3,11.5,117.5,,"Staten Island, NY",Spiro Sports Center,NA,201,NA,NA,Wagner,made,R.J. Greene,NA,FALSE,TRUE,Wagner,Wagner,FALSE
401722025,2024-12-04,Wagner,Coppin St,230,2,6:38,398,398,R.J. Greene made Free Throw.,home,52,36,16,0,TRUE,FALSE,0.9956382743804719,0.9878057164886122,6,-3,11.5,117.5,,"Staten Island, NY",Spiro Sports Center,NA,201,NA,NA,Wagner,made,R.J. Greene,NA,FALSE,TRUE,Wagner,Wagner,FALSE
401722025,2024-12-04,Wagner,Coppin St,231,2,6:37,397,397,Cam'Ron Brown Turnover.,away,52,36,16,1,FALSE,FALSE,0.995659257892041,0.987875531346667,6,-3,11.5,117.5,,"Staten Island, NY",Spiro Sports Center,NA,201,NA,NA,NA,NA,NA,NA,NA,NA,Wagner,Wagner,FALSE
401722025,2024-12-04,Wagner,Coppin St,232,2,6:22,382,382,R.J. Greene missed Jumper.,home,52,36,16,15,FALSE,FALSE,0.9959640824492769,0.9888857169375908,6,-3,11.5,117.5,,"Staten Island, NY",Spiro Sports Center,NA,201,NA,NA,Wagner,missed,R.J. Greene,NA,FALSE,FALSE,Wagner,Coppin St,FALSE
401722025,2024-12-04,Wagner,Coppin St,233,2,6:21,381,381,Toby Nnadozie Defensive Rebound.,away,52,36,16,1,FALSE,FALSE,0.9959840459180025,0.9889514282362216,6,-3,11.5,117.5,,"Staten Island, NY",Spiro Sports Center,NA,201,NA,NA,NA,NA,NA,NA,NA,NA,Wagner,Coppin St,FALSE
401722025,2024-12-04,Wagner,Coppin St,234,2,6:21,381,381,Foul on Ja'Kair Sanchez.,home,52,36,16,0,FALSE,TRUE,0.9959840459180025,0.9889514282362216,6,-3,11.5,117.5,,"Staten Island, NY",Spiro Sports Center,NA,201,NA,NA,NA,NA,NA,NA,NA,NA,Wagner,Coppin St,FALSE
401722025,2024-12-04,Wagner,Coppin St,235,2,6:21,381,381,Cam'Ron Brown missed Free Throw.,away,52,36,16,0,FALSE,FALSE,0.9959840459180025,0.9889514282362216,6,-3,11.5,117.5,,"Staten Island, NY",Spiro Sports Center,NA,201,NA,NA,Coppin St,missed,Cam'Ron Brown,NA,FALSE,TRUE,Coppin St,Wagner,FALSE
401722025,2024-12-04,Wagner,Coppin St,236,2,6:21,381,381,Ja'Kair Sanchez Defensive Rebound.,home,52,36,16,0,FALSE,FALSE,0.9959840459180025,0.9889514282362216,6,-3,11.5,117.5,,"Staten Island, NY",Spiro Sports Center,NA,201,NA,NA,NA,NA,NA,NA,NA,NA,Wagner,Wagner,FALSE
401722025,2024-12-04,Wagner,Coppin St,237,2,5:53,353,353,Javier Ezquerra missed Jumper.,home,52,36,16,28,FALSE,FALSE,0.9965563505408624,0.9907914190079162,6,-3,11.5,117.5,,"Staten Island, NY",Spiro Sports Center,NA,201,NA,NA,Wagner,missed,Javier Ezquerra,NA,FALSE,FALSE,Wagner,Wagner,FALSE
401722025,2024-12-04,Wagner,Coppin St,238,2,5:49,349,349,R.J. Greene Offensive Rebound.,home,52,36,16,4,FALSE,FALSE,0.9966428745414093,0.9910608464361761,6,-3,11.5,117.5,,"Staten Island, NY",Spiro Sports Center,NA,201,NA,NA,NA,NA,NA,NA,NA,NA,Wagner,Wagner,FALSE
401722025,2024-12-04,Wagner,Coppin St,239,2,5:48,348,348,R.J. Greene made Jumper.,home,54,36,18,1,TRUE,FALSE,0.9981475154300865,0.9950603876074177,6,-3,11.5,117.5,,"Staten Island, NY",Spiro Sports Center,NA,201,NA,NA,Wagner,made,R.J. Greene,NA,FALSE,FALSE,Wagner,Coppin St,FALSE
401722025,2024-12-04,Wagner,Coppin St,240,2,5:33,333,333,Foul on Churchill Bounds.,home,54,36,18,15,FALSE,TRUE,0.9983633875820702,0.9957080597274903,6,-3,11.5,117.5,,"Staten Island, NY",Spiro Sports Center,NA,201,NA,NA,NA,NA,NA,NA,NA,NA,Coppin St,Coppin St,FALSE
401722025,2024-12-04,Wagner,Coppin St,241,2,5:33,333,333,Julius Ellerbe III made Free Throw.,away,54,37,17,0,TRUE,FALSE,0.997786343577511,0.9942002273551124,6,-3,11.5,117.5,,"Staten Island, NY",Spiro Sports Center,NA,201,NA,NA,Coppin St,made,Julius Ellerbe III,NA,FALSE,TRUE,Coppin St,Coppin St,FALSE
401722025,2024-12-04,Wagner,Coppin St,242,2,5:33,333,333,Julius Ellerbe III missed Free Throw.,away,54,37,17,0,FALSE,FALSE,0.997786343577511,0.9942002273551124,6,-3,11.5,117.5,,"Staten Island, NY",Spiro Sports Center,NA,201,NA,NA,Coppin St,missed,Julius Ellerbe III,NA,FALSE,TRUE,Coppin St,Wagner,FALSE
401722025,2024-12-04,Wagner,Coppin St,243,2,5:33,333,333,Tyje Kelton Defensive Rebound.,home,54,37,17,0,FALSE,FALSE,0.997786343577511,0.9942002273551124,6,-3,11.5,117.5,,"Staten Island, NY",Spiro Sports Center,NA,201,NA,NA,NA,NA,NA,NA,NA,NA,Coppin St,Wagner,FALSE
401722025,2024-12-04,Wagner,Coppin St,244,2,5:17,317,317,Foul on Camaren Sparrow.,away,54,37,17,16,FALSE,TRUE,0.9980950351432045,0.9950996984833688,6,-3,11.5,117.5,,"Staten Island, NY",Spiro Sports Center,NA,201,NA,NA,NA,NA,NA,NA,NA,NA,Wagner,Wagner,FALSE
401722025,2024-12-04,Wagner,Coppin St,245,2,5:17,317,317,R.J. Greene made Free Throw.,home,55,37,18,0,TRUE,FALSE,0.998605670716866,0.9964103616932068,6,-3,11.5,117.5,,"Staten Island, NY",Spiro Sports Center,NA,201,NA,NA,Wagner,made,R.J. Greene,NA,FALSE,TRUE,Wagner,Wagner,FALSE
401722025,2024-12-04,Wagner,Coppin St,246,2,5:17,317,317,R.J. Greene made Free Throw.,home,56,37,19,0,TRUE,FALSE,0.998979567754929,0.9973713932963331,6,-3,11.5,117.5,,"Staten Island, NY",Spiro Sports Center,NA,201,NA,NA,Wagner,made,R.J. Greene,NA,FALSE,TRUE,Wagner,Coppin St,FALSE
401722025,2024-12-04,Wagner,Coppin St,247,2,4:55,295,295,Foul on Keyontae Lewis.,home,56,37,19,22,FALSE,TRUE,0.9991603894860093,0.997893463064276,6,-3,11.5,117.5,,"Staten Island, NY",Spiro Sports Center,NA,201,NA,NA,NA,NA,NA,NA,NA,NA,Coppin St,Coppin St,FALSE
401722025,2024-12-04,Wagner,Coppin St,248,2,4:55,295,295,Julius Ellerbe III missed Free Throw.,away,56,37,19,0,FALSE,FALSE,0.9991603894860093,0.997893463064276,6,-3,11.5,117.5,,"Staten Island, NY",Spiro Sports Center,NA,201,NA,NA,Coppin St,missed,Julius Ellerbe III,NA,FALSE,TRUE,Coppin St,Coppin St,FALSE
401722025,2024-12-04,Wagner,Coppin St,249,2,4:55,295,295,Coppin State Offensive Rebound.,away,56,37,19,0,FALSE,FALSE,0.9991603894860093,0.997893463064276,6,-3,11.5,117.5,,"Staten Island, NY",Spiro Sports Center,NA,201,NA,NA,NA,NA,NA,NA,NA,NA,Coppin St,Coppin St,FALSE
401722025,2024-12-04,Wagner,Coppin St,250,2,4:55,295,295,Julius Ellerbe III made Free Throw.,away,56,38,18,0,TRUE,FALSE,0.9988392068808486,0.9970890454158893,6,-3,11.5,117.5,,"Staten Island, NY",Spiro Sports Center,NA,201,NA,NA,Coppin St,made,Julius Ellerbe III,NA,FALSE,TRUE,Coppin St,Wagner,FALSE
401722025,2024-12-04,Wagner,Coppin St,251,2,4:27,267,267,R.J. Greene missed Jumper.,home,56,38,18,28,FALSE,FALSE,0.9987273659105352,0.9969146128461198,6,-3,11.5,117.5,,"Staten Island, NY",Spiro Sports Center,NA,201,NA,NA,Wagner,missed,R.J. Greene,NA,FALSE,FALSE,Wagner,Wagner,FALSE
401722025,2024-12-04,Wagner,Coppin St,252,2,4:22,262,262,Zavier Fitch Offensive Rebound.,home,56,38,18,5,FALSE,FALSE,0.9986839830413153,0.9968290101398705,6,-3,11.5,117.5,,"Staten Island, NY",Spiro Sports Center,NA,201,NA,NA,NA,NA,NA,NA,NA,NA,Wagner,Wagner,FALSE
401722025,2024-12-04,Wagner,Coppin St,253,2,4:22,262,262,Zavier Fitch missed Jumper.,home,56,38,18,0,FALSE,FALSE,0.9986839830413153,0.9968290101398705,6,-3,11.5,117.5,,"Staten Island, NY",Spiro Sports Center,NA,201,NA,NA,Wagner,missed,Zavier Fitch,NA,FALSE,FALSE,Wagner,Coppin St,FALSE
401722025,2024-12-04,Wagner,Coppin St,254,2,4:21,261,261,Khali Horton Defensive Rebound.,away,56,38,18,1,FALSE,FALSE,0.9986750465075291,0.9968114253403173,6,-3,11.5,117.5,,"Staten Island, NY",Spiro Sports Center,NA,201,NA,NA,NA,NA,NA,NA,NA,NA,Wagner,Coppin St,FALSE
401722025,2024-12-04,Wagner,Coppin St,255,2,4:16,256,256,Foul on Zavier Fitch.,home,56,38,18,5,FALSE,TRUE,0.998630247348549,0.9967240649982975,6,-3,11.5,117.5,,"Staten Island, NY",Spiro Sports Center,NA,201,NA,NA,NA,NA,NA,NA,NA,NA,Coppin St,Coppin St,FALSE
401722025,2024-12-04,Wagner,Coppin St,256,2,4:16,256,256,Cam'Ron Brown made Free Throw.,away,56,39,17,0,TRUE,FALSE,0.9981190487622619,0.9955046719098558,6,-3,11.5,117.5,,"Staten Island, NY",Spiro Sports Center,NA,201,NA,NA,Coppin St,made,Cam'Ron Brown,NA,FALSE,TRUE,Coppin St,Coppin St,FALSE
401722025,2024-12-04,Wagner,Coppin St,257,2,4:16,256,256,Cam'Ron Brown made Free Throw.,away,56,40,16,0,TRUE,FALSE,0.9974175616479035,0.9938341949888673,6,-3,11.5,117.5,,"Staten Island, NY",Spiro Sports Center,NA,201,NA,NA,Coppin St,made,Cam'Ron Brown,NA,FALSE,TRUE,Coppin St,Wagner,FALSE
401722025,2024-12-04,Wagner,Coppin St,258,2,3:48,228,228,Ja'Kair Sanchez made Jumper.,home,58,40,18,28,TRUE,FALSE,0.998512786687707,0.9965698453701144,6,-3,11.5,117.5,,"Staten Island, NY",Spiro Sports Center,NA,201,NA,NA,Wagner,made,Ja'Kair Sanchez,NA,FALSE,FALSE,Wagner,Coppin St,FALSE
401722025,2024-12-04,Wagner,Coppin St,259,2,3:35,215,215,Khali Horton made Layup. Assisted by Cam'Ron Brown.,away,58,42,16,13,TRUE,FALSE,0.9974169873717902,0.9941572869622921,6,-3,11.5,117.5,,"Staten Island, NY",Spiro Sports Center,NA,201,NA,NA,Coppin St,made,Khali Horton,Cam'Ron Brown,FALSE,FALSE,Coppin St,Wagner,FALSE
401722025,2024-12-04,Wagner,Coppin St,260,2,3:22,202,202,Foul on Camaren Sparrow.,away,58,42,16,13,FALSE,TRUE,0.997869492611988,0.9952695829319546,6,-3,11.5,117.5,,"Staten Island, NY",Spiro Sports Center,NA,201,NA,NA,NA,NA,NA,NA,NA,NA,Wagner,Wagner,FALSE
401722025,2024-12-04,Wagner,Coppin St,261,2,3:22,202,202,R.J. Greene missed Free Throw.,home,58,42,16,0,FALSE,FALSE,0.997869492611988,0.9952695829319546,6,-3,11.5,117.5,,"Staten Island, NY",Spiro Sports Center,NA,201,NA,NA,Wagner,missed,R.J. Greene,NA,FALSE,TRUE,Wagner,Wagner,FALSE
401722025,2024-12-04,Wagner,Coppin St,262,2,3:22,202,202,Wagner Offensive Rebound.,home,58,42,16,0,FALSE,FALSE,0.997869492611988,0.9952695829319546,6,-3,11.5,117.5,,"Staten Island, NY",Spiro Sports Center,NA,201,NA,NA,NA,NA,NA,NA,NA,NA,Wagner,Wagner,FALSE
401722025,2024-12-04,Wagner,Coppin St,263,2,3:22,202,202,R.J. Greene made Free Throw.,home,59,42,17,0,TRUE,FALSE,0.9984739949308525,0.9966092674011708,6,-3,11.5,117.5,,"Staten Island, NY",Spiro Sports Center,NA,201,NA,NA,Wagner,made,R.J. Greene,NA,FALSE,TRUE,Wagner,Coppin St,FALSE
401722025,2024-12-04,Wagner,Coppin St,264,2,3:11,191,191,Camaren Sparrow missed Jumper.,away,59,42,17,11,FALSE,FALSE,0.9988647210091511,0.9975194408874011,6,-3,11.5,117.5,,"Staten Island, NY",Spiro Sports Center,NA,201,NA,NA,Coppin St,missed,Camaren Sparrow,NA,FALSE,FALSE,Coppin St,Wagner,FALSE
401722025,2024-12-04,Wagner,Coppin St,265,2,3:07,187,187,R.J. Greene Defensive Rebound.,home,59,42,17,4,FALSE,FALSE,0.9990076103263383,0.9978453546960131,6,-3,11.5,117.5,,"Staten Island, NY",Spiro Sports Center,NA,201,NA,NA,NA,NA,NA,NA,NA,NA,Coppin St,Wagner,FALSE
401722025,2024-12-04,Wagner,Coppin St,266,2,2:37,157,157,R.J. Greene made Layup. Assisted by Javier Ezquerra.,home,61,42,19,30,TRUE,FALSE,0.9998549397064548,0.9997002686824866,6,-3,11.5,117.5,,"Staten Island, NY",Spiro Sports Center,NA,201,NA,NA,Wagner,made,R.J. Greene,Javier Ezquerra,FALSE,FALSE,Wagner,Coppin St,FALSE
401722025,2024-12-04,Wagner,Coppin St,267,2,2:12,132,132,Khali Horton missed Three Point Jumper.,away,61,42,19,25,FALSE,FALSE,0.9999569087576881,0.9999148486414636,6,-3,11.5,117.5,,"Staten Island, NY",Spiro Sports Center,NA,201,NA,NA,Coppin St,missed,Khali Horton,NA,TRUE,FALSE,Coppin St,Wagner,FALSE
401722025,2024-12-04,Wagner,Coppin St,268,2,2:09,129,129,Wagner Defensive Rebound.,home,61,42,19,3,FALSE,FALSE,0.9999635124248627,0.9999282971029103,6,-3,11.5,117.5,,"Staten Island, NY",Spiro Sports Center,NA,201,NA,NA,NA,NA,NA,NA,NA,NA,Coppin St,Wagner,FALSE
401722025,2024-12-04,Wagner,Coppin St,269,2,1:59,119,119,Javier Ezquerra Turnover.,home,61,42,19,10,FALSE,FALSE,0.9999798610400183,0.9999611626404612,6,-3,11.5,117.5,,"Staten Island, NY",Spiro Sports Center,NA,201,NA,NA,NA,NA,NA,NA,NA,NA,Wagner,Coppin St,FALSE
401722025,2024-12-04,Wagner,Coppin St,270,2,1:59,119,119,Cam'Ron Brown Steal.,away,61,42,19,0,FALSE,FALSE,0.9999798610400183,0.9999611626404612,6,-3,11.5,117.5,,"Staten Island, NY",Spiro Sports Center,NA,201,NA,NA,NA,NA,NA,NA,NA,NA,Wagner,Coppin St,FALSE
401722025,2024-12-04,Wagner,Coppin St,271,2,1:51,111,111,Julius Ellerbe III made Three Point Jumper. Assisted by Cam'Ron Brown.,away,61,45,16,8,TRUE,FALSE,0.9999354727424651,0.9998774744089484,6,-3,11.5,117.5,,"Staten Island, NY",Spiro Sports Center,NA,201,NA,NA,Coppin St,made,Julius Ellerbe III,Cam'Ron Brown,TRUE,FALSE,Coppin St,Wagner,FALSE
401722025,2024-12-04,Wagner,Coppin St,272,2,1:38,98,98,Ja'Kair Sanchez Turnover.,home,61,45,16,13,FALSE,FALSE,0.9999710846652662,0.999946495738511,6,-3,11.5,117.5,,"Staten Island, NY",Spiro Sports Center,NA,201,NA,NA,NA,NA,NA,NA,NA,NA,Wagner,Coppin St,FALSE
401722025,2024-12-04,Wagner,Coppin St,273,2,1:38,98,98,Camaren Sparrow Steal.,away,61,45,16,0,FALSE,FALSE,0.9999710846652662,0.999946495738511,6,-3,11.5,117.5,,"Staten Island, NY",Spiro Sports Center,NA,201,NA,NA,NA,NA,NA,NA,NA,NA,Wagner,Coppin St,FALSE
401722025,2024-12-04,Wagner,Coppin St,274,2,1:34,94,94,Foul on Javier Ezquerra.,home,61,45,16,4,FALSE,TRUE,0.9999779516362713,0.9999595335304011,6,-3,11.5,117.5,,"Staten Island, NY",Spiro Sports Center,NA,201,NA,NA,NA,NA,NA,NA,NA,NA,Coppin St,Coppin St,FALSE
401722025,2024-12-04,Wagner,Coppin St,275,2,1:34,94,94,Julius Ellerbe III made Free Throw.,away,61,46,15,0,TRUE,FALSE,0.9999585119171961,0.999923856073912,6,-3,11.5,117.5,,"Staten Island, NY",Spiro Sports Center,NA,201,NA,NA,Coppin St,made,Julius Ellerbe III,NA,FALSE,TRUE,Coppin St,Coppin St,FALSE
401722025,2024-12-04,Wagner,Coppin St,276,2,1:34,94,94,Wagner  Timeout,home,61,46,15,0,FALSE,FALSE,0.9999585119171961,0.999923856073912,6,-4,11.5,117.5,,"Staten Island, NY",Spiro Sports Center,NA,201,NA,NA,NA,NA,NA,NA,NA,NA,Coppin St,Coppin St,FALSE
401722025,2024-12-04,Wagner,Coppin St,277,2,1:34,94,94,Julius Ellerbe III made Free Throw.,away,61,47,14,0,TRUE,FALSE,0.9999219338208557,0.9998567279240838,6,-4,11.5,117.5,,"Staten Island, NY",Spiro Sports Center,NA,201,NA,NA,Coppin St,made,Julius Ellerbe III,NA,FALSE,TRUE,Coppin St,Wagner,FALSE
401722025,2024-12-04,Wagner,Coppin St,278,2,1:03,63,63,Wagner  Turnover.,home,61,47,14,31,FALSE,FALSE,0.9999895989470131,0.9999821220290926,6,-4,11.5,117.5,,"Staten Island, NY",Spiro Sports Center,NA,201,NA,NA,NA,NA,NA,NA,NA,NA,Wagner,Coppin St,FALSE
401722025,2024-12-04,Wagner,Coppin St,279,2,0:48,48,48,Toby Nnadozie made Three Point Jumper. Assisted by Julius Ellerbe III.,away,61,50,11,15,TRUE,FALSE,0.9999546456283209,0.9999246060047914,6,-4,11.5,117.5,,"Staten Island, NY",Spiro Sports Center,NA,201,NA,NA,Coppin St,made,Toby Nnadozie,Julius Ellerbe III,TRUE,FALSE,Coppin St,Wagner,FALSE
401722025,2024-12-04,Wagner,Coppin St,280,2,0:47,47,47,Foul on Toby Nnadozie.,away,61,50,11,1,FALSE,TRUE,0.9999573189555007,0.9999292106912068,6,-4,11.5,117.5,,"Staten Island, NY",Spiro Sports Center,NA,201,NA,NA,NA,NA,NA,NA,NA,NA,Wagner,Wagner,FALSE
401722025,2024-12-04,Wagner,Coppin St,281,2,0:47,47,47,Ja'Kair Sanchez made Free Throw.,home,62,50,12,0,TRUE,FALSE,0.9999820950576,0.9999703029953083,6,-4,11.5,117.5,,"Staten Island, NY",Spiro Sports Center,NA,201,NA,NA,Wagner,made,Ja'Kair Sanchez,NA,FALSE,TRUE,Wagner,Wagner,FALSE
401722025,2024-12-04,Wagner,Coppin St,282,2,0:47,47,47,Ja'Kair Sanchez made Free Throw.,home,63,50,13,0,TRUE,FALSE,0.9999924888822387,0.9999875420304992,6,-4,11.5,117.5,,"Staten Island, NY",Spiro Sports Center,NA,201,NA,NA,Wagner,made,Ja'Kair Sanchez,NA,FALSE,TRUE,Wagner,Coppin St,FALSE
401722025,2024-12-04,Wagner,Coppin St,283,2,0:34,34,34,Foul on Di'Andre Howell-South.,home,63,50,13,13,FALSE,TRUE,0.999997181285917,0.9999954630868856,6,-4,11.5,117.5,,"Staten Island, NY",Spiro Sports Center,NA,201,NA,NA,NA,NA,NA,NA,NA,NA,Coppin St,Coppin St,FALSE
401722025,2024-12-04,Wagner,Coppin St,284,2,0:34,34,34,Camaren Sparrow made Free Throw.,away,63,51,12,0,TRUE,FALSE,0.9999927378139658,0.9999883110465111,6,-4,11.5,117.5,,"Staten Island, NY",Spiro Sports Center,NA,201,NA,NA,Coppin St,made,Camaren Sparrow,NA,FALSE,TRUE,Coppin St,Coppin St,FALSE
401722025,2024-12-04,Wagner,Coppin St,285,2,0:34,34,34,Camaren Sparrow made Free Throw.,away,63,52,11,0,TRUE,FALSE,0.9999812897033838,0.9999698847895542,6,-4,11.5,117.5,,"Staten Island, NY",Spiro Sports Center,NA,201,NA,NA,Coppin St,made,Camaren Sparrow,NA,FALSE,TRUE,Coppin St,Wagner,FALSE
401722025,2024-12-04,Wagner,Coppin St,286,2,0:26,26,26,Foul on Toby Nnadozie.,away,63,52,11,8,FALSE,TRUE,0.9999890373062639,0.9999826849773006,6,-4,11.5,117.5,,"Staten Island, NY",Spiro Sports Center,NA,201,NA,NA,NA,NA,NA,NA,NA,NA,Wagner,Wagner,FALSE
401722025,2024-12-04,Wagner,Coppin St,287,2,0:26,26,26,Ja'Kair Sanchez made Free Throw.,home,64,52,12,0,TRUE,FALSE,0.999995953772118,0.9999936091612062,6,-4,11.5,117.5,,"Staten Island, NY",Spiro Sports Center,NA,201,NA,NA,Wagner,made,Ja'Kair Sanchez,NA,FALSE,TRUE,Wagner,Wagner,FALSE
401722025,2024-12-04,Wagner,Coppin St,288,2,0:26,26,26,Ja'Kair Sanchez made Free Throw.,home,65,52,13,0,TRUE,FALSE,0.9999985065815916,0.9999976412078864,6,-4,11.5,117.5,,"Staten Island, NY",Spiro Sports Center,NA,201,NA,NA,Wagner,made,Ja'Kair Sanchez,NA,FALSE,TRUE,Wagner,Coppin St,FALSE
401722025,2024-12-04,Wagner,Coppin St,289,2,0:13,13,13,Julius Ellerbe III missed Jumper.,away,65,52,13,13,FALSE,FALSE,0.9999994980191649,0.9999992316570129,6,-4,11.5,117.5,,"Staten Island, NY",Spiro Sports Center,NA,201,NA,NA,Coppin St,missed,Julius Ellerbe III,NA,FALSE,FALSE,Coppin St,Wagner,FALSE
401722025,2024-12-04,Wagner,Coppin St,290,2,0:10,10,10,Javier Ezquerra Defensive Rebound.,home,65,52,13,3,FALSE,FALSE,0.9999996149939837,0.9999994150474827,6,-4,11.5,117.5,,"Staten Island, NY",Spiro Sports Center,NA,201,NA,NA,NA,NA,NA,NA,NA,NA,Coppin St,Wagner,FALSE
401722025,2024-12-04,Wagner,Coppin St,291,2,0:00,0,0,End of 2nd half,NA,65,52,13,10,FALSE,FALSE,1,1,6,-4,11.5,117.5,,"Staten Island, NY",Spiro Sports Center,NA,201,NA,NA,NA,NA,NA,NA,NA,NA,Wagner,NA,FALSE
401722025,2024-12-04,Wagner,Coppin St,292,2,0:00,0,0,End of Game,NA,65,52,13,0,FALSE,FALSE,1,1,6,-4,11.5,117.5,,"Staten Island, NY",Spiro Sports Center,NA,201,NA,NA,NA,NA,NA,NA,NA,NA,Wagner,NA,FALSE
