game_id,date,home,away,play_id,half,time_remaining_half,secs_remaining,secs_remaining_absolute,description,home_score,away_score,score_diff,play_length,win_prob,naive_win_prob,home_time_out_remaining,away_time_out_remaining,home_favored_by,total_line,referees,arena_location,arena,capacity,attendance,shot_x,shot_y,shot_team,shot_outcome,shooter,assist,three_pt,free_throw,possession_before,possession_after,wrong_time
401367484,2022-02-03,Georgia State,Troy,1,1,20:00,2400,2400,PLAY,0,0,0,0,0.7545479402286529,0.5,4,4,7,137.5,"c(""Rob Rorke"", "" Shaun Seales"", "" Owen Shortt"")","Atlanta, GA",GSU Sports Arena,3854,1038,NA,NA,NA,NA,NA,NA,NA,NA,NA,Georgia State,NA
401367484,2022-02-03,Georgia State,Troy,2,1,19:46,2386,2386,Foul on Zay Williams.,0,0,0,14,0.7542565565815498,0.5,4,4,7,137.5,"c(""Rob Rorke"", "" Shaun Seales"", "" Owen Shortt"")","Atlanta, GA",GSU Sports Arena,3854,1038,NA,NA,NA,NA,NA,NA,NA,NA,Georgia State,Georgia State,FALSE
401367484,2022-02-03,Georgia State,Troy,3,1,19:46,2386,2386,Ja'Heim Hudson made Free Throw.,1,0,1,0,0.7703554177259283,0.5222040562647515,4,4,7,137.5,"c(""Rob Rorke"", "" Shaun Seales"", "" Owen Shortt"")","Atlanta, GA",GSU Sports Arena,3854,1038,NA,NA,Georgia State,made,Ja'Heim Hudson,NA,FALSE,TRUE,Georgia State,Georgia State,FALSE
401367484,2022-02-03,Georgia State,Troy,4,1,19:46,2386,2386,Ja'Heim Hudson missed Free Throw.,1,0,1,0,0.7703554177259283,0.5222040562647515,4,4,7,137.5,"c(""Rob Rorke"", "" Shaun Seales"", "" Owen Shortt"")","Atlanta, GA",GSU Sports Arena,3854,1038,NA,NA,Georgia State,missed,Ja'Heim Hudson,NA,FALSE,TRUE,Georgia State,Georgia State,FALSE
401367484,2022-02-03,Georgia State,Troy,5,1,19:46,2386,2386,Eliel Nsoseme Offensive Rebound.,1,0,1,0,0.7703554177259283,0.5222040562647515,4,4,7,137.5,"c(""Rob Rorke"", "" Shaun Seales"", "" Owen Shortt"")","Atlanta, GA",GSU Sports Arena,3854,1038,NA,NA,NA,NA,NA,NA,NA,NA,Georgia State,Georgia State,FALSE
401367484,2022-02-03,Georgia State,Troy,6,1,19:43,2383,2383,Corey Allen missed Three Point Jumper.,1,0,1,3,0.7703178275052551,0.5222359818110377,4,4,7,137.5,"c(""Rob Rorke"", "" Shaun Seales"", "" Owen Shortt"")","Atlanta, GA",GSU Sports Arena,3854,1038,NA,NA,Georgia State,missed,Corey Allen,NA,TRUE,FALSE,Georgia State,Troy,FALSE
401367484,2022-02-03,Georgia State,Troy,7,1,19:39,2379,2379,Efe Odigie Defensive Rebound.,1,0,1,4,0.7702674379893846,0.5222786527948562,4,4,7,137.5,"c(""Rob Rorke"", "" Shaun Seales"", "" Owen Shortt"")","Atlanta, GA",GSU Sports Arena,3854,1038,NA,NA,NA,NA,NA,NA,NA,NA,Georgia State,Troy,FALSE
401367484,2022-02-03,Georgia State,Troy,8,1,19:14,2354,2354,Jakevan Leftridge made Layup. Assisted by Duke Miles.,1,2,-1,25,0.7364302813491856,0.4774520732691912,4,4,7,137.5,"c(""Rob Rorke"", "" Shaun Seales"", "" Owen Shortt"")","Atlanta, GA",GSU Sports Arena,3854,1038,NA,NA,Troy,made,Jakevan Leftridge,Duke Miles,FALSE,FALSE,Troy,Georgia State,FALSE
401367484,2022-02-03,Georgia State,Troy,9,1,18:59,2339,2339,Kane Williams missed Layup.,1,2,-1,15,0.7359569767091799,0.47728848947087554,4,4,7,137.5,"c(""Rob Rorke"", "" Shaun Seales"", "" Owen Shortt"")","Atlanta, GA",GSU Sports Arena,3854,1038,NA,NA,Georgia State,missed,Kane Williams,NA,FALSE,FALSE,Georgia State,Troy,FALSE
401367484,2022-02-03,Georgia State,Troy,10,1,18:55,2335,2335,Zay Williams Defensive Rebound.,1,2,-1,4,0.7358294232244662,0.4772446260183281,4,4,7,137.5,"c(""Rob Rorke"", "" Shaun Seales"", "" Owen Shortt"")","Atlanta, GA",GSU Sports Arena,3854,1038,NA,NA,NA,NA,NA,NA,NA,NA,Georgia State,Troy,FALSE
401367484,2022-02-03,Georgia State,Troy,11,1,18:54,2334,2334,Jakevan Leftridge Turnover.,1,2,-1,1,0.735797446369408,0.47723364473216906,4,4,7,137.5,"c(""Rob Rorke"", "" Shaun Seales"", "" Owen Shortt"")","Atlanta, GA",GSU Sports Arena,3854,1038,NA,NA,NA,NA,NA,NA,NA,NA,Troy,Georgia State,FALSE
401367484,2022-02-03,Georgia State,Troy,12,1,18:43,2323,2323,Justin Roberts missed Layup.,1,2,-1,11,0.735443356562937,0.4771124526928877,4,4,7,137.5,"c(""Rob Rorke"", "" Shaun Seales"", "" Owen Shortt"")","Atlanta, GA",GSU Sports Arena,3854,1038,NA,NA,Georgia State,missed,Justin Roberts,NA,FALSE,FALSE,Georgia State,Troy,FALSE
401367484,2022-02-03,Georgia State,Troy,13,1,18:43,2323,2323,Efe Odigie Defensive Rebound.,1,2,-1,0,0.735443356562937,0.4771124526928877,4,4,7,137.5,"c(""Rob Rorke"", "" Shaun Seales"", "" Owen Shortt"")","Atlanta, GA",GSU Sports Arena,3854,1038,NA,NA,NA,NA,NA,NA,NA,NA,Georgia State,Troy,FALSE
401367484,2022-02-03,Georgia State,Troy,14,1,18:43,2323,2323,Zay Williams Block.,1,2,-1,0,0.735443356562937,0.4771124526928877,4,4,7,137.5,"c(""Rob Rorke"", "" Shaun Seales"", "" Owen Shortt"")","Atlanta, GA",GSU Sports Arena,3854,1038,NA,NA,NA,NA,NA,NA,NA,NA,Georgia State,Troy,FALSE
401367484,2022-02-03,Georgia State,Troy,15,1,18:20,2300,2300,Efe Odigie made Jumper.,1,4,-3,23,0.6970451962967791,0.43096457021193246,4,4,7,137.5,"c(""Rob Rorke"", "" Shaun Seales"", "" Owen Shortt"")","Atlanta, GA",GSU Sports Arena,3854,1038,NA,NA,Troy,made,Efe Odigie,NA,FALSE,FALSE,Troy,Georgia State,FALSE
401367484,2022-02-03,Georgia State,Troy,16,1,18:11,2291,2291,Eliel Nsoseme missed Layup.,1,4,-3,9,0.6965489848479898,0.4306673145520783,4,4,7,137.5,"c(""Rob Rorke"", "" Shaun Seales"", "" Owen Shortt"")","Atlanta, GA",GSU Sports Arena,3854,1038,NA,NA,Georgia State,missed,Eliel Nsoseme,NA,FALSE,FALSE,Georgia State,Troy,FALSE
401367484,2022-02-03,Georgia State,Troy,17,1,18:07,2287,2287,Desmond Williams Defensive Rebound.,1,4,-3,4,0.696327125375085,0.43053482975743435,4,4,7,137.5,"c(""Rob Rorke"", "" Shaun Seales"", "" Owen Shortt"")","Atlanta, GA",GSU Sports Arena,3854,1038,NA,NA,NA,NA,NA,NA,NA,NA,Georgia State,Troy,FALSE
401367484,2022-02-03,Georgia State,Troy,18,1,17:50,2270,2270,Efe Odigie missed Three Point Jumper.,1,4,-3,17,0.6953751778361348,0.42996936156688836,4,4,7,137.5,"c(""Rob Rorke"", "" Shaun Seales"", "" Owen Shortt"")","Atlanta, GA",GSU Sports Arena,3854,1038,NA,NA,Troy,missed,Efe Odigie,NA,TRUE,FALSE,Troy,Georgia State,FALSE
401367484,2022-02-03,Georgia State,Troy,19,1,17:46,2266,2266,Eliel Nsoseme Defensive Rebound.,1,4,-3,4,0.6951490668650964,0.4298357711983823,4,4,7,137.5,"c(""Rob Rorke"", "" Shaun Seales"", "" Owen Shortt"")","Atlanta, GA",GSU Sports Arena,3854,1038,NA,NA,NA,NA,NA,NA,NA,NA,Troy,Georgia State,FALSE
401367484,2022-02-03,Georgia State,Troy,20,1,17:39,2259,2259,Justin Roberts missed Layup.,1,4,-3,7,0.6947514313088261,0.42960152217747094,4,4,7,137.5,"c(""Rob Rorke"", "" Shaun Seales"", "" Owen Shortt"")","Atlanta, GA",GSU Sports Arena,3854,1038,NA,NA,Georgia State,missed,Justin Roberts,NA,FALSE,FALSE,Georgia State,Troy,FALSE
401367484,2022-02-03,Georgia State,Troy,21,1,17:35,2255,2255,Zay Williams Defensive Rebound.,1,4,-3,4,0.6945231031846139,0.42946740801801747,4,4,7,137.5,"c(""Rob Rorke"", "" Shaun Seales"", "" Owen Shortt"")","Atlanta, GA",GSU Sports Arena,3854,1038,NA,NA,NA,NA,NA,NA,NA,NA,Georgia State,Troy,FALSE
401367484,2022-02-03,Georgia State,Troy,22,1,17:22,2242,2242,Zay Williams missed Jumper.,1,4,-3,13,0.6937754849907153,0.42903031265841174,4,4,7,137.5,"c(""Rob Rorke"", "" Shaun Seales"", "" Owen Shortt"")","Atlanta, GA",GSU Sports Arena,3854,1038,NA,NA,Troy,missed,Zay Williams,NA,FALSE,FALSE,Troy,Georgia State,FALSE
401367484,2022-02-03,Georgia State,Troy,23,1,17:18,2238,2238,Eliel Nsoseme Defensive Rebound.,1,4,-3,4,0.693543743734622,0.42889546373223,4,4,7,137.5,"c(""Rob Rorke"", "" Shaun Seales"", "" Owen Shortt"")","Atlanta, GA",GSU Sports Arena,3854,1038,NA,NA,NA,NA,NA,NA,NA,NA,Troy,Georgia State,FALSE
401367484,2022-02-03,Georgia State,Troy,24,1,17:15,2235,2235,Corey Allen Turnover.,1,4,-3,3,0.6933694122721994,0.4287942219546592,4,4,7,137.5,"c(""Rob Rorke"", "" Shaun Seales"", "" Owen Shortt"")","Atlanta, GA",GSU Sports Arena,3854,1038,NA,NA,NA,NA,NA,NA,NA,NA,Georgia State,Troy,FALSE
401367484,2022-02-03,Georgia State,Troy,25,1,16:55,2215,2215,Efe Odigie missed Jumper.,1,4,-3,20,0.6921957205272132,0.4281171371963982,4,4,7,137.5,"c(""Rob Rorke"", "" Shaun Seales"", "" Owen Shortt"")","Atlanta, GA",GSU Sports Arena,3854,1038,NA,NA,Troy,missed,Efe Odigie,NA,FALSE,FALSE,Troy,Troy,FALSE
401367484,2022-02-03,Georgia State,Troy,26,1,16:53,2213,2213,Troy Offensive Rebound.,1,4,-3,2,0.6920772556886227,0.4280492384276799,4,4,7,137.5,"c(""Rob Rorke"", "" Shaun Seales"", "" Owen Shortt"")","Atlanta, GA",GSU Sports Arena,3854,1038,NA,NA,NA,NA,NA,NA,NA,NA,Troy,Troy,FALSE
401367484,2022-02-03,Georgia State,Troy,27,1,16:46,2206,2206,Efe Odigie Turnover.,1,4,-3,7,0.6916610643211774,0.42781134411298344,4,4,7,137.5,"c(""Rob Rorke"", "" Shaun Seales"", "" Owen Shortt"")","Atlanta, GA",GSU Sports Arena,3854,1038,NA,NA,NA,NA,NA,NA,NA,NA,Troy,Georgia State,FALSE
401367484,2022-02-03,Georgia State,Troy,28,1,16:31,2191,2191,Justin Roberts made Three Point Jumper.,4,4,0,15,0.7496138423790072,0.5,4,4,7,137.5,"c(""Rob Rorke"", "" Shaun Seales"", "" Owen Shortt"")","Atlanta, GA",GSU Sports Arena,3854,1038,NA,NA,Georgia State,made,Justin Roberts,NA,TRUE,FALSE,Georgia State,Troy,FALSE
401367484,2022-02-03,Georgia State,Troy,29,1,16:23,2183,2183,Foul on Nate Tshimanga.,4,4,0,8,0.7493976949425948,0.5,4,4,7,137.5,"c(""Rob Rorke"", "" Shaun Seales"", "" Owen Shortt"")","Atlanta, GA",GSU Sports Arena,3854,1038,NA,NA,NA,NA,NA,NA,NA,NA,Georgia State,Georgia State,FALSE
401367484,2022-02-03,Georgia State,Troy,30,1,16:23,2183,2183,Nate Tshimanga Turnover.,4,4,0,0,0.7493976949425948,0.5,4,4,7,137.5,"c(""Rob Rorke"", "" Shaun Seales"", "" Owen Shortt"")","Atlanta, GA",GSU Sports Arena,3854,1038,NA,NA,NA,NA,NA,NA,NA,NA,Troy,Georgia State,FALSE
401367484,2022-02-03,Georgia State,Troy,31,1,16:05,2165,2165,Justin Roberts made Three Point Jumper. Assisted by Eliel Nsoseme.,7,4,3,18,0.8004771735097869,0.5735885940979953,4,4,7,137.5,"c(""Rob Rorke"", "" Shaun Seales"", "" Owen Shortt"")","Atlanta, GA",GSU Sports Arena,3854,1038,NA,NA,Georgia State,made,Justin Roberts,Eliel Nsoseme,TRUE,FALSE,Georgia State,Troy,FALSE
401367484,2022-02-03,Georgia State,Troy,32,1,15:56,2156,2156,Foul on Eliel Nsoseme.,7,4,3,9,0.80046558585463,0.5738975675957979,4,4,7,137.5,"c(""Rob Rorke"", "" Shaun Seales"", "" Owen Shortt"")","Atlanta, GA",GSU Sports Arena,3854,1038,NA,NA,NA,NA,NA,NA,NA,NA,Troy,Troy,FALSE
401367484,2022-02-03,Georgia State,Troy,33,1,15:56,2156,2156,Official TV Timeout,7,4,3,0,0.80046558585463,0.5738975675957979,4,4,7,137.5,"c(""Rob Rorke"", "" Shaun Seales"", "" Owen Shortt"")","Atlanta, GA",GSU Sports Arena,3854,1038,NA,NA,NA,NA,NA,NA,NA,NA,Troy,Troy,FALSE
401367484,2022-02-03,Georgia State,Troy,34,1,15:56,2156,2156,Duke Miles made Free Throw.,7,5,2,0,0.7841386862095716,0.5494661865413782,4,4,7,137.5,"c(""Rob Rorke"", "" Shaun Seales"", "" Owen Shortt"")","Atlanta, GA",GSU Sports Arena,3854,1038,NA,NA,Troy,made,Duke Miles,NA,FALSE,TRUE,Troy,Troy,FALSE
401367484,2022-02-03,Georgia State,Troy,35,1,15:56,2156,2156,Duke Miles made Free Throw.,7,6,1,0,0.7668649323484883,0.5247939107609239,4,4,7,137.5,"c(""Rob Rorke"", "" Shaun Seales"", "" Owen Shortt"")","Atlanta, GA",GSU Sports Arena,3854,1038,NA,NA,Troy,made,Duke Miles,NA,FALSE,TRUE,Troy,Georgia State,FALSE
401367484,2022-02-03,Georgia State,Troy,36,1,15:29,2129,2129,Kane Williams Turnover.,7,6,1,27,0.7663612243871717,0.5251109509496074,4,4,7,137.5,"c(""Rob Rorke"", "" Shaun Seales"", "" Owen Shortt"")","Atlanta, GA",GSU Sports Arena,3854,1038,NA,NA,NA,NA,NA,NA,NA,NA,Georgia State,Troy,FALSE
401367484,2022-02-03,Georgia State,Troy,37,1,15:29,2129,2129,Duke Deen Steal.,7,6,1,0,0.7663612243871717,0.5251109509496074,4,4,7,137.5,"c(""Rob Rorke"", "" Shaun Seales"", "" Owen Shortt"")","Atlanta, GA",GSU Sports Arena,3854,1038,NA,NA,NA,NA,NA,NA,NA,NA,Georgia State,Troy,FALSE
401367484,2022-02-03,Georgia State,Troy,38,1,15:09,2109,2109,TK Smith missed Jumper.,7,6,1,20,0.7659756691688436,0.5253478500729736,4,4,7,137.5,"c(""Rob Rorke"", "" Shaun Seales"", "" Owen Shortt"")","Atlanta, GA",GSU Sports Arena,3854,1038,NA,NA,Troy,missed,TK Smith,NA,FALSE,FALSE,Troy,Troy,FALSE
401367484,2022-02-03,Georgia State,Troy,39,1,15:08,2108,2108,Troy Offensive Rebound.,7,6,1,1,0.7659561193374945,0.5253597437932811,4,4,7,137.5,"c(""Rob Rorke"", "" Shaun Seales"", "" Owen Shortt"")","Atlanta, GA",GSU Sports Arena,3854,1038,NA,NA,NA,NA,NA,NA,NA,NA,Troy,Troy,FALSE
401367484,2022-02-03,Georgia State,Troy,40,1,15:08,2108,2108,Foul on Kane Williams.,7,6,1,0,0.7659561193374945,0.5253597437932811,4,4,7,137.5,"c(""Rob Rorke"", "" Shaun Seales"", "" Owen Shortt"")","Atlanta, GA",GSU Sports Arena,3854,1038,NA,NA,NA,NA,NA,NA,NA,NA,Troy,Troy,FALSE
401367484,2022-02-03,Georgia State,Troy,41,1,15:03,2103,2103,Foul on Kaleb Scott.,7,6,1,5,0.7658579860061858,0.5254192842743747,4,4,7,137.5,"c(""Rob Rorke"", "" Shaun Seales"", "" Owen Shortt"")","Atlanta, GA",GSU Sports Arena,3854,1038,NA,NA,NA,NA,NA,NA,NA,NA,Troy,Troy,FALSE
401367484,2022-02-03,Georgia State,Troy,42,1,15:03,2103,2103,Nate Tshimanga missed Free Throw.,7,6,1,0,0.7658579860061858,0.5254192842743747,4,4,7,137.5,"c(""Rob Rorke"", "" Shaun Seales"", "" Owen Shortt"")","Atlanta, GA",GSU Sports Arena,3854,1038,NA,NA,Troy,missed,Nate Tshimanga,NA,FALSE,TRUE,Troy,Troy,FALSE
401367484,2022-02-03,Georgia State,Troy,43,1,15:03,2103,2103,Troy Offensive Rebound.,7,6,1,0,0.7658579860061858,0.5254192842743747,4,4,7,137.5,"c(""Rob Rorke"", "" Shaun Seales"", "" Owen Shortt"")","Atlanta, GA",GSU Sports Arena,3854,1038,NA,NA,NA,NA,NA,NA,NA,NA,Troy,Troy,FALSE
401367484,2022-02-03,Georgia State,Troy,44,1,15:03,2103,2103,Nate Tshimanga missed Free Throw.,7,6,1,0,0.7658579860061858,0.5254192842743747,4,4,7,137.5,"c(""Rob Rorke"", "" Shaun Seales"", "" Owen Shortt"")","Atlanta, GA",GSU Sports Arena,3854,1038,NA,NA,Troy,missed,Nate Tshimanga,NA,FALSE,TRUE,Troy,Troy,FALSE
401367484,2022-02-03,Georgia State,Troy,45,1,14:59,2099,2099,Evan Johnson Defensive Rebound.,7,6,1,4,0.7657790204091232,0.5254670039376211,4,4,7,137.5,"c(""Rob Rorke"", "" Shaun Seales"", "" Owen Shortt"")","Atlanta, GA",GSU Sports Arena,3854,1038,NA,NA,NA,NA,NA,NA,NA,NA,Troy,Georgia State,FALSE
401367484,2022-02-03,Georgia State,Troy,46,1,14:49,2089,2089,Evan Johnson missed Three Point Jumper.,7,6,1,10,0.7655798370398326,0.5255866500692816,4,4,7,137.5,"c(""Rob Rorke"", "" Shaun Seales"", "" Owen Shortt"")","Atlanta, GA",GSU Sports Arena,3854,1038,NA,NA,Georgia State,missed,Evan Johnson,NA,TRUE,FALSE,Georgia State,Georgia State,FALSE
401367484,2022-02-03,Georgia State,Troy,47,1,14:43,2083,2083,Kane Williams Offensive Rebound.,7,6,1,6,0.7654591248259011,0.52565868112771,4,4,7,137.5,"c(""Rob Rorke"", "" Shaun Seales"", "" Owen Shortt"")","Atlanta, GA",GSU Sports Arena,3854,1038,NA,NA,NA,NA,NA,NA,NA,NA,Georgia State,Georgia State,FALSE
401367484,2022-02-03,Georgia State,Troy,48,1,14:33,2073,2073,Jalen Thomas missed Jumper.,7,6,1,10,0.765255958209361,0.5257791503415546,4,4,7,137.5,"c(""Rob Rorke"", "" Shaun Seales"", "" Owen Shortt"")","Atlanta, GA",GSU Sports Arena,3854,1038,NA,NA,Georgia State,missed,Jalen Thomas,NA,FALSE,FALSE,Georgia State,Georgia State,FALSE
401367484,2022-02-03,Georgia State,Troy,49,1,14:25,2065,2065,Nelson Phillips Offensive Rebound.,7,6,1,8,0.7650916632932298,0.525875911233899,4,4,7,137.5,"c(""Rob Rorke"", "" Shaun Seales"", "" Owen Shortt"")","Atlanta, GA",GSU Sports Arena,3854,1038,NA,NA,NA,NA,NA,NA,NA,NA,Georgia State,Georgia State,FALSE
401367484,2022-02-03,Georgia State,Troy,50,1,14:25,2065,2065,Nelson Phillips made Dunk.,9,6,3,0,0.8002715893374893,0.5770777352954989,4,4,7,137.5,"c(""Rob Rorke"", "" Shaun Seales"", "" Owen Shortt"")","Atlanta, GA",GSU Sports Arena,3854,1038,NA,NA,Georgia State,made,Nelson Phillips,NA,FALSE,FALSE,Georgia State,Troy,FALSE
401367484,2022-02-03,Georgia State,Troy,51,1,14:03,2043,2043,Nick Stampley missed Three Point Jumper.,9,6,3,22,0.8002065387105813,0.577864370066,4,4,7,137.5,"c(""Rob Rorke"", "" Shaun Seales"", "" Owen Shortt"")","Atlanta, GA",GSU Sports Arena,3854,1038,NA,NA,Troy,missed,Nick Stampley,NA,TRUE,FALSE,Troy,Georgia State,FALSE
401367484,2022-02-03,Georgia State,Troy,52,1,13:59,2039,2039,Kane Williams Defensive Rebound.,9,6,3,4,0.8001940658951828,0.5780082383460582,4,4,7,137.5,"c(""Rob Rorke"", "" Shaun Seales"", "" Owen Shortt"")","Atlanta, GA",GSU Sports Arena,3854,1038,NA,NA,NA,NA,NA,NA,NA,NA,Troy,Georgia State,FALSE
401367484,2022-02-03,Georgia State,Troy,53,1,13:55,2035,2035,Nelson Phillips missed Three Point Jumper.,9,6,3,4,0.8001814034723638,0.5781523740316055,4,4,7,137.5,"c(""Rob Rorke"", "" Shaun Seales"", "" Owen Shortt"")","Atlanta, GA",GSU Sports Arena,3854,1038,NA,NA,Georgia State,missed,Nelson Phillips,NA,TRUE,FALSE,Georgia State,Troy,FALSE
401367484,2022-02-03,Georgia State,Troy,54,1,13:49,2029,2029,Nick Stampley Defensive Rebound.,9,6,3,6,0.8001620621882701,0.578369085746656,4,4,7,137.5,"c(""Rob Rorke"", "" Shaun Seales"", "" Owen Shortt"")","Atlanta, GA",GSU Sports Arena,3854,1038,NA,NA,NA,NA,NA,NA,NA,NA,Georgia State,Troy,FALSE
401367484,2022-02-03,Georgia State,Troy,55,1,13:36,2016,2016,Rifen Miguel made Layup.,9,8,1,13,0.7640522751654168,0.5264765806034609,4,4,7,137.5,"c(""Rob Rorke"", "" Shaun Seales"", "" Owen Shortt"")","Atlanta, GA",GSU Sports Arena,3854,1038,NA,NA,Troy,made,Rifen Miguel,NA,FALSE,FALSE,Troy,Georgia State,FALSE
401367484,2022-02-03,Georgia State,Troy,56,1,13:18,1998,1998,Foul on Nelson Phillips.,9,8,1,18,0.7636567014716322,0.5267009496278943,4,4,7,137.5,"c(""Rob Rorke"", "" Shaun Seales"", "" Owen Shortt"")","Atlanta, GA",GSU Sports Arena,3854,1038,NA,NA,NA,NA,NA,NA,NA,NA,Georgia State,Troy,FALSE
401367484,2022-02-03,Georgia State,Troy,57,1,13:18,1998,1998,Nelson Phillips Turnover.,9,8,1,0,0.7636567014716322,0.5267009496278943,4,4,7,137.5,"c(""Rob Rorke"", "" Shaun Seales"", "" Owen Shortt"")","Atlanta, GA",GSU Sports Arena,3854,1038,NA,NA,NA,NA,NA,NA,NA,NA,Troy,Troy,FALSE
401367484,2022-02-03,Georgia State,Troy,58,1,12:51,1971,1971,Zay Williams missed Jumper.,9,8,1,27,0.7630501487938379,0.5270415699647331,4,4,7,137.5,"c(""Rob Rorke"", "" Shaun Seales"", "" Owen Shortt"")","Atlanta, GA",GSU Sports Arena,3854,1038,NA,NA,Troy,missed,Zay Williams,NA,FALSE,FALSE,Troy,Troy,FALSE
401367484,2022-02-03,Georgia State,Troy,59,1,12:45,1965,1965,TK Smith Offensive Rebound.,9,8,1,6,0.7629132688336072,0.5271179547560068,4,4,7,137.5,"c(""Rob Rorke"", "" Shaun Seales"", "" Owen Shortt"")","Atlanta, GA",GSU Sports Arena,3854,1038,NA,NA,NA,NA,NA,NA,NA,NA,Troy,Troy,FALSE
401367484,2022-02-03,Georgia State,Troy,60,1,12:45,1965,1965,TK Smith made Layup.,9,10,-1,0,0.7214291189547615,0.47288204524399324,4,4,7,137.5,"c(""Rob Rorke"", "" Shaun Seales"", "" Owen Shortt"")","Atlanta, GA",GSU Sports Arena,3854,1038,NA,NA,Troy,made,TK Smith,NA,FALSE,FALSE,Troy,Georgia State,FALSE
401367484,2022-02-03,Georgia State,Troy,61,1,12:40,1960,1960,Kane Williams missed Jumper.,9,10,-1,5,0.721198750811281,0.472818193272966,4,4,7,137.5,"c(""Rob Rorke"", "" Shaun Seales"", "" Owen Shortt"")","Atlanta, GA",GSU Sports Arena,3854,1038,NA,NA,Georgia State,missed,Kane Williams,NA,FALSE,FALSE,Georgia State,Troy,FALSE
401367484,2022-02-03,Georgia State,Troy,62,1,12:37,1957,1957,Kieffer Punter Defensive Rebound.,9,10,-1,3,0.721060079133475,0.4727797947470498,4,4,7,137.5,"c(""Rob Rorke"", "" Shaun Seales"", "" Owen Shortt"")","Atlanta, GA",GSU Sports Arena,3854,1038,NA,NA,NA,NA,NA,NA,NA,NA,Georgia State,Troy,FALSE
401367484,2022-02-03,Georgia State,Troy,63,1,12:33,1953,1953,Duke Deen Turnover.,9,10,-1,4,0.7208746580037111,0.4727284938592801,4,4,7,137.5,"c(""Rob Rorke"", "" Shaun Seales"", "" Owen Shortt"")","Atlanta, GA",GSU Sports Arena,3854,1038,NA,NA,NA,NA,NA,NA,NA,NA,Troy,Georgia State,FALSE
401367484,2022-02-03,Georgia State,Troy,64,1,12:33,1953,1953,Jalen Thomas Steal.,9,10,-1,0,0.7208746580037111,0.4727284938592801,4,4,7,137.5,"c(""Rob Rorke"", "" Shaun Seales"", "" Owen Shortt"")","Atlanta, GA",GSU Sports Arena,3854,1038,NA,NA,NA,NA,NA,NA,NA,NA,Troy,Georgia State,FALSE
401367484,2022-02-03,Georgia State,Troy,65,1,12:27,1947,1947,Evan Johnson made Jumper.,11,10,1,6,0.7624981978620424,0.5273486800835742,4,4,7,137.5,"c(""Rob Rorke"", "" Shaun Seales"", "" Owen Shortt"")","Atlanta, GA",GSU Sports Arena,3854,1038,NA,NA,Georgia State,made,Evan Johnson,NA,FALSE,FALSE,Georgia State,Troy,FALSE
401367484,2022-02-03,Georgia State,Troy,66,1,12:00,1920,1920,Duke Deen Turnover.,11,10,1,27,0.7618625045933184,0.5276988496941237,4,4,7,137.5,"c(""Rob Rorke"", "" Shaun Seales"", "" Owen Shortt"")","Atlanta, GA",GSU Sports Arena,3854,1038,NA,NA,NA,NA,NA,NA,NA,NA,Troy,Georgia State,FALSE
401367484,2022-02-03,Georgia State,Troy,67,1,12:00,1920,1920,Official TV Timeout,11,10,1,0,0.7618625045933184,0.5276988496941237,4,4,7,137.5,"c(""Rob Rorke"", "" Shaun Seales"", "" Owen Shortt"")","Atlanta, GA",GSU Sports Arena,3854,1038,NA,NA,NA,NA,NA,NA,NA,NA,Troy,Georgia State,FALSE
401367484,2022-02-03,Georgia State,Troy,68,1,11:45,1905,1905,Justin Roberts missed Three Point Jumper.,11,10,1,15,0.7614987993495049,0.527893567120556,4,4,7,137.5,"c(""Rob Rorke"", "" Shaun Seales"", "" Owen Shortt"")","Atlanta, GA",GSU Sports Arena,3854,1038,NA,NA,Georgia State,missed,Justin Roberts,NA,TRUE,FALSE,Georgia State,Georgia State,FALSE
401367484,2022-02-03,Georgia State,Troy,69,1,11:40,1900,1900,Eliel Nsoseme Offensive Rebound.,11,10,1,5,0.7613757342272404,0.5279584246133091,4,4,7,137.5,"c(""Rob Rorke"", "" Shaun Seales"", "" Owen Shortt"")","Atlanta, GA",GSU Sports Arena,3854,1038,NA,NA,NA,NA,NA,NA,NA,NA,Georgia State,Georgia State,FALSE
401367484,2022-02-03,Georgia State,Troy,70,1,11:30,1890,1890,Kane Williams missed Three Point Jumper.,11,10,1,10,0.7611269622714149,0.5280881253706348,4,4,7,137.5,"c(""Rob Rorke"", "" Shaun Seales"", "" Owen Shortt"")","Atlanta, GA",GSU Sports Arena,3854,1038,NA,NA,Georgia State,missed,Kane Williams,NA,TRUE,FALSE,Georgia State,Georgia State,FALSE
401367484,2022-02-03,Georgia State,Troy,71,1,11:27,1887,1887,Eliel Nsoseme Offensive Rebound.,11,10,1,3,0.7610516599930083,0.5281270409839967,4,4,7,137.5,"c(""Rob Rorke"", "" Shaun Seales"", "" Owen Shortt"")","Atlanta, GA",GSU Sports Arena,3854,1038,NA,NA,NA,NA,NA,NA,NA,NA,Georgia State,Georgia State,FALSE
401367484,2022-02-03,Georgia State,Troy,72,1,11:17,1877,1877,Kane Williams made Layup.,13,10,3,10,0.7995297391346324,0.58405532999826,4,4,7,137.5,"c(""Rob Rorke"", "" Shaun Seales"", "" Owen Shortt"")","Atlanta, GA",GSU Sports Arena,3854,1038,NA,NA,Georgia State,made,Kane Williams,NA,FALSE,FALSE,Georgia State,Troy,FALSE
401367484,2022-02-03,Georgia State,Troy,73,1,10:43,1843,1843,Efe Odigie missed Layup.,13,10,3,34,0.7993216015803812,0.5853497998316473,4,4,7,137.5,"c(""Rob Rorke"", "" Shaun Seales"", "" Owen Shortt"")","Atlanta, GA",GSU Sports Arena,3854,1038,NA,NA,Troy,missed,Efe Odigie,NA,FALSE,FALSE,Troy,Troy,FALSE
401367484,2022-02-03,Georgia State,Troy,74,1,10:40,1840,1840,Efe Odigie Offensive Rebound.,13,10,3,3,0.7993021480474988,0.5854645035731838,4,4,7,137.5,"c(""Rob Rorke"", "" Shaun Seales"", "" Owen Shortt"")","Atlanta, GA",GSU Sports Arena,3854,1038,NA,NA,NA,NA,NA,NA,NA,NA,Troy,Troy,FALSE
401367484,2022-02-03,Georgia State,Troy,75,1,10:40,1840,1840,Foul on Eliel Nsoseme.,13,10,3,0,0.7993021480474988,0.5854645035731838,4,4,7,137.5,"c(""Rob Rorke"", "" Shaun Seales"", "" Owen Shortt"")","Atlanta, GA",GSU Sports Arena,3854,1038,NA,NA,NA,NA,NA,NA,NA,NA,Troy,Troy,FALSE
401367484,2022-02-03,Georgia State,Troy,76,1,10:40,1840,1840,Efe Odigie made Free Throw.,13,11,2,0,0.7802040999173547,0.5572884726183811,4,4,7,137.5,"c(""Rob Rorke"", "" Shaun Seales"", "" Owen Shortt"")","Atlanta, GA",GSU Sports Arena,3854,1038,NA,NA,Troy,made,Efe Odigie,NA,FALSE,TRUE,Troy,Troy,FALSE
401367484,2022-02-03,Georgia State,Troy,77,1,10:40,1840,1840,Efe Odigie missed Free Throw.,13,11,2,0,0.7802040999173547,0.5572884726183811,4,4,7,137.5,"c(""Rob Rorke"", "" Shaun Seales"", "" Owen Shortt"")","Atlanta, GA",GSU Sports Arena,3854,1038,NA,NA,Troy,missed,Efe Odigie,NA,FALSE,TRUE,Troy,Georgia State,FALSE
401367484,2022-02-03,Georgia State,Troy,78,1,10:39,1839,1839,Kane Williams Defensive Rebound.,13,11,2,1,0.7801881209682993,0.5573144007142591,4,4,7,137.5,"c(""Rob Rorke"", "" Shaun Seales"", "" Owen Shortt"")","Atlanta, GA",GSU Sports Arena,3854,1038,NA,NA,NA,NA,NA,NA,NA,NA,Troy,Georgia State,FALSE
401367484,2022-02-03,Georgia State,Troy,79,1,10:24,1824,1824,Foul on Corey Allen.,13,11,2,15,0.7799459947872108,0.5577044293590058,4,4,7,137.5,"c(""Rob Rorke"", "" Shaun Seales"", "" Owen Shortt"")","Atlanta, GA",GSU Sports Arena,3854,1038,NA,NA,NA,NA,NA,NA,NA,NA,Georgia State,Troy,FALSE
401367484,2022-02-03,Georgia State,Troy,80,1,10:24,1824,1824,Corey Allen Turnover.,13,11,2,0,0.7799459947872108,0.5577044293590058,4,4,7,137.5,"c(""Rob Rorke"", "" Shaun Seales"", "" Owen Shortt"")","Atlanta, GA",GSU Sports Arena,3854,1038,NA,NA,NA,NA,NA,NA,NA,NA,Troy,Troy,FALSE
401367484,2022-02-03,Georgia State,Troy,81,1,10:02,1802,1802,Efe Odigie made Jumper. Assisted by Desmond Williams.,13,13,0,22,0.7367321946711543,0.5,4,4,7,137.5,"c(""Rob Rorke"", "" Shaun Seales"", "" Owen Shortt"")","Atlanta, GA",GSU Sports Arena,3854,1038,NA,NA,Troy,made,Efe Odigie,Desmond Williams,FALSE,FALSE,Troy,Georgia State,FALSE
401367484,2022-02-03,Georgia State,Troy,82,1,9:53,1793,1793,Jalen Thomas missed Jumper.,13,13,0,9,0.736375331679114,0.5,4,4,7,137.5,"c(""Rob Rorke"", "" Shaun Seales"", "" Owen Shortt"")","Atlanta, GA",GSU Sports Arena,3854,1038,NA,NA,Georgia State,missed,Jalen Thomas,NA,FALSE,FALSE,Georgia State,Troy,FALSE
401367484,2022-02-03,Georgia State,Troy,83,1,9:48,1788,1788,Efe Odigie Defensive Rebound.,13,13,0,5,0.7361760368461912,0.5,4,4,7,137.5,"c(""Rob Rorke"", "" Shaun Seales"", "" Owen Shortt"")","Atlanta, GA",GSU Sports Arena,3854,1038,NA,NA,NA,NA,NA,NA,NA,NA,Georgia State,Troy,FALSE
401367484,2022-02-03,Georgia State,Troy,84,1,9:43,1783,1783,Duke Miles Turnover.,13,13,0,5,0.7359760146910226,0.5,4,4,7,137.5,"c(""Rob Rorke"", "" Shaun Seales"", "" Owen Shortt"")","Atlanta, GA",GSU Sports Arena,3854,1038,NA,NA,NA,NA,NA,NA,NA,NA,Troy,Georgia State,FALSE
401367484,2022-02-03,Georgia State,Troy,85,1,9:14,1754,1754,Corey Allen made Jumper.,15,13,2,29,0.7787715758548921,0.5595650718504439,4,4,7,137.5,"c(""Rob Rorke"", "" Shaun Seales"", "" Owen Shortt"")","Atlanta, GA",GSU Sports Arena,3854,1038,NA,NA,Georgia State,made,Corey Allen,NA,FALSE,FALSE,Georgia State,Troy,FALSE
401367484,2022-02-03,Georgia State,Troy,86,1,8:43,1723,1723,Christian Turner made Layup. Assisted by Desmond Williams.,15,15,0,31,0.7335230228579501,0.5,4,4,7,137.5,"c(""Rob Rorke"", "" Shaun Seales"", "" Owen Shortt"")","Atlanta, GA",GSU Sports Arena,3854,1038,NA,NA,Troy,made,Christian Turner,Desmond Williams,FALSE,FALSE,Troy,Georgia State,FALSE
401367484,2022-02-03,Georgia State,Troy,87,1,8:38,1718,1718,Justin Roberts missed Three Point Jumper.,15,15,0,5,0.7333145492729073,0.5,4,4,7,137.5,"c(""Rob Rorke"", "" Shaun Seales"", "" Owen Shortt"")","Atlanta, GA",GSU Sports Arena,3854,1038,NA,NA,Georgia State,missed,Justin Roberts,NA,TRUE,FALSE,Georgia State,Troy,FALSE
401367484,2022-02-03,Georgia State,Troy,88,1,8:34,1714,1714,Christian Turner Defensive Rebound.,15,15,0,4,0.7331473579313124,0.5,4,4,7,137.5,"c(""Rob Rorke"", "" Shaun Seales"", "" Owen Shortt"")","Atlanta, GA",GSU Sports Arena,3854,1038,NA,NA,NA,NA,NA,NA,NA,NA,Georgia State,Troy,FALSE
401367484,2022-02-03,Georgia State,Troy,89,1,8:20,1700,1700,Efe Odigie Turnover.,15,15,0,14,0.7325593879410237,0.5,4,4,7,137.5,"c(""Rob Rorke"", "" Shaun Seales"", "" Owen Shortt"")","Atlanta, GA",GSU Sports Arena,3854,1038,NA,NA,NA,NA,NA,NA,NA,NA,Troy,Georgia State,FALSE
401367484,2022-02-03,Georgia State,Troy,90,1,8:20,1700,1700,Jalen Thomas Steal.,15,15,0,0,0.7325593879410237,0.5,4,4,7,137.5,"c(""Rob Rorke"", "" Shaun Seales"", "" Owen Shortt"")","Atlanta, GA",GSU Sports Arena,3854,1038,NA,NA,NA,NA,NA,NA,NA,NA,Troy,Georgia State,FALSE
401367484,2022-02-03,Georgia State,Troy,91,1,8:09,1689,1689,Corey Allen made Jumper.,17,15,2,11,0.7776569698725663,0.5613860342195655,4,4,7,137.5,"c(""Rob Rorke"", "" Shaun Seales"", "" Owen Shortt"")","Atlanta, GA",GSU Sports Arena,3854,1038,NA,NA,Georgia State,made,Corey Allen,NA,FALSE,FALSE,Georgia State,Troy,FALSE
401367484,2022-02-03,Georgia State,Troy,92,1,7:45,1665,1665,Efe Odigie made Jumper. Assisted by Jakevan Leftridge.,17,17,0,24,0.7310553153189896,0.5,4,4,7,137.5,"c(""Rob Rorke"", "" Shaun Seales"", "" Owen Shortt"")","Atlanta, GA",GSU Sports Arena,3854,1038,NA,NA,Troy,made,Efe Odigie,Jakevan Leftridge,FALSE,FALSE,Troy,Georgia State,FALSE
401367484,2022-02-03,Georgia State,Troy,93,1,7:32,1652,1652,Jalen Thomas Turnover.,17,17,0,13,0.7304761986159888,0.5,4,4,7,137.5,"c(""Rob Rorke"", "" Shaun Seales"", "" Owen Shortt"")","Atlanta, GA",GSU Sports Arena,3854,1038,NA,NA,NA,NA,NA,NA,NA,NA,Georgia State,Troy,FALSE
401367484,2022-02-03,Georgia State,Troy,94,1,7:32,1652,1652,Duke Miles Steal.,17,17,0,0,0.7304761986159888,0.5,4,4,7,137.5,"c(""Rob Rorke"", "" Shaun Seales"", "" Owen Shortt"")","Atlanta, GA",GSU Sports Arena,3854,1038,NA,NA,NA,NA,NA,NA,NA,NA,Georgia State,Troy,FALSE
401367484,2022-02-03,Georgia State,Troy,95,1,7:26,1646,1646,Jakevan Leftridge missed Three Point Jumper.,17,17,0,6,0.7302053581691563,0.5,4,4,7,137.5,"c(""Rob Rorke"", "" Shaun Seales"", "" Owen Shortt"")","Atlanta, GA",GSU Sports Arena,3854,1038,NA,NA,Troy,missed,Jakevan Leftridge,NA,TRUE,FALSE,Troy,Troy,FALSE
401367484,2022-02-03,Georgia State,Troy,96,1,7:26,1646,1646,Justin Roberts Block.,17,17,0,0,0.7302053581691563,0.5,4,4,7,137.5,"c(""Rob Rorke"", "" Shaun Seales"", "" Owen Shortt"")","Atlanta, GA",GSU Sports Arena,3854,1038,NA,NA,NA,NA,NA,NA,NA,NA,Troy,Troy,FALSE
401367484,2022-02-03,Georgia State,Troy,97,1,7:17,1637,1637,Duke Miles Offensive Rebound.,17,17,0,9,0.7297951162344808,0.5,4,4,7,137.5,"c(""Rob Rorke"", "" Shaun Seales"", "" Owen Shortt"")","Atlanta, GA",GSU Sports Arena,3854,1038,NA,NA,NA,NA,NA,NA,NA,NA,Troy,Troy,FALSE
401367484,2022-02-03,Georgia State,Troy,98,1,7:16,1636,1636,Christian Turner made Layup. Assisted by Desmond Williams.,17,19,-2,1,0.6771189706782521,0.4371374757034874,4,4,7,137.5,"c(""Rob Rorke"", "" Shaun Seales"", "" Owen Shortt"")","Atlanta, GA",GSU Sports Arena,3854,1038,NA,NA,Troy,made,Christian Turner,Desmond Williams,FALSE,FALSE,Troy,Georgia State,FALSE
401367484,2022-02-03,Georgia State,Troy,99,1,7:10,1630,1630,Foul on Desmond Williams.,17,19,-2,6,0.6766682124209957,0.4369750593363441,4,4,7,137.5,"c(""Rob Rorke"", "" Shaun Seales"", "" Owen Shortt"")","Atlanta, GA",GSU Sports Arena,3854,1038,NA,NA,NA,NA,NA,NA,NA,NA,Georgia State,Georgia State,FALSE
401367484,2022-02-03,Georgia State,Troy,100,1,7:09,1629,1629,Official TV Timeout,17,19,-2,1,0.6765929115670211,0.4369480454900342,4,4,7,137.5,"c(""Rob Rorke"", "" Shaun Seales"", "" Owen Shortt"")","Atlanta, GA",GSU Sports Arena,3854,1038,NA,NA,NA,NA,NA,NA,NA,NA,Georgia State,Georgia State,FALSE
401367484,2022-02-03,Georgia State,Troy,101,1,7:09,1629,1629,Corey Allen missed Free Throw.,17,19,-2,0,0.6765929115670211,0.4369480454900342,4,4,7,137.5,"c(""Rob Rorke"", "" Shaun Seales"", "" Owen Shortt"")","Atlanta, GA",GSU Sports Arena,3854,1038,NA,NA,Georgia State,missed,Corey Allen,NA,FALSE,TRUE,Georgia State,Georgia State,FALSE
401367484,2022-02-03,Georgia State,Troy,102,1,7:09,1629,1629,Georgia State Offensive Rebound.,17,19,-2,0,0.6765929115670211,0.4369480454900342,4,4,7,137.5,"c(""Rob Rorke"", "" Shaun Seales"", "" Owen Shortt"")","Atlanta, GA",GSU Sports Arena,3854,1038,NA,NA,NA,NA,NA,NA,NA,NA,Georgia State,Georgia State,FALSE
401367484,2022-02-03,Georgia State,Troy,103,1,7:09,1629,1629,Corey Allen made Free Throw.,18,19,-1,0,0.7036910431571227,0.46834768312718367,4,4,7,137.5,"c(""Rob Rorke"", "" Shaun Seales"", "" Owen Shortt"")","Atlanta, GA",GSU Sports Arena,3854,1038,NA,NA,Georgia State,made,Corey Allen,NA,FALSE,TRUE,Georgia State,Georgia State,FALSE
401367484,2022-02-03,Georgia State,Troy,104,1,7:09,1629,1629,Corey Allen missed Free Throw.,18,19,-1,0,0.7036910431571227,0.46834768312718367,4,4,7,137.5,"c(""Rob Rorke"", "" Shaun Seales"", "" Owen Shortt"")","Atlanta, GA",GSU Sports Arena,3854,1038,NA,NA,Georgia State,missed,Corey Allen,NA,FALSE,TRUE,Georgia State,Georgia State,FALSE
401367484,2022-02-03,Georgia State,Troy,105,1,7:08,1628,1628,Jakevan Leftridge Defensive Rebound.,18,19,-1,1,0.7036306830026335,0.4683340201744518,4,4,7,137.5,"c(""Rob Rorke"", "" Shaun Seales"", "" Owen Shortt"")","Atlanta, GA",GSU Sports Arena,3854,1038,NA,NA,NA,NA,NA,NA,NA,NA,Georgia State,Troy,FALSE
401367484,2022-02-03,Georgia State,Troy,106,1,6:39,1599,1599,Rifen Miguel missed Layup.,18,19,-1,29,0.7018583294411403,0.4679396732784139,4,4,7,137.5,"c(""Rob Rorke"", "" Shaun Seales"", "" Owen Shortt"")","Atlanta, GA",GSU Sports Arena,3854,1038,NA,NA,Troy,missed,Rifen Miguel,NA,FALSE,FALSE,Troy,Troy,FALSE
401367484,2022-02-03,Georgia State,Troy,107,1,6:39,1599,1599,Jalen Thomas Block.,18,19,-1,0,0.7018583294411403,0.4679396732784139,4,4,7,137.5,"c(""Rob Rorke"", "" Shaun Seales"", "" Owen Shortt"")","Atlanta, GA",GSU Sports Arena,3854,1038,NA,NA,NA,NA,NA,NA,NA,NA,Troy,Troy,FALSE
401367484,2022-02-03,Georgia State,Troy,108,1,6:39,1599,1599,Troy Offensive Rebound.,18,19,-1,0,0.7018583294411403,0.4679396732784139,4,4,7,137.5,"c(""Rob Rorke"", "" Shaun Seales"", "" Owen Shortt"")","Atlanta, GA",GSU Sports Arena,3854,1038,NA,NA,NA,NA,NA,NA,NA,NA,Troy,Troy,FALSE
401367484,2022-02-03,Georgia State,Troy,109,1,6:39,1599,1599,Troy  Turnover.,18,19,-1,0,0.7018583294411403,0.4679396732784139,4,4,7,137.5,"c(""Rob Rorke"", "" Shaun Seales"", "" Owen Shortt"")","Atlanta, GA",GSU Sports Arena,3854,1038,NA,NA,NA,NA,NA,NA,NA,NA,Troy,Georgia State,FALSE
401367484,2022-02-03,Georgia State,Troy,110,1,6:23,1583,1583,Jalen Thomas missed Jumper.,18,19,-1,16,0.7008632368319433,0.4677221416887046,4,4,7,137.5,"c(""Rob Rorke"", "" Shaun Seales"", "" Owen Shortt"")","Atlanta, GA",GSU Sports Arena,3854,1038,NA,NA,Georgia State,missed,Jalen Thomas,NA,FALSE,FALSE,Georgia State,Troy,FALSE
401367484,2022-02-03,Georgia State,Troy,111,1,6:19,1579,1579,Jakevan Leftridge Defensive Rebound.,18,19,-1,4,0.7006126537677321,0.467667583773652,4,4,7,137.5,"c(""Rob Rorke"", "" Shaun Seales"", "" Owen Shortt"")","Atlanta, GA",GSU Sports Arena,3854,1038,NA,NA,NA,NA,NA,NA,NA,NA,Georgia State,Troy,FALSE
401367484,2022-02-03,Georgia State,Troy,112,1,6:15,1575,1575,Christyon Eugene made Layup.,18,21,-3,4,0.6432640312239049,0.4039123385428911,4,4,7,137.5,"c(""Rob Rorke"", "" Shaun Seales"", "" Owen Shortt"")","Atlanta, GA",GSU Sports Arena,3854,1038,NA,NA,Troy,made,Christyon Eugene,NA,FALSE,FALSE,Troy,Georgia State,FALSE
401367484,2022-02-03,Georgia State,Troy,113,1,6:00,1560,1560,Foul on Christyon Eugene.,18,21,-3,15,0.6418464536804699,0.40331413534109545,4,4,7,137.5,"c(""Rob Rorke"", "" Shaun Seales"", "" Owen Shortt"")","Atlanta, GA",GSU Sports Arena,3854,1038,NA,NA,NA,NA,NA,NA,NA,NA,Georgia State,Georgia State,FALSE
401367484,2022-02-03,Georgia State,Troy,114,1,6:00,1560,1560,Justin Roberts missed Free Throw.,18,21,-3,0,0.6418464536804699,0.40331413534109545,4,4,7,137.5,"c(""Rob Rorke"", "" Shaun Seales"", "" Owen Shortt"")","Atlanta, GA",GSU Sports Arena,3854,1038,NA,NA,Georgia State,missed,Justin Roberts,NA,FALSE,TRUE,Georgia State,Georgia State,FALSE
401367484,2022-02-03,Georgia State,Troy,115,1,6:00,1560,1560,Georgia State Offensive Rebound.,18,21,-3,0,0.6418464536804699,0.40331413534109545,4,4,7,137.5,"c(""Rob Rorke"", "" Shaun Seales"", "" Owen Shortt"")","Atlanta, GA",GSU Sports Arena,3854,1038,NA,NA,NA,NA,NA,NA,NA,NA,Georgia State,Georgia State,FALSE
401367484,2022-02-03,Georgia State,Troy,116,1,6:00,1560,1560,Justin Roberts made Free Throw.,19,21,-2,0,0.6712724187320159,0.43508922096786784,4,4,7,137.5,"c(""Rob Rorke"", "" Shaun Seales"", "" Owen Shortt"")","Atlanta, GA",GSU Sports Arena,3854,1038,NA,NA,Georgia State,made,Justin Roberts,NA,FALSE,TRUE,Georgia State,Troy,FALSE
401367484,2022-02-03,Georgia State,Troy,117,1,5:40,1540,1540,Jakevan Leftridge Turnover.,19,21,-2,20,0.6696823664622208,0.4345378537685399,4,4,7,137.5,"c(""Rob Rorke"", "" Shaun Seales"", "" Owen Shortt"")","Atlanta, GA",GSU Sports Arena,3854,1038,NA,NA,NA,NA,NA,NA,NA,NA,Troy,Georgia State,FALSE
401367484,2022-02-03,Georgia State,Troy,118,1,5:40,1540,1540,Kane Williams Steal.,19,21,-2,0,0.6696823664622208,0.4345378537685399,4,4,7,137.5,"c(""Rob Rorke"", "" Shaun Seales"", "" Owen Shortt"")","Atlanta, GA",GSU Sports Arena,3854,1038,NA,NA,NA,NA,NA,NA,NA,NA,Troy,Georgia State,FALSE
401367484,2022-02-03,Georgia State,Troy,119,1,5:27,1527,1527,Corey Allen missed Three Point Jumper.,19,21,-2,13,0.6686367656885489,0.43417248775742967,4,4,7,137.5,"c(""Rob Rorke"", "" Shaun Seales"", "" Owen Shortt"")","Atlanta, GA",GSU Sports Arena,3854,1038,NA,NA,Georgia State,missed,Corey Allen,NA,TRUE,FALSE,Georgia State,Troy,FALSE
401367484,2022-02-03,Georgia State,Troy,120,1,5:23,1523,1523,Christyon Eugene Defensive Rebound.,19,21,-2,4,0.6683130991027805,0.43405873496742087,4,4,7,137.5,"c(""Rob Rorke"", "" Shaun Seales"", "" Owen Shortt"")","Atlanta, GA",GSU Sports Arena,3854,1038,NA,NA,NA,NA,NA,NA,NA,NA,Georgia State,Troy,FALSE
401367484,2022-02-03,Georgia State,Troy,121,1,4:58,1498,1498,Rifen Miguel missed Layup.,19,21,-2,25,0.6662690921416324,0.4333308349475296,4,4,7,137.5,"c(""Rob Rorke"", "" Shaun Seales"", "" Owen Shortt"")","Atlanta, GA",GSU Sports Arena,3854,1038,NA,NA,Troy,missed,Rifen Miguel,NA,FALSE,FALSE,Troy,Georgia State,FALSE
401367484,2022-02-03,Georgia State,Troy,122,1,4:58,1498,1498,Jalen Thomas Block.,19,21,-2,0,0.6662690921416324,0.4333308349475296,4,4,7,137.5,"c(""Rob Rorke"", "" Shaun Seales"", "" Owen Shortt"")","Atlanta, GA",GSU Sports Arena,3854,1038,NA,NA,NA,NA,NA,NA,NA,NA,Troy,Georgia State,FALSE
401367484,2022-02-03,Georgia State,Troy,123,1,4:53,1493,1493,Jalen Thomas Defensive Rebound.,19,21,-2,5,0.6658558645670585,0.4331812907890158,4,4,7,137.5,"c(""Rob Rorke"", "" Shaun Seales"", "" Owen Shortt"")","Atlanta, GA",GSU Sports Arena,3854,1038,NA,NA,NA,NA,NA,NA,NA,NA,Troy,Georgia State,FALSE
401367484,2022-02-03,Georgia State,Troy,124,1,4:51,1491,1491,Jamall Clyce missed Jumper.,19,21,-2,2,0.6656901549142344,0.43312106290902186,4,4,7,137.5,"c(""Rob Rorke"", "" Shaun Seales"", "" Owen Shortt"")","Atlanta, GA",GSU Sports Arena,3854,1038,NA,NA,Georgia State,missed,Jamall Clyce,NA,FALSE,FALSE,Georgia State,Georgia State,FALSE
401367484,2022-02-03,Georgia State,Troy,125,1,4:48,1488,1488,Georgia State Offensive Rebound.,19,21,-2,3,0.6654411400592927,0.4330302681110915,4,4,7,137.5,"c(""Rob Rorke"", "" Shaun Seales"", "" Owen Shortt"")","Atlanta, GA",GSU Sports Arena,3854,1038,NA,NA,NA,NA,NA,NA,NA,NA,Georgia State,Georgia State,FALSE
401367484,2022-02-03,Georgia State,Troy,126,1,4:36,1476,1476,Foul on Jakevan Leftridge.,19,21,-2,12,0.664439638301514,0.4326613787219527,4,4,7,137.5,"c(""Rob Rorke"", "" Shaun Seales"", "" Owen Shortt"")","Atlanta, GA",GSU Sports Arena,3854,1038,NA,NA,NA,NA,NA,NA,NA,NA,Georgia State,Georgia State,FALSE
401367484,2022-02-03,Georgia State,Troy,127,1,4:17,1457,1457,Evan Johnson missed Jumper.,19,21,-2,19,0.6628358703517525,0.43205682402042633,4,4,7,137.5,"c(""Rob Rorke"", "" Shaun Seales"", "" Owen Shortt"")","Atlanta, GA",GSU Sports Arena,3854,1038,NA,NA,Georgia State,missed,Evan Johnson,NA,FALSE,FALSE,Georgia State,Troy,FALSE
401367484,2022-02-03,Georgia State,Troy,128,1,4:13,1453,1453,Efe Odigie Defensive Rebound.,19,21,-2,4,0.6624953745268402,0.4319260621196006,4,4,7,137.5,"c(""Rob Rorke"", "" Shaun Seales"", "" Owen Shortt"")","Atlanta, GA",GSU Sports Arena,3854,1038,NA,NA,NA,NA,NA,NA,NA,NA,Georgia State,Troy,FALSE
401367484,2022-02-03,Georgia State,Troy,129,1,4:12,1452,1452,Efe Odigie Turnover.,19,21,-2,1,0.6624100936138301,0.43189317138480615,4,4,7,137.5,"c(""Rob Rorke"", "" Shaun Seales"", "" Owen Shortt"")","Atlanta, GA",GSU Sports Arena,3854,1038,NA,NA,NA,NA,NA,NA,NA,NA,Troy,Georgia State,FALSE
401367484,2022-02-03,Georgia State,Troy,130,1,4:12,1452,1452,Kane Williams Steal.,19,21,-2,0,0.6624100936138301,0.43189317138480615,4,4,7,137.5,"c(""Rob Rorke"", "" Shaun Seales"", "" Owen Shortt"")","Atlanta, GA",GSU Sports Arena,3854,1038,NA,NA,NA,NA,NA,NA,NA,NA,Troy,Georgia State,FALSE
401367484,2022-02-03,Georgia State,Troy,131,1,4:05,1445,1445,Jalen Thomas missed Jumper.,19,21,-2,7,0.661812202262701,0.4316626276362839,4,4,7,137.5,"c(""Rob Rorke"", "" Shaun Seales"", "" Owen Shortt"")","Atlanta, GA",GSU Sports Arena,3854,1038,NA,NA,Georgia State,missed,Jalen Thomas,NA,FALSE,FALSE,Georgia State,Troy,FALSE
401367484,2022-02-03,Georgia State,Troy,132,1,4:03,1443,1443,Christyon Eugene Defensive Rebound.,19,21,-2,2,0.6616413655122395,0.43159733936816913,4,4,7,137.5,"c(""Rob Rorke"", "" Shaun Seales"", "" Owen Shortt"")","Atlanta, GA",GSU Sports Arena,3854,1038,NA,NA,NA,NA,NA,NA,NA,NA,Georgia State,Troy,FALSE
401367484,2022-02-03,Georgia State,Troy,133,1,4:03,1443,1443,Foul on Corey Allen.,19,21,-2,0,0.6616413655122395,0.43159733936816913,4,4,7,137.5,"c(""Rob Rorke"", "" Shaun Seales"", "" Owen Shortt"")","Atlanta, GA",GSU Sports Arena,3854,1038,NA,NA,NA,NA,NA,NA,NA,NA,Georgia State,Troy,FALSE
401367484,2022-02-03,Georgia State,Troy,134,1,4:03,1443,1443,Kieffer Punter made Free Throw.,19,22,-3,0,0.6301706049247051,0.3981916750619686,4,4,7,137.5,"c(""Rob Rorke"", "" Shaun Seales"", "" Owen Shortt"")","Atlanta, GA",GSU Sports Arena,3854,1038,NA,NA,Troy,made,Kieffer Punter,NA,FALSE,TRUE,Troy,Troy,FALSE
401367484,2022-02-03,Georgia State,Troy,135,1,4:03,1443,1443,Kieffer Punter made Free Throw.,19,23,-4,0,0.5975531691757873,0.36570804611064694,4,4,7,137.5,"c(""Rob Rorke"", "" Shaun Seales"", "" Owen Shortt"")","Atlanta, GA",GSU Sports Arena,3854,1038,NA,NA,Troy,made,Kieffer Punter,NA,FALSE,TRUE,Troy,Georgia State,FALSE
401367484,2022-02-03,Georgia State,Troy,136,1,3:46,1426,1426,Evan Johnson missed Three Point Jumper.,19,23,-4,17,0.5954592982715138,0.3646793049616905,4,4,7,137.5,"c(""Rob Rorke"", "" Shaun Seales"", "" Owen Shortt"")","Atlanta, GA",GSU Sports Arena,3854,1038,NA,NA,Georgia State,missed,Evan Johnson,NA,TRUE,FALSE,Georgia State,Troy,FALSE
401367484,2022-02-03,Georgia State,Troy,137,1,3:41,1421,1421,Zay Williams Defensive Rebound.,19,23,-4,5,0.5948461752719452,0.3643830018445816,4,4,7,137.5,"c(""Rob Rorke"", "" Shaun Seales"", "" Owen Shortt"")","Atlanta, GA",GSU Sports Arena,3854,1038,NA,NA,NA,NA,NA,NA,NA,NA,Georgia State,Troy,FALSE
401367484,2022-02-03,Georgia State,Troy,138,1,3:34,1414,1414,Efe Odigie missed Layup.,19,23,-4,7,0.5939892584711572,0.3639722153372846,4,4,7,137.5,"c(""Rob Rorke"", "" Shaun Seales"", "" Owen Shortt"")","Atlanta, GA",GSU Sports Arena,3854,1038,NA,NA,Troy,missed,Efe Odigie,NA,FALSE,FALSE,Troy,Troy,FALSE
401367484,2022-02-03,Georgia State,Troy,139,1,3:31,1411,1411,Efe Odigie Offensive Rebound.,19,23,-4,3,0.5936224127743059,0.3637974681184078,4,4,7,137.5,"c(""Rob Rorke"", "" Shaun Seales"", "" Owen Shortt"")","Atlanta, GA",GSU Sports Arena,3854,1038,NA,NA,NA,NA,NA,NA,NA,NA,Troy,Troy,FALSE
401367484,2022-02-03,Georgia State,Troy,140,1,3:27,1407,1407,Official TV Timeout,19,23,-4,4,0.593133561840454,0.36356556901434633,4,4,7,137.5,"c(""Rob Rorke"", "" Shaun Seales"", "" Owen Shortt"")","Atlanta, GA",GSU Sports Arena,3854,1038,NA,NA,NA,NA,NA,NA,NA,NA,Troy,Troy,FALSE
401367484,2022-02-03,Georgia State,Troy,141,1,3:22,1402,1402,Duke Miles Turnover.,19,23,-4,5,0.5925228037699304,0.3632772933674441,4,4,7,137.5,"c(""Rob Rorke"", "" Shaun Seales"", "" Owen Shortt"")","Atlanta, GA",GSU Sports Arena,3854,1038,NA,NA,NA,NA,NA,NA,NA,NA,Troy,Georgia State,FALSE
401367484,2022-02-03,Georgia State,Troy,142,1,3:08,1388,1388,Kane Williams Turnover.,19,23,-4,14,0.5908129083615514,0.362477701636803,4,4,7,137.5,"c(""Rob Rorke"", "" Shaun Seales"", "" Owen Shortt"")","Atlanta, GA",GSU Sports Arena,3854,1038,NA,NA,NA,NA,NA,NA,NA,NA,Georgia State,Troy,FALSE
401367484,2022-02-03,Georgia State,Troy,143,1,2:47,1367,1367,Kieffer Punter made Three Point Jumper. Assisted by Duke Miles.,19,26,-7,21,0.4823504983460487,0.26951308928884654,4,4,7,137.5,"c(""Rob Rorke"", "" Shaun Seales"", "" Owen Shortt"")","Atlanta, GA",GSU Sports Arena,3854,1038,NA,NA,Troy,made,Kieffer Punter,Duke Miles,TRUE,FALSE,Troy,Georgia State,FALSE
401367484,2022-02-03,Georgia State,Troy,144,1,2:25,1345,1345,Justin Roberts missed Layup.,19,26,-7,22,0.478542156297071,0.2676571734089132,4,4,7,137.5,"c(""Rob Rorke"", "" Shaun Seales"", "" Owen Shortt"")","Atlanta, GA",GSU Sports Arena,3854,1038,NA,NA,Georgia State,missed,Justin Roberts,NA,FALSE,FALSE,Georgia State,Georgia State,FALSE
401367484,2022-02-03,Georgia State,Troy,145,1,2:25,1345,1345,Zay Williams Block.,19,26,-7,0,0.478542156297071,0.2676571734089132,4,4,7,137.5,"c(""Rob Rorke"", "" Shaun Seales"", "" Owen Shortt"")","Atlanta, GA",GSU Sports Arena,3854,1038,NA,NA,NA,NA,NA,NA,NA,NA,Georgia State,Georgia State,FALSE
401367484,2022-02-03,Georgia State,Troy,146,1,2:20,1340,1340,Justin Roberts Offensive Rebound.,19,26,-7,5,0.4776706780507147,0.26723301822872153,4,4,7,137.5,"c(""Rob Rorke"", "" Shaun Seales"", "" Owen Shortt"")","Atlanta, GA",GSU Sports Arena,3854,1038,NA,NA,NA,NA,NA,NA,NA,NA,Georgia State,Georgia State,FALSE
401367484,2022-02-03,Georgia State,Troy,147,1,2:18,1338,1338,Nelson Phillips made Layup.,21,26,-5,2,0.5492579392823254,0.3271452176452813,4,4,7,137.5,"c(""Rob Rorke"", "" Shaun Seales"", "" Owen Shortt"")","Atlanta, GA",GSU Sports Arena,3854,1038,NA,NA,Georgia State,made,Nelson Phillips,NA,FALSE,FALSE,Georgia State,Troy,FALSE
401367484,2022-02-03,Georgia State,Troy,148,1,2:01,1321,1321,TK Smith Turnover.,21,26,-5,17,0.5468140879282016,0.325972359977133,4,4,7,137.5,"c(""Rob Rorke"", "" Shaun Seales"", "" Owen Shortt"")","Atlanta, GA",GSU Sports Arena,3854,1038,NA,NA,NA,NA,NA,NA,NA,NA,Troy,Georgia State,FALSE
401367484,2022-02-03,Georgia State,Troy,149,1,1:43,1303,1303,Nelson Phillips missed Jumper.,21,26,-5,18,0.544180954668961,0.32469947114474124,4,4,7,137.5,"c(""Rob Rorke"", "" Shaun Seales"", "" Owen Shortt"")","Atlanta, GA",GSU Sports Arena,3854,1038,NA,NA,Georgia State,missed,Nelson Phillips,NA,FALSE,FALSE,Georgia State,Troy,FALSE
401367484,2022-02-03,Georgia State,Troy,150,1,1:40,1300,1300,Kieffer Punter Defensive Rebound.,21,26,-5,3,0.5437367099244542,0.3244833736758204,4,4,7,137.5,"c(""Rob Rorke"", "" Shaun Seales"", "" Owen Shortt"")","Atlanta, GA",GSU Sports Arena,3854,1038,NA,NA,NA,NA,NA,NA,NA,NA,Georgia State,Troy,FALSE
401367484,2022-02-03,Georgia State,Troy,151,1,1:36,1296,1296,TK Smith made Three Point Jumper. Assisted by Kieffer Punter.,21,29,-8,4,0.4334611944364331,0.23589690547044187,4,4,7,137.5,"c(""Rob Rorke"", "" Shaun Seales"", "" Owen Shortt"")","Atlanta, GA",GSU Sports Arena,3854,1038,NA,NA,Troy,made,TK Smith,Kieffer Punter,TRUE,FALSE,Troy,Georgia State,FALSE
401367484,2022-02-03,Georgia State,Troy,152,1,1:20,1280,1280,Corey Allen Turnover.,21,29,-8,16,0.43027895297417307,0.23433786173430163,4,4,7,137.5,"c(""Rob Rorke"", "" Shaun Seales"", "" Owen Shortt"")","Atlanta, GA",GSU Sports Arena,3854,1038,NA,NA,NA,NA,NA,NA,NA,NA,Georgia State,Troy,FALSE
401367484,2022-02-03,Georgia State,Troy,153,1,1:20,1280,1280,Kieffer Punter Steal.,21,29,-8,0,0.43027895297417307,0.23433786173430163,4,4,7,137.5,"c(""Rob Rorke"", "" Shaun Seales"", "" Owen Shortt"")","Atlanta, GA",GSU Sports Arena,3854,1038,NA,NA,NA,NA,NA,NA,NA,NA,Georgia State,Troy,FALSE
401367484,2022-02-03,Georgia State,Troy,154,1,1:16,1276,1276,Foul on Ja'Heim Hudson.,21,29,-8,4,0.4294708721925045,0.23393953408067403,4,4,7,137.5,"c(""Rob Rorke"", "" Shaun Seales"", "" Owen Shortt"")","Atlanta, GA",GSU Sports Arena,3854,1038,NA,NA,NA,NA,NA,NA,NA,NA,Troy,Troy,FALSE
401367484,2022-02-03,Georgia State,Troy,155,1,1:16,1276,1276,TK Smith made Free Throw.,21,30,-9,0,0.3935808014891062,0.20842040377463647,4,4,7,137.5,"c(""Rob Rorke"", "" Shaun Seales"", "" Owen Shortt"")","Atlanta, GA",GSU Sports Arena,3854,1038,NA,NA,Troy,made,TK Smith,NA,FALSE,TRUE,Troy,Troy,FALSE
401367484,2022-02-03,Georgia State,Troy,156,1,1:16,1276,1276,TK Smith missed Free Throw.,21,30,-9,0,0.3935808014891062,0.20842040377463647,4,4,7,137.5,"c(""Rob Rorke"", "" Shaun Seales"", "" Owen Shortt"")","Atlanta, GA",GSU Sports Arena,3854,1038,NA,NA,Troy,missed,TK Smith,NA,FALSE,TRUE,Troy,Georgia State,FALSE
401367484,2022-02-03,Georgia State,Troy,157,1,1:14,1274,1274,Nelson Phillips Defensive Rebound.,21,30,-9,2,0.39315189762156905,0.20821270099867223,4,4,7,137.5,"c(""Rob Rorke"", "" Shaun Seales"", "" Owen Shortt"")","Atlanta, GA",GSU Sports Arena,3854,1038,NA,NA,NA,NA,NA,NA,NA,NA,Troy,Georgia State,FALSE
401367484,2022-02-03,Georgia State,Troy,158,1,0:58,1258,1258,Ja'Heim Hudson made Layup.,23,30,-7,16,0.4626716250024861,0.25981336361674834,4,4,7,137.5,"c(""Rob Rorke"", "" Shaun Seales"", "" Owen Shortt"")","Atlanta, GA",GSU Sports Arena,3854,1038,NA,NA,Georgia State,made,Ja'Heim Hudson,NA,FALSE,FALSE,Georgia State,Troy,FALSE
401367484,2022-02-03,Georgia State,Troy,159,1,0:57,1257,1257,Georgia State  Timeout,23,30,-7,1,0.4624768266115039,0.25971438659619167,3,4,7,137.5,"c(""Rob Rorke"", "" Shaun Seales"", "" Owen Shortt"")","Atlanta, GA",GSU Sports Arena,3854,1038,NA,NA,NA,NA,NA,NA,NA,NA,Troy,Troy,FALSE
401367484,2022-02-03,Georgia State,Troy,160,1,0:38,1238,1238,Foul on Jalen Thomas.,23,30,-7,19,0.4587020253926023,0.25777897198940947,3,4,7,137.5,"c(""Rob Rorke"", "" Shaun Seales"", "" Owen Shortt"")","Atlanta, GA",GSU Sports Arena,3854,1038,NA,NA,NA,NA,NA,NA,NA,NA,Troy,Troy,FALSE
401367484,2022-02-03,Georgia State,Troy,161,1,0:38,1238,1238,Kieffer Punter made Free Throw.,23,31,-8,0,0.4214931432734591,0.22994490021525849,3,4,7,137.5,"c(""Rob Rorke"", "" Shaun Seales"", "" Owen Shortt"")","Atlanta, GA",GSU Sports Arena,3854,1038,NA,NA,Troy,made,Kieffer Punter,NA,FALSE,TRUE,Troy,Troy,FALSE
401367484,2022-02-03,Georgia State,Troy,162,1,0:38,1238,1238,Kieffer Punter made Free Throw.,23,32,-9,0,0.3851549216740646,0.20428904027897743,3,4,7,137.5,"c(""Rob Rorke"", "" Shaun Seales"", "" Owen Shortt"")","Atlanta, GA",GSU Sports Arena,3854,1038,NA,NA,Troy,made,Kieffer Punter,NA,FALSE,TRUE,Troy,Georgia State,FALSE
401367484,2022-02-03,Georgia State,Troy,163,1,0:24,1224,1224,Justin Roberts Turnover.,23,32,-9,14,0.3818822272660087,0.20265336614141136,3,4,7,137.5,"c(""Rob Rorke"", "" Shaun Seales"", "" Owen Shortt"")","Atlanta, GA",GSU Sports Arena,3854,1038,NA,NA,NA,NA,NA,NA,NA,NA,Georgia State,Troy,FALSE
401367484,2022-02-03,Georgia State,Troy,164,1,0:24,1224,1224,Christian Turner Steal.,23,32,-9,0,0.3818822272660087,0.20265336614141136,3,4,7,137.5,"c(""Rob Rorke"", "" Shaun Seales"", "" Owen Shortt"")","Atlanta, GA",GSU Sports Arena,3854,1038,NA,NA,NA,NA,NA,NA,NA,NA,Georgia State,Troy,FALSE
401367484,2022-02-03,Georgia State,Troy,165,1,0:19,1219,1219,Troy  Timeout,23,32,-9,5,0.3806883448227984,0.20205219650372033,3,3,7,137.5,"c(""Rob Rorke"", "" Shaun Seales"", "" Owen Shortt"")","Atlanta, GA",GSU Sports Arena,3854,1038,NA,NA,NA,NA,NA,NA,NA,NA,Troy,Troy,FALSE
401367484,2022-02-03,Georgia State,Troy,166,1,0:05,1205,1205,Efe Odigie made Jumper. Assisted by TK Smith.,23,34,-11,14,0.3081668781898134,0.15553106962018629,3,3,7,137.5,"c(""Rob Rorke"", "" Shaun Seales"", "" Owen Shortt"")","Atlanta, GA",GSU Sports Arena,3854,1038,NA,NA,Troy,made,Efe Odigie,TK Smith,FALSE,FALSE,Troy,Georgia State,FALSE
401367484,2022-02-03,Georgia State,Troy,167,1,0:00,1200,1200,Corey Allen made Three Point Jumper.,26,34,-8,5,0.4128957644789475,0.22551001878002297,3,3,7,137.5,"c(""Rob Rorke"", "" Shaun Seales"", "" Owen Shortt"")","Atlanta, GA",GSU Sports Arena,3854,1038,NA,NA,Georgia State,made,Corey Allen,NA,TRUE,FALSE,Georgia State,Troy,FALSE
401367484,2022-02-03,Georgia State,Troy,168,1,0:00,1200,1200,End of 1st half,23,34,-11,0,0.306890443657317,0.15491898598161316,3,3,7,137.5,"c(""Rob Rorke"", "" Shaun Seales"", "" Owen Shortt"")","Atlanta, GA",GSU Sports Arena,3854,1038,NA,NA,NA,NA,NA,NA,NA,NA,Troy,NA,TRUE
401367484,2022-02-03,Georgia State,Troy,169,2,20:00,1200,1200,PLAY,23,34,-11,0,0.306890443657317,0.15491898598161316,4,4,7,137.5,"c(""Rob Rorke"", "" Shaun Seales"", "" Owen Shortt"")","Atlanta, GA",GSU Sports Arena,3854,1038,NA,NA,NA,NA,NA,NA,NA,NA,NA,Troy,FALSE
401367484,2022-02-03,Georgia State,Troy,170,2,19:39,1179,1179,Duke Miles Turnover.,26,34,-8,21,0.4081871417091054,0.2230876070262235,4,4,7,137.5,"c(""Rob Rorke"", "" Shaun Seales"", "" Owen Shortt"")","Atlanta, GA",GSU Sports Arena,3854,1038,NA,NA,NA,NA,NA,NA,NA,NA,Troy,Georgia State,TRUE
401367484,2022-02-03,Georgia State,Troy,171,2,19:39,1179,1179,Kane Williams Steal.,26,34,-8,0,0.4081871417091054,0.2230876070262235,4,4,7,137.5,"c(""Rob Rorke"", "" Shaun Seales"", "" Owen Shortt"")","Atlanta, GA",GSU Sports Arena,3854,1038,NA,NA,NA,NA,NA,NA,NA,NA,Troy,Georgia State,FALSE
401367484,2022-02-03,Georgia State,Troy,172,2,19:31,1171,1171,Foul on Duke Miles.,26,34,-8,8,0.40642818676994213,0.22218930961829783,4,4,7,137.5,"c(""Rob Rorke"", "" Shaun Seales"", "" Owen Shortt"")","Atlanta, GA",GSU Sports Arena,3854,1038,NA,NA,NA,NA,NA,NA,NA,NA,Georgia State,Georgia State,FALSE
401367484,2022-02-03,Georgia State,Troy,173,2,19:31,1171,1171,Eliel Nsoseme made Free Throw.,27,34,-7,0,0.4446942785388533,0.2504273799077408,4,4,7,137.5,"c(""Rob Rorke"", "" Shaun Seales"", "" Owen Shortt"")","Atlanta, GA",GSU Sports Arena,3854,1038,NA,NA,Georgia State,made,Eliel Nsoseme,NA,FALSE,TRUE,Georgia State,Georgia State,FALSE
401367484,2022-02-03,Georgia State,Troy,174,2,19:31,1171,1171,Eliel Nsoseme made Free Throw.,28,34,-6,0,0.4836277040627902,0.2809579045231326,4,4,7,137.5,"c(""Rob Rorke"", "" Shaun Seales"", "" Owen Shortt"")","Atlanta, GA",GSU Sports Arena,3854,1038,NA,NA,Georgia State,made,Eliel Nsoseme,NA,FALSE,TRUE,Georgia State,Troy,FALSE
401367484,2022-02-03,Georgia State,Troy,175,2,19:16,1156,1156,Jakevan Leftridge Turnover.,28,34,-6,15,0.4808488337235693,0.2795028934340181,4,4,7,137.5,"c(""Rob Rorke"", "" Shaun Seales"", "" Owen Shortt"")","Atlanta, GA",GSU Sports Arena,3854,1038,NA,NA,NA,NA,NA,NA,NA,NA,Troy,Georgia State,FALSE
401367484,2022-02-03,Georgia State,Troy,176,2,19:16,1156,1156,Corey Allen Steal.,28,34,-6,0,0.4808488337235693,0.2795028934340181,4,4,7,137.5,"c(""Rob Rorke"", "" Shaun Seales"", "" Owen Shortt"")","Atlanta, GA",GSU Sports Arena,3854,1038,NA,NA,NA,NA,NA,NA,NA,NA,Troy,Georgia State,FALSE
401367484,2022-02-03,Georgia State,Troy,177,2,19:02,1142,1142,Corey Allen missed Jumper.,28,34,-6,14,0.4782739975262197,0.2781609537459507,4,4,7,137.5,"c(""Rob Rorke"", "" Shaun Seales"", "" Owen Shortt"")","Atlanta, GA",GSU Sports Arena,3854,1038,NA,NA,Georgia State,missed,Corey Allen,NA,FALSE,FALSE,Georgia State,Troy,FALSE
401367484,2022-02-03,Georgia State,Troy,178,2,18:59,1139,1139,Efe Odigie Defensive Rebound.,28,34,-6,3,0.4777233778045239,0.27787451054643164,4,4,7,137.5,"c(""Rob Rorke"", "" Shaun Seales"", "" Owen Shortt"")","Atlanta, GA",GSU Sports Arena,3854,1038,NA,NA,NA,NA,NA,NA,NA,NA,Georgia State,Troy,FALSE
401367484,2022-02-03,Georgia State,Troy,179,2,18:50,1130,1130,Efe Odigie missed Jumper.,28,34,-6,9,0.47607180340436994,0.2770160016550221,4,4,7,137.5,"c(""Rob Rorke"", "" Shaun Seales"", "" Owen Shortt"")","Atlanta, GA",GSU Sports Arena,3854,1038,NA,NA,Troy,missed,Efe Odigie,NA,FALSE,FALSE,Troy,Georgia State,FALSE
401367484,2022-02-03,Georgia State,Troy,180,2,18:46,1126,1126,Justin Roberts Defensive Rebound.,28,34,-6,4,0.4753372828479607,0.2766343835629063,4,4,7,137.5,"c(""Rob Rorke"", "" Shaun Seales"", "" Owen Shortt"")","Atlanta, GA",GSU Sports Arena,3854,1038,NA,NA,NA,NA,NA,NA,NA,NA,Troy,Georgia State,FALSE
401367484,2022-02-03,Georgia State,Troy,181,2,18:40,1120,1120,Foul on Zay Williams.,28,34,-6,6,0.4742340844059635,0.2760612700329693,4,4,7,137.5,"c(""Rob Rorke"", "" Shaun Seales"", "" Owen Shortt"")","Atlanta, GA",GSU Sports Arena,3854,1038,NA,NA,NA,NA,NA,NA,NA,NA,Georgia State,Georgia State,FALSE
401367484,2022-02-03,Georgia State,Troy,182,2,18:40,1120,1120,Kane Williams made Free Throw.,29,34,-5,0,0.5143774396730851,0.30929799682462167,4,4,7,137.5,"c(""Rob Rorke"", "" Shaun Seales"", "" Owen Shortt"")","Atlanta, GA",GSU Sports Arena,3854,1038,NA,NA,Georgia State,made,Kane Williams,NA,FALSE,TRUE,Georgia State,Georgia State,FALSE
401367484,2022-02-03,Georgia State,Troy,183,2,18:40,1120,1120,Kane Williams missed Free Throw.,29,34,-5,0,0.5143774396730851,0.30929799682462167,4,4,7,137.5,"c(""Rob Rorke"", "" Shaun Seales"", "" Owen Shortt"")","Atlanta, GA",GSU Sports Arena,3854,1038,NA,NA,Georgia State,missed,Kane Williams,NA,FALSE,TRUE,Georgia State,Troy,FALSE
401367484,2022-02-03,Georgia State,Troy,184,2,18:39,1119,1119,Duke Miles Defensive Rebound.,29,34,-5,1,0.5142129331481409,0.3092127976935661,4,4,7,137.5,"c(""Rob Rorke"", "" Shaun Seales"", "" Owen Shortt"")","Atlanta, GA",GSU Sports Arena,3854,1038,NA,NA,NA,NA,NA,NA,NA,NA,Georgia State,Troy,FALSE
401367484,2022-02-03,Georgia State,Troy,185,2,18:16,1096,1096,Zay Williams made Jumper. Assisted by Desmond Williams.,29,36,-7,23,0.4295667641064934,0.2426312666605898,4,4,7,137.5,"c(""Rob Rorke"", "" Shaun Seales"", "" Owen Shortt"")","Atlanta, GA",GSU Sports Arena,3854,1038,NA,NA,Troy,made,Zay Williams,Desmond Williams,FALSE,FALSE,Troy,Georgia State,FALSE
401367484,2022-02-03,Georgia State,Troy,186,2,17:50,1070,1070,Corey Allen made Layup.,31,36,-5,26,0.5059876182914169,0.3049280325874126,4,4,7,137.5,"c(""Rob Rorke"", "" Shaun Seales"", "" Owen Shortt"")","Atlanta, GA",GSU Sports Arena,3854,1038,NA,NA,Georgia State,made,Corey Allen,NA,FALSE,FALSE,Georgia State,Troy,FALSE
401367484,2022-02-03,Georgia State,Troy,187,2,17:36,1056,1056,Foul on Kane Williams.,31,36,-5,14,0.5035421015748531,0.30363754420817457,4,4,7,137.5,"c(""Rob Rorke"", "" Shaun Seales"", "" Owen Shortt"")","Atlanta, GA",GSU Sports Arena,3854,1038,NA,NA,NA,NA,NA,NA,NA,NA,Troy,Troy,FALSE
401367484,2022-02-03,Georgia State,Troy,188,2,17:36,1056,1056,Efe Odigie made Free Throw.,31,37,-6,0,0.46211314309051227,0.2697201824728156,4,4,7,137.5,"c(""Rob Rorke"", "" Shaun Seales"", "" Owen Shortt"")","Atlanta, GA",GSU Sports Arena,3854,1038,NA,NA,Troy,made,Efe Odigie,NA,FALSE,TRUE,Troy,Troy,FALSE
401367484,2022-02-03,Georgia State,Troy,189,2,17:36,1056,1056,Efe Odigie made Free Throw.,31,38,-7,0,0.4212008826424712,0.23829501979239157,4,4,7,137.5,"c(""Rob Rorke"", "" Shaun Seales"", "" Owen Shortt"")","Atlanta, GA",GSU Sports Arena,3854,1038,NA,NA,Troy,made,Efe Odigie,NA,FALSE,TRUE,Troy,Georgia State,FALSE
401367484,2022-02-03,Georgia State,Troy,190,2,17:23,1043,1043,Ja'Heim Hudson made Three Point Jumper. Assisted by Corey Allen.,34,38,-4,13,0.5429050718350298,0.3387847403842956,4,4,7,137.5,"c(""Rob Rorke"", "" Shaun Seales"", "" Owen Shortt"")","Atlanta, GA",GSU Sports Arena,3854,1038,NA,NA,Georgia State,made,Ja'Heim Hudson,Corey Allen,TRUE,FALSE,Georgia State,Troy,FALSE
401367484,2022-02-03,Georgia State,Troy,191,2,16:57,1017,1017,Efe Odigie missed Jumper.,34,38,-4,26,0.5387081912544894,0.3365649604331093,4,4,7,137.5,"c(""Rob Rorke"", "" Shaun Seales"", "" Owen Shortt"")","Atlanta, GA",GSU Sports Arena,3854,1038,NA,NA,Troy,missed,Efe Odigie,NA,FALSE,FALSE,Troy,Georgia State,FALSE
401367484,2022-02-03,Georgia State,Troy,192,2,16:54,1014,1014,Justin Roberts Defensive Rebound.,34,38,-4,3,0.538208083548217,0.336297214905735,4,4,7,137.5,"c(""Rob Rorke"", "" Shaun Seales"", "" Owen Shortt"")","Atlanta, GA",GSU Sports Arena,3854,1038,NA,NA,NA,NA,NA,NA,NA,NA,Troy,Georgia State,FALSE
401367484,2022-02-03,Georgia State,Troy,193,2,16:37,997,997,Corey Allen missed Jumper.,34,38,-4,17,0.5353038417840936,0.33472854190953066,4,4,7,137.5,"c(""Rob Rorke"", "" Shaun Seales"", "" Owen Shortt"")","Atlanta, GA",GSU Sports Arena,3854,1038,NA,NA,Georgia State,missed,Corey Allen,NA,FALSE,FALSE,Georgia State,Troy,FALSE
401367484,2022-02-03,Georgia State,Troy,194,2,16:33,993,993,Zay Williams Defensive Rebound.,34,38,-4,4,0.5346020460409342,0.3343459595661499,4,4,7,137.5,"c(""Rob Rorke"", "" Shaun Seales"", "" Owen Shortt"")","Atlanta, GA",GSU Sports Arena,3854,1038,NA,NA,NA,NA,NA,NA,NA,NA,Georgia State,Troy,FALSE
401367484,2022-02-03,Georgia State,Troy,195,2,16:15,975,975,Foul on Ja'Heim Hudson.,34,38,-4,18,0.531348756717577,0.33255491657957514,4,4,7,137.5,"c(""Rob Rorke"", "" Shaun Seales"", "" Owen Shortt"")","Atlanta, GA",GSU Sports Arena,3854,1038,NA,NA,NA,NA,NA,NA,NA,NA,Troy,Troy,FALSE
401367484,2022-02-03,Georgia State,Troy,196,2,16:15,975,975,Efe Odigie made Free Throw.,34,39,-5,0,0.48785156576465905,0.2950847182593083,4,4,7,137.5,"c(""Rob Rorke"", "" Shaun Seales"", "" Owen Shortt"")","Atlanta, GA",GSU Sports Arena,3854,1038,NA,NA,Troy,made,Efe Odigie,NA,FALSE,TRUE,Troy,Troy,FALSE
401367484,2022-02-03,Georgia State,Troy,197,2,16:15,975,975,Efe Odigie made Free Throw.,34,40,-6,0,0.44453758770518964,0.26019059758418156,4,4,7,137.5,"c(""Rob Rorke"", "" Shaun Seales"", "" Owen Shortt"")","Atlanta, GA",GSU Sports Arena,3854,1038,NA,NA,Troy,made,Efe Odigie,NA,FALSE,TRUE,Troy,Georgia State,FALSE
401367484,2022-02-03,Georgia State,Troy,198,2,16:01,961,961,Justin Roberts missed Three Point Jumper.,34,40,-6,14,0.441175490925158,0.25832442688313567,4,4,7,137.5,"c(""Rob Rorke"", "" Shaun Seales"", "" Owen Shortt"")","Atlanta, GA",GSU Sports Arena,3854,1038,NA,NA,Georgia State,missed,Justin Roberts,NA,TRUE,FALSE,Georgia State,Troy,FALSE
401367484,2022-02-03,Georgia State,Troy,199,2,15:56,956,956,Kieffer Punter Defensive Rebound.,34,40,-6,5,0.440024039139379,0.2576898374518524,4,4,7,137.5,"c(""Rob Rorke"", "" Shaun Seales"", "" Owen Shortt"")","Atlanta, GA",GSU Sports Arena,3854,1038,NA,NA,NA,NA,NA,NA,NA,NA,Georgia State,Troy,FALSE
401367484,2022-02-03,Georgia State,Troy,200,2,15:48,948,948,Duke Miles missed Jumper.,34,40,-6,8,0.4382389194177023,0.25671140002252557,4,4,7,137.5,"c(""Rob Rorke"", "" Shaun Seales"", "" Owen Shortt"")","Atlanta, GA",GSU Sports Arena,3854,1038,NA,NA,Troy,missed,Duke Miles,NA,FALSE,FALSE,Troy,Georgia State,FALSE
401367484,2022-02-03,Georgia State,Troy,201,2,15:44,944,944,Eliel Nsoseme Defensive Rebound.,34,40,-6,4,0.4373707767848088,0.2562378811719259,4,4,7,137.5,"c(""Rob Rorke"", "" Shaun Seales"", "" Owen Shortt"")","Atlanta, GA",GSU Sports Arena,3854,1038,NA,NA,NA,NA,NA,NA,NA,NA,Troy,Georgia State,FALSE
401367484,2022-02-03,Georgia State,Troy,202,2,15:42,942,942,Justin Roberts made Layup.,36,40,-4,2,0.5254859676219168,0.32932806553890004,4,4,7,137.5,"c(""Rob Rorke"", "" Shaun Seales"", "" Owen Shortt"")","Atlanta, GA",GSU Sports Arena,3854,1038,NA,NA,Georgia State,made,Justin Roberts,NA,FALSE,FALSE,Georgia State,Troy,FALSE
401367484,2022-02-03,Georgia State,Troy,203,2,15:42,942,942,Foul on Desmond Williams.,36,40,-4,0,0.5254859676219168,0.32932806553890004,4,4,7,137.5,"c(""Rob Rorke"", "" Shaun Seales"", "" Owen Shortt"")","Atlanta, GA",GSU Sports Arena,3854,1038,NA,NA,NA,NA,NA,NA,NA,NA,Georgia State,Troy,FALSE
401367484,2022-02-03,Georgia State,Troy,204,2,15:42,942,942,Official TV Timeout,36,40,-4,0,0.5254859676219168,0.32932806553890004,4,4,7,137.5,"c(""Rob Rorke"", "" Shaun Seales"", "" Owen Shortt"")","Atlanta, GA",GSU Sports Arena,3854,1038,NA,NA,NA,NA,NA,NA,NA,NA,Georgia State,Troy,FALSE
401367484,2022-02-03,Georgia State,Troy,205,2,15:42,942,942,Justin Roberts missed Free Throw.,36,40,-4,0,0.5254859676219168,0.32932806553890004,4,4,7,137.5,"c(""Rob Rorke"", "" Shaun Seales"", "" Owen Shortt"")","Atlanta, GA",GSU Sports Arena,3854,1038,NA,NA,Georgia State,missed,Justin Roberts,NA,FALSE,TRUE,Georgia State,Troy,FALSE
401367484,2022-02-03,Georgia State,Troy,206,2,15:40,940,940,TK Smith Defensive Rebound.,36,40,-4,2,0.5251561711239824,0.3291496273593449,4,4,7,137.5,"c(""Rob Rorke"", "" Shaun Seales"", "" Owen Shortt"")","Atlanta, GA",GSU Sports Arena,3854,1038,NA,NA,NA,NA,NA,NA,NA,NA,Georgia State,Troy,FALSE
401367484,2022-02-03,Georgia State,Troy,207,2,15:28,928,928,TK Smith Turnover.,36,40,-4,12,0.5232276968033801,0.32811240698979616,4,4,7,137.5,"c(""Rob Rorke"", "" Shaun Seales"", "" Owen Shortt"")","Atlanta, GA",GSU Sports Arena,3854,1038,NA,NA,NA,NA,NA,NA,NA,NA,Troy,Georgia State,FALSE
401367484,2022-02-03,Georgia State,Troy,208,2,15:28,928,928,Nelson Phillips Steal.,36,40,-4,0,0.5232276968033801,0.32811240698979616,4,4,7,137.5,"c(""Rob Rorke"", "" Shaun Seales"", "" Owen Shortt"")","Atlanta, GA",GSU Sports Arena,3854,1038,NA,NA,NA,NA,NA,NA,NA,NA,Troy,Georgia State,FALSE
401367484,2022-02-03,Georgia State,Troy,209,2,15:24,924,924,Nelson Phillips missed Dunk.,36,40,-4,4,0.52260203459301,0.3277780054614127,4,4,7,137.5,"c(""Rob Rorke"", "" Shaun Seales"", "" Owen Shortt"")","Atlanta, GA",GSU Sports Arena,3854,1038,NA,NA,Georgia State,missed,Nelson Phillips,NA,FALSE,FALSE,Georgia State,Georgia State,FALSE
401367484,2022-02-03,Georgia State,Troy,210,2,15:18,918,918,Jalen Thomas Offensive Rebound.,36,40,-4,6,0.521677335489709,0.3272854476225352,4,4,7,137.5,"c(""Rob Rorke"", "" Shaun Seales"", "" Owen Shortt"")","Atlanta, GA",GSU Sports Arena,3854,1038,NA,NA,NA,NA,NA,NA,NA,NA,Georgia State,Georgia State,FALSE
401367484,2022-02-03,Georgia State,Troy,211,2,15:17,917,917,Jalen Thomas made Layup.,38,40,-2,1,0.6098259029237072,0.4108558553473032,4,4,7,137.5,"c(""Rob Rorke"", "" Shaun Seales"", "" Owen Shortt"")","Atlanta, GA",GSU Sports Arena,3854,1038,NA,NA,Georgia State,made,Jalen Thomas,NA,FALSE,FALSE,Georgia State,Troy,FALSE
401367484,2022-02-03,Georgia State,Troy,212,2,15:03,903,903,Foul on Jalen Thomas.,38,40,-2,14,0.6084241513753282,0.4102440113945977,4,4,7,137.5,"c(""Rob Rorke"", "" Shaun Seales"", "" Owen Shortt"")","Atlanta, GA",GSU Sports Arena,3854,1038,NA,NA,NA,NA,NA,NA,NA,NA,Troy,Troy,FALSE
401367484,2022-02-03,Georgia State,Troy,213,2,14:50,890,890,Duke Deen missed Three Point Jumper.,38,40,-2,13,0.6071493543086782,0.40969048553858906,4,4,7,137.5,"c(""Rob Rorke"", "" Shaun Seales"", "" Owen Shortt"")","Atlanta, GA",GSU Sports Arena,3854,1038,NA,NA,Troy,missed,Duke Deen,NA,TRUE,FALSE,Troy,Troy,FALSE
401367484,2022-02-03,Georgia State,Troy,214,2,14:45,885,885,Rifen Miguel Offensive Rebound.,38,40,-2,5,0.6066629659797064,0.4094794698972313,4,4,7,137.5,"c(""Rob Rorke"", "" Shaun Seales"", "" Owen Shortt"")","Atlanta, GA",GSU Sports Arena,3854,1038,NA,NA,NA,NA,NA,NA,NA,NA,Troy,Troy,FALSE
401367484,2022-02-03,Georgia State,Troy,215,2,14:34,874,874,TK Smith made Layup. Assisted by Rifen Miguel.,38,42,-4,11,0.5151948479929929,0.3238635491031139,4,4,7,137.5,"c(""Rob Rorke"", "" Shaun Seales"", "" Owen Shortt"")","Atlanta, GA",GSU Sports Arena,3854,1038,NA,NA,Troy,made,TK Smith,Rifen Miguel,FALSE,FALSE,Troy,Georgia State,FALSE
401367484,2022-02-03,Georgia State,Troy,216,2,14:24,864,864,Corey Allen Turnover.,38,42,-4,10,0.5137382550227211,0.3230942643148526,4,4,7,137.5,"c(""Rob Rorke"", "" Shaun Seales"", "" Owen Shortt"")","Atlanta, GA",GSU Sports Arena,3854,1038,NA,NA,NA,NA,NA,NA,NA,NA,Georgia State,Troy,FALSE
401367484,2022-02-03,Georgia State,Troy,217,2,14:24,864,864,Duke Deen Steal.,38,42,-4,0,0.5137382550227211,0.3230942643148526,4,4,7,137.5,"c(""Rob Rorke"", "" Shaun Seales"", "" Owen Shortt"")","Atlanta, GA",GSU Sports Arena,3854,1038,NA,NA,NA,NA,NA,NA,NA,NA,Georgia State,Troy,FALSE
401367484,2022-02-03,Georgia State,Troy,218,2,14:20,860,860,TK Smith missed Three Point Jumper.,38,42,-4,4,0.5131516671358227,0.32278361790695326,4,4,7,137.5,"c(""Rob Rorke"", "" Shaun Seales"", "" Owen Shortt"")","Atlanta, GA",GSU Sports Arena,3854,1038,NA,NA,Troy,missed,TK Smith,NA,TRUE,FALSE,Troy,Troy,FALSE
401367484,2022-02-03,Georgia State,Troy,219,2,14:15,855,855,TK Smith Offensive Rebound.,38,42,-4,5,0.5124137601867587,0.3223919595611957,4,4,7,137.5,"c(""Rob Rorke"", "" Shaun Seales"", "" Owen Shortt"")","Atlanta, GA",GSU Sports Arena,3854,1038,NA,NA,NA,NA,NA,NA,NA,NA,Troy,Troy,FALSE
401367484,2022-02-03,Georgia State,Troy,220,2,13:57,837,837,Foul on Corey Allen.,38,42,-4,18,0.5096947278889251,0.32093823767404195,4,4,7,137.5,"c(""Rob Rorke"", "" Shaun Seales"", "" Owen Shortt"")","Atlanta, GA",GSU Sports Arena,3854,1038,NA,NA,NA,NA,NA,NA,NA,NA,Troy,Troy,FALSE
401367484,2022-02-03,Georgia State,Troy,221,2,13:57,837,837,TK Smith missed Free Throw.,38,42,-4,0,0.5096947278889251,0.32093823767404195,4,4,7,137.5,"c(""Rob Rorke"", "" Shaun Seales"", "" Owen Shortt"")","Atlanta, GA",GSU Sports Arena,3854,1038,NA,NA,Troy,missed,TK Smith,NA,FALSE,TRUE,Troy,Troy,FALSE
401367484,2022-02-03,Georgia State,Troy,222,2,13:57,837,837,Troy Offensive Rebound.,38,42,-4,0,0.5096947278889251,0.32093823767404195,4,4,7,137.5,"c(""Rob Rorke"", "" Shaun Seales"", "" Owen Shortt"")","Atlanta, GA",GSU Sports Arena,3854,1038,NA,NA,NA,NA,NA,NA,NA,NA,Troy,Troy,FALSE
401367484,2022-02-03,Georgia State,Troy,223,2,13:57,837,837,TK Smith made Free Throw.,38,43,-5,0,0.46292266828354667,0.2815412676872197,4,4,7,137.5,"c(""Rob Rorke"", "" Shaun Seales"", "" Owen Shortt"")","Atlanta, GA",GSU Sports Arena,3854,1038,NA,NA,Troy,made,TK Smith,NA,FALSE,TRUE,Troy,Troy,FALSE
401367484,2022-02-03,Georgia State,Troy,224,2,13:55,835,835,Evan Johnson Turnover.,38,43,-5,2,0.46256675893531846,0.28134764425349934,4,4,7,137.5,"c(""Rob Rorke"", "" Shaun Seales"", "" Owen Shortt"")","Atlanta, GA",GSU Sports Arena,3854,1038,NA,NA,NA,NA,NA,NA,NA,NA,Troy,Troy,FALSE
401367484,2022-02-03,Georgia State,Troy,225,2,13:41,821,821,Rifen Miguel missed Layup.,38,43,-5,14,0.46000854803149704,0.2799480516745651,4,4,7,137.5,"c(""Rob Rorke"", "" Shaun Seales"", "" Owen Shortt"")","Atlanta, GA",GSU Sports Arena,3854,1038,NA,NA,Troy,missed,Rifen Miguel,NA,FALSE,FALSE,Troy,Georgia State,FALSE
401367484,2022-02-03,Georgia State,Troy,226,2,13:37,817,817,Nelson Phillips Defensive Rebound.,38,43,-5,4,0.45925319122702424,0.27953207650415485,4,4,7,137.5,"c(""Rob Rorke"", "" Shaun Seales"", "" Owen Shortt"")","Atlanta, GA",GSU Sports Arena,3854,1038,NA,NA,NA,NA,NA,NA,NA,NA,Troy,Georgia State,FALSE
401367484,2022-02-03,Georgia State,Troy,227,2,13:25,805,805,Eliel Nsoseme missed Layup.,38,43,-5,12,0.4569101709704499,0.27823380733318537,4,4,7,137.5,"c(""Rob Rorke"", "" Shaun Seales"", "" Owen Shortt"")","Atlanta, GA",GSU Sports Arena,3854,1038,NA,NA,Georgia State,missed,Eliel Nsoseme,NA,FALSE,FALSE,Georgia State,Georgia State,FALSE
401367484,2022-02-03,Georgia State,Troy,228,2,13:23,803,803,Eliel Nsoseme Offensive Rebound.,38,43,-5,2,0.4565074186051841,0.2780094433946055,4,4,7,137.5,"c(""Rob Rorke"", "" Shaun Seales"", "" Owen Shortt"")","Atlanta, GA",GSU Sports Arena,3854,1038,NA,NA,NA,NA,NA,NA,NA,NA,Georgia State,Georgia State,FALSE
401367484,2022-02-03,Georgia State,Troy,229,2,13:23,803,803,Foul on TK Smith.,38,43,-5,0,0.4565074186051841,0.2780094433946055,4,4,7,137.5,"c(""Rob Rorke"", "" Shaun Seales"", "" Owen Shortt"")","Atlanta, GA",GSU Sports Arena,3854,1038,NA,NA,NA,NA,NA,NA,NA,NA,Georgia State,Georgia State,FALSE
401367484,2022-02-03,Georgia State,Troy,230,2,13:23,803,803,Eliel Nsoseme made Free Throw.,39,43,-4,0,0.5041149794919445,0.317889987520558,4,4,7,137.5,"c(""Rob Rorke"", "" Shaun Seales"", "" Owen Shortt"")","Atlanta, GA",GSU Sports Arena,3854,1038,NA,NA,Georgia State,made,Eliel Nsoseme,NA,FALSE,TRUE,Georgia State,Georgia State,FALSE
401367484,2022-02-03,Georgia State,Troy,231,2,13:23,803,803,Eliel Nsoseme made Free Throw.,40,43,-3,0,0.5516480399472351,0.3606338340869814,4,4,7,137.5,"c(""Rob Rorke"", "" Shaun Seales"", "" Owen Shortt"")","Atlanta, GA",GSU Sports Arena,3854,1038,NA,NA,Georgia State,made,Eliel Nsoseme,NA,FALSE,TRUE,Georgia State,Troy,FALSE
401367484,2022-02-03,Georgia State,Troy,232,2,13:04,784,784,Christian Turner Turnover.,40,43,-3,19,0.5487462362411806,0.35907240251785594,4,4,7,137.5,"c(""Rob Rorke"", "" Shaun Seales"", "" Owen Shortt"")","Atlanta, GA",GSU Sports Arena,3854,1038,NA,NA,NA,NA,NA,NA,NA,NA,Troy,Georgia State,FALSE
401367484,2022-02-03,Georgia State,Troy,233,2,13:04,784,784,Nelson Phillips Steal.,40,43,-3,0,0.5487462362411806,0.35907240251785594,4,4,7,137.5,"c(""Rob Rorke"", "" Shaun Seales"", "" Owen Shortt"")","Atlanta, GA",GSU Sports Arena,3854,1038,NA,NA,NA,NA,NA,NA,NA,NA,Troy,Georgia State,FALSE
401367484,2022-02-03,Georgia State,Troy,234,2,12:48,768,768,Foul on Duke Deen.,40,43,-3,16,0.5460788784291103,0.3576090058539153,4,4,7,137.5,"c(""Rob Rorke"", "" Shaun Seales"", "" Owen Shortt"")","Atlanta, GA",GSU Sports Arena,3854,1038,NA,NA,NA,NA,NA,NA,NA,NA,Georgia State,Georgia State,FALSE
401367484,2022-02-03,Georgia State,Troy,235,2,12:43,763,763,Foul on TK Smith.,40,43,-3,5,0.5451973799103302,0.3571201041110569,4,4,7,137.5,"c(""Rob Rorke"", "" Shaun Seales"", "" Owen Shortt"")","Atlanta, GA",GSU Sports Arena,3854,1038,NA,NA,NA,NA,NA,NA,NA,NA,Georgia State,Georgia State,FALSE
401367484,2022-02-03,Georgia State,Troy,236,2,12:35,755,755,Nelson Phillips missed Three Point Jumper.,40,43,-3,8,0.5437351706432585,0.35630390698746844,4,4,7,137.5,"c(""Rob Rorke"", "" Shaun Seales"", "" Owen Shortt"")","Atlanta, GA",GSU Sports Arena,3854,1038,NA,NA,Georgia State,missed,Nelson Phillips,NA,TRUE,FALSE,Georgia State,Georgia State,FALSE
401367484,2022-02-03,Georgia State,Troy,237,2,12:31,751,751,Eliel Nsoseme Offensive Rebound.,40,43,-3,4,0.5429789824132581,0.35587942132572703,4,4,7,137.5,"c(""Rob Rorke"", "" Shaun Seales"", "" Owen Shortt"")","Atlanta, GA",GSU Sports Arena,3854,1038,NA,NA,NA,NA,NA,NA,NA,NA,Georgia State,Georgia State,FALSE
401367484,2022-02-03,Georgia State,Troy,238,2,12:30,750,750,Eliel Nsoseme missed Layup.,40,43,-3,1,0.5427872291587582,0.3557715361383252,4,4,7,137.5,"c(""Rob Rorke"", "" Shaun Seales"", "" Owen Shortt"")","Atlanta, GA",GSU Sports Arena,3854,1038,NA,NA,Georgia State,missed,Eliel Nsoseme,NA,FALSE,FALSE,Georgia State,Georgia State,FALSE
401367484,2022-02-03,Georgia State,Troy,239,2,12:26,746,746,Nelson Phillips Offensive Rebound.,40,43,-3,4,0.5420091327183342,0.3553327837213252,4,4,7,137.5,"c(""Rob Rorke"", "" Shaun Seales"", "" Owen Shortt"")","Atlanta, GA",GSU Sports Arena,3854,1038,NA,NA,NA,NA,NA,NA,NA,NA,Georgia State,Georgia State,FALSE
401367484,2022-02-03,Georgia State,Troy,240,2,12:25,745,745,Foul on Christian Turner.,40,43,-3,1,0.5418117946278465,0.3552212666714494,4,4,7,137.5,"c(""Rob Rorke"", "" Shaun Seales"", "" Owen Shortt"")","Atlanta, GA",GSU Sports Arena,3854,1038,NA,NA,NA,NA,NA,NA,NA,NA,Georgia State,Georgia State,FALSE
401367484,2022-02-03,Georgia State,Troy,241,2,12:25,745,745,Nelson Phillips missed Free Throw.,40,43,-3,0,0.5418117946278465,0.3552212666714494,4,4,7,137.5,"c(""Rob Rorke"", "" Shaun Seales"", "" Owen Shortt"")","Atlanta, GA",GSU Sports Arena,3854,1038,NA,NA,Georgia State,missed,Nelson Phillips,NA,FALSE,TRUE,Georgia State,Georgia State,FALSE
401367484,2022-02-03,Georgia State,Troy,242,2,12:25,745,745,Georgia State Offensive Rebound.,40,43,-3,0,0.5418117946278465,0.3552212666714494,4,4,7,137.5,"c(""Rob Rorke"", "" Shaun Seales"", "" Owen Shortt"")","Atlanta, GA",GSU Sports Arena,3854,1038,NA,NA,NA,NA,NA,NA,NA,NA,Georgia State,Georgia State,FALSE
401367484,2022-02-03,Georgia State,Troy,243,2,12:25,745,745,Nelson Phillips made Free Throw.,41,43,-2,0,0.5905793226036707,0.4019265485404912,4,4,7,137.5,"c(""Rob Rorke"", "" Shaun Seales"", "" Owen Shortt"")","Atlanta, GA",GSU Sports Arena,3854,1038,NA,NA,Georgia State,made,Nelson Phillips,NA,FALSE,TRUE,Georgia State,Troy,FALSE
401367484,2022-02-03,Georgia State,Troy,244,2,12:10,730,730,Duke Deen Turnover.,41,43,-2,15,0.5881790387198294,0.40069107175152374,4,4,7,137.5,"c(""Rob Rorke"", "" Shaun Seales"", "" Owen Shortt"")","Atlanta, GA",GSU Sports Arena,3854,1038,NA,NA,NA,NA,NA,NA,NA,NA,Troy,Georgia State,FALSE
401367484,2022-02-03,Georgia State,Troy,245,2,12:10,730,730,Nelson Phillips Steal.,41,43,-2,0,0.5881790387198294,0.40069107175152374,4,4,7,137.5,"c(""Rob Rorke"", "" Shaun Seales"", "" Owen Shortt"")","Atlanta, GA",GSU Sports Arena,3854,1038,NA,NA,NA,NA,NA,NA,NA,NA,Troy,Georgia State,FALSE
401367484,2022-02-03,Georgia State,Troy,246,2,12:05,725,725,Nelson Phillips made Dunk.,43,43,0,5,0.6807885768453258,0.5,4,4,7,137.5,"c(""Rob Rorke"", "" Shaun Seales"", "" Owen Shortt"")","Atlanta, GA",GSU Sports Arena,3854,1038,NA,NA,Georgia State,made,Nelson Phillips,NA,FALSE,FALSE,Georgia State,Troy,FALSE
401367484,2022-02-03,Georgia State,Troy,247,2,11:46,706,706,Foul on Eliel Nsoseme.,43,43,0,19,0.6794784554917958,0.5,4,4,7,137.5,"c(""Rob Rorke"", "" Shaun Seales"", "" Owen Shortt"")","Atlanta, GA",GSU Sports Arena,3854,1038,NA,NA,NA,NA,NA,NA,NA,NA,Troy,Troy,FALSE
401367484,2022-02-03,Georgia State,Troy,248,2,11:46,706,706,Official TV Timeout,43,43,0,0,0.6794784554917958,0.5,4,4,7,137.5,"c(""Rob Rorke"", "" Shaun Seales"", "" Owen Shortt"")","Atlanta, GA",GSU Sports Arena,3854,1038,NA,NA,NA,NA,NA,NA,NA,NA,Troy,Troy,FALSE
401367484,2022-02-03,Georgia State,Troy,249,2,11:43,703,703,Efe Odigie Turnover.,43,43,0,3,0.6792758353507938,0.5,4,4,7,137.5,"c(""Rob Rorke"", "" Shaun Seales"", "" Owen Shortt"")","Atlanta, GA",GSU Sports Arena,3854,1038,NA,NA,NA,NA,NA,NA,NA,NA,Troy,Georgia State,FALSE
401367484,2022-02-03,Georgia State,Troy,250,2,11:43,703,703,Eliel Nsoseme Steal.,43,43,0,0,0.6792758353507938,0.5,4,4,7,137.5,"c(""Rob Rorke"", "" Shaun Seales"", "" Owen Shortt"")","Atlanta, GA",GSU Sports Arena,3854,1038,NA,NA,NA,NA,NA,NA,NA,NA,Troy,Georgia State,FALSE
401367484,2022-02-03,Georgia State,Troy,251,2,11:33,693,693,Nelson Phillips Turnover.,43,43,0,10,0.6786063884602661,0.5,4,4,7,137.5,"c(""Rob Rorke"", "" Shaun Seales"", "" Owen Shortt"")","Atlanta, GA",GSU Sports Arena,3854,1038,NA,NA,NA,NA,NA,NA,NA,NA,Georgia State,Troy,FALSE
401367484,2022-02-03,Georgia State,Troy,252,2,11:33,693,693,Duke Miles Steal.,43,43,0,0,0.6786063884602661,0.5,4,4,7,137.5,"c(""Rob Rorke"", "" Shaun Seales"", "" Owen Shortt"")","Atlanta, GA",GSU Sports Arena,3854,1038,NA,NA,NA,NA,NA,NA,NA,NA,Georgia State,Troy,FALSE
401367484,2022-02-03,Georgia State,Troy,253,2,11:31,691,691,Foul on Justin Roberts.,43,43,0,2,0.6784733896643854,0.5,4,4,7,137.5,"c(""Rob Rorke"", "" Shaun Seales"", "" Owen Shortt"")","Atlanta, GA",GSU Sports Arena,3854,1038,NA,NA,NA,NA,NA,NA,NA,NA,Troy,Troy,FALSE
401367484,2022-02-03,Georgia State,Troy,254,2,11:14,674,674,Zay Williams made Layup. Assisted by Duke Miles.,43,45,-2,17,0.5798274591057118,0.3966238899604536,4,4,7,137.5,"c(""Rob Rorke"", "" Shaun Seales"", "" Owen Shortt"")","Atlanta, GA",GSU Sports Arena,3854,1038,NA,NA,Troy,made,Zay Williams,Duke Miles,FALSE,FALSE,Troy,Georgia State,FALSE
401367484,2022-02-03,Georgia State,Troy,255,2,10:51,651,651,Ja'Heim Hudson missed Layup.,43,45,-2,23,0.576627509839296,0.395152206764382,4,4,7,137.5,"c(""Rob Rorke"", "" Shaun Seales"", "" Owen Shortt"")","Atlanta, GA",GSU Sports Arena,3854,1038,NA,NA,Georgia State,missed,Ja'Heim Hudson,NA,FALSE,FALSE,Georgia State,Georgia State,FALSE
401367484,2022-02-03,Georgia State,Troy,256,2,10:47,647,647,Eliel Nsoseme Offensive Rebound.,43,45,-2,4,0.5760628711398236,0.3948922890778918,4,4,7,137.5,"c(""Rob Rorke"", "" Shaun Seales"", "" Owen Shortt"")","Atlanta, GA",GSU Sports Arena,3854,1038,NA,NA,NA,NA,NA,NA,NA,NA,Georgia State,Georgia State,FALSE
401367484,2022-02-03,Georgia State,Troy,257,2,10:47,647,647,Ja'Heim Hudson made Layup.,45,45,0,0,0.6755564318394327,0.5,4,4,7,137.5,"c(""Rob Rorke"", "" Shaun Seales"", "" Owen Shortt"")","Atlanta, GA",GSU Sports Arena,3854,1038,NA,NA,Georgia State,made,Ja'Heim Hudson,NA,FALSE,FALSE,Georgia State,Troy,FALSE
401367484,2022-02-03,Georgia State,Troy,258,2,10:34,634,634,Efe Odigie missed Layup.,45,45,0,13,0.6746722210412633,0.5,4,4,7,137.5,"c(""Rob Rorke"", "" Shaun Seales"", "" Owen Shortt"")","Atlanta, GA",GSU Sports Arena,3854,1038,NA,NA,Troy,missed,Efe Odigie,NA,FALSE,FALSE,Troy,Georgia State,FALSE
401367484,2022-02-03,Georgia State,Troy,259,2,10:34,634,634,Jalen Thomas Block.,45,45,0,0,0.6746722210412633,0.5,4,4,7,137.5,"c(""Rob Rorke"", "" Shaun Seales"", "" Owen Shortt"")","Atlanta, GA",GSU Sports Arena,3854,1038,NA,NA,NA,NA,NA,NA,NA,NA,Troy,Georgia State,FALSE
401367484,2022-02-03,Georgia State,Troy,260,2,10:30,630,630,Jalen Thomas Defensive Rebound.,45,45,0,4,0.6743956488663321,0.5,4,4,7,137.5,"c(""Rob Rorke"", "" Shaun Seales"", "" Owen Shortt"")","Atlanta, GA",GSU Sports Arena,3854,1038,NA,NA,NA,NA,NA,NA,NA,NA,Troy,Georgia State,FALSE
401367484,2022-02-03,Georgia State,Troy,261,2,10:07,607,607,Justin Roberts missed Jumper.,45,45,0,23,0.6727493677310534,0.5,4,4,7,137.5,"c(""Rob Rorke"", "" Shaun Seales"", "" Owen Shortt"")","Atlanta, GA",GSU Sports Arena,3854,1038,NA,NA,Georgia State,missed,Justin Roberts,NA,FALSE,FALSE,Georgia State,Georgia State,FALSE
401367484,2022-02-03,Georgia State,Troy,262,2,10:02,602,602,Jalen Thomas Offensive Rebound.,45,45,0,5,0.672376169133288,0.5,4,4,7,137.5,"c(""Rob Rorke"", "" Shaun Seales"", "" Owen Shortt"")","Atlanta, GA",GSU Sports Arena,3854,1038,NA,NA,NA,NA,NA,NA,NA,NA,Georgia State,Georgia State,FALSE
401367484,2022-02-03,Georgia State,Troy,263,2,10:01,601,601,Kane Williams missed Three Point Jumper.,45,45,0,1,0.6723007683649507,0.5,4,4,7,137.5,"c(""Rob Rorke"", "" Shaun Seales"", "" Owen Shortt"")","Atlanta, GA",GSU Sports Arena,3854,1038,NA,NA,Georgia State,missed,Kane Williams,NA,TRUE,FALSE,Georgia State,Georgia State,FALSE
401367484,2022-02-03,Georgia State,Troy,264,2,9:57,597,597,Ja'Heim Hudson Offensive Rebound.,45,45,0,4,0.6719965074422344,0.5,4,4,7,137.5,"c(""Rob Rorke"", "" Shaun Seales"", "" Owen Shortt"")","Atlanta, GA",GSU Sports Arena,3854,1038,NA,NA,NA,NA,NA,NA,NA,NA,Georgia State,Georgia State,FALSE
401367484,2022-02-03,Georgia State,Troy,265,2,9:55,595,595,Ja'Heim Hudson missed Three Point Jumper.,45,45,0,2,0.6718427313619879,0.5,4,4,7,137.5,"c(""Rob Rorke"", "" Shaun Seales"", "" Owen Shortt"")","Atlanta, GA",GSU Sports Arena,3854,1038,NA,NA,Georgia State,missed,Ja'Heim Hudson,NA,TRUE,FALSE,Georgia State,Troy,FALSE
401367484,2022-02-03,Georgia State,Troy,266,2,9:51,591,591,Desmond Williams Defensive Rebound.,45,45,0,4,0.6715317422925562,0.5,4,4,7,137.5,"c(""Rob Rorke"", "" Shaun Seales"", "" Owen Shortt"")","Atlanta, GA",GSU Sports Arena,3854,1038,NA,NA,NA,NA,NA,NA,NA,NA,Georgia State,Troy,FALSE
401367484,2022-02-03,Georgia State,Troy,267,2,9:43,583,583,Efe Odigie made Layup. Assisted by Kieffer Punter.,45,47,-2,8,0.56572488090974,0.3898822841132008,4,4,7,137.5,"c(""Rob Rorke"", "" Shaun Seales"", "" Owen Shortt"")","Atlanta, GA",GSU Sports Arena,3854,1038,NA,NA,Troy,made,Efe Odigie,Kieffer Punter,FALSE,FALSE,Troy,Georgia State,FALSE
401367484,2022-02-03,Georgia State,Troy,268,2,9:33,573,573,Justin Roberts made Jumper.,47,47,0,10,0.6700697912569932,0.5,4,4,7,137.5,"c(""Rob Rorke"", "" Shaun Seales"", "" Owen Shortt"")","Atlanta, GA",GSU Sports Arena,3854,1038,NA,NA,Georgia State,made,Justin Roberts,NA,FALSE,FALSE,Georgia State,Troy,FALSE
401367484,2022-02-03,Georgia State,Troy,269,2,9:15,555,555,Foul on Ja'Heim Hudson.,47,47,0,18,0.668489674113316,0.5,4,4,7,137.5,"c(""Rob Rorke"", "" Shaun Seales"", "" Owen Shortt"")","Atlanta, GA",GSU Sports Arena,3854,1038,NA,NA,NA,NA,NA,NA,NA,NA,Troy,Troy,FALSE
401367484,2022-02-03,Georgia State,Troy,270,2,9:15,555,555,Duke Miles made Free Throw.,47,48,-1,0,0.6155930780627458,0.4426343340241503,4,4,7,137.5,"c(""Rob Rorke"", "" Shaun Seales"", "" Owen Shortt"")","Atlanta, GA",GSU Sports Arena,3854,1038,NA,NA,Troy,made,Duke Miles,NA,FALSE,TRUE,Troy,Troy,FALSE
401367484,2022-02-03,Georgia State,Troy,271,2,9:15,555,555,Duke Miles made Free Throw.,47,49,-2,0,0.5598139345696818,0.38675928709338586,4,4,7,137.5,"c(""Rob Rorke"", "" Shaun Seales"", "" Owen Shortt"")","Atlanta, GA",GSU Sports Arena,3854,1038,NA,NA,Troy,made,Duke Miles,NA,FALSE,TRUE,Troy,Georgia State,FALSE
401367484,2022-02-03,Georgia State,Troy,272,2,9:11,551,551,Kane Williams missed Layup.,47,49,-2,4,0.5588696080380441,0.3862459142801408,4,4,7,137.5,"c(""Rob Rorke"", "" Shaun Seales"", "" Owen Shortt"")","Atlanta, GA",GSU Sports Arena,3854,1038,NA,NA,Georgia State,missed,Kane Williams,NA,FALSE,FALSE,Georgia State,Troy,FALSE
401367484,2022-02-03,Georgia State,Troy,273,2,9:11,551,551,Christian Turner Block.,47,49,-2,0,0.5588696080380441,0.3862459142801408,4,4,7,137.5,"c(""Rob Rorke"", "" Shaun Seales"", "" Owen Shortt"")","Atlanta, GA",GSU Sports Arena,3854,1038,NA,NA,NA,NA,NA,NA,NA,NA,Georgia State,Troy,FALSE
401367484,2022-02-03,Georgia State,Troy,274,2,9:05,545,545,Duke Miles Defensive Rebound.,47,49,-2,6,0.557448432060385,0.38547577627844914,4,4,7,137.5,"c(""Rob Rorke"", "" Shaun Seales"", "" Owen Shortt"")","Atlanta, GA",GSU Sports Arena,3854,1038,NA,NA,NA,NA,NA,NA,NA,NA,Georgia State,Troy,FALSE
401367484,2022-02-03,Georgia State,Troy,275,2,8:45,525,525,Duke Miles Turnover.,47,49,-2,20,0.5531366294639589,0.38324764228653085,4,4,7,137.5,"c(""Rob Rorke"", "" Shaun Seales"", "" Owen Shortt"")","Atlanta, GA",GSU Sports Arena,3854,1038,NA,NA,NA,NA,NA,NA,NA,NA,Troy,Georgia State,FALSE
401367484,2022-02-03,Georgia State,Troy,276,2,8:45,525,525,Justin Roberts Steal.,47,49,-2,0,0.5531366294639589,0.38324764228653085,4,4,7,137.5,"c(""Rob Rorke"", "" Shaun Seales"", "" Owen Shortt"")","Atlanta, GA",GSU Sports Arena,3854,1038,NA,NA,NA,NA,NA,NA,NA,NA,Troy,Georgia State,FALSE
401367484,2022-02-03,Georgia State,Troy,277,2,8:23,503,503,Kane Williams missed Three Point Jumper.,47,49,-2,22,0.5487993969038975,0.3811315818509629,4,4,7,137.5,"c(""Rob Rorke"", "" Shaun Seales"", "" Owen Shortt"")","Atlanta, GA",GSU Sports Arena,3854,1038,NA,NA,Georgia State,missed,Kane Williams,NA,TRUE,FALSE,Georgia State,Georgia State,FALSE
401367484,2022-02-03,Georgia State,Troy,278,2,8:20,500,500,Eliel Nsoseme Offensive Rebound.,47,49,-2,3,0.5482132109993828,0.38084932690276707,4,4,7,137.5,"c(""Rob Rorke"", "" Shaun Seales"", "" Owen Shortt"")","Atlanta, GA",GSU Sports Arena,3854,1038,NA,NA,NA,NA,NA,NA,NA,NA,Georgia State,Georgia State,FALSE
401367484,2022-02-03,Georgia State,Troy,279,2,8:20,500,500,Foul on Christian Turner.,47,49,-2,0,0.5482132109993828,0.38084932690276707,4,4,7,137.5,"c(""Rob Rorke"", "" Shaun Seales"", "" Owen Shortt"")","Atlanta, GA",GSU Sports Arena,3854,1038,NA,NA,NA,NA,NA,NA,NA,NA,Georgia State,Georgia State,FALSE
401367484,2022-02-03,Georgia State,Troy,280,2,8:20,500,500,Eliel Nsoseme missed Free Throw.,47,49,-2,0,0.5482132109993828,0.38084932690276707,4,4,7,137.5,"c(""Rob Rorke"", "" Shaun Seales"", "" Owen Shortt"")","Atlanta, GA",GSU Sports Arena,3854,1038,NA,NA,Georgia State,missed,Eliel Nsoseme,NA,FALSE,TRUE,Georgia State,Georgia State,FALSE
401367484,2022-02-03,Georgia State,Troy,281,2,8:19,499,499,Kane Williams Offensive Rebound.,47,49,-2,1,0.5480172395811486,0.38075493725155396,4,4,7,137.5,"c(""Rob Rorke"", "" Shaun Seales"", "" Owen Shortt"")","Atlanta, GA",GSU Sports Arena,3854,1038,NA,NA,NA,NA,NA,NA,NA,NA,Georgia State,Georgia State,FALSE
401367484,2022-02-03,Georgia State,Troy,282,2,8:06,486,486,Corey Allen Turnover.,47,49,-2,13,0.545417845085299,0.37949502304515126,4,4,7,137.5,"c(""Rob Rorke"", "" Shaun Seales"", "" Owen Shortt"")","Atlanta, GA",GSU Sports Arena,3854,1038,NA,NA,NA,NA,NA,NA,NA,NA,Georgia State,Troy,FALSE
401367484,2022-02-03,Georgia State,Troy,283,2,8:06,486,486,Duke Miles Steal.,47,49,-2,0,0.545417845085299,0.37949502304515126,4,4,7,137.5,"c(""Rob Rorke"", "" Shaun Seales"", "" Owen Shortt"")","Atlanta, GA",GSU Sports Arena,3854,1038,NA,NA,NA,NA,NA,NA,NA,NA,Georgia State,Troy,FALSE
401367484,2022-02-03,Georgia State,Troy,284,2,8:00,480,480,Desmond Williams missed Layup.,47,49,-2,6,0.544166838505399,0.37887899068098074,4,4,7,137.5,"c(""Rob Rorke"", "" Shaun Seales"", "" Owen Shortt"")","Atlanta, GA",GSU Sports Arena,3854,1038,NA,NA,Troy,missed,Desmond Williams,NA,FALSE,FALSE,Troy,Georgia State,FALSE
401367484,2022-02-03,Georgia State,Troy,285,2,8:00,480,480,Jalen Thomas Block.,47,49,-2,0,0.544166838505399,0.37887899068098074,4,4,7,137.5,"c(""Rob Rorke"", "" Shaun Seales"", "" Owen Shortt"")","Atlanta, GA",GSU Sports Arena,3854,1038,NA,NA,NA,NA,NA,NA,NA,NA,Troy,Georgia State,FALSE
401367484,2022-02-03,Georgia State,Troy,286,2,7:55,475,475,Corey Allen Defensive Rebound.,47,49,-2,5,0.5430886508412441,0.3783409113178272,4,4,7,137.5,"c(""Rob Rorke"", "" Shaun Seales"", "" Owen Shortt"")","Atlanta, GA",GSU Sports Arena,3854,1038,NA,NA,NA,NA,NA,NA,NA,NA,Troy,Georgia State,FALSE
401367484,2022-02-03,Georgia State,Troy,287,2,7:55,475,475,Foul on Duke Miles.,47,49,-2,0,0.5430886508412441,0.3783409113178272,4,4,7,137.5,"c(""Rob Rorke"", "" Shaun Seales"", "" Owen Shortt"")","Atlanta, GA",GSU Sports Arena,3854,1038,NA,NA,NA,NA,NA,NA,NA,NA,Troy,Georgia State,FALSE
401367484,2022-02-03,Georgia State,Troy,288,2,7:55,475,475,Official TV Timeout,47,49,-2,0,0.5430886508412441,0.3783409113178272,4,4,7,137.5,"c(""Rob Rorke"", "" Shaun Seales"", "" Owen Shortt"")","Atlanta, GA",GSU Sports Arena,3854,1038,NA,NA,NA,NA,NA,NA,NA,NA,Troy,Georgia State,FALSE
401367484,2022-02-03,Georgia State,Troy,289,2,7:55,475,475,Corey Allen made Free Throw.,48,49,-1,0,0.6037419596354667,0.4382424410834425,4,4,7,137.5,"c(""Rob Rorke"", "" Shaun Seales"", "" Owen Shortt"")","Atlanta, GA",GSU Sports Arena,3854,1038,NA,NA,Georgia State,made,Corey Allen,NA,FALSE,TRUE,Georgia State,Georgia State,FALSE
401367484,2022-02-03,Georgia State,Troy,290,2,7:55,475,475,Corey Allen made Free Throw.,49,49,0,0,0.66136417419529,0.5,4,4,7,137.5,"c(""Rob Rorke"", "" Shaun Seales"", "" Owen Shortt"")","Atlanta, GA",GSU Sports Arena,3854,1038,NA,NA,Georgia State,made,Corey Allen,NA,FALSE,TRUE,Georgia State,Troy,FALSE
401367484,2022-02-03,Georgia State,Troy,291,2,7:36,456,456,Kieffer Punter missed Three Point Jumper.,49,49,0,19,0.6595212522520286,0.5,4,4,7,137.5,"c(""Rob Rorke"", "" Shaun Seales"", "" Owen Shortt"")","Atlanta, GA",GSU Sports Arena,3854,1038,NA,NA,Troy,missed,Kieffer Punter,NA,TRUE,FALSE,Troy,Troy,FALSE
401367484,2022-02-03,Georgia State,Troy,292,2,7:33,453,453,TK Smith Offensive Rebound.,49,49,0,3,0.6592140982541542,0.5,4,4,7,137.5,"c(""Rob Rorke"", "" Shaun Seales"", "" Owen Shortt"")","Atlanta, GA",GSU Sports Arena,3854,1038,NA,NA,NA,NA,NA,NA,NA,NA,Troy,Troy,FALSE
401367484,2022-02-03,Georgia State,Troy,293,2,7:33,453,453,Foul on Ja'Heim Hudson.,49,49,0,0,0.6592140982541542,0.5,4,4,7,137.5,"c(""Rob Rorke"", "" Shaun Seales"", "" Owen Shortt"")","Atlanta, GA",GSU Sports Arena,3854,1038,NA,NA,NA,NA,NA,NA,NA,NA,Troy,Troy,FALSE
401367484,2022-02-03,Georgia State,Troy,294,2,7:33,453,453,TK Smith made Free Throw.,49,50,-1,0,0.6000405397922983,0.4367998690948869,4,4,7,137.5,"c(""Rob Rorke"", "" Shaun Seales"", "" Owen Shortt"")","Atlanta, GA",GSU Sports Arena,3854,1038,NA,NA,Troy,made,TK Smith,NA,FALSE,TRUE,Troy,Troy,FALSE
401367484,2022-02-03,Georgia State,Troy,295,2,7:33,453,453,TK Smith missed Free Throw.,49,50,-1,0,0.6000405397922983,0.4367998690948869,4,4,7,137.5,"c(""Rob Rorke"", "" Shaun Seales"", "" Owen Shortt"")","Atlanta, GA",GSU Sports Arena,3854,1038,NA,NA,Troy,missed,TK Smith,NA,FALSE,TRUE,Troy,Troy,FALSE
401367484,2022-02-03,Georgia State,Troy,296,2,7:31,451,451,Rifen Miguel Offensive Rebound.,49,50,-1,2,0.5996703737833837,0.4366478093988945,4,4,7,137.5,"c(""Rob Rorke"", "" Shaun Seales"", "" Owen Shortt"")","Atlanta, GA",GSU Sports Arena,3854,1038,NA,NA,NA,NA,NA,NA,NA,NA,Troy,Troy,FALSE
401367484,2022-02-03,Georgia State,Troy,297,2,7:23,443,443,TK Smith missed Three Point Jumper.,49,50,-1,8,0.5981208731845682,0.43599653830398655,4,4,7,137.5,"c(""Rob Rorke"", "" Shaun Seales"", "" Owen Shortt"")","Atlanta, GA",GSU Sports Arena,3854,1038,NA,NA,Troy,missed,TK Smith,NA,TRUE,FALSE,Troy,Troy,FALSE
401367484,2022-02-03,Georgia State,Troy,298,2,7:20,440,440,Troy Offensive Rebound.,49,50,-1,3,0.5975092711035758,0.43573319459245524,4,4,7,137.5,"c(""Rob Rorke"", "" Shaun Seales"", "" Owen Shortt"")","Atlanta, GA",GSU Sports Arena,3854,1038,NA,NA,NA,NA,NA,NA,NA,NA,Troy,Troy,FALSE
401367484,2022-02-03,Georgia State,Troy,299,2,7:05,425,425,Kieffer Punter missed Three Point Jumper.,49,50,-1,15,0.5941987318377161,0.4342660128438776,4,4,7,137.5,"c(""Rob Rorke"", "" Shaun Seales"", "" Owen Shortt"")","Atlanta, GA",GSU Sports Arena,3854,1038,NA,NA,Troy,missed,Kieffer Punter,NA,TRUE,FALSE,Troy,Troy,FALSE
401367484,2022-02-03,Georgia State,Troy,300,2,7:02,422,422,Zay Williams Offensive Rebound.,49,50,-1,3,0.5935184491718527,0.43397147666150315,4,4,7,137.5,"c(""Rob Rorke"", "" Shaun Seales"", "" Owen Shortt"")","Atlanta, GA",GSU Sports Arena,3854,1038,NA,NA,NA,NA,NA,NA,NA,NA,Troy,Troy,FALSE
401367484,2022-02-03,Georgia State,Troy,301,2,6:52,412,412,Duke Miles missed Three Point Jumper.,49,50,-1,10,0.5912547476619425,0.433027082336378,4,4,7,137.5,"c(""Rob Rorke"", "" Shaun Seales"", "" Owen Shortt"")","Atlanta, GA",GSU Sports Arena,3854,1038,NA,NA,Troy,missed,Duke Miles,NA,TRUE,FALSE,Troy,Troy,FALSE
401367484,2022-02-03,Georgia State,Troy,302,2,6:49,409,409,Rifen Miguel Offensive Rebound.,49,50,-1,3,0.5905743354696583,0.43275240021330674,4,4,7,137.5,"c(""Rob Rorke"", "" Shaun Seales"", "" Owen Shortt"")","Atlanta, GA",GSU Sports Arena,3854,1038,NA,NA,NA,NA,NA,NA,NA,NA,Troy,Troy,FALSE
401367484,2022-02-03,Georgia State,Troy,303,2,6:34,394,394,TK Smith missed Layup.,49,50,-1,15,0.587133131441969,0.43140754988840546,4,4,7,137.5,"c(""Rob Rorke"", "" Shaun Seales"", "" Owen Shortt"")","Atlanta, GA",GSU Sports Arena,3854,1038,NA,NA,Troy,missed,TK Smith,NA,FALSE,FALSE,Troy,Troy,FALSE
401367484,2022-02-03,Georgia State,Troy,304,2,6:31,391,391,Rifen Miguel Offensive Rebound.,49,50,-1,3,0.5864325193294836,0.4311396148270242,4,4,7,137.5,"c(""Rob Rorke"", "" Shaun Seales"", "" Owen Shortt"")","Atlanta, GA",GSU Sports Arena,3854,1038,NA,NA,NA,NA,NA,NA,NA,NA,Troy,Georgia State,FALSE
401367484,2022-02-03,Georgia State,Troy,305,2,6:31,391,391,Rifen Miguel made Layup.,49,52,-3,0,0.448886867254131,0.3033049217216146,4,4,7,137.5,"c(""Rob Rorke"", "" Shaun Seales"", "" Owen Shortt"")","Atlanta, GA",GSU Sports Arena,3854,1038,NA,NA,Troy,made,Rifen Miguel,NA,FALSE,FALSE,Troy,Georgia State,FALSE
401367484,2022-02-03,Georgia State,Troy,306,2,6:31,391,391,Troy  Timeout,49,52,-3,0,0.448886867254131,0.3033049217216146,4,3,7,137.5,"c(""Rob Rorke"", "" Shaun Seales"", "" Owen Shortt"")","Atlanta, GA",GSU Sports Arena,3854,1038,NA,NA,NA,NA,NA,NA,NA,NA,Troy,Georgia State,FALSE
401367484,2022-02-03,Georgia State,Troy,307,2,6:31,391,391,Official TV Timeout,49,52,-3,0,0.448886867254131,0.3033049217216146,4,3,7,137.5,"c(""Rob Rorke"", "" Shaun Seales"", "" Owen Shortt"")","Atlanta, GA",GSU Sports Arena,3854,1038,NA,NA,NA,NA,NA,NA,NA,NA,Troy,Georgia State,FALSE
401367484,2022-02-03,Georgia State,Troy,308,2,6:17,377,377,Foul on Rifen Miguel.,49,52,-3,14,0.4428992617508897,0.30001277241869007,4,3,7,137.5,"c(""Rob Rorke"", "" Shaun Seales"", "" Owen Shortt"")","Atlanta, GA",GSU Sports Arena,3854,1038,NA,NA,NA,NA,NA,NA,NA,NA,Georgia State,Georgia State,FALSE
401367484,2022-02-03,Georgia State,Troy,309,2,6:17,377,377,Eliel Nsoseme made Free Throw.,50,52,-2,0,0.513249049900902,0.3624318553768429,4,3,7,137.5,"c(""Rob Rorke"", "" Shaun Seales"", "" Owen Shortt"")","Atlanta, GA",GSU Sports Arena,3854,1038,NA,NA,Georgia State,made,Eliel Nsoseme,NA,FALSE,TRUE,Georgia State,Georgia State,FALSE
401367484,2022-02-03,Georgia State,Troy,310,2,6:17,377,377,Eliel Nsoseme missed Free Throw.,50,52,-2,0,0.513249049900902,0.3624318553768429,4,3,7,137.5,"c(""Rob Rorke"", "" Shaun Seales"", "" Owen Shortt"")","Atlanta, GA",GSU Sports Arena,3854,1038,NA,NA,Georgia State,missed,Eliel Nsoseme,NA,FALSE,TRUE,Georgia State,Troy,FALSE
401367484,2022-02-03,Georgia State,Troy,311,2,6:14,374,374,Zay Williams Defensive Rebound.,50,52,-2,3,0.5121982917161021,0.36189717705002494,4,3,7,137.5,"c(""Rob Rorke"", "" Shaun Seales"", "" Owen Shortt"")","Atlanta, GA",GSU Sports Arena,3854,1038,NA,NA,NA,NA,NA,NA,NA,NA,Georgia State,Troy,FALSE
401367484,2022-02-03,Georgia State,Troy,312,2,5:48,348,348,Foul on Eliel Nsoseme.,50,52,-2,26,0.5023418568444223,0.35674916347001473,4,3,7,137.5,"c(""Rob Rorke"", "" Shaun Seales"", "" Owen Shortt"")","Atlanta, GA",GSU Sports Arena,3854,1038,NA,NA,NA,NA,NA,NA,NA,NA,Troy,Troy,FALSE
401367484,2022-02-03,Georgia State,Troy,313,2,5:48,348,348,Kieffer Punter made Free Throw.,50,53,-3,0,0.4291344550332698,0.29229727828898083,4,3,7,137.5,"c(""Rob Rorke"", "" Shaun Seales"", "" Owen Shortt"")","Atlanta, GA",GSU Sports Arena,3854,1038,NA,NA,Troy,made,Kieffer Punter,NA,FALSE,TRUE,Troy,Troy,FALSE
401367484,2022-02-03,Georgia State,Troy,314,2,5:48,348,348,Kieffer Punter made Free Throw.,50,54,-4,0,0.3589016816369047,0.2352313844578284,4,3,7,137.5,"c(""Rob Rorke"", "" Shaun Seales"", "" Owen Shortt"")","Atlanta, GA",GSU Sports Arena,3854,1038,NA,NA,Troy,made,Kieffer Punter,NA,FALSE,TRUE,Troy,Georgia State,FALSE
401367484,2022-02-03,Georgia State,Troy,315,2,5:32,332,332,Justin Roberts made Three Point Jumper. Assisted by Corey Allen.,53,54,-1,16,0.570673076091853,0.42478376181025435,4,3,7,137.5,"c(""Rob Rorke"", "" Shaun Seales"", "" Owen Shortt"")","Atlanta, GA",GSU Sports Arena,3854,1038,NA,NA,Georgia State,made,Justin Roberts,Corey Allen,TRUE,FALSE,Georgia State,Troy,FALSE
401367484,2022-02-03,Georgia State,Troy,316,2,5:30,330,330,Technical Foul on Rifen Miguel.,53,54,-1,2,0.5700407260041082,0.42450018976063414,4,3,7,137.5,"c(""Rob Rorke"", "" Shaun Seales"", "" Owen Shortt"")","Atlanta, GA",GSU Sports Arena,3854,1038,NA,NA,NA,NA,NA,NA,NA,NA,Georgia State,Georgia State,FALSE
401367484,2022-02-03,Georgia State,Troy,317,2,5:30,330,330,Rifen Miguel Turnover.,53,54,-1,0,0.5700407260041082,0.42450018976063414,4,3,7,137.5,"c(""Rob Rorke"", "" Shaun Seales"", "" Owen Shortt"")","Atlanta, GA",GSU Sports Arena,3854,1038,NA,NA,NA,NA,NA,NA,NA,NA,Georgia State,Georgia State,FALSE
401367484,2022-02-03,Georgia State,Troy,318,2,5:30,330,330,Corey Allen missed Free Throw.,53,54,-1,0,0.5700407260041082,0.42450018976063414,4,3,7,137.5,"c(""Rob Rorke"", "" Shaun Seales"", "" Owen Shortt"")","Atlanta, GA",GSU Sports Arena,3854,1038,NA,NA,Georgia State,missed,Corey Allen,NA,FALSE,TRUE,Georgia State,Georgia State,FALSE
401367484,2022-02-03,Georgia State,Troy,319,2,5:30,330,330,Georgia State Offensive Rebound.,53,54,-1,0,0.5700407260041082,0.42450018976063414,4,3,7,137.5,"c(""Rob Rorke"", "" Shaun Seales"", "" Owen Shortt"")","Atlanta, GA",GSU Sports Arena,3854,1038,NA,NA,NA,NA,NA,NA,NA,NA,Georgia State,Georgia State,FALSE
401367484,2022-02-03,Georgia State,Troy,320,2,5:30,330,330,Corey Allen made Free Throw.,54,54,0,0,0.6425257955420874,0.5,4,3,7,137.5,"c(""Rob Rorke"", "" Shaun Seales"", "" Owen Shortt"")","Atlanta, GA",GSU Sports Arena,3854,1038,NA,NA,Georgia State,made,Corey Allen,NA,FALSE,TRUE,Georgia State,Georgia State,FALSE
401367484,2022-02-03,Georgia State,Troy,321,2,5:30,330,330,Georgia State  Timeout,54,54,0,0,0.6425257955420874,0.5,3,3,7,137.5,"c(""Rob Rorke"", "" Shaun Seales"", "" Owen Shortt"")","Atlanta, GA",GSU Sports Arena,3854,1038,NA,NA,NA,NA,NA,NA,NA,NA,Georgia State,Georgia State,FALSE
401367484,2022-02-03,Georgia State,Troy,322,2,5:19,319,319,Corey Allen made Jumper.,56,54,2,11,0.7686731105225953,0.6507695832514441,3,3,7,137.5,"c(""Rob Rorke"", "" Shaun Seales"", "" Owen Shortt"")","Atlanta, GA",GSU Sports Arena,3854,1038,NA,NA,Georgia State,made,Corey Allen,NA,FALSE,FALSE,Georgia State,Troy,FALSE
401367484,2022-02-03,Georgia State,Troy,323,2,4:52,292,292,Foul on Corey Allen.,56,54,2,27,0.7699149093765781,0.6568612901114437,3,3,7,137.5,"c(""Rob Rorke"", "" Shaun Seales"", "" Owen Shortt"")","Atlanta, GA",GSU Sports Arena,3854,1038,NA,NA,NA,NA,NA,NA,NA,NA,Troy,Troy,FALSE
401367484,2022-02-03,Georgia State,Troy,324,2,4:52,292,292,TK Smith made Free Throw.,56,55,1,0,0.7074769847478104,0.5804617123840752,3,3,7,137.5,"c(""Rob Rorke"", "" Shaun Seales"", "" Owen Shortt"")","Atlanta, GA",GSU Sports Arena,3854,1038,NA,NA,Troy,made,TK Smith,NA,FALSE,TRUE,Troy,Troy,FALSE
401367484,2022-02-03,Georgia State,Troy,325,2,4:52,292,292,TK Smith made Free Throw.,56,56,0,0,0.6361037082563212,0.5,3,3,7,137.5,"c(""Rob Rorke"", "" Shaun Seales"", "" Owen Shortt"")","Atlanta, GA",GSU Sports Arena,3854,1038,NA,NA,Troy,made,TK Smith,NA,FALSE,TRUE,Troy,Georgia State,FALSE
401367484,2022-02-03,Georgia State,Troy,326,2,4:34,274,274,Kane Williams Turnover.,56,56,0,18,0.6330499780029033,0.5,3,3,7,137.5,"c(""Rob Rorke"", "" Shaun Seales"", "" Owen Shortt"")","Atlanta, GA",GSU Sports Arena,3854,1038,NA,NA,NA,NA,NA,NA,NA,NA,Georgia State,Troy,FALSE
401367484,2022-02-03,Georgia State,Troy,327,2,4:34,274,274,TK Smith Steal.,56,56,0,0,0.6330499780029033,0.5,3,3,7,137.5,"c(""Rob Rorke"", "" Shaun Seales"", "" Owen Shortt"")","Atlanta, GA",GSU Sports Arena,3854,1038,NA,NA,NA,NA,NA,NA,NA,NA,Georgia State,Troy,FALSE
401367484,2022-02-03,Georgia State,Troy,328,2,4:29,269,269,Kieffer Punter made Three Point Jumper. Assisted by TK Smith.,56,59,-3,5,0.39577164615252247,0.2759272853511835,3,3,7,137.5,"c(""Rob Rorke"", "" Shaun Seales"", "" Owen Shortt"")","Atlanta, GA",GSU Sports Arena,3854,1038,NA,NA,Troy,made,Kieffer Punter,TK Smith,TRUE,FALSE,Troy,Georgia State,FALSE
401367484,2022-02-03,Georgia State,Troy,329,2,4:19,259,259,Foul on Efe Odigie.,56,59,-3,10,0.3961650682221153,0.2777477490331853,3,3,7,137.5,"c(""Rob Rorke"", "" Shaun Seales"", "" Owen Shortt"")","Atlanta, GA",GSU Sports Arena,3854,1038,NA,NA,NA,NA,NA,NA,NA,NA,Georgia State,Georgia State,FALSE
401367484,2022-02-03,Georgia State,Troy,330,2,4:19,259,259,Jalen Thomas made Free Throw.,57,59,-2,0,0.47429363687122444,0.3459007031631388,3,3,7,137.5,"c(""Rob Rorke"", "" Shaun Seales"", "" Owen Shortt"")","Atlanta, GA",GSU Sports Arena,3854,1038,NA,NA,Georgia State,made,Jalen Thomas,NA,FALSE,TRUE,Georgia State,Georgia State,FALSE
401367484,2022-02-03,Georgia State,Troy,331,2,4:19,259,259,Jalen Thomas made Free Throw.,58,59,-1,0,0.55370144896428,0.42102826004592814,3,3,7,137.5,"c(""Rob Rorke"", "" Shaun Seales"", "" Owen Shortt"")","Atlanta, GA",GSU Sports Arena,3854,1038,NA,NA,Georgia State,made,Jalen Thomas,NA,FALSE,TRUE,Georgia State,Troy,FALSE
401367484,2022-02-03,Georgia State,Troy,332,2,4:06,246,246,Duke Miles Turnover.,58,59,-1,13,0.5520812183899357,0.42184925893029623,3,3,7,137.5,"c(""Rob Rorke"", "" Shaun Seales"", "" Owen Shortt"")","Atlanta, GA",GSU Sports Arena,3854,1038,NA,NA,NA,NA,NA,NA,NA,NA,Troy,Georgia State,FALSE
401367484,2022-02-03,Georgia State,Troy,333,2,4:06,246,246,Ja'Heim Hudson Steal.,58,59,-1,0,0.5520812183899357,0.42184925893029623,3,3,7,137.5,"c(""Rob Rorke"", "" Shaun Seales"", "" Owen Shortt"")","Atlanta, GA",GSU Sports Arena,3854,1038,NA,NA,NA,NA,NA,NA,NA,NA,Troy,Georgia State,FALSE
401367484,2022-02-03,Georgia State,Troy,334,2,3:58,238,238,Justin Roberts Turnover.,58,59,-1,8,0.5507615214420989,0.4220817057879202,3,3,7,137.5,"c(""Rob Rorke"", "" Shaun Seales"", "" Owen Shortt"")","Atlanta, GA",GSU Sports Arena,3854,1038,NA,NA,NA,NA,NA,NA,NA,NA,Georgia State,Troy,FALSE
401367484,2022-02-03,Georgia State,Troy,335,2,3:58,238,238,Duke Miles Steal.,58,59,-1,0,0.5507615214420989,0.4220817057879202,3,3,7,137.5,"c(""Rob Rorke"", "" Shaun Seales"", "" Owen Shortt"")","Atlanta, GA",GSU Sports Arena,3854,1038,NA,NA,NA,NA,NA,NA,NA,NA,Georgia State,Troy,FALSE
401367484,2022-02-03,Georgia State,Troy,336,2,3:53,233,233,Duke Miles missed Layup.,58,59,-1,5,0.5497437502366032,0.42205829871452516,3,3,7,137.5,"c(""Rob Rorke"", "" Shaun Seales"", "" Owen Shortt"")","Atlanta, GA",GSU Sports Arena,3854,1038,NA,NA,Troy,missed,Duke Miles,NA,FALSE,FALSE,Troy,Troy,FALSE
401367484,2022-02-03,Georgia State,Troy,337,2,3:48,228,228,Zay Williams Offensive Rebound.,58,59,-1,5,0.5485411487267824,0.4218715441721414,3,3,7,137.5,"c(""Rob Rorke"", "" Shaun Seales"", "" Owen Shortt"")","Atlanta, GA",GSU Sports Arena,3854,1038,NA,NA,NA,NA,NA,NA,NA,NA,Troy,Troy,FALSE
401367484,2022-02-03,Georgia State,Troy,338,2,3:47,227,227,Foul on Jalen Thomas.,58,59,-1,1,0.5482757728600098,0.42181213268047,3,3,7,137.5,"c(""Rob Rorke"", "" Shaun Seales"", "" Owen Shortt"")","Atlanta, GA",GSU Sports Arena,3854,1038,NA,NA,NA,NA,NA,NA,NA,NA,Troy,Troy,FALSE
401367484,2022-02-03,Georgia State,Troy,339,2,3:47,227,227,Official TV Timeout,58,59,-1,0,0.5482757728600098,0.42181213268047,3,3,7,137.5,"c(""Rob Rorke"", "" Shaun Seales"", "" Owen Shortt"")","Atlanta, GA",GSU Sports Arena,3854,1038,NA,NA,NA,NA,NA,NA,NA,NA,Troy,Troy,FALSE
401367484,2022-02-03,Georgia State,Troy,340,2,3:47,227,227,Zay Williams made Free Throw.,58,60,-2,0,0.46962935993176,0.34735690353533666,3,3,7,137.5,"c(""Rob Rorke"", "" Shaun Seales"", "" Owen Shortt"")","Atlanta, GA",GSU Sports Arena,3854,1038,NA,NA,Troy,made,Zay Williams,NA,FALSE,TRUE,Troy,Troy,FALSE
401367484,2022-02-03,Georgia State,Troy,341,2,3:47,227,227,Zay Williams made Free Throw.,58,61,-3,0,0.3924629294234122,0.2796866528010404,3,3,7,137.5,"c(""Rob Rorke"", "" Shaun Seales"", "" Owen Shortt"")","Atlanta, GA",GSU Sports Arena,3854,1038,NA,NA,Troy,made,Zay Williams,NA,FALSE,TRUE,Troy,Georgia State,FALSE
401367484,2022-02-03,Georgia State,Troy,342,2,3:19,199,199,Justin Roberts missed Jumper.,58,61,-3,28,0.37014877689664816,0.26583044848136966,3,3,7,137.5,"c(""Rob Rorke"", "" Shaun Seales"", "" Owen Shortt"")","Atlanta, GA",GSU Sports Arena,3854,1038,NA,NA,Georgia State,missed,Justin Roberts,NA,FALSE,FALSE,Georgia State,Georgia State,FALSE
401367484,2022-02-03,Georgia State,Troy,343,2,3:16,196,196,Eliel Nsoseme Offensive Rebound.,58,61,-3,3,0.36610896827730677,0.2630082695378082,3,3,7,137.5,"c(""Rob Rorke"", "" Shaun Seales"", "" Owen Shortt"")","Atlanta, GA",GSU Sports Arena,3854,1038,NA,NA,NA,NA,NA,NA,NA,NA,Georgia State,Georgia State,FALSE
401367484,2022-02-03,Georgia State,Troy,344,2,3:15,195,195,Eliel Nsoseme made Jumper.,60,61,-1,1,0.5337700880512097,0.4145478036915785,3,3,7,137.5,"c(""Rob Rorke"", "" Shaun Seales"", "" Owen Shortt"")","Atlanta, GA",GSU Sports Arena,3854,1038,NA,NA,Georgia State,made,Eliel Nsoseme,NA,FALSE,FALSE,Georgia State,Troy,FALSE
401367484,2022-02-03,Georgia State,Troy,345,2,2:54,174,174,Zay Williams missed Jumper.,60,61,-1,21,0.517725064552612,0.40406109108268345,3,3,7,137.5,"c(""Rob Rorke"", "" Shaun Seales"", "" Owen Shortt"")","Atlanta, GA",GSU Sports Arena,3854,1038,NA,NA,Troy,missed,Zay Williams,NA,FALSE,FALSE,Troy,Georgia State,FALSE
401367484,2022-02-03,Georgia State,Troy,346,2,2:54,174,174,Eliel Nsoseme Block.,60,61,-1,0,0.517725064552612,0.40406109108268345,3,3,7,137.5,"c(""Rob Rorke"", "" Shaun Seales"", "" Owen Shortt"")","Atlanta, GA",GSU Sports Arena,3854,1038,NA,NA,NA,NA,NA,NA,NA,NA,Troy,Georgia State,FALSE
401367484,2022-02-03,Georgia State,Troy,347,2,2:54,174,174,Georgia State Defensive Rebound.,60,61,-1,0,0.517725064552612,0.40406109108268345,3,3,7,137.5,"c(""Rob Rorke"", "" Shaun Seales"", "" Owen Shortt"")","Atlanta, GA",GSU Sports Arena,3854,1038,NA,NA,NA,NA,NA,NA,NA,NA,Troy,Georgia State,FALSE
401367484,2022-02-03,Georgia State,Troy,348,2,2:35,155,155,Nelson Phillips missed Three Point Jumper.,60,61,-1,19,0.5019912190829788,0.3937055684347136,3,3,7,137.5,"c(""Rob Rorke"", "" Shaun Seales"", "" Owen Shortt"")","Atlanta, GA",GSU Sports Arena,3854,1038,NA,NA,Georgia State,missed,Nelson Phillips,NA,TRUE,FALSE,Georgia State,Troy,FALSE
401367484,2022-02-03,Georgia State,Troy,349,2,2:30,150,150,Duke Miles Defensive Rebound.,60,61,-1,5,0.497574752278499,0.39076769419509133,3,3,7,137.5,"c(""Rob Rorke"", "" Shaun Seales"", "" Owen Shortt"")","Atlanta, GA",GSU Sports Arena,3854,1038,NA,NA,NA,NA,NA,NA,NA,NA,Georgia State,Troy,FALSE
401367484,2022-02-03,Georgia State,Troy,350,2,2:15,135,135,TK Smith missed Three Point Jumper.,60,61,-1,15,0.4833913596039953,0.38120642819857803,3,3,7,137.5,"c(""Rob Rorke"", "" Shaun Seales"", "" Owen Shortt"")","Atlanta, GA",GSU Sports Arena,3854,1038,NA,NA,Troy,missed,TK Smith,NA,TRUE,FALSE,Troy,Georgia State,FALSE
401367484,2022-02-03,Georgia State,Troy,351,2,2:11,131,131,Nelson Phillips Defensive Rebound.,60,61,-1,4,0.47933529852119416,0.3784350903455454,3,3,7,137.5,"c(""Rob Rorke"", "" Shaun Seales"", "" Owen Shortt"")","Atlanta, GA",GSU Sports Arena,3854,1038,NA,NA,NA,NA,NA,NA,NA,NA,Troy,Georgia State,FALSE
401367484,2022-02-03,Georgia State,Troy,352,2,1:51,111,111,Corey Allen missed Three Point Jumper.,60,61,-1,20,0.456958986007786,0.3628670675457465,3,3,7,137.5,"c(""Rob Rorke"", "" Shaun Seales"", "" Owen Shortt"")","Atlanta, GA",GSU Sports Arena,3854,1038,NA,NA,Georgia State,missed,Corey Allen,NA,TRUE,FALSE,Georgia State,Georgia State,FALSE
401367484,2022-02-03,Georgia State,Troy,353,2,1:46,106,106,Justin Roberts Offensive Rebound.,60,61,-1,5,0.45075239477621376,0.35847400185149225,3,3,7,137.5,"c(""Rob Rorke"", "" Shaun Seales"", "" Owen Shortt"")","Atlanta, GA",GSU Sports Arena,3854,1038,NA,NA,NA,NA,NA,NA,NA,NA,Georgia State,Georgia State,FALSE
401367484,2022-02-03,Georgia State,Troy,354,2,1:42,102,102,Nelson Phillips missed Jumper.,60,61,-1,4,0.44559280533153484,0.35480061543056896,3,3,7,137.5,"c(""Rob Rorke"", "" Shaun Seales"", "" Owen Shortt"")","Atlanta, GA",GSU Sports Arena,3854,1038,NA,NA,Georgia State,missed,Nelson Phillips,NA,FALSE,FALSE,Georgia State,Troy,FALSE
401367484,2022-02-03,Georgia State,Troy,355,2,1:39,99,99,Efe Odigie Defensive Rebound.,60,61,-1,3,0.44160581791594977,0.35194970019123467,3,3,7,137.5,"c(""Rob Rorke"", "" Shaun Seales"", "" Owen Shortt"")","Atlanta, GA",GSU Sports Arena,3854,1038,NA,NA,NA,NA,NA,NA,NA,NA,Georgia State,Troy,FALSE
401367484,2022-02-03,Georgia State,Troy,356,2,1:12,72,72,Duke Miles missed Jumper.,60,61,-1,27,0.40301971883304544,0.3242055656984702,3,3,7,137.5,"c(""Rob Rorke"", "" Shaun Seales"", "" Owen Shortt"")","Atlanta, GA",GSU Sports Arena,3854,1038,NA,NA,Troy,missed,Duke Miles,NA,FALSE,FALSE,Troy,Georgia State,FALSE
401367484,2022-02-03,Georgia State,Troy,357,2,1:09,69,69,Eliel Nsoseme Defensive Rebound.,60,61,-1,3,0.3984150699567159,0.3208775008249467,3,3,7,137.5,"c(""Rob Rorke"", "" Shaun Seales"", "" Owen Shortt"")","Atlanta, GA",GSU Sports Arena,3854,1038,NA,NA,NA,NA,NA,NA,NA,NA,Troy,Georgia State,FALSE
401367484,2022-02-03,Georgia State,Troy,358,2,1:04,64,64,Georgia State  Timeout,60,61,-1,5,0.3906547645230723,0.3152677899690926,2,3,7,137.5,"c(""Rob Rorke"", "" Shaun Seales"", "" Owen Shortt"")","Atlanta, GA",GSU Sports Arena,3854,1038,NA,NA,NA,NA,NA,NA,NA,NA,Georgia State,Georgia State,FALSE
401367484,2022-02-03,Georgia State,Troy,359,2,0:55,55,55,Corey Allen missed Jumper.,60,61,-1,9,0.376400992808282,0.30495728451128856,2,3,7,137.5,"c(""Rob Rorke"", "" Shaun Seales"", "" Owen Shortt"")","Atlanta, GA",GSU Sports Arena,3854,1038,NA,NA,Georgia State,missed,Corey Allen,NA,FALSE,FALSE,Georgia State,Troy,FALSE
401367484,2022-02-03,Georgia State,Troy,360,2,0:55,55,55,TK Smith Block.,60,61,-1,0,0.376400992808282,0.30495728451128856,2,3,7,137.5,"c(""Rob Rorke"", "" Shaun Seales"", "" Owen Shortt"")","Atlanta, GA",GSU Sports Arena,3854,1038,NA,NA,NA,NA,NA,NA,NA,NA,Georgia State,Troy,FALSE
401367484,2022-02-03,Georgia State,Troy,361,2,0:50,50,50,Efe Odigie Defensive Rebound.,60,61,-1,5,0.3683052863211232,0.2990936666093559,2,3,7,137.5,"c(""Rob Rorke"", "" Shaun Seales"", "" Owen Shortt"")","Atlanta, GA",GSU Sports Arena,3854,1038,NA,NA,NA,NA,NA,NA,NA,NA,Georgia State,Troy,FALSE
401367484,2022-02-03,Georgia State,Troy,362,2,0:50,50,50,Foul on Justin Roberts.,60,61,-1,0,0.3683052863211232,0.2990936666093559,2,3,7,137.5,"c(""Rob Rorke"", "" Shaun Seales"", "" Owen Shortt"")","Atlanta, GA",GSU Sports Arena,3854,1038,NA,NA,NA,NA,NA,NA,NA,NA,Georgia State,Troy,FALSE
401367484,2022-02-03,Georgia State,Troy,363,2,0:50,50,50,Duke Miles made Free Throw.,60,62,-2,0,0.19923036801515934,0.1540432357046786,2,3,7,137.5,"c(""Rob Rorke"", "" Shaun Seales"", "" Owen Shortt"")","Atlanta, GA",GSU Sports Arena,3854,1038,NA,NA,Troy,made,Duke Miles,NA,FALSE,TRUE,Troy,Troy,FALSE
401367484,2022-02-03,Georgia State,Troy,364,2,0:50,50,50,Duke Miles missed Free Throw.,60,62,-2,0,0.19923036801515934,0.1540432357046786,2,3,7,137.5,"c(""Rob Rorke"", "" Shaun Seales"", "" Owen Shortt"")","Atlanta, GA",GSU Sports Arena,3854,1038,NA,NA,Troy,missed,Duke Miles,NA,FALSE,TRUE,Troy,Georgia State,FALSE
401367484,2022-02-03,Georgia State,Troy,365,2,0:49,49,49,Eliel Nsoseme Defensive Rebound.,60,62,-2,1,0.19721246835145542,0.15257359501278667,2,3,7,137.5,"c(""Rob Rorke"", "" Shaun Seales"", "" Owen Shortt"")","Atlanta, GA",GSU Sports Arena,3854,1038,NA,NA,NA,NA,NA,NA,NA,NA,Troy,Georgia State,FALSE
401367484,2022-02-03,Georgia State,Troy,366,2,0:33,33,33,Justin Roberts missed Jumper.,60,62,-2,16,0.16563093937902168,0.12952038322582643,2,3,7,137.5,"c(""Rob Rorke"", "" Shaun Seales"", "" Owen Shortt"")","Atlanta, GA",GSU Sports Arena,3854,1038,NA,NA,Georgia State,missed,Justin Roberts,NA,FALSE,FALSE,Georgia State,Troy,FALSE
401367484,2022-02-03,Georgia State,Troy,367,2,0:31,31,31,Efe Odigie Defensive Rebound.,60,62,-2,2,0.16182184620957973,0.12673243147109603,2,3,7,137.5,"c(""Rob Rorke"", "" Shaun Seales"", "" Owen Shortt"")","Atlanta, GA",GSU Sports Arena,3854,1038,NA,NA,NA,NA,NA,NA,NA,NA,Georgia State,Troy,FALSE
401367484,2022-02-03,Georgia State,Troy,368,2,0:29,29,29,Efe Odigie Turnover.,60,62,-2,2,0.1580546218987203,0.12397336836133516,2,3,7,137.5,"c(""Rob Rorke"", "" Shaun Seales"", "" Owen Shortt"")","Atlanta, GA",GSU Sports Arena,3854,1038,NA,NA,NA,NA,NA,NA,NA,NA,Troy,Georgia State,FALSE
401367484,2022-02-03,Georgia State,Troy,369,2,0:29,29,29,Kane Williams Steal.,60,62,-2,0,0.1580546218987203,0.12397336836133516,2,3,7,137.5,"c(""Rob Rorke"", "" Shaun Seales"", "" Owen Shortt"")","Atlanta, GA",GSU Sports Arena,3854,1038,NA,NA,NA,NA,NA,NA,NA,NA,Troy,Georgia State,FALSE
401367484,2022-02-03,Georgia State,Troy,370,2,0:27,27,27,Foul on Efe Odigie.,60,62,-2,2,0.1543321151625793,0.12124526174094326,2,3,7,137.5,"c(""Rob Rorke"", "" Shaun Seales"", "" Owen Shortt"")","Atlanta, GA",GSU Sports Arena,3854,1038,NA,NA,NA,NA,NA,NA,NA,NA,Georgia State,Georgia State,FALSE
401367484,2022-02-03,Georgia State,Troy,371,2,0:27,27,27,Troy  Timeout,60,62,-2,0,0.1543321151625793,0.12124526174094326,2,2,7,137.5,"c(""Rob Rorke"", "" Shaun Seales"", "" Owen Shortt"")","Atlanta, GA",GSU Sports Arena,3854,1038,NA,NA,NA,NA,NA,NA,NA,NA,Georgia State,Georgia State,FALSE
401367484,2022-02-03,Georgia State,Troy,372,2,0:27,27,27,Eliel Nsoseme missed Free Throw.,60,62,-2,0,0.1543321151625793,0.12124526174094326,2,2,7,137.5,"c(""Rob Rorke"", "" Shaun Seales"", "" Owen Shortt"")","Atlanta, GA",GSU Sports Arena,3854,1038,NA,NA,Georgia State,missed,Eliel Nsoseme,NA,FALSE,TRUE,Georgia State,Georgia State,FALSE
401367484,2022-02-03,Georgia State,Troy,373,2,0:27,27,27,Georgia State Offensive Rebound.,60,62,-2,0,0.1543321151625793,0.12124526174094326,2,2,7,137.5,"c(""Rob Rorke"", "" Shaun Seales"", "" Owen Shortt"")","Atlanta, GA",GSU Sports Arena,3854,1038,NA,NA,NA,NA,NA,NA,NA,NA,Georgia State,Georgia State,FALSE
401367484,2022-02-03,Georgia State,Troy,374,2,0:27,27,27,Eliel Nsoseme missed Free Throw.,60,62,-2,0,0.1543321151625793,0.12124526174094326,2,2,7,137.5,"c(""Rob Rorke"", "" Shaun Seales"", "" Owen Shortt"")","Atlanta, GA",GSU Sports Arena,3854,1038,NA,NA,Georgia State,missed,Eliel Nsoseme,NA,FALSE,TRUE,Georgia State,Georgia State,FALSE
401367484,2022-02-03,Georgia State,Troy,375,2,0:26,26,26,Efe Odigie Defensive Rebound.,60,62,-2,1,0.15248847046382846,0.11989342621129277,2,2,7,137.5,"c(""Rob Rorke"", "" Shaun Seales"", "" Owen Shortt"")","Atlanta, GA",GSU Sports Arena,3854,1038,NA,NA,NA,NA,NA,NA,NA,NA,Georgia State,Troy,FALSE
401367484,2022-02-03,Georgia State,Troy,376,2,0:21,21,21,Foul on Jalen Thomas.,60,62,-2,5,0.14344036071583183,0.11325087081777614,2,2,7,137.5,"c(""Rob Rorke"", "" Shaun Seales"", "" Owen Shortt"")","Atlanta, GA",GSU Sports Arena,3854,1038,NA,NA,NA,NA,NA,NA,NA,NA,Troy,Troy,FALSE
401367484,2022-02-03,Georgia State,Troy,377,2,0:20,20,20,Duke Miles missed Free Throw.,60,62,-2,1,0.14165189921636467,0.11193535250918163,2,2,7,137.5,"c(""Rob Rorke"", "" Shaun Seales"", "" Owen Shortt"")","Atlanta, GA",GSU Sports Arena,3854,1038,NA,NA,Troy,missed,Duke Miles,NA,FALSE,TRUE,Troy,Troy,FALSE
401367484,2022-02-03,Georgia State,Troy,378,2,0:20,20,20,Troy Offensive Rebound.,60,62,-2,0,0.14165189921636467,0.11193535250918163,2,2,7,137.5,"c(""Rob Rorke"", "" Shaun Seales"", "" Owen Shortt"")","Atlanta, GA",GSU Sports Arena,3854,1038,NA,NA,NA,NA,NA,NA,NA,NA,Troy,Troy,FALSE
401367484,2022-02-03,Georgia State,Troy,379,2,0:20,20,20,Duke Miles made Free Throw.,60,63,-3,0,0.055346821646764376,0.04283236356086821,2,2,7,137.5,"c(""Rob Rorke"", "" Shaun Seales"", "" Owen Shortt"")","Atlanta, GA",GSU Sports Arena,3854,1038,NA,NA,Troy,made,Duke Miles,NA,FALSE,TRUE,Troy,Georgia State,FALSE
401367484,2022-02-03,Georgia State,Troy,380,2,0:14,14,14,Kane Williams missed Layup.,60,63,-3,6,0.04890805176979953,0.03811563608747347,2,2,7,137.5,"c(""Rob Rorke"", "" Shaun Seales"", "" Owen Shortt"")","Atlanta, GA",GSU Sports Arena,3854,1038,NA,NA,Georgia State,missed,Kane Williams,NA,FALSE,FALSE,Georgia State,Troy,FALSE
401367484,2022-02-03,Georgia State,Troy,381,2,0:13,13,13,Zay Williams Defensive Rebound.,60,63,-3,1,0.0478842303851024,0.03736259821483322,2,2,7,137.5,"c(""Rob Rorke"", "" Shaun Seales"", "" Owen Shortt"")","Atlanta, GA",GSU Sports Arena,3854,1038,NA,NA,NA,NA,NA,NA,NA,NA,Georgia State,Troy,FALSE
401367484,2022-02-03,Georgia State,Troy,382,2,0:13,13,13,Foul on Eliel Nsoseme.,60,63,-3,0,0.0478842303851024,0.03736259821483322,2,2,7,137.5,"c(""Rob Rorke"", "" Shaun Seales"", "" Owen Shortt"")","Atlanta, GA",GSU Sports Arena,3854,1038,NA,NA,NA,NA,NA,NA,NA,NA,Georgia State,Troy,FALSE
401367484,2022-02-03,Georgia State,Troy,383,2,0:13,13,13,Zay Williams made Free Throw.,60,64,-4,0,0.016742796660250372,0.012970672914026048,2,2,7,137.5,"c(""Rob Rorke"", "" Shaun Seales"", "" Owen Shortt"")","Atlanta, GA",GSU Sports Arena,3854,1038,NA,NA,Troy,made,Zay Williams,NA,FALSE,TRUE,Troy,Troy,FALSE
401367484,2022-02-03,Georgia State,Troy,384,2,0:13,13,13,Zay Williams made Free Throw.,60,65,-5,0,0.005732213369096284,0.004429579985048784,2,2,7,137.5,"c(""Rob Rorke"", "" Shaun Seales"", "" Owen Shortt"")","Atlanta, GA",GSU Sports Arena,3854,1038,NA,NA,Troy,made,Zay Williams,NA,FALSE,TRUE,Troy,Georgia State,FALSE
401367484,2022-02-03,Georgia State,Troy,385,2,0:07,7,7,Justin Roberts made Three Point Jumper.,63,65,-2,6,0.11914950939586355,0.09530010998320411,2,2,7,137.5,"c(""Rob Rorke"", "" Shaun Seales"", "" Owen Shortt"")","Atlanta, GA",GSU Sports Arena,3854,1038,NA,NA,Georgia State,made,Justin Roberts,NA,TRUE,FALSE,Georgia State,Troy,FALSE
401367484,2022-02-03,Georgia State,Troy,386,2,0:06,6,6,Georgia State  Timeout,63,65,-2,1,0.1174954553263242,0.09407117343194349,1,2,7,137.5,"c(""Rob Rorke"", "" Shaun Seales"", "" Owen Shortt"")","Atlanta, GA",GSU Sports Arena,3854,1038,NA,NA,NA,NA,NA,NA,NA,NA,Troy,Troy,FALSE
401367484,2022-02-03,Georgia State,Troy,387,2,0:04,4,4,Foul on Jalen Thomas.,63,65,-2,2,0.1142278144419144,0.09164079872259245,1,2,7,137.5,"c(""Rob Rorke"", "" Shaun Seales"", "" Owen Shortt"")","Atlanta, GA",GSU Sports Arena,3854,1038,NA,NA,NA,NA,NA,NA,NA,NA,Troy,Troy,FALSE
401367484,2022-02-03,Georgia State,Troy,388,2,0:04,4,4,Efe Odigie made Free Throw.,63,66,-3,0,0.03934877291287145,0.03104907390872038,1,2,7,137.5,"c(""Rob Rorke"", "" Shaun Seales"", "" Owen Shortt"")","Atlanta, GA",GSU Sports Arena,3854,1038,NA,NA,Troy,made,Efe Odigie,NA,FALSE,TRUE,Troy,Troy,FALSE
401367484,2022-02-03,Georgia State,Troy,389,2,0:04,4,4,Efe Odigie made Free Throw.,63,67,-4,0,0.01284302398349103,0.010075453092990712,1,2,7,137.5,"c(""Rob Rorke"", "" Shaun Seales"", "" Owen Shortt"")","Atlanta, GA",GSU Sports Arena,3854,1038,NA,NA,Troy,made,Efe Odigie,NA,FALSE,TRUE,Troy,Georgia State,FALSE
401367484,2022-02-03,Georgia State,Troy,390,2,0:03,3,3,Evan Johnson missed Three Point Jumper.,63,67,-4,1,0.012461410709970203,0.00979005763578412,1,2,7,137.5,"c(""Rob Rorke"", "" Shaun Seales"", "" Owen Shortt"")","Atlanta, GA",GSU Sports Arena,3854,1038,NA,NA,Georgia State,missed,Evan Johnson,NA,TRUE,FALSE,Georgia State,Georgia State,FALSE
401367484,2022-02-03,Georgia State,Troy,391,2,0:00,0,0,Justin Roberts Offensive Rebound.,63,67,-4,3,0,0,1,2,7,137.5,"c(""Rob Rorke"", "" Shaun Seales"", "" Owen Shortt"")","Atlanta, GA",GSU Sports Arena,3854,1038,NA,NA,NA,NA,NA,NA,NA,NA,Georgia State,Georgia State,FALSE
401367484,2022-02-03,Georgia State,Troy,392,2,0:00,0,0,End of 2nd half,63,67,-4,0,0,0,1,2,7,137.5,"c(""Rob Rorke"", "" Shaun Seales"", "" Owen Shortt"")","Atlanta, GA",GSU Sports Arena,3854,1038,NA,NA,NA,NA,NA,NA,NA,NA,Georgia State,NA,FALSE
401367484,2022-02-03,Georgia State,Troy,393,2,0:00,0,0,End of Game,63,67,-4,0,0,0,1,2,7,137.5,"c(""Rob Rorke"", "" Shaun Seales"", "" Owen Shortt"")","Atlanta, GA",GSU Sports Arena,3854,1038,NA,NA,NA,NA,NA,NA,NA,NA,Georgia State,NA,FALSE
