play_id,half,time_remaining_half,secs_remaining,secs_remaining_absolute,description,home_score,away_score,score_diff,play_length,win_prob,naive_win_prob,home,away,home_time_out_remaining,away_time_out_remaining,home_favored_by,game_id,date
1,1,20:00,2400,2400,PLAY,0,0,0,13,0.5,0.5,Pennsylvania,Columbia,6,6,NA,280680219,2008-03-08
2,1,19:47,2387,2387,Jack Eggleston missed Two Point Jumper.,0,0,0,0,0.5,0.5,Pennsylvania,Columbia,6,6,NA,280680219,2008-03-08
3,1,19:47,2387,2387,Mack Montgomery Defensive Rebound.,0,0,0,20,0.5,0.5,Pennsylvania,Columbia,6,6,NA,280680219,2008-03-08
4,1,19:27,2367,2367,Foul on Ben Nwachukwu,0,0,0,15,0.5,0.5,Pennsylvania,Columbia,6,6,NA,280680219,2008-03-08
5,1,19:12,2352,2352,Brian Grandieri missed Two Point Jumper.,0,0,0,0,0.5,0.5,Pennsylvania,Columbia,6,6,NA,280680219,2008-03-08
6,1,19:12,2352,2352,Michael Kach Offensive Rebound.,0,0,0,4,0.5,0.5,Pennsylvania,Columbia,6,6,NA,280680219,2008-03-08
7,1,19:08,2348,2348,Mack Montgomery Steal.,0,0,0,19,0.5,0.5,Pennsylvania,Columbia,6,6,NA,280680219,2008-03-08
8,1,18:49,2329,2329,Andreas Schreiber missed Two Point Jumper.,0,0,0,0,0.5,0.5,Pennsylvania,Columbia,6,6,NA,280680219,2008-03-08
9,1,18:49,2329,2329,Niko Scott Defensive Rebound.,0,0,0,6,0.5,0.5,Pennsylvania,Columbia,6,6,NA,280680219,2008-03-08
10,1,18:43,2323,2323,John Baumann made Three Point Jumper.  Assisted by Brett Loscalzo.,0,3,-3,18,0.43171862249927173,0.43171862249927173,Pennsylvania,Columbia,6,6,NA,280680219,2008-03-08
11,1,18:25,2305,2305,Foul on Mack Montgomery,0,3,-3,2,0.4311291960698376,0.4311291960698376,Pennsylvania,Columbia,6,6,NA,280680219,2008-03-08
12,1,18:23,2303,2303,Brian Grandieri missed Two Point Jumper.,0,3,-3,0,0.4310633909148448,0.4310633909148448,Pennsylvania,Columbia,6,6,NA,280680219,2008-03-08
13,1,18:23,2303,2303,Niko Scott Defensive Rebound.,0,3,-3,23,0.4310633909148448,0.4310633909148448,Pennsylvania,Columbia,6,6,NA,280680219,2008-03-08
14,1,18:00,2280,2280,Mack Montgomery missed Three Point Jumper.,0,3,-3,0,0.43030245194360445,0.43030245194360445,Pennsylvania,Columbia,6,6,NA,280680219,2008-03-08
15,1,18:00,2280,2280,Jack Eggleston Defensive Rebound.,0,3,-3,20,0.43030245194360445,0.43030245194360445,Pennsylvania,Columbia,6,6,NA,280680219,2008-03-08
16,1,17:40,2260,2260,Foul on Jack Eggleston,0,3,-3,16,0.4296350218399352,0.4296350218399352,Pennsylvania,Columbia,6,6,NA,280680219,2008-03-08
17,1,17:24,2244,2244,Brett Loscalzo made Three Point Jumper.  Assisted by Niko Scott.,0,6,-6,21,0.36099062937068926,0.36099062937068926,Pennsylvania,Columbia,6,6,NA,280680219,2008-03-08
18,1,17:03,2223,2223,Brian Grandieri missed Two Point Jumper.,0,6,-6,0,0.35965566493358475,0.35965566493358475,Pennsylvania,Columbia,6,6,NA,280680219,2008-03-08
19,1,17:03,2223,2223,Niko Scott Defensive Rebound.,0,6,-6,13,0.35965566493358475,0.35965566493358475,Pennsylvania,Columbia,6,6,NA,280680219,2008-03-08
20,1,16:50,2210,2210,Ben Nwachukwu missed Two Point Jumper.,0,6,-6,0,0.3588263224278848,0.3588263224278848,Pennsylvania,Columbia,6,6,NA,280680219,2008-03-08
21,1,16:50,2210,2210,Jack Eggleston Defensive Rebound.,0,6,-6,38,0.3588263224278848,0.3588263224278848,Pennsylvania,Columbia,6,6,NA,280680219,2008-03-08
22,1,16:12,2172,2172,Harrison Gaines made Three Point Jumper.,3,6,-3,20,0.4266511374356508,0.4266511374356508,Pennsylvania,Columbia,6,6,NA,280680219,2008-03-08
23,1,15:52,2152,2152,Official TV Timeout.,3,6,-3,11,0.4259648273179891,0.4259648273179891,Pennsylvania,Columbia,6,6,NA,280680219,2008-03-08
24,1,15:41,2141,2141,Foul on Jack Eggleston,3,6,-3,4,0.42558548116383255,0.42558548116383255,Pennsylvania,Columbia,6,6,NA,280680219,2008-03-08
25,1,15:37,2137,2137,Mack Montgomery made Two Point Jumper.,3,8,-5,14,0.3773639646653909,0.3773639646653909,Pennsylvania,Columbia,6,6,NA,280680219,2008-03-08
26,1,15:23,2123,2123,Tyler Bernardini made Three Point Jumper.  Assisted by Harrison Gaines.,6,8,-2,20,0.44976376569079485,0.44976376569079485,Pennsylvania,Columbia,6,6,NA,280680219,2008-03-08
27,1,15:03,2103,2103,Foul on Brett Loscalzo,6,8,-2,13,0.4492924880609492,0.4492924880609492,Pennsylvania,Columbia,6,6,NA,280680219,2008-03-08
28,1,14:50,2090,2090,Andreas Schreiber missed Three Point Jumper.,6,8,-2,0,0.4489841447739192,0.4489841447739192,Pennsylvania,Columbia,6,6,NA,280680219,2008-03-08
29,1,14:50,2090,2090,John Baumann Defensive Rebound.,6,8,-2,14,0.4489841447739192,0.4489841447739192,Pennsylvania,Columbia,6,6,NA,280680219,2008-03-08
30,1,14:36,2076,2076,Andreas Schreiber Steal.,6,8,-2,2,0.44865020993472177,0.44865020993472177,Pennsylvania,Columbia,6,6,NA,280680219,2008-03-08
31,1,14:34,2074,2074,Andreas Schreiber made Two Point Layup.,8,8,0,15,0.5,0.5,Pennsylvania,Columbia,6,6,NA,280680219,2008-03-08
32,1,14:19,2059,2059,Justin Reilly Steal.,8,8,0,29,0.5,0.5,Pennsylvania,Columbia,6,6,NA,280680219,2008-03-08
33,1,13:50,2030,2030,Brian Grandieri missed Two Point Jumper.,8,8,0,0,0.5,0.5,Pennsylvania,Columbia,6,6,NA,280680219,2008-03-08
34,1,13:50,2030,2030,Ben Nwachukwu Defensive Rebound.,8,8,0,14,0.5,0.5,Pennsylvania,Columbia,6,6,NA,280680219,2008-03-08
35,1,13:36,2016,2016,Ben Nwachukwu made Two Point Layup.  Assisted by Niko Scott.,8,10,-2,0,0.4471949062446377,0.4471949062446377,Pennsylvania,Columbia,6,6,NA,280680219,2008-03-08
36,1,13:36,2016,2016,Foul on Justin Reilly,8,10,-2,0,0.4471949062446377,0.4471949062446377,Pennsylvania,Columbia,6,6,NA,280680219,2008-03-08
37,1,13:36,2016,2016,Ben Nwachukwu made Free Throw.,8,11,-3,27,0.421159234210312,0.421159234210312,Pennsylvania,Columbia,6,6,NA,280680219,2008-03-08
38,1,13:09,1989,1989,Foul on Mack Montgomery,8,11,-3,3,0.42016984149557385,0.42016984149557385,Pennsylvania,Columbia,6,6,NA,280680219,2008-03-08
39,1,13:06,1986,1986,Tyler Bernardini missed Three Point Jumper.,8,11,-3,0,0.42005906530568393,0.42005906530568393,Pennsylvania,Columbia,6,6,NA,280680219,2008-03-08
40,1,13:06,1986,1986,Kevin Bulger Defensive Rebound.,8,11,-3,12,0.42005906530568393,0.42005906530568393,Pennsylvania,Columbia,6,6,NA,280680219,2008-03-08
41,1,12:54,1974,1974,John Baumann missed Three Point Jumper.,8,11,-3,0,0.41961421237485375,0.41961421237485375,Pennsylvania,Columbia,6,6,NA,280680219,2008-03-08
42,1,12:54,1974,1974,Brian Grandieri Defensive Rebound.,8,11,-3,17,0.41961421237485375,0.41961421237485375,Pennsylvania,Columbia,6,6,NA,280680219,2008-03-08
43,1,12:37,1957,1957,Foul on John Baumann,8,11,-3,25,0.41897908932055017,0.41897908932055017,Pennsylvania,Columbia,6,6,NA,280680219,2008-03-08
44,1,12:12,1932,1932,K.J. Matsui Steal.,8,11,-3,3,0.4180341629761097,0.4180341629761097,Pennsylvania,Columbia,6,6,NA,280680219,2008-03-08
45,1,12:09,1929,1929,Brett Loscalzo missed Three Point Jumper.,8,11,-3,0,0.4179198831102903,0.4179198831102903,Pennsylvania,Columbia,6,6,NA,280680219,2008-03-08
46,1,12:09,1929,1929,Kevin Bulger Offensive Rebound.,8,11,-3,11,0.4179198831102903,0.4179198831102903,Pennsylvania,Columbia,6,6,NA,280680219,2008-03-08
47,1,11:58,1918,1918,Foul on Cameron Lewis,8,11,-3,0,0.4175012317318061,0.4175012317318061,Pennsylvania,Columbia,6,6,NA,280680219,2008-03-08
48,1,11:58,1918,1918,Official TV Timeout.,8,11,-3,0,0.4175012317318061,0.4175012317318061,Pennsylvania,Columbia,6,6,NA,280680219,2008-03-08
49,1,11:58,1918,1918,John Baumann made Free Throw.,8,12,-4,0,0.3907757004918583,0.3907757004918583,Pennsylvania,Columbia,6,6,NA,280680219,2008-03-08
50,1,11:58,1918,1918,John Baumann made Free Throw.,8,13,-5,19,0.3646898680622937,0.3646898680622937,Pennsylvania,Columbia,6,6,NA,280680219,2008-03-08
51,1,11:39,1899,1899,Cameron Lewis made Two Point Layup.  Assisted by Tyler Bernardini.,10,13,-3,17,0.4167796147945738,0.4167796147945738,Pennsylvania,Columbia,6,6,NA,280680219,2008-03-08
52,1,11:22,1882,1882,John Baumann missed Two Point Jumper.,10,13,-3,0,0.4161344881985581,0.4161344881985581,Pennsylvania,Columbia,6,6,NA,280680219,2008-03-08
53,1,11:22,1882,1882,Cameron Lewis Defensive Rebound.,10,13,-3,12,0.4161344881985581,0.4161344881985581,Pennsylvania,Columbia,6,6,NA,280680219,2008-03-08
54,1,11:10,1870,1870,Cameron Lewis missed Two Point Jumper.,10,13,-3,0,0.4156787752364393,0.4156787752364393,Pennsylvania,Columbia,6,6,NA,280680219,2008-03-08
55,1,11:10,1870,1870,John Baumann Defensive Rebound.,10,13,-3,19,0.4156787752364393,0.4156787752364393,Pennsylvania,Columbia,6,6,NA,280680219,2008-03-08
56,1,10:51,1851,1851,John Baumann made Two Point Layup.  Assisted by Kevin Bulger.,10,15,-5,25,0.36065394044912163,0.36065394044912163,Pennsylvania,Columbia,6,6,NA,280680219,2008-03-08
57,1,10:26,1826,1826,Kevin Egee made Three Point Jumper.,13,15,-2,17,0.44234770370639437,0.44234770370639437,Pennsylvania,Columbia,6,6,NA,280680219,2008-03-08
58,1,10:09,1809,1809,John Baumann missed Two Point Layup.,13,15,-2,0,0.4419031096968457,0.4419031096968457,Pennsylvania,Columbia,6,6,NA,280680219,2008-03-08
59,1,10:09,1809,1809,Pennsylvania Defensive Rebound.,13,15,-2,24,0.4419031096968457,0.4419031096968457,Pennsylvania,Columbia,6,6,NA,280680219,2008-03-08
60,1,9:45,1785,1785,Conor Turley missed Three Point Jumper.,13,15,-2,0,0.4412688230344889,0.4412688230344889,Pennsylvania,Columbia,6,6,NA,280680219,2008-03-08
61,1,9:45,1785,1785,Kashif Sweet Defensive Rebound.,13,15,-2,13,0.4412688230344889,0.4412688230344889,Pennsylvania,Columbia,6,6,NA,280680219,2008-03-08
62,1,9:32,1772,1772,Cameron Lewis Steal.,13,15,-2,15,0.4409213505687559,0.4409213505687559,Pennsylvania,Columbia,6,6,NA,280680219,2008-03-08
63,1,9:17,1757,1757,Conor Turley made Two Point Layup.,15,15,0,0,0.5,0.5,Pennsylvania,Columbia,6,6,NA,280680219,2008-03-08
64,1,9:17,1757,1757,Foul on Asenso Ampim,15,15,0,0,0.5,0.5,Pennsylvania,Columbia,6,6,NA,280680219,2008-03-08
65,1,9:17,1757,1757,Conor Turley made Free Throw.,16,15,1,21,0.5298477571267254,0.5298477571267254,Pennsylvania,Columbia,6,6,NA,280680219,2008-03-08
66,1,8:56,1736,1736,Harrison Gaines missed Two Point Jumper.,16,15,1,0,0.5301383369442181,0.5301383369442181,Pennsylvania,Columbia,6,6,NA,280680219,2008-03-08
67,1,8:56,1736,1736,Kevin Bulger Defensive Rebound.,16,15,1,8,0.5301383369442181,0.5301383369442181,Pennsylvania,Columbia,6,6,NA,280680219,2008-03-08
68,1,8:48,1728,1728,K.J. Matsui missed Three Point Jumper.,16,15,1,0,0.5302504338642642,0.5302504338642642,Pennsylvania,Columbia,6,6,NA,280680219,2008-03-08
69,1,8:48,1728,1728,Cameron Lewis Defensive Rebound.,16,15,1,25,0.5302504338642642,0.5302504338642642,Pennsylvania,Columbia,6,6,NA,280680219,2008-03-08
70,1,8:23,1703,1703,Ben Nwachukwu missed Two Point Jumper.,16,15,1,0,0.530606289923059,0.530606289923059,Pennsylvania,Columbia,6,6,NA,280680219,2008-03-08
71,1,8:23,1703,1703,Asenso Ampim Offensive Rebound.,16,15,1,3,0.530606289923059,0.530606289923059,Pennsylvania,Columbia,6,6,NA,280680219,2008-03-08
72,1,8:20,1700,1700,Asenso Ampim missed Two Point Layup.,16,15,1,0,0.5306495971050212,0.5306495971050212,Pennsylvania,Columbia,6,6,NA,280680219,2008-03-08
73,1,8:20,1700,1700,Ben Nwachukwu Offensive Rebound.,16,15,1,3,0.5306495971050212,0.5306495971050212,Pennsylvania,Columbia,6,6,NA,280680219,2008-03-08
74,1,8:17,1697,1697,Foul on Kevin Egee,16,15,1,0,0.5306930410155717,0.5306930410155717,Pennsylvania,Columbia,6,6,NA,280680219,2008-03-08
75,1,8:17,1697,1697,Ben Nwachukwu made Free Throw.,16,16,0,0,0.5,0.5,Pennsylvania,Columbia,6,6,NA,280680219,2008-03-08
76,1,8:17,1697,1697,Ben Nwachukwu made Free Throw.,16,17,-1,19,0.4693069589844283,0.4693069589844283,Pennsylvania,Columbia,6,6,NA,280680219,2008-03-08
77,1,7:58,1678,1678,Kevin Egee made Three Point Jumper.,19,17,2,11,0.5617006635932745,0.5617006635932745,Pennsylvania,Columbia,6,6,NA,280680219,2008-03-08
78,1,7:47,1667,1667,Ben Nwachukwu made Two Point Layup.  Assisted by Kevin Bulger.,19,19,0,19,0.5,0.5,Pennsylvania,Columbia,6,6,NA,280680219,2008-03-08
79,1,7:28,1648,1648,Cameron Lewis missed Two Point Layup.,19,19,0,0,0.5,0.5,Pennsylvania,Columbia,6,6,NA,280680219,2008-03-08
80,1,7:28,1648,1648,Ben Nwachukwu Defensive Rebound.,19,19,0,13,0.5,0.5,Pennsylvania,Columbia,6,6,NA,280680219,2008-03-08
81,1,7:15,1635,1635,Kashif Sweet made Two Point Layup.,19,21,-2,18,0.43711036391576624,0.43711036391576624,Pennsylvania,Columbia,6,6,NA,280680219,2008-03-08
82,1,6:57,1617,1617,Cameron Lewis missed Two Point Jumper.,19,21,-2,0,0.43662484900125687,0.43662484900125687,Pennsylvania,Columbia,6,6,NA,280680219,2008-03-08
83,1,6:57,1617,1617,Ben Nwachukwu Defensive Rebound.,19,21,-2,7,0.43662484900125687,0.43662484900125687,Pennsylvania,Columbia,6,6,NA,280680219,2008-03-08
84,1,6:50,1610,1610,Kevin Bulger missed Two Point Jumper.,19,21,-2,0,0.43643690375502325,0.43643690375502325,Pennsylvania,Columbia,6,6,NA,280680219,2008-03-08
85,1,6:50,1610,1610,Brian Grandieri Defensive Rebound.,19,21,-2,9,0.43643690375502325,0.43643690375502325,Pennsylvania,Columbia,6,6,NA,280680219,2008-03-08
86,1,6:41,1601,1601,Tyler Bernardini missed Three Point Jumper.,19,21,-2,0,0.43619552972440095,0.43619552972440095,Pennsylvania,Columbia,6,6,NA,280680219,2008-03-08
87,1,6:41,1601,1601,Kevin Egee Offensive Rebound.,19,21,-2,6,0.43619552972440095,0.43619552972440095,Pennsylvania,Columbia,6,6,NA,280680219,2008-03-08
88,1,6:35,1595,1595,Kevin Bulger Steal.,19,21,-2,19,0.4360346033793481,0.4360346033793481,Pennsylvania,Columbia,6,6,NA,280680219,2008-03-08
89,1,6:16,1576,1576,Foul on Cameron Lewis,19,21,-2,0,0.43552348972416444,0.43552348972416444,Pennsylvania,Columbia,6,6,NA,280680219,2008-03-08
90,1,6:16,1576,1576,Official TV Timeout.,19,21,-2,22,0.43552348972416444,0.43552348972416444,Pennsylvania,Columbia,6,6,NA,280680219,2008-03-08
91,1,5:54,1554,1554,Kevin Bulger made Two Point Layup.,19,23,-4,21,0.37201783992376386,0.37201783992376386,Pennsylvania,Columbia,6,6,NA,280680219,2008-03-08
92,1,5:33,1533,1533,Foul on Andreas Schreiber,19,23,-4,15,0.37090983033381036,0.37090983033381036,Pennsylvania,Columbia,6,6,NA,280680219,2008-03-08
93,1,5:18,1518,1518,Foul on K.J. Matsui,19,23,-4,17,0.37010031269564314,0.37010031269564314,Pennsylvania,Columbia,6,6,NA,280680219,2008-03-08
94,1,5:01,1501,1501,Brian Grandieri missed Three Point Jumper.,19,23,-4,0,0.369159772584476,0.369159772584476,Pennsylvania,Columbia,6,6,NA,280680219,2008-03-08
95,1,5:01,1501,1501,Kevin Egee Offensive Rebound.,19,23,-4,3,0.369159772584476,0.369159772584476,Pennsylvania,Columbia,6,6,NA,280680219,2008-03-08
96,1,4:58,1498,1498,Kevin Egee missed Two Point Jumper.,19,23,-4,0,0.36899089521606465,0.36899089521606465,Pennsylvania,Columbia,6,6,NA,280680219,2008-03-08
97,1,4:58,1498,1498,Andreas Schreiber Offensive Rebound.,19,23,-4,21,0.36899089521606465,0.36899089521606465,Pennsylvania,Columbia,6,6,NA,280680219,2008-03-08
98,1,4:37,1477,1477,Ben Nwachukwu made Two Point Jumper.,19,25,-6,13,0.3073318898585471,0.3073318898585471,Pennsylvania,Columbia,6,6,NA,280680219,2008-03-08
99,1,4:24,1464,1464,Kevin Egee made Three Point Jumper.  Assisted by Brian Grandieri.,22,25,-3,15,0.3991960595106533,0.3991960595106533,Pennsylvania,Columbia,6,6,NA,280680219,2008-03-08
100,1,4:09,1449,1449,John Baumann missed Two Point Jumper.,22,25,-3,0,0.39847998016061165,0.39847998016061165,Pennsylvania,Columbia,6,6,NA,280680219,2008-03-08
101,1,4:09,1449,1449,Kevin Egee Defensive Rebound.,22,25,-3,8,0.39847998016061165,0.39847998016061165,Pennsylvania,Columbia,6,6,NA,280680219,2008-03-08
102,1,4:01,1441,1441,Foul on Kevin Bulger,22,25,-3,0,0.3980964321682033,0.3980964321682033,Pennsylvania,Columbia,6,6,NA,280680219,2008-03-08
103,1,4:01,1441,1441,Brian Grandieri missed Free Throw.,22,25,-3,0,0.3980964321682033,0.3980964321682033,Pennsylvania,Columbia,6,6,NA,280680219,2008-03-08
104,1,4:01,1441,1441,null,22,25,-3,0,0.3980964321682033,0.3980964321682033,Pennsylvania,Columbia,6,6,NA,280680219,2008-03-08
105,1,4:01,1441,1441,Brian Grandieri made Free Throw.,23,25,-2,15,0.4315323360506565,0.4315323360506565,Pennsylvania,Columbia,6,6,NA,280680219,2008-03-08
106,1,3:46,1426,1426,Foul on Conor Turley,23,25,-2,0,0.4310531117022923,0.4310531117022923,Pennsylvania,Columbia,6,6,NA,280680219,2008-03-08
107,1,3:46,1426,1426,Official TV Timeout.,23,25,-2,0,0.4310531117022923,0.4310531117022923,Pennsylvania,Columbia,6,6,NA,280680219,2008-03-08
108,1,3:46,1426,1426,Ben Nwachukwu missed Free Throw.,23,25,-2,0,0.4310531117022923,0.4310531117022923,Pennsylvania,Columbia,6,6,NA,280680219,2008-03-08
109,1,3:46,1426,1426,Kevin Bulger Offensive Rebound.,23,25,-2,6,0.4310531117022923,0.4310531117022923,Pennsylvania,Columbia,6,6,NA,280680219,2008-03-08
110,1,3:40,1420,1420,Foul on Harrison Gaines,23,25,-2,0,0.4308650557154196,0.4308650557154196,Pennsylvania,Columbia,6,6,NA,280680219,2008-03-08
111,1,3:40,1420,1420,Ben Nwachukwu made Free Throw.,23,26,-3,0,0.3971189796612946,0.3971189796612946,Pennsylvania,Columbia,6,6,NA,280680219,2008-03-08
112,1,3:40,1420,1420,Ben Nwachukwu made Free Throw.,23,27,-4,20,0.36432404068248336,0.36432404068248336,Pennsylvania,Columbia,6,6,NA,280680219,2008-03-08
113,1,3:20,1400,1400,Kevin Bulger missed Two Point Jumper.,23,27,-4,0,0.3631624332966277,0.3631624332966277,Pennsylvania,Columbia,6,6,NA,280680219,2008-03-08
114,1,3:20,1400,1400,Justin Reilly Defensive Rebound.,23,27,-4,1,0.3631624332966277,0.3631624332966277,Pennsylvania,Columbia,6,6,NA,280680219,2008-03-08
115,1,3:19,1399,1399,Foul on Kevin Bulger,23,27,-4,1,0.3631050924051297,0.3631050924051297,Pennsylvania,Columbia,6,6,NA,280680219,2008-03-08
116,1,3:18,1398,1398,Justin Reilly made Free Throw.,24,27,-3,0,0.3961291507397776,0.3961291507397776,Pennsylvania,Columbia,6,6,NA,280680219,2008-03-08
117,1,3:18,1398,1398,Justin Reilly made Free Throw.,25,27,-2,10,0.43018901091808015,0.43018901091808015,Pennsylvania,Columbia,6,6,NA,280680219,2008-03-08
118,1,3:08,1388,1388,Kevin Egee Steal.,25,27,-2,15,0.4298867686542256,0.4298867686542256,Pennsylvania,Columbia,6,6,NA,280680219,2008-03-08
119,1,2:53,1373,1373,Kevin Egee made Two Point Layup.  Assisted by Justin Reilly.,27,27,0,0,0.5,0.5,Pennsylvania,Columbia,6,6,NA,280680219,2008-03-08
120,1,2:53,1373,1373,Foul on K.J. Matsui,27,27,0,0,0.5,0.5,Pennsylvania,Columbia,6,6,NA,280680219,2008-03-08
121,1,2:53,1373,1373,Kevin Egee made Free Throw.,28,27,1,16,0.5354592030530729,0.5354592030530729,Pennsylvania,Columbia,6,6,NA,280680219,2008-03-08
122,1,2:37,1357,1357,John Baumann missed Three Point Jumper.,28,27,1,0,0.5357026163874019,0.5357026163874019,Pennsylvania,Columbia,6,6,NA,280680219,2008-03-08
123,1,2:37,1357,1357,Ben Nwachukwu Offensive Rebound.,28,27,1,3,0.5357026163874019,0.5357026163874019,Pennsylvania,Columbia,6,6,NA,280680219,2008-03-08
124,1,2:34,1354,1354,Ben Nwachukwu made Two Point Jumper.,28,29,-1,38,0.4642516270003991,0.4642516270003991,Pennsylvania,Columbia,6,6,NA,280680219,2008-03-08
125,1,1:56,1316,1316,K.J. Matsui missed Three Point Jumper.,28,29,-1,0,0.4636616141633348,0.4636616141633348,Pennsylvania,Columbia,6,6,NA,280680219,2008-03-08
126,1,1:56,1316,1316,Ben Nwachukwu Offensive Rebound.,28,29,-1,2,0.4636616141633348,0.4636616141633348,Pennsylvania,Columbia,6,6,NA,280680219,2008-03-08
127,1,1:54,1314,1314,Ben Nwachukwu made Two Point Layup.,28,31,-3,17,0.39240471178580727,0.39240471178580727,Pennsylvania,Columbia,6,6,NA,280680219,2008-03-08
128,1,1:37,1297,1297,Foul on Niko Scott,28,31,-3,0,0.3916120160448172,0.3916120160448172,Pennsylvania,Columbia,6,6,NA,280680219,2008-03-08
129,1,1:37,1297,1297,Tyler Bernardini missed Free Throw.,28,31,-3,0,0.3916120160448172,0.3916120160448172,Pennsylvania,Columbia,6,6,NA,280680219,2008-03-08
130,1,1:37,1297,1297,null,28,31,-3,0,0.3916120160448172,0.3916120160448172,Pennsylvania,Columbia,6,6,NA,280680219,2008-03-08
131,1,1:37,1297,1297,Tyler Bernardini made Free Throw.,29,31,-2,12,0.42709972106994226,0.42709972106994226,Pennsylvania,Columbia,6,6,NA,280680219,2008-03-08
132,1,1:25,1285,1285,John Baumann missed Two Point Layup.,29,31,-2,2,0.4267048751797433,0.4267048751797433,Pennsylvania,Columbia,6,6,NA,280680219,2008-03-08
133,1,1:23,1283,1283,Brian Grandieri Defensive Rebound.,29,31,-2,6,0.42663797819554133,0.42663797819554133,Pennsylvania,Columbia,6,6,NA,280680219,2008-03-08
134,1,1:17,1277,1277,Foul on Niko Scott,29,31,-2,0,0.4264352665918207,0.4264352665918207,Pennsylvania,Columbia,6,6,NA,280680219,2008-03-08
135,1,1:17,1277,1277,Harrison Gaines made Free Throw.,30,31,-1,0,0.4630163914798652,0.4630163914798652,Pennsylvania,Columbia,6,6,NA,280680219,2008-03-08
136,1,1:17,1277,1277,Harrison Gaines made Free Throw.,31,31,0,25,0.5,0.5,Pennsylvania,Columbia,6,6,NA,280680219,2008-03-08
137,1,0:52,1252,1252,John Baumann missed Two Point Jumper.,31,31,0,0,0.5,0.5,Pennsylvania,Columbia,6,6,NA,280680219,2008-03-08
138,1,0:52,1252,1252,Brian Grandieri Defensive Rebound.,31,31,0,3,0.5,0.5,Pennsylvania,Columbia,6,6,NA,280680219,2008-03-08
139,1,0:49,1249,1249,Pennsylvania 30 Second Timeout.,31,31,0,7,0.5,0.5,Pennsylvania,Columbia,6,5,NA,280680219,2008-03-08
140,1,0:42,1242,1242,Tyler Bernardini missed Three Point Jumper.,31,31,0,0,0.5,0.5,Pennsylvania,Columbia,6,5,NA,280680219,2008-03-08
141,1,0:42,1242,1242,Kevin Bulger Defensive Rebound.,31,31,0,13,0.5,0.5,Pennsylvania,Columbia,6,5,NA,280680219,2008-03-08
142,1,0:29,1229,1229,Columbia 30 Second Timeout.,31,31,0,14,0.5,0.5,Pennsylvania,Columbia,6,4,NA,280680219,2008-03-08
143,1,0:15,1215,1215,Tyler Bernardini Steal.,31,31,0,2,0.5,0.5,Pennsylvania,Columbia,6,4,NA,280680219,2008-03-08
144,1,0:13,1213,1213,Brian Grandieri made Two Point Layup.  Assisted by Tyler Bernardini.,33,31,2,8,0.575966950153824,0.575966950153824,Pennsylvania,Columbia,6,4,NA,280680219,2008-03-08
145,1,0:05,1205,1205,Foul on Andreas Schreiber,33,31,2,0,0.5763021121086765,0.5763021121086765,Pennsylvania,Columbia,6,4,NA,280680219,2008-03-08
146,1,0:05,1205,1205,Kashif Sweet missed Free Throw.,33,31,2,0,0.5763021121086765,0.5763021121086765,Pennsylvania,Columbia,6,4,NA,280680219,2008-03-08
147,1,0:05,1205,1205,null,33,31,2,0,0.5763021121086765,0.5763021121086765,Pennsylvania,Columbia,6,4,NA,280680219,2008-03-08
148,1,0:05,1205,1205,Kashif Sweet made Free Throw.,33,32,1,5,0.5383757965642224,0.5383757965642224,Pennsylvania,Columbia,6,4,NA,280680219,2008-03-08
149,1,0:00,1200,1200,Harrison Gaines missed Three Point Jumper.,33,32,1,0,0.5384812553577752,0.5384812553577752,Pennsylvania,Columbia,6,4,NA,280680219,2008-03-08
150,1,0:00,1200,1200,null,33,32,1,0,0.5384812553577752,0.5384812553577752,Pennsylvania,Columbia,6,4,NA,280680219,2008-03-08
151,1,0:00,1200,1200,End of the 1st Half.,33,32,1,0,0.5384812553577752,0.5384812553577752,Pennsylvania,Columbia,6,4,NA,280680219,2008-03-08
152,2,20:00,1200,1200,PLAY,33,32,1,9,0.5384812553577752,0.5384812553577752,Pennsylvania,Columbia,6,4,NA,280680219,2008-03-08
153,2,19:51,1191,1191,Foul on Niko Scott,33,32,1,12,0.5386685001849195,0.5386685001849195,Pennsylvania,Columbia,6,4,NA,280680219,2008-03-08
154,2,19:39,1179,1179,Andreas Schreiber missed Two Point Jumper.,33,32,1,0,0.5389137399514871,0.5389137399514871,Pennsylvania,Columbia,6,4,NA,280680219,2008-03-08
155,2,19:39,1179,1179,John Baumann Defensive Rebound.,33,32,1,13,0.5389137399514871,0.5389137399514871,Pennsylvania,Columbia,6,4,NA,280680219,2008-03-08
156,2,19:26,1166,1166,Ben Nwachukwu made Two Point Layup.,33,34,-1,18,0.4608250329665845,0.4608250329665845,Pennsylvania,Columbia,6,4,NA,280680219,2008-03-08
157,2,19:08,1148,1148,Andreas Schreiber made Two Point Jumper.  Assisted by Brian Grandieri.,35,34,1,8,0.5395317425811988,0.5395317425811988,Pennsylvania,Columbia,6,4,NA,280680219,2008-03-08
158,2,19:00,1140,1140,John Baumann made Three Point Jumper.  Assisted by Kevin Bulger.,35,37,-2,31,0.4211182491416184,0.4211182491416184,Pennsylvania,Columbia,6,4,NA,280680219,2008-03-08
159,2,18:29,1109,1109,Foul on Kevin Bulger,35,37,-2,2,0.41991484328740397,0.41991484328740397,Pennsylvania,Columbia,6,4,NA,280680219,2008-03-08
160,2,18:27,1107,1107,Tyler Bernardini made Two Point Jumper.,37,37,0,26,0.5,0.5,Pennsylvania,Columbia,6,4,NA,280680219,2008-03-08
161,2,18:01,1081,1081,Foul on Ben Nwachukwu,37,37,0,11,0.5,0.5,Pennsylvania,Columbia,6,4,NA,280680219,2008-03-08
162,2,17:50,1070,1070,Tyler Bernardini missed Two Point Jumper.,37,37,0,0,0.5,0.5,Pennsylvania,Columbia,6,4,NA,280680219,2008-03-08
163,2,17:50,1070,1070,Ben Nwachukwu Defensive Rebound.,37,37,0,8,0.5,0.5,Pennsylvania,Columbia,6,4,NA,280680219,2008-03-08
164,2,17:42,1062,1062,Mack Montgomery made Three Point Jumper.  Assisted by Brett Loscalzo.,37,40,-3,30,0.3783779054819348,0.3783779054819348,Pennsylvania,Columbia,6,4,NA,280680219,2008-03-08
165,2,17:12,1032,1032,Jack Eggleston missed Two Point Layup.,37,40,-3,0,0.3764573673210853,0.3764573673210853,Pennsylvania,Columbia,6,4,NA,280680219,2008-03-08
166,2,17:12,1032,1032,Mack Montgomery Defensive Rebound.,37,40,-3,4,0.3764573673210853,0.3764573673210853,Pennsylvania,Columbia,6,4,NA,280680219,2008-03-08
167,2,17:08,1028,1028,Tyler Bernardini Steal.,37,40,-3,2,0.3761887910899476,0.3761887910899476,Pennsylvania,Columbia,6,4,NA,280680219,2008-03-08
168,2,17:06,1026,1026,Tyler Bernardini made Two Point Layup.,39,40,-1,15,0.4579053607004155,0.4579053607004155,Pennsylvania,Columbia,6,4,NA,280680219,2008-03-08
169,2,16:51,1011,1011,Foul on Andreas Schreiber,39,40,-1,2,0.4575368647468447,0.4575368647468447,Pennsylvania,Columbia,6,4,NA,280680219,2008-03-08
170,2,16:49,1009,1009,Foul on Jack Eggleston,39,40,-1,0,0.457486315700301,0.457486315700301,Pennsylvania,Columbia,6,4,NA,280680219,2008-03-08
171,2,16:49,1009,1009,John Baumann made Free Throw.,39,41,-2,0,0.4155829375044146,0.4155829375044146,Pennsylvania,Columbia,6,4,NA,280680219,2008-03-08
172,2,16:49,1009,1009,John Baumann missed Free Throw.,39,41,-2,0,0.4155829375044146,0.4155829375044146,Pennsylvania,Columbia,6,4,NA,280680219,2008-03-08
173,2,16:49,1009,1009,Jack Eggleston Defensive Rebound.,39,41,-2,31,0.4155829375044146,0.4155829375044146,Pennsylvania,Columbia,6,4,NA,280680219,2008-03-08
174,2,16:18,978,978,Harrison Gaines missed Two Point Jumper.,39,41,-2,0,0.41395597458164246,0.41395597458164246,Pennsylvania,Columbia,6,4,NA,280680219,2008-03-08
175,2,16:18,978,978,Columbia Defensive Rebound.,39,41,-2,19,0.41395597458164246,0.41395597458164246,Pennsylvania,Columbia,6,4,NA,280680219,2008-03-08
176,2,15:59,959,959,Brett Loscalzo made Three Point Jumper.  Assisted by K.J. Matsui.,39,44,-5,16,0.29317214371850187,0.29317214371850187,Pennsylvania,Columbia,6,4,NA,280680219,2008-03-08
177,2,15:43,943,943,Foul on Mack Montgomery,39,44,-5,0,0.29141461335217167,0.29141461335217167,Pennsylvania,Columbia,6,4,NA,280680219,2008-03-08
178,2,15:43,943,943,Official TV Timeout.,39,44,-5,2,0.29141461335217167,0.29141461335217167,Pennsylvania,Columbia,6,4,NA,280680219,2008-03-08
179,2,15:41,941,941,Tyler Bernardini missed Two Point Jumper.,39,44,-5,0,0.2912051192077897,0.2912051192077897,Pennsylvania,Columbia,6,4,NA,280680219,2008-03-08
180,2,15:41,941,941,Kevin Egee Offensive Rebound.,39,44,-5,3,0.2912051192077897,0.2912051192077897,Pennsylvania,Columbia,6,4,NA,280680219,2008-03-08
181,2,15:38,938,938,Kevin Egee missed Two Point Tip Shot.,39,44,-5,0,0.2908946737473253,0.2908946737473253,Pennsylvania,Columbia,6,4,NA,280680219,2008-03-08
182,2,15:38,938,938,Columbia Defensive Rebound.,39,44,-5,22,0.2908946737473253,0.2908946737473253,Pennsylvania,Columbia,6,4,NA,280680219,2008-03-08
183,2,15:16,916,916,Foul on Andreas Schreiber,39,44,-5,3,0.2887361098644227,0.2887361098644227,Pennsylvania,Columbia,6,4,NA,280680219,2008-03-08
184,2,15:13,913,913,Foul on Kevin Egee,39,44,-5,7,0.2884548861501708,0.2884548861501708,Pennsylvania,Columbia,6,4,NA,280680219,2008-03-08
185,2,15:06,906,906,Niko Scott missed Two Point Layup.,39,44,-5,0,0.2878078036740511,0.2878078036740511,Pennsylvania,Columbia,6,4,NA,280680219,2008-03-08
186,2,15:06,906,906,Kevin Egee Defensive Rebound.,39,44,-5,17,0.2878078036740511,0.2878078036740511,Pennsylvania,Columbia,6,4,NA,280680219,2008-03-08
187,2,14:49,889,889,Brian Grandieri missed Two Point Jumper.,39,44,-5,0,0.2862740787526196,0.2862740787526196,Pennsylvania,Columbia,6,4,NA,280680219,2008-03-08
188,2,14:49,889,889,Tyler Bernardini Offensive Rebound.,39,44,-5,4,0.2862740787526196,0.2862740787526196,Pennsylvania,Columbia,6,4,NA,280680219,2008-03-08
189,2,14:45,885,885,Foul on K.J. Matsui,39,44,-5,0,0.2859177260186569,0.2859177260186569,Pennsylvania,Columbia,6,4,NA,280680219,2008-03-08
190,2,14:45,885,885,Tyler Bernardini made Free Throw.,40,44,-4,0,0.324704404647048,0.324704404647048,Pennsylvania,Columbia,6,4,NA,280680219,2008-03-08
191,2,14:45,885,885,Tyler Bernardini made Free Throw.,41,44,-3,27,0.36605549944450266,0.36605549944450266,Pennsylvania,Columbia,6,4,NA,280680219,2008-03-08
192,2,14:18,858,858,Foul on Conor Turley,41,44,-3,0,0.36440576060341545,0.36440576060341545,Pennsylvania,Columbia,6,4,NA,280680219,2008-03-08
193,2,14:18,858,858,Kevin Bulger made Free Throw.,41,45,-4,0,0.3226274430392537,0.3226274430392537,Pennsylvania,Columbia,6,4,NA,280680219,2008-03-08
194,2,14:18,858,858,Kevin Bulger made Free Throw.,41,46,-5,13,0.2835024635445384,0.2835024635445384,Pennsylvania,Columbia,6,4,NA,280680219,2008-03-08
195,2,14:05,845,845,Kevin Egee made Three Point Jumper.,44,46,-2,26,0.40776134486318577,0.40776134486318577,Pennsylvania,Columbia,6,4,NA,280680219,2008-03-08
196,2,13:39,819,819,John Baumann missed Two Point Layup.,44,46,-2,0,0.4065373203797049,0.4065373203797049,Pennsylvania,Columbia,6,4,NA,280680219,2008-03-08
197,2,13:39,819,819,Conor Turley Defensive Rebound.,44,46,-2,5,0.4065373203797049,0.4065373203797049,Pennsylvania,Columbia,6,4,NA,280680219,2008-03-08
198,2,13:34,814,814,John Baumann Steal.,44,46,-2,1,0.40628516070977055,0.40628516070977055,Pennsylvania,Columbia,6,4,NA,280680219,2008-03-08
199,2,13:33,813,813,John Baumann missed Two Point Layup.,44,46,-2,0,0.40623395639626675,0.40623395639626675,Pennsylvania,Columbia,6,4,NA,280680219,2008-03-08
200,2,13:33,813,813,John Baumann Offensive Rebound.,44,46,-2,3,0.40623395639626675,0.40623395639626675,Pennsylvania,Columbia,6,4,NA,280680219,2008-03-08
201,2,13:30,810,810,John Baumann made Two Point Layup.,44,48,-4,13,0.3185595525905047,0.3185595525905047,Pennsylvania,Columbia,6,4,NA,280680219,2008-03-08
202,2,13:17,797,797,Niko Scott Steal.,44,48,-4,4,0.31729524179952734,0.31729524179952734,Pennsylvania,Columbia,6,4,NA,280680219,2008-03-08
203,2,13:13,793,793,John Baumann made Two Point Dunk Shot.  Assisted by Niko Scott.,44,50,-6,9,0.24009286233085358,0.24009286233085358,Pennsylvania,Columbia,6,4,NA,280680219,2008-03-08
204,2,13:04,784,784,Pennsylvania 30 Second Timeout.,44,50,-6,7,0.23888814467777447,0.23888814467777447,Pennsylvania,Columbia,6,3,NA,280680219,2008-03-08
205,2,12:57,777,777,Tyler Bernardini missed Three Point Jumper.,44,50,-6,0,0.23790623969897656,0.23790623969897656,Pennsylvania,Columbia,6,3,NA,280680219,2008-03-08
206,2,12:57,777,777,Justin Reilly Offensive Rebound.,44,50,-6,30,0.23790623969897656,0.23790623969897656,Pennsylvania,Columbia,6,3,NA,280680219,2008-03-08
207,2,12:27,747,747,Tyler Bernardini missed Two Point Jumper.,44,50,-6,0,0.23318887049650128,0.23318887049650128,Pennsylvania,Columbia,6,3,NA,280680219,2008-03-08
208,2,12:27,747,747,Asenso Ampim Defensive Rebound.,44,50,-6,17,0.23318887049650128,0.23318887049650128,Pennsylvania,Columbia,6,3,NA,280680219,2008-03-08
209,2,12:10,730,730,Foul on Justin Reilly,44,50,-6,19,0.2300977379453397,0.2300977379453397,Pennsylvania,Columbia,6,3,NA,280680219,2008-03-08
210,2,11:51,711,711,Kevin Egee Steal.,44,50,-6,6,0.2267238937767914,0.2267238937767914,Pennsylvania,Columbia,6,3,NA,280680219,2008-03-08
211,2,11:45,705,705,Brian Grandieri made Two Point Jumper.  Assisted by Justin Reilly.,46,50,-4,34,0.3054176129745388,0.3054176129745388,Pennsylvania,Columbia,6,3,NA,280680219,2008-03-08
212,2,11:11,671,671,Kevin Bulger made Two Point Layup.,46,52,-6,22,0.2207901943581652,0.2207901943581652,Pennsylvania,Columbia,6,3,NA,280680219,2008-03-08
213,2,10:49,649,649,Niko Scott Steal.,46,52,-6,23,0.2177639719250578,0.2177639719250578,Pennsylvania,Columbia,6,3,NA,280680219,2008-03-08
214,2,10:26,626,626,Kevin Bulger missed Three Point Jumper.,46,52,-6,0,0.21444792198156387,0.21444792198156387,Pennsylvania,Columbia,6,3,NA,280680219,2008-03-08
215,2,10:26,626,626,Pennsylvania Defensive Rebound.,46,52,-6,2,0.21444792198156387,0.21444792198156387,Pennsylvania,Columbia,6,3,NA,280680219,2008-03-08
216,2,10:24,624,624,Official TV Timeout.,46,52,-6,15,0.21414369960873683,0.21414369960873683,Pennsylvania,Columbia,6,3,NA,280680219,2008-03-08
217,2,10:09,609,609,Kevin Egee missed Two Point Layup.,46,52,-6,0,0.2117454124043689,0.2117454124043689,Pennsylvania,Columbia,6,3,NA,280680219,2008-03-08
218,2,10:09,609,609,Justin Reilly Offensive Rebound.,46,52,-6,2,0.2117454124043689,0.2117454124043689,Pennsylvania,Columbia,6,3,NA,280680219,2008-03-08
219,2,10:07,607,607,Justin Reilly made Two Point Jumper.,48,52,-4,27,0.2936670959907154,0.2936670959907154,Pennsylvania,Columbia,6,3,NA,280680219,2008-03-08
220,2,9:40,580,580,Ben Nwachukwu made Two Point Jumper.  Assisted by Asenso Ampim.,48,54,-6,26,0.20632996215413774,0.20632996215413774,Pennsylvania,Columbia,6,3,NA,280680219,2008-03-08
221,2,9:14,554,554,Foul on Asenso Ampim,48,54,-6,0,0.20029256751041258,0.20029256751041258,Pennsylvania,Columbia,6,3,NA,280680219,2008-03-08
222,2,9:14,554,554,Jack Eggleston missed Free Throw.,48,54,-6,0,0.20029256751041258,0.20029256751041258,Pennsylvania,Columbia,6,3,NA,280680219,2008-03-08
223,2,9:14,554,554,null,48,54,-6,0,0.20029256751041258,0.20029256751041258,Pennsylvania,Columbia,6,3,NA,280680219,2008-03-08
224,2,9:14,554,554,Jack Eggleston made Free Throw.,49,54,-5,16,0.23980983812817705,0.23980983812817705,Pennsylvania,Columbia,6,3,NA,280680219,2008-03-08
225,2,8:58,538,538,Mack Montgomery made Two Point Layup.  Assisted by Brett Loscalzo.,49,56,-7,18,0.16183984328091422,0.16183984328091422,Pennsylvania,Columbia,6,3,NA,280680219,2008-03-08
226,2,8:40,520,520,Foul on Asenso Ampim,49,56,-7,0,0.15807307044509344,0.15807307044509344,Pennsylvania,Columbia,6,3,NA,280680219,2008-03-08
227,2,8:40,520,520,Kevin Egee missed Free Throw.,49,56,-7,0,0.15807307044509344,0.15807307044509344,Pennsylvania,Columbia,6,3,NA,280680219,2008-03-08
228,2,8:40,520,520,null,49,56,-7,0,0.15807307044509344,0.15807307044509344,Pennsylvania,Columbia,6,3,NA,280680219,2008-03-08
229,2,8:40,520,520,Kevin Egee made Free Throw.,50,56,-6,14,0.19252472392645564,0.19252472392645564,Pennsylvania,Columbia,6,3,NA,280680219,2008-03-08
230,2,8:26,506,506,Tyler Bernardini Steal.,50,56,-6,5,0.189899682355449,0.189899682355449,Pennsylvania,Columbia,6,3,NA,280680219,2008-03-08
231,2,8:21,501,501,Jack Eggleston missed Two Point Layup.,50,56,-6,3,0.18898239185800808,0.18898239185800808,Pennsylvania,Columbia,6,3,NA,280680219,2008-03-08
232,2,8:18,498,498,Mack Montgomery Defensive Rebound.,50,56,-6,18,0.18843074720271125,0.18843074720271125,Pennsylvania,Columbia,6,3,NA,280680219,2008-03-08
233,2,8:00,480,480,Kevin Egee missed Two Point Jumper.,50,56,-6,0,0.1849856946124723,0.1849856946124723,Pennsylvania,Columbia,6,3,NA,280680219,2008-03-08
234,2,8:00,480,480,Ben Nwachukwu Defensive Rebound.,50,56,-6,13,0.1849856946124723,0.1849856946124723,Pennsylvania,Columbia,6,3,NA,280680219,2008-03-08
235,2,7:47,467,467,Official TV Timeout.,50,56,-6,22,0.18219821064618846,0.18219821064618846,Pennsylvania,Columbia,6,3,NA,280680219,2008-03-08
236,2,7:25,445,445,Harrison Gaines made Two Point Jumper.,52,56,-4,13,0.2636766122240732,0.2636766122240732,Pennsylvania,Columbia,6,3,NA,280680219,2008-03-08
237,2,7:12,432,432,Ben Nwachukwu made Two Point Layup.,52,58,-6,21,0.17228810078157478,0.17228810078157478,Pennsylvania,Columbia,6,3,NA,280680219,2008-03-08
238,2,6:51,411,411,Jack Eggleston missed Two Point Jumper.,52,58,-6,0,0.16529951921623826,0.16529951921623826,Pennsylvania,Columbia,6,3,NA,280680219,2008-03-08
239,2,6:51,411,411,Brian Grandieri Offensive Rebound.,52,58,-6,3,0.16529951921623826,0.16529951921623826,Pennsylvania,Columbia,6,3,NA,280680219,2008-03-08
240,2,6:48,408,408,Brian Grandieri made Two Point Layup.,54,58,-4,15,0.25274943354910295,0.25274943354910295,Pennsylvania,Columbia,6,3,NA,280680219,2008-03-08
241,2,6:33,393,393,Mack Montgomery missed Two Point Layup.,54,58,-4,0,0.24863648369298405,0.24863648369298405,Pennsylvania,Columbia,6,3,NA,280680219,2008-03-08
242,2,6:33,393,393,Justin Reilly Defensive Rebound.,54,58,-4,14,0.24863648369298405,0.24863648369298405,Pennsylvania,Columbia,6,3,NA,280680219,2008-03-08
243,2,6:19,379,379,Harrison Gaines missed Two Point Jumper.,54,58,-4,0,0.2447884605748276,0.2447884605748276,Pennsylvania,Columbia,6,3,NA,280680219,2008-03-08
244,2,6:19,379,379,John Baumann Defensive Rebound.,54,58,-4,23,0.2447884605748276,0.2447884605748276,Pennsylvania,Columbia,6,3,NA,280680219,2008-03-08
245,2,5:56,356,356,Columbia 30 Second Timeout.,54,58,-4,7,0.23791231893879092,0.23791231893879092,Pennsylvania,Columbia,6,2,NA,280680219,2008-03-08
246,2,5:49,349,349,Foul on Conor Turley,54,58,-4,0,0.23557694963910916,0.23557694963910916,Pennsylvania,Columbia,6,2,NA,280680219,2008-03-08
247,2,5:49,349,349,Ben Nwachukwu missed Free Throw.,54,58,-4,0,0.23557694963910916,0.23557694963910916,Pennsylvania,Columbia,6,2,NA,280680219,2008-03-08
248,2,5:49,349,349,Mack Montgomery Offensive Rebound.,54,58,-4,40,0.23557694963910916,0.23557694963910916,Pennsylvania,Columbia,6,2,NA,280680219,2008-03-08
249,2,5:09,309,309,Kevin Bulger missed Two Point Jumper.,54,58,-4,0,0.21873510009328603,0.21873510009328603,Pennsylvania,Columbia,6,2,NA,280680219,2008-03-08
250,2,5:09,309,309,Ben Nwachukwu Offensive Rebound.,54,58,-4,2,0.21873510009328603,0.21873510009328603,Pennsylvania,Columbia,6,2,NA,280680219,2008-03-08
251,2,5:07,307,307,Ben Nwachukwu made Two Point Jumper.,54,60,-6,6,0.12814654750435217,0.12814654750435217,Pennsylvania,Columbia,6,2,NA,280680219,2008-03-08
252,2,5:01,301,301,Pennsylvania 30 Second Timeout.,54,60,-6,6,0.12616515500891465,0.12616515500891465,Pennsylvania,Columbia,6,1,NA,280680219,2008-03-08
253,2,4:55,295,295,Foul on Kevin Bulger,54,60,-6,0,0.12505000866076937,0.12505000866076937,Pennsylvania,Columbia,6,1,NA,280680219,2008-03-08
254,2,4:55,295,295,Tyler Bernardini made Free Throw.,55,60,-5,0,0.16503794854469053,0.16503794854469053,Pennsylvania,Columbia,6,1,NA,280680219,2008-03-08
255,2,4:55,295,295,Tyler Bernardini made Free Throw.,56,60,-4,51,0.21467562682118194,0.21467562682118194,Pennsylvania,Columbia,6,1,NA,280680219,2008-03-08
256,2,4:04,244,244,Brian Grandieri made Two Point Jumper.,58,60,-2,10,0.3475827101796122,0.3475827101796122,Pennsylvania,Columbia,6,1,NA,280680219,2008-03-08
257,2,3:54,234,234,Columbia 30 Second Timeout.,58,60,-2,18,0.3478459941063242,0.3478459941063242,Pennsylvania,Columbia,6,0,NA,280680219,2008-03-08
258,2,3:36,216,216,Andreas Schreiber Steal.,58,60,-2,0,0.3450874167411034,0.3450874167411034,Pennsylvania,Columbia,6,0,NA,280680219,2008-03-08
259,2,3:36,216,216,Official TV Timeout.,58,60,-2,0,0.3450874167411034,0.3450874167411034,Pennsylvania,Columbia,6,0,NA,280680219,2008-03-08
260,2,3:36,216,216,John Baumann Steal.,58,60,-2,14,0.3450874167411034,0.3450874167411034,Pennsylvania,Columbia,6,0,NA,280680219,2008-03-08
261,2,3:22,202,202,Niko Scott made Two Point Jumper.,58,62,-4,13,0.2079626479284311,0.2079626479284311,Pennsylvania,Columbia,6,0,NA,280680219,2008-03-08
262,2,3:09,189,189,Foul on John Baumann,58,62,-4,0,0.19348176142489254,0.19348176142489254,Pennsylvania,Columbia,6,0,NA,280680219,2008-03-08
263,2,3:09,189,189,Andreas Schreiber made Free Throw.,59,62,-3,0,0.25527807642519895,0.25527807642519895,Pennsylvania,Columbia,6,0,NA,280680219,2008-03-08
264,2,3:09,189,189,Andreas Schreiber made Free Throw.,60,62,-2,23,0.3287659840941099,0.3287659840941099,Pennsylvania,Columbia,6,0,NA,280680219,2008-03-08
265,2,2:46,166,166,Mack Montgomery missed Three Point Jumper.,60,62,-2,0,0.30739105908607134,0.30739105908607134,Pennsylvania,Columbia,6,0,NA,280680219,2008-03-08
266,2,2:46,166,166,Andreas Schreiber Defensive Rebound.,60,62,-2,1,0.30739105908607134,0.30739105908607134,Pennsylvania,Columbia,6,0,NA,280680219,2008-03-08
267,2,2:45,165,165,Foul on Ben Nwachukwu,60,62,-2,1,0.30643282813851236,0.30643282813851236,Pennsylvania,Columbia,6,0,NA,280680219,2008-03-08
268,2,2:44,164,164,Andreas Schreiber made Free Throw.,61,62,-1,0,0.3987465829913125,0.3987465829913125,Pennsylvania,Columbia,6,0,NA,280680219,2008-03-08
269,2,2:44,164,164,Andreas Schreiber made Free Throw.,62,62,0,8,0.5,0.5,Pennsylvania,Columbia,6,0,NA,280680219,2008-03-08
270,2,2:36,156,156,Columbia 30 Second Timeout.,62,62,0,12,0.5,0.5,Pennsylvania,Columbia,6,-1,NA,280680219,2008-03-08
271,2,2:24,144,144,Foul on Mack Montgomery,62,62,0,15,0.5,0.5,Pennsylvania,Columbia,6,-1,NA,280680219,2008-03-08
272,2,2:09,129,129,Andreas Schreiber made Two Point Layup.,64,62,2,32,0.7319456688129394,0.7319456688129394,Pennsylvania,Columbia,6,-1,NA,280680219,2008-03-08
273,2,1:37,97,97,Foul on Justin Reilly,64,62,2,0,0.7752257245198221,0.7752257245198221,Pennsylvania,Columbia,6,-1,NA,280680219,2008-03-08
274,2,1:37,97,97,John Baumann made Free Throw.,64,63,1,0,0.6499976281978146,0.6499976281978146,Pennsylvania,Columbia,6,-1,NA,280680219,2008-03-08
275,2,1:37,97,97,John Baumann made Free Throw.,64,64,0,17,0.5,0.5,Pennsylvania,Columbia,6,-1,NA,280680219,2008-03-08
276,2,1:20,80,80,Pennsylvania 30 Second Timeout.,64,64,0,10,0.5,0.5,Pennsylvania,Columbia,6,-2,NA,280680219,2008-03-08
277,2,1:10,70,70,Foul on Niko Scott,64,64,0,0,0.5,0.5,Pennsylvania,Columbia,6,-2,NA,280680219,2008-03-08
278,2,1:10,70,70,Tyler Bernardini missed Free Throw.,64,64,0,0,0.5,0.5,Pennsylvania,Columbia,6,-2,NA,280680219,2008-03-08
279,2,1:10,70,70,null,64,64,0,0,0.5,0.5,Pennsylvania,Columbia,6,-2,NA,280680219,2008-03-08
280,2,1:10,70,70,Tyler Bernardini made Free Throw.,65,64,1,0,0.6780094361232515,0.6780094361232515,Pennsylvania,Columbia,6,-2,NA,280680219,2008-03-08
281,2,1:10,70,70,Tyler Bernardini missed Free Throw.,65,64,1,0,0.6780094361232515,0.6780094361232515,Pennsylvania,Columbia,6,-2,NA,280680219,2008-03-08
282,2,1:10,70,70,Mack Montgomery Defensive Rebound.,65,64,1,20,0.6780094361232515,0.6780094361232515,Pennsylvania,Columbia,6,-2,NA,280680219,2008-03-08
283,2,0:50,50,50,Niko Scott made Two Point Layup.,65,66,-1,16,0.2990936666093559,0.2990936666093559,Pennsylvania,Columbia,6,-2,NA,280680219,2008-03-08
284,2,0:34,34,34,Tyler Bernardini missed Two Point Jumper.,65,66,-1,0,0.27960847021847124,0.27960847021847124,Pennsylvania,Columbia,6,-2,NA,280680219,2008-03-08
285,2,0:34,34,34,Brian Grandieri Offensive Rebound.,65,66,-1,4,0.27960847021847124,0.27960847021847124,Pennsylvania,Columbia,6,-2,NA,280680219,2008-03-08
286,2,0:30,30,30,Brian Grandieri made Two Point Jumper.,67,66,1,3,0.725390658569219,0.725390658569219,Pennsylvania,Columbia,6,-2,NA,280680219,2008-03-08
287,2,0:27,27,27,Columbia 30 Second Timeout.,67,66,1,11,0.7291560988925342,0.7291560988925342,Pennsylvania,Columbia,6,-3,NA,280680219,2008-03-08
288,2,0:16,16,16,Foul on Tyler Bernardini,67,66,1,0,0.7431478402245224,0.7431478402245224,Pennsylvania,Columbia,6,-3,NA,280680219,2008-03-08
289,2,0:16,16,16,Niko Scott missed Free Throw.,67,66,1,0,0.7431478402245224,0.7431478402245224,Pennsylvania,Columbia,6,-3,NA,280680219,2008-03-08
290,2,0:16,16,16,null,67,66,1,0,0.7431478402245224,0.7431478402245224,Pennsylvania,Columbia,6,-3,NA,280680219,2008-03-08
291,2,0:16,16,16,Niko Scott made Free Throw.,67,67,0,3,0.5,0.5,Pennsylvania,Columbia,6,-3,NA,280680219,2008-03-08
292,2,0:13,13,13,Pennsylvania 30 Second Timeout.,67,67,0,11,0.5,0.5,Pennsylvania,Columbia,6,-4,NA,280680219,2008-03-08
293,2,0:02,2,2,Tyler Bernardini missed Two Point Jumper.,67,67,0,0,0.5,0.5,Pennsylvania,Columbia,6,-4,NA,280680219,2008-03-08
294,2,0:02,2,2,Tyler Bernardini Offensive Rebound.,67,67,0,2,0.5,0.5,Pennsylvania,Columbia,6,-4,NA,280680219,2008-03-08
295,2,0:00,0,0,Tyler Bernardini made Two Point Jumper.,69,67,2,0,1,1,Pennsylvania,Columbia,6,-4,NA,280680219,2008-03-08
296,2,0:00,0,0,End Game,69,67,2,0,1,1,Pennsylvania,Columbia,6,-4,NA,280680219,2008-03-08
