game_id,date,home,away,play_id,half,time_remaining_half,secs_remaining,secs_remaining_absolute,description,action_team,home_score,away_score,score_diff,play_length,scoring_play,foul,win_prob,naive_win_prob,home_time_out_remaining,away_time_out_remaining,home_favored_by,total_line,referees,arena_location,arena,capacity,attendance,shot_x,shot_y,shot_team,shot_outcome,shooter,assist,three_pt,free_throw,possession_before,possession_after,wrong_time
401706675,2025-01-02,San Diego,Santa Clara,1,1,19:40,2380,2380,Steven Jamerson II made Jumper. Assisted by Bendji Pierre.,home,2,0,2,0,TRUE,FALSE,0.12097720798777127,0.5444477880633797,6,6,-13.5,152.5,Gregory Nixon/Wilson Holland/D.G. Nelson,"San Diego, CA",Jenny Craig Pavilion,NA,782,NA,NA,San Diego,made,Steven Jamerson II,Bendji Pierre,FALSE,FALSE,San Diego,Santa Clara,FALSE
401706675,2025-01-02,San Diego,Santa Clara,2,1,19:24,2364,2364,Carlos Stewart Jr. Turnover.,away,2,0,2,16,FALSE,FALSE,0.12150253716699655,0.5447891790846144,6,6,-13.5,152.5,Gregory Nixon/Wilson Holland/D.G. Nelson,"San Diego, CA",Jenny Craig Pavilion,NA,782,NA,NA,NA,NA,NA,NA,NA,NA,Santa Clara,San Diego,FALSE
401706675,2025-01-02,San Diego,Santa Clara,3,1,19:24,2364,2364,Santiago Trouet Steal.,home,2,0,2,0,FALSE,FALSE,0.12150253716699655,0.5447891790846144,6,6,-13.5,152.5,Gregory Nixon/Wilson Holland/D.G. Nelson,"San Diego, CA",Jenny Craig Pavilion,NA,782,NA,NA,NA,NA,NA,NA,NA,NA,Santa Clara,San Diego,FALSE
401706675,2025-01-02,San Diego,Santa Clara,4,1,19:20,2360,2360,Santiago Trouet missed Layup.,home,2,0,2,4,FALSE,FALSE,0.12163555852759343,0.5448750795359576,6,6,-13.5,152.5,Gregory Nixon/Wilson Holland/D.G. Nelson,"San Diego, CA",Jenny Craig Pavilion,NA,782,NA,NA,San Diego,missed,Santiago Trouet,NA,FALSE,FALSE,San Diego,San Diego,FALSE
401706675,2025-01-02,San Diego,Santa Clara,5,1,19:20,2360,2360,Tyeree Bryan Block.,away,2,0,2,0,FALSE,FALSE,0.12163555852759343,0.5448750795359576,6,6,-13.5,152.5,Gregory Nixon/Wilson Holland/D.G. Nelson,"San Diego, CA",Jenny Craig Pavilion,NA,782,NA,NA,NA,NA,NA,NA,NA,NA,San Diego,San Diego,FALSE
401706675,2025-01-02,San Diego,Santa Clara,6,1,19:20,2360,2360,San Diego Offensive Rebound.,home,2,0,2,0,FALSE,FALSE,0.12163555852759343,0.5448750795359576,6,6,-13.5,152.5,Gregory Nixon/Wilson Holland/D.G. Nelson,"San Diego, CA",Jenny Craig Pavilion,NA,782,NA,NA,NA,NA,NA,NA,NA,NA,San Diego,San Diego,FALSE
401706675,2025-01-02,San Diego,Santa Clara,7,1,19:17,2357,2357,Bendji Pierre missed Jumper.,home,2,0,2,3,FALSE,FALSE,0.12173577131364866,0.5449396457150346,6,6,-13.5,152.5,Gregory Nixon/Wilson Holland/D.G. Nelson,"San Diego, CA",Jenny Craig Pavilion,NA,782,NA,NA,San Diego,missed,Bendji Pierre,NA,FALSE,FALSE,San Diego,Santa Clara,FALSE
401706675,2025-01-02,San Diego,Santa Clara,8,1,19:14,2354,2354,Jake Ensminger Defensive Rebound.,away,2,0,2,3,FALSE,FALSE,0.12183636831283476,0.5450043310338967,6,6,-13.5,152.5,Gregory Nixon/Wilson Holland/D.G. Nelson,"San Diego, CA",Jenny Craig Pavilion,NA,782,NA,NA,NA,NA,NA,NA,NA,NA,San Diego,Santa Clara,FALSE
401706675,2025-01-02,San Diego,Santa Clara,9,1,19:10,2350,2350,Tyeree Bryan missed Layup.,away,2,0,2,4,FALSE,FALSE,0.12197109729526287,0.5450907609955827,6,6,-13.5,152.5,Gregory Nixon/Wilson Holland/D.G. Nelson,"San Diego, CA",Jenny Craig Pavilion,NA,782,NA,NA,Santa Clara,missed,Tyeree Bryan,NA,FALSE,FALSE,Santa Clara,Santa Clara,FALSE
401706675,2025-01-02,San Diego,Santa Clara,10,1,19:06,2346,2346,Camaron Tongue Offensive Rebound.,away,2,0,2,4,FALSE,FALSE,0.12210651409800055,0.5451773968607259,6,6,-13.5,152.5,Gregory Nixon/Wilson Holland/D.G. Nelson,"San Diego, CA",Jenny Craig Pavilion,NA,782,NA,NA,NA,NA,NA,NA,NA,NA,Santa Clara,Santa Clara,FALSE
401706675,2025-01-02,San Diego,Santa Clara,11,1,19:06,2346,2346,Camaron Tongue made Jumper.,away,2,2,0,0,TRUE,FALSE,0.10397337022732556,0.5,6,6,-13.5,152.5,Gregory Nixon/Wilson Holland/D.G. Nelson,"San Diego, CA",Jenny Craig Pavilion,NA,782,NA,NA,Santa Clara,made,Camaron Tongue,NA,FALSE,FALSE,Santa Clara,San Diego,FALSE
401706675,2025-01-02,San Diego,Santa Clara,12,1,18:46,2326,2326,Santiago Trouet missed Three Point Jumper.,home,2,2,0,20,FALSE,FALSE,0.10440633367468967,0.5,6,6,-13.5,152.5,Gregory Nixon/Wilson Holland/D.G. Nelson,"San Diego, CA",Jenny Craig Pavilion,NA,782,NA,NA,San Diego,missed,Santiago Trouet,NA,TRUE,FALSE,San Diego,Santa Clara,FALSE
401706675,2025-01-02,San Diego,Santa Clara,13,1,18:44,2324,2324,Carlos Stewart Jr. Defensive Rebound.,away,2,2,0,2,FALSE,FALSE,0.10445029422286034,0.5,6,6,-13.5,152.5,Gregory Nixon/Wilson Holland/D.G. Nelson,"San Diego, CA",Jenny Craig Pavilion,NA,782,NA,NA,NA,NA,NA,NA,NA,NA,San Diego,Santa Clara,FALSE
401706675,2025-01-02,San Diego,Santa Clara,14,1,18:42,2322,2322,Camaron Tongue Turnover.,away,2,2,0,2,FALSE,FALSE,0.10449437711304775,0.5,6,6,-13.5,152.5,Gregory Nixon/Wilson Holland/D.G. Nelson,"San Diego, CA",Jenny Craig Pavilion,NA,782,NA,NA,NA,NA,NA,NA,NA,NA,Santa Clara,San Diego,FALSE
401706675,2025-01-02,San Diego,Santa Clara,15,1,18:30,2310,2310,Foul on Steven Jamerson II.,home,2,2,0,12,FALSE,TRUE,0.10476146591450379,0.5,6,6,-13.5,152.5,Gregory Nixon/Wilson Holland/D.G. Nelson,"San Diego, CA",Jenny Craig Pavilion,NA,782,NA,NA,NA,NA,NA,NA,NA,NA,San Diego,Santa Clara,FALSE
401706675,2025-01-02,San Diego,Santa Clara,16,1,18:30,2310,2310,Steven Jamerson II Turnover.,home,2,2,0,0,FALSE,FALSE,0.10476146591450379,0.5,6,6,-13.5,152.5,Gregory Nixon/Wilson Holland/D.G. Nelson,"San Diego, CA",Jenny Craig Pavilion,NA,782,NA,NA,NA,NA,NA,NA,NA,NA,San Diego,Santa Clara,FALSE
401706675,2025-01-02,San Diego,Santa Clara,17,1,18:14,2294,2294,Jake Ensminger missed Three Point Jumper.,away,2,2,0,16,FALSE,FALSE,0.10512460712706909,0.5,6,6,-13.5,152.5,Gregory Nixon/Wilson Holland/D.G. Nelson,"San Diego, CA",Jenny Craig Pavilion,NA,782,NA,NA,Santa Clara,missed,Jake Ensminger,NA,TRUE,FALSE,Santa Clara,Santa Clara,FALSE
401706675,2025-01-02,San Diego,Santa Clara,18,1,18:11,2291,2291,Tyeree Bryan Offensive Rebound.,away,2,2,0,3,FALSE,FALSE,0.10519360450775482,0.5,6,6,-13.5,152.5,Gregory Nixon/Wilson Holland/D.G. Nelson,"San Diego, CA",Jenny Craig Pavilion,NA,782,NA,NA,NA,NA,NA,NA,NA,NA,Santa Clara,Santa Clara,FALSE
401706675,2025-01-02,San Diego,Santa Clara,19,1,18:02,2282,2282,Tyeree Bryan made Three Point Jumper. Assisted by Adama-Alpha Bal.,away,2,5,-3,9,TRUE,FALSE,0.08174013055495809,0.43036891318128423,6,6,-13.5,152.5,Gregory Nixon/Wilson Holland/D.G. Nelson,"San Diego, CA",Jenny Craig Pavilion,NA,782,NA,NA,Santa Clara,made,Tyeree Bryan,Adama-Alpha Bal,TRUE,FALSE,Santa Clara,San Diego,FALSE
401706675,2025-01-02,San Diego,Santa Clara,20,1,17:31,2251,2251,Tony Duckett missed Three Point Jumper.,home,2,5,-3,31,FALSE,FALSE,0.08201015615996082,0.42933311281134284,6,6,-13.5,152.5,Gregory Nixon/Wilson Holland/D.G. Nelson,"San Diego, CA",Jenny Craig Pavilion,NA,782,NA,NA,San Diego,missed,Tony Duckett,NA,TRUE,FALSE,San Diego,Santa Clara,FALSE
401706675,2025-01-02,San Diego,Santa Clara,21,1,17:28,2248,2248,Jake Ensminger Defensive Rebound.,away,2,5,-3,3,FALSE,FALSE,0.08203731379400642,0.4292322756158619,6,6,-13.5,152.5,Gregory Nixon/Wilson Holland/D.G. Nelson,"San Diego, CA",Jenny Craig Pavilion,NA,782,NA,NA,NA,NA,NA,NA,NA,NA,San Diego,Santa Clara,FALSE
401706675,2025-01-02,San Diego,Santa Clara,22,1,17:24,2244,2244,Jake Ensminger made Jumper.,away,2,7,-5,4,TRUE,FALSE,0.06882670023819318,0.38322328410035844,6,6,-13.5,152.5,Gregory Nixon/Wilson Holland/D.G. Nelson,"San Diego, CA",Jenny Craig Pavilion,NA,782,NA,NA,Santa Clara,made,Jake Ensminger,NA,FALSE,FALSE,Santa Clara,San Diego,FALSE
401706675,2025-01-02,San Diego,Santa Clara,23,1,17:02,2222,2222,Tony Duckett missed Jumper.,home,2,7,-5,22,FALSE,FALSE,0.06887286339826562,0.38202867392861095,6,6,-13.5,152.5,Gregory Nixon/Wilson Holland/D.G. Nelson,"San Diego, CA",Jenny Craig Pavilion,NA,782,NA,NA,San Diego,missed,Tony Duckett,NA,FALSE,FALSE,San Diego,Santa Clara,FALSE
401706675,2025-01-02,San Diego,Santa Clara,24,1,17:00,2220,2220,Carlos Stewart Jr. Defensive Rebound.,away,2,7,-5,2,FALSE,FALSE,0.0688774471480846,0.38191976107824815,6,6,-13.5,152.5,Gregory Nixon/Wilson Holland/D.G. Nelson,"San Diego, CA",Jenny Craig Pavilion,NA,782,NA,NA,NA,NA,NA,NA,NA,NA,San Diego,Santa Clara,FALSE
401706675,2025-01-02,San Diego,Santa Clara,25,1,16:54,2214,2214,Camaron Tongue missed Three Point Jumper.,away,2,7,-5,6,FALSE,FALSE,0.06889159959398285,0.3815927413717178,6,6,-13.5,152.5,Gregory Nixon/Wilson Holland/D.G. Nelson,"San Diego, CA",Jenny Craig Pavilion,NA,782,NA,NA,Santa Clara,missed,Camaron Tongue,NA,TRUE,FALSE,Santa Clara,San Diego,FALSE
401706675,2025-01-02,San Diego,Santa Clara,26,1,16:51,2211,2211,Bendji Pierre Defensive Rebound.,home,2,7,-5,3,FALSE,FALSE,0.06889890440489072,0.38142907970479645,6,6,-13.5,152.5,Gregory Nixon/Wilson Holland/D.G. Nelson,"San Diego, CA",Jenny Craig Pavilion,NA,782,NA,NA,NA,NA,NA,NA,NA,NA,Santa Clara,San Diego,FALSE
401706675,2025-01-02,San Diego,Santa Clara,27,1,16:36,2196,2196,Bendji Pierre made Jumper.,home,4,7,-3,15,TRUE,FALSE,0.08253917991846091,0.42747086632040543,6,6,-13.5,152.5,Gregory Nixon/Wilson Holland/D.G. Nelson,"San Diego, CA",Jenny Craig Pavilion,NA,782,NA,NA,San Diego,made,Bendji Pierre,NA,FALSE,FALSE,San Diego,Santa Clara,FALSE
401706675,2025-01-02,San Diego,Santa Clara,28,1,16:17,2177,2177,Foul on Bendji Pierre.,home,4,7,-3,19,FALSE,TRUE,0.08273821410233172,0.4268221790356408,6,6,-13.5,152.5,Gregory Nixon/Wilson Holland/D.G. Nelson,"San Diego, CA",Jenny Craig Pavilion,NA,782,NA,NA,NA,NA,NA,NA,NA,NA,Santa Clara,Santa Clara,FALSE
401706675,2025-01-02,San Diego,Santa Clara,29,1,16:04,2164,2164,Carlos Stewart Jr. missed Three Point Jumper.,away,4,7,-3,13,FALSE,FALSE,0.08287950761702968,0.4263771183452826,6,6,-13.5,152.5,Gregory Nixon/Wilson Holland/D.G. Nelson,"San Diego, CA",Jenny Craig Pavilion,NA,782,NA,NA,Santa Clara,missed,Carlos Stewart Jr.,NA,TRUE,FALSE,Santa Clara,San Diego,FALSE
401706675,2025-01-02,San Diego,Santa Clara,30,1,16:02,2162,2162,Deven Dahlke Defensive Rebound.,home,4,7,-3,2,FALSE,FALSE,0.08290158715221391,0.4263085114035949,6,6,-13.5,152.5,Gregory Nixon/Wilson Holland/D.G. Nelson,"San Diego, CA",Jenny Craig Pavilion,NA,782,NA,NA,NA,NA,NA,NA,NA,NA,Santa Clara,San Diego,FALSE
401706675,2025-01-02,San Diego,Santa Clara,31,1,16:00,2160,2160,Deven Dahlke Turnover.,home,4,7,-3,2,FALSE,FALSE,0.0829237540900786,0.426239861695662,6,6,-13.5,152.5,Gregory Nixon/Wilson Holland/D.G. Nelson,"San Diego, CA",Jenny Craig Pavilion,NA,782,NA,NA,NA,NA,NA,NA,NA,NA,San Diego,Santa Clara,FALSE
401706675,2025-01-02,San Diego,Santa Clara,32,1,16:00,2160,2160,Tyeree Bryan Steal.,away,4,7,-3,0,FALSE,FALSE,0.0829237540900786,0.426239861695662,6,6,-13.5,152.5,Gregory Nixon/Wilson Holland/D.G. Nelson,"San Diego, CA",Jenny Craig Pavilion,NA,782,NA,NA,NA,NA,NA,NA,NA,NA,San Diego,Santa Clara,FALSE
401706675,2025-01-02,San Diego,Santa Clara,33,1,15:39,2139,2139,Tyeree Bryan Turnover.,away,4,7,-3,21,FALSE,FALSE,0.08316172390673666,0.42551635862385584,6,6,-13.5,152.5,Gregory Nixon/Wilson Holland/D.G. Nelson,"San Diego, CA",Jenny Craig Pavilion,NA,782,NA,NA,NA,NA,NA,NA,NA,NA,Santa Clara,San Diego,FALSE
401706675,2025-01-02,San Diego,Santa Clara,34,1,15:39,2139,2139,Deven Dahlke Steal.,home,4,7,-3,0,FALSE,FALSE,0.08316172390673666,0.42551635862385584,6,6,-13.5,152.5,Gregory Nixon/Wilson Holland/D.G. Nelson,"San Diego, CA",Jenny Craig Pavilion,NA,782,NA,NA,NA,NA,NA,NA,NA,NA,Santa Clara,San Diego,FALSE
401706675,2025-01-02,San Diego,Santa Clara,35,1,15:15,2115,2115,Bendji Pierre missed Jumper.,home,4,7,-3,24,FALSE,FALSE,0.0834451021802405,0.42468308670816785,6,6,-13.5,152.5,Gregory Nixon/Wilson Holland/D.G. Nelson,"San Diego, CA",Jenny Craig Pavilion,NA,782,NA,NA,San Diego,missed,Bendji Pierre,NA,FALSE,FALSE,San Diego,Santa Clara,FALSE
401706675,2025-01-02,San Diego,Santa Clara,36,1,15:11,2111,2111,Jake Ensminger Defensive Rebound.,away,4,7,-3,4,FALSE,FALSE,0.08349348808243398,0.4245434982498647,6,6,-13.5,152.5,Gregory Nixon/Wilson Holland/D.G. Nelson,"San Diego, CA",Jenny Craig Pavilion,NA,782,NA,NA,NA,NA,NA,NA,NA,NA,San Diego,Santa Clara,FALSE
401706675,2025-01-02,San Diego,Santa Clara,37,1,14:56,2096,2096,Adama-Alpha Bal made Three Point Jumper. Assisted by Camaron Tongue.,away,4,10,-6,15,TRUE,FALSE,0.06299141006159303,0.3514663541183216,6,6,-13.5,152.5,Gregory Nixon/Wilson Holland/D.G. Nelson,"San Diego, CA",Jenny Craig Pavilion,NA,782,NA,NA,Santa Clara,made,Adama-Alpha Bal,Camaron Tongue,TRUE,FALSE,Santa Clara,San Diego,FALSE
401706675,2025-01-02,San Diego,Santa Clara,38,1,14:40,2080,2080,Foul on Adama-Alpha Bal.,away,4,10,-6,16,FALSE,TRUE,0.06301009521096147,0.3504144119387162,6,6,-13.5,152.5,Gregory Nixon/Wilson Holland/D.G. Nelson,"San Diego, CA",Jenny Craig Pavilion,NA,782,NA,NA,NA,NA,NA,NA,NA,NA,San Diego,San Diego,FALSE
401706675,2025-01-02,San Diego,Santa Clara,39,1,14:40,2080,2080, Official TV Timeout,NA,4,10,-6,0,FALSE,FALSE,0.06301009521096147,0.3504144119387162,6,5,-13.5,152.5,Gregory Nixon/Wilson Holland/D.G. Nelson,"San Diego, CA",Jenny Craig Pavilion,NA,782,NA,NA,NA,NA,NA,NA,NA,NA,San Diego,San Diego,FALSE
401706675,2025-01-02,San Diego,Santa Clara,40,1,14:40,2080,2080,Kjay Bradley Jr. missed Free Throw.,home,4,10,-6,0,FALSE,FALSE,0.06301009521096147,0.3504144119387162,6,5,-13.5,152.5,Gregory Nixon/Wilson Holland/D.G. Nelson,"San Diego, CA",Jenny Craig Pavilion,NA,782,NA,NA,San Diego,missed,Kjay Bradley Jr.,NA,FALSE,TRUE,San Diego,San Diego,FALSE
401706675,2025-01-02,San Diego,Santa Clara,41,1,14:40,2080,2080,San Diego Offensive Rebound.,home,4,10,-6,0,FALSE,FALSE,0.06301009521096147,0.3504144119387162,6,5,-13.5,152.5,Gregory Nixon/Wilson Holland/D.G. Nelson,"San Diego, CA",Jenny Craig Pavilion,NA,782,NA,NA,NA,NA,NA,NA,NA,NA,San Diego,San Diego,FALSE
401706675,2025-01-02,San Diego,Santa Clara,42,1,14:40,2080,2080,Kjay Bradley Jr. made Free Throw.,home,5,10,-5,0,TRUE,FALSE,0.06936350649632715,0.37417470684268095,6,5,-13.5,152.5,Gregory Nixon/Wilson Holland/D.G. Nelson,"San Diego, CA",Jenny Craig Pavilion,NA,782,NA,NA,San Diego,made,Kjay Bradley Jr.,NA,FALSE,TRUE,San Diego,San Diego,FALSE
401706675,2025-01-02,San Diego,Santa Clara,43,1,14:40,2080,2080,Kjay Bradley Jr. made Free Throw.,home,6,10,-4,0,TRUE,FALSE,0.07630537228512801,0.3985575993708733,6,5,-13.5,152.5,Gregory Nixon/Wilson Holland/D.G. Nelson,"San Diego, CA",Jenny Craig Pavilion,NA,782,NA,NA,San Diego,made,Kjay Bradley Jr.,NA,FALSE,TRUE,San Diego,Santa Clara,FALSE
401706675,2025-01-02,San Diego,Santa Clara,44,1,14:21,2061,2061,Foul on Deven Dahlke.,home,6,10,-4,19,FALSE,TRUE,0.07646573307023566,0.3976747633160163,6,5,-13.5,152.5,Gregory Nixon/Wilson Holland/D.G. Nelson,"San Diego, CA",Jenny Craig Pavilion,NA,782,NA,NA,NA,NA,NA,NA,NA,NA,Santa Clara,Santa Clara,FALSE
401706675,2025-01-02,San Diego,Santa Clara,45,1,14:21,2061,2061,Elijah Mahi missed Free Throw.,away,6,10,-4,0,FALSE,FALSE,0.07646573307023566,0.3976747633160163,6,5,-13.5,152.5,Gregory Nixon/Wilson Holland/D.G. Nelson,"San Diego, CA",Jenny Craig Pavilion,NA,782,NA,NA,Santa Clara,missed,Elijah Mahi,NA,FALSE,TRUE,Santa Clara,Santa Clara,FALSE
401706675,2025-01-02,San Diego,Santa Clara,46,1,14:21,2061,2061,Santa Clara Offensive Rebound.,away,6,10,-4,0,FALSE,FALSE,0.07646573307023566,0.3976747633160163,6,5,-13.5,152.5,Gregory Nixon/Wilson Holland/D.G. Nelson,"San Diego, CA",Jenny Craig Pavilion,NA,782,NA,NA,NA,NA,NA,NA,NA,NA,Santa Clara,Santa Clara,FALSE
401706675,2025-01-02,San Diego,Santa Clara,47,1,14:21,2061,2061,Elijah Mahi made Free Throw.,away,6,11,-5,0,TRUE,FALSE,0.06945082566077729,0.37309689513705646,6,5,-13.5,152.5,Gregory Nixon/Wilson Holland/D.G. Nelson,"San Diego, CA",Jenny Craig Pavilion,NA,782,NA,NA,Santa Clara,made,Elijah Mahi,NA,FALSE,TRUE,Santa Clara,San Diego,FALSE
401706675,2025-01-02,San Diego,Santa Clara,48,1,14:07,2047,2047,Bendji Pierre missed Jumper.,home,6,11,-5,14,FALSE,FALSE,0.06951786413802473,0.3722974906738093,6,5,-13.5,152.5,Gregory Nixon/Wilson Holland/D.G. Nelson,"San Diego, CA",Jenny Craig Pavilion,NA,782,NA,NA,San Diego,missed,Bendji Pierre,NA,FALSE,FALSE,San Diego,San Diego,FALSE
401706675,2025-01-02,San Diego,Santa Clara,49,1,14:04,2044,2044,Steven Jamerson II Offensive Rebound.,home,6,11,-5,3,FALSE,FALSE,0.06953251558017204,0.3721255900581688,6,5,-13.5,152.5,Gregory Nixon/Wilson Holland/D.G. Nelson,"San Diego, CA",Jenny Craig Pavilion,NA,782,NA,NA,NA,NA,NA,NA,NA,NA,San Diego,San Diego,FALSE
401706675,2025-01-02,San Diego,Santa Clara,50,1,14:03,2043,2043,Steven Jamerson II missed Layup.,home,6,11,-5,1,FALSE,FALSE,0.06953742136724571,0.372068241937177,6,5,-13.5,152.5,Gregory Nixon/Wilson Holland/D.G. Nelson,"San Diego, CA",Jenny Craig Pavilion,NA,782,NA,NA,San Diego,missed,Steven Jamerson II,NA,FALSE,FALSE,San Diego,San Diego,FALSE
401706675,2025-01-02,San Diego,Santa Clara,51,1,14:00,2040,2040,Bendji Pierre Offensive Rebound.,home,6,11,-5,3,FALSE,FALSE,0.06955220410742649,0.3718960527978223,6,5,-13.5,152.5,Gregory Nixon/Wilson Holland/D.G. Nelson,"San Diego, CA",Jenny Craig Pavilion,NA,782,NA,NA,NA,NA,NA,NA,NA,NA,San Diego,San Diego,FALSE
401706675,2025-01-02,San Diego,Santa Clara,52,1,14:00,2040,2040,Bendji Pierre made Jumper.,home,8,11,-3,0,TRUE,FALSE,0.08440466288970341,0.42202775367172374,6,5,-13.5,152.5,Gregory Nixon/Wilson Holland/D.G. Nelson,"San Diego, CA",Jenny Craig Pavilion,NA,782,NA,NA,San Diego,made,Bendji Pierre,NA,FALSE,FALSE,San Diego,Santa Clara,FALSE
401706675,2025-01-02,San Diego,Santa Clara,53,1,13:47,2027,2027,Johnny O'Neil missed Three Point Jumper.,away,8,11,-3,13,FALSE,FALSE,0.08458174187373922,0.42155853994472375,6,5,-13.5,152.5,Gregory Nixon/Wilson Holland/D.G. Nelson,"San Diego, CA",Jenny Craig Pavilion,NA,782,NA,NA,Santa Clara,missed,Johnny O'Neil,NA,TRUE,FALSE,Santa Clara,San Diego,FALSE
401706675,2025-01-02,San Diego,Santa Clara,54,1,13:44,2024,2024,Kjay Bradley Jr. Defensive Rebound.,home,8,11,-3,3,FALSE,FALSE,0.08462303525656184,0.42144984864376434,6,5,-13.5,152.5,Gregory Nixon/Wilson Holland/D.G. Nelson,"San Diego, CA",Jenny Craig Pavilion,NA,782,NA,NA,NA,NA,NA,NA,NA,NA,Santa Clara,San Diego,FALSE
401706675,2025-01-02,San Diego,Santa Clara,55,1,13:31,2011,2011,Kody Clouet missed Layup.,home,8,11,-3,13,FALSE,FALSE,0.08480380120681191,0.4209770223251427,6,5,-13.5,152.5,Gregory Nixon/Wilson Holland/D.G. Nelson,"San Diego, CA",Jenny Craig Pavilion,NA,782,NA,NA,San Diego,missed,Kody Clouet,NA,FALSE,FALSE,San Diego,Santa Clara,FALSE
401706675,2025-01-02,San Diego,Santa Clara,56,1,13:28,2008,2008,Bukky Oboye Defensive Rebound.,away,8,11,-3,3,FALSE,FALSE,0.0848459335519369,0.42086747872845764,6,5,-13.5,152.5,Gregory Nixon/Wilson Holland/D.G. Nelson,"San Diego, CA",Jenny Craig Pavilion,NA,782,NA,NA,NA,NA,NA,NA,NA,NA,San Diego,Santa Clara,FALSE
401706675,2025-01-02,San Diego,Santa Clara,57,1,13:13,1993,1993,Bukky Oboye made Dunk. Assisted by Brenton Knapper.,away,8,13,-5,15,TRUE,FALSE,0.06979583138150104,0.3691686098893784,6,5,-13.5,152.5,Gregory Nixon/Wilson Holland/D.G. Nelson,"San Diego, CA",Jenny Craig Pavilion,NA,782,NA,NA,Santa Clara,made,Bukky Oboye,Brenton Knapper,FALSE,FALSE,Santa Clara,San Diego,FALSE
401706675,2025-01-02,San Diego,Santa Clara,58,1,12:57,1977,1977,Foul on Bukky Oboye.,away,8,13,-5,16,FALSE,TRUE,0.06988349878560361,0.3682265248766878,6,5,-13.5,152.5,Gregory Nixon/Wilson Holland/D.G. Nelson,"San Diego, CA",Jenny Craig Pavilion,NA,782,NA,NA,NA,NA,NA,NA,NA,NA,San Diego,San Diego,FALSE
401706675,2025-01-02,San Diego,Santa Clara,59,1,12:52,1972,1972,Santiago Trouet made Dunk. Assisted by Bendji Pierre.,home,10,13,-3,5,TRUE,FALSE,0.08536334317199225,0.41953979445735884,6,5,-13.5,152.5,Gregory Nixon/Wilson Holland/D.G. Nelson,"San Diego, CA",Jenny Craig Pavilion,NA,782,NA,NA,San Diego,made,Santiago Trouet,Bendji Pierre,FALSE,FALSE,San Diego,Santa Clara,FALSE
401706675,2025-01-02,San Diego,Santa Clara,60,1,12:20,1940,1940,Elijah Mahi made Jumper.,away,10,15,-5,32,TRUE,FALSE,0.07009415781613908,0.3660191558240817,6,5,-13.5,152.5,Gregory Nixon/Wilson Holland/D.G. Nelson,"San Diego, CA",Jenny Craig Pavilion,NA,782,NA,NA,Santa Clara,made,Elijah Mahi,NA,FALSE,FALSE,Santa Clara,San Diego,FALSE
401706675,2025-01-02,San Diego,Santa Clara,61,1,12:03,1923,1923,Bendji Pierre missed Three Point Jumper.,home,10,15,-5,17,FALSE,FALSE,0.0701947798157447,0.3649918913007797,6,5,-13.5,152.5,Gregory Nixon/Wilson Holland/D.G. Nelson,"San Diego, CA",Jenny Craig Pavilion,NA,782,NA,NA,San Diego,missed,Bendji Pierre,NA,TRUE,FALSE,San Diego,Santa Clara,FALSE
401706675,2025-01-02,San Diego,Santa Clara,62,1,12:00,1920,1920,Johnny O'Neil Defensive Rebound.,away,10,15,-5,3,FALSE,FALSE,0.07021319181679116,0.3648106386363197,6,5,-13.5,152.5,Gregory Nixon/Wilson Holland/D.G. Nelson,"San Diego, CA",Jenny Craig Pavilion,NA,782,NA,NA,NA,NA,NA,NA,NA,NA,San Diego,Santa Clara,FALSE
401706675,2025-01-02,San Diego,Santa Clara,63,1,11:52,1912,1912,Tyeree Bryan missed Three Point Jumper.,away,10,15,-5,8,FALSE,FALSE,0.07026348201604338,0.3643278343318932,6,5,-13.5,152.5,Gregory Nixon/Wilson Holland/D.G. Nelson,"San Diego, CA",Jenny Craig Pavilion,NA,782,NA,NA,Santa Clara,missed,Tyeree Bryan,NA,TRUE,FALSE,Santa Clara,San Diego,FALSE
401706675,2025-01-02,San Diego,Santa Clara,64,1,11:50,1910,1910,Santiago Trouet Defensive Rebound.,home,10,15,-5,2,FALSE,FALSE,0.07027631858516238,0.36420723946427047,6,5,-13.5,152.5,Gregory Nixon/Wilson Holland/D.G. Nelson,"San Diego, CA",Jenny Craig Pavilion,NA,782,NA,NA,NA,NA,NA,NA,NA,NA,Santa Clara,San Diego,FALSE
401706675,2025-01-02,San Diego,Santa Clara,65,1,11:44,1904,1904,Kjay Bradley Jr. missed Three Point Jumper.,home,10,15,-5,6,FALSE,FALSE,0.07031544188660882,0.3638456636242246,6,5,-13.5,152.5,Gregory Nixon/Wilson Holland/D.G. Nelson,"San Diego, CA",Jenny Craig Pavilion,NA,782,NA,NA,San Diego,missed,Kjay Bradley Jr.,NA,TRUE,FALSE,San Diego,Santa Clara,FALSE
401706675,2025-01-02,San Diego,Santa Clara,66,1,11:41,1901,1901,Tyeree Bryan Defensive Rebound.,away,10,15,-5,3,FALSE,FALSE,0.0703353409224643,0.363664975314763,6,5,-13.5,152.5,Gregory Nixon/Wilson Holland/D.G. Nelson,"San Diego, CA",Jenny Craig Pavilion,NA,782,NA,NA,NA,NA,NA,NA,NA,NA,San Diego,Santa Clara,FALSE
401706675,2025-01-02,San Diego,Santa Clara,67,1,11:32,1892,1892,Elijah Mahi missed Three Point Jumper.,away,10,15,-5,9,FALSE,FALSE,0.07039633671493727,0.36312319236245566,6,5,-13.5,152.5,Gregory Nixon/Wilson Holland/D.G. Nelson,"San Diego, CA",Jenny Craig Pavilion,NA,782,NA,NA,Santa Clara,missed,Elijah Mahi,NA,TRUE,FALSE,Santa Clara,Santa Clara,FALSE
401706675,2025-01-02,San Diego,Santa Clara,68,1,11:29,1889,1889,Johnny O'Neil Offensive Rebound.,away,10,15,-5,3,FALSE,FALSE,0.07041708739765334,0.3629426597334108,6,5,-13.5,152.5,Gregory Nixon/Wilson Holland/D.G. Nelson,"San Diego, CA",Jenny Craig Pavilion,NA,782,NA,NA,NA,NA,NA,NA,NA,NA,Santa Clara,Santa Clara,FALSE
401706675,2025-01-02,San Diego,Santa Clara,69,1,11:21,1881,1881,Tyeree Bryan missed Three Point Jumper.,away,10,15,-5,8,FALSE,FALSE,0.07047340000753408,0.3624612850697646,6,5,-13.5,152.5,Gregory Nixon/Wilson Holland/D.G. Nelson,"San Diego, CA",Jenny Craig Pavilion,NA,782,NA,NA,Santa Clara,missed,Tyeree Bryan,NA,TRUE,FALSE,Santa Clara,San Diego,FALSE
401706675,2025-01-02,San Diego,Santa Clara,70,1,11:18,1878,1878,Santiago Trouet Defensive Rebound.,home,10,15,-5,3,FALSE,FALSE,0.07049487164743774,0.3622807591543464,6,5,-13.5,152.5,Gregory Nixon/Wilson Holland/D.G. Nelson,"San Diego, CA",Jenny Craig Pavilion,NA,782,NA,NA,NA,NA,NA,NA,NA,NA,Santa Clara,San Diego,FALSE
401706675,2025-01-02,San Diego,Santa Clara,71,1,10:57,1857,1857,Deven Dahlke missed Three Point Jumper.,home,10,15,-5,21,FALSE,FALSE,0.07065016129573728,0.36101595946851023,6,5,-13.5,152.5,Gregory Nixon/Wilson Holland/D.G. Nelson,"San Diego, CA",Jenny Craig Pavilion,NA,782,NA,NA,San Diego,missed,Deven Dahlke,NA,TRUE,FALSE,San Diego,San Diego,FALSE
401706675,2025-01-02,San Diego,Santa Clara,72,1,10:55,1855,1855,Santiago Trouet Offensive Rebound.,home,10,15,-5,2,FALSE,FALSE,0.07066537448386297,0.3608953293377458,6,5,-13.5,152.5,Gregory Nixon/Wilson Holland/D.G. Nelson,"San Diego, CA",Jenny Craig Pavilion,NA,782,NA,NA,NA,NA,NA,NA,NA,NA,San Diego,San Diego,FALSE
401706675,2025-01-02,San Diego,Santa Clara,73,1,10:54,1854,1854,Santiago Trouet missed Layup.,home,10,15,-5,1,FALSE,FALSE,0.07067300680568632,0.3608349987257522,6,5,-13.5,152.5,Gregory Nixon/Wilson Holland/D.G. Nelson,"San Diego, CA",Jenny Craig Pavilion,NA,782,NA,NA,San Diego,missed,Santiago Trouet,NA,FALSE,FALSE,San Diego,Santa Clara,FALSE
401706675,2025-01-02,San Diego,Santa Clara,74,1,10:51,1851,1851,Bukky Oboye Defensive Rebound.,away,10,15,-5,3,FALSE,FALSE,0.07069600477323078,0.36065394044912175,6,5,-13.5,152.5,Gregory Nixon/Wilson Holland/D.G. Nelson,"San Diego, CA",Jenny Craig Pavilion,NA,782,NA,NA,NA,NA,NA,NA,NA,NA,San Diego,Santa Clara,FALSE
401706675,2025-01-02,San Diego,Santa Clara,75,1,10:47,1847,1847,Brenton Knapper made Three Point Jumper. Assisted by Johnny O'Neil.,away,10,18,-8,4,TRUE,FALSE,0.05118721991057091,0.2854227429183745,6,5,-13.5,152.5,Gregory Nixon/Wilson Holland/D.G. Nelson,"San Diego, CA",Jenny Craig Pavilion,NA,782,NA,NA,Santa Clara,made,Brenton Knapper,Johnny O'Neil,TRUE,FALSE,Santa Clara,San Diego,FALSE
401706675,2025-01-02,San Diego,Santa Clara,76,1,10:37,1837,1837,San Diego  Timeout,home,10,18,-8,10,FALSE,FALSE,0.05116856829250387,0.2845668282401286,5,5,-13.5,152.5,Gregory Nixon/Wilson Holland/D.G. Nelson,"San Diego, CA",Jenny Craig Pavilion,NA,782,NA,NA,NA,NA,NA,NA,NA,NA,San Diego,San Diego,FALSE
401706675,2025-01-02,San Diego,Santa Clara,77,1,10:37,1837,1837, Official TV Timeout,NA,10,18,-8,0,FALSE,FALSE,0.05116856829250387,0.2845668282401286,5,4,-13.5,152.5,Gregory Nixon/Wilson Holland/D.G. Nelson,"San Diego, CA",Jenny Craig Pavilion,NA,782,NA,NA,NA,NA,NA,NA,NA,NA,San Diego,San Diego,FALSE
401706675,2025-01-02,San Diego,Santa Clara,78,1,10:28,1828,1828,Kody Clouet missed Jumper.,home,10,18,-8,9,FALSE,FALSE,0.05115240762371569,0.28379526977638997,5,4,-13.5,152.5,Gregory Nixon/Wilson Holland/D.G. Nelson,"San Diego, CA",Jenny Craig Pavilion,NA,782,NA,NA,San Diego,missed,Kody Clouet,NA,FALSE,FALSE,San Diego,Santa Clara,FALSE
401706675,2025-01-02,San Diego,Santa Clara,79,1,10:25,1825,1825,Johnny O'Neil Defensive Rebound.,away,10,18,-8,3,FALSE,FALSE,0.05114713039622751,0.2835377593083364,5,4,-13.5,152.5,Gregory Nixon/Wilson Holland/D.G. Nelson,"San Diego, CA",Jenny Craig Pavilion,NA,782,NA,NA,NA,NA,NA,NA,NA,NA,San Diego,Santa Clara,FALSE
401706675,2025-01-02,San Diego,Santa Clara,80,1,10:21,1821,1821,Elijah Mahi made Layup.,away,10,20,-10,4,TRUE,FALSE,0.04097877463722795,0.2385145845575982,5,4,-13.5,152.5,Gregory Nixon/Wilson Holland/D.G. Nelson,"San Diego, CA",Jenny Craig Pavilion,NA,782,NA,NA,Santa Clara,made,Elijah Mahi,NA,FALSE,FALSE,Santa Clara,San Diego,FALSE
401706675,2025-01-02,San Diego,Santa Clara,81,1,9:57,1797,1797,Kody Clouet missed Three Point Jumper.,home,10,20,-10,24,FALSE,FALSE,0.040845648355008625,0.23620163272345063,5,4,-13.5,152.5,Gregory Nixon/Wilson Holland/D.G. Nelson,"San Diego, CA",Jenny Craig Pavilion,NA,782,NA,NA,San Diego,missed,Kody Clouet,NA,TRUE,FALSE,San Diego,Santa Clara,FALSE
401706675,2025-01-02,San Diego,Santa Clara,82,1,9:54,1794,1794,Johnny O'Neil Defensive Rebound.,away,10,20,-10,3,FALSE,FALSE,0.04082900101033754,0.23591150389595977,5,4,-13.5,152.5,Gregory Nixon/Wilson Holland/D.G. Nelson,"San Diego, CA",Jenny Craig Pavilion,NA,782,NA,NA,NA,NA,NA,NA,NA,NA,San Diego,Santa Clara,FALSE
401706675,2025-01-02,San Diego,Santa Clara,83,1,9:50,1790,1790,Johnny O'Neil missed Three Point Jumper.,away,10,20,-10,4,FALSE,FALSE,0.04080677935707634,0.23552424188755725,5,4,-13.5,152.5,Gregory Nixon/Wilson Holland/D.G. Nelson,"San Diego, CA",Jenny Craig Pavilion,NA,782,NA,NA,Santa Clara,missed,Johnny O'Neil,NA,TRUE,FALSE,Santa Clara,Santa Clara,FALSE
401706675,2025-01-02,San Diego,Santa Clara,84,1,9:47,1787,1787,Tyeree Bryan Offensive Rebound.,away,10,20,-10,3,FALSE,FALSE,0.040790088699804466,0.23523345987778893,5,4,-13.5,152.5,Gregory Nixon/Wilson Holland/D.G. Nelson,"San Diego, CA",Jenny Craig Pavilion,NA,782,NA,NA,NA,NA,NA,NA,NA,NA,Santa Clara,Santa Clara,FALSE
401706675,2025-01-02,San Diego,Santa Clara,85,1,9:42,1782,1782,Camaron Tongue missed Three Point Jumper.,away,10,20,-10,5,FALSE,FALSE,0.040762211831632866,0.2347481435993489,5,4,-13.5,152.5,Gregory Nixon/Wilson Holland/D.G. Nelson,"San Diego, CA",Jenny Craig Pavilion,NA,782,NA,NA,Santa Clara,missed,Camaron Tongue,NA,TRUE,FALSE,Santa Clara,San Diego,FALSE
401706675,2025-01-02,San Diego,Santa Clara,86,1,9:40,1780,1780,Kjay Bradley Jr. Defensive Rebound.,home,10,20,-10,2,FALSE,FALSE,0.04075103672998795,0.23455376745997716,5,4,-13.5,152.5,Gregory Nixon/Wilson Holland/D.G. Nelson,"San Diego, CA",Jenny Craig Pavilion,NA,782,NA,NA,NA,NA,NA,NA,NA,NA,Santa Clara,San Diego,FALSE
401706675,2025-01-02,San Diego,Santa Clara,87,1,9:09,1749,1749,Kjay Bradley Jr. missed Three Point Jumper.,home,10,20,-10,31,FALSE,FALSE,0.04057503039091748,0.23151947393860162,5,4,-13.5,152.5,Gregory Nixon/Wilson Holland/D.G. Nelson,"San Diego, CA",Jenny Craig Pavilion,NA,782,NA,NA,San Diego,missed,Kjay Bradley Jr.,NA,TRUE,FALSE,San Diego,Santa Clara,FALSE
401706675,2025-01-02,San Diego,Santa Clara,88,1,9:06,1746,1746,Brenton Knapper Defensive Rebound.,away,10,20,-10,3,FALSE,FALSE,0.04055762400076802,0.2312233925312557,5,4,-13.5,152.5,Gregory Nixon/Wilson Holland/D.G. Nelson,"San Diego, CA",Jenny Craig Pavilion,NA,782,NA,NA,NA,NA,NA,NA,NA,NA,San Diego,Santa Clara,FALSE
401706675,2025-01-02,San Diego,Santa Clara,89,1,8:53,1733,1733,Foul on Santiago Trouet.,home,10,20,-10,13,FALSE,TRUE,0.04048118319161699,0.22993461250510422,5,4,-13.5,152.5,Gregory Nixon/Wilson Holland/D.G. Nelson,"San Diego, CA",Jenny Craig Pavilion,NA,782,NA,NA,NA,NA,NA,NA,NA,NA,Santa Clara,Santa Clara,FALSE
401706675,2025-01-02,San Diego,Santa Clara,90,1,8:44,1724,1724,Brenton Knapper Turnover.,away,10,20,-10,9,FALSE,FALSE,0.040427171981356515,0.2290365075749832,5,4,-13.5,152.5,Gregory Nixon/Wilson Holland/D.G. Nelson,"San Diego, CA",Jenny Craig Pavilion,NA,782,NA,NA,NA,NA,NA,NA,NA,NA,Santa Clara,San Diego,FALSE
401706675,2025-01-02,San Diego,Santa Clara,91,1,8:44,1724,1724,Joey Chammaa Steal.,home,10,20,-10,0,FALSE,FALSE,0.040427171981356515,0.2290365075749832,5,4,-13.5,152.5,Gregory Nixon/Wilson Holland/D.G. Nelson,"San Diego, CA",Jenny Craig Pavilion,NA,782,NA,NA,NA,NA,NA,NA,NA,NA,Santa Clara,San Diego,FALSE
401706675,2025-01-02,San Diego,Santa Clara,92,1,8:38,1718,1718,Foul on Camaron Tongue.,away,10,20,-10,6,FALSE,TRUE,0.040390604807526334,0.2284349059907562,5,4,-13.5,152.5,Gregory Nixon/Wilson Holland/D.G. Nelson,"San Diego, CA",Jenny Craig Pavilion,NA,782,NA,NA,NA,NA,NA,NA,NA,NA,San Diego,San Diego,FALSE
401706675,2025-01-02,San Diego,Santa Clara,93,1,8:38,1718,1718,Kjay Bradley Jr. made Free Throw.,home,11,20,-9,0,TRUE,FALSE,0.04538128806584538,0.2505928771069297,5,4,-13.5,152.5,Gregory Nixon/Wilson Holland/D.G. Nelson,"San Diego, CA",Jenny Craig Pavilion,NA,782,NA,NA,San Diego,made,Kjay Bradley Jr.,NA,FALSE,TRUE,San Diego,San Diego,FALSE
401706675,2025-01-02,San Diego,Santa Clara,94,1,8:38,1718,1718,Kjay Bradley Jr. missed Free Throw.,home,11,20,-9,0,FALSE,FALSE,0.04538128806584538,0.2505928771069297,5,4,-13.5,152.5,Gregory Nixon/Wilson Holland/D.G. Nelson,"San Diego, CA",Jenny Craig Pavilion,NA,782,NA,NA,San Diego,missed,Kjay Bradley Jr.,NA,FALSE,TRUE,San Diego,Santa Clara,FALSE
401706675,2025-01-02,San Diego,Santa Clara,95,1,8:36,1716,1716,Jake Ensminger Defensive Rebound.,away,11,20,-9,2,FALSE,FALSE,0.04537248763371464,0.25040005724492354,5,4,-13.5,152.5,Gregory Nixon/Wilson Holland/D.G. Nelson,"San Diego, CA",Jenny Craig Pavilion,NA,782,NA,NA,NA,NA,NA,NA,NA,NA,San Diego,Santa Clara,FALSE
401706675,2025-01-02,San Diego,Santa Clara,96,1,8:13,1693,1693,Tyeree Bryan missed Three Point Jumper.,away,11,20,-9,23,FALSE,FALSE,0.04526705819219092,0.24816154431384174,5,4,-13.5,152.5,Gregory Nixon/Wilson Holland/D.G. Nelson,"San Diego, CA",Jenny Craig Pavilion,NA,782,NA,NA,Santa Clara,missed,Tyeree Bryan,NA,TRUE,FALSE,Santa Clara,San Diego,FALSE
401706675,2025-01-02,San Diego,Santa Clara,97,1,8:11,1691,1691,Steven Jamerson II Defensive Rebound.,home,11,20,-9,2,FALSE,FALSE,0.045257487646675726,0.24796495793007942,5,4,-13.5,152.5,Gregory Nixon/Wilson Holland/D.G. Nelson,"San Diego, CA",Jenny Craig Pavilion,NA,782,NA,NA,NA,NA,NA,NA,NA,NA,Santa Clara,San Diego,FALSE
401706675,2025-01-02,San Diego,Santa Clara,98,1,7:59,1679,1679,Bendji Pierre missed Jumper.,home,11,20,-9,12,FALSE,FALSE,0.04520362733397224,0.2467944073604527,5,4,-13.5,152.5,Gregory Nixon/Wilson Holland/D.G. Nelson,"San Diego, CA",Jenny Craig Pavilion,NA,782,NA,NA,San Diego,missed,Bendji Pierre,NA,FALSE,FALSE,San Diego,Santa Clara,FALSE
401706675,2025-01-02,San Diego,Santa Clara,99,1,7:57,1677,1677,Santa Clara Defensive Rebound.,away,11,20,-9,2,FALSE,FALSE,0.04519552911621068,0.2466017001206698,5,4,-13.5,152.5,Gregory Nixon/Wilson Holland/D.G. Nelson,"San Diego, CA",Jenny Craig Pavilion,NA,782,NA,NA,NA,NA,NA,NA,NA,NA,San Diego,Santa Clara,FALSE
401706675,2025-01-02,San Diego,Santa Clara,100,1,7:57,1677,1677, Official TV Timeout,NA,11,20,-9,0,FALSE,FALSE,0.04519552911621068,0.2466017001206698,5,3,-13.5,152.5,Gregory Nixon/Wilson Holland/D.G. Nelson,"San Diego, CA",Jenny Craig Pavilion,NA,782,NA,NA,NA,NA,NA,NA,NA,NA,San Diego,Santa Clara,FALSE
401706675,2025-01-02,San Diego,Santa Clara,101,1,7:32,1652,1652,Jake Ensminger missed Three Point Jumper.,away,11,20,-9,25,FALSE,FALSE,0.04511300214446624,0.24424235578876013,5,3,-13.5,152.5,Gregory Nixon/Wilson Holland/D.G. Nelson,"San Diego, CA",Jenny Craig Pavilion,NA,782,NA,NA,Santa Clara,missed,Jake Ensminger,NA,TRUE,FALSE,Santa Clara,Santa Clara,FALSE
401706675,2025-01-02,San Diego,Santa Clara,102,1,7:30,1650,1650,Camaron Tongue Offensive Rebound.,away,11,20,-9,2,FALSE,FALSE,0.0451077394286826,0.2440570659769456,5,3,-13.5,152.5,Gregory Nixon/Wilson Holland/D.G. Nelson,"San Diego, CA",Jenny Craig Pavilion,NA,782,NA,NA,NA,NA,NA,NA,NA,NA,Santa Clara,Santa Clara,FALSE
401706675,2025-01-02,San Diego,Santa Clara,103,1,7:19,1639,1639,Carlos Stewart Jr. made Three Point Jumper. Assisted by Adama-Alpha Bal.,away,11,23,-12,11,TRUE,FALSE,0.031315310071040214,0.18023738828354757,5,3,-13.5,152.5,Gregory Nixon/Wilson Holland/D.G. Nelson,"San Diego, CA",Jenny Craig Pavilion,NA,782,NA,NA,Santa Clara,made,Carlos Stewart Jr.,Adama-Alpha Bal,TRUE,FALSE,Santa Clara,San Diego,FALSE
401706675,2025-01-02,San Diego,Santa Clara,104,1,6:59,1619,1619,Kjay Bradley Jr. missed Jumper.,home,11,23,-12,20,FALSE,FALSE,0.03119013955704449,0.1782986549387807,5,3,-13.5,152.5,Gregory Nixon/Wilson Holland/D.G. Nelson,"San Diego, CA",Jenny Craig Pavilion,NA,782,NA,NA,San Diego,missed,Kjay Bradley Jr.,NA,FALSE,FALSE,San Diego,Santa Clara,FALSE
401706675,2025-01-02,San Diego,Santa Clara,105,1,6:55,1615,1615,Jake Ensminger Defensive Rebound.,away,11,23,-12,4,FALSE,FALSE,0.031166227217825904,0.17791484541180197,5,3,-13.5,152.5,Gregory Nixon/Wilson Holland/D.G. Nelson,"San Diego, CA",Jenny Craig Pavilion,NA,782,NA,NA,NA,NA,NA,NA,NA,NA,San Diego,Santa Clara,FALSE
401706675,2025-01-02,San Diego,Santa Clara,106,1,6:49,1609,1609,Tyeree Bryan Turnover.,away,11,23,-12,6,FALSE,FALSE,0.03113090242524415,0.17734099547547777,5,3,-13.5,152.5,Gregory Nixon/Wilson Holland/D.G. Nelson,"San Diego, CA",Jenny Craig Pavilion,NA,782,NA,NA,NA,NA,NA,NA,NA,NA,Santa Clara,San Diego,FALSE
401706675,2025-01-02,San Diego,Santa Clara,107,1,6:49,1609,1609,Kjay Bradley Jr. Steal.,home,11,23,-12,0,FALSE,FALSE,0.03113090242524415,0.17734099547547777,5,3,-13.5,152.5,Gregory Nixon/Wilson Holland/D.G. Nelson,"San Diego, CA",Jenny Craig Pavilion,NA,782,NA,NA,NA,NA,NA,NA,NA,NA,Santa Clara,San Diego,FALSE
401706675,2025-01-02,San Diego,Santa Clara,108,1,6:25,1585,1585,Steven Jamerson II made Layup. Assisted by Kjay Bradley Jr..,home,13,23,-10,24,TRUE,FALSE,0.039767966311826046,0.21554525097876814,5,3,-13.5,152.5,Gregory Nixon/Wilson Holland/D.G. Nelson,"San Diego, CA",Jenny Craig Pavilion,NA,782,NA,NA,San Diego,made,Steven Jamerson II,Kjay Bradley Jr,FALSE,FALSE,San Diego,Santa Clara,FALSE
401706675,2025-01-02,San Diego,Santa Clara,109,1,6:09,1569,1569,Camaron Tongue made Layup. Assisted by Tyeree Bryan.,away,13,25,-12,16,TRUE,FALSE,0.03090414094311927,0.1735428978298455,5,3,-13.5,152.5,Gregory Nixon/Wilson Holland/D.G. Nelson,"San Diego, CA",Jenny Craig Pavilion,NA,782,NA,NA,Santa Clara,made,Camaron Tongue,Tyeree Bryan,FALSE,FALSE,Santa Clara,San Diego,FALSE
401706675,2025-01-02,San Diego,Santa Clara,110,1,5:42,1542,1542,Tony Duckett made Jumper.,home,15,25,-10,27,TRUE,FALSE,0.03963687785637054,0.2115398293082911,5,3,-13.5,152.5,Gregory Nixon/Wilson Holland/D.G. Nelson,"San Diego, CA",Jenny Craig Pavilion,NA,782,NA,NA,San Diego,made,Tony Duckett,NA,FALSE,FALSE,San Diego,Santa Clara,FALSE
401706675,2025-01-02,San Diego,Santa Clara,111,1,5:28,1528,1528,Foul on Steven Jamerson II.,home,15,25,-10,14,FALSE,TRUE,0.03958843129622128,0.21020996525170704,5,3,-13.5,152.5,Gregory Nixon/Wilson Holland/D.G. Nelson,"San Diego, CA",Jenny Craig Pavilion,NA,782,NA,NA,NA,NA,NA,NA,NA,NA,Santa Clara,Santa Clara,FALSE
401706675,2025-01-02,San Diego,Santa Clara,112,1,5:28,1528,1528,Camaron Tongue made Free Throw.,away,15,26,-11,0,TRUE,FALSE,0.034851325010335325,0.18907584598001637,5,3,-13.5,152.5,Gregory Nixon/Wilson Holland/D.G. Nelson,"San Diego, CA",Jenny Craig Pavilion,NA,782,NA,NA,Santa Clara,made,Camaron Tongue,NA,FALSE,TRUE,Santa Clara,Santa Clara,FALSE
401706675,2025-01-02,San Diego,Santa Clara,113,1,5:28,1528,1528,Camaron Tongue made Free Throw.,away,15,27,-12,0,TRUE,FALSE,0.030662958094490936,0.16961020666671672,5,3,-13.5,152.5,Gregory Nixon/Wilson Holland/D.G. Nelson,"San Diego, CA",Jenny Craig Pavilion,NA,782,NA,NA,Santa Clara,made,Camaron Tongue,NA,FALSE,TRUE,Santa Clara,San Diego,FALSE
401706675,2025-01-02,San Diego,Santa Clara,114,1,5:04,1504,1504,Santiago Trouet missed Three Point Jumper.,home,15,27,-12,24,FALSE,FALSE,0.030504050940331724,0.16724137356954819,5,3,-13.5,152.5,Gregory Nixon/Wilson Holland/D.G. Nelson,"San Diego, CA",Jenny Craig Pavilion,NA,782,NA,NA,San Diego,missed,Santiago Trouet,NA,TRUE,FALSE,San Diego,Santa Clara,FALSE
401706675,2025-01-02,San Diego,Santa Clara,115,1,5:02,1502,1502,Elijah Mahi Defensive Rebound.,away,15,27,-12,2,FALSE,FALSE,0.03048993473837465,0.16704077525340685,5,3,-13.5,152.5,Gregory Nixon/Wilson Holland/D.G. Nelson,"San Diego, CA",Jenny Craig Pavilion,NA,782,NA,NA,NA,NA,NA,NA,NA,NA,San Diego,Santa Clara,FALSE
401706675,2025-01-02,San Diego,Santa Clara,116,1,4:49,1489,1489,Bukky Oboye missed Layup.,away,15,27,-12,13,FALSE,FALSE,0.030394297214738075,0.16572288009540867,5,3,-13.5,152.5,Gregory Nixon/Wilson Holland/D.G. Nelson,"San Diego, CA",Jenny Craig Pavilion,NA,782,NA,NA,Santa Clara,missed,Bukky Oboye,NA,FALSE,FALSE,Santa Clara,San Diego,FALSE
401706675,2025-01-02,San Diego,Santa Clara,117,1,4:46,1486,1486,Joey Chammaa Defensive Rebound.,home,15,27,-12,3,FALSE,FALSE,0.030371203566664427,0.16541507892561066,5,3,-13.5,152.5,Gregory Nixon/Wilson Holland/D.G. Nelson,"San Diego, CA",Jenny Craig Pavilion,NA,782,NA,NA,NA,NA,NA,NA,NA,NA,Santa Clara,San Diego,FALSE
401706675,2025-01-02,San Diego,Santa Clara,118,1,4:42,1482,1482,Joey Chammaa made Three Point Jumper. Assisted by Deven Dahlke.,home,18,27,-9,4,TRUE,FALSE,0.04482540590346118,0.22862321287787726,5,3,-13.5,152.5,Gregory Nixon/Wilson Holland/D.G. Nelson,"San Diego, CA",Jenny Craig Pavilion,NA,782,NA,NA,San Diego,made,Joey Chammaa,Deven Dahlke,TRUE,FALSE,San Diego,Santa Clara,FALSE
401706675,2025-01-02,San Diego,Santa Clara,119,1,4:42,1482,1482,Foul on Bukky Oboye.,away,18,27,-9,0,FALSE,TRUE,0.04482540590346118,0.22862321287787726,5,3,-13.5,152.5,Gregory Nixon/Wilson Holland/D.G. Nelson,"San Diego, CA",Jenny Craig Pavilion,NA,782,NA,NA,NA,NA,NA,NA,NA,NA,San Diego,Santa Clara,FALSE
401706675,2025-01-02,San Diego,Santa Clara,120,1,4:42,1482,1482,Joey Chammaa made Free Throw.,home,19,27,-8,0,TRUE,FALSE,0.05097999086799398,0.25332074619255557,5,3,-13.5,152.5,Gregory Nixon/Wilson Holland/D.G. Nelson,"San Diego, CA",Jenny Craig Pavilion,NA,782,NA,NA,San Diego,made,Joey Chammaa,NA,FALSE,TRUE,San Diego,Santa Clara,FALSE
401706675,2025-01-02,San Diego,Santa Clara,121,1,4:17,1457,1457,Jake Ensminger made Dunk. Assisted by Elijah Mahi.,away,19,29,-10,25,TRUE,FALSE,0.03922789789514083,0.20305297973215564,5,3,-13.5,152.5,Gregory Nixon/Wilson Holland/D.G. Nelson,"San Diego, CA",Jenny Craig Pavilion,NA,782,NA,NA,Santa Clara,made,Jake Ensminger,Elijah Mahi,FALSE,FALSE,Santa Clara,San Diego,FALSE
401706675,2025-01-02,San Diego,Santa Clara,122,1,4:06,1446,1446,Joey Chammaa missed Three Point Jumper.,home,19,29,-10,11,FALSE,FALSE,0.039148245349484155,0.2018636683131357,5,3,-13.5,152.5,Gregory Nixon/Wilson Holland/D.G. Nelson,"San Diego, CA",Jenny Craig Pavilion,NA,782,NA,NA,San Diego,missed,Joey Chammaa,NA,TRUE,FALSE,San Diego,Santa Clara,FALSE
401706675,2025-01-02,San Diego,Santa Clara,123,1,4:03,1443,1443,Elijah Mahi Defensive Rebound.,away,19,29,-10,3,FALSE,FALSE,0.03912715109456379,0.20154192429555637,5,3,-13.5,152.5,Gregory Nixon/Wilson Holland/D.G. Nelson,"San Diego, CA",Jenny Craig Pavilion,NA,782,NA,NA,NA,NA,NA,NA,NA,NA,San Diego,Santa Clara,FALSE
401706675,2025-01-02,San Diego,Santa Clara,124,1,3:56,1436,1436, Official TV Timeout,NA,19,29,-10,7,FALSE,FALSE,0.039080425105390726,0.20080061962784596,5,2,-13.5,152.5,Gregory Nixon/Wilson Holland/D.G. Nelson,"San Diego, CA",Jenny Craig Pavilion,NA,782,NA,NA,NA,NA,NA,NA,NA,NA,Santa Clara,Santa Clara,FALSE
401706675,2025-01-02,San Diego,Santa Clara,125,1,3:34,1414,1414,Johnny O'Neil missed Jumper.,away,19,29,-10,22,FALSE,FALSE,0.03895334556322214,0.1985452007731899,5,2,-13.5,152.5,Gregory Nixon/Wilson Holland/D.G. Nelson,"San Diego, CA",Jenny Craig Pavilion,NA,782,NA,NA,Santa Clara,missed,Johnny O'Neil,NA,FALSE,FALSE,Santa Clara,Santa Clara,FALSE
401706675,2025-01-02,San Diego,Santa Clara,126,1,3:30,1410,1410,Jake Ensminger Offensive Rebound.,away,19,29,-10,4,FALSE,FALSE,0.038932970387707745,0.1981453350874329,5,2,-13.5,152.5,Gregory Nixon/Wilson Holland/D.G. Nelson,"San Diego, CA",Jenny Craig Pavilion,NA,782,NA,NA,NA,NA,NA,NA,NA,NA,Santa Clara,Santa Clara,FALSE
401706675,2025-01-02,San Diego,Santa Clara,127,1,3:16,1396,1396,Foul on Santiago Trouet.,home,19,29,-10,14,FALSE,TRUE,0.03886683750827175,0.19676501684398054,5,2,-13.5,152.5,Gregory Nixon/Wilson Holland/D.G. Nelson,"San Diego, CA",Jenny Craig Pavilion,NA,782,NA,NA,NA,NA,NA,NA,NA,NA,Santa Clara,Santa Clara,FALSE
401706675,2025-01-02,San Diego,Santa Clara,128,1,3:16,1396,1396,Adama-Alpha Bal made Free Throw.,away,19,30,-11,0,TRUE,FALSE,0.03393988162723682,0.17547645799647543,5,2,-13.5,152.5,Gregory Nixon/Wilson Holland/D.G. Nelson,"San Diego, CA",Jenny Craig Pavilion,NA,782,NA,NA,Santa Clara,made,Adama-Alpha Bal,NA,FALSE,TRUE,Santa Clara,Santa Clara,FALSE
401706675,2025-01-02,San Diego,Santa Clara,129,1,3:16,1396,1396,Adama-Alpha Bal missed Free Throw.,away,19,30,-11,0,FALSE,FALSE,0.03393988162723682,0.17547645799647543,5,2,-13.5,152.5,Gregory Nixon/Wilson Holland/D.G. Nelson,"San Diego, CA",Jenny Craig Pavilion,NA,782,NA,NA,Santa Clara,missed,Adama-Alpha Bal,NA,FALSE,TRUE,Santa Clara,Santa Clara,FALSE
401706675,2025-01-02,San Diego,Santa Clara,130,1,3:16,1396,1396,Santa Clara Offensive Rebound.,away,19,30,-11,0,FALSE,FALSE,0.03393988162723682,0.17547645799647543,5,2,-13.5,152.5,Gregory Nixon/Wilson Holland/D.G. Nelson,"San Diego, CA",Jenny Craig Pavilion,NA,782,NA,NA,NA,NA,NA,NA,NA,NA,Santa Clara,Santa Clara,FALSE
401706675,2025-01-02,San Diego,Santa Clara,131,1,3:16,1396,1396,Adama-Alpha Bal made Free Throw.,away,19,31,-12,0,TRUE,FALSE,0.029618244869037295,0.15604371411411475,5,2,-13.5,152.5,Gregory Nixon/Wilson Holland/D.G. Nelson,"San Diego, CA",Jenny Craig Pavilion,NA,782,NA,NA,Santa Clara,made,Adama-Alpha Bal,NA,FALSE,TRUE,Santa Clara,San Diego,FALSE
401706675,2025-01-02,San Diego,Santa Clara,132,1,2:49,1369,1369,Kjay Bradley Jr. missed Three Point Jumper.,home,19,31,-12,27,FALSE,FALSE,0.02943744584241824,0.15344439129773263,5,2,-13.5,152.5,Gregory Nixon/Wilson Holland/D.G. Nelson,"San Diego, CA",Jenny Craig Pavilion,NA,782,NA,NA,San Diego,missed,Kjay Bradley Jr.,NA,TRUE,FALSE,San Diego,San Diego,FALSE
401706675,2025-01-02,San Diego,Santa Clara,133,1,2:49,1369,1369,San Diego Offensive Rebound.,home,19,31,-12,0,FALSE,FALSE,0.02943744584241824,0.15344439129773263,5,2,-13.5,152.5,Gregory Nixon/Wilson Holland/D.G. Nelson,"San Diego, CA",Jenny Craig Pavilion,NA,782,NA,NA,NA,NA,NA,NA,NA,NA,San Diego,San Diego,FALSE
401706675,2025-01-02,San Diego,Santa Clara,134,1,2:49,1369,1369,Foul on Camaron Tongue.,away,19,31,-12,0,FALSE,TRUE,0.02943744584241824,0.15344439129773263,5,2,-13.5,152.5,Gregory Nixon/Wilson Holland/D.G. Nelson,"San Diego, CA",Jenny Craig Pavilion,NA,782,NA,NA,NA,NA,NA,NA,NA,NA,San Diego,San Diego,FALSE
401706675,2025-01-02,San Diego,Santa Clara,135,1,2:46,1366,1366,Bendji Pierre missed Jumper.,home,19,31,-12,3,FALSE,FALSE,0.029418000335818897,0.15315876505058204,5,2,-13.5,152.5,Gregory Nixon/Wilson Holland/D.G. Nelson,"San Diego, CA",Jenny Craig Pavilion,NA,782,NA,NA,San Diego,missed,Bendji Pierre,NA,FALSE,FALSE,San Diego,Santa Clara,FALSE
401706675,2025-01-02,San Diego,Santa Clara,136,1,2:43,1363,1363,Johnny O'Neil Defensive Rebound.,away,19,31,-12,3,FALSE,FALSE,0.02939860841931441,0.15287346908948354,5,2,-13.5,152.5,Gregory Nixon/Wilson Holland/D.G. Nelson,"San Diego, CA",Jenny Craig Pavilion,NA,782,NA,NA,NA,NA,NA,NA,NA,NA,San Diego,Santa Clara,FALSE
401706675,2025-01-02,San Diego,Santa Clara,137,1,2:24,1344,1344,Brenton Knapper missed Three Point Jumper.,away,19,31,-12,19,FALSE,FALSE,0.029275731568599,0.15106900133181725,5,2,-13.5,152.5,Gregory Nixon/Wilson Holland/D.G. Nelson,"San Diego, CA",Jenny Craig Pavilion,NA,782,NA,NA,Santa Clara,missed,Brenton Knapper,NA,TRUE,FALSE,Santa Clara,San Diego,FALSE
401706675,2025-01-02,San Diego,Santa Clara,138,1,2:21,1341,1341,Bendji Pierre Defensive Rebound.,home,19,31,-12,3,FALSE,FALSE,0.029256115312598738,0.15078364630185687,5,2,-13.5,152.5,Gregory Nixon/Wilson Holland/D.G. Nelson,"San Diego, CA",Jenny Craig Pavilion,NA,782,NA,NA,NA,NA,NA,NA,NA,NA,Santa Clara,San Diego,FALSE
401706675,2025-01-02,San Diego,Santa Clara,139,1,2:16,1336,1336,Joey Chammaa made Layup.,home,21,31,-10,5,TRUE,FALSE,0.0386260600443653,0.1910048146464523,5,2,-13.5,152.5,Gregory Nixon/Wilson Holland/D.G. Nelson,"San Diego, CA",Jenny Craig Pavilion,NA,782,NA,NA,San Diego,made,Joey Chammaa,NA,FALSE,FALSE,San Diego,Santa Clara,FALSE
401706675,2025-01-02,San Diego,Santa Clara,140,1,2:07,1327,1327,Elijah Mahi missed Three Point Jumper.,away,21,31,-10,9,FALSE,FALSE,0.03858874107352875,0.1901361519255867,5,2,-13.5,152.5,Gregory Nixon/Wilson Holland/D.G. Nelson,"San Diego, CA",Jenny Craig Pavilion,NA,782,NA,NA,Santa Clara,missed,Elijah Mahi,NA,TRUE,FALSE,Santa Clara,San Diego,FALSE
401706675,2025-01-02,San Diego,Santa Clara,141,1,2:04,1324,1324,Santiago Trouet Defensive Rebound.,home,21,31,-10,3,FALSE,FALSE,0.0385758744106251,0.18984504601554275,5,2,-13.5,152.5,Gregory Nixon/Wilson Holland/D.G. Nelson,"San Diego, CA",Jenny Craig Pavilion,NA,782,NA,NA,NA,NA,NA,NA,NA,NA,Santa Clara,San Diego,FALSE
401706675,2025-01-02,San Diego,Santa Clara,142,1,2:01,1321,1321,Foul on Jake Ensminger.,away,21,31,-10,3,FALSE,TRUE,0.03856275732399103,0.18955303461817763,5,2,-13.5,152.5,Gregory Nixon/Wilson Holland/D.G. Nelson,"San Diego, CA",Jenny Craig Pavilion,NA,782,NA,NA,NA,NA,NA,NA,NA,NA,San Diego,San Diego,FALSE
401706675,2025-01-02,San Diego,Santa Clara,143,1,2:01,1321,1321,Joey Chammaa made Free Throw.,home,22,31,-9,0,TRUE,FALSE,0.04432578080545739,0.21288448065205004,5,2,-13.5,152.5,Gregory Nixon/Wilson Holland/D.G. Nelson,"San Diego, CA",Jenny Craig Pavilion,NA,782,NA,NA,San Diego,made,Joey Chammaa,NA,FALSE,TRUE,San Diego,San Diego,FALSE
401706675,2025-01-02,San Diego,Santa Clara,144,1,2:01,1321,1321,Joey Chammaa made Free Throw.,home,23,31,-8,0,TRUE,FALSE,0.05090446086681228,0.2382435087813942,5,2,-13.5,152.5,Gregory Nixon/Wilson Holland/D.G. Nelson,"San Diego, CA",Jenny Craig Pavilion,NA,782,NA,NA,San Diego,made,Joey Chammaa,NA,FALSE,TRUE,San Diego,Santa Clara,FALSE
401706675,2025-01-02,San Diego,Santa Clara,145,1,1:47,1307,1307,Adama-Alpha Bal missed Three Point Jumper.,away,23,31,-8,14,FALSE,FALSE,0.050906315927138054,0.236940988525926,5,2,-13.5,152.5,Gregory Nixon/Wilson Holland/D.G. Nelson,"San Diego, CA",Jenny Craig Pavilion,NA,782,NA,NA,Santa Clara,missed,Adama-Alpha Bal,NA,TRUE,FALSE,Santa Clara,Santa Clara,FALSE
401706675,2025-01-02,San Diego,Santa Clara,146,1,1:44,1304,1304,Johnny O'Neil Offensive Rebound.,away,23,31,-8,3,FALSE,FALSE,0.05090569359150188,0.23665822631071054,5,2,-13.5,152.5,Gregory Nixon/Wilson Holland/D.G. Nelson,"San Diego, CA",Jenny Craig Pavilion,NA,782,NA,NA,NA,NA,NA,NA,NA,NA,Santa Clara,Santa Clara,FALSE
401706675,2025-01-02,San Diego,Santa Clara,147,1,1:35,1295,1295,Johnny O'Neil made Three Point Jumper. Assisted by Elijah Mahi.,away,23,34,-11,9,TRUE,FALSE,0.033356875616632815,0.16564937081289927,5,2,-13.5,152.5,Gregory Nixon/Wilson Holland/D.G. Nelson,"San Diego, CA",Jenny Craig Pavilion,NA,782,NA,NA,Santa Clara,made,Johnny O'Neil,Elijah Mahi,TRUE,FALSE,Santa Clara,San Diego,FALSE
401706675,2025-01-02,San Diego,Santa Clara,148,1,1:17,1277,1277,Joey Chammaa missed Jumper.,home,23,34,-11,18,FALSE,FALSE,0.03322352173134931,0.1637952605487887,5,2,-13.5,152.5,Gregory Nixon/Wilson Holland/D.G. Nelson,"San Diego, CA",Jenny Craig Pavilion,NA,782,NA,NA,San Diego,missed,Joey Chammaa,NA,FALSE,FALSE,San Diego,Santa Clara,FALSE
401706675,2025-01-02,San Diego,Santa Clara,149,1,1:14,1274,1274,Elijah Mahi Defensive Rebound.,away,23,34,-11,3,FALSE,FALSE,0.03319945168208451,0.16347968003123992,5,2,-13.5,152.5,Gregory Nixon/Wilson Holland/D.G. Nelson,"San Diego, CA",Jenny Craig Pavilion,NA,782,NA,NA,NA,NA,NA,NA,NA,NA,San Diego,Santa Clara,FALSE
401706675,2025-01-02,San Diego,Santa Clara,150,1,1:09,1269,1269,Elijah Mahi Turnover.,away,23,34,-11,5,FALSE,FALSE,0.03315803589767312,0.16294910188035594,5,2,-13.5,152.5,Gregory Nixon/Wilson Holland/D.G. Nelson,"San Diego, CA",Jenny Craig Pavilion,NA,782,NA,NA,NA,NA,NA,NA,NA,NA,Santa Clara,San Diego,FALSE
401706675,2025-01-02,San Diego,Santa Clara,151,1,1:09,1269,1269,Santiago Trouet Steal.,home,23,34,-11,0,FALSE,FALSE,0.03315803589767312,0.16294910188035594,5,2,-13.5,152.5,Gregory Nixon/Wilson Holland/D.G. Nelson,"San Diego, CA",Jenny Craig Pavilion,NA,782,NA,NA,NA,NA,NA,NA,NA,NA,Santa Clara,San Diego,FALSE
401706675,2025-01-02,San Diego,Santa Clara,152,1,1:02,1262,1262,Deven Dahlke missed Three Point Jumper.,home,23,34,-11,7,FALSE,FALSE,0.03309717263926228,0.16219608429859433,5,2,-13.5,152.5,Gregory Nixon/Wilson Holland/D.G. Nelson,"San Diego, CA",Jenny Craig Pavilion,NA,782,NA,NA,San Diego,missed,Deven Dahlke,NA,TRUE,FALSE,San Diego,San Diego,FALSE
401706675,2025-01-02,San Diego,Santa Clara,153,1,0:58,1258,1258,Santiago Trouet Offensive Rebound.,home,23,34,-11,4,FALSE,FALSE,0.03306079952905393,0.16176015168675253,5,2,-13.5,152.5,Gregory Nixon/Wilson Holland/D.G. Nelson,"San Diego, CA",Jenny Craig Pavilion,NA,782,NA,NA,NA,NA,NA,NA,NA,NA,San Diego,San Diego,FALSE
401706675,2025-01-02,San Diego,Santa Clara,154,1,0:58,1258,1258,Santiago Trouet made Jumper.,home,25,34,-9,0,TRUE,FALSE,0.044080256967769675,0.206514571324918,5,2,-13.5,152.5,Gregory Nixon/Wilson Holland/D.G. Nelson,"San Diego, CA",Jenny Craig Pavilion,NA,782,NA,NA,San Diego,made,Santiago Trouet,NA,FALSE,FALSE,San Diego,Santa Clara,FALSE
401706675,2025-01-02,San Diego,Santa Clara,155,1,0:51,1251,1251,Foul on Bendji Pierre.,home,25,34,-9,7,FALSE,TRUE,0.04403617321543208,0.20574951223153862,5,2,-13.5,152.5,Gregory Nixon/Wilson Holland/D.G. Nelson,"San Diego, CA",Jenny Craig Pavilion,NA,782,NA,NA,NA,NA,NA,NA,NA,NA,Santa Clara,Santa Clara,FALSE
401706675,2025-01-02,San Diego,Santa Clara,156,1,0:51,1251,1251,Carlos Stewart Jr. made Free Throw.,away,25,35,-10,0,TRUE,FALSE,0.038133195181268974,0.18230302062944573,5,2,-13.5,152.5,Gregory Nixon/Wilson Holland/D.G. Nelson,"San Diego, CA",Jenny Craig Pavilion,NA,782,NA,NA,Santa Clara,made,Carlos Stewart Jr.,NA,FALSE,TRUE,Santa Clara,Santa Clara,FALSE
401706675,2025-01-02,San Diego,Santa Clara,157,1,0:51,1251,1251,Carlos Stewart Jr. missed Free Throw.,away,25,35,-10,0,FALSE,FALSE,0.038133195181268974,0.18230302062944573,5,2,-13.5,152.5,Gregory Nixon/Wilson Holland/D.G. Nelson,"San Diego, CA",Jenny Craig Pavilion,NA,782,NA,NA,Santa Clara,missed,Carlos Stewart Jr.,NA,FALSE,TRUE,Santa Clara,San Diego,FALSE
401706675,2025-01-02,San Diego,Santa Clara,158,1,0:49,1249,1249,Bendji Pierre Defensive Rebound.,home,25,35,-10,2,FALSE,FALSE,0.038116008169404,0.18207878779372727,5,2,-13.5,152.5,Gregory Nixon/Wilson Holland/D.G. Nelson,"San Diego, CA",Jenny Craig Pavilion,NA,782,NA,NA,NA,NA,NA,NA,NA,NA,Santa Clara,San Diego,FALSE
401706675,2025-01-02,San Diego,Santa Clara,159,1,0:28,1228,1228,Santiago Trouet made Jumper.,home,27,35,-8,21,TRUE,FALSE,0.05068758154769228,0.2288199896862695,5,2,-13.5,152.5,Gregory Nixon/Wilson Holland/D.G. Nelson,"San Diego, CA",Jenny Craig Pavilion,NA,782,NA,NA,San Diego,made,Santiago Trouet,NA,FALSE,FALSE,San Diego,Santa Clara,FALSE
401706675,2025-01-02,San Diego,Santa Clara,160,1,0:02,1202,1202,Carlos Stewart Jr. missed Layup.,away,27,35,-8,26,FALSE,FALSE,0.050489248399635096,0.22574653918198817,5,2,-13.5,152.5,Gregory Nixon/Wilson Holland/D.G. Nelson,"San Diego, CA",Jenny Craig Pavilion,NA,782,NA,NA,Santa Clara,missed,Carlos Stewart Jr.,NA,FALSE,FALSE,Santa Clara,San Diego,FALSE
401706675,2025-01-02,San Diego,Santa Clara,161,1,0:02,1202,1202,Deven Dahlke Block.,home,27,35,-8,0,FALSE,FALSE,0.050489248399635096,0.22574653918198817,5,2,-13.5,152.5,Gregory Nixon/Wilson Holland/D.G. Nelson,"San Diego, CA",Jenny Craig Pavilion,NA,782,NA,NA,NA,NA,NA,NA,NA,NA,Santa Clara,San Diego,FALSE
401706675,2025-01-02,San Diego,Santa Clara,162,1,0:02,1202,1202,San Diego Defensive Rebound.,home,27,35,-8,0,FALSE,FALSE,0.050489248399635096,0.22574653918198817,5,2,-13.5,152.5,Gregory Nixon/Wilson Holland/D.G. Nelson,"San Diego, CA",Jenny Craig Pavilion,NA,782,NA,NA,NA,NA,NA,NA,NA,NA,Santa Clara,San Diego,FALSE
401706675,2025-01-02,San Diego,Santa Clara,163,1,0:00,1200,1200,End of 1st half,NA,27,35,-8,2,FALSE,FALSE,0.05047335883166735,0.22551001878002336,5,2,-13.5,152.5,Gregory Nixon/Wilson Holland/D.G. Nelson,"San Diego, CA",Jenny Craig Pavilion,NA,782,NA,NA,NA,NA,NA,NA,NA,NA,San Diego,NA,FALSE
401706675,2025-01-02,San Diego,Santa Clara,164,2,19:47,1187,1187,Bendji Pierre missed Layup.,home,27,35,-8,13,FALSE,FALSE,0.050374893382603106,0.2239983317547921,5,2,-13.5,152.5,Gregory Nixon/Wilson Holland/D.G. Nelson,"San Diego, CA",Jenny Craig Pavilion,NA,782,NA,NA,San Diego,missed,Bendji Pierre,NA,FALSE,FALSE,San Diego,Santa Clara,FALSE
401706675,2025-01-02,San Diego,Santa Clara,165,2,19:43,1183,1183,Adama-Alpha Bal Defensive Rebound.,away,27,35,-8,4,FALSE,FALSE,0.05034608369433595,0.2235412893359634,5,2,-13.5,152.5,Gregory Nixon/Wilson Holland/D.G. Nelson,"San Diego, CA",Jenny Craig Pavilion,NA,782,NA,NA,NA,NA,NA,NA,NA,NA,San Diego,Santa Clara,FALSE
401706675,2025-01-02,San Diego,Santa Clara,166,2,19:38,1178,1178,Adama-Alpha Bal made Layup.,away,27,37,-10,5,TRUE,FALSE,0.03732629803744505,0.1735722753713767,5,2,-13.5,152.5,Gregory Nixon/Wilson Holland/D.G. Nelson,"San Diego, CA",Jenny Craig Pavilion,NA,782,NA,NA,Santa Clara,made,Adama-Alpha Bal,NA,FALSE,FALSE,Santa Clara,San Diego,FALSE
401706675,2025-01-02,San Diego,Santa Clara,167,2,19:21,1161,1161,Santiago Trouet Turnover.,home,27,37,-10,17,FALSE,FALSE,0.03714236570585963,0.17161513599167458,5,2,-13.5,152.5,Gregory Nixon/Wilson Holland/D.G. Nelson,"San Diego, CA",Jenny Craig Pavilion,NA,782,NA,NA,NA,NA,NA,NA,NA,NA,San Diego,Santa Clara,FALSE
401706675,2025-01-02,San Diego,Santa Clara,168,2,19:01,1141,1141,Jake Ensminger Turnover.,away,27,37,-10,20,FALSE,FALSE,0.03693317541989448,0.16936561024095942,5,2,-13.5,152.5,Gregory Nixon/Wilson Holland/D.G. Nelson,"San Diego, CA",Jenny Craig Pavilion,NA,782,NA,NA,NA,NA,NA,NA,NA,NA,Santa Clara,San Diego,FALSE
401706675,2025-01-02,San Diego,Santa Clara,169,2,18:46,1126,1126,Tony Duckett made Jumper.,home,29,37,-8,15,TRUE,FALSE,0.04997373682644177,0.21727389412234543,5,2,-13.5,152.5,Gregory Nixon/Wilson Holland/D.G. Nelson,"San Diego, CA",Jenny Craig Pavilion,NA,782,NA,NA,San Diego,made,Tony Duckett,NA,FALSE,FALSE,San Diego,Santa Clara,FALSE
401706675,2025-01-02,San Diego,Santa Clara,170,2,18:22,1102,1102,Carlos Stewart Jr. missed Three Point Jumper.,away,29,37,-8,24,FALSE,FALSE,0.049814306978115175,0.214667822555535,5,2,-13.5,152.5,Gregory Nixon/Wilson Holland/D.G. Nelson,"San Diego, CA",Jenny Craig Pavilion,NA,782,NA,NA,Santa Clara,missed,Carlos Stewart Jr.,NA,TRUE,FALSE,Santa Clara,San Diego,FALSE
401706675,2025-01-02,San Diego,Santa Clara,171,2,18:20,1100,1100,Deven Dahlke Defensive Rebound.,home,29,37,-8,2,FALSE,FALSE,0.04980032998365094,0.2144488850893548,5,2,-13.5,152.5,Gregory Nixon/Wilson Holland/D.G. Nelson,"San Diego, CA",Jenny Craig Pavilion,NA,782,NA,NA,NA,NA,NA,NA,NA,NA,Santa Clara,San Diego,FALSE
401706675,2025-01-02,San Diego,Santa Clara,172,2,18:13,1093,1093,Bendji Pierre missed Three Point Jumper.,home,29,37,-8,7,FALSE,FALSE,0.049750277906407916,0.2136792349859236,5,2,-13.5,152.5,Gregory Nixon/Wilson Holland/D.G. Nelson,"San Diego, CA",Jenny Craig Pavilion,NA,782,NA,NA,San Diego,missed,Bendji Pierre,NA,TRUE,FALSE,San Diego,Santa Clara,FALSE
401706675,2025-01-02,San Diego,Santa Clara,173,2,18:10,1090,1090,Carlos Stewart Jr. Defensive Rebound.,away,29,37,-8,3,FALSE,FALSE,0.04972823684597929,0.21334757058232434,5,2,-13.5,152.5,Gregory Nixon/Wilson Holland/D.G. Nelson,"San Diego, CA",Jenny Craig Pavilion,NA,782,NA,NA,NA,NA,NA,NA,NA,NA,San Diego,Santa Clara,FALSE
401706675,2025-01-02,San Diego,Santa Clara,174,2,17:59,1079,1079,Carlos Stewart Jr. made Three Point Jumper.,away,29,40,-11,11,TRUE,FALSE,0.03094732320258964,0.14133281360817768,5,2,-13.5,152.5,Gregory Nixon/Wilson Holland/D.G. Nelson,"San Diego, CA",Jenny Craig Pavilion,NA,782,NA,NA,Santa Clara,made,Carlos Stewart Jr.,NA,TRUE,FALSE,Santa Clara,San Diego,FALSE
401706675,2025-01-02,San Diego,Santa Clara,175,2,17:38,1058,1058,Foul on Camaron Tongue.,away,29,40,-11,21,FALSE,TRUE,0.03067174794731297,0.1389384940257151,5,2,-13.5,152.5,Gregory Nixon/Wilson Holland/D.G. Nelson,"San Diego, CA",Jenny Craig Pavilion,NA,782,NA,NA,NA,NA,NA,NA,NA,NA,San Diego,San Diego,FALSE
401706675,2025-01-02,San Diego,Santa Clara,176,2,17:38,1058,1058,Steven Jamerson II made Free Throw.,home,30,40,-10,0,TRUE,FALSE,0.0360049086542908,0.15998977279815407,5,2,-13.5,152.5,Gregory Nixon/Wilson Holland/D.G. Nelson,"San Diego, CA",Jenny Craig Pavilion,NA,782,NA,NA,San Diego,made,Steven Jamerson II,NA,FALSE,TRUE,San Diego,San Diego,FALSE
401706675,2025-01-02,San Diego,Santa Clara,177,2,17:38,1058,1058,Steven Jamerson II made Free Throw.,home,31,40,-9,0,TRUE,FALSE,0.04222499671652909,0.18355072039974887,5,2,-13.5,152.5,Gregory Nixon/Wilson Holland/D.G. Nelson,"San Diego, CA",Jenny Craig Pavilion,NA,782,NA,NA,San Diego,made,Steven Jamerson II,NA,FALSE,TRUE,San Diego,Santa Clara,FALSE
401706675,2025-01-02,San Diego,Santa Clara,178,2,17:15,1035,1035,Adama-Alpha Bal made Layup.,away,31,42,-11,23,TRUE,FALSE,0.030339982113575217,0.1362099784838964,5,2,-13.5,152.5,Gregory Nixon/Wilson Holland/D.G. Nelson,"San Diego, CA",Jenny Craig Pavilion,NA,782,NA,NA,Santa Clara,made,Adama-Alpha Bal,NA,FALSE,FALSE,Santa Clara,San Diego,FALSE
401706675,2025-01-02,San Diego,Santa Clara,179,2,16:43,1003,1003,Tony Duckett missed Jumper.,home,31,42,-11,32,FALSE,FALSE,0.029811204916894454,0.13216561850637973,5,2,-13.5,152.5,Gregory Nixon/Wilson Holland/D.G. Nelson,"San Diego, CA",Jenny Craig Pavilion,NA,782,NA,NA,San Diego,missed,Tony Duckett,NA,FALSE,FALSE,San Diego,Santa Clara,FALSE
401706675,2025-01-02,San Diego,Santa Clara,180,2,16:40,1000,1000,Carlos Stewart Jr. Defensive Rebound.,away,31,42,-11,3,FALSE,FALSE,0.029756976825677246,0.13176901115196876,5,2,-13.5,152.5,Gregory Nixon/Wilson Holland/D.G. Nelson,"San Diego, CA",Jenny Craig Pavilion,NA,782,NA,NA,NA,NA,NA,NA,NA,NA,San Diego,Santa Clara,FALSE
401706675,2025-01-02,San Diego,Santa Clara,181,2,16:31,991,991,Jake Ensminger missed Three Point Jumper.,away,31,42,-11,9,FALSE,FALSE,0.02958903120251454,0.13055935961577167,5,2,-13.5,152.5,Gregory Nixon/Wilson Holland/D.G. Nelson,"San Diego, CA",Jenny Craig Pavilion,NA,782,NA,NA,Santa Clara,missed,Jake Ensminger,NA,TRUE,FALSE,Santa Clara,San Diego,FALSE
401706675,2025-01-02,San Diego,Santa Clara,182,2,16:28,988,988,Deven Dahlke Defensive Rebound.,home,31,42,-11,3,FALSE,FALSE,0.029531244590083886,0.1301493341620792,5,2,-13.5,152.5,Gregory Nixon/Wilson Holland/D.G. Nelson,"San Diego, CA",Jenny Craig Pavilion,NA,782,NA,NA,NA,NA,NA,NA,NA,NA,Santa Clara,San Diego,FALSE
401706675,2025-01-02,San Diego,Santa Clara,183,2,16:17,977,977,Steven Jamerson II Turnover.,home,31,42,-11,11,FALSE,FALSE,0.02931131698419539,0.12861554107780382,5,2,-13.5,152.5,Gregory Nixon/Wilson Holland/D.G. Nelson,"San Diego, CA",Jenny Craig Pavilion,NA,782,NA,NA,NA,NA,NA,NA,NA,NA,San Diego,Santa Clara,FALSE
401706675,2025-01-02,San Diego,Santa Clara,184,2,16:05,965,965,Adama-Alpha Bal missed Three Point Jumper.,away,31,42,-11,12,FALSE,FALSE,0.029059970577540034,0.1269031575563729,5,2,-13.5,152.5,Gregory Nixon/Wilson Holland/D.G. Nelson,"San Diego, CA",Jenny Craig Pavilion,NA,782,NA,NA,Santa Clara,missed,Adama-Alpha Bal,NA,TRUE,FALSE,Santa Clara,San Diego,FALSE
401706675,2025-01-02,San Diego,Santa Clara,185,2,16:02,962,962,Santiago Trouet Defensive Rebound.,home,31,42,-11,3,FALSE,FALSE,0.028999259509939285,0.1264881868451474,5,2,-13.5,152.5,Gregory Nixon/Wilson Holland/D.G. Nelson,"San Diego, CA",Jenny Craig Pavilion,NA,782,NA,NA,NA,NA,NA,NA,NA,NA,Santa Clara,San Diego,FALSE
401706675,2025-01-02,San Diego,Santa Clara,186,2,15:42,942,942,Kjay Bradley Jr. made Layup.,home,33,42,-9,20,TRUE,FALSE,0.040361360517625226,0.1679455885513277,5,2,-13.5,152.5,Gregory Nixon/Wilson Holland/D.G. Nelson,"San Diego, CA",Jenny Craig Pavilion,NA,782,NA,NA,San Diego,made,Kjay Bradley Jr.,NA,FALSE,FALSE,San Diego,Santa Clara,FALSE
401706675,2025-01-02,San Diego,Santa Clara,187,2,15:28,928,928,Johnny O'Neil made Three Point Jumper. Assisted by Jake Ensminger.,away,33,45,-12,14,TRUE,FALSE,0.023850913345073072,0.10431212416859377,5,2,-13.5,152.5,Gregory Nixon/Wilson Holland/D.G. Nelson,"San Diego, CA",Jenny Craig Pavilion,NA,782,NA,NA,Santa Clara,made,Johnny O'Neil,Jake Ensminger,TRUE,FALSE,Santa Clara,San Diego,FALSE
401706675,2025-01-02,San Diego,Santa Clara,188,2,15:06,906,906,Steven Jamerson II made Layup. Assisted by Kjay Bradley Jr..,home,35,45,-10,22,TRUE,FALSE,0.033459693715463555,0.1403833294803657,5,2,-13.5,152.5,Gregory Nixon/Wilson Holland/D.G. Nelson,"San Diego, CA",Jenny Craig Pavilion,NA,782,NA,NA,San Diego,made,Steven Jamerson II,Kjay Bradley Jr,FALSE,FALSE,San Diego,Santa Clara,FALSE
401706675,2025-01-02,San Diego,Santa Clara,189,2,14:38,878,878,Tyeree Bryan made Three Point Jumper. Assisted by Adama-Alpha Bal.,away,35,48,-13,28,TRUE,FALSE,0.01933514335480926,0.08411574788348182,5,2,-13.5,152.5,Gregory Nixon/Wilson Holland/D.G. Nelson,"San Diego, CA",Jenny Craig Pavilion,NA,782,NA,NA,Santa Clara,made,Tyeree Bryan,Adama-Alpha Bal,TRUE,FALSE,Santa Clara,San Diego,FALSE
401706675,2025-01-02,San Diego,Santa Clara,190,2,14:17,857,857,Kjay Bradley Jr. made Layup.,home,37,48,-11,21,TRUE,FALSE,0.02738617916417821,0.11499298363868606,5,2,-13.5,152.5,Gregory Nixon/Wilson Holland/D.G. Nelson,"San Diego, CA",Jenny Craig Pavilion,NA,782,NA,NA,San Diego,made,Kjay Bradley Jr.,NA,FALSE,FALSE,San Diego,Santa Clara,FALSE
401706675,2025-01-02,San Diego,Santa Clara,191,2,14:00,840,840,Carlos Stewart Jr. missed Three Point Jumper.,away,37,48,-11,17,FALSE,FALSE,0.02713416359864193,0.11325710400828193,5,2,-13.5,152.5,Gregory Nixon/Wilson Holland/D.G. Nelson,"San Diego, CA",Jenny Craig Pavilion,NA,782,NA,NA,Santa Clara,missed,Carlos Stewart Jr.,NA,TRUE,FALSE,Santa Clara,San Diego,FALSE
401706675,2025-01-02,San Diego,Santa Clara,192,2,13:57,837,837,Kjay Bradley Jr. Defensive Rebound.,home,37,48,-11,3,FALSE,FALSE,0.027087671979963507,0.11294316680646713,5,2,-13.5,152.5,Gregory Nixon/Wilson Holland/D.G. Nelson,"San Diego, CA",Jenny Craig Pavilion,NA,782,NA,NA,NA,NA,NA,NA,NA,NA,Santa Clara,San Diego,FALSE
401706675,2025-01-02,San Diego,Santa Clara,193,2,13:55,835,835,Steven Jamerson II made Dunk. Assisted by Kjay Bradley Jr..,home,39,48,-9,2,TRUE,FALSE,0.03889221430023289,0.15603693589940015,5,2,-13.5,152.5,Gregory Nixon/Wilson Holland/D.G. Nelson,"San Diego, CA",Jenny Craig Pavilion,NA,782,NA,NA,San Diego,made,Steven Jamerson II,Kjay Bradley Jr,FALSE,FALSE,San Diego,Santa Clara,FALSE
401706675,2025-01-02,San Diego,Santa Clara,194,2,13:38,818,818,Foul on Steven Jamerson II.,home,39,48,-9,17,FALSE,TRUE,0.038617884024986344,0.15403801792262267,5,2,-13.5,152.5,Gregory Nixon/Wilson Holland/D.G. Nelson,"San Diego, CA",Jenny Craig Pavilion,NA,782,NA,NA,NA,NA,NA,NA,NA,NA,Santa Clara,Santa Clara,FALSE
401706675,2025-01-02,San Diego,Santa Clara,195,2,13:38,818,818, Official TV Timeout,NA,39,48,-9,0,FALSE,FALSE,0.038617884024986344,0.15403801792262267,5,1,-13.5,152.5,Gregory Nixon/Wilson Holland/D.G. Nelson,"San Diego, CA",Jenny Craig Pavilion,NA,782,NA,NA,NA,NA,NA,NA,NA,NA,Santa Clara,Santa Clara,FALSE
401706675,2025-01-02,San Diego,Santa Clara,196,2,13:38,818,818,Carlos Stewart Jr. made Free Throw.,away,39,49,-10,0,TRUE,FALSE,0.032173514341969,0.1309565251040205,5,1,-13.5,152.5,Gregory Nixon/Wilson Holland/D.G. Nelson,"San Diego, CA",Jenny Craig Pavilion,NA,782,NA,NA,Santa Clara,made,Carlos Stewart Jr.,NA,FALSE,TRUE,Santa Clara,Santa Clara,FALSE
401706675,2025-01-02,San Diego,Santa Clara,197,2,13:38,818,818,Carlos Stewart Jr. made Free Throw.,away,39,50,-11,0,TRUE,FALSE,0.026774600390496908,0.11088031002403545,5,1,-13.5,152.5,Gregory Nixon/Wilson Holland/D.G. Nelson,"San Diego, CA",Jenny Craig Pavilion,NA,782,NA,NA,Santa Clara,made,Carlos Stewart Jr.,NA,FALSE,TRUE,Santa Clara,San Diego,FALSE
401706675,2025-01-02,San Diego,Santa Clara,198,2,13:24,804,804,Santiago Trouet made Jumper.,home,41,50,-9,14,TRUE,FALSE,0.03836447828013823,0.15227941878231796,5,1,-13.5,152.5,Gregory Nixon/Wilson Holland/D.G. Nelson,"San Diego, CA",Jenny Craig Pavilion,NA,782,NA,NA,San Diego,made,Santiago Trouet,NA,FALSE,FALSE,San Diego,Santa Clara,FALSE
401706675,2025-01-02,San Diego,Santa Clara,199,2,13:08,788,788,Brenton Knapper Turnover.,away,41,50,-9,16,FALSE,FALSE,0.03803784030774362,0.15011494571929926,5,1,-13.5,152.5,Gregory Nixon/Wilson Holland/D.G. Nelson,"San Diego, CA",Jenny Craig Pavilion,NA,782,NA,NA,NA,NA,NA,NA,NA,NA,Santa Clara,San Diego,FALSE
401706675,2025-01-02,San Diego,Santa Clara,200,2,13:08,788,788,Kjay Bradley Jr. Steal.,home,41,50,-9,0,FALSE,FALSE,0.03803784030774362,0.15011494571929926,5,1,-13.5,152.5,Gregory Nixon/Wilson Holland/D.G. Nelson,"San Diego, CA",Jenny Craig Pavilion,NA,782,NA,NA,NA,NA,NA,NA,NA,NA,Santa Clara,San Diego,FALSE
401706675,2025-01-02,San Diego,Santa Clara,201,2,13:02,782,782,Kjay Bradley Jr. made Layup.,home,43,50,-7,6,TRUE,FALSE,0.054821374715960276,0.20526776891376575,5,1,-13.5,152.5,Gregory Nixon/Wilson Holland/D.G. Nelson,"San Diego, CA",Jenny Craig Pavilion,NA,782,NA,NA,San Diego,made,Kjay Bradley Jr.,NA,FALSE,FALSE,San Diego,Santa Clara,FALSE
401706675,2025-01-02,San Diego,Santa Clara,202,2,12:56,776,776,Brenton Knapper made Layup. Assisted by Carlos Stewart Jr..,away,43,52,-9,6,TRUE,FALSE,0.03776298368525685,0.14836555844862123,5,1,-13.5,152.5,Gregory Nixon/Wilson Holland/D.G. Nelson,"San Diego, CA",Jenny Craig Pavilion,NA,782,NA,NA,Santa Clara,made,Brenton Knapper,Carlos Stewart Jr,FALSE,FALSE,Santa Clara,San Diego,FALSE
401706675,2025-01-02,San Diego,Santa Clara,203,2,12:36,756,756,Santiago Trouet made Three Point Jumper. Assisted by Deven Dahlke.,home,46,52,-6,20,TRUE,FALSE,0.06528765380120616,0.2346972448048629,5,1,-13.5,152.5,Gregory Nixon/Wilson Holland/D.G. Nelson,"San Diego, CA",Jenny Craig Pavilion,NA,782,NA,NA,San Diego,made,Santiago Trouet,Deven Dahlke,TRUE,FALSE,San Diego,Santa Clara,FALSE
401706675,2025-01-02,San Diego,Santa Clara,204,2,12:36,756,756,Foul on Adama-Alpha Bal.,away,46,52,-6,0,FALSE,TRUE,0.06528765380120616,0.2346972448048629,5,1,-13.5,152.5,Gregory Nixon/Wilson Holland/D.G. Nelson,"San Diego, CA",Jenny Craig Pavilion,NA,782,NA,NA,NA,NA,NA,NA,NA,NA,San Diego,Santa Clara,FALSE
401706675,2025-01-02,San Diego,Santa Clara,205,2,12:36,756,756,Santiago Trouet missed Free Throw.,home,46,52,-6,0,FALSE,FALSE,0.06528765380120616,0.2346972448048629,5,1,-13.5,152.5,Gregory Nixon/Wilson Holland/D.G. Nelson,"San Diego, CA",Jenny Craig Pavilion,NA,782,NA,NA,San Diego,missed,Santiago Trouet,NA,FALSE,TRUE,San Diego,San Diego,FALSE
401706675,2025-01-02,San Diego,Santa Clara,206,2,12:34,754,754,Bendji Pierre Offensive Rebound.,home,46,52,-6,2,FALSE,FALSE,0.06524606010379097,0.23436933437608148,5,1,-13.5,152.5,Gregory Nixon/Wilson Holland/D.G. Nelson,"San Diego, CA",Jenny Craig Pavilion,NA,782,NA,NA,NA,NA,NA,NA,NA,NA,San Diego,San Diego,FALSE
401706675,2025-01-02,San Diego,Santa Clara,207,2,12:31,751,751,Santiago Trouet made Layup. Assisted by Kjay Bradley Jr..,home,48,52,-4,3,TRUE,FALSE,0.09383862866547674,0.3119414060368126,5,1,-13.5,152.5,Gregory Nixon/Wilson Holland/D.G. Nelson,"San Diego, CA",Jenny Craig Pavilion,NA,782,NA,NA,San Diego,made,Santiago Trouet,Kjay Bradley Jr,FALSE,FALSE,San Diego,Santa Clara,FALSE
401706675,2025-01-02,San Diego,Santa Clara,208,2,12:24,744,744,Santa Clara  Timeout,away,48,52,-4,7,FALSE,FALSE,0.09380826611473826,0.31097993723249917,5,0,-13.5,152.5,Gregory Nixon/Wilson Holland/D.G. Nelson,"San Diego, CA",Jenny Craig Pavilion,NA,782,NA,NA,NA,NA,NA,NA,NA,NA,Santa Clara,Santa Clara,FALSE
401706675,2025-01-02,San Diego,Santa Clara,209,2,12:24,744,744, Official TV Timeout,NA,48,52,-4,0,FALSE,FALSE,0.09380826611473826,0.31097993723249917,5,-1,-13.5,152.5,Gregory Nixon/Wilson Holland/D.G. Nelson,"San Diego, CA",Jenny Craig Pavilion,NA,782,NA,NA,NA,NA,NA,NA,NA,NA,Santa Clara,Santa Clara,FALSE
401706675,2025-01-02,San Diego,Santa Clara,210,2,12:12,732,732,Foul on Joey Chammaa.,home,48,52,-4,12,FALSE,TRUE,0.093736374360092925,0.30922597510106453,5,-1,-13.5,152.5,Gregory Nixon/Wilson Holland/D.G. Nelson,"San Diego, CA",Jenny Craig Pavilion,NA,782,NA,NA,NA,NA,NA,NA,NA,NA,Santa Clara,Santa Clara,FALSE
401706675,2025-01-02,San Diego,Santa Clara,211,2,11:53,713,713,Camaron Tongue made Layup. Assisted by Brenton Knapper.,away,48,54,-6,19,TRUE,FALSE,0.06426518042743293,0.22705633806412195,5,-1,-13.5,152.5,Gregory Nixon/Wilson Holland/D.G. Nelson,"San Diego, CA",Jenny Craig Pavilion,NA,782,NA,NA,Santa Clara,made,Camaron Tongue,Brenton Knapper,FALSE,FALSE,Santa Clara,San Diego,FALSE
401706675,2025-01-02,San Diego,Santa Clara,212,2,11:44,704,704,Foul on Elijah Mahi.,away,48,54,-6,9,FALSE,TRUE,0.06408970866297078,0.225595557013865,5,-1,-13.5,152.5,Gregory Nixon/Wilson Holland/D.G. Nelson,"San Diego, CA",Jenny Craig Pavilion,NA,782,NA,NA,NA,NA,NA,NA,NA,NA,San Diego,San Diego,FALSE
401706675,2025-01-02,San Diego,Santa Clara,213,2,11:44,704,704, Official TV Timeout,NA,48,54,-6,0,FALSE,FALSE,0.06408970866297078,0.225595557013865,5,-2,-13.5,152.5,Gregory Nixon/Wilson Holland/D.G. Nelson,"San Diego, CA",Jenny Craig Pavilion,NA,782,NA,NA,NA,NA,NA,NA,NA,NA,San Diego,San Diego,FALSE
401706675,2025-01-02,San Diego,Santa Clara,214,2,11:32,692,692,Kjay Bradley Jr. missed Layup.,home,48,54,-6,12,FALSE,FALSE,0.06388748925019508,0.22376916945804887,5,-2,-13.5,152.5,Gregory Nixon/Wilson Holland/D.G. Nelson,"San Diego, CA",Jenny Craig Pavilion,NA,782,NA,NA,San Diego,missed,Kjay Bradley Jr.,NA,FALSE,FALSE,San Diego,Santa Clara,FALSE
401706675,2025-01-02,San Diego,Santa Clara,215,2,11:32,692,692,Camaron Tongue Block.,away,48,54,-6,0,FALSE,FALSE,0.06388748925019508,0.22376916945804887,5,-2,-13.5,152.5,Gregory Nixon/Wilson Holland/D.G. Nelson,"San Diego, CA",Jenny Craig Pavilion,NA,782,NA,NA,NA,NA,NA,NA,NA,NA,San Diego,Santa Clara,FALSE
401706675,2025-01-02,San Diego,Santa Clara,216,2,11:28,688,688,Brenton Knapper Defensive Rebound.,away,48,54,-6,4,FALSE,FALSE,0.06382648240268032,0.22318473087351023,5,-2,-13.5,152.5,Gregory Nixon/Wilson Holland/D.G. Nelson,"San Diego, CA",Jenny Craig Pavilion,NA,782,NA,NA,NA,NA,NA,NA,NA,NA,San Diego,Santa Clara,FALSE
401706675,2025-01-02,San Diego,Santa Clara,217,2,11:27,687,687,Elijah Mahi made Dunk. Assisted by Brenton Knapper.,away,48,56,-8,1,TRUE,FALSE,0.04302922782976483,0.1592192297560538,5,-2,-13.5,152.5,Gregory Nixon/Wilson Holland/D.G. Nelson,"San Diego, CA",Jenny Craig Pavilion,NA,782,NA,NA,Santa Clara,made,Elijah Mahi,Brenton Knapper,FALSE,FALSE,Santa Clara,San Diego,FALSE
401706675,2025-01-02,San Diego,Santa Clara,218,2,11:06,666,666,Kody Clouet missed Three Point Jumper.,home,48,56,-8,21,FALSE,FALSE,0.04260009365252234,0.1562023954615354,5,-2,-13.5,152.5,Gregory Nixon/Wilson Holland/D.G. Nelson,"San Diego, CA",Jenny Craig Pavilion,NA,782,NA,NA,San Diego,missed,Kody Clouet,NA,TRUE,FALSE,San Diego,Santa Clara,FALSE
401706675,2025-01-02,San Diego,Santa Clara,219,2,11:03,663,663,Johnny O'Neil Defensive Rebound.,away,48,56,-8,3,FALSE,FALSE,0.042541041144459266,0.15578137092039557,5,-2,-13.5,152.5,Gregory Nixon/Wilson Holland/D.G. Nelson,"San Diego, CA",Jenny Craig Pavilion,NA,782,NA,NA,NA,NA,NA,NA,NA,NA,San Diego,Santa Clara,FALSE
401706675,2025-01-02,San Diego,Santa Clara,220,2,10:46,646,646,Johnny O'Neil missed Three Point Jumper.,away,48,56,-8,17,FALSE,FALSE,0.0422032284362296,0.1533884086823489,5,-2,-13.5,152.5,Gregory Nixon/Wilson Holland/D.G. Nelson,"San Diego, CA",Jenny Craig Pavilion,NA,782,NA,NA,Santa Clara,missed,Johnny O'Neil,NA,TRUE,FALSE,Santa Clara,Santa Clara,FALSE
401706675,2025-01-02,San Diego,Santa Clara,221,2,10:44,644,644,Johnny O'Neil Offensive Rebound.,away,48,56,-8,2,FALSE,FALSE,0.04216231735118277,0.15310293905821315,5,-2,-13.5,152.5,Gregory Nixon/Wilson Holland/D.G. Nelson,"San Diego, CA",Jenny Craig Pavilion,NA,782,NA,NA,NA,NA,NA,NA,NA,NA,Santa Clara,Santa Clara,FALSE
401706675,2025-01-02,San Diego,Santa Clara,222,2,10:41,641,641,Elijah Mahi made Layup. Assisted by Johnny O'Neil.,away,48,58,-10,3,TRUE,FALSE,0.02783745885171384,0.10505808448570494,5,-2,-13.5,152.5,Gregory Nixon/Wilson Holland/D.G. Nelson,"San Diego, CA",Jenny Craig Pavilion,NA,782,NA,NA,Santa Clara,made,Elijah Mahi,Johnny O'Neil,FALSE,FALSE,Santa Clara,San Diego,FALSE
401706675,2025-01-02,San Diego,Santa Clara,223,2,10:13,613,613,Santiago Trouet made Jumper. Assisted by Kjay Bradley Jr..,home,50,58,-8,28,TRUE,FALSE,0.04144831714497087,0.14838773018735057,5,-2,-13.5,152.5,Gregory Nixon/Wilson Holland/D.G. Nelson,"San Diego, CA",Jenny Craig Pavilion,NA,782,NA,NA,San Diego,made,Santiago Trouet,Kjay Bradley Jr,FALSE,FALSE,San Diego,Santa Clara,FALSE
401706675,2025-01-02,San Diego,Santa Clara,224,2,10:09,609,609,Elijah Mahi Turnover.,away,50,58,-8,4,FALSE,FALSE,0.04134050906825516,0.14772183658386487,5,-2,-13.5,152.5,Gregory Nixon/Wilson Holland/D.G. Nelson,"San Diego, CA",Jenny Craig Pavilion,NA,782,NA,NA,NA,NA,NA,NA,NA,NA,Santa Clara,San Diego,FALSE
401706675,2025-01-02,San Diego,Santa Clara,225,2,9:53,593,593,Foul on Kody Clouet.,home,50,58,-8,16,FALSE,TRUE,0.0408590908174878,0.14487432790981408,5,-2,-13.5,152.5,Gregory Nixon/Wilson Holland/D.G. Nelson,"San Diego, CA",Jenny Craig Pavilion,NA,782,NA,NA,NA,NA,NA,NA,NA,NA,San Diego,Santa Clara,FALSE
401706675,2025-01-02,San Diego,Santa Clara,226,2,9:53,593,593,Kody Clouet Turnover.,home,50,58,-8,0,FALSE,FALSE,0.0408590908174878,0.14487432790981408,5,-2,-13.5,152.5,Gregory Nixon/Wilson Holland/D.G. Nelson,"San Diego, CA",Jenny Craig Pavilion,NA,782,NA,NA,NA,NA,NA,NA,NA,NA,San Diego,Santa Clara,FALSE
401706675,2025-01-02,San Diego,Santa Clara,227,2,9:34,574,574,Elijah Mahi missed Jumper.,away,50,58,-8,19,FALSE,FALSE,0.040161967841641735,0.14103550333457074,5,-2,-13.5,152.5,Gregory Nixon/Wilson Holland/D.G. Nelson,"San Diego, CA",Jenny Craig Pavilion,NA,782,NA,NA,Santa Clara,missed,Elijah Mahi,NA,FALSE,FALSE,Santa Clara,Santa Clara,FALSE
401706675,2025-01-02,San Diego,Santa Clara,228,2,9:32,572,572,Elijah Mahi Offensive Rebound.,away,50,58,-8,2,FALSE,FALSE,0.04007947107651196,0.14059837497655353,5,-2,-13.5,152.5,Gregory Nixon/Wilson Holland/D.G. Nelson,"San Diego, CA",Jenny Craig Pavilion,NA,782,NA,NA,NA,NA,NA,NA,NA,NA,Santa Clara,Santa Clara,FALSE
401706675,2025-01-02,San Diego,Santa Clara,229,2,9:29,569,569,Elijah Mahi missed Layup.,away,50,58,-8,3,FALSE,FALSE,0.03995221337289802,0.13993000869114178,5,-2,-13.5,152.5,Gregory Nixon/Wilson Holland/D.G. Nelson,"San Diego, CA",Jenny Craig Pavilion,NA,782,NA,NA,Santa Clara,missed,Elijah Mahi,NA,FALSE,FALSE,Santa Clara,San Diego,FALSE
401706675,2025-01-02,San Diego,Santa Clara,230,2,9:29,569,569,Kody Clouet Defensive Rebound.,home,50,58,-8,0,FALSE,FALSE,0.03995221337289802,0.13993000869114178,5,-2,-13.5,152.5,Gregory Nixon/Wilson Holland/D.G. Nelson,"San Diego, CA",Jenny Craig Pavilion,NA,782,NA,NA,NA,NA,NA,NA,NA,NA,Santa Clara,San Diego,FALSE
401706675,2025-01-02,San Diego,Santa Clara,231,2,9:29,569,569,Steven Jamerson II Block.,home,50,58,-8,0,FALSE,FALSE,0.03995221337289802,0.13993000869114178,5,-2,-13.5,152.5,Gregory Nixon/Wilson Holland/D.G. Nelson,"San Diego, CA",Jenny Craig Pavilion,NA,782,NA,NA,NA,NA,NA,NA,NA,NA,Santa Clara,San Diego,FALSE
401706675,2025-01-02,San Diego,Santa Clara,232,2,9:20,560,560,Kjay Bradley Jr. made Jumper.,home,52,58,-6,9,TRUE,FALSE,0.06113235997508813,0.20180171558667143,5,-2,-13.5,152.5,Gregory Nixon/Wilson Holland/D.G. Nelson,"San Diego, CA",Jenny Craig Pavilion,NA,782,NA,NA,San Diego,made,Kjay Bradley Jr.,NA,FALSE,FALSE,San Diego,Santa Clara,FALSE
401706675,2025-01-02,San Diego,Santa Clara,233,2,9:15,555,555,Jake Ensminger Turnover.,away,52,58,-6,5,FALSE,FALSE,0.06091126686338424,0.2005492447071678,5,-2,-13.5,152.5,Gregory Nixon/Wilson Holland/D.G. Nelson,"San Diego, CA",Jenny Craig Pavilion,NA,782,NA,NA,NA,NA,NA,NA,NA,NA,Santa Clara,San Diego,FALSE
401706675,2025-01-02,San Diego,Santa Clara,234,2,9:04,544,544,Kody Clouet missed Jumper.,home,52,58,-6,11,FALSE,FALSE,0.060401479485809484,0.1977098895160098,5,-2,-13.5,152.5,Gregory Nixon/Wilson Holland/D.G. Nelson,"San Diego, CA",Jenny Craig Pavilion,NA,782,NA,NA,San Diego,missed,Kody Clouet,NA,FALSE,FALSE,San Diego,Santa Clara,FALSE
401706675,2025-01-02,San Diego,Santa Clara,235,2,9:01,541,541,Tyeree Bryan Defensive Rebound.,away,52,58,-6,3,FALSE,FALSE,0.06027707060695269,0.196985886674162,5,-2,-13.5,152.5,Gregory Nixon/Wilson Holland/D.G. Nelson,"San Diego, CA",Jenny Craig Pavilion,NA,782,NA,NA,NA,NA,NA,NA,NA,NA,San Diego,Santa Clara,FALSE
401706675,2025-01-02,San Diego,Santa Clara,236,2,9:01,541,541,Foul on Kody Clouet.,home,52,58,-6,0,FALSE,TRUE,0.06027707060695269,0.196985886674162,5,-2,-13.5,152.5,Gregory Nixon/Wilson Holland/D.G. Nelson,"San Diego, CA",Jenny Craig Pavilion,NA,782,NA,NA,NA,NA,NA,NA,NA,NA,San Diego,Santa Clara,FALSE
401706675,2025-01-02,San Diego,Santa Clara,237,2,9:01,541,541,Tyeree Bryan missed Free Throw.,away,52,58,-6,0,FALSE,FALSE,0.06027707060695269,0.196985886674162,5,-2,-13.5,152.5,Gregory Nixon/Wilson Holland/D.G. Nelson,"San Diego, CA",Jenny Craig Pavilion,NA,782,NA,NA,Santa Clara,missed,Tyeree Bryan,NA,FALSE,TRUE,Santa Clara,Santa Clara,FALSE
401706675,2025-01-02,San Diego,Santa Clara,238,2,9:01,541,541,Santa Clara Offensive Rebound.,away,52,58,-6,0,FALSE,FALSE,0.06027707060695269,0.196985886674162,5,-2,-13.5,152.5,Gregory Nixon/Wilson Holland/D.G. Nelson,"San Diego, CA",Jenny Craig Pavilion,NA,782,NA,NA,NA,NA,NA,NA,NA,NA,San Diego,Santa Clara,FALSE
401706675,2025-01-02,San Diego,Santa Clara,239,2,9:01,541,541,Tyeree Bryan made Free Throw.,away,52,59,-7,0,TRUE,FALSE,0.048299002428961804,0.1625403363074472,5,-2,-13.5,152.5,Gregory Nixon/Wilson Holland/D.G. Nelson,"San Diego, CA",Jenny Craig Pavilion,NA,782,NA,NA,Santa Clara,made,Tyeree Bryan,NA,FALSE,TRUE,Santa Clara,San Diego,FALSE
401706675,2025-01-02,San Diego,Santa Clara,240,2,8:45,525,525,Kjay Bradley Jr. made Layup.,home,54,59,-5,16,TRUE,FALSE,0.07457014651713018,0.23335453876959694,5,-2,-13.5,152.5,Gregory Nixon/Wilson Holland/D.G. Nelson,"San Diego, CA",Jenny Craig Pavilion,NA,782,NA,NA,San Diego,made,Kjay Bradley Jr.,NA,FALSE,FALSE,San Diego,Santa Clara,FALSE
401706675,2025-01-02,San Diego,Santa Clara,241,2,8:45,525,525,Foul on Camaron Tongue.,away,54,59,-5,0,FALSE,TRUE,0.07457014651713018,0.23335453876959694,5,-2,-13.5,152.5,Gregory Nixon/Wilson Holland/D.G. Nelson,"San Diego, CA",Jenny Craig Pavilion,NA,782,NA,NA,NA,NA,NA,NA,NA,NA,San Diego,Santa Clara,FALSE
401706675,2025-01-02,San Diego,Santa Clara,242,2,8:45,525,525,Kjay Bradley Jr. made Free Throw.,home,55,59,-4,0,TRUE,FALSE,0.0927403538833203,0.2785687046364463,5,-2,-13.5,152.5,Gregory Nixon/Wilson Holland/D.G. Nelson,"San Diego, CA",Jenny Craig Pavilion,NA,782,NA,NA,San Diego,made,Kjay Bradley Jr.,NA,FALSE,TRUE,San Diego,Santa Clara,FALSE
401706675,2025-01-02,San Diego,Santa Clara,243,2,8:35,515,515,Tyeree Bryan made Three Point Jumper. Assisted by Jake Ensminger.,away,55,62,-7,10,TRUE,FALSE,0.047365584510319136,0.1571199825525428,5,-2,-13.5,152.5,Gregory Nixon/Wilson Holland/D.G. Nelson,"San Diego, CA",Jenny Craig Pavilion,NA,782,NA,NA,Santa Clara,made,Tyeree Bryan,Jake Ensminger,TRUE,FALSE,Santa Clara,San Diego,FALSE
401706675,2025-01-02,San Diego,Santa Clara,244,2,8:24,504,504,Kjay Bradley Jr. missed Jumper.,home,55,62,-7,11,FALSE,FALSE,0.047043281119709464,0.1550899789166594,5,-2,-13.5,152.5,Gregory Nixon/Wilson Holland/D.G. Nelson,"San Diego, CA",Jenny Craig Pavilion,NA,782,NA,NA,San Diego,missed,Kjay Bradley Jr.,NA,FALSE,FALSE,San Diego,Santa Clara,FALSE
401706675,2025-01-02,San Diego,Santa Clara,245,2,8:21,501,501,Johnny O'Neil Defensive Rebound.,away,55,62,-7,3,FALSE,FALSE,0.04695687144285541,0.15454252465627238,5,-2,-13.5,152.5,Gregory Nixon/Wilson Holland/D.G. Nelson,"San Diego, CA",Jenny Craig Pavilion,NA,782,NA,NA,NA,NA,NA,NA,NA,NA,San Diego,Santa Clara,FALSE
401706675,2025-01-02,San Diego,Santa Clara,246,2,8:11,491,491,Adama-Alpha Bal missed Three Point Jumper.,away,55,62,-7,10,FALSE,FALSE,0.04666265358097048,0.15269972512323018,5,-2,-13.5,152.5,Gregory Nixon/Wilson Holland/D.G. Nelson,"San Diego, CA",Jenny Craig Pavilion,NA,782,NA,NA,Santa Clara,missed,Adama-Alpha Bal,NA,TRUE,FALSE,Santa Clara,San Diego,FALSE
401706675,2025-01-02,San Diego,Santa Clara,247,2,8:09,489,489,Santiago Trouet Defensive Rebound.,home,55,62,-7,2,FALSE,FALSE,0.04660144107857471,0.15232368047862643,5,-2,-13.5,152.5,Gregory Nixon/Wilson Holland/D.G. Nelson,"San Diego, CA",Jenny Craig Pavilion,NA,782,NA,NA,NA,NA,NA,NA,NA,NA,Santa Clara,San Diego,FALSE
401706675,2025-01-02,San Diego,Santa Clara,248,2,7:57,477,477,Tony Duckett missed Layup.,home,55,62,-7,12,FALSE,FALSE,0.04620408769951198,0.14996964948146863,5,-2,-13.5,152.5,Gregory Nixon/Wilson Holland/D.G. Nelson,"San Diego, CA",Jenny Craig Pavilion,NA,782,NA,NA,San Diego,missed,Tony Duckett,NA,FALSE,FALSE,San Diego,San Diego,FALSE
401706675,2025-01-02,San Diego,Santa Clara,249,2,7:54,474,474,Steven Jamerson II Offensive Rebound.,home,55,62,-7,3,FALSE,FALSE,0.046094184920006796,0.14934662101458498,5,-2,-13.5,152.5,Gregory Nixon/Wilson Holland/D.G. Nelson,"San Diego, CA",Jenny Craig Pavilion,NA,782,NA,NA,NA,NA,NA,NA,NA,NA,San Diego,San Diego,FALSE
401706675,2025-01-02,San Diego,Santa Clara,250,2,7:53,473,473,Steven Jamerson II made Layup.,home,57,62,-5,1,TRUE,FALSE,0.07356361480106492,0.22376530784212884,5,-2,-13.5,152.5,Gregory Nixon/Wilson Holland/D.G. Nelson,"San Diego, CA",Jenny Craig Pavilion,NA,782,NA,NA,San Diego,made,Steven Jamerson II,NA,FALSE,FALSE,San Diego,Santa Clara,FALSE
401706675,2025-01-02,San Diego,Santa Clara,251,2,7:37,457,457,Foul on Tony Duckett.,home,57,62,-5,16,FALSE,TRUE,0.07304518582524329,0.22013849490478615,5,-2,-13.5,152.5,Gregory Nixon/Wilson Holland/D.G. Nelson,"San Diego, CA",Jenny Craig Pavilion,NA,782,NA,NA,NA,NA,NA,NA,NA,NA,Santa Clara,Santa Clara,FALSE
401706675,2025-01-02,San Diego,Santa Clara,252,2,7:37,457,457, Official TV Timeout,NA,57,62,-5,0,FALSE,FALSE,0.07304518582524329,0.22013849490478615,5,-3,-13.5,152.5,Gregory Nixon/Wilson Holland/D.G. Nelson,"San Diego, CA",Jenny Craig Pavilion,NA,782,NA,NA,NA,NA,NA,NA,NA,NA,Santa Clara,Santa Clara,FALSE
401706675,2025-01-02,San Diego,Santa Clara,253,2,7:25,445,445,Johnny O'Neil missed Jumper.,away,57,62,-5,12,FALSE,FALSE,0.07250092660101656,0.21692403067218866,5,-3,-13.5,152.5,Gregory Nixon/Wilson Holland/D.G. Nelson,"San Diego, CA",Jenny Craig Pavilion,NA,782,NA,NA,Santa Clara,missed,Johnny O'Neil,NA,FALSE,FALSE,Santa Clara,Santa Clara,FALSE
401706675,2025-01-02,San Diego,Santa Clara,254,2,7:22,442,442,Jake Ensminger Offensive Rebound.,away,57,62,-5,3,FALSE,FALSE,0.07233958815362695,0.21604064475862825,5,-3,-13.5,152.5,Gregory Nixon/Wilson Holland/D.G. Nelson,"San Diego, CA",Jenny Craig Pavilion,NA,782,NA,NA,NA,NA,NA,NA,NA,NA,Santa Clara,Santa Clara,FALSE
401706675,2025-01-02,San Diego,Santa Clara,255,2,7:21,441,441,Tyeree Bryan missed Three Point Jumper.,away,57,62,-5,1,FALSE,FALSE,0.07228336538370284,0.21573850088519284,5,-3,-13.5,152.5,Gregory Nixon/Wilson Holland/D.G. Nelson,"San Diego, CA",Jenny Craig Pavilion,NA,782,NA,NA,Santa Clara,missed,Tyeree Bryan,NA,TRUE,FALSE,Santa Clara,San Diego,FALSE
401706675,2025-01-02,San Diego,Santa Clara,256,2,7:18,438,438,Bendji Pierre Defensive Rebound.,home,57,62,-5,3,FALSE,FALSE,0.07210711628218759,0.21480827546854003,5,-3,-13.5,152.5,Gregory Nixon/Wilson Holland/D.G. Nelson,"San Diego, CA",Jenny Craig Pavilion,NA,782,NA,NA,NA,NA,NA,NA,NA,NA,Santa Clara,San Diego,FALSE
401706675,2025-01-02,San Diego,Santa Clara,257,2,6:55,415,415,Kjay Bradley Jr. made Jumper.,home,59,62,-3,23,TRUE,FALSE,0.1150579562381137,0.30892809840669294,5,-3,-13.5,152.5,Gregory Nixon/Wilson Holland/D.G. Nelson,"San Diego, CA",Jenny Craig Pavilion,NA,782,NA,NA,San Diego,made,Kjay Bradley Jr.,NA,FALSE,FALSE,San Diego,Santa Clara,FALSE
401706675,2025-01-02,San Diego,Santa Clara,258,2,6:32,392,392,Johnny O'Neil made Three Point Jumper. Assisted by Carlos Stewart Jr..,away,59,65,-6,23,TRUE,FALSE,0.05364019495672682,0.15962364126561218,5,-3,-13.5,152.5,Gregory Nixon/Wilson Holland/D.G. Nelson,"San Diego, CA",Jenny Craig Pavilion,NA,782,NA,NA,Santa Clara,made,Johnny O'Neil,Carlos Stewart Jr,TRUE,FALSE,Santa Clara,San Diego,FALSE
401706675,2025-01-02,San Diego,Santa Clara,259,2,6:20,380,380,Kjay Bradley Jr. missed Layup.,home,59,65,-6,12,FALSE,FALSE,0.05301099294072431,0.15608683815618793,5,-3,-13.5,152.5,Gregory Nixon/Wilson Holland/D.G. Nelson,"San Diego, CA",Jenny Craig Pavilion,NA,782,NA,NA,San Diego,missed,Kjay Bradley Jr.,NA,FALSE,FALSE,San Diego,Santa Clara,FALSE
401706675,2025-01-02,San Diego,Santa Clara,260,2,6:20,380,380,Santa Clara Defensive Rebound.,away,59,65,-6,0,FALSE,FALSE,0.05301099294072431,0.15608683815618793,5,-3,-13.5,152.5,Gregory Nixon/Wilson Holland/D.G. Nelson,"San Diego, CA",Jenny Craig Pavilion,NA,782,NA,NA,NA,NA,NA,NA,NA,NA,San Diego,Santa Clara,FALSE
401706675,2025-01-02,San Diego,Santa Clara,261,2,6:20,380,380,Carlos Stewart Jr. Block.,away,59,65,-6,0,FALSE,FALSE,0.05301099294072431,0.15608683815618793,5,-3,-13.5,152.5,Gregory Nixon/Wilson Holland/D.G. Nelson,"San Diego, CA",Jenny Craig Pavilion,NA,782,NA,NA,NA,NA,NA,NA,NA,NA,San Diego,Santa Clara,FALSE
401706675,2025-01-02,San Diego,Santa Clara,262,2,5:54,354,354,Carlos Stewart Jr. Turnover.,away,59,65,-6,26,FALSE,FALSE,0.05144557060828443,0.1478396848025896,5,-3,-13.5,152.5,Gregory Nixon/Wilson Holland/D.G. Nelson,"San Diego, CA",Jenny Craig Pavilion,NA,782,NA,NA,NA,NA,NA,NA,NA,NA,Santa Clara,San Diego,FALSE
401706675,2025-01-02,San Diego,Santa Clara,263,2,5:54,354,354,Kjay Bradley Jr. Steal.,home,59,65,-6,0,FALSE,FALSE,0.05144557060828443,0.1478396848025896,5,-3,-13.5,152.5,Gregory Nixon/Wilson Holland/D.G. Nelson,"San Diego, CA",Jenny Craig Pavilion,NA,782,NA,NA,NA,NA,NA,NA,NA,NA,Santa Clara,San Diego,FALSE
401706675,2025-01-02,San Diego,Santa Clara,264,2,5:34,334,334,Steven Jamerson II made Layup. Assisted by Tony Duckett.,home,61,65,-4,20,TRUE,FALSE,0.08751242678441552,0.23003301564338685,5,-3,-13.5,152.5,Gregory Nixon/Wilson Holland/D.G. Nelson,"San Diego, CA",Jenny Craig Pavilion,NA,782,NA,NA,San Diego,made,Steven Jamerson II,Tony Duckett,FALSE,FALSE,San Diego,Santa Clara,FALSE
401706675,2025-01-02,San Diego,Santa Clara,265,2,5:12,312,312,Elijah Mahi missed Three Point Jumper.,away,61,65,-4,22,FALSE,FALSE,0.08549922306085153,0.22023251324804882,5,-3,-13.5,152.5,Gregory Nixon/Wilson Holland/D.G. Nelson,"San Diego, CA",Jenny Craig Pavilion,NA,782,NA,NA,Santa Clara,missed,Elijah Mahi,NA,TRUE,FALSE,Santa Clara,San Diego,FALSE
401706675,2025-01-02,San Diego,Santa Clara,266,2,5:09,309,309,Santiago Trouet Defensive Rebound.,home,61,65,-4,3,FALSE,FALSE,0.085153362091815,0.21873510009328573,5,-3,-13.5,152.5,Gregory Nixon/Wilson Holland/D.G. Nelson,"San Diego, CA",Jenny Craig Pavilion,NA,782,NA,NA,NA,NA,NA,NA,NA,NA,Santa Clara,San Diego,FALSE
401706675,2025-01-02,San Diego,Santa Clara,267,2,5:01,301,301,Kjay Bradley Jr. missed Jumper.,home,61,65,-4,8,FALSE,FALSE,0.08470855928808764,0.21581900686784386,5,-3,-13.5,152.5,Gregory Nixon/Wilson Holland/D.G. Nelson,"San Diego, CA",Jenny Craig Pavilion,NA,782,NA,NA,San Diego,missed,Kjay Bradley Jr.,NA,FALSE,FALSE,San Diego,Santa Clara,FALSE
401706675,2025-01-02,San Diego,Santa Clara,268,2,4:57,297,297,Johnny O'Neil Defensive Rebound.,away,61,65,-4,4,FALSE,FALSE,0.08475790729741155,0.21496826862249363,5,-3,-13.5,152.5,Gregory Nixon/Wilson Holland/D.G. Nelson,"San Diego, CA",Jenny Craig Pavilion,NA,782,NA,NA,NA,NA,NA,NA,NA,NA,San Diego,Santa Clara,FALSE
401706675,2025-01-02,San Diego,Santa Clara,269,2,4:54,294,294,Adama-Alpha Bal missed Three Point Jumper.,away,61,65,-4,3,FALSE,FALSE,0.08489923561625859,0.21456019447070598,5,-3,-13.5,152.5,Gregory Nixon/Wilson Holland/D.G. Nelson,"San Diego, CA",Jenny Craig Pavilion,NA,782,NA,NA,Santa Clara,missed,Adama-Alpha Bal,NA,TRUE,FALSE,Santa Clara,San Diego,FALSE
401706675,2025-01-02,San Diego,Santa Clara,270,2,4:51,291,291,Santiago Trouet Defensive Rebound.,home,61,65,-4,3,FALSE,FALSE,0.08512207845521508,0.21432975438587817,5,-3,-13.5,152.5,Gregory Nixon/Wilson Holland/D.G. Nelson,"San Diego, CA",Jenny Craig Pavilion,NA,782,NA,NA,NA,NA,NA,NA,NA,NA,Santa Clara,San Diego,FALSE
401706675,2025-01-02,San Diego,Santa Clara,271,2,4:48,288,288,Foul on Adama-Alpha Bal.,away,61,65,-4,3,FALSE,TRUE,0.0854194981767082,0.21425983894413264,5,-3,-13.5,152.5,Gregory Nixon/Wilson Holland/D.G. Nelson,"San Diego, CA",Jenny Craig Pavilion,NA,782,NA,NA,NA,NA,NA,NA,NA,NA,San Diego,San Diego,FALSE
401706675,2025-01-02,San Diego,Santa Clara,272,2,4:48,288,288,Santiago Trouet made Free Throw.,home,62,65,-3,0,TRUE,FALSE,0.11445394683828986,0.27396904898992225,5,-3,-13.5,152.5,Gregory Nixon/Wilson Holland/D.G. Nelson,"San Diego, CA",Jenny Craig Pavilion,NA,782,NA,NA,San Diego,made,Santiago Trouet,NA,FALSE,TRUE,San Diego,San Diego,FALSE
401706675,2025-01-02,San Diego,Santa Clara,273,2,4:48,288,288,Santiago Trouet made Free Throw.,home,63,65,-2,0,TRUE,FALSE,0.15172016588797507,0.3430530121647268,5,-3,-13.5,152.5,Gregory Nixon/Wilson Holland/D.G. Nelson,"San Diego, CA",Jenny Craig Pavilion,NA,782,NA,NA,San Diego,made,Santiago Trouet,NA,FALSE,TRUE,San Diego,Santa Clara,FALSE
401706675,2025-01-02,San Diego,Santa Clara,274,2,4:22,262,262,Foul on Kjay Bradley Jr..,home,63,65,-2,26,FALSE,TRUE,0.1579567665111893,0.34548429737347514,5,-3,-13.5,152.5,Gregory Nixon/Wilson Holland/D.G. Nelson,"San Diego, CA",Jenny Craig Pavilion,NA,782,NA,NA,NA,NA,NA,NA,NA,NA,Santa Clara,Santa Clara,FALSE
401706675,2025-01-02,San Diego,Santa Clara,275,2,4:14,254,254,Carlos Stewart Jr. made Layup.,away,63,67,-4,8,TRUE,FALSE,0.09184609014989004,0.21953801812692145,5,-3,-13.5,152.5,Gregory Nixon/Wilson Holland/D.G. Nelson,"San Diego, CA",Jenny Craig Pavilion,NA,782,NA,NA,Santa Clara,made,Carlos Stewart Jr.,NA,FALSE,FALSE,Santa Clara,San Diego,FALSE
401706675,2025-01-02,San Diego,Santa Clara,276,2,4:04,244,244,Foul on Elijah Mahi.,away,63,67,-4,10,FALSE,TRUE,0.09385469643714577,0.22108349170913694,5,-3,-13.5,152.5,Gregory Nixon/Wilson Holland/D.G. Nelson,"San Diego, CA",Jenny Craig Pavilion,NA,782,NA,NA,NA,NA,NA,NA,NA,NA,San Diego,San Diego,FALSE
401706675,2025-01-02,San Diego,Santa Clara,277,2,4:04,244,244,Santiago Trouet made Free Throw.,home,64,67,-3,0,TRUE,FALSE,0.12426893329392069,0.27998770817442986,5,-3,-13.5,152.5,Gregory Nixon/Wilson Holland/D.G. Nelson,"San Diego, CA",Jenny Craig Pavilion,NA,782,NA,NA,San Diego,made,Santiago Trouet,NA,FALSE,TRUE,San Diego,San Diego,FALSE
401706675,2025-01-02,San Diego,Santa Clara,278,2,4:04,244,244,Santiago Trouet made Free Throw.,home,65,67,-2,0,TRUE,FALSE,0.16276870732815826,0.3475827101796122,5,-3,-13.5,152.5,Gregory Nixon/Wilson Holland/D.G. Nelson,"San Diego, CA",Jenny Craig Pavilion,NA,782,NA,NA,San Diego,made,Santiago Trouet,NA,FALSE,TRUE,San Diego,Santa Clara,FALSE
401706675,2025-01-02,San Diego,Santa Clara,279,2,3:49,229,229,Foul on Kjay Bradley Jr..,home,65,67,-2,15,FALSE,TRUE,0.16593939023133217,0.3475635999844549,5,-3,-13.5,152.5,Gregory Nixon/Wilson Holland/D.G. Nelson,"San Diego, CA",Jenny Craig Pavilion,NA,782,NA,NA,NA,NA,NA,NA,NA,NA,Santa Clara,Santa Clara,FALSE
401706675,2025-01-02,San Diego,Santa Clara,280,2,3:49,229,229, Official TV Timeout,NA,65,67,-2,0,FALSE,FALSE,0.16593939023133217,0.3475635999844549,5,-4,-13.5,152.5,Gregory Nixon/Wilson Holland/D.G. Nelson,"San Diego, CA",Jenny Craig Pavilion,NA,782,NA,NA,NA,NA,NA,NA,NA,NA,Santa Clara,Santa Clara,FALSE
401706675,2025-01-02,San Diego,Santa Clara,281,2,3:49,229,229,Carlos Stewart Jr. missed Free Throw.,away,65,67,-2,0,FALSE,FALSE,0.16593939023133217,0.3475635999844549,5,-4,-13.5,152.5,Gregory Nixon/Wilson Holland/D.G. Nelson,"San Diego, CA",Jenny Craig Pavilion,NA,782,NA,NA,Santa Clara,missed,Carlos Stewart Jr.,NA,FALSE,TRUE,Santa Clara,Santa Clara,FALSE
401706675,2025-01-02,San Diego,Santa Clara,282,2,3:49,229,229,Santa Clara Offensive Rebound.,away,65,67,-2,0,FALSE,FALSE,0.16593939023133217,0.3475635999844549,5,-4,-13.5,152.5,Gregory Nixon/Wilson Holland/D.G. Nelson,"San Diego, CA",Jenny Craig Pavilion,NA,782,NA,NA,NA,NA,NA,NA,NA,NA,Santa Clara,Santa Clara,FALSE
401706675,2025-01-02,San Diego,Santa Clara,283,2,3:49,229,229,Carlos Stewart Jr. made Free Throw.,away,65,68,-3,0,TRUE,FALSE,0.1267985733860297,0.27996222549268784,5,-4,-13.5,152.5,Gregory Nixon/Wilson Holland/D.G. Nelson,"San Diego, CA",Jenny Craig Pavilion,NA,782,NA,NA,Santa Clara,made,Carlos Stewart Jr.,NA,FALSE,TRUE,Santa Clara,San Diego,FALSE
401706675,2025-01-02,San Diego,Santa Clara,284,2,3:23,203,203,Tony Duckett missed Three Point Jumper.,home,65,68,-3,26,FALSE,FALSE,0.12562738247514377,0.2691463125864909,5,-4,-13.5,152.5,Gregory Nixon/Wilson Holland/D.G. Nelson,"San Diego, CA",Jenny Craig Pavilion,NA,782,NA,NA,San Diego,missed,Tony Duckett,NA,TRUE,FALSE,San Diego,Santa Clara,FALSE
401706675,2025-01-02,San Diego,Santa Clara,285,2,3:18,198,198,Tyeree Bryan Defensive Rebound.,away,65,68,-3,5,FALSE,FALSE,0.12425650644974157,0.2649221801991146,5,-4,-13.5,152.5,Gregory Nixon/Wilson Holland/D.G. Nelson,"San Diego, CA",Jenny Craig Pavilion,NA,782,NA,NA,NA,NA,NA,NA,NA,NA,San Diego,Santa Clara,FALSE
401706675,2025-01-02,San Diego,Santa Clara,286,2,3:12,192,192,Carlos Stewart Jr. missed Layup.,away,65,68,-3,6,FALSE,FALSE,0.12203292260027265,0.2587832081828631,5,-4,-13.5,152.5,Gregory Nixon/Wilson Holland/D.G. Nelson,"San Diego, CA",Jenny Craig Pavilion,NA,782,NA,NA,Santa Clara,missed,Carlos Stewart Jr.,NA,FALSE,FALSE,Santa Clara,San Diego,FALSE
401706675,2025-01-02,San Diego,Santa Clara,287,2,3:12,192,192,Santiago Trouet Block.,home,65,68,-3,0,FALSE,FALSE,0.12203292260027265,0.2587832081828631,5,-4,-13.5,152.5,Gregory Nixon/Wilson Holland/D.G. Nelson,"San Diego, CA",Jenny Craig Pavilion,NA,782,NA,NA,NA,NA,NA,NA,NA,NA,Santa Clara,San Diego,FALSE
401706675,2025-01-02,San Diego,Santa Clara,288,2,3:07,187,187,Steven Jamerson II Defensive Rebound.,home,65,68,-3,5,FALSE,FALSE,0.11976763401125755,0.2529062971261,5,-4,-13.5,152.5,Gregory Nixon/Wilson Holland/D.G. Nelson,"San Diego, CA",Jenny Craig Pavilion,NA,782,NA,NA,NA,NA,NA,NA,NA,NA,Santa Clara,San Diego,FALSE
401706675,2025-01-02,San Diego,Santa Clara,289,2,3:02,182,182,Tony Duckett made Three Point Jumper. Assisted by Kjay Bradley Jr..,home,68,68,0,5,TRUE,FALSE,0.28867883134279887,0.5,5,-4,-13.5,152.5,Gregory Nixon/Wilson Holland/D.G. Nelson,"San Diego, CA",Jenny Craig Pavilion,NA,782,NA,NA,San Diego,made,Tony Duckett,Kjay Bradley Jr,TRUE,FALSE,San Diego,Santa Clara,FALSE
401706675,2025-01-02,San Diego,Santa Clara,290,2,2:42,162,162,Carlos Stewart Jr. made Three Point Jumper. Assisted by Adama-Alpha Bal.,away,68,71,-3,20,TRUE,FALSE,0.1083152914803023,0.22342960416730223,5,-4,-13.5,152.5,Gregory Nixon/Wilson Holland/D.G. Nelson,"San Diego, CA",Jenny Craig Pavilion,NA,782,NA,NA,Santa Clara,made,Carlos Stewart Jr.,Adama-Alpha Bal,TRUE,FALSE,Santa Clara,San Diego,FALSE
401706675,2025-01-02,San Diego,Santa Clara,291,2,2:19,139,139,Foul on Carlos Stewart Jr..,away,68,71,-3,23,FALSE,TRUE,0.09673849793699167,0.19476248248722428,5,-4,-13.5,152.5,Gregory Nixon/Wilson Holland/D.G. Nelson,"San Diego, CA",Jenny Craig Pavilion,NA,782,NA,NA,NA,NA,NA,NA,NA,NA,San Diego,San Diego,FALSE
401706675,2025-01-02,San Diego,Santa Clara,292,2,2:19,139,139,Steven Jamerson II missed Free Throw.,home,68,71,-3,0,FALSE,FALSE,0.09673849793699167,0.19476248248722428,5,-4,-13.5,152.5,Gregory Nixon/Wilson Holland/D.G. Nelson,"San Diego, CA",Jenny Craig Pavilion,NA,782,NA,NA,San Diego,missed,Steven Jamerson II,NA,FALSE,TRUE,San Diego,San Diego,FALSE
401706675,2025-01-02,San Diego,Santa Clara,293,2,2:15,135,135,Santiago Trouet Offensive Rebound.,home,68,71,-3,4,FALSE,FALSE,0.09454340206798367,0.1894954275706443,5,-4,-13.5,152.5,Gregory Nixon/Wilson Holland/D.G. Nelson,"San Diego, CA",Jenny Craig Pavilion,NA,782,NA,NA,NA,NA,NA,NA,NA,NA,San Diego,San Diego,FALSE
401706675,2025-01-02,San Diego,Santa Clara,294,2,2:05,125,125,Santiago Trouet missed Three Point Jumper.,home,68,71,-3,10,FALSE,FALSE,0.08878191191178118,0.17591249829761796,5,-4,-13.5,152.5,Gregory Nixon/Wilson Holland/D.G. Nelson,"San Diego, CA",Jenny Craig Pavilion,NA,782,NA,NA,San Diego,missed,Santiago Trouet,NA,TRUE,FALSE,San Diego,Santa Clara,FALSE
401706675,2025-01-02,San Diego,Santa Clara,295,2,2:02,122,122,Camaron Tongue Defensive Rebound.,away,68,71,-3,3,FALSE,FALSE,0.0869756971069623,0.17172211026492334,5,-4,-13.5,152.5,Gregory Nixon/Wilson Holland/D.G. Nelson,"San Diego, CA",Jenny Craig Pavilion,NA,782,NA,NA,NA,NA,NA,NA,NA,NA,San Diego,Santa Clara,FALSE
401706675,2025-01-02,San Diego,Santa Clara,296,2,2:02,122,122,Foul on Steven Jamerson II.,home,68,71,-3,0,FALSE,TRUE,0.0869756971069623,0.17172211026492334,5,-4,-13.5,152.5,Gregory Nixon/Wilson Holland/D.G. Nelson,"San Diego, CA",Jenny Craig Pavilion,NA,782,NA,NA,NA,NA,NA,NA,NA,NA,San Diego,Santa Clara,FALSE
401706675,2025-01-02,San Diego,Santa Clara,297,2,2:02,122,122,Camaron Tongue made Free Throw.,away,68,72,-4,0,TRUE,FALSE,0.05337178658749997,0.1092951032158206,5,-4,-13.5,152.5,Gregory Nixon/Wilson Holland/D.G. Nelson,"San Diego, CA",Jenny Craig Pavilion,NA,782,NA,NA,Santa Clara,made,Camaron Tongue,NA,FALSE,TRUE,Santa Clara,Santa Clara,FALSE
401706675,2025-01-02,San Diego,Santa Clara,298,2,2:02,122,122,Camaron Tongue made Free Throw.,away,68,73,-5,0,TRUE,FALSE,0.032291884902836195,0.0677073536141189,5,-4,-13.5,152.5,Gregory Nixon/Wilson Holland/D.G. Nelson,"San Diego, CA",Jenny Craig Pavilion,NA,782,NA,NA,Santa Clara,made,Camaron Tongue,NA,FALSE,TRUE,Santa Clara,San Diego,FALSE
401706675,2025-01-02,San Diego,Santa Clara,299,2,1:53,113,113,Bendji Pierre missed Three Point Jumper.,home,68,73,-5,9,FALSE,FALSE,0.028320843737831117,0.058522732224163834,5,-4,-13.5,152.5,Gregory Nixon/Wilson Holland/D.G. Nelson,"San Diego, CA",Jenny Craig Pavilion,NA,782,NA,NA,San Diego,missed,Bendji Pierre,NA,TRUE,FALSE,San Diego,San Diego,FALSE
401706675,2025-01-02,San Diego,Santa Clara,300,2,1:51,111,111,Steven Jamerson II Offensive Rebound.,home,68,73,-5,2,FALSE,FALSE,0.027450737396001693,0.05653449693142211,5,-4,-13.5,152.5,Gregory Nixon/Wilson Holland/D.G. Nelson,"San Diego, CA",Jenny Craig Pavilion,NA,782,NA,NA,NA,NA,NA,NA,NA,NA,San Diego,San Diego,FALSE
401706675,2025-01-02,San Diego,Santa Clara,301,2,1:31,91,91,Kjay Bradley Jr. missed Three Point Jumper.,home,68,73,-5,20,FALSE,FALSE,0.019206077067803876,0.03814375703196049,5,-4,-13.5,152.5,Gregory Nixon/Wilson Holland/D.G. Nelson,"San Diego, CA",Jenny Craig Pavilion,NA,782,NA,NA,San Diego,missed,Kjay Bradley Jr.,NA,TRUE,FALSE,San Diego,San Diego,FALSE
401706675,2025-01-02,San Diego,Santa Clara,302,2,1:28,88,88,Steven Jamerson II Offensive Rebound.,home,68,73,-5,3,FALSE,FALSE,0.018109914098404283,0.035755169147378606,5,-4,-13.5,152.5,Gregory Nixon/Wilson Holland/D.G. Nelson,"San Diego, CA",Jenny Craig Pavilion,NA,782,NA,NA,NA,NA,NA,NA,NA,NA,San Diego,Santa Clara,FALSE
401706675,2025-01-02,San Diego,Santa Clara,303,2,1:28,88,88,Kjay Bradley Jr. made Layup. Assisted by Steven Jamerson II.,home,70,73,-3,0,TRUE,FALSE,0.06445513573611021,0.12166141715687752,5,-4,-13.5,152.5,Gregory Nixon/Wilson Holland/D.G. Nelson,"San Diego, CA",Jenny Craig Pavilion,NA,782,NA,NA,San Diego,made,Kjay Bradley Jr.,Steven Jamerson II,FALSE,FALSE,San Diego,Santa Clara,FALSE
401706675,2025-01-02,San Diego,Santa Clara,304,2,1:28,88,88,San Diego  Timeout,home,70,73,-3,0,FALSE,FALSE,0.06445513573611021,0.12166141715687752,4,-4,-13.5,152.5,Gregory Nixon/Wilson Holland/D.G. Nelson,"San Diego, CA",Jenny Craig Pavilion,NA,782,NA,NA,NA,NA,NA,NA,NA,NA,San Diego,Santa Clara,FALSE
401706675,2025-01-02,San Diego,Santa Clara,305,2,1:00,60,60,Carlos Stewart Jr. made Three Point Jumper.,away,70,76,-6,28,TRUE,FALSE,0.004457859124124194,0.008322066361666266,4,-4,-13.5,152.5,Gregory Nixon/Wilson Holland/D.G. Nelson,"San Diego, CA",Jenny Craig Pavilion,NA,782,NA,NA,Santa Clara,made,Carlos Stewart Jr.,NA,TRUE,FALSE,Santa Clara,San Diego,FALSE
401706675,2025-01-02,San Diego,Santa Clara,306,2,0:47,47,47,Tony Duckett made Three Point Jumper. Assisted by Bendji Pierre.,home,73,76,-3,13,TRUE,FALSE,0.0391624643194438,0.06874631011149793,4,-4,-13.5,152.5,Gregory Nixon/Wilson Holland/D.G. Nelson,"San Diego, CA",Jenny Craig Pavilion,NA,782,NA,NA,San Diego,made,Tony Duckett,Bendji Pierre,TRUE,FALSE,San Diego,Santa Clara,FALSE
401706675,2025-01-02,San Diego,Santa Clara,307,2,0:32,32,32,Adama-Alpha Bal missed Three Point Jumper.,away,73,76,-3,15,FALSE,FALSE,0.03137939162193534,0.05332819171039616,4,-4,-13.5,152.5,Gregory Nixon/Wilson Holland/D.G. Nelson,"San Diego, CA",Jenny Craig Pavilion,NA,782,NA,NA,Santa Clara,missed,Adama-Alpha Bal,NA,TRUE,FALSE,Santa Clara,Santa Clara,FALSE
401706675,2025-01-02,San Diego,Santa Clara,308,2,0:32,32,32,Santa Clara Offensive Rebound.,away,73,76,-3,0,FALSE,FALSE,0.03137939162193534,0.05332819171039616,4,-4,-13.5,152.5,Gregory Nixon/Wilson Holland/D.G. Nelson,"San Diego, CA",Jenny Craig Pavilion,NA,782,NA,NA,NA,NA,NA,NA,NA,NA,Santa Clara,Santa Clara,FALSE
401706675,2025-01-02,San Diego,Santa Clara,309,2,0:32,32,32,Foul on Steven Jamerson II.,home,73,76,-3,0,FALSE,TRUE,0.03137939162193534,0.05332819171039616,4,-4,-13.5,152.5,Gregory Nixon/Wilson Holland/D.G. Nelson,"San Diego, CA",Jenny Craig Pavilion,NA,782,NA,NA,NA,NA,NA,NA,NA,NA,Santa Clara,Santa Clara,FALSE
401706675,2025-01-02,San Diego,Santa Clara,310,2,0:32,32,32,Camaron Tongue made Free Throw.,away,73,77,-4,0,TRUE,FALSE,0.01226638113549203,0.021138037812682375,4,-4,-13.5,152.5,Gregory Nixon/Wilson Holland/D.G. Nelson,"San Diego, CA",Jenny Craig Pavilion,NA,782,NA,NA,Santa Clara,made,Camaron Tongue,NA,FALSE,TRUE,Santa Clara,Santa Clara,FALSE
401706675,2025-01-02,San Diego,Santa Clara,311,2,0:32,32,32,Camaron Tongue missed Free Throw.,away,73,77,-4,0,FALSE,FALSE,0.01226638113549203,0.021138037812682375,4,-4,-13.5,152.5,Gregory Nixon/Wilson Holland/D.G. Nelson,"San Diego, CA",Jenny Craig Pavilion,NA,782,NA,NA,Santa Clara,missed,Camaron Tongue,NA,FALSE,TRUE,Santa Clara,San Diego,FALSE
401706675,2025-01-02,San Diego,Santa Clara,312,2,0:31,31,31,Santiago Trouet Defensive Rebound.,home,73,77,-4,1,FALSE,FALSE,0.011999730422252768,0.020626671121197756,4,-4,-13.5,152.5,Gregory Nixon/Wilson Holland/D.G. Nelson,"San Diego, CA",Jenny Craig Pavilion,NA,782,NA,NA,NA,NA,NA,NA,NA,NA,Santa Clara,San Diego,FALSE
401706675,2025-01-02,San Diego,Santa Clara,313,2,0:19,19,19,Santiago Trouet made Layup.,home,75,77,-2,12,TRUE,FALSE,0.06905612387654989,0.11062307552550976,4,-4,-13.5,152.5,Gregory Nixon/Wilson Holland/D.G. Nelson,"San Diego, CA",Jenny Craig Pavilion,NA,782,NA,NA,San Diego,made,Santiago Trouet,NA,FALSE,FALSE,San Diego,Santa Clara,FALSE
401706675,2025-01-02,San Diego,Santa Clara,314,2,0:19,19,19,San Diego  Timeout,home,75,77,-2,0,FALSE,FALSE,0.06905612387654989,0.11062307552550976,3,-4,-13.5,152.5,Gregory Nixon/Wilson Holland/D.G. Nelson,"San Diego, CA",Jenny Craig Pavilion,NA,782,NA,NA,NA,NA,NA,NA,NA,NA,San Diego,Santa Clara,FALSE
401706675,2025-01-02,San Diego,Santa Clara,315,2,0:15,15,15,Foul on Santiago Trouet.,home,75,77,-2,4,FALSE,TRUE,0.06636579070167271,0.1054163957760226,3,-4,-13.5,152.5,Gregory Nixon/Wilson Holland/D.G. Nelson,"San Diego, CA",Jenny Craig Pavilion,NA,782,NA,NA,NA,NA,NA,NA,NA,NA,Santa Clara,Santa Clara,FALSE
401706675,2025-01-02,San Diego,Santa Clara,316,2,0:15,15,15,Carlos Stewart Jr. made Free Throw.,away,75,78,-3,0,TRUE,FALSE,0.023819961439408035,0.03887846863636708,3,-4,-13.5,152.5,Gregory Nixon/Wilson Holland/D.G. Nelson,"San Diego, CA",Jenny Craig Pavilion,NA,782,NA,NA,Santa Clara,made,Carlos Stewart Jr.,NA,FALSE,TRUE,Santa Clara,Santa Clara,FALSE
401706675,2025-01-02,San Diego,Santa Clara,317,2,0:15,15,15,Carlos Stewart Jr. made Free Throw.,away,75,79,-4,0,TRUE,FALSE,0.008306768267101763,0.013695735787999042,3,-4,-13.5,152.5,Gregory Nixon/Wilson Holland/D.G. Nelson,"San Diego, CA",Jenny Craig Pavilion,NA,782,NA,NA,Santa Clara,made,Carlos Stewart Jr.,NA,FALSE,TRUE,Santa Clara,San Diego,FALSE
401706675,2025-01-02,San Diego,Santa Clara,318,2,0:08,8,8,Kjay Bradley Jr. made Layup.,home,77,79,-2,7,TRUE,FALSE,0.06171724991198328,0.09653779011040581,3,-4,-13.5,152.5,Gregory Nixon/Wilson Holland/D.G. Nelson,"San Diego, CA",Jenny Craig Pavilion,NA,782,NA,NA,San Diego,made,Kjay Bradley Jr.,NA,FALSE,FALSE,San Diego,Santa Clara,FALSE
401706675,2025-01-02,San Diego,Santa Clara,319,2,0:08,8,8,San Diego  Timeout,home,77,79,-2,0,FALSE,FALSE,0.06171724991198328,0.09653779011040581,2,-4,-13.5,152.5,Gregory Nixon/Wilson Holland/D.G. Nelson,"San Diego, CA",Jenny Craig Pavilion,NA,782,NA,NA,NA,NA,NA,NA,NA,NA,San Diego,Santa Clara,FALSE
401706675,2025-01-02,San Diego,Santa Clara,320,2,0:05,5,5,Santa Clara  Timeout,away,77,79,-2,3,FALSE,FALSE,0.05976505278099329,0.09285130094975588,2,-5,-13.5,152.5,Gregory Nixon/Wilson Holland/D.G. Nelson,"San Diego, CA",Jenny Craig Pavilion,NA,782,NA,NA,NA,NA,NA,NA,NA,NA,Santa Clara,Santa Clara,FALSE
401706675,2025-01-02,San Diego,Santa Clara,321,2,0:04,4,4,Foul on Kjay Bradley Jr..,home,77,79,-2,1,FALSE,TRUE,0.0591212174620738,0.09164079872259238,2,-5,-13.5,152.5,Gregory Nixon/Wilson Holland/D.G. Nelson,"San Diego, CA",Jenny Craig Pavilion,NA,782,NA,NA,NA,NA,NA,NA,NA,NA,Santa Clara,Santa Clara,FALSE
401706675,2025-01-02,San Diego,Santa Clara,322,2,0:04,4,4,Adama-Alpha Bal made Free Throw.,away,77,80,-3,0,TRUE,FALSE,0.019567838966568957,0.031049073908720345,2,-5,-13.5,152.5,Gregory Nixon/Wilson Holland/D.G. Nelson,"San Diego, CA",Jenny Craig Pavilion,NA,782,NA,NA,Santa Clara,made,Adama-Alpha Bal,NA,FALSE,TRUE,Santa Clara,Santa Clara,FALSE
401706675,2025-01-02,San Diego,Santa Clara,323,2,0:04,4,4,Adama-Alpha Bal made Free Throw.,away,77,81,-4,0,TRUE,FALSE,0.006299361165541341,0.010075453092990695,2,-5,-13.5,152.5,Gregory Nixon/Wilson Holland/D.G. Nelson,"San Diego, CA",Jenny Craig Pavilion,NA,782,NA,NA,Santa Clara,made,Adama-Alpha Bal,NA,FALSE,TRUE,Santa Clara,San Diego,FALSE
401706675,2025-01-02,San Diego,Santa Clara,324,2,0:00,0,0,Kjay Bradley Jr. made Three Point Jumper.,home,80,81,-1,4,TRUE,FALSE,0,0,2,-5,-13.5,152.5,Gregory Nixon/Wilson Holland/D.G. Nelson,"San Diego, CA",Jenny Craig Pavilion,NA,782,NA,NA,San Diego,made,Kjay Bradley Jr.,NA,TRUE,FALSE,San Diego,Santa Clara,FALSE
401706675,2025-01-02,San Diego,Santa Clara,325,2,0:00,0,0,End of 2nd half,NA,80,81,-1,0,FALSE,FALSE,0,0,2,-5,-13.5,152.5,Gregory Nixon/Wilson Holland/D.G. Nelson,"San Diego, CA",Jenny Craig Pavilion,NA,782,NA,NA,NA,NA,NA,NA,NA,NA,Santa Clara,NA,FALSE
401706675,2025-01-02,San Diego,Santa Clara,326,2,0:00,0,0,End of Game,NA,80,81,-1,0,FALSE,FALSE,0,0,2,-5,-13.5,152.5,Gregory Nixon/Wilson Holland/D.G. Nelson,"San Diego, CA",Jenny Craig Pavilion,NA,782,NA,NA,NA,NA,NA,NA,NA,NA,Santa Clara,NA,FALSE
