game_id,date,home,away,play_id,half,time_remaining_half,secs_remaining,secs_remaining_absolute,description,action_team,home_score,away_score,score_diff,play_length,scoring_play,foul,win_prob,naive_win_prob,home_time_out_remaining,away_time_out_remaining,home_favored_by,total_line,referees,arena_location,arena,capacity,attendance,shot_x,shot_y,shot_team,shot_outcome,shooter,assist,three_pt,free_throw,possession_before,possession_after,wrong_time
401724386,2025-01-24,Dayton,Saint Joseph's,1,1,19:50,2390,2390,Erik Reynolds II missed Three Point Jumper.,away,0,0,0,0,FALSE,FALSE,0.6728754327089276,0.5,6,6,4.5,142.5,Mike Roberts/Lamar Simpson/Brent Hampton,"Dayton, OH",UD Arena,NA,13407,NA,NA,Saint Joseph's,missed,Erik Reynolds II,NA,TRUE,FALSE,Saint Joseph's,Dayton,FALSE
401724386,2025-01-24,Dayton,Saint Joseph's,2,1,19:46,2386,2386,Dayton Defensive Rebound.,home,0,0,0,4,FALSE,FALSE,0.6728114687831702,0.5,6,6,4.5,142.5,Mike Roberts/Lamar Simpson/Brent Hampton,"Dayton, OH",UD Arena,NA,13407,NA,NA,NA,NA,NA,NA,NA,NA,Saint Joseph's,Dayton,FALSE
401724386,2025-01-24,Dayton,Saint Joseph's,3,1,19:25,2365,2365,Amael L'Etang made Three Point Jumper. Assisted by Malachi Smith.,home,3,0,3,21,TRUE,FALSE,0.7288326040221071,0.5669278414174524,6,6,4.5,142.5,Mike Roberts/Lamar Simpson/Brent Hampton,"Dayton, OH",UD Arena,NA,13407,NA,NA,Dayton,made,Amael L'Etang,Malachi Smith,TRUE,FALSE,Dayton,Saint Joseph's,FALSE
401724386,2025-01-24,Dayton,Saint Joseph's,4,1,19:08,2348,2348,Justice Ajogbor Turnover.,away,3,0,3,17,FALSE,FALSE,0.7290170416869883,0.5674717857605485,6,6,4.5,142.5,Mike Roberts/Lamar Simpson/Brent Hampton,"Dayton, OH",UD Arena,NA,13407,NA,NA,NA,NA,NA,NA,NA,NA,Saint Joseph's,Dayton,FALSE
401724386,2025-01-24,Dayton,Saint Joseph's,5,1,18:57,2337,2337,Amael L'Etang missed Three Point Jumper.,home,3,0,3,11,FALSE,FALSE,0.7291359663025708,0.5678266440369557,6,6,4.5,142.5,Mike Roberts/Lamar Simpson/Brent Hampton,"Dayton, OH",UD Arena,NA,13407,NA,NA,Dayton,missed,Amael L'Etang,NA,TRUE,FALSE,Dayton,Saint Joseph's,FALSE
401724386,2025-01-24,Dayton,Saint Joseph's,6,1,18:57,2337,2337,Rasheer Fleming Defensive Rebound.,away,3,0,3,0,FALSE,FALSE,0.7291359663025708,0.5678266440369557,6,6,4.5,142.5,Mike Roberts/Lamar Simpson/Brent Hampton,"Dayton, OH",UD Arena,NA,13407,NA,NA,NA,NA,NA,NA,NA,NA,Dayton,Saint Joseph's,FALSE
401724386,2025-01-24,Dayton,Saint Joseph's,7,1,18:53,2333,2333,Derek Simpson missed Jumper.,away,3,0,3,4,FALSE,FALSE,0.7291791026633225,0.5679562219812095,6,6,4.5,142.5,Mike Roberts/Lamar Simpson/Brent Hampton,"Dayton, OH",UD Arena,NA,13407,NA,NA,Saint Joseph's,missed,Derek Simpson,NA,FALSE,FALSE,Saint Joseph's,Dayton,FALSE
401724386,2025-01-24,Dayton,Saint Joseph's,8,1,18:53,2333,2333,Enoch Cheeks Defensive Rebound.,home,3,0,3,0,FALSE,FALSE,0.7291791026633225,0.5679562219812095,6,6,4.5,142.5,Mike Roberts/Lamar Simpson/Brent Hampton,"Dayton, OH",UD Arena,NA,13407,NA,NA,NA,NA,NA,NA,NA,NA,Saint Joseph's,Dayton,FALSE
401724386,2025-01-24,Dayton,Saint Joseph's,9,1,18:38,2318,2318,Malachi Smith missed Jumper.,home,3,0,3,15,FALSE,FALSE,0.7293402235366178,0.5684445851038439,6,6,4.5,142.5,Mike Roberts/Lamar Simpson/Brent Hampton,"Dayton, OH",UD Arena,NA,13407,NA,NA,Dayton,missed,Malachi Smith,NA,FALSE,FALSE,Dayton,Saint Joseph's,FALSE
401724386,2025-01-24,Dayton,Saint Joseph's,10,1,18:35,2315,2315,Erik Reynolds II Defensive Rebound.,away,3,0,3,3,FALSE,FALSE,0.7293723092879176,0.5685427055409771,6,6,4.5,142.5,Mike Roberts/Lamar Simpson/Brent Hampton,"Dayton, OH",UD Arena,NA,13407,NA,NA,NA,NA,NA,NA,NA,NA,Dayton,Saint Joseph's,FALSE
401724386,2025-01-24,Dayton,Saint Joseph's,11,1,18:27,2307,2307,Xzayvier Brown Turnover.,away,3,0,3,8,FALSE,FALSE,0.7294576128625189,0.5688050597608967,6,6,4.5,142.5,Mike Roberts/Lamar Simpson/Brent Hampton,"Dayton, OH",UD Arena,NA,13407,NA,NA,NA,NA,NA,NA,NA,NA,Saint Joseph's,Dayton,FALSE
401724386,2025-01-24,Dayton,Saint Joseph's,12,1,18:27,2307,2307,Malachi Smith Steal.,home,3,0,3,0,FALSE,FALSE,0.7294576128625189,0.5688050597608967,6,6,4.5,142.5,Mike Roberts/Lamar Simpson/Brent Hampton,"Dayton, OH",UD Arena,NA,13407,NA,NA,NA,NA,NA,NA,NA,NA,Saint Joseph's,Dayton,FALSE
401724386,2025-01-24,Dayton,Saint Joseph's,13,1,17:59,2279,2279,Malachi Smith missed Layup.,home,3,0,3,28,FALSE,FALSE,0.7297526515033871,0.5697307986336886,6,6,4.5,142.5,Mike Roberts/Lamar Simpson/Brent Hampton,"Dayton, OH",UD Arena,NA,13407,NA,NA,Dayton,missed,Malachi Smith,NA,FALSE,FALSE,Dayton,Saint Joseph's,FALSE
401724386,2025-01-24,Dayton,Saint Joseph's,14,1,17:57,2277,2277,Derek Simpson Defensive Rebound.,away,3,0,3,2,FALSE,FALSE,0.7297734832774723,0.5697973393120882,6,6,4.5,142.5,Mike Roberts/Lamar Simpson/Brent Hampton,"Dayton, OH",UD Arena,NA,13407,NA,NA,NA,NA,NA,NA,NA,NA,Dayton,Saint Joseph's,FALSE
401724386,2025-01-24,Dayton,Saint Joseph's,15,1,17:51,2271,2271,Derek Simpson Turnover.,away,3,0,3,6,FALSE,FALSE,0.7298357599405659,0.5699972718782212,6,6,4.5,142.5,Mike Roberts/Lamar Simpson/Brent Hampton,"Dayton, OH",UD Arena,NA,13407,NA,NA,NA,NA,NA,NA,NA,NA,Saint Joseph's,Dayton,FALSE
401724386,2025-01-24,Dayton,Saint Joseph's,16,1,17:51,2271,2271,Enoch Cheeks Steal.,home,3,0,3,0,FALSE,FALSE,0.7298357599405659,0.5699972718782212,6,6,4.5,142.5,Mike Roberts/Lamar Simpson/Brent Hampton,"Dayton, OH",UD Arena,NA,13407,NA,NA,NA,NA,NA,NA,NA,NA,Saint Joseph's,Dayton,FALSE
401724386,2025-01-24,Dayton,Saint Joseph's,17,1,17:48,2268,2268,Enoch Cheeks made Dunk.,home,5,0,5,3,TRUE,FALSE,0.7653274170502803,0.6154818143159182,6,6,4.5,142.5,Mike Roberts/Lamar Simpson/Brent Hampton,"Dayton, OH",UD Arena,NA,13407,NA,NA,Dayton,made,Enoch Cheeks,NA,FALSE,FALSE,Dayton,Saint Joseph's,FALSE
401724386,2025-01-24,Dayton,Saint Joseph's,18,1,17:30,2250,2250,Derek Simpson made Jumper.,away,5,2,3,18,TRUE,FALSE,0.730050910359532,0.5707004886902795,6,6,4.5,142.5,Mike Roberts/Lamar Simpson/Brent Hampton,"Dayton, OH",UD Arena,NA,13407,NA,NA,Saint Joseph's,made,Derek Simpson,NA,FALSE,FALSE,Saint Joseph's,Dayton,FALSE
401724386,2025-01-24,Dayton,Saint Joseph's,19,1,17:10,2230,2230,Nate Santos made Jumper.,home,7,2,5,20,TRUE,FALSE,0.7663005918889065,0.6175361705953505,6,6,4.5,142.5,Mike Roberts/Lamar Simpson/Brent Hampton,"Dayton, OH",UD Arena,NA,13407,NA,NA,Dayton,made,Nate Santos,NA,FALSE,FALSE,Dayton,Saint Joseph's,FALSE
401724386,2025-01-24,Dayton,Saint Joseph's,20,1,16:50,2210,2210,Xzayvier Brown Turnover.,away,7,2,5,20,FALSE,FALSE,0.7668081591907252,0.618625495822218,6,6,4.5,142.5,Mike Roberts/Lamar Simpson/Brent Hampton,"Dayton, OH",UD Arena,NA,13407,NA,NA,NA,NA,NA,NA,NA,NA,Saint Joseph's,Dayton,FALSE
401724386,2025-01-24,Dayton,Saint Joseph's,21,1,16:50,2210,2210,Amael L'Etang Steal.,home,7,2,5,0,FALSE,FALSE,0.7668081591907252,0.618625495822218,6,6,4.5,142.5,Mike Roberts/Lamar Simpson/Brent Hampton,"Dayton, OH",UD Arena,NA,13407,NA,NA,NA,NA,NA,NA,NA,NA,Saint Joseph's,Dayton,FALSE
401724386,2025-01-24,Dayton,Saint Joseph's,22,1,16:44,2204,2204,Nate Santos made Three Point Jumper. Assisted by Malachi Smith.,home,10,2,8,6,TRUE,FALSE,0.8149177369701412,0.6848544453045319,6,6,4.5,142.5,Mike Roberts/Lamar Simpson/Brent Hampton,"Dayton, OH",UD Arena,NA,13407,NA,NA,Dayton,made,Nate Santos,Malachi Smith,TRUE,FALSE,Dayton,Saint Joseph's,FALSE
401724386,2025-01-24,Dayton,Saint Joseph's,23,1,16:25,2185,2185,Erik Reynolds II missed Three Point Jumper.,away,10,2,8,19,FALSE,FALSE,0.8157181744614163,0.6863757522409137,6,6,4.5,142.5,Mike Roberts/Lamar Simpson/Brent Hampton,"Dayton, OH",UD Arena,NA,13407,NA,NA,Saint Joseph's,missed,Erik Reynolds II,NA,TRUE,FALSE,Saint Joseph's,Dayton,FALSE
401724386,2025-01-24,Dayton,Saint Joseph's,24,1,16:21,2181,2181,Malachi Smith Defensive Rebound.,home,10,2,8,4,FALSE,FALSE,0.815886101380013,0.6866962647404806,6,6,4.5,142.5,Mike Roberts/Lamar Simpson/Brent Hampton,"Dayton, OH",UD Arena,NA,13407,NA,NA,NA,NA,NA,NA,NA,NA,Saint Joseph's,Dayton,FALSE
401724386,2025-01-24,Dayton,Saint Joseph's,25,1,16:01,2161,2161,Foul on Rasheer Fleming.,away,10,2,8,20,FALSE,TRUE,0.8167226348017654,0.6882999786645556,6,6,4.5,142.5,Mike Roberts/Lamar Simpson/Brent Hampton,"Dayton, OH",UD Arena,NA,13407,NA,NA,NA,NA,NA,NA,NA,NA,Dayton,Dayton,FALSE
401724386,2025-01-24,Dayton,Saint Joseph's,26,1,15:47,2147,2147,Nate Santos made Layup. Assisted by Malachi Smith.,home,12,2,10,14,TRUE,FALSE,0.8452163900374239,0.730427911105647,6,6,4.5,142.5,Mike Roberts/Lamar Simpson/Brent Hampton,"Dayton, OH",UD Arena,NA,13407,NA,NA,Dayton,made,Nate Santos,Malachi Smith,FALSE,FALSE,Dayton,Saint Joseph's,FALSE
401724386,2025-01-24,Dayton,Saint Joseph's,27,1,15:46,2146,2146,Saint Joseph's  Timeout,away,12,2,10,1,FALSE,FALSE,0.8452652187176216,0.7305204792449916,5,6,4.5,142.5,Mike Roberts/Lamar Simpson/Brent Hampton,"Dayton, OH",UD Arena,NA,13407,NA,NA,NA,NA,NA,NA,NA,NA,Saint Joseph's,Saint Joseph's,FALSE
401724386,2025-01-24,Dayton,Saint Joseph's,28,1,15:46,2146,2146, Official TV Timeout,NA,12,2,10,0,FALSE,FALSE,0.8452652187176216,0.7305204792449916,5,5,4.5,142.5,Mike Roberts/Lamar Simpson/Brent Hampton,"Dayton, OH",UD Arena,NA,13407,NA,NA,NA,NA,NA,NA,NA,NA,Saint Joseph's,Saint Joseph's,FALSE
401724386,2025-01-24,Dayton,Saint Joseph's,29,1,15:19,2119,2119,Anthony Finkley missed Three Point Jumper.,away,12,2,10,27,FALSE,FALSE,0.8465822383671047,0.7330249691494297,5,5,4.5,142.5,Mike Roberts/Lamar Simpson/Brent Hampton,"Dayton, OH",UD Arena,NA,13407,NA,NA,Saint Joseph's,missed,Anthony Finkley,NA,TRUE,FALSE,Saint Joseph's,Dayton,FALSE
401724386,2025-01-24,Dayton,Saint Joseph's,30,1,15:16,2116,2116,Malachi Smith Defensive Rebound.,home,12,2,10,3,FALSE,FALSE,0.8467284571712862,0.733303909222151,5,5,4.5,142.5,Mike Roberts/Lamar Simpson/Brent Hampton,"Dayton, OH",UD Arena,NA,13407,NA,NA,NA,NA,NA,NA,NA,NA,Saint Joseph's,Dayton,FALSE
401724386,2025-01-24,Dayton,Saint Joseph's,31,1,15:03,2103,2103,Amael L'Etang missed Three Point Jumper.,home,12,2,10,13,FALSE,FALSE,0.8473619434025991,0.7345143419088191,5,5,4.5,142.5,Mike Roberts/Lamar Simpson/Brent Hampton,"Dayton, OH",UD Arena,NA,13407,NA,NA,Dayton,missed,Amael L'Etang,NA,TRUE,FALSE,Dayton,Saint Joseph's,FALSE
401724386,2025-01-24,Dayton,Saint Joseph's,32,1,15:00,2100,2100,Xzayvier Brown Defensive Rebound.,away,12,2,10,3,FALSE,FALSE,0.8475081170690187,0.7347940790748325,5,5,4.5,142.5,Mike Roberts/Lamar Simpson/Brent Hampton,"Dayton, OH",UD Arena,NA,13407,NA,NA,NA,NA,NA,NA,NA,NA,Dayton,Saint Joseph's,FALSE
401724386,2025-01-24,Dayton,Saint Joseph's,33,1,14:53,2093,2093,Rasheer Fleming made Layup.,away,12,4,8,7,TRUE,FALSE,0.8195560787965386,0.6938012683524268,5,5,4.5,142.5,Mike Roberts/Lamar Simpson/Brent Hampton,"Dayton, OH",UD Arena,NA,13407,NA,NA,Saint Joseph's,made,Rasheer Fleming,NA,FALSE,FALSE,Saint Joseph's,Dayton,FALSE
401724386,2025-01-24,Dayton,Saint Joseph's,34,1,14:25,2065,2065,Amael L'Etang Turnover.,home,12,4,8,28,FALSE,FALSE,0.8207236386111876,0.6960946996661999,5,5,4.5,142.5,Mike Roberts/Lamar Simpson/Brent Hampton,"Dayton, OH",UD Arena,NA,13407,NA,NA,NA,NA,NA,NA,NA,NA,Dayton,Saint Joseph's,FALSE
401724386,2025-01-24,Dayton,Saint Joseph's,35,1,14:25,2065,2065,Anthony Finkley Steal.,away,12,4,8,0,FALSE,FALSE,0.8207236386111876,0.6960946996661999,5,5,4.5,142.5,Mike Roberts/Lamar Simpson/Brent Hampton,"Dayton, OH",UD Arena,NA,13407,NA,NA,NA,NA,NA,NA,NA,NA,Dayton,Saint Joseph's,FALSE
401724386,2025-01-24,Dayton,Saint Joseph's,36,1,14:19,2059,2059,Xzayvier Brown missed Three Point Jumper.,away,12,4,8,6,FALSE,FALSE,0.820974208618351,0.6965886286581311,5,5,4.5,142.5,Mike Roberts/Lamar Simpson/Brent Hampton,"Dayton, OH",UD Arena,NA,13407,NA,NA,Saint Joseph's,missed,Xzayvier Brown,NA,TRUE,FALSE,Saint Joseph's,Dayton,FALSE
401724386,2025-01-24,Dayton,Saint Joseph's,37,1,14:17,2057,2057,Nate Santos Defensive Rebound.,home,12,4,8,2,FALSE,FALSE,0.8210577701776353,0.6967534753175989,5,5,4.5,142.5,Mike Roberts/Lamar Simpson/Brent Hampton,"Dayton, OH",UD Arena,NA,13407,NA,NA,NA,NA,NA,NA,NA,NA,Saint Joseph's,Dayton,FALSE
401724386,2025-01-24,Dayton,Saint Joseph's,38,1,14:08,2048,2048,Malachi Smith made Layup.,home,14,4,10,9,TRUE,FALSE,0.850043842328006,0.739670414614523,5,5,4.5,142.5,Mike Roberts/Lamar Simpson/Brent Hampton,"Dayton, OH",UD Arena,NA,13407,NA,NA,Dayton,made,Malachi Smith,NA,FALSE,FALSE,Dayton,Saint Joseph's,FALSE
401724386,2025-01-24,Dayton,Saint Joseph's,39,1,13:44,2024,2024,Xzayvier Brown made Layup.,away,14,6,8,24,TRUE,FALSE,0.8224399867679331,0.6994888915689303,5,5,4.5,142.5,Mike Roberts/Lamar Simpson/Brent Hampton,"Dayton, OH",UD Arena,NA,13407,NA,NA,Saint Joseph's,made,Xzayvier Brown,NA,FALSE,FALSE,Saint Joseph's,Dayton,FALSE
401724386,2025-01-24,Dayton,Saint Joseph's,40,1,13:22,2002,2002,Enoch Cheeks missed Jumper.,home,14,6,8,22,FALSE,FALSE,0.8233660741557411,0.7013297527338651,5,5,4.5,142.5,Mike Roberts/Lamar Simpson/Brent Hampton,"Dayton, OH",UD Arena,NA,13407,NA,NA,Dayton,missed,Enoch Cheeks,NA,FALSE,FALSE,Dayton,Saint Joseph's,FALSE
401724386,2025-01-24,Dayton,Saint Joseph's,41,1,13:19,1999,1999,Derek Simpson Defensive Rebound.,away,14,6,8,3,FALSE,FALSE,0.8234927064683413,0.7015819149026301,5,5,4.5,142.5,Mike Roberts/Lamar Simpson/Brent Hampton,"Dayton, OH",UD Arena,NA,13407,NA,NA,NA,NA,NA,NA,NA,NA,Dayton,Saint Joseph's,FALSE
401724386,2025-01-24,Dayton,Saint Joseph's,42,1,13:11,1991,1991,Rasheer Fleming missed Three Point Jumper.,away,14,6,8,8,FALSE,FALSE,0.8238308413451181,0.7022557234482325,5,5,4.5,142.5,Mike Roberts/Lamar Simpson/Brent Hampton,"Dayton, OH",UD Arena,NA,13407,NA,NA,Saint Joseph's,missed,Rasheer Fleming,NA,TRUE,FALSE,Saint Joseph's,Dayton,FALSE
401724386,2025-01-24,Dayton,Saint Joseph's,43,1,13:07,1987,1987,Jacob Conner Defensive Rebound.,home,14,6,8,4,FALSE,FALSE,0.8240001635637447,0.7025933890257102,5,5,4.5,142.5,Mike Roberts/Lamar Simpson/Brent Hampton,"Dayton, OH",UD Arena,NA,13407,NA,NA,NA,NA,NA,NA,NA,NA,Saint Joseph's,Dayton,FALSE
401724386,2025-01-24,Dayton,Saint Joseph's,44,1,13:03,1983,1983,Nate Santos made Three Point Jumper. Assisted by Posh Alexander.,home,17,6,11,4,TRUE,FALSE,0.8662085272552924,0.7657170990295497,5,5,4.5,142.5,Mike Roberts/Lamar Simpson/Brent Hampton,"Dayton, OH",UD Arena,NA,13407,NA,NA,Dayton,made,Nate Santos,Posh Alexander,TRUE,FALSE,Dayton,Saint Joseph's,FALSE
401724386,2025-01-24,Dayton,Saint Joseph's,45,1,12:47,1967,1967,Derek Simpson missed Three Point Jumper.,away,17,6,11,16,FALSE,FALSE,0.8670339028219285,0.7673195239071877,5,5,4.5,142.5,Mike Roberts/Lamar Simpson/Brent Hampton,"Dayton, OH",UD Arena,NA,13407,NA,NA,Saint Joseph's,missed,Derek Simpson,NA,TRUE,FALSE,Saint Joseph's,Dayton,FALSE
401724386,2025-01-24,Dayton,Saint Joseph's,46,1,12:42,1962,1962,Nate Santos Defensive Rebound.,home,17,6,11,5,FALSE,FALSE,0.8672923249682317,0.7678216631597411,5,5,4.5,142.5,Mike Roberts/Lamar Simpson/Brent Hampton,"Dayton, OH",UD Arena,NA,13407,NA,NA,NA,NA,NA,NA,NA,NA,Saint Joseph's,Dayton,FALSE
401724386,2025-01-24,Dayton,Saint Joseph's,47,1,12:24,1944,1944,Nate Santos made Jumper. Assisted by Posh Alexander.,home,19,6,13,18,TRUE,FALSE,0.8913564016726229,0.806210130198941,5,5,4.5,142.5,Mike Roberts/Lamar Simpson/Brent Hampton,"Dayton, OH",UD Arena,NA,13407,NA,NA,Dayton,made,Nate Santos,Posh Alexander,FALSE,FALSE,Dayton,Saint Joseph's,FALSE
401724386,2025-01-24,Dayton,Saint Joseph's,48,1,12:05,1925,1925,Erik Reynolds II missed Three Point Jumper.,away,19,6,13,19,FALSE,FALSE,0.8923822223932003,0.8082108909380357,5,5,4.5,142.5,Mike Roberts/Lamar Simpson/Brent Hampton,"Dayton, OH",UD Arena,NA,13407,NA,NA,Saint Joseph's,missed,Erik Reynolds II,NA,TRUE,FALSE,Saint Joseph's,Saint Joseph's,FALSE
401724386,2025-01-24,Dayton,Saint Joseph's,49,1,12:03,1923,1923,Saint Joseph's Offensive Rebound.,away,19,6,13,2,FALSE,FALSE,0.8924897677255892,0.808421020686084,5,5,4.5,142.5,Mike Roberts/Lamar Simpson/Brent Hampton,"Dayton, OH",UD Arena,NA,13407,NA,NA,NA,NA,NA,NA,NA,NA,Saint Joseph's,Saint Joseph's,FALSE
401724386,2025-01-24,Dayton,Saint Joseph's,50,1,11:51,1911,1911,Xzayvier Brown Turnover.,away,19,6,13,12,FALSE,FALSE,0.8931313004117093,0.8096768887635494,5,5,4.5,142.5,Mike Roberts/Lamar Simpson/Brent Hampton,"Dayton, OH",UD Arena,NA,13407,NA,NA,NA,NA,NA,NA,NA,NA,Saint Joseph's,Dayton,FALSE
401724386,2025-01-24,Dayton,Saint Joseph's,51,1,11:51,1911,1911,Posh Alexander Steal.,home,19,6,13,0,FALSE,FALSE,0.8931313004117093,0.8096768887635494,5,5,4.5,142.5,Mike Roberts/Lamar Simpson/Brent Hampton,"Dayton, OH",UD Arena,NA,13407,NA,NA,NA,NA,NA,NA,NA,NA,Saint Joseph's,Dayton,FALSE
401724386,2025-01-24,Dayton,Saint Joseph's,52,1,11:46,1906,1906,Posh Alexander made Layup.,home,21,6,15,5,TRUE,FALSE,0.9128701425813277,0.8421845234415575,5,5,4.5,142.5,Mike Roberts/Lamar Simpson/Brent Hampton,"Dayton, OH",UD Arena,NA,13407,NA,NA,Dayton,made,Posh Alexander,NA,FALSE,FALSE,Dayton,Saint Joseph's,FALSE
401724386,2025-01-24,Dayton,Saint Joseph's,53,1,11:41,1901,1901,Justice Ajogbor Turnover.,away,21,6,15,5,FALSE,FALSE,0.9131323848336391,0.8427026812553149,5,5,4.5,142.5,Mike Roberts/Lamar Simpson/Brent Hampton,"Dayton, OH",UD Arena,NA,13407,NA,NA,NA,NA,NA,NA,NA,NA,Saint Joseph's,Dayton,FALSE
401724386,2025-01-24,Dayton,Saint Joseph's,54,1,11:41,1901,1901, Official TV Timeout,NA,21,6,15,0,FALSE,FALSE,0.9131323848336391,0.8427026812553149,5,4,4.5,142.5,Mike Roberts/Lamar Simpson/Brent Hampton,"Dayton, OH",UD Arena,NA,13407,NA,NA,NA,NA,NA,NA,NA,NA,Saint Joseph's,Dayton,FALSE
401724386,2025-01-24,Dayton,Saint Joseph's,55,1,11:09,1869,1869,Malachi Smith made Jumper.,home,23,6,17,32,TRUE,FALSE,0.9309065315667892,0.873316087780585,5,4,4.5,142.5,Mike Roberts/Lamar Simpson/Brent Hampton,"Dayton, OH",UD Arena,NA,13407,NA,NA,Dayton,made,Malachi Smith,NA,FALSE,FALSE,Dayton,Saint Joseph's,FALSE
401724386,2025-01-24,Dayton,Saint Joseph's,56,1,10:45,1845,1845,Rasheer Fleming missed Three Point Jumper.,away,23,6,17,24,FALSE,FALSE,0.9320755399332595,0.875657731850398,5,4,4.5,142.5,Mike Roberts/Lamar Simpson/Brent Hampton,"Dayton, OH",UD Arena,NA,13407,NA,NA,Saint Joseph's,missed,Rasheer Fleming,NA,TRUE,FALSE,Saint Joseph's,Dayton,FALSE
401724386,2025-01-24,Dayton,Saint Joseph's,57,1,10:41,1841,1841,Jacob Conner Defensive Rebound.,home,23,6,17,4,FALSE,FALSE,0.9322690552379899,0.8760458164453859,5,4,4.5,142.5,Mike Roberts/Lamar Simpson/Brent Hampton,"Dayton, OH",UD Arena,NA,13407,NA,NA,NA,NA,NA,NA,NA,NA,Saint Joseph's,Dayton,FALSE
401724386,2025-01-24,Dayton,Saint Joseph's,58,1,10:39,1839,1839,Foul on Rasheer Fleming.,away,23,6,17,2,FALSE,TRUE,0.9323656928004618,0.8762396571230293,5,4,4.5,142.5,Mike Roberts/Lamar Simpson/Brent Hampton,"Dayton, OH",UD Arena,NA,13407,NA,NA,NA,NA,NA,NA,NA,NA,Dayton,Dayton,FALSE
401724386,2025-01-24,Dayton,Saint Joseph's,59,1,10:39,1839,1839,Jaiun Simon made Free Throw.,home,24,6,18,0,TRUE,FALSE,0.9392745317634763,0.8881942541349148,5,4,4.5,142.5,Mike Roberts/Lamar Simpson/Brent Hampton,"Dayton, OH",UD Arena,NA,13407,NA,NA,Dayton,made,Jaiun Simon,NA,FALSE,TRUE,Dayton,Dayton,FALSE
401724386,2025-01-24,Dayton,Saint Joseph's,60,1,10:39,1839,1839,Jaiun Simon made Free Throw.,home,25,6,19,0,TRUE,FALSE,0.9455188718938997,0.8991270353467647,5,4,4.5,142.5,Mike Roberts/Lamar Simpson/Brent Hampton,"Dayton, OH",UD Arena,NA,13407,NA,NA,Dayton,made,Jaiun Simon,NA,FALSE,TRUE,Dayton,Saint Joseph's,FALSE
401724386,2025-01-24,Dayton,Saint Joseph's,61,1,10:11,1811,1811,Erik Reynolds II missed Three Point Jumper.,away,25,6,19,28,FALSE,FALSE,0.9467675601564545,0.9016484692285203,5,4,4.5,142.5,Mike Roberts/Lamar Simpson/Brent Hampton,"Dayton, OH",UD Arena,NA,13407,NA,NA,Saint Joseph's,missed,Erik Reynolds II,NA,TRUE,FALSE,Saint Joseph's,Saint Joseph's,FALSE
401724386,2025-01-24,Dayton,Saint Joseph's,62,1,10:06,1806,1806,Derek Simpson Offensive Rebound.,away,25,6,19,5,FALSE,FALSE,0.946989199811186,0.9020961268027292,5,4,4.5,142.5,Mike Roberts/Lamar Simpson/Brent Hampton,"Dayton, OH",UD Arena,NA,13407,NA,NA,NA,NA,NA,NA,NA,NA,Saint Joseph's,Saint Joseph's,FALSE
401724386,2025-01-24,Dayton,Saint Joseph's,63,1,10:02,1802,1802,Anthony Finkley made Three Point Jumper. Assisted by Derek Simpson.,away,25,9,16,4,TRUE,FALSE,0.9265621932309116,0.8668637104289871,5,4,4.5,142.5,Mike Roberts/Lamar Simpson/Brent Hampton,"Dayton, OH",UD Arena,NA,13407,NA,NA,Saint Joseph's,made,Anthony Finkley,Derek Simpson,TRUE,FALSE,Saint Joseph's,Dayton,FALSE
401724386,2025-01-24,Dayton,Saint Joseph's,64,1,9:38,1778,1778,Zed Key missed Jumper.,home,25,9,16,24,FALSE,FALSE,0.9277438739568675,0.8692305627718899,5,4,4.5,142.5,Mike Roberts/Lamar Simpson/Brent Hampton,"Dayton, OH",UD Arena,NA,13407,NA,NA,Dayton,missed,Zed Key,NA,FALSE,FALSE,Dayton,Saint Joseph's,FALSE
401724386,2025-01-24,Dayton,Saint Joseph's,65,1,9:34,1774,1774,Justice Ajogbor Defensive Rebound.,away,25,9,16,4,FALSE,FALSE,0.9279408855170825,0.8696250817264267,5,4,4.5,142.5,Mike Roberts/Lamar Simpson/Brent Hampton,"Dayton, OH",UD Arena,NA,13407,NA,NA,NA,NA,NA,NA,NA,NA,Dayton,Saint Joseph's,FALSE
401724386,2025-01-24,Dayton,Saint Joseph's,66,1,9:28,1768,1768,Foul on Jacob Conner.,home,25,9,16,6,FALSE,TRUE,0.9282365425735156,0.870217041600079,5,4,4.5,142.5,Mike Roberts/Lamar Simpson/Brent Hampton,"Dayton, OH",UD Arena,NA,13407,NA,NA,NA,NA,NA,NA,NA,NA,Saint Joseph's,Saint Joseph's,FALSE
401724386,2025-01-24,Dayton,Saint Joseph's,67,1,9:28,1768,1768,Dasear Haskins made Free Throw.,away,25,10,15,0,TRUE,FALSE,0.9198994206269746,0.8561838277136765,5,4,4.5,142.5,Mike Roberts/Lamar Simpson/Brent Hampton,"Dayton, OH",UD Arena,NA,13407,NA,NA,Saint Joseph's,made,Dasear Haskins,NA,FALSE,TRUE,Saint Joseph's,Saint Joseph's,FALSE
401724386,2025-01-24,Dayton,Saint Joseph's,68,1,9:28,1768,1768,Dasear Haskins made Free Throw.,away,25,11,14,0,TRUE,FALSE,0.9106869267098011,0.8409106283097509,5,4,4.5,142.5,Mike Roberts/Lamar Simpson/Brent Hampton,"Dayton, OH",UD Arena,NA,13407,NA,NA,Saint Joseph's,made,Dasear Haskins,NA,FALSE,TRUE,Saint Joseph's,Dayton,FALSE
401724386,2025-01-24,Dayton,Saint Joseph's,69,1,9:02,1742,1742,Javon Bennett Turnover.,home,25,11,14,26,FALSE,FALSE,0.912026080469423,0.8435786172035792,5,4,4.5,142.5,Mike Roberts/Lamar Simpson/Brent Hampton,"Dayton, OH",UD Arena,NA,13407,NA,NA,NA,NA,NA,NA,NA,NA,Dayton,Saint Joseph's,FALSE
401724386,2025-01-24,Dayton,Saint Joseph's,70,1,9:02,1742,1742,Xzayvier Brown Steal.,away,25,11,14,0,FALSE,FALSE,0.912026080469423,0.8435786172035792,5,4,4.5,142.5,Mike Roberts/Lamar Simpson/Brent Hampton,"Dayton, OH",UD Arena,NA,13407,NA,NA,NA,NA,NA,NA,NA,NA,Dayton,Saint Joseph's,FALSE
401724386,2025-01-24,Dayton,Saint Joseph's,71,1,8:40,1720,1720,Dasear Haskins missed Three Point Jumper.,away,25,11,14,22,FALSE,FALSE,0.9131700633159388,0.845853559139398,5,4,4.5,142.5,Mike Roberts/Lamar Simpson/Brent Hampton,"Dayton, OH",UD Arena,NA,13407,NA,NA,Saint Joseph's,missed,Dasear Haskins,NA,TRUE,FALSE,Saint Joseph's,Saint Joseph's,FALSE
401724386,2025-01-24,Dayton,Saint Joseph's,72,1,8:38,1718,1718,Dasear Haskins Offensive Rebound.,away,25,11,14,2,FALSE,FALSE,0.9132746770373013,0.8460613392780678,5,4,4.5,142.5,Mike Roberts/Lamar Simpson/Brent Hampton,"Dayton, OH",UD Arena,NA,13407,NA,NA,NA,NA,NA,NA,NA,NA,Saint Joseph's,Saint Joseph's,FALSE
401724386,2025-01-24,Dayton,Saint Joseph's,73,1,8:23,1703,1703,Anthony Finkley missed Three Point Jumper.,away,25,11,14,15,FALSE,FALSE,0.9140630319801165,0.8476255221821918,5,4,4.5,142.5,Mike Roberts/Lamar Simpson/Brent Hampton,"Dayton, OH",UD Arena,NA,13407,NA,NA,Saint Joseph's,missed,Anthony Finkley,NA,TRUE,FALSE,Saint Joseph's,Dayton,FALSE
401724386,2025-01-24,Dayton,Saint Joseph's,74,1,8:21,1701,1701,Javon Bennett Defensive Rebound.,home,25,11,14,2,FALSE,FALSE,0.9141686767202811,0.8478349010747469,5,4,4.5,142.5,Mike Roberts/Lamar Simpson/Brent Hampton,"Dayton, OH",UD Arena,NA,13407,NA,NA,NA,NA,NA,NA,NA,NA,Saint Joseph's,Dayton,FALSE
401724386,2025-01-24,Dayton,Saint Joseph's,75,1,8:14,1694,1694,Javon Bennett made Three Point Jumper.,home,28,11,17,7,TRUE,FALSE,0.9393273697156729,0.8901944834377403,5,4,4.5,142.5,Mike Roberts/Lamar Simpson/Brent Hampton,"Dayton, OH",UD Arena,NA,13407,NA,NA,Dayton,made,Javon Bennett,NA,TRUE,FALSE,Dayton,Saint Joseph's,FALSE
401724386,2025-01-24,Dayton,Saint Joseph's,76,1,7:57,1677,1677,Derek Simpson Turnover.,away,28,11,17,17,FALSE,FALSE,0.9401451040740751,0.8918277404837777,5,4,4.5,142.5,Mike Roberts/Lamar Simpson/Brent Hampton,"Dayton, OH",UD Arena,NA,13407,NA,NA,NA,NA,NA,NA,NA,NA,Saint Joseph's,Dayton,FALSE
401724386,2025-01-24,Dayton,Saint Joseph's,77,1,7:57,1677,1677,Javon Bennett Steal.,home,28,11,17,0,FALSE,FALSE,0.9401451040740751,0.8918277404837777,5,4,4.5,142.5,Mike Roberts/Lamar Simpson/Brent Hampton,"Dayton, OH",UD Arena,NA,13407,NA,NA,NA,NA,NA,NA,NA,NA,Saint Joseph's,Dayton,FALSE
401724386,2025-01-24,Dayton,Saint Joseph's,78,1,7:54,1674,1674,Javon Bennett made Layup.,home,30,11,19,3,TRUE,FALSE,0.9528057503517499,0.913804787011305,5,4,4.5,142.5,Mike Roberts/Lamar Simpson/Brent Hampton,"Dayton, OH",UD Arena,NA,13407,NA,NA,Dayton,made,Javon Bennett,NA,FALSE,FALSE,Dayton,Saint Joseph's,FALSE
401724386,2025-01-24,Dayton,Saint Joseph's,79,1,7:52,1672,1672,Saint Joseph's  Timeout,away,30,11,19,2,FALSE,FALSE,0.9528906078690282,0.913975867534558,4,4,4.5,142.5,Mike Roberts/Lamar Simpson/Brent Hampton,"Dayton, OH",UD Arena,NA,13407,NA,NA,NA,NA,NA,NA,NA,NA,Saint Joseph's,Saint Joseph's,FALSE
401724386,2025-01-24,Dayton,Saint Joseph's,80,1,7:52,1672,1672, Official TV Timeout,NA,30,11,19,0,FALSE,FALSE,0.9528906078690282,0.913975867534558,4,3,4.5,142.5,Mike Roberts/Lamar Simpson/Brent Hampton,"Dayton, OH",UD Arena,NA,13407,NA,NA,NA,NA,NA,NA,NA,NA,Saint Joseph's,Saint Joseph's,FALSE
401724386,2025-01-24,Dayton,Saint Joseph's,81,1,7:28,1648,1648,Xzayvier Brown made Layup.,away,30,13,17,24,TRUE,FALSE,0.941462561737071,0.8944857038272909,4,3,4.5,142.5,Mike Roberts/Lamar Simpson/Brent Hampton,"Dayton, OH",UD Arena,NA,13407,NA,NA,Saint Joseph's,made,Xzayvier Brown,NA,FALSE,FALSE,Saint Joseph's,Dayton,FALSE
401724386,2025-01-24,Dayton,Saint Joseph's,82,1,7:10,1630,1630,Posh Alexander made Jumper. Assisted by Amael L'Etang.,home,32,13,19,18,TRUE,FALSE,0.9545850854239812,0.9174166886139404,4,3,4.5,142.5,Mike Roberts/Lamar Simpson/Brent Hampton,"Dayton, OH",UD Arena,NA,13407,NA,NA,Dayton,made,Posh Alexander,Amael L'Etang,FALSE,FALSE,Dayton,Saint Joseph's,FALSE
401724386,2025-01-24,Dayton,Saint Joseph's,83,1,6:51,1611,1611,Derek Simpson missed Three Point Jumper.,away,32,13,19,19,FALSE,FALSE,0.9553103679768614,0.9189004755703923,4,3,4.5,142.5,Mike Roberts/Lamar Simpson/Brent Hampton,"Dayton, OH",UD Arena,NA,13407,NA,NA,Saint Joseph's,missed,Derek Simpson,NA,TRUE,FALSE,Saint Joseph's,Saint Joseph's,FALSE
401724386,2025-01-24,Dayton,Saint Joseph's,84,1,6:48,1608,1608,Anthony Finkley Offensive Rebound.,away,32,13,19,3,FALSE,FALSE,0.9554232847199742,0.9191318445358154,4,3,4.5,142.5,Mike Roberts/Lamar Simpson/Brent Hampton,"Dayton, OH",UD Arena,NA,13407,NA,NA,NA,NA,NA,NA,NA,NA,Saint Joseph's,Saint Joseph's,FALSE
401724386,2025-01-24,Dayton,Saint Joseph's,85,1,6:42,1602,1602,Erik Reynolds II made Jumper.,away,32,15,17,6,TRUE,FALSE,0.9434130292836838,0.8984679811765236,4,3,4.5,142.5,Mike Roberts/Lamar Simpson/Brent Hampton,"Dayton, OH",UD Arena,NA,13407,NA,NA,Saint Joseph's,made,Erik Reynolds II,NA,FALSE,FALSE,Saint Joseph's,Dayton,FALSE
401724386,2025-01-24,Dayton,Saint Joseph's,86,1,6:30,1590,1590,Enoch Cheeks missed Three Point Jumper.,home,32,15,17,12,FALSE,FALSE,0.9439056505518247,0.8994786548694076,4,3,4.5,142.5,Mike Roberts/Lamar Simpson/Brent Hampton,"Dayton, OH",UD Arena,NA,13407,NA,NA,Dayton,missed,Enoch Cheeks,NA,TRUE,FALSE,Dayton,Saint Joseph's,FALSE
401724386,2025-01-24,Dayton,Saint Joseph's,87,1,6:28,1588,1588,Erik Reynolds II Defensive Rebound.,away,32,15,17,2,FALSE,FALSE,0.9439874134663092,0.8996464608773074,4,3,4.5,142.5,Mike Roberts/Lamar Simpson/Brent Hampton,"Dayton, OH",UD Arena,NA,13407,NA,NA,NA,NA,NA,NA,NA,NA,Dayton,Saint Joseph's,FALSE
401724386,2025-01-24,Dayton,Saint Joseph's,88,1,6:22,1582,1582,Xzayvier Brown missed Layup.,away,32,15,17,6,FALSE,FALSE,0.9442322881568503,0.9001490514395903,4,3,4.5,142.5,Mike Roberts/Lamar Simpson/Brent Hampton,"Dayton, OH",UD Arena,NA,13407,NA,NA,Saint Joseph's,missed,Xzayvier Brown,NA,FALSE,FALSE,Saint Joseph's,Dayton,FALSE
401724386,2025-01-24,Dayton,Saint Joseph's,89,1,6:19,1579,1579,Amael L'Etang Defensive Rebound.,home,32,15,17,3,FALSE,FALSE,0.9443545443325433,0.9003999630805353,4,3,4.5,142.5,Mike Roberts/Lamar Simpson/Brent Hampton,"Dayton, OH",UD Arena,NA,13407,NA,NA,NA,NA,NA,NA,NA,NA,Saint Joseph's,Dayton,FALSE
401724386,2025-01-24,Dayton,Saint Joseph's,90,1,6:12,1572,1572,Amael L'Etang missed Three Point Jumper.,home,32,15,17,7,FALSE,FALSE,0.9446395317217868,0.9009847332780133,4,3,4.5,142.5,Mike Roberts/Lamar Simpson/Brent Hampton,"Dayton, OH",UD Arena,NA,13407,NA,NA,Dayton,missed,Amael L'Etang,NA,TRUE,FALSE,Dayton,Saint Joseph's,FALSE
401724386,2025-01-24,Dayton,Saint Joseph's,91,1,6:07,1567,1567,Xzayvier Brown Defensive Rebound.,away,32,15,17,5,FALSE,FALSE,0.9448430092647792,0.9014020752303267,4,3,4.5,142.5,Mike Roberts/Lamar Simpson/Brent Hampton,"Dayton, OH",UD Arena,NA,13407,NA,NA,NA,NA,NA,NA,NA,NA,Dayton,Saint Joseph's,FALSE
401724386,2025-01-24,Dayton,Saint Joseph's,92,1,6:00,1560,1560,Erik Reynolds II missed Three Point Jumper.,away,32,15,17,7,FALSE,FALSE,0.9451280253498108,0.9019862819680893,4,3,4.5,142.5,Mike Roberts/Lamar Simpson/Brent Hampton,"Dayton, OH",UD Arena,NA,13407,NA,NA,Saint Joseph's,missed,Erik Reynolds II,NA,TRUE,FALSE,Saint Joseph's,Saint Joseph's,FALSE
401724386,2025-01-24,Dayton,Saint Joseph's,93,1,5:58,1558,1558,Saint Joseph's Offensive Rebound.,away,32,15,17,2,FALSE,FALSE,0.9452095315515231,0.902153247887101,4,3,4.5,142.5,Mike Roberts/Lamar Simpson/Brent Hampton,"Dayton, OH",UD Arena,NA,13407,NA,NA,NA,NA,NA,NA,NA,NA,Saint Joseph's,Saint Joseph's,FALSE
401724386,2025-01-24,Dayton,Saint Joseph's,94,1,5:47,1547,1547,Erik Reynolds II missed Jumper.,away,32,15,17,11,FALSE,FALSE,0.9456588573943281,0.9030726797263808,4,3,4.5,142.5,Mike Roberts/Lamar Simpson/Brent Hampton,"Dayton, OH",UD Arena,NA,13407,NA,NA,Saint Joseph's,missed,Erik Reynolds II,NA,FALSE,FALSE,Saint Joseph's,Saint Joseph's,FALSE
401724386,2025-01-24,Dayton,Saint Joseph's,95,1,5:47,1547,1547,Amael L'Etang Block.,home,32,15,17,0,FALSE,FALSE,0.9456588573943281,0.9030726797263808,4,3,4.5,142.5,Mike Roberts/Lamar Simpson/Brent Hampton,"Dayton, OH",UD Arena,NA,13407,NA,NA,NA,NA,NA,NA,NA,NA,Saint Joseph's,Saint Joseph's,FALSE
401724386,2025-01-24,Dayton,Saint Joseph's,96,1,5:44,1544,1544,Erik Reynolds II Offensive Rebound.,away,32,15,17,3,FALSE,FALSE,0.9457818133425413,0.9033239295832945,4,3,4.5,142.5,Mike Roberts/Lamar Simpson/Brent Hampton,"Dayton, OH",UD Arena,NA,13407,NA,NA,NA,NA,NA,NA,NA,NA,Saint Joseph's,Saint Joseph's,FALSE
401724386,2025-01-24,Dayton,Saint Joseph's,97,1,5:44,1544,1544,Erik Reynolds II made Jumper.,away,32,17,15,0,TRUE,FALSE,0.9306093735316024,0.8778051371291608,4,3,4.5,142.5,Mike Roberts/Lamar Simpson/Brent Hampton,"Dayton, OH",UD Arena,NA,13407,NA,NA,Saint Joseph's,made,Erik Reynolds II,NA,FALSE,FALSE,Saint Joseph's,Dayton,FALSE
401724386,2025-01-24,Dayton,Saint Joseph's,98,1,5:44,1544,1544,Foul on Enoch Cheeks.,home,32,17,15,0,FALSE,TRUE,0.9306093735316024,0.8778051371291608,4,3,4.5,142.5,Mike Roberts/Lamar Simpson/Brent Hampton,"Dayton, OH",UD Arena,NA,13407,NA,NA,NA,NA,NA,NA,NA,NA,Saint Joseph's,Saint Joseph's,FALSE
401724386,2025-01-24,Dayton,Saint Joseph's,99,1,5:44,1544,1544,Erik Reynolds II made Free Throw.,away,32,18,14,0,TRUE,FALSE,0.921625040449131,0.8629905430915809,4,3,4.5,142.5,Mike Roberts/Lamar Simpson/Brent Hampton,"Dayton, OH",UD Arena,NA,13407,NA,NA,Saint Joseph's,made,Erik Reynolds II,NA,FALSE,TRUE,Saint Joseph's,Dayton,FALSE
401724386,2025-01-24,Dayton,Saint Joseph's,100,1,5:23,1523,1523,Posh Alexander missed Three Point Jumper.,home,32,18,14,21,FALSE,FALSE,0.9225917329195404,0.8649671086050743,4,3,4.5,142.5,Mike Roberts/Lamar Simpson/Brent Hampton,"Dayton, OH",UD Arena,NA,13407,NA,NA,Dayton,missed,Posh Alexander,NA,TRUE,FALSE,Dayton,Saint Joseph's,FALSE
401724386,2025-01-24,Dayton,Saint Joseph's,101,1,5:19,1519,1519,Derek Simpson Defensive Rebound.,away,32,18,14,4,FALSE,FALSE,0.9227786040626653,0.8653475543106822,4,3,4.5,142.5,Mike Roberts/Lamar Simpson/Brent Hampton,"Dayton, OH",UD Arena,NA,13407,NA,NA,NA,NA,NA,NA,NA,NA,Dayton,Saint Joseph's,FALSE
401724386,2025-01-24,Dayton,Saint Joseph's,102,1,5:14,1514,1514,Erik Reynolds II missed Three Point Jumper.,away,32,18,14,5,FALSE,FALSE,0.9230136653157466,0.8658252462080618,4,3,4.5,142.5,Mike Roberts/Lamar Simpson/Brent Hampton,"Dayton, OH",UD Arena,NA,13407,NA,NA,Saint Joseph's,missed,Erik Reynolds II,NA,TRUE,FALSE,Saint Joseph's,Dayton,FALSE
401724386,2025-01-24,Dayton,Saint Joseph's,103,1,5:09,1509,1509,Enoch Cheeks Defensive Rebound.,home,32,18,14,5,FALSE,FALSE,0.9232504839151934,0.8663054890792594,4,3,4.5,142.5,Mike Roberts/Lamar Simpson/Brent Hampton,"Dayton, OH",UD Arena,NA,13407,NA,NA,NA,NA,NA,NA,NA,NA,Saint Joseph's,Dayton,FALSE
401724386,2025-01-24,Dayton,Saint Joseph's,104,1,5:02,1502,1502,Nate Santos missed Layup.,home,32,18,14,7,FALSE,FALSE,0.9235852264406831,0.866982474164072,4,3,4.5,142.5,Mike Roberts/Lamar Simpson/Brent Hampton,"Dayton, OH",UD Arena,NA,13407,NA,NA,Dayton,missed,Nate Santos,NA,FALSE,FALSE,Dayton,Dayton,FALSE
401724386,2025-01-24,Dayton,Saint Joseph's,105,1,4:57,1497,1497,Zed Key Offensive Rebound.,home,32,18,14,5,FALSE,FALSE,0.9238267831129581,0.8674696052032466,4,3,4.5,142.5,Mike Roberts/Lamar Simpson/Brent Hampton,"Dayton, OH",UD Arena,NA,13407,NA,NA,NA,NA,NA,NA,NA,NA,Dayton,Dayton,FALSE
401724386,2025-01-24,Dayton,Saint Joseph's,106,1,4:56,1496,1496,Zed Key missed Jumper.,home,32,18,14,1,FALSE,FALSE,0.9238753528880476,0.8675674074580747,4,3,4.5,142.5,Mike Roberts/Lamar Simpson/Brent Hampton,"Dayton, OH",UD Arena,NA,13407,NA,NA,Dayton,missed,Zed Key,NA,FALSE,FALSE,Dayton,Saint Joseph's,FALSE
401724386,2025-01-24,Dayton,Saint Joseph's,107,1,4:56,1496,1496,Justice Ajogbor Block.,away,32,18,14,0,FALSE,FALSE,0.9238753528880476,0.8675674074580747,4,3,4.5,142.5,Mike Roberts/Lamar Simpson/Brent Hampton,"Dayton, OH",UD Arena,NA,13407,NA,NA,NA,NA,NA,NA,NA,NA,Dayton,Saint Joseph's,FALSE
401724386,2025-01-24,Dayton,Saint Joseph's,108,1,4:53,1493,1493,Xzayvier Brown Defensive Rebound.,away,32,18,14,3,FALSE,FALSE,0.9240215968136779,0.8678615923064521,4,3,4.5,142.5,Mike Roberts/Lamar Simpson/Brent Hampton,"Dayton, OH",UD Arena,NA,13407,NA,NA,NA,NA,NA,NA,NA,NA,Dayton,Saint Joseph's,FALSE
401724386,2025-01-24,Dayton,Saint Joseph's,109,1,4:53,1493,1493,Foul on Javon Bennett.,home,32,18,14,0,FALSE,TRUE,0.9240215968136779,0.8678615923064521,4,3,4.5,142.5,Mike Roberts/Lamar Simpson/Brent Hampton,"Dayton, OH",UD Arena,NA,13407,NA,NA,NA,NA,NA,NA,NA,NA,Dayton,Saint Joseph's,FALSE
401724386,2025-01-24,Dayton,Saint Joseph's,110,1,4:38,1478,1478,Erik Reynolds II made Three Point Jumper. Assisted by Xzayvier Brown.,away,32,21,11,15,TRUE,FALSE,0.8911760959021949,0.8159450943911606,4,3,4.5,142.5,Mike Roberts/Lamar Simpson/Brent Hampton,"Dayton, OH",UD Arena,NA,13407,NA,NA,Saint Joseph's,made,Erik Reynolds II,Xzayvier Brown,TRUE,FALSE,Saint Joseph's,Dayton,FALSE
401724386,2025-01-24,Dayton,Saint Joseph's,111,1,4:04,1444,1444,Nate Santos missed Layup.,home,32,21,11,34,FALSE,FALSE,0.8930131917835684,0.8195974398360029,4,3,4.5,142.5,Mike Roberts/Lamar Simpson/Brent Hampton,"Dayton, OH",UD Arena,NA,13407,NA,NA,Dayton,missed,Nate Santos,NA,FALSE,FALSE,Dayton,Dayton,FALSE
401724386,2025-01-24,Dayton,Saint Joseph's,112,1,4:02,1442,1442,Zed Key Offensive Rebound.,home,32,21,11,2,FALSE,FALSE,0.8931221237156539,0.8198132879579981,4,3,4.5,142.5,Mike Roberts/Lamar Simpson/Brent Hampton,"Dayton, OH",UD Arena,NA,13407,NA,NA,NA,NA,NA,NA,NA,NA,Dayton,Dayton,FALSE
401724386,2025-01-24,Dayton,Saint Joseph's,113,1,4:02,1442,1442,Zed Key missed Layup.,home,32,21,11,0,FALSE,FALSE,0.8931221237156539,0.8198132879579981,4,3,4.5,142.5,Mike Roberts/Lamar Simpson/Brent Hampton,"Dayton, OH",UD Arena,NA,13407,NA,NA,Dayton,missed,Zed Key,NA,FALSE,FALSE,Dayton,Dayton,FALSE
401724386,2025-01-24,Dayton,Saint Joseph's,114,1,4:02,1442,1442,Dayton Offensive Rebound.,home,32,21,11,0,FALSE,FALSE,0.8931221237156539,0.8198132879579981,4,3,4.5,142.5,Mike Roberts/Lamar Simpson/Brent Hampton,"Dayton, OH",UD Arena,NA,13407,NA,NA,NA,NA,NA,NA,NA,NA,Dayton,Dayton,FALSE
401724386,2025-01-24,Dayton,Saint Joseph's,115,1,3:44,1424,1424,Enoch Cheeks missed Three Point Jumper.,home,32,21,11,18,FALSE,FALSE,0.8940709726063231,0.8217087088561724,4,3,4.5,142.5,Mike Roberts/Lamar Simpson/Brent Hampton,"Dayton, OH",UD Arena,NA,13407,NA,NA,Dayton,missed,Enoch Cheeks,NA,TRUE,FALSE,Dayton,Saint Joseph's,FALSE
401724386,2025-01-24,Dayton,Saint Joseph's,116,1,3:40,1420,1420,Xzayvier Brown Defensive Rebound.,away,32,21,11,4,FALSE,FALSE,0.894274940498761,0.8221195923077493,4,3,4.5,142.5,Mike Roberts/Lamar Simpson/Brent Hampton,"Dayton, OH",UD Arena,NA,13407,NA,NA,NA,NA,NA,NA,NA,NA,Dayton,Saint Joseph's,FALSE
401724386,2025-01-24,Dayton,Saint Joseph's,117,1,3:35,1415,1415,Xzayvier Brown missed Layup.,away,32,21,11,5,FALSE,FALSE,0.8945268450236857,0.8226286110602773,4,3,4.5,142.5,Mike Roberts/Lamar Simpson/Brent Hampton,"Dayton, OH",UD Arena,NA,13407,NA,NA,Saint Joseph's,missed,Xzayvier Brown,NA,FALSE,FALSE,Saint Joseph's,Dayton,FALSE
401724386,2025-01-24,Dayton,Saint Joseph's,118,1,3:32,1412,1412,Nate Santos Defensive Rebound.,home,32,21,11,3,FALSE,FALSE,0.8946764673617195,0.8229317385711217,4,3,4.5,142.5,Mike Roberts/Lamar Simpson/Brent Hampton,"Dayton, OH",UD Arena,NA,13407,NA,NA,NA,NA,NA,NA,NA,NA,Saint Joseph's,Dayton,FALSE
401724386,2025-01-24,Dayton,Saint Joseph's,119,1,3:11,1391,1391,Malachi Smith missed Jumper.,home,32,21,11,21,FALSE,FALSE,0.8956973570366065,0.8250137697488019,4,3,4.5,142.5,Mike Roberts/Lamar Simpson/Brent Hampton,"Dayton, OH",UD Arena,NA,13407,NA,NA,Dayton,missed,Malachi Smith,NA,FALSE,FALSE,Dayton,Saint Joseph's,FALSE
401724386,2025-01-24,Dayton,Saint Joseph's,120,1,3:08,1388,1388,Erik Reynolds II Defensive Rebound.,away,32,21,11,3,FALSE,FALSE,0.8958401341835396,0.8253065702684145,4,3,4.5,142.5,Mike Roberts/Lamar Simpson/Brent Hampton,"Dayton, OH",UD Arena,NA,13407,NA,NA,NA,NA,NA,NA,NA,NA,Dayton,Saint Joseph's,FALSE
401724386,2025-01-24,Dayton,Saint Joseph's,121,1,2:47,1367,1367,Xzayvier Brown Turnover.,away,32,21,11,21,FALSE,FALSE,0.8968263246630257,0.8273358809647318,4,3,4.5,142.5,Mike Roberts/Lamar Simpson/Brent Hampton,"Dayton, OH",UD Arena,NA,13407,NA,NA,NA,NA,NA,NA,NA,NA,Saint Joseph's,Dayton,FALSE
401724386,2025-01-24,Dayton,Saint Joseph's,122,1,2:47,1367,1367, Official TV Timeout,NA,32,21,11,0,FALSE,FALSE,0.8968263246630257,0.8273358809647318,4,2,4.5,142.5,Mike Roberts/Lamar Simpson/Brent Hampton,"Dayton, OH",UD Arena,NA,13407,NA,NA,NA,NA,NA,NA,NA,NA,Saint Joseph's,Dayton,FALSE
401724386,2025-01-24,Dayton,Saint Joseph's,123,1,2:28,1348,1348,Foul on Isaac Jack.,home,32,21,11,19,FALSE,TRUE,0.8977101299002296,0.8291583291489077,4,2,4.5,142.5,Mike Roberts/Lamar Simpson/Brent Hampton,"Dayton, OH",UD Arena,NA,13407,NA,NA,NA,NA,NA,NA,NA,NA,Dayton,Saint Joseph's,FALSE
401724386,2025-01-24,Dayton,Saint Joseph's,124,1,2:28,1348,1348,Isaac Jack Turnover.,home,32,21,11,0,FALSE,FALSE,0.8977101299002296,0.8291583291489077,4,2,4.5,142.5,Mike Roberts/Lamar Simpson/Brent Hampton,"Dayton, OH",UD Arena,NA,13407,NA,NA,NA,NA,NA,NA,NA,NA,Dayton,Saint Joseph's,FALSE
401724386,2025-01-24,Dayton,Saint Joseph's,125,1,2:06,1326,1326,Derek Simpson missed Jumper.,away,32,21,11,22,FALSE,FALSE,0.8987426419832425,0.831280673060515,4,2,4.5,142.5,Mike Roberts/Lamar Simpson/Brent Hampton,"Dayton, OH",UD Arena,NA,13407,NA,NA,Saint Joseph's,missed,Derek Simpson,NA,FALSE,FALSE,Saint Joseph's,Dayton,FALSE
401724386,2025-01-24,Dayton,Saint Joseph's,126,1,2:01,1321,1321,Isaac Jack Defensive Rebound.,home,32,21,11,5,FALSE,FALSE,0.8989807486053882,0.8317678855152737,4,2,4.5,142.5,Mike Roberts/Lamar Simpson/Brent Hampton,"Dayton, OH",UD Arena,NA,13407,NA,NA,NA,NA,NA,NA,NA,NA,Saint Joseph's,Dayton,FALSE
401724386,2025-01-24,Dayton,Saint Joseph's,127,1,1:45,1305,1305,Isaac Jack made Dunk. Assisted by Malachi Smith.,home,34,21,13,16,TRUE,FALSE,0.9232365967434087,0.8701369567320257,4,2,4.5,142.5,Mike Roberts/Lamar Simpson/Brent Hampton,"Dayton, OH",UD Arena,NA,13407,NA,NA,Dayton,made,Isaac Jack,Malachi Smith,FALSE,FALSE,Dayton,Saint Joseph's,FALSE
401724386,2025-01-24,Dayton,Saint Joseph's,128,1,1:30,1290,1290,Xzayvier Brown made Jumper.,away,34,23,11,15,TRUE,FALSE,0.9005063784466247,0.8348593398091163,4,2,4.5,142.5,Mike Roberts/Lamar Simpson/Brent Hampton,"Dayton, OH",UD Arena,NA,13407,NA,NA,Saint Joseph's,made,Xzayvier Brown,NA,FALSE,FALSE,Saint Joseph's,Dayton,FALSE
401724386,2025-01-24,Dayton,Saint Joseph's,129,1,1:07,1267,1267,Malachi Smith missed Jumper.,home,34,23,11,23,FALSE,FALSE,0.9017159578253285,0.8372648017397074,4,2,4.5,142.5,Mike Roberts/Lamar Simpson/Brent Hampton,"Dayton, OH",UD Arena,NA,13407,NA,NA,Dayton,missed,Malachi Smith,NA,FALSE,FALSE,Dayton,Dayton,FALSE
401724386,2025-01-24,Dayton,Saint Joseph's,130,1,1:07,1267,1267,Isaac Jack Offensive Rebound.,home,34,23,11,0,FALSE,FALSE,0.9017159578253285,0.8372648017397074,4,2,4.5,142.5,Mike Roberts/Lamar Simpson/Brent Hampton,"Dayton, OH",UD Arena,NA,13407,NA,NA,NA,NA,NA,NA,NA,NA,Dayton,Dayton,FALSE
401724386,2025-01-24,Dayton,Saint Joseph's,131,1,1:07,1267,1267,Foul on Xzayvier Brown.,away,34,23,11,0,FALSE,TRUE,0.9017159578253285,0.8372648017397074,4,2,4.5,142.5,Mike Roberts/Lamar Simpson/Brent Hampton,"Dayton, OH",UD Arena,NA,13407,NA,NA,NA,NA,NA,NA,NA,NA,Dayton,Dayton,FALSE
401724386,2025-01-24,Dayton,Saint Joseph's,132,1,1:02,1262,1262,Nate Santos made Jumper.,home,36,23,13,5,TRUE,FALSE,0.9253994018447145,0.8744092105647578,4,2,4.5,142.5,Mike Roberts/Lamar Simpson/Brent Hampton,"Dayton, OH",UD Arena,NA,13407,NA,NA,Dayton,made,Nate Santos,NA,FALSE,FALSE,Dayton,Saint Joseph's,FALSE
401724386,2025-01-24,Dayton,Saint Joseph's,133,1,0:50,1250,1250,Foul on Enoch Cheeks.,home,36,23,13,12,FALSE,TRUE,0.9260492729907706,0.8756694277332466,4,2,4.5,142.5,Mike Roberts/Lamar Simpson/Brent Hampton,"Dayton, OH",UD Arena,NA,13407,NA,NA,NA,NA,NA,NA,NA,NA,Saint Joseph's,Saint Joseph's,FALSE
401724386,2025-01-24,Dayton,Saint Joseph's,134,1,0:37,1237,1237,Anthony Finkley Turnover.,away,36,23,13,13,FALSE,FALSE,0.926781536681132,0.8770762677721711,4,2,4.5,142.5,Mike Roberts/Lamar Simpson/Brent Hampton,"Dayton, OH",UD Arena,NA,13407,NA,NA,NA,NA,NA,NA,NA,NA,Saint Joseph's,Dayton,FALSE
401724386,2025-01-24,Dayton,Saint Joseph's,135,1,0:37,1237,1237,Isaac Jack Steal.,home,36,23,13,0,FALSE,FALSE,0.926781536681132,0.8770762677721711,4,2,4.5,142.5,Mike Roberts/Lamar Simpson/Brent Hampton,"Dayton, OH",UD Arena,NA,13407,NA,NA,NA,NA,NA,NA,NA,NA,Saint Joseph's,Dayton,FALSE
401724386,2025-01-24,Dayton,Saint Joseph's,136,1,0:15,1215,1215,Nate Santos made Three Point Jumper. Assisted by Malachi Smith.,home,39,23,16,22,TRUE,FALSE,0.9533205682132414,0.9203557685044087,4,2,4.5,142.5,Mike Roberts/Lamar Simpson/Brent Hampton,"Dayton, OH",UD Arena,NA,13407,NA,NA,Dayton,made,Nate Santos,Malachi Smith,TRUE,FALSE,Dayton,Saint Joseph's,FALSE
401724386,2025-01-24,Dayton,Saint Joseph's,137,1,0:00,1200,1200,Derek Simpson made Three Point Jumper. Assisted by Xzayvier Brown.,away,39,26,13,15,TRUE,FALSE,0.929029936997916,0.8813200244942635,4,2,4.5,142.5,Mike Roberts/Lamar Simpson/Brent Hampton,"Dayton, OH",UD Arena,NA,13407,NA,NA,Saint Joseph's,made,Derek Simpson,Xzayvier Brown,TRUE,FALSE,Saint Joseph's,Dayton,FALSE
401724386,2025-01-24,Dayton,Saint Joseph's,138,1,0:00,1200,1200,End of 1st half,NA,39,26,13,0,FALSE,FALSE,0.929029936997916,0.8813200244942635,4,2,4.5,142.5,Mike Roberts/Lamar Simpson/Brent Hampton,"Dayton, OH",UD Arena,NA,13407,NA,NA,NA,NA,NA,NA,NA,NA,Dayton,NA,FALSE
401724386,2025-01-24,Dayton,Saint Joseph's,139,2,19:41,1181,1181,Amael L'Etang made Three Point Jumper. Assisted by Malachi Smith.,home,42,26,16,19,TRUE,FALSE,0.9550660205974709,0.9236435757858406,4,2,4.5,142.5,Mike Roberts/Lamar Simpson/Brent Hampton,"Dayton, OH",UD Arena,NA,13407,NA,NA,Dayton,made,Amael L'Etang,Malachi Smith,TRUE,FALSE,Dayton,Saint Joseph's,FALSE
401724386,2025-01-24,Dayton,Saint Joseph's,140,2,19:19,1159,1159,Xzayvier Brown missed Three Point Jumper.,away,42,26,16,22,FALSE,FALSE,0.9561142245756004,0.9256226035415104,4,2,4.5,142.5,Mike Roberts/Lamar Simpson/Brent Hampton,"Dayton, OH",UD Arena,NA,13407,NA,NA,Saint Joseph's,missed,Xzayvier Brown,NA,TRUE,FALSE,Saint Joseph's,Saint Joseph's,FALSE
401724386,2025-01-24,Dayton,Saint Joseph's,141,2,19:13,1153,1153,Justice Ajogbor Offensive Rebound.,away,42,26,16,6,FALSE,FALSE,0.9563922360771382,0.9261476132637521,4,2,4.5,142.5,Mike Roberts/Lamar Simpson/Brent Hampton,"Dayton, OH",UD Arena,NA,13407,NA,NA,NA,NA,NA,NA,NA,NA,Saint Joseph's,Saint Joseph's,FALSE
401724386,2025-01-24,Dayton,Saint Joseph's,142,2,19:13,1153,1153,Justice Ajogbor missed Two Point Tip Shot.,away,42,26,16,0,FALSE,FALSE,0.9563922360771382,0.9261476132637521,4,2,4.5,142.5,Mike Roberts/Lamar Simpson/Brent Hampton,"Dayton, OH",UD Arena,NA,13407,NA,NA,Saint Joseph's,missed,Justice Ajogbor,NA,FALSE,FALSE,Saint Joseph's,Saint Joseph's,FALSE
401724386,2025-01-24,Dayton,Saint Joseph's,143,2,19:10,1150,1150,Justice Ajogbor Offensive Rebound.,away,42,26,16,3,FALSE,FALSE,0.9565302501390794,0.9264082145893855,4,2,4.5,142.5,Mike Roberts/Lamar Simpson/Brent Hampton,"Dayton, OH",UD Arena,NA,13407,NA,NA,NA,NA,NA,NA,NA,NA,Saint Joseph's,Saint Joseph's,FALSE
401724386,2025-01-24,Dayton,Saint Joseph's,144,2,19:10,1150,1150,Justice Ajogbor made Two Point Tip Shot.,away,42,28,14,0,TRUE,FALSE,0.941290454428086,0.9016934430244208,4,2,4.5,142.5,Mike Roberts/Lamar Simpson/Brent Hampton,"Dayton, OH",UD Arena,NA,13407,NA,NA,Saint Joseph's,made,Justice Ajogbor,NA,FALSE,FALSE,Saint Joseph's,Dayton,FALSE
401724386,2025-01-24,Dayton,Saint Joseph's,145,2,18:52,1132,1132,Foul on Justice Ajogbor.,away,42,28,14,18,FALSE,TRUE,0.942221849992717,0.9034511016009706,4,2,4.5,142.5,Mike Roberts/Lamar Simpson/Brent Hampton,"Dayton, OH",UD Arena,NA,13407,NA,NA,NA,NA,NA,NA,NA,NA,Dayton,Dayton,FALSE
401724386,2025-01-24,Dayton,Saint Joseph's,146,2,18:52,1132,1132,Amael L'Etang missed Free Throw.,home,42,28,14,0,FALSE,FALSE,0.942221849992717,0.9034511016009706,4,2,4.5,142.5,Mike Roberts/Lamar Simpson/Brent Hampton,"Dayton, OH",UD Arena,NA,13407,NA,NA,Dayton,missed,Amael L'Etang,NA,FALSE,TRUE,Dayton,Dayton,FALSE
401724386,2025-01-24,Dayton,Saint Joseph's,147,2,18:52,1132,1132,Dayton Deadball Team Rebound.,home,42,28,14,0,FALSE,FALSE,0.942221849992717,0.9034511016009706,4,2,4.5,142.5,Mike Roberts/Lamar Simpson/Brent Hampton,"Dayton, OH",UD Arena,NA,13407,NA,NA,NA,NA,NA,NA,NA,NA,Dayton,Dayton,FALSE
401724386,2025-01-24,Dayton,Saint Joseph's,148,2,18:52,1132,1132,Amael L'Etang made Free Throw.,home,43,28,15,0,TRUE,FALSE,0.9503275697183862,0.916514045752298,4,2,4.5,142.5,Mike Roberts/Lamar Simpson/Brent Hampton,"Dayton, OH",UD Arena,NA,13407,NA,NA,Dayton,made,Amael L'Etang,NA,FALSE,TRUE,Dayton,Saint Joseph's,FALSE
401724386,2025-01-24,Dayton,Saint Joseph's,149,2,18:35,1115,1115,Rasheer Fleming missed Three Point Jumper.,away,43,28,15,17,FALSE,FALSE,0.95114548454714,0.9180543859804453,4,2,4.5,142.5,Mike Roberts/Lamar Simpson/Brent Hampton,"Dayton, OH",UD Arena,NA,13407,NA,NA,Saint Joseph's,missed,Rasheer Fleming,NA,TRUE,FALSE,Saint Joseph's,Dayton,FALSE
401724386,2025-01-24,Dayton,Saint Joseph's,150,2,18:32,1112,1112,Amael L'Etang Defensive Rebound.,home,43,28,15,3,FALSE,FALSE,0.9512895540160409,0.9183252476552153,4,2,4.5,142.5,Mike Roberts/Lamar Simpson/Brent Hampton,"Dayton, OH",UD Arena,NA,13407,NA,NA,NA,NA,NA,NA,NA,NA,Saint Joseph's,Dayton,FALSE
401724386,2025-01-24,Dayton,Saint Joseph's,151,2,18:24,1104,1104,Malachi Smith Turnover.,home,43,28,15,8,FALSE,FALSE,0.9516740710412642,0.9190473422854852,4,2,4.5,142.5,Mike Roberts/Lamar Simpson/Brent Hampton,"Dayton, OH",UD Arena,NA,13407,NA,NA,NA,NA,NA,NA,NA,NA,Dayton,Saint Joseph's,FALSE
401724386,2025-01-24,Dayton,Saint Joseph's,152,2,18:24,1104,1104,Rasheer Fleming Steal.,away,43,28,15,0,FALSE,FALSE,0.9516740710412642,0.9190473422854852,4,2,4.5,142.5,Mike Roberts/Lamar Simpson/Brent Hampton,"Dayton, OH",UD Arena,NA,13407,NA,NA,NA,NA,NA,NA,NA,NA,Dayton,Saint Joseph's,FALSE
401724386,2025-01-24,Dayton,Saint Joseph's,153,2,18:22,1102,1102,Foul on Malachi Smith.,home,43,28,15,2,FALSE,TRUE,0.9517703500333669,0.9192279434017915,4,2,4.5,142.5,Mike Roberts/Lamar Simpson/Brent Hampton,"Dayton, OH",UD Arena,NA,13407,NA,NA,NA,NA,NA,NA,NA,NA,Saint Joseph's,Saint Joseph's,FALSE
401724386,2025-01-24,Dayton,Saint Joseph's,154,2,18:22,1102,1102,Rasheer Fleming made Free Throw.,away,43,29,14,0,TRUE,FALSE,0.943758900283689,0.9063427907450332,4,2,4.5,142.5,Mike Roberts/Lamar Simpson/Brent Hampton,"Dayton, OH",UD Arena,NA,13407,NA,NA,Saint Joseph's,made,Rasheer Fleming,NA,FALSE,TRUE,Saint Joseph's,Saint Joseph's,FALSE
401724386,2025-01-24,Dayton,Saint Joseph's,155,2,18:22,1102,1102,Rasheer Fleming made Free Throw.,away,43,30,13,0,TRUE,FALSE,0.9345082368477792,0.8916444315242215,4,2,4.5,142.5,Mike Roberts/Lamar Simpson/Brent Hampton,"Dayton, OH",UD Arena,NA,13407,NA,NA,Saint Joseph's,made,Rasheer Fleming,NA,FALSE,TRUE,Saint Joseph's,Dayton,FALSE
401724386,2025-01-24,Dayton,Saint Joseph's,156,2,17:59,1079,1079,Javon Bennett missed Jumper.,home,43,30,13,23,FALSE,FALSE,0.9357701254547016,0.8940042849598611,4,2,4.5,142.5,Mike Roberts/Lamar Simpson/Brent Hampton,"Dayton, OH",UD Arena,NA,13407,NA,NA,Dayton,missed,Javon Bennett,NA,FALSE,FALSE,Dayton,Saint Joseph's,FALSE
401724386,2025-01-24,Dayton,Saint Joseph's,157,2,17:56,1076,1076,Justice Ajogbor Defensive Rebound.,away,43,30,13,3,FALSE,FALSE,0.9359373173822932,0.894315648610968,4,2,4.5,142.5,Mike Roberts/Lamar Simpson/Brent Hampton,"Dayton, OH",UD Arena,NA,13407,NA,NA,NA,NA,NA,NA,NA,NA,Dayton,Saint Joseph's,FALSE
401724386,2025-01-24,Dayton,Saint Joseph's,158,2,17:39,1059,1059,Derek Simpson missed Jumper.,away,43,30,13,17,FALSE,FALSE,0.9369004304325647,0.8961026123522581,4,2,4.5,142.5,Mike Roberts/Lamar Simpson/Brent Hampton,"Dayton, OH",UD Arena,NA,13407,NA,NA,Saint Joseph's,missed,Derek Simpson,NA,FALSE,FALSE,Saint Joseph's,Dayton,FALSE
401724386,2025-01-24,Dayton,Saint Joseph's,159,2,17:36,1056,1056,Nate Santos Defensive Rebound.,home,43,30,13,3,FALSE,FALSE,0.9370735544755271,0.8964225766370099,4,2,4.5,142.5,Mike Roberts/Lamar Simpson/Brent Hampton,"Dayton, OH",UD Arena,NA,13407,NA,NA,NA,NA,NA,NA,NA,NA,Saint Joseph's,Dayton,FALSE
401724386,2025-01-24,Dayton,Saint Joseph's,160,2,17:19,1039,1039,Javon Bennett missed Three Point Jumper.,home,43,30,13,17,FALSE,FALSE,0.9380759478050746,0.8982673959909276,4,2,4.5,142.5,Mike Roberts/Lamar Simpson/Brent Hampton,"Dayton, OH",UD Arena,NA,13407,NA,NA,Dayton,missed,Javon Bennett,NA,TRUE,FALSE,Dayton,Saint Joseph's,FALSE
401724386,2025-01-24,Dayton,Saint Joseph's,161,2,17:16,1036,1036,Derek Simpson Defensive Rebound.,away,43,30,13,3,FALSE,FALSE,0.9382569686555162,0.8985991199107262,4,2,4.5,142.5,Mike Roberts/Lamar Simpson/Brent Hampton,"Dayton, OH",UD Arena,NA,13407,NA,NA,NA,NA,NA,NA,NA,NA,Dayton,Saint Joseph's,FALSE
401724386,2025-01-24,Dayton,Saint Joseph's,162,2,17:06,1026,1026,Erik Reynolds II made Three Point Jumper. Assisted by Rasheer Fleming.,away,43,33,10,10,TRUE,FALSE,0.9025025299671998,0.8439320782651569,4,2,4.5,142.5,Mike Roberts/Lamar Simpson/Brent Hampton,"Dayton, OH",UD Arena,NA,13407,NA,NA,Saint Joseph's,made,Erik Reynolds II,Rasheer Fleming,TRUE,FALSE,Saint Joseph's,Dayton,FALSE
401724386,2025-01-24,Dayton,Saint Joseph's,163,2,16:45,1005,1005,Amael L'Etang missed Three Point Jumper.,home,43,33,10,21,FALSE,FALSE,0.9040176676146262,0.8466778965337803,4,2,4.5,142.5,Mike Roberts/Lamar Simpson/Brent Hampton,"Dayton, OH",UD Arena,NA,13407,NA,NA,Dayton,missed,Amael L'Etang,NA,TRUE,FALSE,Dayton,Saint Joseph's,FALSE
401724386,2025-01-24,Dayton,Saint Joseph's,164,2,16:41,1001,1001,Rasheer Fleming Defensive Rebound.,away,43,33,10,4,FALSE,FALSE,0.9043183817043327,0.8472190056788536,4,2,4.5,142.5,Mike Roberts/Lamar Simpson/Brent Hampton,"Dayton, OH",UD Arena,NA,13407,NA,NA,NA,NA,NA,NA,NA,NA,Dayton,Saint Joseph's,FALSE
401724386,2025-01-24,Dayton,Saint Joseph's,165,2,16:33,993,993,Derek Simpson missed Jumper.,away,43,33,10,8,FALSE,FALSE,0.904932322376481,0.8483199546254359,4,2,4.5,142.5,Mike Roberts/Lamar Simpson/Brent Hampton,"Dayton, OH",UD Arena,NA,13407,NA,NA,Saint Joseph's,missed,Derek Simpson,NA,FALSE,FALSE,Saint Joseph's,Dayton,FALSE
401724386,2025-01-24,Dayton,Saint Joseph's,166,2,16:30,990,990,Amael L'Etang Defensive Rebound.,home,43,33,10,3,FALSE,FALSE,0.9051669827186156,0.8487394515836968,4,2,4.5,142.5,Mike Roberts/Lamar Simpson/Brent Hampton,"Dayton, OH",UD Arena,NA,13407,NA,NA,NA,NA,NA,NA,NA,NA,Saint Joseph's,Dayton,FALSE
401724386,2025-01-24,Dayton,Saint Joseph's,167,2,16:08,968,968,Nate Santos missed Jumper.,home,43,33,10,22,FALSE,FALSE,0.9069644503929196,0.8519305454778086,4,2,4.5,142.5,Mike Roberts/Lamar Simpson/Brent Hampton,"Dayton, OH",UD Arena,NA,13407,NA,NA,Dayton,missed,Nate Santos,NA,FALSE,FALSE,Dayton,Dayton,FALSE
401724386,2025-01-24,Dayton,Saint Joseph's,168,2,16:08,968,968,Rasheer Fleming Block.,away,43,33,10,0,FALSE,FALSE,0.9069644503929196,0.8519305454778086,4,2,4.5,142.5,Mike Roberts/Lamar Simpson/Brent Hampton,"Dayton, OH",UD Arena,NA,13407,NA,NA,NA,NA,NA,NA,NA,NA,Dayton,Dayton,FALSE
401724386,2025-01-24,Dayton,Saint Joseph's,169,2,16:08,968,968,Dayton Offensive Rebound.,home,43,33,10,0,FALSE,FALSE,0.9069644503929196,0.8519305454778086,4,2,4.5,142.5,Mike Roberts/Lamar Simpson/Brent Hampton,"Dayton, OH",UD Arena,NA,13407,NA,NA,NA,NA,NA,NA,NA,NA,Dayton,Dayton,FALSE
401724386,2025-01-24,Dayton,Saint Joseph's,170,2,16:01,961,961,Dayton  Turnover.,home,43,33,10,7,FALSE,FALSE,0.9075329869030697,0.8529371835982122,4,2,4.5,142.5,Mike Roberts/Lamar Simpson/Brent Hampton,"Dayton, OH",UD Arena,NA,13407,NA,NA,NA,NA,NA,NA,NA,NA,Dayton,Saint Joseph's,FALSE
401724386,2025-01-24,Dayton,Saint Joseph's,171,2,15:39,939,939,Justice Ajogbor made Layup. Assisted by Erik Reynolds II.,away,43,35,8,22,TRUE,FALSE,0.8751391446854816,0.8061007053199463,4,2,4.5,142.5,Mike Roberts/Lamar Simpson/Brent Hampton,"Dayton, OH",UD Arena,NA,13407,NA,NA,Saint Joseph's,made,Justice Ajogbor,Erik Reynolds II,FALSE,FALSE,Saint Joseph's,Dayton,FALSE
401724386,2025-01-24,Dayton,Saint Joseph's,172,2,15:25,925,925,Javon Bennett made Jumper.,home,45,35,10,14,TRUE,FALSE,0.9100903335458984,0.8575009688930251,4,2,4.5,142.5,Mike Roberts/Lamar Simpson/Brent Hampton,"Dayton, OH",UD Arena,NA,13407,NA,NA,Dayton,made,Javon Bennett,NA,FALSE,FALSE,Dayton,Saint Joseph's,FALSE
401724386,2025-01-24,Dayton,Saint Joseph's,173,2,15:04,904,904,Rasheer Fleming made Three Point Jumper. Assisted by Dasear Haskins.,away,45,38,7,21,TRUE,FALSE,0.8564989256240144,0.7806958269790641,4,2,4.5,142.5,Mike Roberts/Lamar Simpson/Brent Hampton,"Dayton, OH",UD Arena,NA,13407,NA,NA,Saint Joseph's,made,Rasheer Fleming,Dasear Haskins,TRUE,FALSE,Saint Joseph's,Dayton,FALSE
401724386,2025-01-24,Dayton,Saint Joseph's,174,2,14:31,871,871,Amael L'Etang missed Layup.,home,45,38,7,33,FALSE,FALSE,0.8583669992496356,0.7841412941427981,4,2,4.5,142.5,Mike Roberts/Lamar Simpson/Brent Hampton,"Dayton, OH",UD Arena,NA,13407,NA,NA,Dayton,missed,Amael L'Etang,NA,FALSE,FALSE,Dayton,Saint Joseph's,FALSE
401724386,2025-01-24,Dayton,Saint Joseph's,175,2,14:31,871,871,Justice Ajogbor Block.,away,45,38,7,0,FALSE,FALSE,0.8583669992496356,0.7841412941427981,4,2,4.5,142.5,Mike Roberts/Lamar Simpson/Brent Hampton,"Dayton, OH",UD Arena,NA,13407,NA,NA,NA,NA,NA,NA,NA,NA,Dayton,Saint Joseph's,FALSE
401724386,2025-01-24,Dayton,Saint Joseph's,176,2,14:26,866,866,Justice Ajogbor Defensive Rebound.,away,45,38,7,5,FALSE,FALSE,0.8586503392669327,0.7846616450797447,4,2,4.5,142.5,Mike Roberts/Lamar Simpson/Brent Hampton,"Dayton, OH",UD Arena,NA,13407,NA,NA,NA,NA,NA,NA,NA,NA,Dayton,Saint Joseph's,FALSE
401724386,2025-01-24,Dayton,Saint Joseph's,177,2,14:25,865,865,Dasear Haskins missed Three Point Jumper.,away,45,38,7,1,FALSE,FALSE,0.8587072516885916,0.7847660316138011,4,2,4.5,142.5,Mike Roberts/Lamar Simpson/Brent Hampton,"Dayton, OH",UD Arena,NA,13407,NA,NA,Saint Joseph's,missed,Dasear Haskins,NA,TRUE,FALSE,Saint Joseph's,Dayton,FALSE
401724386,2025-01-24,Dayton,Saint Joseph's,178,2,14:22,862,862,Nate Santos Defensive Rebound.,home,45,38,7,3,FALSE,FALSE,0.8588785847095157,0.7850799920148342,4,2,4.5,142.5,Mike Roberts/Lamar Simpson/Brent Hampton,"Dayton, OH",UD Arena,NA,13407,NA,NA,NA,NA,NA,NA,NA,NA,Saint Joseph's,Dayton,FALSE
401724386,2025-01-24,Dayton,Saint Joseph's,179,2,14:00,840,840,Nate Santos made Three Point Jumper. Assisted by Amael L'Etang.,home,48,38,10,22,TRUE,FALSE,0.9151341792502472,0.8665523509491818,4,2,4.5,142.5,Mike Roberts/Lamar Simpson/Brent Hampton,"Dayton, OH",UD Arena,NA,13407,NA,NA,Dayton,made,Nate Santos,Amael L'Etang,TRUE,FALSE,Dayton,Saint Joseph's,FALSE
401724386,2025-01-24,Dayton,Saint Joseph's,180,2,13:52,832,832,Erik Reynolds II made Three Point Jumper. Assisted by Xzayvier Brown.,away,48,41,7,8,TRUE,FALSE,0.8606739167709055,0.7883372862690767,4,2,4.5,142.5,Mike Roberts/Lamar Simpson/Brent Hampton,"Dayton, OH",UD Arena,NA,13407,NA,NA,Saint Joseph's,made,Erik Reynolds II,Xzayvier Brown,TRUE,FALSE,Saint Joseph's,Dayton,FALSE
401724386,2025-01-24,Dayton,Saint Joseph's,181,2,13:21,801,801,Amael L'Etang made Three Point Jumper. Assisted by Javon Bennett.,home,51,41,10,31,TRUE,FALSE,0.9177409289479209,0.8711285842257268,4,2,4.5,142.5,Mike Roberts/Lamar Simpson/Brent Hampton,"Dayton, OH",UD Arena,NA,13407,NA,NA,Dayton,made,Amael L'Etang,Javon Bennett,TRUE,FALSE,Dayton,Saint Joseph's,FALSE
401724386,2025-01-24,Dayton,Saint Joseph's,182,2,13:05,785,785,Xzayvier Brown made Layup. Assisted by Erik Reynolds II.,away,51,43,8,16,TRUE,FALSE,0.8851802304260006,0.8240515759041094,4,2,4.5,142.5,Mike Roberts/Lamar Simpson/Brent Hampton,"Dayton, OH",UD Arena,NA,13407,NA,NA,Saint Joseph's,made,Xzayvier Brown,Erik Reynolds II,FALSE,FALSE,Saint Joseph's,Dayton,FALSE
401724386,2025-01-24,Dayton,Saint Joseph's,183,2,12:49,769,769,Malachi Smith Turnover.,home,51,43,8,16,FALSE,FALSE,0.8865997993959991,0.8264832259463695,4,2,4.5,142.5,Mike Roberts/Lamar Simpson/Brent Hampton,"Dayton, OH",UD Arena,NA,13407,NA,NA,NA,NA,NA,NA,NA,NA,Dayton,Saint Joseph's,FALSE
401724386,2025-01-24,Dayton,Saint Joseph's,184,2,12:49,769,769, Official TV Timeout,NA,51,43,8,0,FALSE,FALSE,0.8865997993959991,0.8264832259463695,4,1,4.5,142.5,Mike Roberts/Lamar Simpson/Brent Hampton,"Dayton, OH",UD Arena,NA,13407,NA,NA,NA,NA,NA,NA,NA,NA,Dayton,Saint Joseph's,FALSE
401724386,2025-01-24,Dayton,Saint Joseph's,185,2,12:39,759,759,Rasheer Fleming made Layup. Assisted by Xzayvier Brown.,away,51,45,6,10,TRUE,FALSE,0.8419755762148311,0.7648184832994602,4,1,4.5,142.5,Mike Roberts/Lamar Simpson/Brent Hampton,"Dayton, OH",UD Arena,NA,13407,NA,NA,Saint Joseph's,made,Rasheer Fleming,Xzayvier Brown,FALSE,FALSE,Saint Joseph's,Dayton,FALSE
401724386,2025-01-24,Dayton,Saint Joseph's,186,2,12:29,749,749,Posh Alexander made Layup.,home,53,45,8,10,TRUE,FALSE,0.8885921942659346,0.8298600912650113,4,1,4.5,142.5,Mike Roberts/Lamar Simpson/Brent Hampton,"Dayton, OH",UD Arena,NA,13407,NA,NA,Dayton,made,Posh Alexander,NA,FALSE,FALSE,Dayton,Saint Joseph's,FALSE
401724386,2025-01-24,Dayton,Saint Joseph's,187,2,12:29,749,749,Foul on Dasear Haskins.,away,53,45,8,0,FALSE,TRUE,0.8885921942659346,0.8298600912650113,4,1,4.5,142.5,Mike Roberts/Lamar Simpson/Brent Hampton,"Dayton, OH",UD Arena,NA,13407,NA,NA,NA,NA,NA,NA,NA,NA,Dayton,Saint Joseph's,FALSE
401724386,2025-01-24,Dayton,Saint Joseph's,188,2,12:29,749,749,Posh Alexander made Free Throw.,home,54,45,9,0,TRUE,FALSE,0.9067447402335586,0.8560318556328386,4,1,4.5,142.5,Mike Roberts/Lamar Simpson/Brent Hampton,"Dayton, OH",UD Arena,NA,13407,NA,NA,Dayton,made,Posh Alexander,NA,FALSE,TRUE,Dayton,Saint Joseph's,FALSE
401724386,2025-01-24,Dayton,Saint Joseph's,189,2,12:16,736,736,Erik Reynolds II missed Three Point Jumper.,away,54,45,9,13,FALSE,FALSE,0.9081537558170224,0.8584043070473862,4,1,4.5,142.5,Mike Roberts/Lamar Simpson/Brent Hampton,"Dayton, OH",UD Arena,NA,13407,NA,NA,Saint Joseph's,missed,Erik Reynolds II,NA,TRUE,FALSE,Saint Joseph's,Dayton,FALSE
401724386,2025-01-24,Dayton,Saint Joseph's,190,2,12:13,733,733,Nate Santos Defensive Rebound.,home,54,45,9,3,FALSE,FALSE,0.9084951417694125,0.8589771888816679,4,1,4.5,142.5,Mike Roberts/Lamar Simpson/Brent Hampton,"Dayton, OH",UD Arena,NA,13407,NA,NA,NA,NA,NA,NA,NA,NA,Saint Joseph's,Dayton,FALSE
401724386,2025-01-24,Dayton,Saint Joseph's,191,2,12:06,726,726,Nate Santos missed Jumper.,home,54,45,9,7,FALSE,FALSE,0.9093014333805017,0.8603293000265577,4,1,4.5,142.5,Mike Roberts/Lamar Simpson/Brent Hampton,"Dayton, OH",UD Arena,NA,13407,NA,NA,Dayton,missed,Nate Santos,NA,FALSE,FALSE,Dayton,Saint Joseph's,FALSE
401724386,2025-01-24,Dayton,Saint Joseph's,192,2,12:04,724,724,Rasheer Fleming Defensive Rebound.,away,54,45,9,2,FALSE,FALSE,0.9095241840024701,0.860703847375613,4,1,4.5,142.5,Mike Roberts/Lamar Simpson/Brent Hampton,"Dayton, OH",UD Arena,NA,13407,NA,NA,NA,NA,NA,NA,NA,NA,Dayton,Saint Joseph's,FALSE
401724386,2025-01-24,Dayton,Saint Joseph's,193,2,12:02,722,722,Foul on Posh Alexander.,home,54,45,9,2,FALSE,TRUE,0.9097427513187318,0.8610719204984588,4,1,4.5,142.5,Mike Roberts/Lamar Simpson/Brent Hampton,"Dayton, OH",UD Arena,NA,13407,NA,NA,NA,NA,NA,NA,NA,NA,Saint Joseph's,Saint Joseph's,FALSE
401724386,2025-01-24,Dayton,Saint Joseph's,194,2,12:02,722,722,Xzayvier Brown made Free Throw.,away,54,46,8,0,TRUE,FALSE,0.8916596328186244,0.8350060760215375,4,1,4.5,142.5,Mike Roberts/Lamar Simpson/Brent Hampton,"Dayton, OH",UD Arena,NA,13407,NA,NA,Saint Joseph's,made,Xzayvier Brown,NA,FALSE,TRUE,Saint Joseph's,Saint Joseph's,FALSE
401724386,2025-01-24,Dayton,Saint Joseph's,195,2,12:02,722,722,Xzayvier Brown made Free Throw.,away,54,47,7,0,TRUE,FALSE,0.8704693897422625,0.8051563529002039,4,1,4.5,142.5,Mike Roberts/Lamar Simpson/Brent Hampton,"Dayton, OH",UD Arena,NA,13407,NA,NA,Saint Joseph's,made,Xzayvier Brown,NA,FALSE,TRUE,Saint Joseph's,Dayton,FALSE
401724386,2025-01-24,Dayton,Saint Joseph's,196,2,11:38,698,698,Isaac Jack made Layup. Assisted by Posh Alexander.,home,56,47,9,24,TRUE,FALSE,0.912091760327926,0.8650646018292701,4,1,4.5,142.5,Mike Roberts/Lamar Simpson/Brent Hampton,"Dayton, OH",UD Arena,NA,13407,NA,NA,Dayton,made,Isaac Jack,Posh Alexander,FALSE,FALSE,Dayton,Saint Joseph's,FALSE
401724386,2025-01-24,Dayton,Saint Joseph's,197,2,11:21,681,681,Foul on Jacob Conner.,home,56,47,9,17,FALSE,TRUE,0.9135354190285857,0.8675507105143846,4,1,4.5,142.5,Mike Roberts/Lamar Simpson/Brent Hampton,"Dayton, OH",UD Arena,NA,13407,NA,NA,NA,NA,NA,NA,NA,NA,Saint Joseph's,Saint Joseph's,FALSE
401724386,2025-01-24,Dayton,Saint Joseph's,198,2,11:21,681,681, Official TV Timeout,NA,56,47,9,0,FALSE,FALSE,0.9135354190285857,0.8675507105143846,4,0,4.5,142.5,Mike Roberts/Lamar Simpson/Brent Hampton,"Dayton, OH",UD Arena,NA,13407,NA,NA,NA,NA,NA,NA,NA,NA,Saint Joseph's,Saint Joseph's,FALSE
401724386,2025-01-24,Dayton,Saint Joseph's,199,2,11:21,681,681,Dasear Haskins missed Free Throw.,away,56,47,9,0,FALSE,FALSE,0.9135354190285857,0.8675507105143846,4,0,4.5,142.5,Mike Roberts/Lamar Simpson/Brent Hampton,"Dayton, OH",UD Arena,NA,13407,NA,NA,Saint Joseph's,missed,Dasear Haskins,NA,FALSE,TRUE,Saint Joseph's,Saint Joseph's,FALSE
401724386,2025-01-24,Dayton,Saint Joseph's,200,2,11:21,681,681,Saint Joseph's Deadball Team Rebound.,away,56,47,9,0,FALSE,FALSE,0.9135354190285857,0.8675507105143846,4,0,4.5,142.5,Mike Roberts/Lamar Simpson/Brent Hampton,"Dayton, OH",UD Arena,NA,13407,NA,NA,NA,NA,NA,NA,NA,NA,Saint Joseph's,Saint Joseph's,FALSE
401724386,2025-01-24,Dayton,Saint Joseph's,201,2,11:20,680,680,Dasear Haskins missed Free Throw.,away,56,47,9,1,FALSE,FALSE,0.9136167167675868,0.8676912947017417,4,0,4.5,142.5,Mike Roberts/Lamar Simpson/Brent Hampton,"Dayton, OH",UD Arena,NA,13407,NA,NA,Saint Joseph's,missed,Dasear Haskins,NA,FALSE,TRUE,Saint Joseph's,Saint Joseph's,FALSE
401724386,2025-01-24,Dayton,Saint Joseph's,202,2,11:17,677,677,Anthony Finkley Offensive Rebound.,away,56,47,9,3,FALSE,FALSE,0.9138588537698495,0.8681102890207784,4,0,4.5,142.5,Mike Roberts/Lamar Simpson/Brent Hampton,"Dayton, OH",UD Arena,NA,13407,NA,NA,NA,NA,NA,NA,NA,NA,Saint Joseph's,Saint Joseph's,FALSE
401724386,2025-01-24,Dayton,Saint Joseph's,203,2,11:03,663,663,Dasear Haskins made Jumper.,away,56,49,7,14,TRUE,FALSE,0.8758094804069335,0.814378138696316,4,0,4.5,142.5,Mike Roberts/Lamar Simpson/Brent Hampton,"Dayton, OH",UD Arena,NA,13407,NA,NA,Saint Joseph's,made,Dasear Haskins,NA,FALSE,FALSE,Saint Joseph's,Dayton,FALSE
401724386,2025-01-24,Dayton,Saint Joseph's,204,2,10:40,640,640,Posh Alexander missed Jumper.,home,56,49,7,23,FALSE,FALSE,0.8776807554610412,0.8176564141524669,4,0,4.5,142.5,Mike Roberts/Lamar Simpson/Brent Hampton,"Dayton, OH",UD Arena,NA,13407,NA,NA,Dayton,missed,Posh Alexander,NA,FALSE,FALSE,Dayton,Saint Joseph's,FALSE
401724386,2025-01-24,Dayton,Saint Joseph's,205,2,10:36,636,636,Rasheer Fleming Defensive Rebound.,away,56,49,7,4,FALSE,FALSE,0.878018495641846,0.8182446377714371,4,0,4.5,142.5,Mike Roberts/Lamar Simpson/Brent Hampton,"Dayton, OH",UD Arena,NA,13407,NA,NA,NA,NA,NA,NA,NA,NA,Dayton,Saint Joseph's,FALSE
401724386,2025-01-24,Dayton,Saint Joseph's,206,2,10:24,624,624,Foul on Jacob Conner.,home,56,49,7,12,FALSE,TRUE,0.8790720967003711,0.8200689126062384,4,0,4.5,142.5,Mike Roberts/Lamar Simpson/Brent Hampton,"Dayton, OH",UD Arena,NA,13407,NA,NA,NA,NA,NA,NA,NA,NA,Saint Joseph's,Saint Joseph's,FALSE
401724386,2025-01-24,Dayton,Saint Joseph's,207,2,10:14,614,614,Erik Reynolds II missed Three Point Jumper.,away,56,49,7,10,FALSE,FALSE,0.8800100285344126,0.8216776551406184,4,0,4.5,142.5,Mike Roberts/Lamar Simpson/Brent Hampton,"Dayton, OH",UD Arena,NA,13407,NA,NA,Saint Joseph's,missed,Erik Reynolds II,NA,TRUE,FALSE,Saint Joseph's,Dayton,FALSE
401724386,2025-01-24,Dayton,Saint Joseph's,208,2,10:12,612,612,Nate Santos Defensive Rebound.,home,56,49,7,2,FALSE,FALSE,0.8802054975394503,0.8220110475994524,4,0,4.5,142.5,Mike Roberts/Lamar Simpson/Brent Hampton,"Dayton, OH",UD Arena,NA,13407,NA,NA,NA,NA,NA,NA,NA,NA,Saint Joseph's,Dayton,FALSE
401724386,2025-01-24,Dayton,Saint Joseph's,209,2,10:05,605,605,Jacob Conner missed Three Point Jumper.,home,56,49,7,7,FALSE,FALSE,0.8809130471904049,0.8232124975848009,4,0,4.5,142.5,Mike Roberts/Lamar Simpson/Brent Hampton,"Dayton, OH",UD Arena,NA,13407,NA,NA,Dayton,missed,Jacob Conner,NA,TRUE,FALSE,Dayton,Saint Joseph's,FALSE
401724386,2025-01-24,Dayton,Saint Joseph's,210,2,10:03,603,603,Dasear Haskins Defensive Rebound.,away,56,49,7,2,FALSE,FALSE,0.8811223319599124,0.8235662967939507,4,0,4.5,142.5,Mike Roberts/Lamar Simpson/Brent Hampton,"Dayton, OH",UD Arena,NA,13407,NA,NA,NA,NA,NA,NA,NA,NA,Dayton,Saint Joseph's,FALSE
401724386,2025-01-24,Dayton,Saint Joseph's,211,2,9:53,593,593,Foul on Isaac Jack.,home,56,49,7,10,FALSE,TRUE,0.8822212161108796,0.825412765903415,4,0,4.5,142.5,Mike Roberts/Lamar Simpson/Brent Hampton,"Dayton, OH",UD Arena,NA,13407,NA,NA,NA,NA,NA,NA,NA,NA,Saint Joseph's,Saint Joseph's,FALSE
401724386,2025-01-24,Dayton,Saint Joseph's,212,2,9:53,593,593,Xzayvier Brown made Free Throw.,away,56,50,6,0,TRUE,FALSE,0.8571370397990355,0.7910946491197652,4,0,4.5,142.5,Mike Roberts/Lamar Simpson/Brent Hampton,"Dayton, OH",UD Arena,NA,13407,NA,NA,Saint Joseph's,made,Xzayvier Brown,NA,FALSE,TRUE,Saint Joseph's,Saint Joseph's,FALSE
401724386,2025-01-24,Dayton,Saint Joseph's,213,2,9:53,593,593,Xzayvier Brown made Free Throw.,away,56,51,5,0,TRUE,FALSE,0.8277535605670618,0.7520570699057592,4,0,4.5,142.5,Mike Roberts/Lamar Simpson/Brent Hampton,"Dayton, OH",UD Arena,NA,13407,NA,NA,Saint Joseph's,made,Xzayvier Brown,NA,FALSE,TRUE,Saint Joseph's,Dayton,FALSE
401724386,2025-01-24,Dayton,Saint Joseph's,214,2,9:44,584,584,Foul on Xzayvier Brown.,away,56,51,5,9,FALSE,TRUE,0.8287210257107787,0.7537082536744677,4,0,4.5,142.5,Mike Roberts/Lamar Simpson/Brent Hampton,"Dayton, OH",UD Arena,NA,13407,NA,NA,NA,NA,NA,NA,NA,NA,Dayton,Dayton,FALSE
401724386,2025-01-24,Dayton,Saint Joseph's,215,2,9:28,568,568,Malachi Smith missed Layup.,home,56,51,5,16,FALSE,FALSE,0.8306612935535052,0.7569620006824326,4,0,4.5,142.5,Mike Roberts/Lamar Simpson/Brent Hampton,"Dayton, OH",UD Arena,NA,13407,NA,NA,Dayton,missed,Malachi Smith,NA,FALSE,FALSE,Dayton,Saint Joseph's,FALSE
401724386,2025-01-24,Dayton,Saint Joseph's,216,2,9:28,568,568,Rasheer Fleming Block.,away,56,51,5,0,FALSE,FALSE,0.8306612935535052,0.7569620006824326,4,0,4.5,142.5,Mike Roberts/Lamar Simpson/Brent Hampton,"Dayton, OH",UD Arena,NA,13407,NA,NA,NA,NA,NA,NA,NA,NA,Dayton,Saint Joseph's,FALSE
401724386,2025-01-24,Dayton,Saint Joseph's,217,2,9:27,567,567,Saint Joseph's Defensive Rebound.,away,56,51,5,1,FALSE,FALSE,0.8307928169574019,0.7571801722648409,4,0,4.5,142.5,Mike Roberts/Lamar Simpson/Brent Hampton,"Dayton, OH",UD Arena,NA,13407,NA,NA,NA,NA,NA,NA,NA,NA,Dayton,Saint Joseph's,FALSE
401724386,2025-01-24,Dayton,Saint Joseph's,218,2,9:07,547,547,Rasheer Fleming missed Layup.,away,56,51,5,20,FALSE,FALSE,0.8336891788411442,0.7619279116789246,4,0,4.5,142.5,Mike Roberts/Lamar Simpson/Brent Hampton,"Dayton, OH",UD Arena,NA,13407,NA,NA,Saint Joseph's,missed,Rasheer Fleming,NA,FALSE,FALSE,Saint Joseph's,Dayton,FALSE
401724386,2025-01-24,Dayton,Saint Joseph's,219,2,9:04,544,544,Jacob Conner Defensive Rebound.,home,56,51,5,3,FALSE,FALSE,0.8341248630105179,0.7626429834743764,4,0,4.5,142.5,Mike Roberts/Lamar Simpson/Brent Hampton,"Dayton, OH",UD Arena,NA,13407,NA,NA,NA,NA,NA,NA,NA,NA,Saint Joseph's,Dayton,FALSE
401724386,2025-01-24,Dayton,Saint Joseph's,220,2,9:01,541,541,Foul on Dasear Haskins.,away,56,51,5,3,FALSE,TRUE,0.8345418412537267,0.7633317755973579,4,0,4.5,142.5,Mike Roberts/Lamar Simpson/Brent Hampton,"Dayton, OH",UD Arena,NA,13407,NA,NA,NA,NA,NA,NA,NA,NA,Dayton,Dayton,FALSE
401724386,2025-01-24,Dayton,Saint Joseph's,221,2,8:48,528,528,Amael L'Etang missed Three Point Jumper.,home,56,51,5,13,FALSE,FALSE,0.836167951934827,0.7660625888699358,4,0,4.5,142.5,Mike Roberts/Lamar Simpson/Brent Hampton,"Dayton, OH",UD Arena,NA,13407,NA,NA,Dayton,missed,Amael L'Etang,NA,TRUE,FALSE,Dayton,Saint Joseph's,FALSE
401724386,2025-01-24,Dayton,Saint Joseph's,222,2,8:44,524,524,Dasear Haskins Defensive Rebound.,away,56,51,5,4,FALSE,FALSE,0.8366211412393761,0.7668366393284679,4,0,4.5,142.5,Mike Roberts/Lamar Simpson/Brent Hampton,"Dayton, OH",UD Arena,NA,13407,NA,NA,NA,NA,NA,NA,NA,NA,Dayton,Saint Joseph's,FALSE
401724386,2025-01-24,Dayton,Saint Joseph's,223,2,8:29,509,509,Erik Reynolds II missed Three Point Jumper.,away,56,51,5,15,FALSE,FALSE,0.8382012858473205,0.7695721354156246,4,0,4.5,142.5,Mike Roberts/Lamar Simpson/Brent Hampton,"Dayton, OH",UD Arena,NA,13407,NA,NA,Saint Joseph's,missed,Erik Reynolds II,NA,TRUE,FALSE,Saint Joseph's,Dayton,FALSE
401724386,2025-01-24,Dayton,Saint Joseph's,224,2,8:27,507,507,Nate Santos Defensive Rebound.,home,56,51,5,2,FALSE,FALSE,0.8384037473090268,0.7699253823271993,4,0,4.5,142.5,Mike Roberts/Lamar Simpson/Brent Hampton,"Dayton, OH",UD Arena,NA,13407,NA,NA,NA,NA,NA,NA,NA,NA,Saint Joseph's,Dayton,FALSE
401724386,2025-01-24,Dayton,Saint Joseph's,225,2,8:27,507,507,Foul on Justice Ajogbor.,away,56,51,5,0,FALSE,TRUE,0.8384037473090268,0.7699253823271993,4,0,4.5,142.5,Mike Roberts/Lamar Simpson/Brent Hampton,"Dayton, OH",UD Arena,NA,13407,NA,NA,NA,NA,NA,NA,NA,NA,Dayton,Dayton,FALSE
401724386,2025-01-24,Dayton,Saint Joseph's,226,2,8:08,488,488,Nate Santos made Jumper. Assisted by Malachi Smith.,home,58,51,7,19,TRUE,FALSE,0.8958249701802359,0.8478657217471995,4,0,4.5,142.5,Mike Roberts/Lamar Simpson/Brent Hampton,"Dayton, OH",UD Arena,NA,13407,NA,NA,Dayton,made,Nate Santos,Malachi Smith,FALSE,FALSE,Dayton,Saint Joseph's,FALSE
401724386,2025-01-24,Dayton,Saint Joseph's,227,2,7:39,459,459,Xzayvier Brown missed Three Point Jumper.,away,58,51,7,29,FALSE,FALSE,0.8995923451440315,0.8540599346067599,4,0,4.5,142.5,Mike Roberts/Lamar Simpson/Brent Hampton,"Dayton, OH",UD Arena,NA,13407,NA,NA,Saint Joseph's,missed,Xzayvier Brown,NA,TRUE,FALSE,Saint Joseph's,Dayton,FALSE
401724386,2025-01-24,Dayton,Saint Joseph's,228,2,7:35,455,455,Jacob Conner Defensive Rebound.,home,58,51,7,4,FALSE,FALSE,0.9002178403874601,0.8550667798406612,4,0,4.5,142.5,Mike Roberts/Lamar Simpson/Brent Hampton,"Dayton, OH",UD Arena,NA,13407,NA,NA,NA,NA,NA,NA,NA,NA,Saint Joseph's,Dayton,FALSE
401724386,2025-01-24,Dayton,Saint Joseph's,229,2,7:13,433,433,Foul on Rasheer Fleming.,away,58,51,7,22,FALSE,TRUE,0.9043165998398836,0.8615525871866161,4,0,4.5,142.5,Mike Roberts/Lamar Simpson/Brent Hampton,"Dayton, OH",UD Arena,NA,13407,NA,NA,NA,NA,NA,NA,NA,NA,Dayton,Dayton,FALSE
401724386,2025-01-24,Dayton,Saint Joseph's,230,2,7:13,433,433, Official TV Timeout,NA,58,51,7,0,FALSE,FALSE,0.9043165998398836,0.8615525871866161,4,-1,4.5,142.5,Mike Roberts/Lamar Simpson/Brent Hampton,"Dayton, OH",UD Arena,NA,13407,NA,NA,NA,NA,NA,NA,NA,NA,Dayton,Dayton,FALSE
401724386,2025-01-24,Dayton,Saint Joseph's,231,2,7:13,433,433,Nate Santos made Free Throw.,home,59,51,8,0,TRUE,FALSE,0.9246528749516955,0.8898709376427957,4,-1,4.5,142.5,Mike Roberts/Lamar Simpson/Brent Hampton,"Dayton, OH",UD Arena,NA,13407,NA,NA,Dayton,made,Nate Santos,NA,FALSE,TRUE,Dayton,Dayton,FALSE
401724386,2025-01-24,Dayton,Saint Joseph's,232,2,7:13,433,433,Nate Santos made Free Throw.,home,60,51,9,0,TRUE,FALSE,0.9409491720904755,0.9129820181174468,4,-1,4.5,142.5,Mike Roberts/Lamar Simpson/Brent Hampton,"Dayton, OH",UD Arena,NA,13407,NA,NA,Dayton,made,Nate Santos,NA,FALSE,TRUE,Dayton,Saint Joseph's,FALSE
401724386,2025-01-24,Dayton,Saint Joseph's,233,2,6:50,410,410,Xzayvier Brown made Three Point Jumper. Assisted by Rasheer Fleming.,away,60,54,6,23,TRUE,FALSE,0.8840543448574631,0.8350089795451872,4,-1,4.5,142.5,Mike Roberts/Lamar Simpson/Brent Hampton,"Dayton, OH",UD Arena,NA,13407,NA,NA,Saint Joseph's,made,Xzayvier Brown,Rasheer Fleming,TRUE,FALSE,Saint Joseph's,Dayton,FALSE
401724386,2025-01-24,Dayton,Saint Joseph's,234,2,6:18,378,378,Nate Santos missed Jumper.,home,60,54,6,32,FALSE,FALSE,0.8899044491396779,0.8445111637420917,4,-1,4.5,142.5,Mike Roberts/Lamar Simpson/Brent Hampton,"Dayton, OH",UD Arena,NA,13407,NA,NA,Dayton,missed,Nate Santos,NA,FALSE,FALSE,Dayton,Saint Joseph's,FALSE
401724386,2025-01-24,Dayton,Saint Joseph's,235,2,6:15,375,375,Rasheer Fleming Defensive Rebound.,away,60,54,6,3,FALSE,FALSE,0.8904610977281235,0.8454159015796642,4,-1,4.5,142.5,Mike Roberts/Lamar Simpson/Brent Hampton,"Dayton, OH",UD Arena,NA,13407,NA,NA,NA,NA,NA,NA,NA,NA,Dayton,Saint Joseph's,FALSE
401724386,2025-01-24,Dayton,Saint Joseph's,236,2,6:04,364,364,Rasheer Fleming missed Three Point Jumper.,away,60,54,6,11,FALSE,FALSE,0.8925809448735406,0.8488417350827672,4,-1,4.5,142.5,Mike Roberts/Lamar Simpson/Brent Hampton,"Dayton, OH",UD Arena,NA,13407,NA,NA,Saint Joseph's,missed,Rasheer Fleming,NA,TRUE,FALSE,Saint Joseph's,Saint Joseph's,FALSE
401724386,2025-01-24,Dayton,Saint Joseph's,237,2,6:00,360,360,Anthony Finkley Offensive Rebound.,away,60,54,6,4,FALSE,FALSE,0.8933918440842696,0.8501419746810935,4,-1,4.5,142.5,Mike Roberts/Lamar Simpson/Brent Hampton,"Dayton, OH",UD Arena,NA,13407,NA,NA,NA,NA,NA,NA,NA,NA,Saint Joseph's,Saint Joseph's,FALSE
401724386,2025-01-24,Dayton,Saint Joseph's,238,2,5:59,359,359,Foul on Malachi Smith.,home,60,54,6,1,FALSE,TRUE,0.8935985716635995,0.8504724424714373,4,-1,4.5,142.5,Mike Roberts/Lamar Simpson/Brent Hampton,"Dayton, OH",UD Arena,NA,13407,NA,NA,NA,NA,NA,NA,NA,NA,Saint Joseph's,Saint Joseph's,FALSE
401724386,2025-01-24,Dayton,Saint Joseph's,239,2,5:55,355,355,Anthony Finkley missed Three Point Jumper.,away,60,54,6,4,FALSE,FALSE,0.8944429234490564,0.8518178021317978,4,-1,4.5,142.5,Mike Roberts/Lamar Simpson/Brent Hampton,"Dayton, OH",UD Arena,NA,13407,NA,NA,Saint Joseph's,missed,Anthony Finkley,NA,TRUE,FALSE,Saint Joseph's,Dayton,FALSE
401724386,2025-01-24,Dayton,Saint Joseph's,240,2,5:52,352,352,Amael L'Etang Defensive Rebound.,home,60,54,6,3,FALSE,FALSE,0.8950957952022317,0.852853160708915,4,-1,4.5,142.5,Mike Roberts/Lamar Simpson/Brent Hampton,"Dayton, OH",UD Arena,NA,13407,NA,NA,NA,NA,NA,NA,NA,NA,Saint Joseph's,Dayton,FALSE
401724386,2025-01-24,Dayton,Saint Joseph's,241,2,5:29,329,329,Foul on Amael L'Etang.,home,60,54,6,23,FALSE,TRUE,0.9007850532146419,0.8617022441520884,4,-1,4.5,142.5,Mike Roberts/Lamar Simpson/Brent Hampton,"Dayton, OH",UD Arena,NA,13407,NA,NA,NA,NA,NA,NA,NA,NA,Dayton,Saint Joseph's,FALSE
401724386,2025-01-24,Dayton,Saint Joseph's,242,2,5:29,329,329,Amael L'Etang Turnover.,home,60,54,6,0,FALSE,FALSE,0.9007850532146419,0.8617022441520884,4,-1,4.5,142.5,Mike Roberts/Lamar Simpson/Brent Hampton,"Dayton, OH",UD Arena,NA,13407,NA,NA,NA,NA,NA,NA,NA,NA,Dayton,Saint Joseph's,FALSE
401724386,2025-01-24,Dayton,Saint Joseph's,243,2,5:08,308,308,Derek Simpson missed Three Point Jumper.,away,60,54,6,21,FALSE,FALSE,0.9072275897655173,0.8714274506502542,4,-1,4.5,142.5,Mike Roberts/Lamar Simpson/Brent Hampton,"Dayton, OH",UD Arena,NA,13407,NA,NA,Saint Joseph's,missed,Derek Simpson,NA,TRUE,FALSE,Saint Joseph's,Dayton,FALSE
401724386,2025-01-24,Dayton,Saint Joseph's,244,2,5:05,305,305,Amael L'Etang Defensive Rebound.,home,60,54,6,3,FALSE,FALSE,0.9080037436147669,0.8726201393681625,4,-1,4.5,142.5,Mike Roberts/Lamar Simpson/Brent Hampton,"Dayton, OH",UD Arena,NA,13407,NA,NA,NA,NA,NA,NA,NA,NA,Saint Joseph's,Dayton,FALSE
401724386,2025-01-24,Dayton,Saint Joseph's,245,2,4:58,298,298,Foul on Anthony Finkley.,away,60,54,6,7,FALSE,TRUE,0.9091352297911405,0.8744909793795292,4,-1,4.5,142.5,Mike Roberts/Lamar Simpson/Brent Hampton,"Dayton, OH",UD Arena,NA,13407,NA,NA,NA,NA,NA,NA,NA,NA,Dayton,Dayton,FALSE
401724386,2025-01-24,Dayton,Saint Joseph's,246,2,4:58,298,298,Malachi Smith made Free Throw.,home,61,54,7,0,TRUE,FALSE,0.9325581364826606,0.9059202459402912,4,-1,4.5,142.5,Mike Roberts/Lamar Simpson/Brent Hampton,"Dayton, OH",UD Arena,NA,13407,NA,NA,Dayton,made,Malachi Smith,NA,FALSE,TRUE,Dayton,Dayton,FALSE
401724386,2025-01-24,Dayton,Saint Joseph's,247,2,4:58,298,298,Malachi Smith made Free Throw.,home,62,54,8,0,TRUE,FALSE,0.9502733940910095,0.930108191516555,4,-1,4.5,142.5,Mike Roberts/Lamar Simpson/Brent Hampton,"Dayton, OH",UD Arena,NA,13407,NA,NA,Dayton,made,Malachi Smith,NA,FALSE,TRUE,Dayton,Saint Joseph's,FALSE
401724386,2025-01-24,Dayton,Saint Joseph's,248,2,4:43,283,283,Rasheer Fleming missed Layup.,away,62,54,8,15,FALSE,FALSE,0.9503279638288329,0.9306399840810533,4,-1,4.5,142.5,Mike Roberts/Lamar Simpson/Brent Hampton,"Dayton, OH",UD Arena,NA,13407,NA,NA,Saint Joseph's,missed,Rasheer Fleming,NA,FALSE,FALSE,Saint Joseph's,Saint Joseph's,FALSE
401724386,2025-01-24,Dayton,Saint Joseph's,249,2,4:41,281,281,Anthony Finkley Offensive Rebound.,away,62,54,8,2,FALSE,FALSE,0.9501867934628471,0.9305077599610055,4,-1,4.5,142.5,Mike Roberts/Lamar Simpson/Brent Hampton,"Dayton, OH",UD Arena,NA,13407,NA,NA,NA,NA,NA,NA,NA,NA,Saint Joseph's,Saint Joseph's,FALSE
401724386,2025-01-24,Dayton,Saint Joseph's,250,2,4:37,277,277,Erik Reynolds II missed Jumper.,away,62,54,8,4,FALSE,FALSE,0.9498269761855236,0.9301386920873758,4,-1,4.5,142.5,Mike Roberts/Lamar Simpson/Brent Hampton,"Dayton, OH",UD Arena,NA,13407,NA,NA,Saint Joseph's,missed,Erik Reynolds II,NA,FALSE,FALSE,Saint Joseph's,Dayton,FALSE
401724386,2025-01-24,Dayton,Saint Joseph's,251,2,4:34,274,274,Malachi Smith Defensive Rebound.,home,62,54,8,3,FALSE,FALSE,0.9494993136336172,0.9297844269063885,4,-1,4.5,142.5,Mike Roberts/Lamar Simpson/Brent Hampton,"Dayton, OH",UD Arena,NA,13407,NA,NA,NA,NA,NA,NA,NA,NA,Saint Joseph's,Dayton,FALSE
401724386,2025-01-24,Dayton,Saint Joseph's,252,2,4:10,250,250,Amael L'Etang missed Three Point Jumper.,home,62,54,8,24,FALSE,FALSE,0.9462115340506073,0.9261083525077062,4,-1,4.5,142.5,Mike Roberts/Lamar Simpson/Brent Hampton,"Dayton, OH",UD Arena,NA,13407,NA,NA,Dayton,missed,Amael L'Etang,NA,TRUE,FALSE,Dayton,Saint Joseph's,FALSE
401724386,2025-01-24,Dayton,Saint Joseph's,253,2,4:06,246,246,Erik Reynolds II Defensive Rebound.,away,62,54,8,4,FALSE,FALSE,0.9457575951884789,0.9256348706145651,4,-1,4.5,142.5,Mike Roberts/Lamar Simpson/Brent Hampton,"Dayton, OH",UD Arena,NA,13407,NA,NA,NA,NA,NA,NA,NA,NA,Dayton,Saint Joseph's,FALSE
401724386,2025-01-24,Dayton,Saint Joseph's,254,2,3:50,230,230,Foul on Amael L'Etang.,home,62,54,8,16,FALSE,TRUE,0.9451345671426435,0.92536715611317,4,-1,4.5,142.5,Mike Roberts/Lamar Simpson/Brent Hampton,"Dayton, OH",UD Arena,NA,13407,NA,NA,NA,NA,NA,NA,NA,NA,Saint Joseph's,Saint Joseph's,FALSE
401724386,2025-01-24,Dayton,Saint Joseph's,255,2,3:50,230,230, Official TV Timeout,NA,62,54,8,0,FALSE,FALSE,0.9451345671426435,0.92536715611317,4,-2,4.5,142.5,Mike Roberts/Lamar Simpson/Brent Hampton,"Dayton, OH",UD Arena,NA,13407,NA,NA,NA,NA,NA,NA,NA,NA,Saint Joseph's,Saint Joseph's,FALSE
401724386,2025-01-24,Dayton,Saint Joseph's,256,2,3:50,230,230,Dasear Haskins made Free Throw.,away,62,55,7,0,TRUE,FALSE,0.9263373483237076,0.9005104063934649,4,-2,4.5,142.5,Mike Roberts/Lamar Simpson/Brent Hampton,"Dayton, OH",UD Arena,NA,13407,NA,NA,Saint Joseph's,made,Dasear Haskins,NA,FALSE,TRUE,Saint Joseph's,Saint Joseph's,FALSE
401724386,2025-01-24,Dayton,Saint Joseph's,257,2,3:50,230,230,Dasear Haskins made Free Throw.,away,62,56,6,0,TRUE,FALSE,0.9017694239344934,0.8685510078023324,4,-2,4.5,142.5,Mike Roberts/Lamar Simpson/Brent Hampton,"Dayton, OH",UD Arena,NA,13407,NA,NA,Saint Joseph's,made,Dasear Haskins,NA,FALSE,TRUE,Saint Joseph's,Dayton,FALSE
401724386,2025-01-24,Dayton,Saint Joseph's,258,2,3:20,200,200,Javon Bennett made Jumper.,home,64,56,8,30,TRUE,FALSE,0.9529790834498544,0.936852761046804,4,-2,4.5,142.5,Mike Roberts/Lamar Simpson/Brent Hampton,"Dayton, OH",UD Arena,NA,13407,NA,NA,Dayton,made,Javon Bennett,NA,FALSE,FALSE,Dayton,Saint Joseph's,FALSE
401724386,2025-01-24,Dayton,Saint Joseph's,259,2,3:07,187,187,Erik Reynolds II made Layup.,away,64,58,6,13,TRUE,FALSE,0.9220235149098025,0.8971861345276805,4,-2,4.5,142.5,Mike Roberts/Lamar Simpson/Brent Hampton,"Dayton, OH",UD Arena,NA,13407,NA,NA,Saint Joseph's,made,Erik Reynolds II,NA,FALSE,FALSE,Saint Joseph's,Dayton,FALSE
401724386,2025-01-24,Dayton,Saint Joseph's,260,2,2:43,163,163,Foul on Rasheer Fleming.,away,64,58,6,24,FALSE,TRUE,0.940805962578003,0.9225721653614386,4,-2,4.5,142.5,Mike Roberts/Lamar Simpson/Brent Hampton,"Dayton, OH",UD Arena,NA,13407,NA,NA,NA,NA,NA,NA,NA,NA,Dayton,Dayton,FALSE
401724386,2025-01-24,Dayton,Saint Joseph's,261,2,2:43,163,163,Malachi Smith made Free Throw.,home,65,58,7,0,TRUE,FALSE,0.9600319421137111,0.9473892285463469,4,-2,4.5,142.5,Mike Roberts/Lamar Simpson/Brent Hampton,"Dayton, OH",UD Arena,NA,13407,NA,NA,Dayton,made,Malachi Smith,NA,FALSE,TRUE,Dayton,Dayton,FALSE
401724386,2025-01-24,Dayton,Saint Joseph's,262,2,2:43,163,163,Malachi Smith made Free Throw.,home,66,58,8,0,TRUE,FALSE,0.9731913428522795,0.964557542292233,4,-2,4.5,142.5,Mike Roberts/Lamar Simpson/Brent Hampton,"Dayton, OH",UD Arena,NA,13407,NA,NA,Dayton,made,Malachi Smith,NA,FALSE,TRUE,Dayton,Dayton,FALSE
401724386,2025-01-24,Dayton,Saint Joseph's,263,2,2:43,163,163,Dayton  Timeout,home,66,58,8,0,FALSE,FALSE,0.9731913428522795,0.964557542292233,4,-3,4.5,142.5,Mike Roberts/Lamar Simpson/Brent Hampton,"Dayton, OH",UD Arena,NA,13407,NA,NA,NA,NA,NA,NA,NA,NA,Dayton,Dayton,FALSE
401724386,2025-01-24,Dayton,Saint Joseph's,264,2,2:43,163,163, Official TV Timeout,NA,66,58,8,0,FALSE,FALSE,0.9731913428522795,0.964557542292233,4,-4,4.5,142.5,Mike Roberts/Lamar Simpson/Brent Hampton,"Dayton, OH",UD Arena,NA,13407,NA,NA,NA,NA,NA,NA,NA,NA,Dayton,Saint Joseph's,FALSE
401724386,2025-01-24,Dayton,Saint Joseph's,265,2,2:25,145,145,Erik Reynolds II made Jumper.,away,66,60,6,18,TRUE,FALSE,0.9533521469503675,0.9394362955866645,4,-4,4.5,142.5,Mike Roberts/Lamar Simpson/Brent Hampton,"Dayton, OH",UD Arena,NA,13407,NA,NA,Saint Joseph's,made,Erik Reynolds II,NA,FALSE,FALSE,Saint Joseph's,Dayton,FALSE
401724386,2025-01-24,Dayton,Saint Joseph's,266,2,2:09,129,129,Amael L'Etang made Dunk. Assisted by Jacob Conner.,home,68,60,8,16,TRUE,FALSE,0.9863790208473123,0.9823301281961674,4,-4,4.5,142.5,Mike Roberts/Lamar Simpson/Brent Hampton,"Dayton, OH",UD Arena,NA,13407,NA,NA,Dayton,made,Amael L'Etang,Jacob Conner,FALSE,FALSE,Dayton,Saint Joseph's,FALSE
401724386,2025-01-24,Dayton,Saint Joseph's,267,2,1:50,110,110,Rasheer Fleming made Layup. Assisted by Erik Reynolds II.,away,68,62,6,19,TRUE,FALSE,0.9746720026275266,0.96770505083007,4,-4,4.5,142.5,Mike Roberts/Lamar Simpson/Brent Hampton,"Dayton, OH",UD Arena,NA,13407,NA,NA,Saint Joseph's,made,Rasheer Fleming,Erik Reynolds II,FALSE,FALSE,Saint Joseph's,Dayton,FALSE
401724386,2025-01-24,Dayton,Saint Joseph's,268,2,1:42,102,102,Foul on Dasear Haskins.,away,68,62,6,8,FALSE,TRUE,0.9787930412832396,0.9730910954276167,4,-4,4.5,142.5,Mike Roberts/Lamar Simpson/Brent Hampton,"Dayton, OH",UD Arena,NA,13407,NA,NA,NA,NA,NA,NA,NA,NA,Dayton,Dayton,FALSE
401724386,2025-01-24,Dayton,Saint Joseph's,269,2,1:42,102,102,Javon Bennett made Free Throw.,home,69,62,7,0,TRUE,FALSE,0.9882257271983494,0.9850211491840543,4,-4,4.5,142.5,Mike Roberts/Lamar Simpson/Brent Hampton,"Dayton, OH",UD Arena,NA,13407,NA,NA,Dayton,made,Javon Bennett,NA,FALSE,TRUE,Dayton,Dayton,FALSE
401724386,2025-01-24,Dayton,Saint Joseph's,270,2,1:41,101,101,Javon Bennett missed Free Throw.,home,69,62,7,1,FALSE,FALSE,0.9885471997312599,0.9854401022550682,4,-4,4.5,142.5,Mike Roberts/Lamar Simpson/Brent Hampton,"Dayton, OH",UD Arena,NA,13407,NA,NA,Dayton,missed,Javon Bennett,NA,FALSE,TRUE,Dayton,Saint Joseph's,FALSE
401724386,2025-01-24,Dayton,Saint Joseph's,271,2,1:40,100,100,Rasheer Fleming Defensive Rebound.,away,69,62,7,1,FALSE,FALSE,0.9888634659237984,0.9858519351230107,4,-4,4.5,142.5,Mike Roberts/Lamar Simpson/Brent Hampton,"Dayton, OH",UD Arena,NA,13407,NA,NA,NA,NA,NA,NA,NA,NA,Dayton,Saint Joseph's,FALSE
401724386,2025-01-24,Dayton,Saint Joseph's,272,2,1:31,91,91,Erik Reynolds II made Three Point Jumper. Assisted by Xzayvier Brown.,away,69,65,4,9,TRUE,FALSE,0.943598937779196,0.9296942592121497,4,-4,4.5,142.5,Mike Roberts/Lamar Simpson/Brent Hampton,"Dayton, OH",UD Arena,NA,13407,NA,NA,Saint Joseph's,made,Erik Reynolds II,Xzayvier Brown,TRUE,FALSE,Saint Joseph's,Dayton,FALSE
401724386,2025-01-24,Dayton,Saint Joseph's,273,2,1:20,80,80,Dayton  Timeout,home,69,65,4,11,FALSE,FALSE,0.9529779335566738,0.9417343372339427,4,-5,4.5,142.5,Mike Roberts/Lamar Simpson/Brent Hampton,"Dayton, OH",UD Arena,NA,13407,NA,NA,NA,NA,NA,NA,NA,NA,Dayton,Dayton,FALSE
401724386,2025-01-24,Dayton,Saint Joseph's,274,2,1:01,61,61,Malachi Smith made Layup.,home,71,65,6,19,TRUE,FALSE,0.9930274219015953,0.9914100405717468,4,-5,4.5,142.5,Mike Roberts/Lamar Simpson/Brent Hampton,"Dayton, OH",UD Arena,NA,13407,NA,NA,Dayton,made,Malachi Smith,NA,FALSE,FALSE,Dayton,Saint Joseph's,FALSE
401724386,2025-01-24,Dayton,Saint Joseph's,275,2,0:49,49,49,Xzayvier Brown missed Layup.,away,71,65,6,12,FALSE,FALSE,0.9952433217902978,0.9941976370863973,4,-5,4.5,142.5,Mike Roberts/Lamar Simpson/Brent Hampton,"Dayton, OH",UD Arena,NA,13407,NA,NA,Saint Joseph's,missed,Xzayvier Brown,NA,FALSE,FALSE,Saint Joseph's,Dayton,FALSE
401724386,2025-01-24,Dayton,Saint Joseph's,276,2,0:47,47,47,Amael L'Etang Defensive Rebound.,home,71,65,6,2,FALSE,FALSE,0.9955491968446699,0.9945799601842901,4,-5,4.5,142.5,Mike Roberts/Lamar Simpson/Brent Hampton,"Dayton, OH",UD Arena,NA,13407,NA,NA,NA,NA,NA,NA,NA,NA,Saint Joseph's,Dayton,FALSE
401724386,2025-01-24,Dayton,Saint Joseph's,277,2,0:45,45,45,Amael L'Etang Turnover.,home,71,65,6,2,FALSE,FALSE,0.9958390835096416,0.9949416357625688,4,-5,4.5,142.5,Mike Roberts/Lamar Simpson/Brent Hampton,"Dayton, OH",UD Arena,NA,13407,NA,NA,NA,NA,NA,NA,NA,NA,Dayton,Saint Joseph's,FALSE
401724386,2025-01-24,Dayton,Saint Joseph's,278,2,0:45,45,45,Anthony Finkley Steal.,away,71,65,6,0,FALSE,FALSE,0.9958390835096416,0.9949416357625688,4,-5,4.5,142.5,Mike Roberts/Lamar Simpson/Brent Hampton,"Dayton, OH",UD Arena,NA,13407,NA,NA,NA,NA,NA,NA,NA,NA,Dayton,Saint Joseph's,FALSE
401724386,2025-01-24,Dayton,Saint Joseph's,279,2,0:43,43,43,Rasheer Fleming made Layup.,away,71,67,4,2,TRUE,FALSE,0.9772991429852814,0.9725611464308713,4,-5,4.5,142.5,Mike Roberts/Lamar Simpson/Brent Hampton,"Dayton, OH",UD Arena,NA,13407,NA,NA,Saint Joseph's,made,Rasheer Fleming,NA,FALSE,FALSE,Saint Joseph's,Dayton,FALSE
401724386,2025-01-24,Dayton,Saint Joseph's,280,2,0:24,24,24,Amael L'Etang made Layup. Assisted by Malachi Smith.,home,73,67,6,19,TRUE,FALSE,0.9980426412595582,0.9976645342996981,4,-5,4.5,142.5,Mike Roberts/Lamar Simpson/Brent Hampton,"Dayton, OH",UD Arena,NA,13407,NA,NA,Dayton,made,Amael L'Etang,Malachi Smith,FALSE,FALSE,Dayton,Saint Joseph's,FALSE
401724386,2025-01-24,Dayton,Saint Joseph's,281,2,0:24,24,24,Foul on Anthony Finkley.,away,73,67,6,0,FALSE,TRUE,0.9980426412595582,0.9976645342996981,4,-5,4.5,142.5,Mike Roberts/Lamar Simpson/Brent Hampton,"Dayton, OH",UD Arena,NA,13407,NA,NA,NA,NA,NA,NA,NA,NA,Dayton,Saint Joseph's,FALSE
401724386,2025-01-24,Dayton,Saint Joseph's,282,2,0:23,23,23,Amael L'Etang missed Free Throw.,home,73,67,6,1,FALSE,FALSE,0.9981149124579155,0.9977528309469768,4,-5,4.5,142.5,Mike Roberts/Lamar Simpson/Brent Hampton,"Dayton, OH",UD Arena,NA,13407,NA,NA,Dayton,missed,Amael L'Etang,NA,FALSE,TRUE,Dayton,Saint Joseph's,FALSE
401724386,2025-01-24,Dayton,Saint Joseph's,283,2,0:22,22,22,Rasheer Fleming Defensive Rebound.,away,73,67,6,1,FALSE,FALSE,0.9981849251025076,0.9978382836910995,4,-5,4.5,142.5,Mike Roberts/Lamar Simpson/Brent Hampton,"Dayton, OH",UD Arena,NA,13407,NA,NA,NA,NA,NA,NA,NA,NA,Dayton,Saint Joseph's,FALSE
401724386,2025-01-24,Dayton,Saint Joseph's,284,2,0:17,17,17,Xzayvier Brown made Three Point Jumper. Assisted by Rasheer Fleming.,away,73,70,3,5,TRUE,FALSE,0.9656844732343911,0.9595672512616573,4,-5,4.5,142.5,Mike Roberts/Lamar Simpson/Brent Hampton,"Dayton, OH",UD Arena,NA,13407,NA,NA,Saint Joseph's,made,Xzayvier Brown,Rasheer Fleming,TRUE,FALSE,Saint Joseph's,Dayton,FALSE
401724386,2025-01-24,Dayton,Saint Joseph's,285,2,0:17,17,17,Saint Joseph's  Timeout,away,73,70,3,0,FALSE,FALSE,0.9656844732343911,0.9595672512616573,3,-5,4.5,142.5,Mike Roberts/Lamar Simpson/Brent Hampton,"Dayton, OH",UD Arena,NA,13407,NA,NA,NA,NA,NA,NA,NA,NA,Saint Joseph's,Dayton,FALSE
401724386,2025-01-24,Dayton,Saint Joseph's,286,2,0:15,15,15,Foul on Dasear Haskins.,away,73,70,3,2,FALSE,TRUE,0.9669507240531543,0.9611215313636329,3,-5,4.5,142.5,Mike Roberts/Lamar Simpson/Brent Hampton,"Dayton, OH",UD Arena,NA,13407,NA,NA,NA,NA,NA,NA,NA,NA,Dayton,Dayton,FALSE
401724386,2025-01-24,Dayton,Saint Joseph's,287,2,0:15,15,15,Javon Bennett made Free Throw.,home,74,70,4,0,TRUE,FALSE,0.9884032739950116,0.9863042642120009,3,-5,4.5,142.5,Mike Roberts/Lamar Simpson/Brent Hampton,"Dayton, OH",UD Arena,NA,13407,NA,NA,Dayton,made,Javon Bennett,NA,FALSE,TRUE,Dayton,Dayton,FALSE
401724386,2025-01-24,Dayton,Saint Joseph's,288,2,0:15,15,15,Javon Bennett made Free Throw.,home,75,70,5,0,TRUE,FALSE,0.9959885702583188,0.9952559108828367,3,-5,4.5,142.5,Mike Roberts/Lamar Simpson/Brent Hampton,"Dayton, OH",UD Arena,NA,13407,NA,NA,Dayton,made,Javon Bennett,NA,FALSE,TRUE,Dayton,Saint Joseph's,FALSE
401724386,2025-01-24,Dayton,Saint Joseph's,289,2,0:08,8,8,Derek Simpson made Layup.,away,75,72,3,7,TRUE,FALSE,0.9711446214929842,0.9662502423978945,3,-5,4.5,142.5,Mike Roberts/Lamar Simpson/Brent Hampton,"Dayton, OH",UD Arena,NA,13407,NA,NA,Saint Joseph's,made,Derek Simpson,NA,FALSE,FALSE,Saint Joseph's,Dayton,FALSE
401724386,2025-01-24,Dayton,Saint Joseph's,290,2,0:08,8,8,Saint Joseph's  Timeout,away,75,72,3,0,FALSE,FALSE,0.9711446214929842,0.9662502423978945,2,-5,4.5,142.5,Mike Roberts/Lamar Simpson/Brent Hampton,"Dayton, OH",UD Arena,NA,13407,NA,NA,NA,NA,NA,NA,NA,NA,Saint Joseph's,Dayton,FALSE
401724386,2025-01-24,Dayton,Saint Joseph's,291,2,0:05,5,5,Foul on Anthony Finkley.,away,75,72,3,3,FALSE,TRUE,0.9728211502402807,0.9682918755267151,2,-5,4.5,142.5,Mike Roberts/Lamar Simpson/Brent Hampton,"Dayton, OH",UD Arena,NA,13407,NA,NA,NA,NA,NA,NA,NA,NA,Dayton,Dayton,FALSE
401724386,2025-01-24,Dayton,Saint Joseph's,292,2,0:05,5,5,Malachi Smith made Free Throw.,home,76,72,4,0,TRUE,FALSE,0.9911409279351008,0.989632052843119,2,-5,4.5,142.5,Mike Roberts/Lamar Simpson/Brent Hampton,"Dayton, OH",UD Arena,NA,13407,NA,NA,Dayton,made,Malachi Smith,NA,FALSE,TRUE,Dayton,Dayton,FALSE
401724386,2025-01-24,Dayton,Saint Joseph's,293,2,0:05,5,5,Malachi Smith made Free Throw.,home,77,72,5,0,TRUE,FALSE,0.9971485389929243,0.99665943014498,2,-5,4.5,142.5,Mike Roberts/Lamar Simpson/Brent Hampton,"Dayton, OH",UD Arena,NA,13407,NA,NA,Dayton,made,Malachi Smith,NA,FALSE,TRUE,Dayton,NA,FALSE
401724386,2025-01-24,Dayton,Saint Joseph's,294,2,0:00,0,0,End of 2nd half,NA,77,72,5,5,FALSE,FALSE,1,1,2,-5,4.5,142.5,Mike Roberts/Lamar Simpson/Brent Hampton,"Dayton, OH",UD Arena,NA,13407,NA,NA,NA,NA,NA,NA,NA,NA,Dayton,NA,FALSE
401724386,2025-01-24,Dayton,Saint Joseph's,295,2,0:00,0,0,End of Game,NA,77,72,5,0,FALSE,FALSE,1,1,2,-5,4.5,142.5,Mike Roberts/Lamar Simpson/Brent Hampton,"Dayton, OH",UD Arena,NA,13407,NA,NA,NA,NA,NA,NA,NA,NA,Dayton,NA,FALSE
