game_id,date,home,away,play_id,half,time_remaining_half,secs_remaining,secs_remaining_absolute,description,home_score,away_score,score_diff,play_length,win_prob,naive_win_prob,home_time_out_remaining,away_time_out_remaining,home_favored_by,shot_x,shot_y,shot_team,shot_outcome,shooter,assist,three_pt,free_throw,possession_before,possession_after
401087130,2019-02-02,Utah,Oregon State,1,1,20:00:00,2400,2400,PLAY,0,0,0,0,0.6180531678584243,0.5,4,4,3,NA,NA,NA,NA,NA,NA,NA,NA,NA,Utah
401087130,2019-02-02,Utah,Oregon State,2,1,19:33:00,2373,2373,Parker Van Dyke missed Three Point Jumper.,0,0,0,27,0.6177438734842502,0.5,4,4,3,NA,NA,Utah,missed,Parker Van Dyke,NA,TRUE,FALSE,Utah,Oregon State
401087130,2019-02-02,Utah,Oregon State,3,1,19:30:00,2370,2370,Oregon State Defensive Rebound.,0,0,0,3,0.6177088821129323,0.5,4,4,3,NA,NA,NA,NA,NA,NA,NA,NA,Utah,Oregon State
401087130,2019-02-02,Utah,Oregon State,4,1,19:16:00,2356,2356,Zach Reichle missed Three Point Jumper.,0,0,0,14,0.6175439010563721,0.5,4,4,3,NA,NA,Oregon State,missed,Zach Reichle,NA,TRUE,FALSE,Oregon State,Utah
401087130,2019-02-02,Utah,Oregon State,5,1,19:13:00,2353,2353,Timmy Allen Defensive Rebound.,0,0,0,3,0.6175081829129443,0.5,4,4,3,NA,NA,NA,NA,NA,NA,NA,NA,Oregon State,Utah
401087130,2019-02-02,Utah,Oregon State,6,1,19:08:00,2348,2348,Timmy Allen made Layup.,2,0,2,5,0.6592066495616008,0.5451340534009399,4,4,3,NA,NA,Utah,made,Timmy Allen,NA,FALSE,FALSE,Utah,Oregon State
401087130,2019-02-02,Utah,Oregon State,7,1,18:47:00,2327,2327,Ethan Thompson made Layup.,2,2,0,21,0.6171931220123081,0.5,4,4,3,NA,NA,Oregon State,made,Ethan Thompson,NA,FALSE,FALSE,Oregon State,Utah
401087130,2019-02-02,Utah,Oregon State,8,1,18:22:00,2302,2302,Jayce Johnson made Layup.,4,2,2,25,0.6595810366861736,0.5461430170165493,4,4,3,NA,NA,Utah,made,Jayce Johnson,NA,FALSE,FALSE,Utah,Oregon State
401087130,2019-02-02,Utah,Oregon State,9,1,17:51:00,2271,2271,Zach Reichle made Three Point Jumper. Assisted by Ethan Thompson.,4,5,-1,31,0.5940386145943488,0.4765305907094315,4,4,3,NA,NA,Oregon State,made,Zach Reichle,Ethan Thompson,TRUE,FALSE,Oregon State,Utah
401087130,2019-02-02,Utah,Oregon State,10,1,17:37:00,2257,2257,Foul on Ethan Thompson.,4,5,-1,14,0.5936951920028071,0.4763717224493263,4,4,3,NA,NA,NA,NA,NA,NA,NA,NA,Utah,Utah
401087130,2019-02-02,Utah,Oregon State,11,1,17:37:00,2257,2257,Sedrick Barefield made Free Throw.,5,5,0,0,0.6162936400613934,0.5,4,4,3,NA,NA,Utah,made,Sedrick Barefield,NA,FALSE,TRUE,Utah,Utah
401087130,2019-02-02,Utah,Oregon State,12,1,17:37:00,2257,2257,Sedrick Barefield missed Free Throw.,5,5,0,0,0.6162936400613934,0.5,4,4,3,NA,NA,Utah,missed,Sedrick Barefield,NA,FALSE,TRUE,Utah,Utah
401087130,2019-02-02,Utah,Oregon State,13,1,17:37:00,2257,2257,Utah Deadball Team Rebound.,5,5,0,0,0.6162936400613934,0.5,4,4,3,NA,NA,NA,NA,NA,NA,NA,NA,Utah,Utah
401087130,2019-02-02,Utah,Oregon State,14,1,17:37:00,2257,2257,Sedrick Barefield made Free Throw.,6,5,1,0,0.6384007174574272,0.5236282775506736,4,4,3,NA,NA,Utah,made,Sedrick Barefield,NA,FALSE,TRUE,Utah,Oregon State
401087130,2019-02-02,Utah,Oregon State,15,1,17:24:00,2244,2244,Kylor Kelley missed Jumper.,6,5,1,13,0.6383664417501667,0.523776517028738,4,4,3,NA,NA,Oregon State,missed,Kylor Kelley,NA,FALSE,FALSE,Oregon State,Utah
401087130,2019-02-02,Utah,Oregon State,16,1,17:21:00,2241,2241,Jayce Johnson Defensive Rebound.,6,5,1,3,0.6383582342663168,0.5238108181357399,4,4,3,NA,NA,NA,NA,NA,NA,NA,NA,Oregon State,Utah
401087130,2019-02-02,Utah,Oregon State,17,1,17:17:00,2237,2237,Sedrick Barefield Turnover.,6,5,1,4,0.6383471132575083,0.523856604151645,4,4,3,NA,NA,NA,NA,NA,NA,NA,NA,Utah,Oregon State
401087130,2019-02-02,Utah,Oregon State,18,1,17:17:00,2237,2237,Ethan Thompson Steal.,6,5,1,0,0.6383471132575083,0.523856604151645,4,4,3,NA,NA,NA,NA,NA,NA,NA,NA,Utah,Oregon State
401087130,2019-02-02,Utah,Oregon State,19,1,17:12:00,2232,2232,Ethan Thompson missed Three Point Jumper.,6,5,1,5,0.6383329225198983,0.5239139165975408,4,4,3,NA,NA,Oregon State,missed,Ethan Thompson,NA,TRUE,FALSE,Oregon State,Utah
401087130,2019-02-02,Utah,Oregon State,20,1,17:08:00,2228,2228,Jayce Johnson Defensive Rebound.,6,5,1,4,0.6383213349749924,0.5239598284409085,4,4,3,NA,NA,NA,NA,NA,NA,NA,NA,Oregon State,Utah
401087130,2019-02-02,Utah,Oregon State,21,1,17:07:00,2227,2227,Jayce Johnson Turnover.,6,5,1,1,0.6383184050956969,0.5239713147776629,4,4,3,NA,NA,NA,NA,NA,NA,NA,NA,Utah,Oregon State
401087130,2019-02-02,Utah,Oregon State,22,1,17:07:00,2227,2227,Zach Reichle Steal.,6,5,1,0,0.6383184050956969,0.5239713147776629,4,4,3,NA,NA,NA,NA,NA,NA,NA,NA,Utah,Oregon State
401087130,2019-02-02,Utah,Oregon State,23,1,16:54:00,2214,2214,Tres Tinkle missed Three Point Jumper.,6,5,1,13,0.6382790920962256,0.5241209276605919,4,4,3,NA,NA,Oregon State,missed,Tres Tinkle,NA,TRUE,FALSE,Oregon State,Utah
401087130,2019-02-02,Utah,Oregon State,24,1,16:50:00,2210,2210,Jayce Johnson Defensive Rebound.,6,5,1,4,0.6382665294307404,0.5241670655623734,4,4,3,NA,NA,NA,NA,NA,NA,NA,NA,Oregon State,Utah
401087130,2019-02-02,Utah,Oregon State,25,1,16:36:00,2196,2196,Timmy Allen missed Jumper.,6,5,1,14,0.6382207754842162,0.5243288962666488,4,4,3,NA,NA,Utah,missed,Timmy Allen,NA,FALSE,FALSE,Utah,Oregon State
401087130,2019-02-02,Utah,Oregon State,26,1,16:32:00,2192,2192,Stephen Thompson Jr. Defensive Rebound.,6,5,1,4,0.6382071816085114,0.5243752261022162,4,4,3,NA,NA,NA,NA,NA,NA,NA,NA,Utah,Oregon State
401087130,2019-02-02,Utah,Oregon State,27,1,16:24:00,2184,2184,Zach Reichle missed Three Point Jumper.,6,5,1,8,0.6381792807507327,0.5244679981432226,4,4,3,NA,NA,Oregon State,missed,Zach Reichle,NA,TRUE,FALSE,Oregon State,Utah
401087130,2019-02-02,Utah,Oregon State,28,1,16:20:00,2180,2180,Jayce Johnson Defensive Rebound.,6,5,1,4,0.6381649682245807,0.5245144369789915,4,4,3,NA,NA,NA,NA,NA,NA,NA,NA,Oregon State,Utah
401087130,2019-02-02,Utah,Oregon State,29,1,16:19:00,2179,2179,Jayce Johnson Turnover.,6,5,1,1,0.6381613519052821,0.5245260519043405,4,4,3,NA,NA,NA,NA,NA,NA,NA,NA,Utah,Oregon State
401087130,2019-02-02,Utah,Oregon State,30,1,16:19:00,2179,2179,Ethan Thompson Steal.,6,5,1,0,0.6381613519052821,0.5245260519043405,4,4,3,NA,NA,NA,NA,NA,NA,NA,NA,Utah,Oregon State
401087130,2019-02-02,Utah,Oregon State,31,1,16:19:00,2179,2179,Foul on Jayce Johnson.,6,5,1,0,0.6381613519052821,0.5245260519043405,4,4,3,NA,NA,NA,NA,NA,NA,NA,NA,Utah,Oregon State
401087130,2019-02-02,Utah,Oregon State,32,1,16:19:00,2179,2179,Ethan Thompson made Free Throw.,6,6,0,0,0.6151967002620726,0.5,4,4,3,NA,NA,Oregon State,made,Ethan Thompson,NA,FALSE,TRUE,Oregon State,Oregon State
401087130,2019-02-02,Utah,Oregon State,33,1,16:19:00,2179,2179,Ethan Thompson made Free Throw.,6,7,-1,0,0.5917070555622637,0.4754739480956594,4,4,3,NA,NA,Oregon State,made,Ethan Thompson,NA,FALSE,TRUE,Oregon State,Utah
401087130,2019-02-02,Utah,Oregon State,34,1,16:08:00,2168,2168,Timmy Allen missed Layup.,6,7,-1,11,0.5914165535543003,0.47534605158204335,4,4,3,NA,NA,Utah,missed,Timmy Allen,NA,FALSE,FALSE,Utah,Utah
401087130,2019-02-02,Utah,Oregon State,35,1,16:07:00,2167,2167,Jayce Johnson Offensive Rebound.,6,7,-1,1,0.5913900193426891,0.47533440906265767,4,4,3,NA,NA,NA,NA,NA,NA,NA,NA,Utah,Utah
401087130,2019-02-02,Utah,Oregon State,36,1,16:07:00,2167,2167,Foul on Zach Reichle.,6,7,-1,0,0.5913900193426891,0.47533440906265767,4,4,3,NA,NA,NA,NA,NA,NA,NA,NA,Utah,Utah
401087130,2019-02-02,Utah,Oregon State,37,1,16:07:00,2167,2167,Jayce Johnson made Free Throw.,7,7,0,0,0.6150185164585383,0.5,4,4,3,NA,NA,Utah,made,Jayce Johnson,NA,FALSE,TRUE,Utah,Utah
401087130,2019-02-02,Utah,Oregon State,38,1,16:07:00,2167,2167,Jayce Johnson made Free Throw.,8,7,1,0,0.6381167585976583,0.5246655909373422,4,4,3,NA,NA,Utah,made,Jayce Johnson,NA,FALSE,TRUE,Utah,Oregon State
401087130,2019-02-02,Utah,Oregon State,39,1,15:54:00,2154,2154,Foul on Riley Battin.,8,7,1,13,0.638066253124149,0.5248172923310004,4,4,3,NA,NA,NA,NA,NA,NA,NA,NA,Oregon State,Oregon State
401087130,2019-02-02,Utah,Oregon State,40,1,15:54:00,2154,2154,Official TV Timeout,8,7,1,0,0.638066253124149,0.5248172923310004,4,4,3,NA,NA,NA,NA,NA,NA,NA,NA,Oregon State,Oregon State
401087130,2019-02-02,Utah,Oregon State,41,1,15:44:00,2144,2144,Stephen Thompson Jr. missed Layup.,8,7,1,10,0.6380259707918663,0.5249344419963612,4,4,3,NA,NA,Oregon State,missed,Stephen Thompson Jr.,NA,FALSE,FALSE,Oregon State,Oregon State
401087130,2019-02-02,Utah,Oregon State,42,1,15:44:00,2144,2144,Novak Topalovic Block.,8,7,1,0,0.6380259707918663,0.5249344419963612,4,4,3,NA,NA,NA,NA,NA,NA,NA,NA,Oregon State,Oregon State
401087130,2019-02-02,Utah,Oregon State,43,1,15:40:00,2140,2140,Stephen Thompson Jr. Offensive Rebound.,8,7,1,4,0.6380095168488563,0.5249814172567296,4,4,3,NA,NA,NA,NA,NA,NA,NA,NA,Oregon State,Oregon State
401087130,2019-02-02,Utah,Oregon State,44,1,15:39:00,2139,2139,Stephen Thompson Jr. missed Layup.,8,7,1,1,0.6380053732948956,0.5249931715880842,4,4,3,NA,NA,Oregon State,missed,Stephen Thompson Jr.,NA,FALSE,FALSE,Oregon State,Oregon State
401087130,2019-02-02,Utah,Oregon State,45,1,15:39:00,2139,2139,Zach Reichle Offensive Rebound.,8,7,1,0,0.6380053732948956,0.5249931715880842,4,4,3,NA,NA,NA,NA,NA,NA,NA,NA,Oregon State,Oregon State
401087130,2019-02-02,Utah,Oregon State,46,1,15:39:00,2139,2139,Foul on Parker Van Dyke.,8,7,1,0,0.6380053732948956,0.5249931715880842,4,4,3,NA,NA,NA,NA,NA,NA,NA,NA,Oregon State,Oregon State
401087130,2019-02-02,Utah,Oregon State,48,1,14:47:00,2087,2087,Gligorije Rakocevic Defensive Rebound.,8,9,-1,3,0.5891981683391159,0.4743893601322501,4,4,3,NA,NA,NA,NA,NA,NA,NA,NA,Utah,Oregon State
401087130,2019-02-02,Utah,Oregon State,49,1,14:20:00,2060,2060,Tres Tinkle missed Jumper.,8,9,-1,27,0.5884274836416897,0.47406343494236614,4,4,3,NA,NA,Oregon State,missed,Tres Tinkle,NA,FALSE,FALSE,Oregon State,Oregon State
401087130,2019-02-02,Utah,Oregon State,50,1,14:20:00,2060,2060,Oregon State Offensive Rebound.,8,9,-1,0,0.5884274836416897,0.47406343494236614,4,4,3,NA,NA,NA,NA,NA,NA,NA,NA,Oregon State,Oregon State
401087130,2019-02-02,Utah,Oregon State,51,1,14:20:00,2060,2060,Oregon State  Turnover.,8,9,-1,0,0.5884274836416897,0.47406343494236614,4,4,3,NA,NA,NA,NA,NA,NA,NA,NA,Oregon State,Utah
401087130,2019-02-02,Utah,Oregon State,52,1,13:50:00,2030,2030,Donnie Tillman missed Three Point Jumper.,8,9,-1,30,0.5875527651612847,0.4736965041090256,4,4,3,NA,NA,Utah,missed,Donnie Tillman,NA,TRUE,FALSE,Utah,Utah
401087130,2019-02-02,Utah,Oregon State,53,1,13:49:00,2029,2029,Utah Offensive Rebound.,8,9,-1,1,0.587523273565726,0.4736841811083096,4,4,3,NA,NA,NA,NA,NA,NA,NA,NA,Utah,Utah
401087130,2019-02-02,Utah,Oregon State,54,1,13:49:00,2029,2029,Utah  Turnover.,8,9,-1,0,0.587523273565726,0.4736841811083096,4,4,3,NA,NA,NA,NA,NA,NA,NA,NA,Utah,Oregon State
401087130,2019-02-02,Utah,Oregon State,55,1,13:49:00,2029,2029,Ethan Thompson Turnover.,8,9,-1,0,0.587523273565726,0.4736841811083096,4,4,3,NA,NA,NA,NA,NA,NA,NA,NA,Oregon State,Utah
401087130,2019-02-02,Utah,Oregon State,56,1,13:49:00,2029,2029,Parker Van Dyke Steal.,8,9,-1,0,0.587523273565726,0.4736841811083096,4,4,3,NA,NA,NA,NA,NA,NA,NA,NA,Oregon State,Utah
401087130,2019-02-02,Utah,Oregon State,57,1,13:49:00,2029,2029,Parker Van Dyke missed Layup.,8,9,-1,0,0.587523273565726,0.4736841811083096,4,4,3,NA,NA,Utah,missed,Parker Van Dyke,NA,FALSE,FALSE,Utah,Utah
401087130,2019-02-02,Utah,Oregon State,58,1,13:46:00,2026,2026,Timmy Allen Offensive Rebound.,8,9,-1,3,0.587434669207034,0.4736471753455028,4,4,3,NA,NA,NA,NA,NA,NA,NA,NA,Utah,Utah
401087130,2019-02-02,Utah,Oregon State,59,1,13:26:00,2006,2006,Foul on Alfred Hollins.,8,9,-1,20,0.5868390022052415,0.4733990297672635,4,4,3,NA,NA,NA,NA,NA,NA,NA,NA,Utah,Utah
401087130,2019-02-02,Utah,Oregon State,60,1,13:24:00,2004,2004,Timmy Allen made Free Throw.,9,9,0,2,0.6123663638015826,0.5,4,4,3,NA,NA,Utah,made,Timmy Allen,NA,FALSE,TRUE,Utah,Utah
401087130,2019-02-02,Utah,Oregon State,61,1,13:24:00,2004,2004,Timmy Allen missed Free Throw.,9,9,0,0,0.6123663638015826,0.5,4,4,3,NA,NA,Utah,missed,Timmy Allen,NA,FALSE,TRUE,Utah,Oregon State
401087130,2019-02-02,Utah,Oregon State,62,1,13:22:00,2002,2002,Tres Tinkle Defensive Rebound.,9,9,0,2,0.6123312863292296,0.5,4,4,3,NA,NA,NA,NA,NA,NA,NA,NA,Utah,Oregon State
401087130,2019-02-02,Utah,Oregon State,63,1,13:05:00,1985,1985,Tres Tinkle made Jumper.,9,11,-2,17,0.5598947264584359,0.4464260020688232,4,4,3,NA,NA,Oregon State,made,Tres Tinkle,NA,FALSE,FALSE,Oregon State,Utah
401087130,2019-02-02,Utah,Oregon State,64,1,13:05:00,1985,1985,Foul on Both Gach.,9,11,-2,0,0.5598947264584359,0.4464260020688232,4,4,3,NA,NA,NA,NA,NA,NA,NA,NA,Oregon State,Oregon State
401087130,2019-02-02,Utah,Oregon State,65,1,13:05:00,1985,1985,Tres Tinkle made Free Throw.,9,12,-3,0,0.5332443645553944,0.4200221014145045,4,4,3,NA,NA,Oregon State,made,Tres Tinkle,NA,FALSE,TRUE,Oregon State,Utah
401087130,2019-02-02,Utah,Oregon State,66,1,12:50:00,1970,1970,Donnie Tillman Turnover.,9,12,-3,15,0.5323937683603729,0.41946529672286503,4,4,3,NA,NA,NA,NA,NA,NA,NA,NA,Utah,Oregon State
401087130,2019-02-02,Utah,Oregon State,67,1,12:50:00,1970,1970,Stephen Thompson Jr. Steal.,9,12,-3,0,0.5323937683603729,0.41946529672286503,4,4,3,NA,NA,NA,NA,NA,NA,NA,NA,Utah,Oregon State
401087130,2019-02-02,Utah,Oregon State,68,1,12:45:00,1965,1965,Stephen Thompson Jr. missed Three Point Jumper.,9,12,-3,5,0.532108404839242,0.41927870065997547,4,4,3,NA,NA,Oregon State,missed,Stephen Thompson Jr.,NA,TRUE,FALSE,Oregon State,Utah
401087130,2019-02-02,Utah,Oregon State,69,1,12:43:00,1963,1963,Jayce Johnson Defensive Rebound.,9,12,-3,2,0.5319940012036388,0.4192039205336557,4,4,3,NA,NA,NA,NA,NA,NA,NA,NA,Oregon State,Utah
401087130,2019-02-02,Utah,Oregon State,70,1,12:43:00,1963,1963,Foul on Gligorije Rakocevic.,9,12,-3,0,0.5319940012036388,0.4192039205336557,4,4,3,NA,NA,NA,NA,NA,NA,NA,NA,Utah,Utah
401087130,2019-02-02,Utah,Oregon State,71,1,12:30:00,1950,1950,Jayce Johnson missed Layup.,9,12,-3,13,0.5312467577645607,0.4187158447661471,4,4,3,NA,NA,Utah,missed,Jayce Johnson,NA,FALSE,FALSE,Utah,Oregon State
401087130,2019-02-02,Utah,Oregon State,72,1,12:27:00,1947,1947,Gligorije Rakocevic Defensive Rebound.,9,12,-3,3,0.531073420832193,0.41860271145403766,4,4,3,NA,NA,NA,NA,NA,NA,NA,NA,Utah,Oregon State
401087130,2019-02-02,Utah,Oregon State,73,1,12:15:00,1935,1935,Foul on Jayce Johnson.,9,12,-3,12,0.5303766827968851,0.41814826124051974,4,4,3,NA,NA,NA,NA,NA,NA,NA,NA,Oregon State,Oregon State
401087130,2019-02-02,Utah,Oregon State,74,1,12:15:00,1935,1935,Alfred Hollins made Free Throw.,9,13,-4,0,0.5028824728979068,0.3916203714742997,4,4,3,NA,NA,Oregon State,made,Alfred Hollins,NA,FALSE,TRUE,Oregon State,Oregon State
401087130,2019-02-02,Utah,Oregon State,75,1,12:15:00,1935,1935,Alfred Hollins missed Free Throw.,9,13,-4,0,0.5028824728979068,0.3916203714742997,4,4,3,NA,NA,Oregon State,missed,Alfred Hollins,NA,FALSE,TRUE,Oregon State,Utah
401087130,2019-02-02,Utah,Oregon State,76,1,12:14:00,1934,1934,Donnie Tillman Defensive Rebound.,9,13,-4,1,0.5028109326507773,0.3915707418907502,4,4,3,NA,NA,NA,NA,NA,NA,NA,NA,Oregon State,Utah
401087130,2019-02-02,Utah,Oregon State,77,1,11:56:00,1916,1916,Donnie Tillman missed Three Point Jumper.,9,13,-4,18,0.5015187101895343,0.3906764611930018,4,4,3,NA,NA,Utah,missed,Donnie Tillman,NA,TRUE,FALSE,Utah,Utah
401087130,2019-02-02,Utah,Oregon State,78,1,11:54:00,1914,1914,Utah Offensive Rebound.,9,13,-4,2,0.501374835722943,0.3905772542304068,4,4,3,NA,NA,NA,NA,NA,NA,NA,NA,Utah,Utah
401087130,2019-02-02,Utah,Oregon State,79,1,11:54:00,1914,1914,Foul on Antoine Vernon.,9,13,-4,0,0.501374835722943,0.3905772542304068,4,4,3,NA,NA,NA,NA,NA,NA,NA,NA,Utah,Utah
401087130,2019-02-02,Utah,Oregon State,80,1,11:54:00,1914,1914,Official TV Timeout,9,13,-4,0,0.501374835722943,0.3905772542304068,4,4,3,NA,NA,NA,NA,NA,NA,NA,NA,Utah,Utah
401087130,2019-02-02,Utah,Oregon State,81,1,11:38:00,1898,1898,Both Gach missed Three Point Jumper.,9,13,-4,16,0.5002215010110326,0.38978447809260647,4,4,3,NA,NA,Utah,missed,Both Gach,NA,TRUE,FALSE,Utah,Oregon State
401087130,2019-02-02,Utah,Oregon State,82,1,11:33:00,1893,1893,Alfred Hollins Defensive Rebound.,9,13,-4,5,0.49986012790527334,0.3895369370583049,4,4,3,NA,NA,NA,NA,NA,NA,NA,NA,Utah,Oregon State
401087130,2019-02-02,Utah,Oregon State,83,1,11:23:00,1883,1883,Foul on Novak Topalovic.,9,13,-4,10,0.4991358171805915,0.3890419137563819,4,4,3,NA,NA,NA,NA,NA,NA,NA,NA,Oregon State,Oregon State
401087130,2019-02-02,Utah,Oregon State,84,1,11:23:00,1883,1883,Ethan Thompson made Free Throw.,9,14,-5,0,0.4709597074132914,0.36258162894833806,4,4,3,NA,NA,Oregon State,made,Ethan Thompson,NA,FALSE,TRUE,Oregon State,Oregon State
401087130,2019-02-02,Utah,Oregon State,85,1,11:23:00,1883,1883,Ethan Thompson made Free Throw.,9,15,-6,0,0.44296745346527167,0.3369285394156818,4,4,3,NA,NA,Oregon State,made,Ethan Thompson,NA,FALSE,TRUE,Oregon State,Utah
401087130,2019-02-02,Utah,Oregon State,86,1,11:02:00,1862,1862,Parker Van Dyke missed Three Point Jumper.,9,15,-6,21,0.4409191523237343,0.335462498221617,4,4,3,NA,NA,Utah,missed,Parker Van Dyke,NA,TRUE,FALSE,Utah,Oregon State
401087130,2019-02-02,Utah,Oregon State,87,1,10:58:00,1858,1858,Ethan Thompson Defensive Rebound.,9,15,-6,4,0.4405276733715793,0.33518301237618925,4,4,3,NA,NA,NA,NA,NA,NA,NA,NA,Utah,Oregon State
401087130,2019-02-02,Utah,Oregon State,88,1,10:51:00,1851,1851,Stephen Thompson Jr. made Jumper.,9,17,-8,7,0.38442299708526334,0.2857648092917779,4,4,3,NA,NA,Oregon State,made,Stephen Thompson Jr.,NA,FALSE,FALSE,Oregon State,Utah
401087130,2019-02-02,Utah,Oregon State,89,1,10:34:00,1834,1834,Donnie Tillman Turnover.,9,17,-8,17,0.3823944299436676,0.2843097911313756,4,4,3,NA,NA,NA,NA,NA,NA,NA,NA,Utah,Oregon State
401087130,2019-02-02,Utah,Oregon State,90,1,10:34:00,1834,1834,Stephen Thompson Jr. Steal.,9,17,-8,0,0.3823944299436676,0.2843097911313756,4,4,3,NA,NA,NA,NA,NA,NA,NA,NA,Utah,Oregon State
401087130,2019-02-02,Utah,Oregon State,91,1,10:34:00,1834,1834,Foul on Donnie Tillman.,9,17,-8,0,0.3823944299436676,0.2843097911313756,4,4,3,NA,NA,NA,NA,NA,NA,NA,NA,Utah,Oregon State
401087130,2019-02-02,Utah,Oregon State,92,1,10:34:00,1834,1834,Antoine Vernon made Free Throw.,9,18,-9,0,0.35553535448913204,0.2614239194285006,4,4,3,NA,NA,Oregon State,made,Antoine Vernon,NA,FALSE,TRUE,Oregon State,Oregon State
401087130,2019-02-02,Utah,Oregon State,93,1,10:34:00,1834,1834,Antoine Vernon made Free Throw.,9,19,-10,0,0.32955616489654627,0.23976311082625945,4,4,3,NA,NA,Oregon State,made,Antoine Vernon,NA,FALSE,TRUE,Oregon State,Utah
401087130,2019-02-02,Utah,Oregon State,94,1,10:20:00,1820,1820,Riley Battin missed Three Point Jumper.,9,19,-10,14,0.32766050364786464,0.2384184465039811,4,4,3,NA,NA,Utah,missed,Riley Battin,NA,TRUE,FALSE,Utah,Oregon State
401087130,2019-02-02,Utah,Oregon State,95,1,10:16:00,1816,1816,Ethan Thompson Defensive Rebound.,9,19,-10,4,0.32711761059196853,0.2380337231419207,4,4,3,NA,NA,NA,NA,NA,NA,NA,NA,Utah,Oregon State
401087130,2019-02-02,Utah,Oregon State,96,1,10:09:00,1809,1809,Foul on Novak Topalovic.,9,19,-10,7,0.32616599694671605,0.2373597174400376,4,4,3,NA,NA,NA,NA,NA,NA,NA,NA,Oregon State,Oregon State
401087130,2019-02-02,Utah,Oregon State,97,1,10:09:00,1809,1809,Kylor Kelley made Free Throw.,9,20,-11,0,0.30105095261887005,0.21688188260006652,4,4,3,NA,NA,Oregon State,made,Kylor Kelley,NA,FALSE,TRUE,Oregon State,Oregon State
401087130,2019-02-02,Utah,Oregon State,98,1,10:09:00,1809,1809,Kylor Kelley missed Free Throw.,9,20,-11,0,0.30105095261887005,0.21688188260006652,4,4,3,NA,NA,Oregon State,missed,Kylor Kelley,NA,FALSE,TRUE,Oregon State,Utah
401087130,2019-02-02,Utah,Oregon State,99,1,10:08:00,1808,1808,Timmy Allen Defensive Rebound.,9,20,-11,1,0.3009094368073911,0.21678242110048995,4,4,3,NA,NA,NA,NA,NA,NA,NA,NA,Oregon State,Utah
401087130,2019-02-02,Utah,Oregon State,100,1,09:51:00,1791,1791,Donnie Tillman Turnover.,9,20,-11,17,0.29849730637428923,0.21508832526331984,4,4,3,NA,NA,NA,NA,NA,NA,NA,NA,Utah,Oregon State
401087130,2019-02-02,Utah,Oregon State,101,1,09:51:00,1791,1791,Stephen Thompson Jr. Steal.,9,20,-11,0,0.29849730637428923,0.21508832526331984,4,4,3,NA,NA,NA,NA,NA,NA,NA,NA,Utah,Oregon State
401087130,2019-02-02,Utah,Oregon State,102,1,09:32:00,1772,1772,Foul on Charles Jones Jr.,9,20,-11,19,0.2957846924099108,0.2131854657901008,4,4,3,NA,NA,NA,NA,NA,NA,NA,NA,Oregon State,Oregon State
401087130,2019-02-02,Utah,Oregon State,103,1,09:32:00,1772,1772,Antoine Vernon made Free Throw.,9,21,-12,0,0.2716703919663058,0.1939505501231741,4,4,3,NA,NA,Oregon State,made,Antoine Vernon,NA,FALSE,TRUE,Oregon State,Oregon State
401087130,2019-02-02,Utah,Oregon State,104,1,09:32:00,1772,1772,Antoine Vernon made Free Throw.,9,22,-13,0,0.2488273962948032,0.17606278250957338,4,4,3,NA,NA,Oregon State,made,Antoine Vernon,NA,FALSE,TRUE,Oregon State,Oregon State
401087130,2019-02-02,Utah,Oregon State,105,1,09:32:00,1772,1772,Antoine Vernon made Free Throw.,9,23,-14,0,0.22730567894262835,0.15949832752312557,4,4,3,NA,NA,Oregon State,made,Antoine Vernon,NA,FALSE,TRUE,Oregon State,Utah
401087130,2019-02-02,Utah,Oregon State,106,1,09:16:00,1756,1756,Timmy Allen made Layup.,11,23,-12,16,0.26931290066793256,0.19231167106231212,4,4,3,NA,NA,Utah,made,Timmy Allen,NA,FALSE,FALSE,Utah,Oregon State
401087130,2019-02-02,Utah,Oregon State,107,1,08:51:00,1731,1731,Stephen Thompson Jr. missed Jumper.,11,23,-12,25,0.2655968453507958,0.18972983131106633,4,4,3,NA,NA,Oregon State,missed,Stephen Thompson Jr.,NA,FALSE,FALSE,Oregon State,Oregon State
401087130,2019-02-02,Utah,Oregon State,108,1,08:47:00,1727,1727,Stephen Thompson Jr. Offensive Rebound.,11,23,-12,4,0.2649981210780033,0.18931393693194212,4,4,3,NA,NA,NA,NA,NA,NA,NA,NA,Oregon State,Oregon State
401087130,2019-02-02,Utah,Oregon State,109,1,08:47:00,1727,1727,Foul on Donnie Tillman.,11,23,-12,0,0.2649981210780033,0.18931393693194212,4,4,3,NA,NA,NA,NA,NA,NA,NA,NA,Oregon State,Oregon State
401087130,2019-02-02,Utah,Oregon State,110,1,08:47:00,1727,1727,Tres Tinkle made Free Throw.,11,24,-13,0,0.24207139241334028,0.1714081150677841,4,4,3,NA,NA,Oregon State,made,Tres Tinkle,NA,FALSE,TRUE,Oregon State,Oregon State
401087130,2019-02-02,Utah,Oregon State,111,1,08:47:00,1727,1727,Tres Tinkle made Free Throw.,11,25,-14,0,0.2205330554217629,0.15487233472347475,4,4,3,NA,NA,Oregon State,made,Tres Tinkle,NA,FALSE,TRUE,Oregon State,Utah
401087130,2019-02-02,Utah,Oregon State,112,1,08:33:00,1713,1713,Sedrick Barefield made Three Point Jumper. Assisted by Charles Jones Jr.,14,25,-11,14,0.2872075034375198,0.20717651146010177,4,4,3,NA,NA,Utah,made,Sedrick Barefield,Charles Jones Jr,TRUE,FALSE,Utah,Oregon State
401087130,2019-02-02,Utah,Oregon State,113,1,08:15:00,1695,1695,Tres Tinkle missed Jumper.,14,25,-11,18,0.28453236042480146,0.20530257736618207,4,4,3,NA,NA,Oregon State,missed,Tres Tinkle,NA,FALSE,FALSE,Oregon State,Utah
401087130,2019-02-02,Utah,Oregon State,114,1,08:12:00,1692,1692,Timmy Allen Defensive Rebound.,14,25,-11,3,0.2840834130604531,0.20498802409371825,4,4,3,NA,NA,NA,NA,NA,NA,NA,NA,Oregon State,Utah
401087130,2019-02-02,Utah,Oregon State,115,1,08:10:00,1690,1690,Donnie Tillman Turnover.,14,25,-11,2,0.28378360515428785,0.20477795113085664,4,4,3,NA,NA,NA,NA,NA,NA,NA,NA,Utah,Oregon State
401087130,2019-02-02,Utah,Oregon State,117,1,07:50:00,1670,1670,Official TV Timeout,14,27,-13,0,0.2333751977088661,0.16542653056332873,4,4,3,NA,NA,NA,NA,NA,NA,NA,NA,Utah,Utah
401087130,2019-02-02,Utah,Oregon State,118,1,07:46:00,1666,1666,Timmy Allen made Layup. Assisted by Sedrick Barefield.,16,27,-11,4,0.2802442346967462,0.20231128975264273,4,4,3,NA,NA,Utah,made,Timmy Allen,Sedrick Barefield,FALSE,FALSE,Utah,Oregon State
401087130,2019-02-02,Utah,Oregon State,119,1,07:24:00,1644,1644,Tres Tinkle Turnover.,16,27,-11,22,0.27708797644645494,0.2001321694869075,4,4,3,NA,NA,NA,NA,NA,NA,NA,NA,Oregon State,Utah
401087130,2019-02-02,Utah,Oregon State,120,1,07:24:00,1644,1644,Charles Jones Jr Steal.,16,27,-11,0,0.27708797644645494,0.2001321694869075,4,4,3,NA,NA,NA,NA,NA,NA,NA,NA,Oregon State,Utah
401087130,2019-02-02,Utah,Oregon State,121,1,07:24:00,1644,1644,Foul on Ethan Thompson.,16,27,-11,0,0.27708797644645494,0.2001321694869075,4,4,3,NA,NA,NA,NA,NA,NA,NA,NA,Utah,Utah
401087130,2019-02-02,Utah,Oregon State,122,1,07:24:00,1644,1644,Riley Battin missed Free Throw.,16,27,-11,0,0.27708797644645494,0.2001321694869075,4,4,3,NA,NA,Utah,missed,Riley Battin,NA,FALSE,TRUE,Utah,Oregon State
401087130,2019-02-02,Utah,Oregon State,123,1,07:23:00,1643,1643,Tres Tinkle Defensive Rebound.,16,27,-11,1,0.2769460871285254,0.2000346070571803,4,4,3,NA,NA,NA,NA,NA,NA,NA,NA,Utah,Oregon State
401087130,2019-02-02,Utah,Oregon State,124,1,07:18:00,1638,1638,Kylor Kelley made Layup. Assisted by Tres Tinkle.,16,29,-13,5,0.22868258694333185,0.16223577639529085,4,4,3,NA,NA,Oregon State,made,Kylor Kelley,Tres Tinkle,FALSE,FALSE,Oregon State,Utah
401087130,2019-02-02,Utah,Oregon State,125,1,07:09:00,1629,1629,Foul on Zach Reichle.,16,29,-13,9,0.2273907526515586,0.16136259776408998,4,4,3,NA,NA,NA,NA,NA,NA,NA,NA,Utah,Utah
401087130,2019-02-02,Utah,Oregon State,126,1,07:09:00,1629,1629,Timmy Allen made Free Throw.,17,29,-12,0,0.2504291679140761,0.17926345274167815,4,4,3,NA,NA,Utah,made,Timmy Allen,NA,FALSE,TRUE,Utah,Utah
401087130,2019-02-02,Utah,Oregon State,127,1,07:09:00,1629,1629,Timmy Allen made Free Throw.,18,29,-11,0,0.27497102363895226,0.1986796883162732,4,4,3,NA,NA,Utah,made,Timmy Allen,NA,FALSE,TRUE,Utah,Oregon State
401087130,2019-02-02,Utah,Oregon State,128,1,06:55:00,1615,1615,Antoine Vernon Turnover.,18,29,-11,14,0.27301287799659874,0.19734143347999175,4,4,3,NA,NA,NA,NA,NA,NA,NA,NA,Oregon State,Utah
401087130,2019-02-02,Utah,Oregon State,129,1,06:31:00,1591,1591,Foul on Kylor Kelley.,18,29,-11,24,0.26967761581766087,0.1950705529420387,4,4,3,NA,NA,NA,NA,NA,NA,NA,NA,Utah,Utah
401087130,2019-02-02,Utah,Oregon State,130,1,06:31:00,1591,1591,Donnie Tillman made Free Throw.,19,29,-10,0,0.29579457719983543,0.2161001371167429,4,4,3,NA,NA,Utah,made,Donnie Tillman,NA,FALSE,TRUE,Utah,Utah
401087130,2019-02-02,Utah,Oregon State,131,1,06:31:00,1591,1591,Donnie Tillman missed Free Throw.,19,29,-10,0,0.29579457719983543,0.2161001371167429,4,4,3,NA,NA,Utah,missed,Donnie Tillman,NA,FALSE,TRUE,Utah,Oregon State
401087130,2019-02-02,Utah,Oregon State,132,1,06:29:00,1589,1589,Stephen Thompson Jr. Defensive Rebound.,19,29,-10,2,0.29552383962716483,0.21591517054419485,4,4,3,NA,NA,NA,NA,NA,NA,NA,NA,Utah,Oregon State
401087130,2019-02-02,Utah,Oregon State,133,1,06:04:00,1564,1564,Foul on Stephen Thompson Jr..,19,29,-10,25,0.2921305037534398,0.21359915551890984,4,4,3,NA,NA,NA,NA,NA,NA,NA,NA,Utah,Utah
401087130,2019-02-02,Utah,Oregon State,134,1,06:04:00,1564,1564,Stephen Thompson Jr. Turnover.,19,29,-10,0,0.2921305037534398,0.21359915551890984,4,4,3,NA,NA,NA,NA,NA,NA,NA,NA,Oregon State,Utah
401087130,2019-02-02,Utah,Oregon State,135,1,05:40:00,1540,1540,Riley Battin made Three Point Jumper. Assisted by Sedrick Barefield.,22,29,-7,24,0.37613168926801266,0.2845992087647414,4,4,3,NA,NA,Utah,made,Riley Battin,Sedrick Barefield,TRUE,FALSE,Utah,Oregon State
401087130,2019-02-02,Utah,Oregon State,136,1,05:15:00,1515,1515,Foul on Sedrick Barefield.,22,29,-7,25,0.3731405937112387,0.2825479017465119,4,4,3,NA,NA,NA,NA,NA,NA,NA,NA,Oregon State,Oregon State
401087130,2019-02-02,Utah,Oregon State,137,1,05:15:00,1515,1515,Tres Tinkle missed Free Throw.,22,29,-7,0,0.3731405937112387,0.2825479017465119,4,4,3,NA,NA,Oregon State,missed,Tres Tinkle,NA,FALSE,TRUE,Oregon State,Oregon State
401087130,2019-02-02,Utah,Oregon State,138,1,05:15:00,1515,1515,Oregon State Deadball Team Rebound.,22,29,-7,0,0.3731405937112387,0.2825479017465119,4,4,3,NA,NA,NA,NA,NA,NA,NA,NA,Oregon State,Oregon State
401087130,2019-02-02,Utah,Oregon State,139,1,05:15:00,1515,1515,Tres Tinkle made Free Throw.,22,30,-8,0,0.34256384873915113,0.25635879388269295,4,4,3,NA,NA,Oregon State,made,Tres Tinkle,NA,FALSE,TRUE,Oregon State,Utah
401087130,2019-02-02,Utah,Oregon State,140,1,04:58:00,1498,1498,Foul on Tres Tinkle.,22,30,-8,17,0.340329669093704,0.2548146342715426,4,4,3,NA,NA,NA,NA,NA,NA,NA,NA,Utah,Utah
401087130,2019-02-02,Utah,Oregon State,141,1,04:58:00,1498,1498,Donnie Tillman made Free Throw.,23,30,-7,0,0.37105620061839856,0.28111055379238864,4,4,3,NA,NA,Utah,made,Donnie Tillman,NA,FALSE,TRUE,Utah,Utah
401087130,2019-02-02,Utah,Oregon State,142,1,04:58:00,1498,1498,Donnie Tillman made Free Throw.,24,30,-6,0,0.4028626935845394,0.30899488918981555,4,4,3,NA,NA,Utah,made,Donnie Tillman,NA,FALSE,TRUE,Utah,Oregon State
401087130,2019-02-02,Utah,Oregon State,143,1,04:45:00,1485,1485,Tres Tinkle made Three Point Jumper. Assisted by Alfred Hollins.,24,33,-9,13,0.3090559399615017,0.2289204980900541,4,4,3,NA,NA,Oregon State,made,Tres Tinkle,Alfred Hollins,TRUE,FALSE,Oregon State,Utah
401087130,2019-02-02,Utah,Oregon State,144,1,04:33:00,1473,1473,Charles Jones Jr missed Three Point Jumper.,24,33,-9,12,0.30733157726125365,0.22772138339741743,4,4,3,NA,NA,NA,missed,Charles Jones Jr,NA,TRUE,FALSE,Utah,Utah
401087130,2019-02-02,Utah,Oregon State,145,1,04:30:00,1470,1470,Timmy Allen Offensive Rebound.,24,33,-9,3,0.30689539347713857,0.22741731014361577,4,4,3,NA,NA,NA,NA,NA,NA,NA,NA,Utah,Utah
401087130,2019-02-02,Utah,Oregon State,146,1,04:28:00,1468,1468,Timmy Allen made Layup.,26,33,-7,2,0.3672524510392508,0.27846525613053735,4,4,3,NA,NA,Utah,made,Timmy Allen,NA,FALSE,FALSE,Utah,Oregon State
401087130,2019-02-02,Utah,Oregon State,147,1,04:12:00,1452,1452,Tres Tinkle made Dunk. Assisted by Antoine Vernon.,26,35,-9,16,0.30423198054814654,0.2255536314581747,4,4,3,NA,NA,Oregon State,made,Tres Tinkle,Antoine Vernon,FALSE,FALSE,Oregon State,Utah
401087130,2019-02-02,Utah,Oregon State,148,1,04:11:00,1451,1451,Oregon State  Timeout,26,35,-9,1,0.30408156877132214,0.2254480170046353,3,4,3,NA,NA,NA,NA,NA,NA,NA,NA,Utah,Oregon State
401087130,2019-02-02,Utah,Oregon State,149,1,04:11:00,1451,1451,Official TV Timeout,26,35,-9,0,0.30408156877132214,0.2254480170046353,3,4,3,NA,NA,NA,NA,NA,NA,NA,NA,Oregon State,Oregon State
401087130,2019-02-02,Utah,Oregon State,150,1,03:44:00,1424,1424,Charles Jones Jr made Three Point Jumper. Assisted by Riley Battin.,29,35,-6,27,0.3941093789663271,0.30291888875064465,3,4,3,NA,NA,NA,made,Charles Jones Jr,Riley Battin,TRUE,FALSE,Oregon State,Oregon State
401087130,2019-02-02,Utah,Oregon State,151,1,03:21:00,1401,1401,Antoine Vernon made Layup.,29,37,-8,23,0.3269564040509384,0.24548626650048477,3,4,3,NA,NA,Oregon State,made,Antoine Vernon,NA,FALSE,FALSE,Oregon State,Utah
401087130,2019-02-02,Utah,Oregon State,152,1,03:08:00,1388,1388,Timmy Allen missed Layup.,29,37,-8,13,0.32522894558883153,0.24429905930584675,3,4,3,NA,NA,Utah,missed,Timmy Allen,NA,FALSE,FALSE,Utah,Oregon State
401087130,2019-02-02,Utah,Oregon State,153,1,03:08:00,1388,1388,Tres Tinkle Defensive Rebound.,29,37,-8,0,0.32522894558883153,0.24429905930584675,3,4,3,NA,NA,NA,NA,NA,NA,NA,NA,Utah,Oregon State
401087130,2019-02-02,Utah,Oregon State,154,1,03:00:00,1380,1380,Foul on Riley Battin.,29,37,-8,8,0.3241727133279642,0.24357523746512968,3,4,3,NA,NA,NA,NA,NA,NA,NA,NA,Oregon State,Oregon State
401087130,2019-02-02,Utah,Oregon State,155,1,03:00:00,1380,1380,Gligorije Rakocevic missed Free Throw.,29,37,-8,0,0.3241727133279642,0.24357523746512968,3,4,3,NA,NA,Oregon State,missed,Gligorije Rakocevic,NA,FALSE,TRUE,Oregon State,Oregon State
401087130,2019-02-02,Utah,Oregon State,156,1,03:00:00,1380,1380,Oregon State Deadball Team Rebound.,29,37,-8,0,0.3241727133279642,0.24357523746512968,3,4,3,NA,NA,NA,NA,NA,NA,NA,NA,Oregon State,Oregon State
401087130,2019-02-02,Utah,Oregon State,157,1,03:00:00,1380,1380,Gligorije Rakocevic made Free Throw.,29,38,-9,0,0.2939433818010254,0.21843252242760808,3,4,3,NA,NA,Oregon State,made,Gligorije Rakocevic,NA,FALSE,TRUE,Oregon State,Oregon State
401087130,2019-02-02,Utah,Oregon State,158,1,02:42:00,1362,1362,Charles Jones Jr made Layup.,31,38,-7,18,0.35371685466585095,0.26909193985467933,3,4,3,NA,NA,NA,made,Charles Jones Jr,NA,FALSE,FALSE,Oregon State,Oregon State
401087130,2019-02-02,Utah,Oregon State,159,1,02:19:00,1339,1339,Gligorije Rakocevic missed Layup.,31,38,-7,23,0.35086110739536386,0.26714800791534343,3,4,3,NA,NA,Oregon State,missed,Gligorije Rakocevic,NA,FALSE,FALSE,Oregon State,Oregon State
401087130,2019-02-02,Utah,Oregon State,160,1,02:16:00,1336,1336,Tres Tinkle Offensive Rebound.,31,38,-7,3,0.35048605691730655,0.26689257079660234,3,4,3,NA,NA,NA,NA,NA,NA,NA,NA,Oregon State,Oregon State
401087130,2019-02-02,Utah,Oregon State,161,1,02:15:00,1335,1335,Tres Tinkle made Layup.,31,40,-9,1,0.2877623167948668,0.21421460086712768,3,4,3,NA,NA,Oregon State,made,Tres Tinkle,NA,FALSE,FALSE,Oregon State,Utah
401087130,2019-02-02,Utah,Oregon State,162,1,01:52:00,1312,1312,Parker Van Dyke Turnover.,31,40,-9,23,0.28454902631282414,0.2120181474222592,3,4,3,NA,NA,NA,NA,NA,NA,NA,NA,Utah,Oregon State
401087130,2019-02-02,Utah,Oregon State,163,1,01:52:00,1312,1312,Alfred Hollins Steal.,31,40,-9,0,0.28454902631282414,0.2120181474222592,3,4,3,NA,NA,NA,NA,NA,NA,NA,NA,Utah,Oregon State
401087130,2019-02-02,Utah,Oregon State,164,1,01:49:00,1309,1309,Tres Tinkle missed Three Point Jumper.,31,40,-9,3,0.2841240903581606,0.21172697259125145,3,4,3,NA,NA,Oregon State,missed,Tres Tinkle,NA,TRUE,FALSE,Oregon State,Utah
401087130,2019-02-02,Utah,Oregon State,165,1,01:47:00,1307,1307,Utah Defensive Rebound.,31,40,-9,2,0.2838399009225674,0.21153212511829195,3,4,3,NA,NA,NA,NA,NA,NA,NA,NA,Oregon State,Utah
401087130,2019-02-02,Utah,Oregon State,166,1,01:35:00,1295,1295,Foul on Gligorije Rakocevic.,31,40,-9,12,0.2821181176753858,0.21034944690542065,3,4,3,NA,NA,NA,NA,NA,NA,NA,NA,Utah,Utah
401087130,2019-02-02,Utah,Oregon State,167,1,01:35:00,1295,1295,Riley Battin made Free Throw.,32,40,-8,0,0.3128133688372924,0.23580094682901975,3,4,3,NA,NA,Utah,made,Riley Battin,NA,FALSE,TRUE,Utah,Utah
401087130,2019-02-02,Utah,Oregon State,168,1,01:35:00,1295,1295,Riley Battin missed Free Throw.,32,40,-8,0,0.3128133688372924,0.23580094682901975,3,4,3,NA,NA,Utah,missed,Riley Battin,NA,FALSE,TRUE,Utah,Oregon State
401087130,2019-02-02,Utah,Oregon State,169,1,01:33:00,1293,1293,Kylor Kelley Defensive Rebound.,32,40,-8,2,0.3125342676745924,0.2356084712360313,3,4,3,NA,NA,NA,NA,NA,NA,NA,NA,Utah,Oregon State
401087130,2019-02-02,Utah,Oregon State,170,1,01:09:00,1269,1269,Antoine Vernon Turnover.,32,40,-8,24,0.3091068528673185,0.23323331446517573,3,4,3,NA,NA,NA,NA,NA,NA,NA,NA,Oregon State,Utah
401087130,2019-02-02,Utah,Oregon State,171,1,01:03:00,1263,1263,Sedrick Barefield missed Layup.,32,40,-8,6,0.3082245651491915,0.23261815112552137,3,4,3,NA,NA,Utah,missed,Sedrick Barefield,NA,FALSE,FALSE,Utah,Oregon State
401087130,2019-02-02,Utah,Oregon State,172,1,01:00:00,1260,1260,Alfred Hollins Defensive Rebound.,32,40,-8,3,0.30777916658641213,0.23230698268241837,3,4,3,NA,NA,NA,NA,NA,NA,NA,NA,Utah,Oregon State
401087130,2019-02-02,Utah,Oregon State,173,1,00:50:00,1250,1250,Stephen Thompson Jr. made Layup.,32,42,-10,10,0.2463978493042539,0.18219105306746192,3,4,3,NA,NA,Oregon State,made,Stephen Thompson Jr.,NA,FALSE,FALSE,Oregon State,Utah
401087130,2019-02-02,Utah,Oregon State,174,1,00:40:00,1240,1240,Utah  Timeout,32,42,-10,10,0.2447681016508106,0.1810546045303724,3,3,3,NA,NA,NA,NA,NA,NA,NA,NA,Utah,Utah
401087130,2019-02-02,Utah,Oregon State,175,1,00:33:00,1233,1233,Charles Jones Jr Turnover.,32,42,-10,7,0.2436040258931545,0.1802400928835736,3,3,3,NA,NA,NA,NA,NA,NA,NA,NA,Utah,Oregon State
401087130,2019-02-02,Utah,Oregon State,176,1,00:33:00,1233,1233,Antoine Vernon Steal.,32,42,-10,0,0.2436040258931545,0.1802400928835736,3,3,3,NA,NA,NA,NA,NA,NA,NA,NA,Utah,Oregon State
401087130,2019-02-02,Utah,Oregon State,177,1,00:28:00,1228,1228,Stephen Thompson Jr. made Jumper. Assisted by Tres Tinkle.,32,44,-12,5,0.19133600096973244,0.1391366425746624,3,3,3,NA,NA,Oregon State,made,Stephen Thompson Jr.,Tres Tinkle,FALSE,FALSE,Oregon State,Utah
401087130,2019-02-02,Utah,Oregon State,178,1,00:03:00,1203,1203,Riley Battin missed Three Point Jumper.,32,44,-12,25,0.1870274385657888,0.13614184616034286,3,3,3,NA,NA,Utah,missed,Riley Battin,NA,TRUE,FALSE,Utah,Oregon State
401087130,2019-02-02,Utah,Oregon State,179,1,00:01:00,1201,1201,Oregon State Defensive Rebound.,32,44,-12,2,0.18668375292337216,0.13590272851805288,3,3,3,NA,NA,NA,NA,NA,NA,NA,NA,Utah,Oregon State
401087130,2019-02-02,Utah,Oregon State,180,1,00:01:00,1201,1201,Foul on Timmy Allen.,32,44,-12,0,0.18668375292337216,0.13590272851805288,3,3,3,NA,NA,NA,NA,NA,NA,NA,NA,Utah,Oregon State
401087130,2019-02-02,Utah,Oregon State,181,1,00:01:00,1201,1201,Tres Tinkle made Free Throw.,32,45,-13,0,0.1643997326969103,0.11879495059724476,3,3,3,NA,NA,Oregon State,made,Tres Tinkle,NA,FALSE,TRUE,Oregon State,Oregon State
401087130,2019-02-02,Utah,Oregon State,182,1,00:01:00,1201,1201,Tres Tinkle made Free Throw.,32,46,-14,0,0.14430375291562,0.10358258632017538,3,3,3,NA,NA,Oregon State,made,Tres Tinkle,NA,FALSE,TRUE,Oregon State,Oregon State
401087130,2019-02-02,Utah,Oregon State,183,1,00:00:00,1200,1200,End of 1st half,32,46,-14,1,0.144143691430174,0.10347276448009536,3,3,3,NA,NA,NA,NA,NA,NA,NA,NA,Oregon State,NA
401087130,2019-02-02,Utah,Oregon State,184,2,20:00:00,1200,1200,PLAY,32,46,-14,0,0.144143691430174,0.10347276448009536,4,4,3,NA,NA,NA,NA,NA,NA,NA,NA,NA,Oregon State
401087130,2019-02-02,Utah,Oregon State,185,2,19:46:00,1186,1186,Zach Reichle missed Three Point Jumper.,32,46,-14,14,0.14194697055294112,0.10196705544310372,4,4,3,NA,NA,Oregon State,missed,Zach Reichle,NA,TRUE,FALSE,Oregon State,Oregon State
401087130,2019-02-02,Utah,Oregon State,186,2,19:42:00,1182,1182,Zach Reichle Offensive Rebound.,32,46,-14,4,0.1413332024258895,0.10154681671183118,4,4,3,NA,NA,NA,NA,NA,NA,NA,NA,Oregon State,Oregon State
401087130,2019-02-02,Utah,Oregon State,187,2,19:30:00,1170,1170,Ethan Thompson missed Jumper.,32,46,-14,12,0.13952367914242972,0.10030882827900373,4,4,3,NA,NA,Oregon State,missed,Ethan Thompson,NA,FALSE,FALSE,Oregon State,Utah
401087130,2019-02-02,Utah,Oregon State,188,2,19:24:00,1164,1164,Timmy Allen Defensive Rebound.,32,46,-14,6,0.13863471589951187,0.0997010825267152,4,4,3,NA,NA,NA,NA,NA,NA,NA,NA,Oregon State,Utah
401087130,2019-02-02,Utah,Oregon State,189,2,19:19:00,1159,1159,Sedrick Barefield missed Three Point Jumper.,32,46,-14,5,0.1379008771595634,0.09919955728336954,4,4,3,NA,NA,Utah,missed,Sedrick Barefield,NA,TRUE,FALSE,Utah,Oregon State
401087130,2019-02-02,Utah,Oregon State,190,2,19:15:00,1155,1155,Stephen Thompson Jr. Defensive Rebound.,32,46,-14,4,0.13731791319561054,0.09880123056192835,4,4,3,NA,NA,NA,NA,NA,NA,NA,NA,Utah,Oregon State
401087130,2019-02-02,Utah,Oregon State,191,2,19:11:00,1151,1151,Foul on Sedrick Barefield.,32,46,-14,4,0.1367382579003822,0.0984052233416813,4,4,3,NA,NA,NA,NA,NA,NA,NA,NA,Oregon State,Oregon State
401087130,2019-02-02,Utah,Oregon State,192,2,19:11:00,1151,1151,Ethan Thompson made Free Throw.,32,47,-15,0,0.11911173968387331,0.08523222374452445,4,4,3,NA,NA,Oregon State,made,Ethan Thompson,NA,FALSE,TRUE,Oregon State,Oregon State
401087130,2019-02-02,Utah,Oregon State,193,2,19:11:00,1151,1151,Ethan Thompson missed Free Throw.,32,47,-15,0,0.11911173968387331,0.08523222374452445,4,4,3,NA,NA,Oregon State,missed,Ethan Thompson,NA,FALSE,TRUE,Oregon State,Utah
401087130,2019-02-02,Utah,Oregon State,194,2,19:09:00,1149,1149,Riley Battin Defensive Rebound.,32,47,-15,2,0.11883850384547194,0.08504656027392118,4,4,3,NA,NA,NA,NA,NA,NA,NA,NA,Oregon State,Utah
401087130,2019-02-02,Utah,Oregon State,195,2,18:52:00,1132,1132,Sedrick Barefield missed Layup.,32,47,-15,17,0.1165418115326016,0.08348595424770178,4,4,3,NA,NA,Utah,missed,Sedrick Barefield,NA,FALSE,FALSE,Utah,Utah
401087130,2019-02-02,Utah,Oregon State,196,2,18:52:00,1132,1132,Tres Tinkle Block.,32,47,-15,0,0.1165418115326016,0.08348595424770178,4,4,3,NA,NA,NA,NA,NA,NA,NA,NA,Utah,Utah
401087130,2019-02-02,Utah,Oregon State,197,2,18:51:00,1131,1131,Sedrick Barefield Offensive Rebound.,32,47,-15,1,0.11640788300071872,0.0833949357913445,4,4,3,NA,NA,NA,NA,NA,NA,NA,NA,Utah,Oregon State
401087130,2019-02-02,Utah,Oregon State,198,2,18:51:00,1131,1131,Sedrick Barefield made Jumper.,34,47,-13,0,0.15351640177251463,0.11130526546171211,4,4,3,NA,NA,Utah,made,Sedrick Barefield,NA,FALSE,FALSE,Utah,Oregon State
401087130,2019-02-02,Utah,Oregon State,199,2,18:51:00,1131,1131,Foul on Zach Reichle.,34,47,-13,0,0.15351640177251463,0.11130526546171211,4,4,3,NA,NA,NA,NA,NA,NA,NA,NA,Utah,Oregon State
401087130,2019-02-02,Utah,Oregon State,200,2,18:51:00,1131,1131,Sedrick Barefield made Free Throw.,35,47,-12,0,0.17545089832317146,0.12812147293641882,4,4,3,NA,NA,Utah,made,Sedrick Barefield,NA,FALSE,TRUE,Utah,Oregon State
401087130,2019-02-02,Utah,Oregon State,201,2,18:36:00,1116,1116,Tres Tinkle Turnover.,35,47,-12,15,0.17314836443663242,0.12652929778057087,4,4,3,NA,NA,NA,NA,NA,NA,NA,NA,Oregon State,Utah
401087130,2019-02-02,Utah,Oregon State,202,2,18:36:00,1116,1116,Jayce Johnson Steal.,35,47,-12,0,0.17314836443663242,0.12652929778057087,4,4,3,NA,NA,NA,NA,NA,NA,NA,NA,Oregon State,Utah
401087130,2019-02-02,Utah,Oregon State,203,2,18:21:00,1101,1101,Timmy Allen missed Layup.,35,47,-12,15,0.17084601627348706,0.12493591538923068,4,4,3,NA,NA,Utah,missed,Timmy Allen,NA,FALSE,FALSE,Utah,Oregon State
401087130,2019-02-02,Utah,Oregon State,204,2,18:21:00,1101,1101,Kylor Kelley Block.,35,47,-12,0,0.17084601627348706,0.12493591538923068,4,4,3,NA,NA,NA,NA,NA,NA,NA,NA,Utah,Oregon State
401087130,2019-02-02,Utah,Oregon State,205,2,18:17:00,1097,1097,Ethan Thompson Defensive Rebound.,35,47,-12,4,0.17023013120622016,0.12450933200267524,4,4,3,NA,NA,NA,NA,NA,NA,NA,NA,Utah,Oregon State
401087130,2019-02-02,Utah,Oregon State,206,2,18:15:00,1095,1095,Foul on Tres Tinkle.,35,47,-12,2,0.16992169892987335,0.12429563468045574,4,4,3,NA,NA,NA,NA,NA,NA,NA,NA,Utah,Utah
401087130,2019-02-02,Utah,Oregon State,207,2,18:15:00,1095,1095,Tres Tinkle Turnover.,35,47,-12,0,0.16992169892987335,0.12429563468045574,4,4,3,NA,NA,NA,NA,NA,NA,NA,NA,Oregon State,Utah
401087130,2019-02-02,Utah,Oregon State,208,2,17:56:00,1076,1076,Parker Van Dyke missed Three Point Jumper.,35,47,-12,19,0.1669681884888112,0.1222466528907578,4,4,3,NA,NA,Utah,missed,Parker Van Dyke,NA,TRUE,FALSE,Utah,Oregon State
401087130,2019-02-02,Utah,Oregon State,209,2,17:52:00,1072,1072,Stephen Thompson Jr. Defensive Rebound.,35,47,-12,4,0.1663393982978766,0.12180973233549916,4,4,3,NA,NA,NA,NA,NA,NA,NA,NA,Utah,Oregon State
401087130,2019-02-02,Utah,Oregon State,210,2,17:46:00,1066,1066,Kylor Kelley Turnover.,35,47,-12,6,0.1653904693582794,0.12114983921303583,4,4,3,NA,NA,NA,NA,NA,NA,NA,NA,Oregon State,Utah
401087130,2019-02-02,Utah,Oregon State,211,2,17:38:00,1058,1058,Sedrick Barefield Turnover.,35,47,-12,8,0.16411318919899567,0.1202605644384926,4,4,3,NA,NA,NA,NA,NA,NA,NA,NA,Utah,Oregon State
401087130,2019-02-02,Utah,Oregon State,212,2,17:21:00,1041,1041,Stephen Thompson Jr. Turnover.,35,47,-12,17,0.1613449472741933,0.11832885060967742,4,4,3,NA,NA,NA,NA,NA,NA,NA,NA,Oregon State,Utah
401087130,2019-02-02,Utah,Oregon State,213,2,17:21:00,1041,1041,Timmy Allen Steal.,35,47,-12,0,0.1613449472741933,0.11832885060967742,4,4,3,NA,NA,NA,NA,NA,NA,NA,NA,Oregon State,Utah
401087130,2019-02-02,Utah,Oregon State,214,2,17:14:00,1034,1034,Sedrick Barefield missed Three Point Jumper.,35,47,-12,7,0.16018046750189938,0.117514381234435,4,4,3,NA,NA,Utah,missed,Sedrick Barefield,NA,TRUE,FALSE,Utah,Utah
401087130,2019-02-02,Utah,Oregon State,215,2,17:14:00,1034,1034,Jayce Johnson Offensive Rebound.,35,47,-12,0,0.16018046750189938,0.117514381234435,4,4,3,NA,NA,NA,NA,NA,NA,NA,NA,Utah,Utah
401087130,2019-02-02,Utah,Oregon State,216,2,17:14:00,1034,1034,Foul on Kylor Kelley.,35,47,-12,0,0.16018046750189938,0.117514381234435,4,4,3,NA,NA,NA,NA,NA,NA,NA,NA,Utah,Utah
401087130,2019-02-02,Utah,Oregon State,217,2,17:14:00,1034,1034,Jayce Johnson missed Free Throw.,35,47,-12,0,0.16018046750189938,0.117514381234435,4,4,3,NA,NA,Utah,missed,Jayce Johnson,NA,FALSE,TRUE,Utah,Utah
401087130,2019-02-02,Utah,Oregon State,218,2,17:14:00,1034,1034,Utah Deadball Team Rebound.,35,47,-12,0,0.16018046750189938,0.117514381234435,4,4,3,NA,NA,NA,NA,NA,NA,NA,NA,Utah,Utah
401087130,2019-02-02,Utah,Oregon State,219,2,17:14:00,1034,1034,Jayce Johnson missed Free Throw.,35,47,-12,0,0.16018046750189938,0.117514381234435,4,4,3,NA,NA,Utah,missed,Jayce Johnson,NA,FALSE,TRUE,Utah,Utah
401087130,2019-02-02,Utah,Oregon State,220,2,17:12:00,1032,1032,Kylor Kelley Defensive Rebound.,35,47,-12,2,0.15984484881363203,0.11727942866349798,4,4,3,NA,NA,NA,NA,NA,NA,NA,NA,Utah,Oregon State
401087130,2019-02-02,Utah,Oregon State,221,2,16:59:00,1019,1019,Foul on Donnie Tillman.,35,47,-12,13,0.15762942119769172,0.11572610658690528,4,4,3,NA,NA,NA,NA,NA,NA,NA,NA,Oregon State,Oregon State
401087130,2019-02-02,Utah,Oregon State,222,2,16:46:00,1006,1006,Tres Tinkle Turnover.,35,47,-12,13,0.15535022744261345,0.11412374176591655,4,4,3,NA,NA,NA,NA,NA,NA,NA,NA,Oregon State,Utah
401087130,2019-02-02,Utah,Oregon State,223,2,16:46:00,1006,1006,Timmy Allen Steal.,35,47,-12,0,0.15535022744261345,0.11412374176591655,4,4,3,NA,NA,NA,NA,NA,NA,NA,NA,Oregon State,Utah
401087130,2019-02-02,Utah,Oregon State,224,2,16:43:00,1003,1003,Timmy Allen made Layup.,37,47,-10,3,0.20502860194736405,0.1530523126854268,4,4,3,NA,NA,Utah,made,Timmy Allen,NA,FALSE,FALSE,Utah,Oregon State
401087130,2019-02-02,Utah,Oregon State,225,2,16:42:00,1002,1002,Oregon State  Timeout,37,47,-10,1,0.20483914240276416,0.15291684571517633,3,4,3,NA,NA,NA,NA,NA,NA,NA,NA,Oregon State,Oregon State
401087130,2019-02-02,Utah,Oregon State,226,2,16:24:00,984,984,Ethan Thompson made Jumper.,37,49,-12,18,0.15132984958549764,0.1112868173616388,3,4,3,NA,NA,Oregon State,made,Ethan Thompson,NA,FALSE,FALSE,Oregon State,Utah
401087130,2019-02-02,Utah,Oregon State,227,2,15:56:00,956,956,Donnie Tillman missed Layup.,37,49,-12,28,0.1460527884264602,0.10754939216686374,3,4,3,NA,NA,Utah,missed,Donnie Tillman,NA,FALSE,FALSE,Utah,Utah
401087130,2019-02-02,Utah,Oregon State,228,2,15:56:00,956,956,Kylor Kelley Block.,37,49,-12,0,0.1460527884264602,0.10754939216686374,3,4,3,NA,NA,NA,NA,NA,NA,NA,NA,Utah,Utah
401087130,2019-02-02,Utah,Oregon State,229,2,15:51:00,951,951,Parker Van Dyke Offensive Rebound.,37,49,-12,5,0.14517889784763588,0.10693168404064672,3,4,3,NA,NA,NA,NA,NA,NA,NA,NA,Utah,Utah
401087130,2019-02-02,Utah,Oregon State,230,2,15:48:00,948,948,Parker Van Dyke made Jumper.,39,49,-10,3,0.1942420792651625,0.14530788155208638,3,4,3,NA,NA,Utah,made,Parker Van Dyke,NA,FALSE,FALSE,Utah,Oregon State
401087130,2019-02-02,Utah,Oregon State,231,2,15:30:00,930,930,Alfred Hollins missed Three Point Jumper.,39,49,-10,18,0.19112986364303072,0.14308269239865595,3,4,3,NA,NA,Oregon State,missed,Alfred Hollins,NA,TRUE,FALSE,Oregon State,Oregon State
401087130,2019-02-02,Utah,Oregon State,232,2,15:29:00,929,929,Oregon State Offensive Rebound.,39,49,-10,1,0.1909647988177599,0.14296490066774292,3,4,3,NA,NA,NA,NA,NA,NA,NA,NA,Oregon State,Oregon State
401087130,2019-02-02,Utah,Oregon State,233,2,15:29:00,929,929,Foul on Sedrick Barefield.,39,49,-10,0,0.1909647988177599,0.14296490066774292,3,4,3,NA,NA,NA,NA,NA,NA,NA,NA,Oregon State,Oregon State
401087130,2019-02-02,Utah,Oregon State,234,2,15:29:00,929,929,Official TV Timeout,39,49,-10,0,0.1909647988177599,0.14296490066774292,3,4,3,NA,NA,NA,NA,NA,NA,NA,NA,Oregon State,Oregon State
401087130,2019-02-02,Utah,Oregon State,235,2,15:07:00,907,907,Tres Tinkle made Jumper.,39,51,-12,22,0.1384017363187072,0.10215944050791652,3,4,3,NA,NA,Oregon State,made,Tres Tinkle,NA,FALSE,FALSE,Oregon State,Utah
401087130,2019-02-02,Utah,Oregon State,236,2,14:49:00,889,889,Jayce Johnson made Layup. Assisted by Parker Van Dyke.,41,51,-10,18,0.18481064268257996,0.13858426211720834,3,4,3,NA,NA,Utah,made,Jayce Johnson,Parker Van Dyke,FALSE,FALSE,Utah,Oregon State
401087130,2019-02-02,Utah,Oregon State,237,2,14:28:00,868,868,Kylor Kelley made Jumper. Assisted by Stephen Thompson Jr..,41,53,-12,21,0.13312466968048114,0.0984532893645009,3,4,3,NA,NA,Oregon State,made,Kylor Kelley,Stephen Thompson Jr,FALSE,FALSE,Oregon State,Utah
401087130,2019-02-02,Utah,Oregon State,238,2,14:08:00,848,848,Donnie Tillman made Layup.,43,53,-10,20,0.17880853677860872,0.13431078083155878,3,4,3,NA,NA,Utah,made,Donnie Tillman,NA,FALSE,FALSE,Utah,Oregon State
401087130,2019-02-02,Utah,Oregon State,239,2,14:08:00,848,848,Foul on Kylor Kelley.,43,53,-10,0,0.17880853677860872,0.13431078083155878,3,4,3,NA,NA,NA,NA,NA,NA,NA,NA,Utah,Oregon State
401087130,2019-02-02,Utah,Oregon State,240,2,14:08:00,848,848,Donnie Tillman made Free Throw.,44,53,-9,0,0.20782207356127652,0.1574887961562446,3,4,3,NA,NA,Utah,made,Donnie Tillman,NA,FALSE,TRUE,Utah,Oregon State
401087130,2019-02-02,Utah,Oregon State,241,2,13:50:00,830,830,Alfred Hollins missed Jumper.,44,53,-9,18,0.20500863580921055,0.15546238433409912,3,4,3,NA,NA,Oregon State,missed,Alfred Hollins,NA,FALSE,FALSE,Oregon State,Utah
401087130,2019-02-02,Utah,Oregon State,242,2,13:47:00,827,827,Donnie Tillman Defensive Rebound.,44,53,-9,3,0.20452421882498545,0.15511261461623915,3,4,3,NA,NA,NA,NA,NA,NA,NA,NA,Oregon State,Utah
401087130,2019-02-02,Utah,Oregon State,243,2,13:45:00,825,825,Timmy Allen made Layup. Assisted by Donnie Tillman.,46,53,-7,2,0.272261189772285,0.2108562625360156,3,4,3,NA,NA,Utah,made,Timmy Allen,Donnie Tillman,FALSE,FALSE,Utah,Oregon State
401087130,2019-02-02,Utah,Oregon State,244,2,13:45:00,825,825,Foul on Ethan Thompson.,46,53,-7,0,0.272261189772285,0.2108562625360156,3,4,3,NA,NA,NA,NA,NA,NA,NA,NA,Utah,Oregon State
401087130,2019-02-02,Utah,Oregon State,245,2,13:45:00,825,825,Timmy Allen made Free Throw.,47,53,-6,0,0.31117291582498346,0.243933632196205,3,4,3,NA,NA,Utah,made,Timmy Allen,NA,FALSE,TRUE,Utah,Oregon State
401087130,2019-02-02,Utah,Oregon State,246,2,13:21:00,801,801,Stephen Thompson Jr. missed Three Point Jumper.,47,53,-6,24,0.3073494995159443,0.2411134582827149,3,4,3,NA,NA,Oregon State,missed,Stephen Thompson Jr.,NA,TRUE,FALSE,Oregon State,Oregon State
401087130,2019-02-02,Utah,Oregon State,247,2,13:17:00,797,797,Gligorije Rakocevic Offensive Rebound.,47,53,-6,4,0.3066688459544917,0.24060879895359008,3,4,3,NA,NA,NA,NA,NA,NA,NA,NA,Oregon State,Oregon State
401087130,2019-02-02,Utah,Oregon State,248,2,13:15:00,795,795,Tres Tinkle made Three Point Jumper. Assisted by Gligorije Rakocevic.,47,56,-9,2,0.19897072903844,0.15108406738762475,3,4,3,NA,NA,Oregon State,made,Tres Tinkle,Gligorije Rakocevic,TRUE,FALSE,Oregon State,Utah
401087130,2019-02-02,Utah,Oregon State,249,2,12:41:00,761,761,Donnie Tillman missed Jumper.,47,56,-9,34,0.1920297097944642,0.14600658107567782,3,4,3,NA,NA,Utah,missed,Donnie Tillman,NA,FALSE,FALSE,Utah,Utah
401087130,2019-02-02,Utah,Oregon State,250,2,12:41:00,761,761,Alfred Hollins Block.,47,56,-9,0,0.1920297097944642,0.14600658107567782,3,4,3,NA,NA,NA,NA,NA,NA,NA,NA,Utah,Utah
401087130,2019-02-02,Utah,Oregon State,251,2,12:41:00,761,761,Donnie Tillman Offensive Rebound.,47,56,-9,0,0.1920297097944642,0.14600658107567782,3,4,3,NA,NA,NA,NA,NA,NA,NA,NA,Utah,Utah
401087130,2019-02-02,Utah,Oregon State,252,2,12:39:00,759,759,Utah  Turnover.,47,56,-9,2,0.19158029421009973,0.14567652061234942,3,4,3,NA,NA,NA,NA,NA,NA,NA,NA,Utah,Oregon State
401087130,2019-02-02,Utah,Oregon State,253,2,12:18:00,738,738,Tres Tinkle made Layup.,47,58,-11,21,0.13326678455327945,0.0998597560826689,3,4,3,NA,NA,Oregon State,made,Tres Tinkle,NA,FALSE,FALSE,Oregon State,Utah
401087130,2019-02-02,Utah,Oregon State,254,2,12:01:00,721,721,Timmy Allen made Layup.,49,58,-9,17,0.18217291121491327,0.1387463994640405,3,4,3,NA,NA,Utah,made,Timmy Allen,NA,FALSE,FALSE,Utah,Oregon State
401087130,2019-02-02,Utah,Oregon State,255,2,11:43:00,703,703,Tres Tinkle Turnover.,49,58,-9,18,0.1780295673208426,0.1357116050535297,3,4,3,NA,NA,NA,NA,NA,NA,NA,NA,Oregon State,Utah
401087130,2019-02-02,Utah,Oregon State,256,2,11:43:00,703,703,Official TV Timeout,49,58,-9,0,0.1780295673208426,0.1357116050535297,3,4,3,NA,NA,NA,NA,NA,NA,NA,NA,Oregon State,Utah
401087130,2019-02-02,Utah,Oregon State,257,2,11:31:00,691,691,Foul on Tres Tinkle.,49,58,-9,12,0.17552275860190247,0.1338865683489727,3,4,3,NA,NA,NA,NA,NA,NA,NA,NA,Utah,Utah
401087130,2019-02-02,Utah,Oregon State,258,2,11:11:00,671,671,Riley Battin missed Jumper.,49,58,-9,20,0.17162513581454011,0.13106201521919855,3,4,3,NA,NA,Utah,missed,Riley Battin,NA,FALSE,FALSE,Utah,Utah
401087130,2019-02-02,Utah,Oregon State,259,2,11:11:00,671,671,Alfred Hollins Block.,49,58,-9,0,0.17162513581454011,0.13106201521919855,3,4,3,NA,NA,NA,NA,NA,NA,NA,NA,Utah,Utah
401087130,2019-02-02,Utah,Oregon State,260,2,11:11:00,671,671,Utah Offensive Rebound.,49,58,-9,0,0.17162513581454011,0.13106201521919855,3,4,3,NA,NA,NA,NA,NA,NA,NA,NA,Utah,Utah
401087130,2019-02-02,Utah,Oregon State,261,2,11:11:00,671,671,Utah  Turnover.,49,58,-9,0,0.17162513581454011,0.13106201521919855,3,4,3,NA,NA,NA,NA,NA,NA,NA,NA,Utah,Oregon State
401087130,2019-02-02,Utah,Oregon State,262,2,10:57:00,657,657,Gligorije Rakocevic made Layup.,49,60,-11,14,0.1174429658844698,0.08846655800912621,3,4,3,NA,NA,Oregon State,made,Gligorije Rakocevic,NA,FALSE,FALSE,Oregon State,Utah
401087130,2019-02-02,Utah,Oregon State,263,2,10:38:00,638,638,Jayce Johnson missed Layup.,49,60,-11,19,0.11425825111837848,0.08618774252784545,3,4,3,NA,NA,Utah,missed,Jayce Johnson,NA,FALSE,FALSE,Utah,Utah
401087130,2019-02-02,Utah,Oregon State,264,2,10:35:00,635,635,Jayce Johnson Offensive Rebound.,49,60,-11,3,0.11374446647096974,0.085819441278459,3,4,3,NA,NA,NA,NA,NA,NA,NA,NA,Utah,Utah
401087130,2019-02-02,Utah,Oregon State,265,2,10:35:00,635,635,Jayce Johnson missed Layup.,49,60,-11,0,0.11374446647096974,0.085819441278459,3,4,3,NA,NA,Utah,missed,Jayce Johnson,NA,FALSE,FALSE,Utah,Oregon State
401087130,2019-02-02,Utah,Oregon State,266,2,10:32:00,632,632,Alfred Hollins Defensive Rebound.,49,60,-11,3,0.1132259663720495,0.08544750992086379,3,4,3,NA,NA,NA,NA,NA,NA,NA,NA,Utah,Oregon State
401087130,2019-02-02,Utah,Oregon State,267,2,10:03:00,603,603,Sedrick Barefield Defensive Rebound.,49,60,-11,29,0.10785607314846528,0.0815779358906856,3,4,3,NA,NA,NA,NA,NA,NA,NA,NA,Oregon State,Utah
401087130,2019-02-02,Utah,Oregon State,268,2,09:53:00,593,593,Sedrick Barefield made Jumper.,51,60,-9,10,0.15570736842610317,0.11948622252977002,3,4,3,NA,NA,Utah,made,Sedrick Barefield,NA,FALSE,FALSE,Utah,Oregon State
401087130,2019-02-02,Utah,Oregon State,269,2,09:22:00,562,562,Antoine Vernon Turnover.,51,60,-9,31,0.1472574617723695,0.11323872155547068,3,4,3,NA,NA,NA,NA,NA,NA,NA,NA,Oregon State,Utah
401087130,2019-02-02,Utah,Oregon State,270,2,09:22:00,562,562,Jayce Johnson Steal.,51,60,-9,0,0.1472574617723695,0.11323872155547068,3,4,3,NA,NA,NA,NA,NA,NA,NA,NA,Oregon State,Utah
401087130,2019-02-02,Utah,Oregon State,271,2,09:17:00,557,557,Sedrick Barefield Turnover.,51,60,-9,5,0.14571381460410662,0.11209106182764512,3,4,3,NA,NA,NA,NA,NA,NA,NA,NA,Utah,Oregon State
401087130,2019-02-02,Utah,Oregon State,272,2,08:57:00,537,537,Zach Reichle missed Layup.,51,60,-9,20,0.13952280076984122,0.107489014046043,3,4,3,NA,NA,Oregon State,missed,Zach Reichle,NA,FALSE,FALSE,Oregon State,Oregon State
401087130,2019-02-02,Utah,Oregon State,273,2,08:55:00,535,535,Stephen Thompson Jr. Offensive Rebound.,51,60,-9,2,0.13897120992927833,0.1070813022034352,3,4,3,NA,NA,NA,NA,NA,NA,NA,NA,Oregon State,Oregon State
401087130,2019-02-02,Utah,Oregon State,274,2,08:47:00,527,527,Zach Reichle missed Three Point Jumper.,51,60,-9,8,0.1368781877432359,0.1055384209155992,3,4,3,NA,NA,Oregon State,missed,Zach Reichle,NA,TRUE,FALSE,Oregon State,Utah
401087130,2019-02-02,Utah,Oregon State,275,2,08:44:00,524,524,Riley Battin Defensive Rebound.,51,60,-9,3,0.13613313525617102,0.10499072787029053,3,4,3,NA,NA,NA,NA,NA,NA,NA,NA,Oregon State,Utah
401087130,2019-02-02,Utah,Oregon State,276,2,08:39:00,519,519,Sedrick Barefield made Three Point Jumper.,54,60,-6,5,0.24221167163103663,0.19233158162310895,3,4,3,NA,NA,Utah,made,Sedrick Barefield,NA,TRUE,FALSE,Utah,Oregon State
401087130,2019-02-02,Utah,Oregon State,277,2,08:21:00,501,501,Alfred Hollins missed Three Point Jumper.,54,60,-6,18,0.2377060004089352,0.18898239185800808,3,4,3,NA,NA,Oregon State,missed,Alfred Hollins,NA,TRUE,FALSE,Oregon State,Utah
401087130,2019-02-02,Utah,Oregon State,278,2,08:18:00,498,498,Jayce Johnson Defensive Rebound.,54,60,-6,3,0.23696281217882945,0.18843074720271125,3,4,3,NA,NA,NA,NA,NA,NA,NA,NA,Oregon State,Utah
401087130,2019-02-02,Utah,Oregon State,279,2,08:11:00,491,491,Foul on Stephen Thompson Jr..,54,60,-6,7,0.2352085967430068,0.18712745790446952,3,4,3,NA,NA,NA,NA,NA,NA,NA,NA,Utah,Utah
401087130,2019-02-02,Utah,Oregon State,280,2,08:11:00,491,491,Sedrick Barefield missed Free Throw.,54,60,-6,0,0.2352085967430068,0.18712745790446952,3,4,3,NA,NA,Utah,missed,Sedrick Barefield,NA,FALSE,TRUE,Utah,Utah
401087130,2019-02-02,Utah,Oregon State,281,2,08:11:00,491,491,Utah Deadball Team Rebound.,54,60,-6,0,0.2352085967430068,0.18712745790446952,3,4,3,NA,NA,NA,NA,NA,NA,NA,NA,Utah,Utah
401087130,2019-02-02,Utah,Oregon State,282,2,08:11:00,491,491,Sedrick Barefield made Free Throw.,55,60,-5,0,0.28204647742501765,0.22723558190243504,3,4,3,NA,NA,Utah,made,Sedrick Barefield,NA,FALSE,TRUE,Utah,Oregon State
401087130,2019-02-02,Utah,Oregon State,283,2,07:51:00,471,471,Official TV Timeout,55,60,-5,20,0.27685524006448586,0.2233457952977591,3,4,3,NA,NA,NA,NA,NA,NA,NA,NA,Oregon State,Oregon State
401087130,2019-02-02,Utah,Oregon State,284,2,07:44:00,464,464,Ethan Thompson missed Jumper.,55,60,-5,7,0.27482104192096923,0.2218059207274995,3,4,3,NA,NA,Oregon State,missed,Ethan Thompson,NA,FALSE,FALSE,Oregon State,Oregon State
401087130,2019-02-02,Utah,Oregon State,285,2,07:41:00,461,461,Tres Tinkle Offensive Rebound.,55,60,-5,3,0.27390323385932097,0.22110815220077015,3,4,3,NA,NA,NA,NA,NA,NA,NA,NA,Oregon State,Oregon State
401087130,2019-02-02,Utah,Oregon State,286,2,07:40:00,460,460,Tres Tinkle made Jumper.,55,62,-7,1,0.18531836803464,0.1461846376468603,3,4,3,NA,NA,Oregon State,made,Tres Tinkle,NA,FALSE,FALSE,Oregon State,Utah
401087130,2019-02-02,Utah,Oregon State,287,2,07:13:00,433,433,Timmy Allen missed Jumper.,55,62,-7,27,0.17513642621818845,0.1384474128133834,3,4,3,NA,NA,Utah,missed,Timmy Allen,NA,FALSE,FALSE,Utah,Utah
401087130,2019-02-02,Utah,Oregon State,288,2,07:13:00,433,433,Kylor Kelley Block.,55,62,-7,0,0.17513642621818845,0.1384474128133834,3,4,3,NA,NA,NA,NA,NA,NA,NA,NA,Utah,Utah
401087130,2019-02-02,Utah,Oregon State,289,2,07:08:00,428,428,Jayce Johnson Offensive Rebound.,55,62,-7,5,0.17289777463671707,0.136732985487336,3,4,3,NA,NA,NA,NA,NA,NA,NA,NA,Utah,Utah
401087130,2019-02-02,Utah,Oregon State,290,2,07:08:00,428,428,Jayce Johnson missed Layup.,55,62,-7,0,0.17289777463671707,0.136732985487336,3,4,3,NA,NA,Utah,missed,Jayce Johnson,NA,FALSE,FALSE,Utah,Utah
401087130,2019-02-02,Utah,Oregon State,291,2,07:08:00,428,428,Kylor Kelley Block.,55,62,-7,0,0.17289777463671707,0.136732985487336,3,4,3,NA,NA,NA,NA,NA,NA,NA,NA,Utah,Utah
401087130,2019-02-02,Utah,Oregon State,292,2,07:03:00,423,423,Sedrick Barefield Offensive Rebound.,55,62,-7,5,0.17071552515685487,0.13506702310963278,3,4,3,NA,NA,NA,NA,NA,NA,NA,NA,Utah,Utah
401087130,2019-02-02,Utah,Oregon State,293,2,07:03:00,423,423,Sedrick Barefield missed Three Point Jumper.,55,62,-7,0,0.17071552515685487,0.13506702310963278,3,4,3,NA,NA,Utah,missed,Sedrick Barefield,NA,TRUE,FALSE,Utah,Oregon State
401087130,2019-02-02,Utah,Oregon State,294,2,07:00:00,420,420,Antoine Vernon Defensive Rebound.,55,62,-7,3,0.1694475341037968,0.13410226852496884,3,4,3,NA,NA,NA,NA,NA,NA,NA,NA,Utah,Oregon State
401087130,2019-02-02,Utah,Oregon State,295,2,06:58:00,418,418,Ethan Thompson made Three Point Jumper. Assisted by Antoine Vernon.,55,65,-10,2,0.08339075678843871,0.06462842957914894,3,4,3,NA,NA,Oregon State,made,Ethan Thompson,Antoine Vernon,TRUE,FALSE,Oregon State,Utah
401087130,2019-02-02,Utah,Oregon State,296,2,06:28:00,388,388,Jayce Johnson made Jumper. Assisted by Sedrick Barefield.,57,65,-8,30,0.12360699465674144,0.09740429581324686,3,4,3,NA,NA,Utah,made,Jayce Johnson,Sedrick Barefield,FALSE,FALSE,Utah,Oregon State
401087130,2019-02-02,Utah,Oregon State,297,2,06:28:00,388,388,Foul on Antoine Vernon.,57,65,-8,0,0.12360699465674144,0.09740429581324686,3,4,3,NA,NA,NA,NA,NA,NA,NA,NA,Utah,Oregon State
401087130,2019-02-02,Utah,Oregon State,298,2,06:28:00,388,388,Jayce Johnson made Free Throw.,58,65,-7,0,0.15704159078995775,0.12476025998643268,3,4,3,NA,NA,Utah,made,Jayce Johnson,NA,FALSE,TRUE,Utah,Utah
401087130,2019-02-02,Utah,Oregon State,300,2,05:52:00,352,352,Kylor Kelley Block.,58,67,-9,0,0.08487222940929087,0.06687371284858898,3,4,3,NA,NA,NA,NA,NA,NA,NA,NA,Utah,Oregon State
401087130,2019-02-02,Utah,Oregon State,301,2,05:48:00,348,348,Kylor Kelley Defensive Rebound.,58,67,-9,4,0.08347057532723702,0.06581920773399125,3,4,3,NA,NA,NA,NA,NA,NA,NA,NA,Utah,Oregon State
401087130,2019-02-02,Utah,Oregon State,302,2,05:21:00,321,321,Kylor Kelley made Layup. Assisted by Tres Tinkle.,58,69,-11,27,0.04068682758266788,0.03202069854795634,3,4,3,NA,NA,Oregon State,made,Kylor Kelley,Tres Tinkle,FALSE,FALSE,Oregon State,Utah
401087130,2019-02-02,Utah,Oregon State,303,2,05:09:00,309,309,Timmy Allen made Jumper. Assisted by Charles Jones Jr.,60,69,-9,12,0.06788463996755421,0.05394330334771904,3,4,3,NA,NA,Utah,made,Timmy Allen,Charles Jones Jr,FALSE,FALSE,Utah,Oregon State
401087130,2019-02-02,Utah,Oregon State,304,2,05:07:00,307,307,Utah  Timeout,60,69,-9,2,0.06710178011513863,0.05334420246180307,3,3,3,NA,NA,NA,NA,NA,NA,NA,NA,Oregon State,Oregon State
401087130,2019-02-02,Utah,Oregon State,305,2,04:45:00,285,285,Tres Tinkle missed Jumper.,60,69,-9,22,0.06382935019223324,0.05104051565432701,3,3,3,NA,NA,Oregon State,missed,Tres Tinkle,NA,FALSE,FALSE,Oregon State,Oregon State
401087130,2019-02-02,Utah,Oregon State,306,2,04:42:00,282,282,Kylor Kelley Offensive Rebound.,60,69,-9,3,0.06393363762463798,0.05117064864467396,3,3,3,NA,NA,NA,NA,NA,NA,NA,NA,Oregon State,Oregon State
401087130,2019-02-02,Utah,Oregon State,307,2,04:14:00,254,254,Ethan Thompson missed Jumper.,60,69,-9,28,0.06745280544491307,0.05448463682193377,3,3,3,NA,NA,Oregon State,missed,Ethan Thompson,NA,FALSE,FALSE,Oregon State,Utah
401087130,2019-02-02,Utah,Oregon State,308,2,04:11:00,251,251,Parker Van Dyke Defensive Rebound.,60,69,-9,3,0.06784244478563078,0.05485459380093914,3,3,3,NA,NA,NA,NA,NA,NA,NA,NA,Oregon State,Utah
401087130,2019-02-02,Utah,Oregon State,309,2,04:03:00,243,243,Parker Van Dyke missed Three Point Jumper.,60,69,-9,8,0.06859026208836451,0.05560700874066619,3,3,3,NA,NA,Utah,missed,Parker Van Dyke,NA,TRUE,FALSE,Utah,Utah
401087130,2019-02-02,Utah,Oregon State,310,2,03:59:00,239,239,Donnie Tillman Offensive Rebound.,60,69,-9,4,0.06873859766470582,0.05580011492089154,3,3,3,NA,NA,NA,NA,NA,NA,NA,NA,Utah,Utah
401087130,2019-02-02,Utah,Oregon State,311,2,03:43:00,223,223,Sedrick Barefield made Three Point Jumper.,63,69,-6,16,0.15667963188612366,0.13012294377295566,3,3,3,NA,NA,Utah,made,Sedrick Barefield,NA,TRUE,FALSE,Utah,Oregon State
401087130,2019-02-02,Utah,Oregon State,312,2,03:08:00,188,188,Tres Tinkle made Layup.,63,71,-8,35,0.06484021948228366,0.05356710452295844,3,3,3,NA,NA,Oregon State,made,Tres Tinkle,NA,FALSE,FALSE,Oregon State,Utah
401087130,2019-02-02,Utah,Oregon State,313,2,02:47:00,167,167,Sedrick Barefield made Layup.,65,71,-6,21,0.09711050076027876,0.08139091602238317,3,3,3,NA,NA,Utah,made,Sedrick Barefield,NA,FALSE,FALSE,Utah,Oregon State
401087130,2019-02-02,Utah,Oregon State,314,2,02:18:00,138,138,Stephen Thompson Jr. missed Jumper.,65,71,-6,29,0.06447213052989799,0.05440098270799823,3,3,3,NA,NA,Oregon State,missed,Stephen Thompson Jr.,NA,FALSE,FALSE,Oregon State,Utah
401087130,2019-02-02,Utah,Oregon State,315,2,02:15:00,135,135,Donnie Tillman Defensive Rebound.,65,71,-6,3,0.06137269566978408,0.05182904191359849,3,3,3,NA,NA,NA,NA,NA,NA,NA,NA,Oregon State,Utah
401087130,2019-02-02,Utah,Oregon State,316,2,02:13:00,133,133,Timmy Allen made Layup.,67,71,-4,2,0.14395212544605995,0.12335688394650696,3,3,3,NA,NA,Utah,made,Timmy Allen,NA,FALSE,FALSE,Utah,Oregon State
401087130,2019-02-02,Utah,Oregon State,317,2,01:43:00,103,103,Tres Tinkle made Three Point Jumper.,67,74,-7,30,0.01808582834986358,0.01540490698966254,3,3,3,NA,NA,Oregon State,made,Tres Tinkle,NA,TRUE,FALSE,Oregon State,Utah
401087130,2019-02-02,Utah,Oregon State,318,2,01:40:00,100,100,Oregon State  Timeout,67,74,-7,3,0.01658829724684393,0.01414806487698925,2,3,3,NA,NA,NA,NA,NA,NA,NA,NA,Utah,Utah
401087130,2019-02-02,Utah,Oregon State,319,2,01:40:00,100,100,Official TV Timeout,67,74,-7,0,0.01658829724684393,0.01414806487698925,2,3,3,NA,NA,NA,NA,NA,NA,NA,NA,Utah,Utah
401087130,2019-02-02,Utah,Oregon State,320,2,01:29:00,89,89,Sedrick Barefield missed Layup.,67,74,-7,11,0.01182864868889603,0.01014011764519035,2,3,3,NA,NA,Utah,missed,Sedrick Barefield,NA,FALSE,FALSE,Utah,Utah
401087130,2019-02-02,Utah,Oregon State,321,2,01:29:00,89,89,Kylor Kelley Block.,67,74,-7,0,0.01182864868889603,0.01014011764519035,2,3,3,NA,NA,NA,NA,NA,NA,NA,NA,Utah,Utah
401087130,2019-02-02,Utah,Oregon State,322,2,01:26:00,86,86,Donnie Tillman Offensive Rebound.,67,74,-7,3,0.01075375850417879,0.00923203922999329,2,3,3,NA,NA,NA,NA,NA,NA,NA,NA,Utah,Utah
401087130,2019-02-02,Utah,Oregon State,323,2,01:26:00,86,86,Foul on Timmy Allen.,67,74,-7,0,0.01075375850417879,0.00923203922999329,2,3,3,NA,NA,NA,NA,NA,NA,NA,NA,Utah,Oregon State
401087130,2019-02-02,Utah,Oregon State,324,2,01:23:00,83,83,Foul on Parker Van Dyke.,67,74,-7,3,0.00976216583545958,0.00839312305947378,2,3,3,NA,NA,NA,NA,NA,NA,NA,NA,Oregon State,Oregon State
401087130,2019-02-02,Utah,Oregon State,325,2,01:21:00,81,81,Foul on Timmy Allen.,67,74,-7,2,0.00914346041666956,0.00786901795145662,2,3,3,NA,NA,NA,NA,NA,NA,NA,NA,Oregon State,Oregon State
401087130,2019-02-02,Utah,Oregon State,326,2,01:21:00,81,81,Utah  Timeout,67,74,-7,0,0.00914346041666956,0.00786901795145662,2,2,3,NA,NA,NA,NA,NA,NA,NA,NA,Oregon State,Oregon State
401087130,2019-02-02,Utah,Oregon State,327,2,01:15:00,75,75,Tres Tinkle Turnover.,67,74,-7,6,0.00746942203661331,0.0064479669151875,2,2,3,NA,NA,NA,NA,NA,NA,NA,NA,Oregon State,Utah
401087130,2019-02-02,Utah,Oregon State,328,2,00:58:00,58,58,Riley Battin missed Three Point Jumper.,67,74,-7,17,0.00401399448167618,0.00349689113950505,2,2,3,NA,NA,Utah,missed,Riley Battin,NA,TRUE,FALSE,Utah,Oregon State
401087130,2019-02-02,Utah,Oregon State,329,2,00:58:00,58,58,Tres Tinkle Block.,67,74,-7,0,0.00401399448167618,0.00349689113950505,2,2,3,NA,NA,NA,NA,NA,NA,NA,NA,Utah,Oregon State
401087130,2019-02-02,Utah,Oregon State,330,2,00:54:00,54,54,Ethan Thompson Defensive Rebound.,67,74,-7,4,0.00343944359068499,0.00300307677061053,2,2,3,NA,NA,NA,NA,NA,NA,NA,NA,Utah,Oregon State
401087130,2019-02-02,Utah,Oregon State,331,2,00:53:00,53,53,Foul on Sedrick Barefield.,67,74,-7,1,0.00330733230378419,0.00288935913764486,2,2,3,NA,NA,NA,NA,NA,NA,NA,NA,Oregon State,Oregon State
401087130,2019-02-02,Utah,Oregon State,332,2,00:53:00,53,53,Tres Tinkle made Free Throw.,67,75,-8,0,0.00143789949266958,0.00125588331843946,2,2,3,NA,NA,Oregon State,made,Tres Tinkle,NA,FALSE,TRUE,Oregon State,Oregon State
401087130,2019-02-02,Utah,Oregon State,333,2,00:53:00,53,53,Tres Tinkle made Free Throw.,67,76,-9,0,6.244807286377269e-4,5.453747440966525e-4,2,2,3,NA,NA,Oregon State,made,Tres Tinkle,NA,FALSE,TRUE,Oregon State,Utah
401087130,2019-02-02,Utah,Oregon State,334,2,00:41:00,41,41,Timmy Allen made Jumper. Assisted by Sedrick Barefield.,69,76,-7,12,0.00202819497373606,0.00178421728840454,2,2,3,NA,NA,Utah,made,Timmy Allen,Sedrick Barefield,FALSE,FALSE,Utah,Oregon State
401087130,2019-02-02,Utah,Oregon State,335,2,00:40:00,40,40,Foul on Parker Van Dyke.,69,76,-7,1,0.00194400294519798,0.00171116440278513,2,2,3,NA,NA,NA,NA,NA,NA,NA,NA,Oregon State,Oregon State
401087130,2019-02-02,Utah,Oregon State,336,2,00:40:00,40,40,Kylor Kelley made Free Throw.,69,77,-8,0,7.835447499341201e-4,6.896014198796817e-4,2,2,3,NA,NA,Oregon State,made,Kylor Kelley,NA,FALSE,TRUE,Oregon State,Oregon State
401087130,2019-02-02,Utah,Oregon State,337,2,00:40:00,40,40,Kylor Kelley made Free Throw.,69,78,-9,0,3.1559445391321223e-4,2.777405684468464e-4,2,2,3,NA,NA,Oregon State,made,Kylor Kelley,NA,FALSE,TRUE,Oregon State,Utah
401087130,2019-02-02,Utah,Oregon State,338,2,00:34:00,34,34,Foul on Stephen Thompson Jr..,69,78,-9,6,2.2628805995361068e-4,1.998705092184059e-4,2,2,3,NA,NA,NA,NA,NA,NA,NA,NA,Utah,Utah
401087130,2019-02-02,Utah,Oregon State,339,2,00:34:00,34,34,Sedrick Barefield missed Free Throw.,69,78,-9,0,2.2628805995361068e-4,1.998705092184059e-4,2,2,3,NA,NA,Utah,missed,Sedrick Barefield,NA,FALSE,TRUE,Utah,Oregon State
401087130,2019-02-02,Utah,Oregon State,340,2,00:32:00,32,32,Tres Tinkle Defensive Rebound.,69,78,-9,2,2.021049898053208e-4,1.7872883006055186e-4,2,2,3,NA,NA,NA,NA,NA,NA,NA,NA,Utah,Oregon State
401087130,2019-02-02,Utah,Oregon State,341,2,00:29:00,29,29,Foul on Riley Battin.,69,78,-9,3,1.7028127548962205e-4,1.5086357327485407e-4,2,2,3,NA,NA,NA,NA,NA,NA,NA,NA,Oregon State,Oregon State
401087130,2019-02-02,Utah,Oregon State,342,2,00:29:00,29,29,Ethan Thompson made Free Throw.,69,79,-10,0,6.406466732758062e-5,5.6758486936347595e-5,2,2,3,NA,NA,Oregon State,made,Ethan Thompson,NA,FALSE,TRUE,Oregon State,Oregon State
401087130,2019-02-02,Utah,Oregon State,343,2,00:29:00,29,29,Ethan Thompson missed Free Throw.,69,79,-10,0,6.406466732758062e-5,5.6758486936347595e-5,2,2,3,NA,NA,Oregon State,missed,Ethan Thompson,NA,FALSE,TRUE,Oregon State,Oregon State
401087130,2019-02-02,Utah,Oregon State,344,2,00:27:00,27,27,Ethan Thompson Offensive Rebound.,69,79,-10,2,5.636571441391355e-5,4.999928147389964e-5,2,2,3,NA,NA,NA,NA,NA,NA,NA,NA,Oregon State,Oregon State
401087130,2019-02-02,Utah,Oregon State,345,2,00:23:00,23,23,Foul on Timmy Allen.,69,79,-10,4,4.351546150888618e-5,3.869645269767285e-5,2,2,3,NA,NA,NA,NA,NA,NA,NA,NA,Oregon State,Oregon State
401087130,2019-02-02,Utah,Oregon State,346,2,00:23:00,23,23,Stephen Thompson Jr. made Free Throw.,69,80,-11,0,1.57552190769244e-5,1.4010404446194398e-5,2,2,3,NA,NA,Oregon State,made,Stephen Thompson Jr.,NA,FALSE,TRUE,Oregon State,Oregon State
401087130,2019-02-02,Utah,Oregon State,347,2,00:23:00,23,23,Stephen Thompson Jr. made Free Throw.,69,81,-12,0,5.704237608906503e-6,5.072515120809729e-6,2,2,3,NA,NA,Oregon State,made,Stephen Thompson Jr.,NA,FALSE,TRUE,Oregon State,Utah
401087130,2019-02-02,Utah,Oregon State,348,2,00:13:00,13,13,Parker Van Dyke missed Three Point Jumper.,69,81,-12,10,2.5358450621162664e-6,2.2693232733227548e-6,2,2,3,NA,NA,Utah,missed,Parker Van Dyke,NA,TRUE,FALSE,Utah,Utah
401087130,2019-02-02,Utah,Oregon State,349,2,00:11:00,11,11,Donnie Tillman Offensive Rebound.,69,81,-12,2,2.1423113907021897e-6,1.9196174368618344e-6,2,2,3,NA,NA,NA,NA,NA,NA,NA,NA,Utah,Utah
401087130,2019-02-02,Utah,Oregon State,350,2,00:07:00,7,7,Parker Van Dyke made Three Point Jumper. Assisted by Riley Battin.,72,81,-9,4,4.4480938301796816e-5,3.9960649133547726e-5,2,2,3,NA,NA,Utah,made,Parker Van Dyke,Riley Battin,TRUE,FALSE,Utah,Oregon State
401087130,2019-02-02,Utah,Oregon State,351,2,00:00:00,0,0,End of 2nd half,72,81,-9,7,7.444447037104221e-79,6.714184288211594e-79,2,2,3,NA,NA,NA,NA,NA,NA,NA,NA,Oregon State,NA
401087130,2019-02-02,Utah,Oregon State,352,2,00:00:00,0,0,End of Game,72,81,-9,0,7.444447037104221e-79,6.714184288211594e-79,2,2,3,NA,NA,NA,NA,NA,NA,NA,NA,Oregon State,NA
