game_id,date,home,away,play_id,half,time_remaining_half,secs_remaining,secs_remaining_absolute,description,action_team,home_score,away_score,score_diff,play_length,scoring_play,foul,win_prob,naive_win_prob,home_time_out_remaining,away_time_out_remaining,home_favored_by,total_line,referees,arena_location,arena,capacity,attendance,shot_x,shot_y,shot_team,shot_outcome,shooter,assist,three_pt,free_throw,possession_before,possession_after,wrong_time
401711681,2024-11-04,Duquesne,Lipscomb,1,1,19:47,2387,2387,Maximus Edwards missed Jumper.,home,0,0,0,0,FALSE,FALSE,0.6366327316892728,0.5,6,6,3.5,148.5,Chet Walker/John Barley/Jarrett Robinson,"Pittsburgh, PA",UPMC Cooper Fieldhouse,NA,2274,NA,NA,Duquesne,missed,Maximus Edwards,NA,FALSE,FALSE,Duquesne,Duquesne,FALSE
401711681,2024-11-04,Duquesne,Lipscomb,2,1,19:38,2378,2378,Maximus Edwards Offensive Rebound.,home,0,0,0,9,FALSE,FALSE,0.6365143132868308,0.5,6,6,3.5,148.5,Chet Walker/John Barley/Jarrett Robinson,"Pittsburgh, PA",UPMC Cooper Fieldhouse,NA,2274,NA,NA,NA,NA,NA,NA,NA,NA,Duquesne,Duquesne,FALSE
401711681,2024-11-04,Duquesne,Lipscomb,3,1,19:35,2375,2375,Kareem Rozier missed Jumper.,home,0,0,0,3,FALSE,FALSE,0.6364745531816229,0.5,6,6,3.5,148.5,Chet Walker/John Barley/Jarrett Robinson,"Pittsburgh, PA",UPMC Cooper Fieldhouse,NA,2274,NA,NA,Duquesne,missed,Kareem Rozier,NA,FALSE,FALSE,Duquesne,Duquesne,FALSE
401711681,2024-11-04,Duquesne,Lipscomb,4,1,19:34,2374,2374,Foul on Charlie Williams.,away,0,0,0,1,FALSE,TRUE,0.6364612676939914,0.5,6,6,3.5,148.5,Chet Walker/John Barley/Jarrett Robinson,"Pittsburgh, PA",UPMC Cooper Fieldhouse,NA,2274,NA,NA,NA,NA,NA,NA,NA,NA,Duquesne,Duquesne,FALSE
401711681,2024-11-04,Duquesne,Lipscomb,5,1,19:34,2374,2374,Jahsean Corbett missed Free Throw.,home,0,0,0,0,FALSE,FALSE,0.6364612676939914,0.5,6,6,3.5,148.5,Chet Walker/John Barley/Jarrett Robinson,"Pittsburgh, PA",UPMC Cooper Fieldhouse,NA,2274,NA,NA,Duquesne,missed,Jahsean Corbett,NA,FALSE,TRUE,Duquesne,Lipscomb,FALSE
401711681,2024-11-04,Duquesne,Lipscomb,6,1,19:34,2374,2374,Duquesne Offensive Rebound.,home,0,0,0,0,FALSE,FALSE,0.6364612676939914,0.5,6,6,3.5,148.5,Chet Walker/John Barley/Jarrett Robinson,"Pittsburgh, PA",UPMC Cooper Fieldhouse,NA,2274,NA,NA,NA,NA,NA,NA,NA,NA,Duquesne,Lipscomb,FALSE
401711681,2024-11-04,Duquesne,Lipscomb,7,1,19:34,2374,2374,Jahsean Corbett missed Free Throw.,home,0,0,0,0,FALSE,FALSE,0.6364612676939914,0.5,6,6,3.5,148.5,Chet Walker/John Barley/Jarrett Robinson,"Pittsburgh, PA",UPMC Cooper Fieldhouse,NA,2274,NA,NA,Duquesne,missed,Jahsean Corbett,NA,FALSE,TRUE,Duquesne,Lipscomb,FALSE
401711681,2024-11-04,Duquesne,Lipscomb,8,1,19:34,2374,2374,Jacob Ognacevic Defensive Rebound.,away,0,0,0,0,FALSE,FALSE,0.6364612676939914,0.5,6,6,3.5,148.5,Chet Walker/John Barley/Jarrett Robinson,"Pittsburgh, PA",UPMC Cooper Fieldhouse,NA,2274,NA,NA,NA,NA,NA,NA,NA,NA,Duquesne,Lipscomb,FALSE
401711681,2024-11-04,Duquesne,Lipscomb,9,1,19:33,2373,2373,Jahsean Corbett Offensive Rebound.,home,0,0,0,1,FALSE,FALSE,0.6364479661089409,0.5,6,6,3.5,148.5,Chet Walker/John Barley/Jarrett Robinson,"Pittsburgh, PA",UPMC Cooper Fieldhouse,NA,2274,NA,NA,NA,NA,NA,NA,NA,NA,Lipscomb,Lipscomb,FALSE
401711681,2024-11-04,Duquesne,Lipscomb,10,1,19:05,2345,2345,Will Pruitt missed Jumper.,away,0,0,0,28,FALSE,FALSE,0.6360688940112903,0.5,6,6,3.5,148.5,Chet Walker/John Barley/Jarrett Robinson,"Pittsburgh, PA",UPMC Cooper Fieldhouse,NA,2274,NA,NA,Lipscomb,missed,Will Pruitt,NA,FALSE,FALSE,Lipscomb,Duquesne,FALSE
401711681,2024-11-04,Duquesne,Lipscomb,11,1,19:02,2342,2342,Maximus Edwards Defensive Rebound.,home,0,0,0,3,FALSE,FALSE,0.6360275087895345,0.5,6,6,3.5,148.5,Chet Walker/John Barley/Jarrett Robinson,"Pittsburgh, PA",UPMC Cooper Fieldhouse,NA,2274,NA,NA,NA,NA,NA,NA,NA,NA,Lipscomb,Duquesne,FALSE
401711681,2024-11-04,Duquesne,Lipscomb,12,1,18:55,2335,2335,Maximus Edwards Turnover.,home,0,0,0,7,FALSE,FALSE,0.6359303533541515,0.5,6,6,3.5,148.5,Chet Walker/John Barley/Jarrett Robinson,"Pittsburgh, PA",UPMC Cooper Fieldhouse,NA,2274,NA,NA,NA,NA,NA,NA,NA,NA,Duquesne,Lipscomb,FALSE
401711681,2024-11-04,Duquesne,Lipscomb,13,1,18:48,2328,2328,Jacob Ognacevic Turnover.,away,0,0,0,7,FALSE,FALSE,0.6358323657124064,0.5,6,6,3.5,148.5,Chet Walker/John Barley/Jarrett Robinson,"Pittsburgh, PA",UPMC Cooper Fieldhouse,NA,2274,NA,NA,NA,NA,NA,NA,NA,NA,Lipscomb,Duquesne,FALSE
401711681,2024-11-04,Duquesne,Lipscomb,14,1,18:23,2303,2303,David Dixon missed Three Point Jumper.,home,0,0,0,25,FALSE,FALSE,0.6354754978214036,0.5,6,6,3.5,148.5,Chet Walker/John Barley/Jarrett Robinson,"Pittsburgh, PA",UPMC Cooper Fieldhouse,NA,2274,NA,NA,Duquesne,missed,David Dixon,NA,TRUE,FALSE,Duquesne,Lipscomb,FALSE
401711681,2024-11-04,Duquesne,Lipscomb,15,1,18:19,2299,2299,Joe Anderson Defensive Rebound.,away,0,0,0,4,FALSE,FALSE,0.6354173808357699,0.5,6,6,3.5,148.5,Chet Walker/John Barley/Jarrett Robinson,"Pittsburgh, PA",UPMC Cooper Fieldhouse,NA,2274,NA,NA,NA,NA,NA,NA,NA,NA,Duquesne,Lipscomb,FALSE
401711681,2024-11-04,Duquesne,Lipscomb,16,1,18:14,2294,2294,Jacob Ognacevic made Three Point Jumper. Assisted by Joe Anderson.,away,0,3,-3,5,TRUE,FALSE,0.5686852865918339,0.4307665299056128,6,6,3.5,148.5,Chet Walker/John Barley/Jarrett Robinson,"Pittsburgh, PA",UPMC Cooper Fieldhouse,NA,2274,NA,NA,Lipscomb,made,Jacob Ognacevic,Joe Anderson,TRUE,FALSE,Lipscomb,Duquesne,FALSE
401711681,2024-11-04,Duquesne,Lipscomb,17,1,17:54,2274,2274,Jahsean Corbett missed Jumper.,home,0,3,-3,20,FALSE,FALSE,0.5677068533902574,0.43010275203991133,6,6,3.5,148.5,Chet Walker/John Barley/Jarrett Robinson,"Pittsburgh, PA",UPMC Cooper Fieldhouse,NA,2274,NA,NA,Duquesne,missed,Jahsean Corbett,NA,FALSE,FALSE,Duquesne,Lipscomb,FALSE
401711681,2024-11-04,Duquesne,Lipscomb,18,1,17:51,2271,2271,Will Pruitt Defensive Rebound.,away,0,3,-3,3,FALSE,FALSE,0.5675589058781626,0.4300027281217788,6,6,3.5,148.5,Chet Walker/John Barley/Jarrett Robinson,"Pittsburgh, PA",UPMC Cooper Fieldhouse,NA,2274,NA,NA,NA,NA,NA,NA,NA,NA,Duquesne,Lipscomb,FALSE
401711681,2024-11-04,Duquesne,Lipscomb,19,1,17:33,2253,2253,Charlie Williams made Three Point Jumper. Assisted by Gyasi Powell.,away,0,6,-6,18,TRUE,FALSE,0.49598966229612235,0.3615606692076368,6,6,3.5,148.5,Chet Walker/John Barley/Jarrett Robinson,"Pittsburgh, PA",UPMC Cooper Fieldhouse,NA,2274,NA,NA,Lipscomb,made,Charlie Williams,Gyasi Powell,TRUE,FALSE,Lipscomb,Duquesne,FALSE
401711681,2024-11-04,Duquesne,Lipscomb,20,1,17:13,2233,2233,Maximus Edwards Turnover.,home,0,6,-6,20,FALSE,FALSE,0.49427861738741563,0.3602921570026273,6,6,3.5,148.5,Chet Walker/John Barley/Jarrett Robinson,"Pittsburgh, PA",UPMC Cooper Fieldhouse,NA,2274,NA,NA,NA,NA,NA,NA,NA,NA,Duquesne,Lipscomb,FALSE
401711681,2024-11-04,Duquesne,Lipscomb,21,1,17:13,2233,2233,Jacob Ognacevic Steal.,away,0,6,-6,0,FALSE,FALSE,0.49427861738741563,0.3602921570026273,6,6,3.5,148.5,Chet Walker/John Barley/Jarrett Robinson,"Pittsburgh, PA",UPMC Cooper Fieldhouse,NA,2274,NA,NA,NA,NA,NA,NA,NA,NA,Duquesne,Lipscomb,FALSE
401711681,2024-11-04,Duquesne,Lipscomb,22,1,17:03,2223,2223,Joe Anderson missed Three Point Jumper.,away,0,6,-6,10,FALSE,FALSE,0.49341685969002236,0.3596556649335847,6,6,3.5,148.5,Chet Walker/John Barley/Jarrett Robinson,"Pittsburgh, PA",UPMC Cooper Fieldhouse,NA,2274,NA,NA,Lipscomb,missed,Joe Anderson,NA,TRUE,FALSE,Lipscomb,Duquesne,FALSE
401711681,2024-11-04,Duquesne,Lipscomb,23,1,16:58,2218,2218,Jahsean Corbett Defensive Rebound.,home,0,6,-6,5,FALSE,FALSE,0.4929844832849306,0.3593369264408573,6,6,3.5,148.5,Chet Walker/John Barley/Jarrett Robinson,"Pittsburgh, PA",UPMC Cooper Fieldhouse,NA,2274,NA,NA,NA,NA,NA,NA,NA,NA,Lipscomb,Duquesne,FALSE
401711681,2024-11-04,Duquesne,Lipscomb,24,1,16:43,2203,2203,Kareem Rozier made Jumper.,home,2,6,-4,15,TRUE,FALSE,0.5401282186014732,0.40413353715913203,6,6,3.5,148.5,Chet Walker/John Barley/Jarrett Robinson,"Pittsburgh, PA",UPMC Cooper Fieldhouse,NA,2274,NA,NA,Duquesne,made,Kareem Rozier,NA,FALSE,FALSE,Duquesne,Lipscomb,FALSE
401711681,2024-11-04,Duquesne,Lipscomb,25,1,16:25,2185,2185,Joe Anderson Turnover.,away,2,6,-4,18,FALSE,FALSE,0.5389784759368151,0.4033286291367885,6,6,3.5,148.5,Chet Walker/John Barley/Jarrett Robinson,"Pittsburgh, PA",UPMC Cooper Fieldhouse,NA,2274,NA,NA,NA,NA,NA,NA,NA,NA,Lipscomb,Duquesne,FALSE
401711681,2024-11-04,Duquesne,Lipscomb,26,1,16:25,2185,2185,Maximus Edwards Steal.,home,2,6,-4,0,FALSE,FALSE,0.5389784759368151,0.4033286291367885,6,6,3.5,148.5,Chet Walker/John Barley/Jarrett Robinson,"Pittsburgh, PA",UPMC Cooper Fieldhouse,NA,2274,NA,NA,NA,NA,NA,NA,NA,NA,Lipscomb,Duquesne,FALSE
401711681,2024-11-04,Duquesne,Lipscomb,27,1,16:17,2177,2177,Maximus Edwards missed Three Point Jumper.,home,2,6,-4,8,FALSE,FALSE,0.5384641592238002,0.4029701336158312,6,6,3.5,148.5,Chet Walker/John Barley/Jarrett Robinson,"Pittsburgh, PA",UPMC Cooper Fieldhouse,NA,2274,NA,NA,Duquesne,missed,Maximus Edwards,NA,TRUE,FALSE,Duquesne,Lipscomb,FALSE
401711681,2024-11-04,Duquesne,Lipscomb,28,1,16:11,2171,2171,Joe Anderson Defensive Rebound.,away,2,6,-4,6,FALSE,FALSE,0.5380771174434392,0.40270100179658863,6,6,3.5,148.5,Chet Walker/John Barley/Jarrett Robinson,"Pittsburgh, PA",UPMC Cooper Fieldhouse,NA,2274,NA,NA,NA,NA,NA,NA,NA,NA,Duquesne,Lipscomb,FALSE
401711681,2024-11-04,Duquesne,Lipscomb,29,1,16:02,2162,2162,Jacob Ognacevic made Layup.,away,2,8,-6,9,TRUE,FALSE,0.48807898550060874,0.35575037592017544,6,6,3.5,148.5,Chet Walker/John Barley/Jarrett Robinson,"Pittsburgh, PA",UPMC Cooper Fieldhouse,NA,2274,NA,NA,Lipscomb,made,Jacob Ognacevic,NA,FALSE,FALSE,Lipscomb,Duquesne,FALSE
401711681,2024-11-04,Duquesne,Lipscomb,30,1,15:41,2141,2141,Kareem Rozier missed Three Point Jumper.,home,2,8,-6,21,FALSE,FALSE,0.48620823955446457,0.3543961007027911,6,6,3.5,148.5,Chet Walker/John Barley/Jarrett Robinson,"Pittsburgh, PA",UPMC Cooper Fieldhouse,NA,2274,NA,NA,Duquesne,missed,Kareem Rozier,NA,TRUE,FALSE,Duquesne,Lipscomb,FALSE
401711681,2024-11-04,Duquesne,Lipscomb,31,1,15:36,2136,2136,Will Pruitt Defensive Rebound.,away,2,8,-6,5,FALSE,FALSE,0.48575994749099816,0.35407251521310246,6,6,3.5,148.5,Chet Walker/John Barley/Jarrett Robinson,"Pittsburgh, PA",UPMC Cooper Fieldhouse,NA,2274,NA,NA,NA,NA,NA,NA,NA,NA,Duquesne,Lipscomb,FALSE
401711681,2024-11-04,Duquesne,Lipscomb,32,1,15:28,2128,2128,Gyasi Powell made Three Point Jumper. Assisted by Will Pruitt.,away,2,11,-9,8,TRUE,FALSE,0.4105762629653825,0.28798689116111176,6,6,3.5,148.5,Chet Walker/John Barley/Jarrett Robinson,"Pittsburgh, PA",UPMC Cooper Fieldhouse,NA,2274,NA,NA,Lipscomb,made,Gyasi Powell,Will Pruitt,TRUE,FALSE,Lipscomb,Duquesne,FALSE
401711681,2024-11-04,Duquesne,Lipscomb,33,1,15:27,2127,2127,Duquesne  Timeout,home,2,11,-9,1,FALSE,FALSE,0.41045454421328736,0.2878995261080566,5,6,3.5,148.5,Chet Walker/John Barley/Jarrett Robinson,"Pittsburgh, PA",UPMC Cooper Fieldhouse,NA,2274,NA,NA,NA,NA,NA,NA,NA,NA,Duquesne,Duquesne,FALSE
401711681,2024-11-04,Duquesne,Lipscomb,34,1,15:27,2127,2127, Official TV Timeout,NA,2,11,-9,0,FALSE,FALSE,0.41045454421328736,0.2878995261080566,5,5,3.5,148.5,Chet Walker/John Barley/Jarrett Robinson,"Pittsburgh, PA",UPMC Cooper Fieldhouse,NA,2274,NA,NA,NA,NA,NA,NA,NA,NA,Duquesne,Duquesne,FALSE
401711681,2024-11-04,Duquesne,Lipscomb,35,1,15:11,2111,2111,Jakub Necas missed Three Point Jumper.,home,2,11,-9,16,FALSE,FALSE,0.4085005400197258,0.2864992609678657,5,5,3.5,148.5,Chet Walker/John Barley/Jarrett Robinson,"Pittsburgh, PA",UPMC Cooper Fieldhouse,NA,2274,NA,NA,Duquesne,missed,Jakub Necas,NA,TRUE,FALSE,Duquesne,Lipscomb,FALSE
401711681,2024-11-04,Duquesne,Lipscomb,36,1,15:07,2107,2107,Grant Asman Defensive Rebound.,away,2,11,-9,4,FALSE,FALSE,0.40801009772668756,0.2861484525340789,5,5,3.5,148.5,Chet Walker/John Barley/Jarrett Robinson,"Pittsburgh, PA",UPMC Cooper Fieldhouse,NA,2274,NA,NA,NA,NA,NA,NA,NA,NA,Duquesne,Lipscomb,FALSE
401711681,2024-11-04,Duquesne,Lipscomb,37,1,14:55,2095,2095,Foul on Tre Dinkins.,home,2,11,-9,12,FALSE,TRUE,0.4065340093054095,0.2850941404531077,5,5,3.5,148.5,Chet Walker/John Barley/Jarrett Robinson,"Pittsburgh, PA",UPMC Cooper Fieldhouse,NA,2274,NA,NA,NA,NA,NA,NA,NA,NA,Lipscomb,Lipscomb,FALSE
401711681,2024-11-04,Duquesne,Lipscomb,38,1,14:55,2095,2095,Will Pruitt made Free Throw.,away,2,12,-10,0,TRUE,FALSE,0.38214344826376395,0.2647393389023188,5,5,3.5,148.5,Chet Walker/John Barley/Jarrett Robinson,"Pittsburgh, PA",UPMC Cooper Fieldhouse,NA,2274,NA,NA,Lipscomb,made,Will Pruitt,NA,FALSE,TRUE,Lipscomb,Lipscomb,FALSE
401711681,2024-11-04,Duquesne,Lipscomb,39,1,14:55,2095,2095,Will Pruitt made Free Throw.,away,2,13,-11,0,TRUE,FALSE,0.3583326696373725,0.24533907698230473,5,5,3.5,148.5,Chet Walker/John Barley/Jarrett Robinson,"Pittsburgh, PA",UPMC Cooper Fieldhouse,NA,2274,NA,NA,Lipscomb,made,Will Pruitt,NA,FALSE,TRUE,Lipscomb,Duquesne,FALSE
401711681,2024-11-04,Duquesne,Lipscomb,40,1,14:42,2082,2082,Eli Wilborn Turnover.,home,2,13,-11,13,FALSE,FALSE,0.35651442659795035,0.24406791572446204,5,5,3.5,148.5,Chet Walker/John Barley/Jarrett Robinson,"Pittsburgh, PA",UPMC Cooper Fieldhouse,NA,2274,NA,NA,NA,NA,NA,NA,NA,NA,Duquesne,Lipscomb,FALSE
401711681,2024-11-04,Duquesne,Lipscomb,41,1,14:26,2066,2066,Jacob Ognacevic made Layup. Assisted by Gyasi Powell.,away,2,15,-13,16,TRUE,FALSE,0.3084373023371124,0.20650560402318327,5,5,3.5,148.5,Chet Walker/John Barley/Jarrett Robinson,"Pittsburgh, PA",UPMC Cooper Fieldhouse,NA,2274,NA,NA,Lipscomb,made,Jacob Ognacevic,Gyasi Powell,FALSE,FALSE,Lipscomb,Duquesne,FALSE
401711681,2024-11-04,Duquesne,Lipscomb,42,1,14:09,2049,2049,Tre Dinkins made Jumper.,home,4,15,-11,17,TRUE,FALSE,0.3518635270047371,0.24082840706165998,5,5,3.5,148.5,Chet Walker/John Barley/Jarrett Robinson,"Pittsburgh, PA",UPMC Cooper Fieldhouse,NA,2274,NA,NA,Duquesne,made,Tre Dinkins,NA,FALSE,FALSE,Duquesne,Lipscomb,FALSE
401711681,2024-11-04,Duquesne,Lipscomb,43,1,13:56,2036,2036,Joe Anderson made Three Point Jumper. Assisted by Gyasi Powell.,away,4,18,-14,13,TRUE,FALSE,0.28211177103432983,0.18691038728678203,5,5,3.5,148.5,Chet Walker/John Barley/Jarrett Robinson,"Pittsburgh, PA",UPMC Cooper Fieldhouse,NA,2274,NA,NA,Lipscomb,made,Joe Anderson,Gyasi Powell,TRUE,FALSE,Lipscomb,Duquesne,FALSE
401711681,2024-11-04,Duquesne,Lipscomb,44,1,13:39,2019,2019,Jake DiMichele made Three Point Jumper. Assisted by Tre Dinkins.,home,7,18,-11,17,TRUE,FALSE,0.34758912354503635,0.23786522331463208,5,5,3.5,148.5,Chet Walker/John Barley/Jarrett Robinson,"Pittsburgh, PA",UPMC Cooper Fieldhouse,NA,2274,NA,NA,Duquesne,made,Jake DiMichele,Tre Dinkins,TRUE,FALSE,Duquesne,Lipscomb,FALSE
401711681,2024-11-04,Duquesne,Lipscomb,45,1,13:25,2005,2005,Will Pruitt made Layup. Assisted by Joe Anderson.,away,7,20,-13,14,TRUE,FALSE,0.2990888583153956,0.20017383285475002,5,5,3.5,148.5,Chet Walker/John Barley/Jarrett Robinson,"Pittsburgh, PA",UPMC Cooper Fieldhouse,NA,2274,NA,NA,Lipscomb,made,Will Pruitt,Joe Anderson,FALSE,FALSE,Lipscomb,Duquesne,FALSE
401711681,2024-11-04,Duquesne,Lipscomb,46,1,13:05,1985,1985,Tre Dinkins made Jumper.,home,9,20,-11,20,TRUE,FALSE,0.34268829426771924,0.23448274182422513,5,5,3.5,148.5,Chet Walker/John Barley/Jarrett Robinson,"Pittsburgh, PA",UPMC Cooper Fieldhouse,NA,2274,NA,NA,Duquesne,made,Tre Dinkins,NA,FALSE,FALSE,Duquesne,Lipscomb,FALSE
401711681,2024-11-04,Duquesne,Lipscomb,47,1,12:48,1968,1968,Will Pruitt made Layup.,away,9,22,-13,17,TRUE,FALSE,0.29334584775947303,0.19630895396135054,5,5,3.5,148.5,Chet Walker/John Barley/Jarrett Robinson,"Pittsburgh, PA",UPMC Cooper Fieldhouse,NA,2274,NA,NA,Lipscomb,made,Will Pruitt,NA,FALSE,FALSE,Lipscomb,Duquesne,FALSE
401711681,2024-11-04,Duquesne,Lipscomb,48,1,12:28,1948,1948,Foul on Joe Anderson.,away,9,22,-13,20,FALSE,TRUE,0.2902170979019623,0.19421043434578422,5,5,3.5,148.5,Chet Walker/John Barley/Jarrett Robinson,"Pittsburgh, PA",UPMC Cooper Fieldhouse,NA,2274,NA,NA,NA,NA,NA,NA,NA,NA,Duquesne,Duquesne,FALSE
401711681,2024-11-04,Duquesne,Lipscomb,49,1,12:28,1948,1948,Tre Dinkins missed Free Throw.,home,9,22,-13,0,FALSE,FALSE,0.2902170979019623,0.19421043434578422,5,5,3.5,148.5,Chet Walker/John Barley/Jarrett Robinson,"Pittsburgh, PA",UPMC Cooper Fieldhouse,NA,2274,NA,NA,Duquesne,missed,Tre Dinkins,NA,FALSE,TRUE,Duquesne,Duquesne,FALSE
401711681,2024-11-04,Duquesne,Lipscomb,50,1,12:28,1948,1948,Duquesne Offensive Rebound.,home,9,22,-13,0,FALSE,FALSE,0.2902170979019623,0.19421043434578422,5,5,3.5,148.5,Chet Walker/John Barley/Jarrett Robinson,"Pittsburgh, PA",UPMC Cooper Fieldhouse,NA,2274,NA,NA,NA,NA,NA,NA,NA,NA,Duquesne,Duquesne,FALSE
401711681,2024-11-04,Duquesne,Lipscomb,51,1,12:28,1948,1948,Tre Dinkins made Free Throw.,home,10,22,-12,0,TRUE,FALSE,0.31326961317982926,0.2119137801273388,5,5,3.5,148.5,Chet Walker/John Barley/Jarrett Robinson,"Pittsburgh, PA",UPMC Cooper Fieldhouse,NA,2274,NA,NA,Duquesne,made,Tre Dinkins,NA,FALSE,TRUE,Duquesne,Lipscomb,FALSE
401711681,2024-11-04,Duquesne,Lipscomb,52,1,12:15,1935,1935,Gyasi Powell made Three Point Jumper. Assisted by Logan Suber.,away,10,25,-15,13,TRUE,FALSE,0.24517336634838696,0.16085258816170303,5,5,3.5,148.5,Chet Walker/John Barley/Jarrett Robinson,"Pittsburgh, PA",UPMC Cooper Fieldhouse,NA,2274,NA,NA,Lipscomb,made,Gyasi Powell,Logan Suber,TRUE,FALSE,Lipscomb,Duquesne,FALSE
401711681,2024-11-04,Duquesne,Lipscomb,53,1,11:56,1916,1916,Jake DiMichele missed Jumper.,home,10,25,-15,19,FALSE,FALSE,0.24211370587927938,0.1588564812203174,5,5,3.5,148.5,Chet Walker/John Barley/Jarrett Robinson,"Pittsburgh, PA",UPMC Cooper Fieldhouse,NA,2274,NA,NA,Duquesne,missed,Jake DiMichele,NA,FALSE,FALSE,Duquesne,Lipscomb,FALSE
401711681,2024-11-04,Duquesne,Lipscomb,54,1,11:55,1915,1915,Charlie Williams Defensive Rebound.,away,10,25,-15,1,FALSE,FALSE,0.24195336149617505,0.15875208579654407,5,5,3.5,148.5,Chet Walker/John Barley/Jarrett Robinson,"Pittsburgh, PA",UPMC Cooper Fieldhouse,NA,2274,NA,NA,NA,NA,NA,NA,NA,NA,Duquesne,Lipscomb,FALSE
401711681,2024-11-04,Duquesne,Lipscomb,55,1,11:55,1915,1915,Foul on David Dixon.,home,10,25,-15,0,FALSE,TRUE,0.24195336149617505,0.15875208579654407,5,5,3.5,148.5,Chet Walker/John Barley/Jarrett Robinson,"Pittsburgh, PA",UPMC Cooper Fieldhouse,NA,2274,NA,NA,NA,NA,NA,NA,NA,NA,Duquesne,Lipscomb,FALSE
401711681,2024-11-04,Duquesne,Lipscomb,56,1,11:55,1915,1915, Official TV Timeout,NA,10,25,-15,0,FALSE,FALSE,0.24195336149617505,0.15875208579654407,5,4,3.5,148.5,Chet Walker/John Barley/Jarrett Robinson,"Pittsburgh, PA",UPMC Cooper Fieldhouse,NA,2274,NA,NA,NA,NA,NA,NA,NA,NA,Duquesne,Lipscomb,FALSE
401711681,2024-11-04,Duquesne,Lipscomb,57,1,11:37,1897,1897,Will Pruitt Turnover.,away,10,25,-15,18,FALSE,FALSE,0.239078485876633,0.1568838446231844,5,4,3.5,148.5,Chet Walker/John Barley/Jarrett Robinson,"Pittsburgh, PA",UPMC Cooper Fieldhouse,NA,2274,NA,NA,NA,NA,NA,NA,NA,NA,Lipscomb,Duquesne,FALSE
401711681,2024-11-04,Duquesne,Lipscomb,58,1,11:24,1884,1884,Foul on Charlie Williams.,away,10,25,-15,13,FALSE,TRUE,0.2370138501488293,0.1555460005235278,5,4,3.5,148.5,Chet Walker/John Barley/Jarrett Robinson,"Pittsburgh, PA",UPMC Cooper Fieldhouse,NA,2274,NA,NA,NA,NA,NA,NA,NA,NA,Duquesne,Duquesne,FALSE
401711681,2024-11-04,Duquesne,Lipscomb,59,1,11:15,1875,1875,Foul on Tre Dinkins.,home,10,25,-15,9,FALSE,TRUE,0.23558920496184924,0.15462459508646711,5,4,3.5,148.5,Chet Walker/John Barley/Jarrett Robinson,"Pittsburgh, PA",UPMC Cooper Fieldhouse,NA,2274,NA,NA,NA,NA,NA,NA,NA,NA,Duquesne,Lipscomb,FALSE
401711681,2024-11-04,Duquesne,Lipscomb,60,1,11:15,1875,1875,Tre Dinkins Turnover.,home,10,25,-15,0,FALSE,FALSE,0.23558920496184924,0.15462459508646711,5,4,3.5,148.5,Chet Walker/John Barley/Jarrett Robinson,"Pittsburgh, PA",UPMC Cooper Fieldhouse,NA,2274,NA,NA,NA,NA,NA,NA,NA,NA,Duquesne,Lipscomb,FALSE
401711681,2024-11-04,Duquesne,Lipscomb,61,1,11:02,1862,1862,Foul on David Dixon.,home,10,25,-15,13,FALSE,TRUE,0.2335369510500784,0.1532995848553324,5,4,3.5,148.5,Chet Walker/John Barley/Jarrett Robinson,"Pittsburgh, PA",UPMC Cooper Fieldhouse,NA,2274,NA,NA,NA,NA,NA,NA,NA,NA,Lipscomb,Lipscomb,FALSE
401711681,2024-11-04,Duquesne,Lipscomb,62,1,11:02,1862,1862,Jacob Ognacevic made Free Throw.,away,10,26,-16,0,TRUE,FALSE,0.21376535000131902,0.13908829011066554,5,4,3.5,148.5,Chet Walker/John Barley/Jarrett Robinson,"Pittsburgh, PA",UPMC Cooper Fieldhouse,NA,2274,NA,NA,Lipscomb,made,Jacob Ognacevic,NA,FALSE,TRUE,Lipscomb,Lipscomb,FALSE
401711681,2024-11-04,Duquesne,Lipscomb,63,1,11:02,1862,1862,Jacob Ognacevic missed Free Throw.,away,10,26,-16,0,FALSE,FALSE,0.21376535000131902,0.13908829011066554,5,4,3.5,148.5,Chet Walker/John Barley/Jarrett Robinson,"Pittsburgh, PA",UPMC Cooper Fieldhouse,NA,2274,NA,NA,Lipscomb,missed,Jacob Ognacevic,NA,FALSE,TRUE,Lipscomb,Duquesne,FALSE
401711681,2024-11-04,Duquesne,Lipscomb,64,1,10:55,1855,1855,Maximus Edwards Defensive Rebound.,home,10,26,-16,7,FALSE,FALSE,0.212668705683964,0.13838881548975737,5,4,3.5,148.5,Chet Walker/John Barley/Jarrett Robinson,"Pittsburgh, PA",UPMC Cooper Fieldhouse,NA,2274,NA,NA,NA,NA,NA,NA,NA,NA,Lipscomb,Duquesne,FALSE
401711681,2024-11-04,Duquesne,Lipscomb,65,1,10:46,1846,1846,Foul on Logan Suber.,away,10,26,-16,9,FALSE,TRUE,0.2112612887057397,0.13749204199330817,5,4,3.5,148.5,Chet Walker/John Barley/Jarrett Robinson,"Pittsburgh, PA",UPMC Cooper Fieldhouse,NA,2274,NA,NA,NA,NA,NA,NA,NA,NA,Duquesne,Duquesne,FALSE
401711681,2024-11-04,Duquesne,Lipscomb,66,1,10:44,1844,1844,Maximus Edwards missed Three Point Jumper.,home,10,26,-16,2,FALSE,FALSE,0.21094887271710702,0.13729311142582026,5,4,3.5,148.5,Chet Walker/John Barley/Jarrett Robinson,"Pittsburgh, PA",UPMC Cooper Fieldhouse,NA,2274,NA,NA,Duquesne,missed,Maximus Edwards,NA,TRUE,FALSE,Duquesne,Lipscomb,FALSE
401711681,2024-11-04,Duquesne,Lipscomb,67,1,10:39,1839,1839,Jacob Ognacevic Defensive Rebound.,away,10,26,-16,5,FALSE,FALSE,0.21016831354047935,0.13679629368891755,5,4,3.5,148.5,Chet Walker/John Barley/Jarrett Robinson,"Pittsburgh, PA",UPMC Cooper Fieldhouse,NA,2274,NA,NA,NA,NA,NA,NA,NA,NA,Duquesne,Lipscomb,FALSE
401711681,2024-11-04,Duquesne,Lipscomb,68,1,10:24,1824,1824,Foul on Jacob Ognacevic.,away,10,26,-16,15,FALSE,TRUE,0.2078300002789778,0.13530959963043446,5,4,3.5,148.5,Chet Walker/John Barley/Jarrett Robinson,"Pittsburgh, PA",UPMC Cooper Fieldhouse,NA,2274,NA,NA,NA,NA,NA,NA,NA,NA,Duquesne,Duquesne,FALSE
401711681,2024-11-04,Duquesne,Lipscomb,69,1,10:24,1824,1824,Jacob Ognacevic Turnover.,away,10,26,-16,0,FALSE,FALSE,0.2078300002789778,0.13530959963043446,5,4,3.5,148.5,Chet Walker/John Barley/Jarrett Robinson,"Pittsburgh, PA",UPMC Cooper Fieldhouse,NA,2274,NA,NA,NA,NA,NA,NA,NA,NA,Lipscomb,Duquesne,FALSE
401711681,2024-11-04,Duquesne,Lipscomb,70,1,10:16,1816,1816,Foul on Jakub Necas.,home,10,26,-16,8,FALSE,TRUE,0.20658438336329993,0.13451854163709306,5,4,3.5,148.5,Chet Walker/John Barley/Jarrett Robinson,"Pittsburgh, PA",UPMC Cooper Fieldhouse,NA,2274,NA,NA,NA,NA,NA,NA,NA,NA,Duquesne,Lipscomb,FALSE
401711681,2024-11-04,Duquesne,Lipscomb,71,1,10:16,1816,1816,Jakub Necas Turnover.,home,10,26,-16,0,FALSE,FALSE,0.20658438336329993,0.13451854163709306,5,4,3.5,148.5,Chet Walker/John Barley/Jarrett Robinson,"Pittsburgh, PA",UPMC Cooper Fieldhouse,NA,2274,NA,NA,NA,NA,NA,NA,NA,NA,Duquesne,Lipscomb,FALSE
401711681,2024-11-04,Duquesne,Lipscomb,72,1,10:05,1805,1805,Joe Anderson missed Layup.,away,10,26,-16,11,FALSE,FALSE,0.2048725648989757,0.13343231471538256,5,4,3.5,148.5,Chet Walker/John Barley/Jarrett Robinson,"Pittsburgh, PA",UPMC Cooper Fieldhouse,NA,2274,NA,NA,Lipscomb,missed,Joe Anderson,NA,FALSE,FALSE,Lipscomb,Duquesne,FALSE
401711681,2024-11-04,Duquesne,Lipscomb,73,1,10:02,1802,1802,Jahsean Corbett Defensive Rebound.,home,10,26,-16,3,FALSE,FALSE,0.20440578812528368,0.13313628957101284,5,4,3.5,148.5,Chet Walker/John Barley/Jarrett Robinson,"Pittsburgh, PA",UPMC Cooper Fieldhouse,NA,2274,NA,NA,NA,NA,NA,NA,NA,NA,Lipscomb,Duquesne,FALSE
401711681,2024-11-04,Duquesne,Lipscomb,74,1,9:47,1787,1787,Kareem Rozier made Jumper.,home,12,26,-14,15,TRUE,FALSE,0.24276160060337915,0.16102936028359688,5,4,3.5,148.5,Chet Walker/John Barley/Jarrett Robinson,"Pittsburgh, PA",UPMC Cooper Fieldhouse,NA,2274,NA,NA,Duquesne,made,Kareem Rozier,NA,FALSE,FALSE,Duquesne,Lipscomb,FALSE
401711681,2024-11-04,Duquesne,Lipscomb,75,1,9:32,1772,1772,Jacob Ognacevic made Three Point Jumper. Assisted by Will Pruitt.,away,12,29,-17,15,TRUE,FALSE,0.1814342600185646,0.1173154972509822,5,4,3.5,148.5,Chet Walker/John Barley/Jarrett Robinson,"Pittsburgh, PA",UPMC Cooper Fieldhouse,NA,2274,NA,NA,Lipscomb,made,Jacob Ognacevic,Will Pruitt,TRUE,FALSE,Lipscomb,Duquesne,FALSE
401711681,2024-11-04,Duquesne,Lipscomb,76,1,9:12,1752,1752,Jake DiMichele made Jumper.,home,14,29,-15,20,TRUE,FALSE,0.21622827825106586,0.14220008997006056,5,4,3.5,148.5,Chet Walker/John Barley/Jarrett Robinson,"Pittsburgh, PA",UPMC Cooper Fieldhouse,NA,2274,NA,NA,Duquesne,made,Jake DiMichele,NA,FALSE,FALSE,Duquesne,Lipscomb,FALSE
401711681,2024-11-04,Duquesne,Lipscomb,77,1,9:12,1752,1752,Foul on Rylan Houck.,away,14,29,-15,0,FALSE,TRUE,0.21622827825106586,0.14220008997006056,5,4,3.5,148.5,Chet Walker/John Barley/Jarrett Robinson,"Pittsburgh, PA",UPMC Cooper Fieldhouse,NA,2274,NA,NA,NA,NA,NA,NA,NA,NA,Duquesne,Lipscomb,FALSE
401711681,2024-11-04,Duquesne,Lipscomb,78,1,9:12,1752,1752,Jake DiMichele missed Free Throw.,home,14,29,-15,0,FALSE,FALSE,0.21622827825106586,0.14220008997006056,5,4,3.5,148.5,Chet Walker/John Barley/Jarrett Robinson,"Pittsburgh, PA",UPMC Cooper Fieldhouse,NA,2274,NA,NA,Duquesne,missed,Jake DiMichele,NA,FALSE,TRUE,Duquesne,Lipscomb,FALSE
401711681,2024-11-04,Duquesne,Lipscomb,79,1,9:11,1751,1751,Jacob Ognacevic Defensive Rebound.,away,14,29,-15,1,FALSE,FALSE,0.21606991269267567,0.1420989143785504,5,4,3.5,148.5,Chet Walker/John Barley/Jarrett Robinson,"Pittsburgh, PA",UPMC Cooper Fieldhouse,NA,2274,NA,NA,NA,NA,NA,NA,NA,NA,Duquesne,Lipscomb,FALSE
401711681,2024-11-04,Duquesne,Lipscomb,80,1,8:56,1736,1736,Jacob Ognacevic missed Three Point Jumper.,away,14,29,-15,15,FALSE,FALSE,0.21368926636372523,0.14057830848806202,5,4,3.5,148.5,Chet Walker/John Barley/Jarrett Robinson,"Pittsburgh, PA",UPMC Cooper Fieldhouse,NA,2274,NA,NA,Lipscomb,missed,Jacob Ognacevic,NA,TRUE,FALSE,Lipscomb,Duquesne,FALSE
401711681,2024-11-04,Duquesne,Lipscomb,81,1,8:52,1732,1732,Jakub Necas Defensive Rebound.,home,14,29,-15,4,FALSE,FALSE,0.2130526566467842,0.14017176360252875,5,4,3.5,148.5,Chet Walker/John Barley/Jarrett Robinson,"Pittsburgh, PA",UPMC Cooper Fieldhouse,NA,2274,NA,NA,NA,NA,NA,NA,NA,NA,Lipscomb,Duquesne,FALSE
401711681,2024-11-04,Duquesne,Lipscomb,82,1,8:49,1729,1729,Jake DiMichele missed Three Point Jumper.,home,14,29,-15,3,FALSE,FALSE,0.21257466958352614,0.13986653234080024,5,4,3.5,148.5,Chet Walker/John Barley/Jarrett Robinson,"Pittsburgh, PA",UPMC Cooper Fieldhouse,NA,2274,NA,NA,Duquesne,missed,Jake DiMichele,NA,TRUE,FALSE,Duquesne,Lipscomb,FALSE
401711681,2024-11-04,Duquesne,Lipscomb,83,1,8:44,1724,1724,Miles White Defensive Rebound.,away,14,29,-15,5,FALSE,FALSE,0.21177697423482567,0.13935716611364726,5,4,3.5,148.5,Chet Walker/John Barley/Jarrett Robinson,"Pittsburgh, PA",UPMC Cooper Fieldhouse,NA,2274,NA,NA,NA,NA,NA,NA,NA,NA,Duquesne,Lipscomb,FALSE
401711681,2024-11-04,Duquesne,Lipscomb,84,1,8:39,1719,1719,Miles White made Three Point Jumper. Assisted by Joe Anderson.,away,14,32,-18,5,TRUE,FALSE,0.1565637718319425,0.10066295352498116,5,4,3.5,148.5,Chet Walker/John Barley/Jarrett Robinson,"Pittsburgh, PA",UPMC Cooper Fieldhouse,NA,2274,NA,NA,Lipscomb,made,Miles White,Joe Anderson,TRUE,FALSE,Lipscomb,Duquesne,FALSE
401711681,2024-11-04,Duquesne,Lipscomb,85,1,8:18,1698,1698,Kareem Rozier missed Layup.,home,14,32,-18,21,FALSE,FALSE,0.15342003868123144,0.09871066289229227,5,4,3.5,148.5,Chet Walker/John Barley/Jarrett Robinson,"Pittsburgh, PA",UPMC Cooper Fieldhouse,NA,2274,NA,NA,Duquesne,missed,Kareem Rozier,NA,FALSE,FALSE,Duquesne,Duquesne,FALSE
401711681,2024-11-04,Duquesne,Lipscomb,86,1,8:18,1698,1698,Joe Anderson Block.,away,14,32,-18,0,FALSE,FALSE,0.15342003868123144,0.09871066289229227,5,4,3.5,148.5,Chet Walker/John Barley/Jarrett Robinson,"Pittsburgh, PA",UPMC Cooper Fieldhouse,NA,2274,NA,NA,NA,NA,NA,NA,NA,NA,Duquesne,Duquesne,FALSE
401711681,2024-11-04,Duquesne,Lipscomb,87,1,8:18,1698,1698,Duquesne Offensive Rebound.,home,14,32,-18,0,FALSE,FALSE,0.15342003868123144,0.09871066289229227,5,4,3.5,148.5,Chet Walker/John Barley/Jarrett Robinson,"Pittsburgh, PA",UPMC Cooper Fieldhouse,NA,2274,NA,NA,NA,NA,NA,NA,NA,NA,Duquesne,Duquesne,FALSE
401711681,2024-11-04,Duquesne,Lipscomb,88,1,8:17,1697,1697,Foul on Jakub Necas.,home,14,32,-18,1,FALSE,TRUE,0.153270035096811,0.09861749120823594,5,4,3.5,148.5,Chet Walker/John Barley/Jarrett Robinson,"Pittsburgh, PA",UPMC Cooper Fieldhouse,NA,2274,NA,NA,NA,NA,NA,NA,NA,NA,Duquesne,Lipscomb,FALSE
401711681,2024-11-04,Duquesne,Lipscomb,89,1,8:17,1697,1697,Jakub Necas Turnover.,home,14,32,-18,0,FALSE,FALSE,0.153270035096811,0.09861749120823594,5,4,3.5,148.5,Chet Walker/John Barley/Jarrett Robinson,"Pittsburgh, PA",UPMC Cooper Fieldhouse,NA,2274,NA,NA,NA,NA,NA,NA,NA,NA,Duquesne,Lipscomb,FALSE
401711681,2024-11-04,Duquesne,Lipscomb,90,1,8:02,1682,1682,Gyasi Powell missed Layup.,away,14,32,-18,15,FALSE,FALSE,0.1510272246653376,0.09722522192135451,5,4,3.5,148.5,Chet Walker/John Barley/Jarrett Robinson,"Pittsburgh, PA",UPMC Cooper Fieldhouse,NA,2274,NA,NA,Lipscomb,missed,Gyasi Powell,NA,FALSE,FALSE,Lipscomb,Duquesne,FALSE
401711681,2024-11-04,Duquesne,Lipscomb,91,1,8:02,1682,1682,Eli Wilborn Block.,home,14,32,-18,0,FALSE,FALSE,0.1510272246653376,0.09722522192135451,5,4,3.5,148.5,Chet Walker/John Barley/Jarrett Robinson,"Pittsburgh, PA",UPMC Cooper Fieldhouse,NA,2274,NA,NA,NA,NA,NA,NA,NA,NA,Lipscomb,Duquesne,FALSE
401711681,2024-11-04,Duquesne,Lipscomb,92,1,7:58,1678,1678,Eli Wilborn Defensive Rebound.,home,14,32,-18,4,FALSE,FALSE,0.1504385006043302,0.09686070467353282,5,4,3.5,148.5,Chet Walker/John Barley/Jarrett Robinson,"Pittsburgh, PA",UPMC Cooper Fieldhouse,NA,2274,NA,NA,NA,NA,NA,NA,NA,NA,Lipscomb,Duquesne,FALSE
401711681,2024-11-04,Duquesne,Lipscomb,93,1,7:54,1674,1674,Jahsean Corbett made Layup.,home,16,32,-16,4,TRUE,FALSE,0.1843397636222078,0.1204461013421307,5,4,3.5,148.5,Chet Walker/John Barley/Jarrett Robinson,"Pittsburgh, PA",UPMC Cooper Fieldhouse,NA,2274,NA,NA,Duquesne,made,Jahsean Corbett,NA,FALSE,FALSE,Duquesne,Lipscomb,FALSE
401711681,2024-11-04,Duquesne,Lipscomb,94,1,7:54,1674,1674,Foul on Grant Asman.,away,16,32,-16,0,FALSE,TRUE,0.1843397636222078,0.1204461013421307,5,4,3.5,148.5,Chet Walker/John Barley/Jarrett Robinson,"Pittsburgh, PA",UPMC Cooper Fieldhouse,NA,2274,NA,NA,NA,NA,NA,NA,NA,NA,Duquesne,Lipscomb,FALSE
401711681,2024-11-04,Duquesne,Lipscomb,95,1,7:54,1674,1674, Official TV Timeout,NA,16,32,-16,0,FALSE,FALSE,0.1843397636222078,0.1204461013421307,5,3,3.5,148.5,Chet Walker/John Barley/Jarrett Robinson,"Pittsburgh, PA",UPMC Cooper Fieldhouse,NA,2274,NA,NA,NA,NA,NA,NA,NA,NA,Duquesne,Lipscomb,FALSE
401711681,2024-11-04,Duquesne,Lipscomb,96,1,7:54,1674,1674,Jahsean Corbett made Free Throw.,home,17,32,-15,0,TRUE,FALSE,0.2037606169339214,0.1342434037560183,5,3,3.5,148.5,Chet Walker/John Barley/Jarrett Robinson,"Pittsburgh, PA",UPMC Cooper Fieldhouse,NA,2274,NA,NA,Duquesne,made,Jahsean Corbett,NA,FALSE,TRUE,Duquesne,Lipscomb,FALSE
401711681,2024-11-04,Duquesne,Lipscomb,97,1,7:36,1656,1656,Jacob Ognacevic missed Layup.,away,17,32,-15,18,FALSE,FALSE,0.2009660607494071,0.13247586121632143,5,3,3.5,148.5,Chet Walker/John Barley/Jarrett Robinson,"Pittsburgh, PA",UPMC Cooper Fieldhouse,NA,2274,NA,NA,Lipscomb,missed,Jacob Ognacevic,NA,FALSE,FALSE,Lipscomb,Duquesne,FALSE
401711681,2024-11-04,Duquesne,Lipscomb,98,1,7:33,1653,1653,Maximus Edwards Defensive Rebound.,home,17,32,-15,3,FALSE,FALSE,0.20050716404831134,0.13218665554789816,5,3,3.5,148.5,Chet Walker/John Barley/Jarrett Robinson,"Pittsburgh, PA",UPMC Cooper Fieldhouse,NA,2274,NA,NA,NA,NA,NA,NA,NA,NA,Lipscomb,Duquesne,FALSE
401711681,2024-11-04,Duquesne,Lipscomb,99,1,7:30,1650,1650,Eli Wilborn made Layup. Assisted by Maximus Edwards.,home,19,32,-13,3,TRUE,FALSE,0.2432864388550857,0.1634147991659284,5,3,3.5,148.5,Chet Walker/John Barley/Jarrett Robinson,"Pittsburgh, PA",UPMC Cooper Fieldhouse,NA,2274,NA,NA,Duquesne,made,Eli Wilborn,Maximus Edwards,FALSE,FALSE,Duquesne,Lipscomb,FALSE
401711681,2024-11-04,Duquesne,Lipscomb,100,1,7:30,1650,1650,Foul on Miles White.,away,19,32,-13,0,FALSE,TRUE,0.2432864388550857,0.1634147991659284,5,3,3.5,148.5,Chet Walker/John Barley/Jarrett Robinson,"Pittsburgh, PA",UPMC Cooper Fieldhouse,NA,2274,NA,NA,NA,NA,NA,NA,NA,NA,Duquesne,Lipscomb,FALSE
401711681,2024-11-04,Duquesne,Lipscomb,101,1,7:30,1650,1650,Eli Wilborn missed Free Throw.,home,19,32,-13,0,FALSE,FALSE,0.2432864388550857,0.1634147991659284,5,3,3.5,148.5,Chet Walker/John Barley/Jarrett Robinson,"Pittsburgh, PA",UPMC Cooper Fieldhouse,NA,2274,NA,NA,Duquesne,missed,Eli Wilborn,NA,FALSE,TRUE,Duquesne,Lipscomb,FALSE
401711681,2024-11-04,Duquesne,Lipscomb,102,1,7:30,1650,1650,Will Pruitt Defensive Rebound.,away,19,32,-13,0,FALSE,FALSE,0.2432864388550857,0.1634147991659284,5,3,3.5,148.5,Chet Walker/John Barley/Jarrett Robinson,"Pittsburgh, PA",UPMC Cooper Fieldhouse,NA,2274,NA,NA,NA,NA,NA,NA,NA,NA,Duquesne,Lipscomb,FALSE
401711681,2024-11-04,Duquesne,Lipscomb,103,1,7:19,1639,1639,Jacob Ognacevic Turnover.,away,19,32,-13,11,FALSE,FALSE,0.2415968891429722,0.16233334515543682,5,3,3.5,148.5,Chet Walker/John Barley/Jarrett Robinson,"Pittsburgh, PA",UPMC Cooper Fieldhouse,NA,2274,NA,NA,NA,NA,NA,NA,NA,NA,Lipscomb,Duquesne,FALSE
401711681,2024-11-04,Duquesne,Lipscomb,104,1,7:19,1639,1639,Eli Wilborn Steal.,home,19,32,-13,0,FALSE,FALSE,0.2415968891429722,0.16233334515543682,5,3,3.5,148.5,Chet Walker/John Barley/Jarrett Robinson,"Pittsburgh, PA",UPMC Cooper Fieldhouse,NA,2274,NA,NA,NA,NA,NA,NA,NA,NA,Lipscomb,Duquesne,FALSE
401711681,2024-11-04,Duquesne,Lipscomb,105,1,7:14,1634,1634,Eli Wilborn made Dunk.,home,21,32,-11,5,TRUE,FALSE,0.29005817269347406,0.199161391188883,5,3,3.5,148.5,Chet Walker/John Barley/Jarrett Robinson,"Pittsburgh, PA",UPMC Cooper Fieldhouse,NA,2274,NA,NA,Duquesne,made,Eli Wilborn,NA,FALSE,FALSE,Duquesne,Lipscomb,FALSE
401711681,2024-11-04,Duquesne,Lipscomb,106,1,7:14,1634,1634,Lipscomb  Timeout,away,21,32,-11,0,FALSE,FALSE,0.29005817269347406,0.199161391188883,5,2,3.5,148.5,Chet Walker/John Barley/Jarrett Robinson,"Pittsburgh, PA",UPMC Cooper Fieldhouse,NA,2274,NA,NA,NA,NA,NA,NA,NA,NA,Duquesne,Lipscomb,FALSE
401711681,2024-11-04,Duquesne,Lipscomb,107,1,6:57,1617,1617,Foul on Maximus Edwards.,home,21,32,-11,17,FALSE,TRUE,0.2875423673432526,0.19753179832583656,5,2,3.5,148.5,Chet Walker/John Barley/Jarrett Robinson,"Pittsburgh, PA",UPMC Cooper Fieldhouse,NA,2274,NA,NA,NA,NA,NA,NA,NA,NA,Lipscomb,Lipscomb,FALSE
401711681,2024-11-04,Duquesne,Lipscomb,108,1,6:57,1617,1617,Will Pruitt made Free Throw.,away,21,33,-12,0,TRUE,FALSE,0.2621573045867046,0.17810661537945455,5,2,3.5,148.5,Chet Walker/John Barley/Jarrett Robinson,"Pittsburgh, PA",UPMC Cooper Fieldhouse,NA,2274,NA,NA,Lipscomb,made,Will Pruitt,NA,FALSE,TRUE,Lipscomb,Lipscomb,FALSE
401711681,2024-11-04,Duquesne,Lipscomb,109,1,6:57,1617,1617,Will Pruitt missed Free Throw.,away,21,33,-12,0,FALSE,FALSE,0.2621573045867046,0.17810661537945455,5,2,3.5,148.5,Chet Walker/John Barley/Jarrett Robinson,"Pittsburgh, PA",UPMC Cooper Fieldhouse,NA,2274,NA,NA,Lipscomb,missed,Will Pruitt,NA,FALSE,TRUE,Lipscomb,Duquesne,FALSE
401711681,2024-11-04,Duquesne,Lipscomb,110,1,6:57,1617,1617,Kareem Rozier Defensive Rebound.,home,21,33,-12,0,FALSE,FALSE,0.2621573045867046,0.17810661537945455,5,2,3.5,148.5,Chet Walker/John Barley/Jarrett Robinson,"Pittsburgh, PA",UPMC Cooper Fieldhouse,NA,2274,NA,NA,NA,NA,NA,NA,NA,NA,Lipscomb,Duquesne,FALSE
401711681,2024-11-04,Duquesne,Lipscomb,111,1,6:45,1605,1605,Maximus Edwards Turnover.,home,21,33,-12,12,FALSE,FALSE,0.26036479368415166,0.1769594888204678,5,2,3.5,148.5,Chet Walker/John Barley/Jarrett Robinson,"Pittsburgh, PA",UPMC Cooper Fieldhouse,NA,2274,NA,NA,NA,NA,NA,NA,NA,NA,Duquesne,Lipscomb,FALSE
401711681,2024-11-04,Duquesne,Lipscomb,112,1,6:18,1578,1578,Grant Asman missed Three Point Jumper.,away,21,33,-12,27,FALSE,FALSE,0.2563472348535972,0.1743965541604089,5,2,3.5,148.5,Chet Walker/John Barley/Jarrett Robinson,"Pittsburgh, PA",UPMC Cooper Fieldhouse,NA,2274,NA,NA,Lipscomb,missed,Grant Asman,NA,TRUE,FALSE,Lipscomb,Duquesne,FALSE
401711681,2024-11-04,Duquesne,Lipscomb,113,1,6:11,1571,1571,Maximus Edwards Defensive Rebound.,home,21,33,-12,7,FALSE,FALSE,0.25530499220397784,0.17373271836111143,5,2,3.5,148.5,Chet Walker/John Barley/Jarrett Robinson,"Pittsburgh, PA",UPMC Cooper Fieldhouse,NA,2274,NA,NA,NA,NA,NA,NA,NA,NA,Lipscomb,Duquesne,FALSE
401711681,2024-11-04,Duquesne,Lipscomb,114,1,6:09,1569,1569,Maximus Edwards made Three Point Jumper. Assisted by Jahsean Corbett.,home,24,33,-9,2,TRUE,FALSE,0.33583660089667167,0.23675695768329624,5,2,3.5,148.5,Chet Walker/John Barley/Jarrett Robinson,"Pittsburgh, PA",UPMC Cooper Fieldhouse,NA,2274,NA,NA,Duquesne,made,Maximus Edwards,Jahsean Corbett,TRUE,FALSE,Duquesne,Lipscomb,FALSE
401711681,2024-11-04,Duquesne,Lipscomb,115,1,5:51,1551,1551,Foul on Eli Wilborn.,home,24,33,-9,18,FALSE,TRUE,0.3333385921247267,0.23513447108430807,5,2,3.5,148.5,Chet Walker/John Barley/Jarrett Robinson,"Pittsburgh, PA",UPMC Cooper Fieldhouse,NA,2274,NA,NA,NA,NA,NA,NA,NA,NA,Lipscomb,Lipscomb,FALSE
401711681,2024-11-04,Duquesne,Lipscomb,116,1,5:51,1551,1551,Will Pruitt made Free Throw.,away,24,34,-10,0,TRUE,FALSE,0.304876279673489,0.2123860004019703,5,2,3.5,148.5,Chet Walker/John Barley/Jarrett Robinson,"Pittsburgh, PA",UPMC Cooper Fieldhouse,NA,2274,NA,NA,Lipscomb,made,Will Pruitt,NA,FALSE,TRUE,Lipscomb,Lipscomb,FALSE
401711681,2024-11-04,Duquesne,Lipscomb,117,1,5:51,1551,1551,Will Pruitt made Free Throw.,away,24,35,-11,0,TRUE,FALSE,0.277831421965185,0.19128795240767646,5,2,3.5,148.5,Chet Walker/John Barley/Jarrett Robinson,"Pittsburgh, PA",UPMC Cooper Fieldhouse,NA,2274,NA,NA,Lipscomb,made,Will Pruitt,NA,FALSE,TRUE,Lipscomb,Duquesne,FALSE
401711681,2024-11-04,Duquesne,Lipscomb,118,1,5:31,1531,1531,Jahsean Corbett made Jumper.,home,26,35,-9,20,TRUE,FALSE,0.33052607355586794,0.23330515089684384,5,2,3.5,148.5,Chet Walker/John Barley/Jarrett Robinson,"Pittsburgh, PA",UPMC Cooper Fieldhouse,NA,2274,NA,NA,Duquesne,made,Jahsean Corbett,NA,FALSE,FALSE,Duquesne,Lipscomb,FALSE
401711681,2024-11-04,Duquesne,Lipscomb,119,1,5:10,1510,1510,Foul on Eli Wilborn.,home,26,35,-9,21,FALSE,TRUE,0.327515206543552,0.23133999738041436,5,2,3.5,148.5,Chet Walker/John Barley/Jarrett Robinson,"Pittsburgh, PA",UPMC Cooper Fieldhouse,NA,2274,NA,NA,NA,NA,NA,NA,NA,NA,Lipscomb,Lipscomb,FALSE
401711681,2024-11-04,Duquesne,Lipscomb,120,1,5:10,1510,1510,Jacob Ognacevic made Free Throw.,away,26,36,-10,0,TRUE,FALSE,0.29883266069640907,0.2084691030481248,5,2,3.5,148.5,Chet Walker/John Barley/Jarrett Robinson,"Pittsburgh, PA",UPMC Cooper Fieldhouse,NA,2274,NA,NA,Lipscomb,made,Jacob Ognacevic,NA,FALSE,TRUE,Lipscomb,Lipscomb,FALSE
401711681,2024-11-04,Duquesne,Lipscomb,121,1,5:10,1510,1510,Jacob Ognacevic made Free Throw.,away,26,37,-11,0,TRUE,FALSE,0.27164734905366733,0.18730830369281679,5,2,3.5,148.5,Chet Walker/John Barley/Jarrett Robinson,"Pittsburgh, PA",UPMC Cooper Fieldhouse,NA,2274,NA,NA,Lipscomb,made,Jacob Ognacevic,NA,FALSE,TRUE,Lipscomb,Duquesne,FALSE
401711681,2024-11-04,Duquesne,Lipscomb,122,1,4:56,1496,1496,Jahsean Corbett made Jumper.,home,28,37,-9,14,TRUE,FALSE,0.32546685905867623,0.2299972423068116,5,2,3.5,148.5,Chet Walker/John Barley/Jarrett Robinson,"Pittsburgh, PA",UPMC Cooper Fieldhouse,NA,2274,NA,NA,Duquesne,made,Jahsean Corbett,NA,FALSE,FALSE,Duquesne,Lipscomb,FALSE
401711681,2024-11-04,Duquesne,Lipscomb,123,1,4:32,1472,1472,Grant Asman made Jumper.,away,28,39,-11,24,TRUE,FALSE,0.26566389654570327,0.1834256676797884,5,2,3.5,148.5,Chet Walker/John Barley/Jarrett Robinson,"Pittsburgh, PA",UPMC Cooper Fieldhouse,NA,2274,NA,NA,Lipscomb,made,Grant Asman,NA,FALSE,FALSE,Lipscomb,Duquesne,FALSE
401711681,2024-11-04,Duquesne,Lipscomb,124,1,4:07,1447,1447,Jahsean Corbett made Jumper.,home,30,39,-9,25,TRUE,FALSE,0.3179644243012156,0.22502556036506918,5,2,3.5,148.5,Chet Walker/John Barley/Jarrett Robinson,"Pittsburgh, PA",UPMC Cooper Fieldhouse,NA,2274,NA,NA,Duquesne,made,Jahsean Corbett,NA,FALSE,FALSE,Duquesne,Lipscomb,FALSE
401711681,2024-11-04,Duquesne,Lipscomb,125,1,3:44,1424,1424,Foul on Grant Asman.,away,30,39,-9,23,FALSE,TRUE,0.3144143517272266,0.22267330004068786,5,2,3.5,148.5,Chet Walker/John Barley/Jarrett Robinson,"Pittsburgh, PA",UPMC Cooper Fieldhouse,NA,2274,NA,NA,NA,NA,NA,NA,NA,NA,Duquesne,Duquesne,FALSE
401711681,2024-11-04,Duquesne,Lipscomb,126,1,3:44,1424,1424,Grant Asman Turnover.,away,30,39,-9,0,FALSE,FALSE,0.3144143517272266,0.22267330004068786,5,2,3.5,148.5,Chet Walker/John Barley/Jarrett Robinson,"Pittsburgh, PA",UPMC Cooper Fieldhouse,NA,2274,NA,NA,NA,NA,NA,NA,NA,NA,Duquesne,Duquesne,FALSE
401711681,2024-11-04,Duquesne,Lipscomb,127,1,3:44,1424,1424, Official TV Timeout,NA,30,39,-9,0,FALSE,FALSE,0.3144143517272266,0.22267330004068786,5,1,3.5,148.5,Chet Walker/John Barley/Jarrett Robinson,"Pittsburgh, PA",UPMC Cooper Fieldhouse,NA,2274,NA,NA,NA,NA,NA,NA,NA,NA,Duquesne,Duquesne,FALSE
401711681,2024-11-04,Duquesne,Lipscomb,128,1,3:30,1410,1410,Kareem Rozier missed Jumper.,home,30,39,-9,14,FALSE,FALSE,0.3123143499718379,0.2212952915279326,5,1,3.5,148.5,Chet Walker/John Barley/Jarrett Robinson,"Pittsburgh, PA",UPMC Cooper Fieldhouse,NA,2274,NA,NA,Duquesne,missed,Kareem Rozier,NA,FALSE,FALSE,Duquesne,Lipscomb,FALSE
401711681,2024-11-04,Duquesne,Lipscomb,129,1,3:25,1405,1405,Jacob Ognacevic Defensive Rebound.,away,30,39,-9,5,FALSE,FALSE,0.3115730055046216,0.22081087588983433,5,1,3.5,148.5,Chet Walker/John Barley/Jarrett Robinson,"Pittsburgh, PA",UPMC Cooper Fieldhouse,NA,2274,NA,NA,NA,NA,NA,NA,NA,NA,Duquesne,Lipscomb,FALSE
401711681,2024-11-04,Duquesne,Lipscomb,130,1,3:14,1394,1394,Joe Anderson missed Three Point Jumper.,away,30,39,-9,11,FALSE,FALSE,0.3099548003457455,0.21975670222971594,5,1,3.5,148.5,Chet Walker/John Barley/Jarrett Robinson,"Pittsburgh, PA",UPMC Cooper Fieldhouse,NA,2274,NA,NA,Lipscomb,missed,Joe Anderson,NA,TRUE,FALSE,Lipscomb,Lipscomb,FALSE
401711681,2024-11-04,Duquesne,Lipscomb,131,1,3:11,1391,1391,Miles White Offensive Rebound.,away,30,39,-9,3,FALSE,FALSE,0.30951602269038386,0.21947153841241446,5,1,3.5,148.5,Chet Walker/John Barley/Jarrett Robinson,"Pittsburgh, PA",UPMC Cooper Fieldhouse,NA,2274,NA,NA,NA,NA,NA,NA,NA,NA,Lipscomb,Lipscomb,FALSE
401711681,2024-11-04,Duquesne,Lipscomb,132,1,3:05,1385,1385,Jacob Ognacevic Turnover.,away,30,39,-9,6,FALSE,FALSE,0.30864108529683904,0.21890365827619998,5,1,3.5,148.5,Chet Walker/John Barley/Jarrett Robinson,"Pittsburgh, PA",UPMC Cooper Fieldhouse,NA,2274,NA,NA,NA,NA,NA,NA,NA,NA,Lipscomb,Duquesne,FALSE
401711681,2024-11-04,Duquesne,Lipscomb,133,1,3:05,1385,1385,Cam Crawford Steal.,home,30,39,-9,0,FALSE,FALSE,0.30864108529683904,0.21890365827619998,5,1,3.5,148.5,Chet Walker/John Barley/Jarrett Robinson,"Pittsburgh, PA",UPMC Cooper Fieldhouse,NA,2274,NA,NA,NA,NA,NA,NA,NA,NA,Lipscomb,Duquesne,FALSE
401711681,2024-11-04,Duquesne,Lipscomb,134,1,2:48,1368,1368,Foul on Ross Candelino.,away,30,39,-9,17,FALSE,TRUE,0.3061748791586055,0.21730718741158464,5,1,3.5,148.5,Chet Walker/John Barley/Jarrett Robinson,"Pittsburgh, PA",UPMC Cooper Fieldhouse,NA,2274,NA,NA,NA,NA,NA,NA,NA,NA,Duquesne,Duquesne,FALSE
401711681,2024-11-04,Duquesne,Lipscomb,135,1,2:47,1367,1367,Maximus Edwards missed Free Throw.,home,30,39,-9,1,FALSE,FALSE,0.3060301362181782,0.21721363476365782,5,1,3.5,148.5,Chet Walker/John Barley/Jarrett Robinson,"Pittsburgh, PA",UPMC Cooper Fieldhouse,NA,2274,NA,NA,Duquesne,missed,Maximus Edwards,NA,FALSE,TRUE,Duquesne,Duquesne,FALSE
401711681,2024-11-04,Duquesne,Lipscomb,136,1,2:47,1367,1367,Duquesne Offensive Rebound.,home,30,39,-9,0,FALSE,FALSE,0.3060301362181782,0.21721363476365782,5,1,3.5,148.5,Chet Walker/John Barley/Jarrett Robinson,"Pittsburgh, PA",UPMC Cooper Fieldhouse,NA,2274,NA,NA,NA,NA,NA,NA,NA,NA,Duquesne,Duquesne,FALSE
401711681,2024-11-04,Duquesne,Lipscomb,137,1,2:47,1367,1367,Maximus Edwards made Free Throw.,home,31,39,-8,0,TRUE,FALSE,0.33708695511350095,0.24240548767243952,5,1,3.5,148.5,Chet Walker/John Barley/Jarrett Robinson,"Pittsburgh, PA",UPMC Cooper Fieldhouse,NA,2274,NA,NA,Duquesne,made,Maximus Edwards,NA,FALSE,TRUE,Duquesne,Duquesne,FALSE
401711681,2024-11-04,Duquesne,Lipscomb,138,1,2:47,1367,1367,Maximus Edwards missed Free Throw.,home,31,39,-8,0,FALSE,FALSE,0.33708695511350095,0.24240548767243952,5,1,3.5,148.5,Chet Walker/John Barley/Jarrett Robinson,"Pittsburgh, PA",UPMC Cooper Fieldhouse,NA,2274,NA,NA,Duquesne,missed,Maximus Edwards,NA,FALSE,TRUE,Duquesne,Duquesne,FALSE
401711681,2024-11-04,Duquesne,Lipscomb,139,1,2:47,1367,1367,Will Pruitt Defensive Rebound.,away,31,39,-8,0,FALSE,FALSE,0.33708695511350095,0.24240548767243952,5,1,3.5,148.5,Chet Walker/John Barley/Jarrett Robinson,"Pittsburgh, PA",UPMC Cooper Fieldhouse,NA,2274,NA,NA,NA,NA,NA,NA,NA,NA,Duquesne,Duquesne,FALSE
401711681,2024-11-04,Duquesne,Lipscomb,140,1,2:28,1348,1348,Gyasi Powell made Jumper.,away,31,41,-10,19,TRUE,FALSE,0.2738172771378578,0.19215510705157657,5,1,3.5,148.5,Chet Walker/John Barley/Jarrett Robinson,"Pittsburgh, PA",UPMC Cooper Fieldhouse,NA,2274,NA,NA,Lipscomb,made,Gyasi Powell,NA,FALSE,FALSE,Lipscomb,Duquesne,FALSE
401711681,2024-11-04,Duquesne,Lipscomb,141,1,2:14,1334,1334,Jahsean Corbett missed Jumper.,home,31,41,-10,14,FALSE,FALSE,0.2717278654647806,0.19081231431654985,5,1,3.5,148.5,Chet Walker/John Barley/Jarrett Robinson,"Pittsburgh, PA",UPMC Cooper Fieldhouse,NA,2274,NA,NA,Duquesne,missed,Jahsean Corbett,NA,FALSE,FALSE,Duquesne,Lipscomb,FALSE
401711681,2024-11-04,Duquesne,Lipscomb,142,1,2:06,1326,1326,Jacob Ognacevic Defensive Rebound.,away,31,41,-10,8,FALSE,FALSE,0.2705260836383992,0.19003921245040428,5,1,3.5,148.5,Chet Walker/John Barley/Jarrett Robinson,"Pittsburgh, PA",UPMC Cooper Fieldhouse,NA,2274,NA,NA,NA,NA,NA,NA,NA,NA,Duquesne,Lipscomb,FALSE
401711681,2024-11-04,Duquesne,Lipscomb,143,1,2:06,1326,1326,Joe Anderson Turnover.,away,31,41,-10,0,FALSE,FALSE,0.2705260836383992,0.19003921245040428,5,1,3.5,148.5,Chet Walker/John Barley/Jarrett Robinson,"Pittsburgh, PA",UPMC Cooper Fieldhouse,NA,2274,NA,NA,NA,NA,NA,NA,NA,NA,Lipscomb,Duquesne,FALSE
401711681,2024-11-04,Duquesne,Lipscomb,144,1,1:56,1316,1316,Jakub Necas missed Jumper.,home,31,41,-10,10,FALSE,FALSE,0.26901241717099533,0.18906412728336433,5,1,3.5,148.5,Chet Walker/John Barley/Jarrett Robinson,"Pittsburgh, PA",UPMC Cooper Fieldhouse,NA,2274,NA,NA,Duquesne,missed,Jakub Necas,NA,FALSE,FALSE,Duquesne,Lipscomb,FALSE
401711681,2024-11-04,Duquesne,Lipscomb,145,1,1:51,1311,1311,Joe Anderson Defensive Rebound.,away,31,41,-10,5,FALSE,FALSE,0.26824980544098104,0.1885721355717654,5,1,3.5,148.5,Chet Walker/John Barley/Jarrett Robinson,"Pittsburgh, PA",UPMC Cooper Fieldhouse,NA,2274,NA,NA,NA,NA,NA,NA,NA,NA,Duquesne,Lipscomb,FALSE
401711681,2024-11-04,Duquesne,Lipscomb,146,1,1:33,1293,1293,Jacob Ognacevic missed Layup.,away,31,41,-10,18,FALSE,FALSE,0.26546462398408216,0.1867700235943519,5,1,3.5,148.5,Chet Walker/John Barley/Jarrett Robinson,"Pittsburgh, PA",UPMC Cooper Fieldhouse,NA,2274,NA,NA,Lipscomb,missed,Jacob Ognacevic,NA,FALSE,FALSE,Lipscomb,Duquesne,FALSE
401711681,2024-11-04,Duquesne,Lipscomb,147,1,1:30,1290,1290,Maximus Edwards Defensive Rebound.,home,31,41,-10,3,FALSE,FALSE,0.26499344338982894,0.1864642107384193,5,1,3.5,148.5,Chet Walker/John Barley/Jarrett Robinson,"Pittsburgh, PA",UPMC Cooper Fieldhouse,NA,2274,NA,NA,NA,NA,NA,NA,NA,NA,Lipscomb,Duquesne,FALSE
401711681,2024-11-04,Duquesne,Lipscomb,148,1,1:17,1277,1277,Maximus Edwards made Dunk. Assisted by Kareem Rozier.,home,33,41,-8,13,TRUE,FALSE,0.32422721221380574,0.23403946201662185,5,1,3.5,148.5,Chet Walker/John Barley/Jarrett Robinson,"Pittsburgh, PA",UPMC Cooper Fieldhouse,NA,2274,NA,NA,Duquesne,made,Maximus Edwards,Kareem Rozier,FALSE,FALSE,Duquesne,Lipscomb,FALSE
401711681,2024-11-04,Duquesne,Lipscomb,149,1,1:03,1263,1263,Jacob Ognacevic missed Three Point Jumper.,away,33,41,-8,14,FALSE,FALSE,0.3220775570397075,0.2326181511255217,5,1,3.5,148.5,Chet Walker/John Barley/Jarrett Robinson,"Pittsburgh, PA",UPMC Cooper Fieldhouse,NA,2274,NA,NA,Lipscomb,missed,Jacob Ognacevic,NA,TRUE,FALSE,Lipscomb,Duquesne,FALSE
401711681,2024-11-04,Duquesne,Lipscomb,150,1,0:59,1259,1259,Kareem Rozier Defensive Rebound.,home,33,41,-8,4,FALSE,FALSE,0.32145198070533043,0.2322027116421852,5,1,3.5,148.5,Chet Walker/John Barley/Jarrett Robinson,"Pittsburgh, PA",UPMC Cooper Fieldhouse,NA,2274,NA,NA,NA,NA,NA,NA,NA,NA,Lipscomb,Duquesne,FALSE
401711681,2024-11-04,Duquesne,Lipscomb,151,1,0:53,1253,1253,Foul on Jacob Ognacevic.,away,33,41,-8,6,FALSE,TRUE,0.3205034092134607,0.23157115330847494,5,1,3.5,148.5,Chet Walker/John Barley/Jarrett Robinson,"Pittsburgh, PA",UPMC Cooper Fieldhouse,NA,2274,NA,NA,NA,NA,NA,NA,NA,NA,Duquesne,Duquesne,FALSE
401711681,2024-11-04,Duquesne,Lipscomb,152,1,0:53,1253,1253,Jahsean Corbett missed Free Throw.,home,33,41,-8,0,FALSE,FALSE,0.3205034092134607,0.23157115330847494,5,1,3.5,148.5,Chet Walker/John Barley/Jarrett Robinson,"Pittsburgh, PA",UPMC Cooper Fieldhouse,NA,2274,NA,NA,Duquesne,missed,Jahsean Corbett,NA,FALSE,TRUE,Duquesne,Duquesne,FALSE
401711681,2024-11-04,Duquesne,Lipscomb,153,1,0:53,1253,1253,Duquesne Offensive Rebound.,home,33,41,-8,0,FALSE,FALSE,0.3205034092134607,0.23157115330847494,5,1,3.5,148.5,Chet Walker/John Barley/Jarrett Robinson,"Pittsburgh, PA",UPMC Cooper Fieldhouse,NA,2274,NA,NA,NA,NA,NA,NA,NA,NA,Duquesne,Duquesne,FALSE
401711681,2024-11-04,Duquesne,Lipscomb,154,1,0:53,1253,1253,Jahsean Corbett missed Free Throw.,home,33,41,-8,0,FALSE,FALSE,0.3205034092134607,0.23157115330847494,5,1,3.5,148.5,Chet Walker/John Barley/Jarrett Robinson,"Pittsburgh, PA",UPMC Cooper Fieldhouse,NA,2274,NA,NA,Duquesne,missed,Jahsean Corbett,NA,FALSE,TRUE,Duquesne,Duquesne,FALSE
401711681,2024-11-04,Duquesne,Lipscomb,155,1,0:53,1253,1253,Duquesne Offensive Rebound.,home,33,41,-8,0,FALSE,FALSE,0.3205034092134607,0.23157115330847494,5,1,3.5,148.5,Chet Walker/John Barley/Jarrett Robinson,"Pittsburgh, PA",UPMC Cooper Fieldhouse,NA,2274,NA,NA,NA,NA,NA,NA,NA,NA,Duquesne,Duquesne,FALSE
401711681,2024-11-04,Duquesne,Lipscomb,156,1,0:53,1253,1253,Jahsean Corbett made Free Throw.,home,34,41,-7,0,TRUE,FALSE,0.3539944855820713,0.2593157117719722,5,1,3.5,148.5,Chet Walker/John Barley/Jarrett Robinson,"Pittsburgh, PA",UPMC Cooper Fieldhouse,NA,2274,NA,NA,Duquesne,made,Jahsean Corbett,NA,FALSE,TRUE,Duquesne,Lipscomb,FALSE
401711681,2024-11-04,Duquesne,Lipscomb,157,1,0:45,1245,1245,Miles White Turnover.,away,34,41,-7,8,FALSE,FALSE,0.3527829772233019,0.2585045806023929,5,1,3.5,148.5,Chet Walker/John Barley/Jarrett Robinson,"Pittsburgh, PA",UPMC Cooper Fieldhouse,NA,2274,NA,NA,NA,NA,NA,NA,NA,NA,Lipscomb,Duquesne,FALSE
401711681,2024-11-04,Duquesne,Lipscomb,158,1,0:45,1245,1245,Cam Crawford Steal.,home,34,41,-7,0,FALSE,FALSE,0.3527829772233019,0.2585045806023929,5,1,3.5,148.5,Chet Walker/John Barley/Jarrett Robinson,"Pittsburgh, PA",UPMC Cooper Fieldhouse,NA,2274,NA,NA,NA,NA,NA,NA,NA,NA,Lipscomb,Duquesne,FALSE
401711681,2024-11-04,Duquesne,Lipscomb,159,1,0:41,1241,1241,Maximus Edwards Turnover.,home,34,41,-7,4,FALSE,FALSE,0.35216871208524714,0.2580918177519383,5,1,3.5,148.5,Chet Walker/John Barley/Jarrett Robinson,"Pittsburgh, PA",UPMC Cooper Fieldhouse,NA,2274,NA,NA,NA,NA,NA,NA,NA,NA,Duquesne,Lipscomb,FALSE
401711681,2024-11-04,Duquesne,Lipscomb,160,1,0:23,1223,1223,Joe Anderson missed Three Point Jumper.,away,34,41,-7,18,FALSE,FALSE,0.34932892292125606,0.25617032777272764,5,1,3.5,148.5,Chet Walker/John Barley/Jarrett Robinson,"Pittsburgh, PA",UPMC Cooper Fieldhouse,NA,2274,NA,NA,Lipscomb,missed,Joe Anderson,NA,TRUE,FALSE,Lipscomb,Duquesne,FALSE
401711681,2024-11-04,Duquesne,Lipscomb,161,1,0:19,1219,1219,Jahsean Corbett Defensive Rebound.,home,34,41,-7,4,FALSE,FALSE,0.34868003462697855,0.2557282062537761,5,1,3.5,148.5,Chet Walker/John Barley/Jarrett Robinson,"Pittsburgh, PA",UPMC Cooper Fieldhouse,NA,2274,NA,NA,NA,NA,NA,NA,NA,NA,Lipscomb,Duquesne,FALSE
401711681,2024-11-04,Duquesne,Lipscomb,162,1,0:00,1200,1200,Maximus Edwards missed Three Point Jumper.,home,34,41,-7,19,FALSE,FALSE,0.3455419006860314,0.25357980497425925,5,1,3.5,148.5,Chet Walker/John Barley/Jarrett Robinson,"Pittsburgh, PA",UPMC Cooper Fieldhouse,NA,2274,NA,NA,Duquesne,missed,Maximus Edwards,NA,TRUE,FALSE,Duquesne,Lipscomb,FALSE
401711681,2024-11-04,Duquesne,Lipscomb,163,1,0:00,1200,1200,Joe Anderson Defensive Rebound.,away,34,41,-7,0,FALSE,FALSE,0.3455419006860314,0.25357980497425925,5,1,3.5,148.5,Chet Walker/John Barley/Jarrett Robinson,"Pittsburgh, PA",UPMC Cooper Fieldhouse,NA,2274,NA,NA,NA,NA,NA,NA,NA,NA,Duquesne,Lipscomb,FALSE
401711681,2024-11-04,Duquesne,Lipscomb,164,1,0:00,1200,1200,End of 1st half,NA,34,41,-7,0,FALSE,FALSE,0.3455419006860314,0.25357980497425925,5,1,3.5,148.5,Chet Walker/John Barley/Jarrett Robinson,"Pittsburgh, PA",UPMC Cooper Fieldhouse,NA,2274,NA,NA,NA,NA,NA,NA,NA,NA,Lipscomb,NA,FALSE
401711681,2024-11-04,Duquesne,Lipscomb,165,2,19:45,1185,1185,Maximus Edwards missed Jumper.,home,34,41,-7,15,FALSE,FALSE,0.3431208545628324,0.2519282608409943,5,1,3.5,148.5,Chet Walker/John Barley/Jarrett Robinson,"Pittsburgh, PA",UPMC Cooper Fieldhouse,NA,2274,NA,NA,Duquesne,missed,Maximus Edwards,NA,FALSE,FALSE,Duquesne,Lipscomb,FALSE
401711681,2024-11-04,Duquesne,Lipscomb,166,2,19:42,1182,1182,Gyasi Powell Defensive Rebound.,away,34,41,-7,3,FALSE,FALSE,0.3426438494312889,0.25160371703080003,5,1,3.5,148.5,Chet Walker/John Barley/Jarrett Robinson,"Pittsburgh, PA",UPMC Cooper Fieldhouse,NA,2274,NA,NA,NA,NA,NA,NA,NA,NA,Duquesne,Lipscomb,FALSE
401711681,2024-11-04,Duquesne,Lipscomb,167,2,19:37,1177,1177,Gyasi Powell Turnover.,away,34,41,-7,5,FALSE,FALSE,0.3418534660813958,0.2510665065517197,5,1,3.5,148.5,Chet Walker/John Barley/Jarrett Robinson,"Pittsburgh, PA",UPMC Cooper Fieldhouse,NA,2274,NA,NA,NA,NA,NA,NA,NA,NA,Lipscomb,Duquesne,FALSE
401711681,2024-11-04,Duquesne,Lipscomb,168,2,19:21,1161,1161,David Dixon made Layup. Assisted by Jake DiMichele.,home,36,41,-5,16,TRUE,FALSE,0.41306316993565106,0.312789172141622,5,1,3.5,148.5,Chet Walker/John Barley/Jarrett Robinson,"Pittsburgh, PA",UPMC Cooper Fieldhouse,NA,2274,NA,NA,Duquesne,made,David Dixon,Jake DiMichele,FALSE,FALSE,Duquesne,Lipscomb,FALSE
401711681,2024-11-04,Duquesne,Lipscomb,169,2,19:03,1143,1143,Joe Anderson made Jumper.,away,36,43,-7,18,TRUE,FALSE,0.3365896538939298,0.24750177024954104,5,1,3.5,148.5,Chet Walker/John Barley/Jarrett Robinson,"Pittsburgh, PA",UPMC Cooper Fieldhouse,NA,2274,NA,NA,Lipscomb,made,Joe Anderson,NA,FALSE,FALSE,Lipscomb,Duquesne,FALSE
401711681,2024-11-04,Duquesne,Lipscomb,170,2,18:46,1126,1126,Kareem Rozier missed Three Point Jumper.,home,36,43,-7,17,FALSE,FALSE,0.33399357945119695,0.24574778297168864,5,1,3.5,148.5,Chet Walker/John Barley/Jarrett Robinson,"Pittsburgh, PA",UPMC Cooper Fieldhouse,NA,2274,NA,NA,Duquesne,missed,Kareem Rozier,NA,TRUE,FALSE,Duquesne,Lipscomb,FALSE
401711681,2024-11-04,Duquesne,Lipscomb,171,2,18:42,1122,1122,Will Pruitt Defensive Rebound.,away,36,43,-7,4,FALSE,FALSE,0.3333827718059361,0.24533508321895905,5,1,3.5,148.5,Chet Walker/John Barley/Jarrett Robinson,"Pittsburgh, PA",UPMC Cooper Fieldhouse,NA,2274,NA,NA,NA,NA,NA,NA,NA,NA,Duquesne,Lipscomb,FALSE
401711681,2024-11-04,Duquesne,Lipscomb,172,2,18:34,1114,1114,Foul on Jake DiMichele.,home,36,43,-7,8,FALSE,TRUE,0.3321591522248857,0.24450806146043733,5,1,3.5,148.5,Chet Walker/John Barley/Jarrett Robinson,"Pittsburgh, PA",UPMC Cooper Fieldhouse,NA,2274,NA,NA,NA,NA,NA,NA,NA,NA,Lipscomb,Lipscomb,FALSE
401711681,2024-11-04,Duquesne,Lipscomb,173,2,18:27,1107,1107,Foul on Jake DiMichele.,home,36,43,-7,7,FALSE,TRUE,0.3310848416850124,0.2437814901412175,5,1,3.5,148.5,Chet Walker/John Barley/Jarrett Robinson,"Pittsburgh, PA",UPMC Cooper Fieldhouse,NA,2274,NA,NA,NA,NA,NA,NA,NA,NA,Lipscomb,Lipscomb,FALSE
401711681,2024-11-04,Duquesne,Lipscomb,174,2,18:27,1107,1107,Will Pruitt made Free Throw.,away,36,44,-8,0,TRUE,FALSE,0.2962946873695766,0.21521358249687952,5,1,3.5,148.5,Chet Walker/John Barley/Jarrett Robinson,"Pittsburgh, PA",UPMC Cooper Fieldhouse,NA,2274,NA,NA,Lipscomb,made,Will Pruitt,NA,FALSE,TRUE,Lipscomb,Lipscomb,FALSE
401711681,2024-11-04,Duquesne,Lipscomb,175,2,18:27,1107,1107,Will Pruitt made Free Throw.,away,36,45,-9,0,TRUE,FALSE,0.26371899235239427,0.18915605636687888,5,1,3.5,148.5,Chet Walker/John Barley/Jarrett Robinson,"Pittsburgh, PA",UPMC Cooper Fieldhouse,NA,2274,NA,NA,Lipscomb,made,Will Pruitt,NA,FALSE,TRUE,Lipscomb,Duquesne,FALSE
401711681,2024-11-04,Duquesne,Lipscomb,176,2,18:09,1089,1089,Jake DiMichele missed Jumper.,home,36,45,-9,18,FALSE,FALSE,0.26070969603789307,0.1871380246988698,5,1,3.5,148.5,Chet Walker/John Barley/Jarrett Robinson,"Pittsburgh, PA",UPMC Cooper Fieldhouse,NA,2274,NA,NA,Duquesne,missed,Jake DiMichele,NA,FALSE,FALSE,Duquesne,Duquesne,FALSE
401711681,2024-11-04,Duquesne,Lipscomb,177,2,18:09,1089,1089,Jahsean Corbett Offensive Rebound.,home,36,45,-9,0,FALSE,FALSE,0.26070969603789307,0.1871380246988698,5,1,3.5,148.5,Chet Walker/John Barley/Jarrett Robinson,"Pittsburgh, PA",UPMC Cooper Fieldhouse,NA,2274,NA,NA,NA,NA,NA,NA,NA,NA,Duquesne,Duquesne,FALSE
401711681,2024-11-04,Duquesne,Lipscomb,178,2,18:09,1089,1089,Foul on Charlie Williams.,away,36,45,-9,0,FALSE,TRUE,0.26070969603789307,0.1871380246988698,5,1,3.5,148.5,Chet Walker/John Barley/Jarrett Robinson,"Pittsburgh, PA",UPMC Cooper Fieldhouse,NA,2274,NA,NA,NA,NA,NA,NA,NA,NA,Duquesne,Duquesne,FALSE
401711681,2024-11-04,Duquesne,Lipscomb,179,2,18:09,1089,1089,Foul on Will Pruitt.,away,36,45,-9,0,FALSE,TRUE,0.26070969603789307,0.1871380246988698,5,1,3.5,148.5,Chet Walker/John Barley/Jarrett Robinson,"Pittsburgh, PA",UPMC Cooper Fieldhouse,NA,2274,NA,NA,NA,NA,NA,NA,NA,NA,Duquesne,Duquesne,FALSE
401711681,2024-11-04,Duquesne,Lipscomb,180,2,17:58,1078,1078,David Dixon missed Jumper.,home,36,45,-9,11,FALSE,FALSE,0.2588451877407117,0.18588496268723037,5,1,3.5,148.5,Chet Walker/John Barley/Jarrett Robinson,"Pittsburgh, PA",UPMC Cooper Fieldhouse,NA,2274,NA,NA,Duquesne,missed,David Dixon,NA,FALSE,FALSE,Duquesne,Duquesne,FALSE
401711681,2024-11-04,Duquesne,Lipscomb,181,2,17:56,1076,1076,Maximus Edwards Offensive Rebound.,home,36,45,-9,2,FALSE,FALSE,0.258503492839427,0.18565505092043466,5,1,3.5,148.5,Chet Walker/John Barley/Jarrett Robinson,"Pittsburgh, PA",UPMC Cooper Fieldhouse,NA,2274,NA,NA,NA,NA,NA,NA,NA,NA,Duquesne,Duquesne,FALSE
401711681,2024-11-04,Duquesne,Lipscomb,182,2,17:53,1073,1073,Maximus Edwards missed Three Point Jumper.,home,36,45,-9,3,FALSE,FALSE,0.2579892163626569,0.1853088454518123,5,1,3.5,148.5,Chet Walker/John Barley/Jarrett Robinson,"Pittsburgh, PA",UPMC Cooper Fieldhouse,NA,2274,NA,NA,Duquesne,missed,Maximus Edwards,NA,TRUE,FALSE,Duquesne,Lipscomb,FALSE
401711681,2024-11-04,Duquesne,Lipscomb,183,2,17:50,1070,1070,Joe Anderson Defensive Rebound.,away,36,45,-9,3,FALSE,FALSE,0.2574727518408402,0.18496095358211795,5,1,3.5,148.5,Chet Walker/John Barley/Jarrett Robinson,"Pittsburgh, PA",UPMC Cooper Fieldhouse,NA,2274,NA,NA,NA,NA,NA,NA,NA,NA,Duquesne,Lipscomb,FALSE
401711681,2024-11-04,Duquesne,Lipscomb,184,2,17:48,1068,1068,Jacob Ognacevic made Dunk. Assisted by Joe Anderson.,away,36,47,-11,2,TRUE,FALSE,0.19926835376046192,0.14008834767987285,5,1,3.5,148.5,Chet Walker/John Barley/Jarrett Robinson,"Pittsburgh, PA",UPMC Cooper Fieldhouse,NA,2274,NA,NA,Lipscomb,made,Jacob Ognacevic,Joe Anderson,FALSE,FALSE,Lipscomb,Duquesne,FALSE
401711681,2024-11-04,Duquesne,Lipscomb,185,2,17:32,1052,1052,Jake DiMichele made Jumper.,home,38,47,-9,16,TRUE,FALSE,0.2543213626625315,0.1828331614778467,5,1,3.5,148.5,Chet Walker/John Barley/Jarrett Robinson,"Pittsburgh, PA",UPMC Cooper Fieldhouse,NA,2274,NA,NA,Duquesne,made,Jake DiMichele,NA,FALSE,FALSE,Duquesne,Lipscomb,FALSE
401711681,2024-11-04,Duquesne,Lipscomb,186,2,17:18,1038,1038,Charlie Williams made Three Point Jumper. Assisted by Will Pruitt.,away,38,50,-12,14,TRUE,FALSE,0.16910625703196355,0.11798125955620951,5,1,3.5,148.5,Chet Walker/John Barley/Jarrett Robinson,"Pittsburgh, PA",UPMC Cooper Fieldhouse,NA,2274,NA,NA,Lipscomb,made,Charlie Williams,Will Pruitt,TRUE,FALSE,Lipscomb,Duquesne,FALSE
401711681,2024-11-04,Duquesne,Lipscomb,187,2,16:59,1019,1019,Jake DiMichele made Jumper.,home,40,50,-10,19,TRUE,FALSE,0.21798371775826167,0.15516960241546904,5,1,3.5,148.5,Chet Walker/John Barley/Jarrett Robinson,"Pittsburgh, PA",UPMC Cooper Fieldhouse,NA,2274,NA,NA,Duquesne,made,Jake DiMichele,NA,FALSE,FALSE,Duquesne,Lipscomb,FALSE
401711681,2024-11-04,Duquesne,Lipscomb,188,2,16:39,999,999,Foul on Maximus Edwards.,home,40,50,-10,20,FALSE,TRUE,0.21405977300635556,0.15250812822975132,5,1,3.5,148.5,Chet Walker/John Barley/Jarrett Robinson,"Pittsburgh, PA",UPMC Cooper Fieldhouse,NA,2274,NA,NA,NA,NA,NA,NA,NA,NA,Lipscomb,Lipscomb,FALSE
401711681,2024-11-04,Duquesne,Lipscomb,189,2,16:39,999,999,Gyasi Powell made Free Throw.,away,40,51,-11,0,TRUE,FALSE,0.18661880880870424,0.13163608625805184,5,1,3.5,148.5,Chet Walker/John Barley/Jarrett Robinson,"Pittsburgh, PA",UPMC Cooper Fieldhouse,NA,2274,NA,NA,Lipscomb,made,Gyasi Powell,NA,FALSE,TRUE,Lipscomb,Lipscomb,FALSE
401711681,2024-11-04,Duquesne,Lipscomb,190,2,16:39,999,999,Gyasi Powell made Free Throw.,away,40,52,-12,0,TRUE,FALSE,0.16197063013621923,0.11323888395576867,5,1,3.5,148.5,Chet Walker/John Barley/Jarrett Robinson,"Pittsburgh, PA",UPMC Cooper Fieldhouse,NA,2274,NA,NA,Lipscomb,made,Gyasi Powell,NA,FALSE,TRUE,Lipscomb,Duquesne,FALSE
401711681,2024-11-04,Duquesne,Lipscomb,191,2,16:25,985,985,Tre Dinkins missed Three Point Jumper.,home,40,52,-12,14,FALSE,FALSE,0.15924983114425087,0.11141942301957274,5,1,3.5,148.5,Chet Walker/John Barley/Jarrett Robinson,"Pittsburgh, PA",UPMC Cooper Fieldhouse,NA,2274,NA,NA,Duquesne,missed,Tre Dinkins,NA,TRUE,FALSE,Duquesne,Lipscomb,FALSE
401711681,2024-11-04,Duquesne,Lipscomb,192,2,16:21,981,981,Jacob Ognacevic Defensive Rebound.,away,40,52,-12,4,FALSE,FALSE,0.15845504615558212,0.1108868193305055,5,1,3.5,148.5,Chet Walker/John Barley/Jarrett Robinson,"Pittsburgh, PA",UPMC Cooper Fieldhouse,NA,2274,NA,NA,NA,NA,NA,NA,NA,NA,Duquesne,Lipscomb,FALSE
401711681,2024-11-04,Duquesne,Lipscomb,193,2,16:02,962,962,Jacob Ognacevic made Layup. Assisted by Joe Anderson.,away,40,54,-14,19,TRUE,FALSE,0.11404278409387078,0.07875505574917832,5,1,3.5,148.5,Chet Walker/John Barley/Jarrett Robinson,"Pittsburgh, PA",UPMC Cooper Fieldhouse,NA,2274,NA,NA,Lipscomb,made,Jacob Ognacevic,Joe Anderson,FALSE,FALSE,Lipscomb,Duquesne,FALSE
401711681,2024-11-04,Duquesne,Lipscomb,194,2,15:54,954,954,Duquesne  Timeout,home,40,54,-14,8,FALSE,FALSE,0.11269322766105282,0.07786420626621371,4,1,3.5,148.5,Chet Walker/John Barley/Jarrett Robinson,"Pittsburgh, PA",UPMC Cooper Fieldhouse,NA,2274,NA,NA,NA,NA,NA,NA,NA,NA,Duquesne,Duquesne,FALSE
401711681,2024-11-04,Duquesne,Lipscomb,195,2,15:54,954,954, Official TV Timeout,NA,40,54,-14,0,FALSE,FALSE,0.11269322766105282,0.07786420626621371,4,0,3.5,148.5,Chet Walker/John Barley/Jarrett Robinson,"Pittsburgh, PA",UPMC Cooper Fieldhouse,NA,2274,NA,NA,NA,NA,NA,NA,NA,NA,Duquesne,Duquesne,FALSE
401711681,2024-11-04,Duquesne,Lipscomb,196,2,15:43,943,943,Foul on Grant Asman.,away,40,54,-14,11,FALSE,TRUE,0.11094665885036795,0.07671321705690007,4,0,3.5,148.5,Chet Walker/John Barley/Jarrett Robinson,"Pittsburgh, PA",UPMC Cooper Fieldhouse,NA,2274,NA,NA,NA,NA,NA,NA,NA,NA,Duquesne,Duquesne,FALSE
401711681,2024-11-04,Duquesne,Lipscomb,197,2,15:43,943,943, Official TV Timeout,NA,40,54,-14,0,FALSE,FALSE,0.11094665885036795,0.07671321705690007,4,-1,3.5,148.5,Chet Walker/John Barley/Jarrett Robinson,"Pittsburgh, PA",UPMC Cooper Fieldhouse,NA,2274,NA,NA,NA,NA,NA,NA,NA,NA,Duquesne,Duquesne,FALSE
401711681,2024-11-04,Duquesne,Lipscomb,198,2,15:43,943,943,Jakub Necas made Free Throw.,home,41,54,-13,0,TRUE,FALSE,0.129723807132784,0.09028490611616852,4,-1,3.5,148.5,Chet Walker/John Barley/Jarrett Robinson,"Pittsburgh, PA",UPMC Cooper Fieldhouse,NA,2274,NA,NA,Duquesne,made,Jakub Necas,NA,FALSE,TRUE,Duquesne,Duquesne,FALSE
401711681,2024-11-04,Duquesne,Lipscomb,199,2,15:43,943,943,Jakub Necas made Free Throw.,home,42,54,-12,0,TRUE,FALSE,0.15113864318810988,0.10598201643022152,4,-1,3.5,148.5,Chet Walker/John Barley/Jarrett Robinson,"Pittsburgh, PA",UPMC Cooper Fieldhouse,NA,2274,NA,NA,Duquesne,made,Jakub Necas,NA,FALSE,TRUE,Duquesne,Lipscomb,FALSE
401711681,2024-11-04,Duquesne,Lipscomb,200,2,15:24,924,924,Will Pruitt made Jumper.,away,42,56,-14,19,TRUE,FALSE,0.10817483897753734,0.07489069557794892,4,-1,3.5,148.5,Chet Walker/John Barley/Jarrett Robinson,"Pittsburgh, PA",UPMC Cooper Fieldhouse,NA,2274,NA,NA,Lipscomb,made,Will Pruitt,NA,FALSE,FALSE,Lipscomb,Duquesne,FALSE
401711681,2024-11-04,Duquesne,Lipscomb,201,2,14:58,898,898,Tre Dinkins missed Three Point Jumper.,home,42,56,-14,26,FALSE,FALSE,0.10473772346412222,0.07263562011039289,4,-1,3.5,148.5,Chet Walker/John Barley/Jarrett Robinson,"Pittsburgh, PA",UPMC Cooper Fieldhouse,NA,2274,NA,NA,Duquesne,missed,Tre Dinkins,NA,TRUE,FALSE,Duquesne,Lipscomb,FALSE
401711681,2024-11-04,Duquesne,Lipscomb,202,2,14:54,894,894,Grant Asman Defensive Rebound.,away,42,56,-14,4,FALSE,FALSE,0.10423311929376808,0.07230473011343769,4,-1,3.5,148.5,Chet Walker/John Barley/Jarrett Robinson,"Pittsburgh, PA",UPMC Cooper Fieldhouse,NA,2274,NA,NA,NA,NA,NA,NA,NA,NA,Duquesne,Lipscomb,FALSE
401711681,2024-11-04,Duquesne,Lipscomb,203,2,14:47,887,887,Will Pruitt missed Jumper.,away,42,56,-14,7,FALSE,FALSE,0.10335996058805563,0.07173210972146511,4,-1,3.5,148.5,Chet Walker/John Barley/Jarrett Robinson,"Pittsburgh, PA",UPMC Cooper Fieldhouse,NA,2274,NA,NA,Lipscomb,missed,Will Pruitt,NA,FALSE,FALSE,Lipscomb,Duquesne,FALSE
401711681,2024-11-04,Duquesne,Lipscomb,204,2,14:43,883,883,Maximus Edwards Defensive Rebound.,home,42,56,-14,4,FALSE,FALSE,0.1028654223857785,0.0714077200105917,4,-1,3.5,148.5,Chet Walker/John Barley/Jarrett Robinson,"Pittsburgh, PA",UPMC Cooper Fieldhouse,NA,2274,NA,NA,NA,NA,NA,NA,NA,NA,Lipscomb,Duquesne,FALSE
401711681,2024-11-04,Duquesne,Lipscomb,205,2,14:33,873,873,Maximus Edwards made Jumper.,home,44,56,-12,10,TRUE,FALSE,0.1405236227163737,0.09892136590496453,4,-1,3.5,148.5,Chet Walker/John Barley/Jarrett Robinson,"Pittsburgh, PA",UPMC Cooper Fieldhouse,NA,2274,NA,NA,Duquesne,made,Maximus Edwards,NA,FALSE,FALSE,Duquesne,Lipscomb,FALSE
401711681,2024-11-04,Duquesne,Lipscomb,206,2,14:16,856,856,Will Pruitt made Layup. Assisted by Joe Anderson.,away,44,58,-14,17,TRUE,FALSE,0.0995536706895386,0.06923224914994357,4,-1,3.5,148.5,Chet Walker/John Barley/Jarrett Robinson,"Pittsburgh, PA",UPMC Cooper Fieldhouse,NA,2274,NA,NA,Lipscomb,made,Will Pruitt,Joe Anderson,FALSE,FALSE,Lipscomb,Duquesne,FALSE
401711681,2024-11-04,Duquesne,Lipscomb,207,2,14:16,856,856,Foul on Jake DiMichele.,home,44,58,-14,0,FALSE,TRUE,0.0995536706895386,0.06923224914994357,4,-1,3.5,148.5,Chet Walker/John Barley/Jarrett Robinson,"Pittsburgh, PA",UPMC Cooper Fieldhouse,NA,2274,NA,NA,NA,NA,NA,NA,NA,NA,Lipscomb,Lipscomb,FALSE
401711681,2024-11-04,Duquesne,Lipscomb,208,2,14:16,856,856,Will Pruitt missed Free Throw.,away,44,58,-14,0,FALSE,FALSE,0.0995536706895386,0.06923224914994357,4,-1,3.5,148.5,Chet Walker/John Barley/Jarrett Robinson,"Pittsburgh, PA",UPMC Cooper Fieldhouse,NA,2274,NA,NA,Lipscomb,missed,Will Pruitt,NA,FALSE,TRUE,Lipscomb,Duquesne,FALSE
401711681,2024-11-04,Duquesne,Lipscomb,209,2,14:15,855,855,Eli Wilborn Defensive Rebound.,home,44,58,-14,1,FALSE,FALSE,0.09943034257222295,0.06915108171428967,4,-1,3.5,148.5,Chet Walker/John Barley/Jarrett Robinson,"Pittsburgh, PA",UPMC Cooper Fieldhouse,NA,2274,NA,NA,NA,NA,NA,NA,NA,NA,Lipscomb,Duquesne,FALSE
401711681,2024-11-04,Duquesne,Lipscomb,210,2,14:05,845,845,Kareem Rozier Turnover.,home,44,58,-14,10,FALSE,FALSE,0.09818751794495881,0.06833231755608252,4,-1,3.5,148.5,Chet Walker/John Barley/Jarrett Robinson,"Pittsburgh, PA",UPMC Cooper Fieldhouse,NA,2274,NA,NA,NA,NA,NA,NA,NA,NA,Duquesne,Lipscomb,FALSE
401711681,2024-11-04,Duquesne,Lipscomb,211,2,13:51,831,831,Jacob Ognacevic made Jumper. Assisted by Grant Asman.,away,44,60,-16,14,TRUE,FALSE,0.06826135712963932,0.04710530510408025,4,-1,3.5,148.5,Chet Walker/John Barley/Jarrett Robinson,"Pittsburgh, PA",UPMC Cooper Fieldhouse,NA,2274,NA,NA,Lipscomb,made,Jacob Ognacevic,Grant Asman,FALSE,FALSE,Lipscomb,Duquesne,FALSE
401711681,2024-11-04,Duquesne,Lipscomb,212,2,13:29,809,809,Eli Wilborn made Layup. Assisted by Kareem Rozier.,home,46,60,-14,22,TRUE,FALSE,0.09345266694730364,0.06519740048588969,4,-1,3.5,148.5,Chet Walker/John Barley/Jarrett Robinson,"Pittsburgh, PA",UPMC Cooper Fieldhouse,NA,2274,NA,NA,Duquesne,made,Eli Wilborn,Kareem Rozier,FALSE,FALSE,Duquesne,Lipscomb,FALSE
401711681,2024-11-04,Duquesne,Lipscomb,213,2,13:12,792,792,Will Pruitt Turnover.,away,46,60,-14,17,FALSE,FALSE,0.09099770667598031,0.0635617957696679,4,-1,3.5,148.5,Chet Walker/John Barley/Jarrett Robinson,"Pittsburgh, PA",UPMC Cooper Fieldhouse,NA,2274,NA,NA,NA,NA,NA,NA,NA,NA,Lipscomb,Duquesne,FALSE
401711681,2024-11-04,Duquesne,Lipscomb,214,2,13:05,785,785,Kareem Rozier missed Layup.,home,46,60,-14,7,FALSE,FALSE,0.089934021282904,0.06285109243785138,4,-1,3.5,148.5,Chet Walker/John Barley/Jarrett Robinson,"Pittsburgh, PA",UPMC Cooper Fieldhouse,NA,2274,NA,NA,Duquesne,missed,Kareem Rozier,NA,FALSE,FALSE,Duquesne,Duquesne,FALSE
401711681,2024-11-04,Duquesne,Lipscomb,215,2,13:00,780,780,Eli Wilborn Offensive Rebound.,home,46,60,-14,5,FALSE,FALSE,0.08915362695560568,0.062328939315764935,4,-1,3.5,148.5,Chet Walker/John Barley/Jarrett Robinson,"Pittsburgh, PA",UPMC Cooper Fieldhouse,NA,2274,NA,NA,NA,NA,NA,NA,NA,NA,Duquesne,Duquesne,FALSE
401711681,2024-11-04,Duquesne,Lipscomb,216,2,13:00,780,780,Eli Wilborn missed Jumper.,home,46,60,-14,0,FALSE,FALSE,0.08915362695560568,0.062328939315764935,4,-1,3.5,148.5,Chet Walker/John Barley/Jarrett Robinson,"Pittsburgh, PA",UPMC Cooper Fieldhouse,NA,2274,NA,NA,Duquesne,missed,Eli Wilborn,NA,FALSE,FALSE,Duquesne,Lipscomb,FALSE
401711681,2024-11-04,Duquesne,Lipscomb,217,2,12:59,779,779,Jacob Ognacevic Defensive Rebound.,away,46,60,-14,1,FALSE,FALSE,0.08899541464642641,0.062223008297423436,4,-1,3.5,148.5,Chet Walker/John Barley/Jarrett Robinson,"Pittsburgh, PA",UPMC Cooper Fieldhouse,NA,2274,NA,NA,NA,NA,NA,NA,NA,NA,Duquesne,Lipscomb,FALSE
401711681,2024-11-04,Duquesne,Lipscomb,218,2,12:49,769,769,Joe Anderson Turnover.,away,46,60,-14,10,FALSE,FALSE,0.08737269526578698,0.06113516121277649,4,-1,3.5,148.5,Chet Walker/John Barley/Jarrett Robinson,"Pittsburgh, PA",UPMC Cooper Fieldhouse,NA,2274,NA,NA,NA,NA,NA,NA,NA,NA,Lipscomb,Duquesne,FALSE
401711681,2024-11-04,Duquesne,Lipscomb,219,2,12:49,769,769,Tre Dinkins Steal.,home,46,60,-14,0,FALSE,FALSE,0.08737269526578698,0.06113516121277649,4,-1,3.5,148.5,Chet Walker/John Barley/Jarrett Robinson,"Pittsburgh, PA",UPMC Cooper Fieldhouse,NA,2274,NA,NA,NA,NA,NA,NA,NA,NA,Lipscomb,Duquesne,FALSE
401711681,2024-11-04,Duquesne,Lipscomb,220,2,12:43,763,763,Eli Wilborn made Layup. Assisted by Tre Dinkins.,home,48,60,-12,6,TRUE,FALSE,0.12271600267544051,0.08694319886260767,4,-1,3.5,148.5,Chet Walker/John Barley/Jarrett Robinson,"Pittsburgh, PA",UPMC Cooper Fieldhouse,NA,2274,NA,NA,Duquesne,made,Eli Wilborn,Tre Dinkins,FALSE,FALSE,Duquesne,Lipscomb,FALSE
401711681,2024-11-04,Duquesne,Lipscomb,221,2,12:23,743,743,Joe Anderson missed Three Point Jumper.,away,48,60,-12,20,FALSE,FALSE,0.11846914988091921,0.08404614755584638,4,-1,3.5,148.5,Chet Walker/John Barley/Jarrett Robinson,"Pittsburgh, PA",UPMC Cooper Fieldhouse,NA,2274,NA,NA,Lipscomb,missed,Joe Anderson,NA,TRUE,FALSE,Lipscomb,Duquesne,FALSE
401711681,2024-11-04,Duquesne,Lipscomb,222,2,12:19,739,739,Jakub Necas Defensive Rebound.,home,48,60,-12,4,FALSE,FALSE,0.11756786743064299,0.0834299482568813,4,-1,3.5,148.5,Chet Walker/John Barley/Jarrett Robinson,"Pittsburgh, PA",UPMC Cooper Fieldhouse,NA,2274,NA,NA,NA,NA,NA,NA,NA,NA,Lipscomb,Duquesne,FALSE
401711681,2024-11-04,Duquesne,Lipscomb,223,2,12:06,726,726,Maximus Edwards made Jumper.,home,50,60,-10,13,TRUE,FALSE,0.16230599179709623,0.11711580681278796,4,-1,3.5,148.5,Chet Walker/John Barley/Jarrett Robinson,"Pittsburgh, PA",UPMC Cooper Fieldhouse,NA,2274,NA,NA,Duquesne,made,Maximus Edwards,NA,FALSE,FALSE,Duquesne,Lipscomb,FALSE
401711681,2024-11-04,Duquesne,Lipscomb,224,2,11:50,710,710,Foul on Eli Wilborn.,home,50,60,-10,16,FALSE,TRUE,0.15841209126760325,0.11441638011444231,4,-1,3.5,148.5,Chet Walker/John Barley/Jarrett Robinson,"Pittsburgh, PA",UPMC Cooper Fieldhouse,NA,2274,NA,NA,NA,NA,NA,NA,NA,NA,Lipscomb,Lipscomb,FALSE
401711681,2024-11-04,Duquesne,Lipscomb,225,2,11:50,710,710, Official TV Timeout,NA,50,60,-10,0,FALSE,FALSE,0.15841209126760325,0.11441638011444231,4,-2,3.5,148.5,Chet Walker/John Barley/Jarrett Robinson,"Pittsburgh, PA",UPMC Cooper Fieldhouse,NA,2274,NA,NA,NA,NA,NA,NA,NA,NA,Lipscomb,Lipscomb,FALSE
401711681,2024-11-04,Duquesne,Lipscomb,226,2,11:41,701,701,Foul on Eli Wilborn.,home,50,60,-10,9,FALSE,TRUE,0.15641595629948735,0.11304033768261589,4,-2,3.5,148.5,Chet Walker/John Barley/Jarrett Robinson,"Pittsburgh, PA",UPMC Cooper Fieldhouse,NA,2274,NA,NA,NA,NA,NA,NA,NA,NA,Lipscomb,Lipscomb,FALSE
401711681,2024-11-04,Duquesne,Lipscomb,227,2,11:33,693,693,Jacob Ognacevic Turnover.,away,50,60,-10,8,FALSE,FALSE,0.15473279659352956,0.11188393457436417,4,-2,3.5,148.5,Chet Walker/John Barley/Jarrett Robinson,"Pittsburgh, PA",UPMC Cooper Fieldhouse,NA,2274,NA,NA,NA,NA,NA,NA,NA,NA,Lipscomb,Duquesne,FALSE
401711681,2024-11-04,Duquesne,Lipscomb,228,2,11:18,678,678,Tre Dinkins made Jumper.,home,52,60,-8,15,TRUE,FALSE,0.21374671355123706,0.15790493141414455,4,-2,3.5,148.5,Chet Walker/John Barley/Jarrett Robinson,"Pittsburgh, PA",UPMC Cooper Fieldhouse,NA,2274,NA,NA,Duquesne,made,Tre Dinkins,NA,FALSE,FALSE,Duquesne,Lipscomb,FALSE
401711681,2024-11-04,Duquesne,Lipscomb,229,2,10:49,649,649,Will Pruitt missed Three Point Jumper.,away,52,60,-8,29,FALSE,FALSE,0.20784345391757755,0.1538142763613552,4,-2,3.5,148.5,Chet Walker/John Barley/Jarrett Robinson,"Pittsburgh, PA",UPMC Cooper Fieldhouse,NA,2274,NA,NA,Lipscomb,missed,Will Pruitt,NA,TRUE,FALSE,Lipscomb,Lipscomb,FALSE
401711681,2024-11-04,Duquesne,Lipscomb,230,2,10:46,646,646,Lipscomb Offensive Rebound.,away,52,60,-8,3,FALSE,FALSE,0.20722903048836733,0.1533884086823489,4,-2,3.5,148.5,Chet Walker/John Barley/Jarrett Robinson,"Pittsburgh, PA",UPMC Cooper Fieldhouse,NA,2274,NA,NA,NA,NA,NA,NA,NA,NA,Lipscomb,Lipscomb,FALSE
401711681,2024-11-04,Duquesne,Lipscomb,231,2,10:40,640,640,Jacob Ognacevic missed Layup.,away,52,60,-8,6,FALSE,FALSE,0.205987931030234,0.15252747374454723,4,-2,3.5,148.5,Chet Walker/John Barley/Jarrett Robinson,"Pittsburgh, PA",UPMC Cooper Fieldhouse,NA,2274,NA,NA,Lipscomb,missed,Jacob Ognacevic,NA,FALSE,FALSE,Lipscomb,Lipscomb,FALSE
401711681,2024-11-04,Duquesne,Lipscomb,232,2,10:40,640,640,David Dixon Block.,home,52,60,-8,0,FALSE,FALSE,0.205987931030234,0.15252747374454723,4,-2,3.5,148.5,Chet Walker/John Barley/Jarrett Robinson,"Pittsburgh, PA",UPMC Cooper Fieldhouse,NA,2274,NA,NA,NA,NA,NA,NA,NA,NA,Lipscomb,Lipscomb,FALSE
401711681,2024-11-04,Duquesne,Lipscomb,233,2,10:38,638,638,Jacob Ognacevic Offensive Rebound.,away,52,60,-8,2,FALSE,FALSE,0.20556975687276083,0.1522371313804209,4,-2,3.5,148.5,Chet Walker/John Barley/Jarrett Robinson,"Pittsburgh, PA",UPMC Cooper Fieldhouse,NA,2274,NA,NA,NA,NA,NA,NA,NA,NA,Lipscomb,Lipscomb,FALSE
401711681,2024-11-04,Duquesne,Lipscomb,234,2,10:35,635,635,Jacob Ognacevic made Jumper.,away,52,62,-10,3,TRUE,FALSE,0.14358131612389072,0.10426476498428125,4,-2,3.5,148.5,Chet Walker/John Barley/Jarrett Robinson,"Pittsburgh, PA",UPMC Cooper Fieldhouse,NA,2274,NA,NA,Lipscomb,made,Jacob Ognacevic,NA,FALSE,FALSE,Lipscomb,Duquesne,FALSE
401711681,2024-11-04,Duquesne,Lipscomb,235,2,10:35,635,635,Foul on David Dixon.,home,52,62,-10,0,FALSE,TRUE,0.14358131612389072,0.10426476498428125,4,-2,3.5,148.5,Chet Walker/John Barley/Jarrett Robinson,"Pittsburgh, PA",UPMC Cooper Fieldhouse,NA,2274,NA,NA,NA,NA,NA,NA,NA,NA,Lipscomb,Lipscomb,FALSE
401711681,2024-11-04,Duquesne,Lipscomb,236,2,10:35,635,635,Jacob Ognacevic missed Free Throw.,away,52,62,-10,0,FALSE,FALSE,0.14358131612389072,0.10426476498428125,4,-2,3.5,148.5,Chet Walker/John Barley/Jarrett Robinson,"Pittsburgh, PA",UPMC Cooper Fieldhouse,NA,2274,NA,NA,Lipscomb,missed,Jacob Ognacevic,NA,FALSE,TRUE,Lipscomb,Duquesne,FALSE
401711681,2024-11-04,Duquesne,Lipscomb,237,2,10:35,635,635,David Dixon Defensive Rebound.,home,52,62,-10,0,FALSE,FALSE,0.14358131612389072,0.10426476498428125,4,-2,3.5,148.5,Chet Walker/John Barley/Jarrett Robinson,"Pittsburgh, PA",UPMC Cooper Fieldhouse,NA,2274,NA,NA,NA,NA,NA,NA,NA,NA,Lipscomb,Duquesne,FALSE
401711681,2024-11-04,Duquesne,Lipscomb,238,2,10:22,622,622,Maximus Edwards missed Jumper.,home,52,62,-10,13,FALSE,FALSE,0.14098477642025006,0.10248393055441676,4,-2,3.5,148.5,Chet Walker/John Barley/Jarrett Robinson,"Pittsburgh, PA",UPMC Cooper Fieldhouse,NA,2274,NA,NA,Duquesne,missed,Maximus Edwards,NA,FALSE,FALSE,Duquesne,Lipscomb,FALSE
401711681,2024-11-04,Duquesne,Lipscomb,239,2,10:18,618,618,Jacob Ognacevic Defensive Rebound.,away,52,62,-10,4,FALSE,FALSE,0.14015639683284867,0.10191422486732835,4,-2,3.5,148.5,Chet Walker/John Barley/Jarrett Robinson,"Pittsburgh, PA",UPMC Cooper Fieldhouse,NA,2274,NA,NA,NA,NA,NA,NA,NA,NA,Duquesne,Lipscomb,FALSE
401711681,2024-11-04,Duquesne,Lipscomb,240,2,10:08,608,608,Foul on Kareem Rozier.,home,52,62,-10,10,FALSE,TRUE,0.13801015935173594,0.10043439173788388,4,-2,3.5,148.5,Chet Walker/John Barley/Jarrett Robinson,"Pittsburgh, PA",UPMC Cooper Fieldhouse,NA,2274,NA,NA,NA,NA,NA,NA,NA,NA,Lipscomb,Lipscomb,FALSE
401711681,2024-11-04,Duquesne,Lipscomb,241,2,10:08,608,608,Logan Suber missed Free Throw.,away,52,62,-10,0,FALSE,FALSE,0.13801015935173594,0.10043439173788388,4,-2,3.5,148.5,Chet Walker/John Barley/Jarrett Robinson,"Pittsburgh, PA",UPMC Cooper Fieldhouse,NA,2274,NA,NA,Lipscomb,missed,Logan Suber,NA,FALSE,TRUE,Lipscomb,Lipscomb,FALSE
401711681,2024-11-04,Duquesne,Lipscomb,242,2,10:08,608,608,Lipscomb Offensive Rebound.,away,52,62,-10,0,FALSE,FALSE,0.13801015935173594,0.10043439173788388,4,-2,3.5,148.5,Chet Walker/John Barley/Jarrett Robinson,"Pittsburgh, PA",UPMC Cooper Fieldhouse,NA,2274,NA,NA,NA,NA,NA,NA,NA,NA,Lipscomb,Lipscomb,FALSE
401711681,2024-11-04,Duquesne,Lipscomb,243,2,10:08,608,608,Logan Suber missed Free Throw.,away,52,62,-10,0,FALSE,FALSE,0.13801015935173594,0.10043439173788388,4,-2,3.5,148.5,Chet Walker/John Barley/Jarrett Robinson,"Pittsburgh, PA",UPMC Cooper Fieldhouse,NA,2274,NA,NA,Lipscomb,missed,Logan Suber,NA,FALSE,TRUE,Lipscomb,Lipscomb,FALSE
401711681,2024-11-04,Duquesne,Lipscomb,244,2,10:07,607,607,Jakub Necas Defensive Rebound.,home,52,62,-10,1,FALSE,FALSE,0.13778901078417813,0.10028159463750623,4,-2,3.5,148.5,Chet Walker/John Barley/Jarrett Robinson,"Pittsburgh, PA",UPMC Cooper Fieldhouse,NA,2274,NA,NA,NA,NA,NA,NA,NA,NA,Lipscomb,Duquesne,FALSE
401711681,2024-11-04,Duquesne,Lipscomb,245,2,9:58,598,598,Foul on Jahsean Corbett.,home,52,62,-10,9,FALSE,TRUE,0.13573895666529232,0.09886238273089959,4,-2,3.5,148.5,Chet Walker/John Barley/Jarrett Robinson,"Pittsburgh, PA",UPMC Cooper Fieldhouse,NA,2274,NA,NA,NA,NA,NA,NA,NA,NA,Duquesne,Lipscomb,FALSE
401711681,2024-11-04,Duquesne,Lipscomb,246,2,9:58,598,598,Jahsean Corbett Turnover.,home,52,62,-10,0,FALSE,FALSE,0.13573895666529232,0.09886238273089959,4,-2,3.5,148.5,Chet Walker/John Barley/Jarrett Robinson,"Pittsburgh, PA",UPMC Cooper Fieldhouse,NA,2274,NA,NA,NA,NA,NA,NA,NA,NA,Duquesne,Lipscomb,FALSE
401711681,2024-11-04,Duquesne,Lipscomb,247,2,9:43,583,583,Jacob Ognacevic missed Layup.,away,52,62,-10,15,FALSE,FALSE,0.13205418684461784,0.09629946398993872,4,-2,3.5,148.5,Chet Walker/John Barley/Jarrett Robinson,"Pittsburgh, PA",UPMC Cooper Fieldhouse,NA,2274,NA,NA,Lipscomb,missed,Jacob Ognacevic,NA,FALSE,FALSE,Lipscomb,Duquesne,FALSE
401711681,2024-11-04,Duquesne,Lipscomb,248,2,9:43,583,583,Jakub Necas Block.,home,52,62,-10,0,FALSE,FALSE,0.13205418684461784,0.09629946398993872,4,-2,3.5,148.5,Chet Walker/John Barley/Jarrett Robinson,"Pittsburgh, PA",UPMC Cooper Fieldhouse,NA,2274,NA,NA,NA,NA,NA,NA,NA,NA,Lipscomb,Duquesne,FALSE
401711681,2024-11-04,Duquesne,Lipscomb,249,2,9:39,579,579,Jakub Necas Defensive Rebound.,home,52,62,-10,4,FALSE,FALSE,0.13100865003568474,0.0955696447185663,4,-2,3.5,148.5,Chet Walker/John Barley/Jarrett Robinson,"Pittsburgh, PA",UPMC Cooper Fieldhouse,NA,2274,NA,NA,NA,NA,NA,NA,NA,NA,Lipscomb,Duquesne,FALSE
401711681,2024-11-04,Duquesne,Lipscomb,250,2,9:33,573,573,MatÃºÅ¡ HronskÃ½ made Three Point Jumper. Assisted by Jakub Necas.,home,55,62,-7,6,TRUE,FALSE,0.22649667595727724,0.17044877316530047,4,-2,3.5,148.5,Chet Walker/John Barley/Jarrett Robinson,"Pittsburgh, PA",UPMC Cooper Fieldhouse,NA,2274,NA,NA,Duquesne,made,MatÃºÅ¡ HronskÃ½,Jakub Necas,TRUE,FALSE,Duquesne,Lipscomb,FALSE
401711681,2024-11-04,Duquesne,Lipscomb,251,2,9:15,555,555,Miles White missed Three Point Jumper.,away,55,62,-7,18,FALSE,FALSE,0.22051604734855035,0.1661250506713514,4,-2,3.5,148.5,Chet Walker/John Barley/Jarrett Robinson,"Pittsburgh, PA",UPMC Cooper Fieldhouse,NA,2274,NA,NA,Lipscomb,missed,Miles White,NA,TRUE,FALSE,Lipscomb,Duquesne,FALSE
401711681,2024-11-04,Duquesne,Lipscomb,252,2,9:11,551,551,MatÃºÅ¡ HronskÃ½ Defensive Rebound.,home,55,62,-7,4,FALSE,FALSE,0.21907372730161292,0.165077988623596,4,-2,3.5,148.5,Chet Walker/John Barley/Jarrett Robinson,"Pittsburgh, PA",UPMC Cooper Fieldhouse,NA,2274,NA,NA,NA,NA,NA,NA,NA,NA,Lipscomb,Duquesne,FALSE
401711681,2024-11-04,Duquesne,Lipscomb,253,2,9:02,542,542,Foul on Miles White.,away,55,62,-7,9,FALSE,TRUE,0.21590078336393137,0.1627796489590246,4,-2,3.5,148.5,Chet Walker/John Barley/Jarrett Robinson,"Pittsburgh, PA",UPMC Cooper Fieldhouse,NA,2274,NA,NA,NA,NA,NA,NA,NA,NA,Duquesne,Duquesne,FALSE
401711681,2024-11-04,Duquesne,Lipscomb,254,2,9:02,542,542,Kareem Rozier made Free Throw.,home,56,62,-6,0,TRUE,FALSE,0.25812038449220936,0.19722422439876292,4,-2,3.5,148.5,Chet Walker/John Barley/Jarrett Robinson,"Pittsburgh, PA",UPMC Cooper Fieldhouse,NA,2274,NA,NA,Duquesne,made,Kareem Rozier,NA,FALSE,TRUE,Duquesne,Duquesne,FALSE
401711681,2024-11-04,Duquesne,Lipscomb,255,2,9:02,542,542,Kareem Rozier made Free Throw.,home,57,62,-5,0,TRUE,FALSE,0.305380598354208,0.2368950290188031,4,-2,3.5,148.5,Chet Walker/John Barley/Jarrett Robinson,"Pittsburgh, PA",UPMC Cooper Fieldhouse,NA,2274,NA,NA,Duquesne,made,Kareem Rozier,NA,FALSE,TRUE,Duquesne,Lipscomb,FALSE
401711681,2024-11-04,Duquesne,Lipscomb,256,2,8:34,514,514,Charlie Williams made Three Point Jumper. Assisted by Joe Anderson.,away,57,65,-8,28,TRUE,FALSE,0.17093912323870902,0.12770462279378555,4,-2,3.5,148.5,Chet Walker/John Barley/Jarrett Robinson,"Pittsburgh, PA",UPMC Cooper Fieldhouse,NA,2274,NA,NA,Lipscomb,made,Charlie Williams,Joe Anderson,TRUE,FALSE,Lipscomb,Duquesne,FALSE
401711681,2024-11-04,Duquesne,Lipscomb,257,2,8:04,484,484,Jake DiMichele missed Three Point Jumper.,home,57,65,-8,30,FALSE,FALSE,0.1633278391715701,0.1223670389910457,4,-2,3.5,148.5,Chet Walker/John Barley/Jarrett Robinson,"Pittsburgh, PA",UPMC Cooper Fieldhouse,NA,2274,NA,NA,Duquesne,missed,Jake DiMichele,NA,TRUE,FALSE,Duquesne,Lipscomb,FALSE
401711681,2024-11-04,Duquesne,Lipscomb,258,2,8:00,480,480,Joe Anderson Defensive Rebound.,away,57,65,-8,4,FALSE,FALSE,0.16225872418604764,0.121613766200301,4,-2,3.5,148.5,Chet Walker/John Barley/Jarrett Robinson,"Pittsburgh, PA",UPMC Cooper Fieldhouse,NA,2274,NA,NA,NA,NA,NA,NA,NA,NA,Duquesne,Lipscomb,FALSE
401711681,2024-11-04,Duquesne,Lipscomb,259,2,7:47,467,467,Joe Anderson missed Layup.,away,57,65,-8,13,FALSE,FALSE,0.15855337573368616,0.11898962379564418,4,-2,3.5,148.5,Chet Walker/John Barley/Jarrett Robinson,"Pittsburgh, PA",UPMC Cooper Fieldhouse,NA,2274,NA,NA,Lipscomb,missed,Joe Anderson,NA,FALSE,FALSE,Lipscomb,Duquesne,FALSE
401711681,2024-11-04,Duquesne,Lipscomb,260,2,7:44,464,464,Jakub Necas Defensive Rebound.,home,57,65,-8,3,FALSE,FALSE,0.1576360723127128,0.11833661569969045,4,-2,3.5,148.5,Chet Walker/John Barley/Jarrett Robinson,"Pittsburgh, PA",UPMC Cooper Fieldhouse,NA,2274,NA,NA,NA,NA,NA,NA,NA,NA,Lipscomb,Duquesne,FALSE
401711681,2024-11-04,Duquesne,Lipscomb,261,2,7:40,460,460,Tre Dinkins missed Three Point Jumper.,home,57,65,-8,4,FALSE,FALSE,0.1563699936308699,0.11743316605644549,4,-2,3.5,148.5,Chet Walker/John Barley/Jarrett Robinson,"Pittsburgh, PA",UPMC Cooper Fieldhouse,NA,2274,NA,NA,Duquesne,missed,Tre Dinkins,NA,TRUE,FALSE,Duquesne,Duquesne,FALSE
401711681,2024-11-04,Duquesne,Lipscomb,262,2,7:34,454,454,Jahsean Corbett Offensive Rebound.,home,57,65,-8,6,FALSE,FALSE,0.15436996795866859,0.11600112043206566,4,-2,3.5,148.5,Chet Walker/John Barley/Jarrett Robinson,"Pittsburgh, PA",UPMC Cooper Fieldhouse,NA,2274,NA,NA,NA,NA,NA,NA,NA,NA,Duquesne,Duquesne,FALSE
401711681,2024-11-04,Duquesne,Lipscomb,263,2,7:34,454,454,Jahsean Corbett made Jumper.,home,59,65,-6,0,TRUE,FALSE,0.23271998689106557,0.17899931586197926,4,-2,3.5,148.5,Chet Walker/John Barley/Jarrett Robinson,"Pittsburgh, PA",UPMC Cooper Fieldhouse,NA,2274,NA,NA,Duquesne,made,Jahsean Corbett,NA,FALSE,FALSE,Duquesne,Lipscomb,FALSE
401711681,2024-11-04,Duquesne,Lipscomb,264,2,7:21,441,441,Charlie Williams missed Three Point Jumper.,away,59,65,-6,13,FALSE,FALSE,0.22762577951598634,0.17525812445571698,4,-2,3.5,148.5,Chet Walker/John Barley/Jarrett Robinson,"Pittsburgh, PA",UPMC Cooper Fieldhouse,NA,2274,NA,NA,Lipscomb,missed,Charlie Williams,NA,TRUE,FALSE,Lipscomb,Duquesne,FALSE
401711681,2024-11-04,Duquesne,Lipscomb,265,2,7:18,438,438,Tre Dinkins Defensive Rebound.,home,59,65,-6,3,FALSE,FALSE,0.2263355660967057,0.17430505410741468,4,-2,3.5,148.5,Chet Walker/John Barley/Jarrett Robinson,"Pittsburgh, PA",UPMC Cooper Fieldhouse,NA,2274,NA,NA,NA,NA,NA,NA,NA,NA,Lipscomb,Duquesne,FALSE
401711681,2024-11-04,Duquesne,Lipscomb,266,2,7:18,438,438,Foul on Miles White.,away,59,65,-6,0,FALSE,TRUE,0.2263355660967057,0.17430505410741468,4,-2,3.5,148.5,Chet Walker/John Barley/Jarrett Robinson,"Pittsburgh, PA",UPMC Cooper Fieldhouse,NA,2274,NA,NA,NA,NA,NA,NA,NA,NA,Lipscomb,Duquesne,FALSE
401711681,2024-11-04,Duquesne,Lipscomb,267,2,7:18,438,438, Official TV Timeout,NA,59,65,-6,0,FALSE,FALSE,0.2263355660967057,0.17430505410741468,4,-3,3.5,148.5,Chet Walker/John Barley/Jarrett Robinson,"Pittsburgh, PA",UPMC Cooper Fieldhouse,NA,2274,NA,NA,NA,NA,NA,NA,NA,NA,Lipscomb,Duquesne,FALSE
401711681,2024-11-04,Duquesne,Lipscomb,268,2,6:56,416,416,Tre Dinkins missed Layup.,home,59,65,-6,22,FALSE,FALSE,0.2162706324695053,0.1668687581929946,4,-3,3.5,148.5,Chet Walker/John Barley/Jarrett Robinson,"Pittsburgh, PA",UPMC Cooper Fieldhouse,NA,2274,NA,NA,Duquesne,missed,Tre Dinkins,NA,FALSE,FALSE,Duquesne,Lipscomb,FALSE
401711681,2024-11-04,Duquesne,Lipscomb,269,2,6:53,413,413,Charlie Williams Defensive Rebound.,away,59,65,-6,3,FALSE,FALSE,0.2149742551475009,0.16592159604328613,4,-3,3.5,148.5,Chet Walker/John Barley/Jarrett Robinson,"Pittsburgh, PA",UPMC Cooper Fieldhouse,NA,2274,NA,NA,NA,NA,NA,NA,NA,NA,Duquesne,Lipscomb,FALSE
401711681,2024-11-04,Duquesne,Lipscomb,270,2,6:23,383,383,Jacob Ognacevic missed Three Point Jumper.,away,59,65,-6,30,FALSE,FALSE,0.2026024676313516,0.1569775715577363,4,-3,3.5,148.5,Chet Walker/John Barley/Jarrett Robinson,"Pittsburgh, PA",UPMC Cooper Fieldhouse,NA,2274,NA,NA,Lipscomb,missed,Jacob Ognacevic,NA,TRUE,FALSE,Lipscomb,Lipscomb,FALSE
401711681,2024-11-04,Duquesne,Lipscomb,271,2,6:22,382,382,Lipscomb Offensive Rebound.,away,59,65,-6,1,FALSE,FALSE,0.20219105043289085,0.15668139744395143,4,-3,3.5,148.5,Chet Walker/John Barley/Jarrett Robinson,"Pittsburgh, PA",UPMC Cooper Fieldhouse,NA,2274,NA,NA,NA,NA,NA,NA,NA,NA,Lipscomb,Lipscomb,FALSE
401711681,2024-11-04,Duquesne,Lipscomb,272,2,6:22,382,382,Lipscomb  Turnover.,away,59,65,-6,0,FALSE,FALSE,0.20219105043289085,0.15668139744395143,4,-3,3.5,148.5,Chet Walker/John Barley/Jarrett Robinson,"Pittsburgh, PA",UPMC Cooper Fieldhouse,NA,2274,NA,NA,NA,NA,NA,NA,NA,NA,Lipscomb,Duquesne,FALSE
401711681,2024-11-04,Duquesne,Lipscomb,273,2,6:03,363,363,Jahsean Corbett missed Jumper.,home,59,65,-6,19,FALSE,FALSE,0.19409427535601606,0.15083632332147812,4,-3,3.5,148.5,Chet Walker/John Barley/Jarrett Robinson,"Pittsburgh, PA",UPMC Cooper Fieldhouse,NA,2274,NA,NA,Duquesne,missed,Jahsean Corbett,NA,FALSE,FALSE,Duquesne,Lipscomb,FALSE
401711681,2024-11-04,Duquesne,Lipscomb,274,2,5:59,359,359,Gyasi Powell Defensive Rebound.,away,59,65,-6,4,FALSE,FALSE,0.1922911838937187,0.14952755752856267,4,-3,3.5,148.5,Chet Walker/John Barley/Jarrett Robinson,"Pittsburgh, PA",UPMC Cooper Fieldhouse,NA,2274,NA,NA,NA,NA,NA,NA,NA,NA,Duquesne,Lipscomb,FALSE
401711681,2024-11-04,Duquesne,Lipscomb,275,2,5:56,356,356,Jacob Ognacevic missed Three Point Jumper.,away,59,65,-6,3,FALSE,FALSE,0.19090921567115277,0.14852218216229862,4,-3,3.5,148.5,Chet Walker/John Barley/Jarrett Robinson,"Pittsburgh, PA",UPMC Cooper Fieldhouse,NA,2274,NA,NA,Lipscomb,missed,Jacob Ognacevic,NA,TRUE,FALSE,Lipscomb,Duquesne,FALSE
401711681,2024-11-04,Duquesne,Lipscomb,276,2,5:51,351,351,Jakub Necas Defensive Rebound.,home,59,65,-6,5,FALSE,FALSE,0.18854364778158847,0.14679639213583925,4,-3,3.5,148.5,Chet Walker/John Barley/Jarrett Robinson,"Pittsburgh, PA",UPMC Cooper Fieldhouse,NA,2274,NA,NA,NA,NA,NA,NA,NA,NA,Lipscomb,Duquesne,FALSE
401711681,2024-11-04,Duquesne,Lipscomb,277,2,5:38,338,338,Tre Dinkins made Three Point Jumper. Assisted by MatÃºÅ¡ HronskÃ½.,home,62,65,-3,13,TRUE,FALSE,0.3535387149641629,0.28915102432190465,4,-3,3.5,148.5,Chet Walker/John Barley/Jarrett Robinson,"Pittsburgh, PA",UPMC Cooper Fieldhouse,NA,2274,NA,NA,Duquesne,made,Tre Dinkins,MatÃºÅ¡ HronskÃ½,TRUE,FALSE,Duquesne,Lipscomb,FALSE
401711681,2024-11-04,Duquesne,Lipscomb,278,2,5:19,319,319,Foul on Will Pruitt.,away,62,65,-3,19,FALSE,TRUE,0.34424572122515024,0.28218771886362154,4,-3,3.5,148.5,Chet Walker/John Barley/Jarrett Robinson,"Pittsburgh, PA",UPMC Cooper Fieldhouse,NA,2274,NA,NA,NA,NA,NA,NA,NA,NA,Duquesne,Duquesne,FALSE
401711681,2024-11-04,Duquesne,Lipscomb,279,2,5:19,319,319,Will Pruitt Turnover.,away,62,65,-3,0,FALSE,FALSE,0.34424572122515024,0.28218771886362154,4,-3,3.5,148.5,Chet Walker/John Barley/Jarrett Robinson,"Pittsburgh, PA",UPMC Cooper Fieldhouse,NA,2274,NA,NA,NA,NA,NA,NA,NA,NA,Lipscomb,Duquesne,FALSE
401711681,2024-11-04,Duquesne,Lipscomb,280,2,5:06,306,306,Jahsean Corbett missed Jumper.,home,62,65,-3,13,FALSE,FALSE,0.33713024767907707,0.27677734990972863,4,-3,3.5,148.5,Chet Walker/John Barley/Jarrett Robinson,"Pittsburgh, PA",UPMC Cooper Fieldhouse,NA,2274,NA,NA,Duquesne,missed,Jahsean Corbett,NA,FALSE,FALSE,Duquesne,Lipscomb,FALSE
401711681,2024-11-04,Duquesne,Lipscomb,281,2,5:03,303,303,Lipscomb Defensive Rebound.,away,62,65,-3,3,FALSE,FALSE,0.3358492968108761,0.2758519686952421,4,-3,3.5,148.5,Chet Walker/John Barley/Jarrett Robinson,"Pittsburgh, PA",UPMC Cooper Fieldhouse,NA,2274,NA,NA,NA,NA,NA,NA,NA,NA,Duquesne,Lipscomb,FALSE
401711681,2024-11-04,Duquesne,Lipscomb,282,2,4:40,280,280,Jacob Ognacevic made Jumper.,away,62,67,-5,23,TRUE,FALSE,0.2065350111964768,0.1650944878026882,4,-3,3.5,148.5,Chet Walker/John Barley/Jarrett Robinson,"Pittsburgh, PA",UPMC Cooper Fieldhouse,NA,2274,NA,NA,Lipscomb,made,Jacob Ognacevic,NA,FALSE,FALSE,Lipscomb,Duquesne,FALSE
401711681,2024-11-04,Duquesne,Lipscomb,283,2,4:20,260,260,MatÃºÅ¡ HronskÃ½ missed Three Point Jumper.,home,62,67,-5,20,FALSE,FALSE,0.20968533191821456,0.16878058696701148,4,-3,3.5,148.5,Chet Walker/John Barley/Jarrett Robinson,"Pittsburgh, PA",UPMC Cooper Fieldhouse,NA,2274,NA,NA,Duquesne,missed,MatÃºÅ¡ HronskÃ½,NA,TRUE,FALSE,Duquesne,Lipscomb,FALSE
401711681,2024-11-04,Duquesne,Lipscomb,284,2,4:16,256,256,Will Pruitt Defensive Rebound.,away,62,67,-5,4,FALSE,FALSE,0.21043044231893032,0.16962357563040475,4,-3,3.5,148.5,Chet Walker/John Barley/Jarrett Robinson,"Pittsburgh, PA",UPMC Cooper Fieldhouse,NA,2274,NA,NA,NA,NA,NA,NA,NA,NA,Duquesne,Lipscomb,FALSE
401711681,2024-11-04,Duquesne,Lipscomb,285,2,4:05,245,245,Foul on MatÃºÅ¡ HronskÃ½.,home,62,67,-5,11,FALSE,TRUE,0.2119379936284444,0.17150062162899804,4,-3,3.5,148.5,Chet Walker/John Barley/Jarrett Robinson,"Pittsburgh, PA",UPMC Cooper Fieldhouse,NA,2274,NA,NA,NA,NA,NA,NA,NA,NA,Lipscomb,Lipscomb,FALSE
401711681,2024-11-04,Duquesne,Lipscomb,286,2,4:05,245,245,Jacob Ognacevic made Free Throw.,away,62,68,-6,0,TRUE,FALSE,0.1640649044074527,0.13124047489467175,4,-3,3.5,148.5,Chet Walker/John Barley/Jarrett Robinson,"Pittsburgh, PA",UPMC Cooper Fieldhouse,NA,2274,NA,NA,Lipscomb,made,Jacob Ognacevic,NA,FALSE,TRUE,Lipscomb,Lipscomb,FALSE
401711681,2024-11-04,Duquesne,Lipscomb,287,2,4:05,245,245,Jacob Ognacevic made Free Throw.,away,62,69,-7,0,TRUE,FALSE,0.12528634496638497,0.09929872945786383,4,-3,3.5,148.5,Chet Walker/John Barley/Jarrett Robinson,"Pittsburgh, PA",UPMC Cooper Fieldhouse,NA,2274,NA,NA,Lipscomb,made,Jacob Ognacevic,NA,FALSE,TRUE,Lipscomb,Duquesne,FALSE
401711681,2024-11-04,Duquesne,Lipscomb,288,2,3:54,234,234,Jakub Necas missed Layup.,home,62,69,-7,11,FALSE,FALSE,0.1253804655527339,0.0997663704128782,4,-3,3.5,148.5,Chet Walker/John Barley/Jarrett Robinson,"Pittsburgh, PA",UPMC Cooper Fieldhouse,NA,2274,NA,NA,Duquesne,missed,Jakub Necas,NA,FALSE,FALSE,Duquesne,Lipscomb,FALSE
401711681,2024-11-04,Duquesne,Lipscomb,289,2,3:54,234,234,Grant Asman Block.,away,62,69,-7,0,FALSE,FALSE,0.1253804655527339,0.0997663704128782,4,-3,3.5,148.5,Chet Walker/John Barley/Jarrett Robinson,"Pittsburgh, PA",UPMC Cooper Fieldhouse,NA,2274,NA,NA,NA,NA,NA,NA,NA,NA,Duquesne,Lipscomb,FALSE
401711681,2024-11-04,Duquesne,Lipscomb,290,2,3:50,230,230,Jacob Ognacevic Defensive Rebound.,away,62,69,-7,4,FALSE,FALSE,0.12486456676435682,0.09948959360653507,4,-3,3.5,148.5,Chet Walker/John Barley/Jarrett Robinson,"Pittsburgh, PA",UPMC Cooper Fieldhouse,NA,2274,NA,NA,NA,NA,NA,NA,NA,NA,Duquesne,Lipscomb,FALSE
401711681,2024-11-04,Duquesne,Lipscomb,291,2,3:34,214,214,Joe Anderson missed Layup.,away,62,69,-7,16,FALSE,FALSE,0.11883876963667855,0.09513818185360648,4,-3,3.5,148.5,Chet Walker/John Barley/Jarrett Robinson,"Pittsburgh, PA",UPMC Cooper Fieldhouse,NA,2274,NA,NA,Lipscomb,missed,Joe Anderson,NA,FALSE,FALSE,Lipscomb,Duquesne,FALSE
401711681,2024-11-04,Duquesne,Lipscomb,292,2,3:34,214,214,Maximus Edwards Block.,home,62,69,-7,0,FALSE,FALSE,0.11883876963667855,0.09513818185360648,4,-3,3.5,148.5,Chet Walker/John Barley/Jarrett Robinson,"Pittsburgh, PA",UPMC Cooper Fieldhouse,NA,2274,NA,NA,NA,NA,NA,NA,NA,NA,Lipscomb,Duquesne,FALSE
401711681,2024-11-04,Duquesne,Lipscomb,293,2,3:28,208,208,Jakub Necas Defensive Rebound.,home,62,69,-7,6,FALSE,FALSE,0.11468602817881923,0.09195018550303898,4,-3,3.5,148.5,Chet Walker/John Barley/Jarrett Robinson,"Pittsburgh, PA",UPMC Cooper Fieldhouse,NA,2274,NA,NA,NA,NA,NA,NA,NA,NA,Lipscomb,Duquesne,FALSE
401711681,2024-11-04,Duquesne,Lipscomb,294,2,3:21,201,201,Maximus Edwards Turnover.,home,62,69,-7,7,FALSE,FALSE,0.10844073419885858,0.0870769283015443,4,-3,3.5,148.5,Chet Walker/John Barley/Jarrett Robinson,"Pittsburgh, PA",UPMC Cooper Fieldhouse,NA,2274,NA,NA,NA,NA,NA,NA,NA,NA,Duquesne,Lipscomb,FALSE
401711681,2024-11-04,Duquesne,Lipscomb,295,2,3:21,201,201,Joe Anderson Steal.,away,62,69,-7,0,FALSE,FALSE,0.10844073419885858,0.0870769283015443,4,-3,3.5,148.5,Chet Walker/John Barley/Jarrett Robinson,"Pittsburgh, PA",UPMC Cooper Fieldhouse,NA,2274,NA,NA,NA,NA,NA,NA,NA,NA,Duquesne,Lipscomb,FALSE
401711681,2024-11-04,Duquesne,Lipscomb,296,2,2:55,175,175,Jacob Ognacevic made Jumper. Assisted by Joe Anderson.,away,62,71,-9,26,TRUE,FALSE,0.037417156959354915,0.02995193737663216,4,-3,3.5,148.5,Chet Walker/John Barley/Jarrett Robinson,"Pittsburgh, PA",UPMC Cooper Fieldhouse,NA,2274,NA,NA,Lipscomb,made,Jacob Ognacevic,Joe Anderson,FALSE,FALSE,Lipscomb,Duquesne,FALSE
401711681,2024-11-04,Duquesne,Lipscomb,297,2,2:54,174,174,Lipscomb  Timeout,away,62,71,-9,1,FALSE,FALSE,0.036706734051396524,0.02939346779416887,4,-4,3.5,148.5,Chet Walker/John Barley/Jarrett Robinson,"Pittsburgh, PA",UPMC Cooper Fieldhouse,NA,2274,NA,NA,NA,NA,NA,NA,NA,NA,Duquesne,Duquesne,FALSE
401711681,2024-11-04,Duquesne,Lipscomb,298,2,2:54,174,174, Official TV Timeout,NA,62,71,-9,0,FALSE,FALSE,0.036706734051396524,0.02939346779416887,4,-5,3.5,148.5,Chet Walker/John Barley/Jarrett Robinson,"Pittsburgh, PA",UPMC Cooper Fieldhouse,NA,2274,NA,NA,NA,NA,NA,NA,NA,NA,Duquesne,Duquesne,FALSE
401711681,2024-11-04,Duquesne,Lipscomb,299,2,2:39,159,159,Maximus Edwards Turnover.,home,62,71,-9,15,FALSE,FALSE,0.027168765661224767,0.0218786733814991,4,-5,3.5,148.5,Chet Walker/John Barley/Jarrett Robinson,"Pittsburgh, PA",UPMC Cooper Fieldhouse,NA,2274,NA,NA,NA,NA,NA,NA,NA,NA,Duquesne,Lipscomb,FALSE
401711681,2024-11-04,Duquesne,Lipscomb,300,2,2:08,128,128,Grant Asman missed Layup.,away,62,71,-9,31,FALSE,FALSE,0.01283099088153412,0.010477143640050245,4,-5,3.5,148.5,Chet Walker/John Barley/Jarrett Robinson,"Pittsburgh, PA",UPMC Cooper Fieldhouse,NA,2274,NA,NA,Lipscomb,missed,Grant Asman,NA,FALSE,FALSE,Lipscomb,Duquesne,FALSE
401711681,2024-11-04,Duquesne,Lipscomb,301,2,2:05,125,125,Foul on Joe Anderson.,away,62,71,-9,3,FALSE,TRUE,0.011779669159080278,0.009633103403885708,4,-5,3.5,148.5,Chet Walker/John Barley/Jarrett Robinson,"Pittsburgh, PA",UPMC Cooper Fieldhouse,NA,2274,NA,NA,NA,NA,NA,NA,NA,NA,Duquesne,Duquesne,FALSE
401711681,2024-11-04,Duquesne,Lipscomb,302,2,2:05,125,125,Maximus Edwards made Free Throw.,home,63,71,-8,0,TRUE,FALSE,0.019555158994202265,0.016014655973169912,4,-5,3.5,148.5,Chet Walker/John Barley/Jarrett Robinson,"Pittsburgh, PA",UPMC Cooper Fieldhouse,NA,2274,NA,NA,Duquesne,made,Maximus Edwards,NA,FALSE,TRUE,Lipscomb,Lipscomb,FALSE
401711681,2024-11-04,Duquesne,Lipscomb,303,2,2:05,125,125,Maximus Edwards made Free Throw.,home,64,71,-7,0,TRUE,FALSE,0.03229534245132182,0.026510572114613676,4,-5,3.5,148.5,Chet Walker/John Barley/Jarrett Robinson,"Pittsburgh, PA",UPMC Cooper Fieldhouse,NA,2274,NA,NA,Duquesne,made,Maximus Edwards,NA,FALSE,TRUE,Lipscomb,Lipscomb,FALSE
401711681,2024-11-04,Duquesne,Lipscomb,304,2,2:04,124,124,Maximus Edwards Defensive Rebound.,home,64,71,-7,1,FALSE,FALSE,0.031583262013215936,0.025937092583093343,4,-5,3.5,148.5,Chet Walker/John Barley/Jarrett Robinson,"Pittsburgh, PA",UPMC Cooper Fieldhouse,NA,2274,NA,NA,NA,NA,NA,NA,NA,NA,Lipscomb,Duquesne,FALSE
401711681,2024-11-04,Duquesne,Lipscomb,305,2,1:52,112,112,Foul on Jake DiMichele.,home,64,71,-7,12,FALSE,TRUE,0.023683409385411486,0.019554892769651888,4,-5,3.5,148.5,Chet Walker/John Barley/Jarrett Robinson,"Pittsburgh, PA",UPMC Cooper Fieldhouse,NA,2274,NA,NA,NA,NA,NA,NA,NA,NA,Lipscomb,Lipscomb,FALSE
401711681,2024-11-04,Duquesne,Lipscomb,306,2,1:52,112,112,Grant Asman missed Free Throw.,away,64,71,-7,0,FALSE,FALSE,0.023683409385411486,0.019554892769651888,4,-5,3.5,148.5,Chet Walker/John Barley/Jarrett Robinson,"Pittsburgh, PA",UPMC Cooper Fieldhouse,NA,2274,NA,NA,Lipscomb,missed,Grant Asman,NA,FALSE,TRUE,Lipscomb,Lipscomb,FALSE
401711681,2024-11-04,Duquesne,Lipscomb,307,2,1:52,112,112,Lipscomb Offensive Rebound.,away,64,71,-7,0,FALSE,FALSE,0.023683409385411486,0.019554892769651888,4,-5,3.5,148.5,Chet Walker/John Barley/Jarrett Robinson,"Pittsburgh, PA",UPMC Cooper Fieldhouse,NA,2274,NA,NA,NA,NA,NA,NA,NA,NA,Lipscomb,Lipscomb,FALSE
401711681,2024-11-04,Duquesne,Lipscomb,308,2,1:52,112,112,Grant Asman made Free Throw.,away,64,72,-8,0,TRUE,FALSE,0.013677023162915115,0.011272690016921643,4,-5,3.5,148.5,Chet Walker/John Barley/Jarrett Robinson,"Pittsburgh, PA",UPMC Cooper Fieldhouse,NA,2274,NA,NA,Lipscomb,made,Grant Asman,NA,FALSE,TRUE,Lipscomb,Duquesne,FALSE
401711681,2024-11-04,Duquesne,Lipscomb,309,2,1:42,102,102,Maximus Edwards missed Jumper.,home,64,72,-8,10,FALSE,FALSE,0.010008392283447366,0.00829290670743096,4,-5,3.5,148.5,Chet Walker/John Barley/Jarrett Robinson,"Pittsburgh, PA",UPMC Cooper Fieldhouse,NA,2274,NA,NA,Duquesne,missed,Maximus Edwards,NA,FALSE,FALSE,Duquesne,Duquesne,FALSE
401711681,2024-11-04,Duquesne,Lipscomb,310,2,1:40,100,100,David Dixon Turnover.,home,64,72,-8,2,FALSE,FALSE,0.009362160976020367,0.007765999552339245,4,-5,3.5,148.5,Chet Walker/John Barley/Jarrett Robinson,"Pittsburgh, PA",UPMC Cooper Fieldhouse,NA,2274,NA,NA,NA,NA,NA,NA,NA,NA,Duquesne,Lipscomb,FALSE
401711681,2024-11-04,Duquesne,Lipscomb,311,2,1:40,100,100,Grant Asman Steal.,away,64,72,-8,0,FALSE,FALSE,0.009362160976020367,0.007765999552339245,4,-5,3.5,148.5,Chet Walker/John Barley/Jarrett Robinson,"Pittsburgh, PA",UPMC Cooper Fieldhouse,NA,2274,NA,NA,NA,NA,NA,NA,NA,NA,Duquesne,Lipscomb,FALSE
401711681,2024-11-04,Duquesne,Lipscomb,312,2,1:39,99,99,David Dixon Offensive Rebound.,home,64,72,-8,1,FALSE,FALSE,0.009049777840776606,0.007511051662595263,4,-5,3.5,148.5,Chet Walker/John Barley/Jarrett Robinson,"Pittsburgh, PA",UPMC Cooper Fieldhouse,NA,2274,NA,NA,NA,NA,NA,NA,NA,NA,Duquesne,Duquesne,FALSE
401711681,2024-11-04,Duquesne,Lipscomb,313,2,1:11,71,71,Gyasi Powell made Jumper.,away,64,74,-10,28,TRUE,FALSE,7.273128406408281e-4,6.135857558973144e-4,4,-5,3.5,148.5,Chet Walker/John Barley/Jarrett Robinson,"Pittsburgh, PA",UPMC Cooper Fieldhouse,NA,2274,NA,NA,Lipscomb,made,Gyasi Powell,NA,FALSE,FALSE,Lipscomb,Duquesne,FALSE
401711681,2024-11-04,Duquesne,Lipscomb,314,2,0:57,57,57,Kareem Rozier missed Jumper.,home,64,74,-10,14,FALSE,FALSE,3.4621705414337935e-4,2.9479748501172286e-4,4,-5,3.5,148.5,Chet Walker/John Barley/Jarrett Robinson,"Pittsburgh, PA",UPMC Cooper Fieldhouse,NA,2274,NA,NA,Duquesne,missed,Kareem Rozier,NA,FALSE,FALSE,Duquesne,Duquesne,FALSE
401711681,2024-11-04,Duquesne,Lipscomb,315,2,0:53,53,53,David Dixon Offensive Rebound.,home,64,74,-10,4,FALSE,FALSE,2.7727870123367627e-4,2.3673692192937215e-4,4,-5,3.5,148.5,Chet Walker/John Barley/Jarrett Robinson,"Pittsburgh, PA",UPMC Cooper Fieldhouse,NA,2274,NA,NA,NA,NA,NA,NA,NA,NA,Duquesne,Duquesne,FALSE
401711681,2024-11-04,Duquesne,Lipscomb,316,2,0:52,52,52,David Dixon Turnover.,home,64,74,-10,1,FALSE,FALSE,2.6210096446298005e-4,2.2393062861239053e-4,4,-5,3.5,148.5,Chet Walker/John Barley/Jarrett Robinson,"Pittsburgh, PA",UPMC Cooper Fieldhouse,NA,2274,NA,NA,NA,NA,NA,NA,NA,NA,Duquesne,Lipscomb,FALSE
401711681,2024-11-04,Duquesne,Lipscomb,317,2,0:29,29,29,Grant Asman Turnover.,away,64,74,-10,23,FALSE,FALSE,6.537070437570771e-5,5.675848693634699e-5,4,-5,3.5,148.5,Chet Walker/John Barley/Jarrett Robinson,"Pittsburgh, PA",UPMC Cooper Fieldhouse,NA,2274,NA,NA,NA,NA,NA,NA,NA,NA,Lipscomb,Duquesne,FALSE
401711681,2024-11-04,Duquesne,Lipscomb,318,2,0:19,19,19,Tre Dinkins made Three Point Jumper.,home,67,74,-7,10,TRUE,FALSE,7.753923161590808e-4,6.782111201505452e-4,4,-5,3.5,148.5,Chet Walker/John Barley/Jarrett Robinson,"Pittsburgh, PA",UPMC Cooper Fieldhouse,NA,2274,NA,NA,Duquesne,made,Tre Dinkins,NA,TRUE,FALSE,Duquesne,Lipscomb,FALSE
401711681,2024-11-04,Duquesne,Lipscomb,319,2,0:18,18,18,Duquesne  Timeout,home,67,74,-7,1,FALSE,FALSE,7.394265003454448e-4,6.472268028800004e-4,3,-5,3.5,148.5,Chet Walker/John Barley/Jarrett Robinson,"Pittsburgh, PA",UPMC Cooper Fieldhouse,NA,2274,NA,NA,NA,NA,NA,NA,NA,NA,Lipscomb,Lipscomb,FALSE
401711681,2024-11-04,Duquesne,Lipscomb,320,2,0:08,8,8,Jacob Ognacevic Turnover.,away,67,74,-7,10,FALSE,FALSE,4.5205272222092503e-4,3.98641586503319e-4,3,-5,3.5,148.5,Chet Walker/John Barley/Jarrett Robinson,"Pittsburgh, PA",UPMC Cooper Fieldhouse,NA,2274,NA,NA,NA,NA,NA,NA,NA,NA,Lipscomb,Duquesne,FALSE
401711681,2024-11-04,Duquesne,Lipscomb,321,2,0:08,8,8,Maximus Edwards Steal.,home,67,74,-7,0,FALSE,FALSE,4.5205272222092503e-4,3.98641586503319e-4,3,-5,3.5,148.5,Chet Walker/John Barley/Jarrett Robinson,"Pittsburgh, PA",UPMC Cooper Fieldhouse,NA,2274,NA,NA,NA,NA,NA,NA,NA,NA,Lipscomb,Duquesne,FALSE
401711681,2024-11-04,Duquesne,Lipscomb,322,2,0:06,6,6,Maximus Edwards made Layup.,home,69,74,-5,2,TRUE,FALSE,0.003918967787907738,0.0034625800053953576,3,-5,3.5,148.5,Chet Walker/John Barley/Jarrett Robinson,"Pittsburgh, PA",UPMC Cooper Fieldhouse,NA,2274,NA,NA,Duquesne,made,Maximus Edwards,NA,FALSE,FALSE,Duquesne,Lipscomb,FALSE
401711681,2024-11-04,Duquesne,Lipscomb,323,2,0:06,6,6,Foul on Maximus Edwards.,home,69,74,-5,0,FALSE,TRUE,0.003918967787907738,0.0034625800053953576,3,-5,3.5,148.5,Chet Walker/John Barley/Jarrett Robinson,"Pittsburgh, PA",UPMC Cooper Fieldhouse,NA,2274,NA,NA,NA,NA,NA,NA,NA,NA,Duquesne,Lipscomb,FALSE
401711681,2024-11-04,Duquesne,Lipscomb,324,2,0:06,6,6,Jacob Ognacevic made Free Throw.,away,69,75,-6,0,TRUE,FALSE,0.001266216607766021,0.0011184110655953101,3,-5,3.5,148.5,Chet Walker/John Barley/Jarrett Robinson,"Pittsburgh, PA",UPMC Cooper Fieldhouse,NA,2274,NA,NA,Lipscomb,made,Jacob Ognacevic,NA,FALSE,TRUE,Lipscomb,Lipscomb,FALSE
401711681,2024-11-04,Duquesne,Lipscomb,325,2,0:06,6,6,Jacob Ognacevic made Free Throw.,away,69,76,-7,0,TRUE,FALSE,4.083777890040695e-4,3.60671662829464e-4,3,-5,3.5,148.5,Chet Walker/John Barley/Jarrett Robinson,"Pittsburgh, PA",UPMC Cooper Fieldhouse,NA,2274,NA,NA,Lipscomb,made,Jacob Ognacevic,NA,FALSE,TRUE,Lipscomb,Duquesne,FALSE
401711681,2024-11-04,Duquesne,Lipscomb,326,2,0:02,2,2,Tre Dinkins made Three Point Jumper. Assisted by Jakub Necas.,home,72,76,-4,4,TRUE,FALSE,0.01072434147273075,0.009511683531886,3,-5,3.5,148.5,Chet Walker/John Barley/Jarrett Robinson,"Pittsburgh, PA",UPMC Cooper Fieldhouse,NA,2274,NA,NA,Duquesne,made,Tre Dinkins,Jakub Necas,TRUE,FALSE,Duquesne,Lipscomb,FALSE
401711681,2024-11-04,Duquesne,Lipscomb,327,2,0:00,0,0,Foul on Tre Dinkins.,home,72,77,-5,2,FALSE,TRUE,0,0,3,-5,3.5,148.5,Chet Walker/John Barley/Jarrett Robinson,"Pittsburgh, PA",UPMC Cooper Fieldhouse,NA,2274,NA,NA,NA,NA,NA,NA,NA,NA,Lipscomb,Lipscomb,FALSE
401711681,2024-11-04,Duquesne,Lipscomb,328,2,0:00,0,0,Jacob Ognacevic missed Free Throw.,away,72,77,-5,0,FALSE,FALSE,0,0,3,-5,3.5,148.5,Chet Walker/John Barley/Jarrett Robinson,"Pittsburgh, PA",UPMC Cooper Fieldhouse,NA,2274,NA,NA,Lipscomb,missed,Jacob Ognacevic,NA,FALSE,TRUE,Lipscomb,Lipscomb,FALSE
401711681,2024-11-04,Duquesne,Lipscomb,329,2,0:00,0,0,Lipscomb Offensive Rebound.,away,72,77,-5,0,FALSE,FALSE,0,0,3,-5,3.5,148.5,Chet Walker/John Barley/Jarrett Robinson,"Pittsburgh, PA",UPMC Cooper Fieldhouse,NA,2274,NA,NA,NA,NA,NA,NA,NA,NA,Lipscomb,Lipscomb,FALSE
401711681,2024-11-04,Duquesne,Lipscomb,330,2,0:00,0,0,Jacob Ognacevic made Free Throw.,away,72,77,-5,0,TRUE,FALSE,0,0,3,-5,3.5,148.5,Chet Walker/John Barley/Jarrett Robinson,"Pittsburgh, PA",UPMC Cooper Fieldhouse,NA,2274,NA,NA,Lipscomb,made,Jacob Ognacevic,NA,FALSE,TRUE,Lipscomb,NA,FALSE
401711681,2024-11-04,Duquesne,Lipscomb,331,2,0:00,0,0,End of 2nd half,NA,72,77,-5,0,FALSE,FALSE,0,0,3,-5,3.5,148.5,Chet Walker/John Barley/Jarrett Robinson,"Pittsburgh, PA",UPMC Cooper Fieldhouse,NA,2274,NA,NA,NA,NA,NA,NA,NA,NA,Lipscomb,NA,FALSE
401711681,2024-11-04,Duquesne,Lipscomb,332,2,0:00,0,0,End of Game,NA,72,77,-5,0,FALSE,FALSE,0,0,3,-5,3.5,148.5,Chet Walker/John Barley/Jarrett Robinson,"Pittsburgh, PA",UPMC Cooper Fieldhouse,NA,2274,NA,NA,NA,NA,NA,NA,NA,NA,Lipscomb,NA,FALSE
