play_id,half,time_remaining_half,secs_remaining,secs_remaining_absolute,description,home_score,away_score,score_diff,play_length,win_prob,naive_win_prob,home,away,home_time_out_remaining,away_time_out_remaining,home_favored_by,game_id,date
1,1,20:00,2400,2400,PLAY,0,0,0,0,0.5,0.5,South Carolina,Florida,6,6,NA,400597319,2015-01-07
2,1,20:00,2400,2400,Jump Ball won by Florida,0,0,0,10,0.5,0.5,South Carolina,Florida,6,6,NA,400597319,2015-01-07
3,1,19:50,2390,2390,Kasey Hill Turnover.,0,0,0,45,0.5,0.5,South Carolina,Florida,6,6,NA,400597319,2015-01-07
4,1,19:05,2345,2345,Duane Notice missed Jumper.,0,0,0,0,0.5,0.5,South Carolina,Florida,6,6,NA,400597319,2015-01-07
5,1,19:05,2345,2345,Chris Walker Defensive Rebound.,0,0,0,16,0.5,0.5,South Carolina,Florida,6,6,NA,400597319,2015-01-07
6,1,18:49,2329,2329,Devin Robinson made Jumper.,0,2,-2,14,0.4544521819541921,0.4544521819541921,South Carolina,Florida,6,6,NA,400597319,2015-01-07
7,1,18:35,2315,2315,Duane Notice missed Layup.,0,2,-2,0,0.4541445652219872,0.4541445652219872,South Carolina,Florida,6,6,NA,400597319,2015-01-07
8,1,18:35,2315,2315,Chris Walker Block.,0,2,-2,0,0.4541445652219872,0.4541445652219872,South Carolina,Florida,6,6,NA,400597319,2015-01-07
9,1,18:35,2315,2315,Devin Robinson Defensive Rebound.,0,2,-2,28,0.4541445652219872,0.4541445652219872,South Carolina,Florida,6,6,NA,400597319,2015-01-07
10,1,18:07,2287,2287,Devin Robinson missed Jumper.,0,2,-2,0,0.4535229929185476,0.4535229929185476,South Carolina,Florida,6,6,NA,400597319,2015-01-07
11,1,18:07,2287,2287,Dorian Finney-Smith Offensive Rebound.,0,2,-2,0,0.4535229929185476,0.4535229929185476,South Carolina,Florida,6,6,NA,400597319,2015-01-07
12,1,18:07,2287,2287,Dorian Finney-Smith made Two Point Tip Shot.,0,4,-4,14,0.4078422699801557,0.4078422699801557,South Carolina,Florida,6,6,NA,400597319,2015-01-07
13,1,17:53,2273,2273,Demetrius Henry missed Layup.,0,4,-4,0,0.40723107319423285,0.40723107319423285,South Carolina,Florida,6,6,NA,400597319,2015-01-07
14,1,17:53,2273,2273,Dorian Finney-Smith Block.,0,4,-4,0,0.40723107319423285,0.40723107319423285,South Carolina,Florida,6,6,NA,400597319,2015-01-07
15,1,17:53,2273,2273,Dorian Finney-Smith Defensive Rebound.,0,4,-4,2,0.40723107319423285,0.40723107319423285,South Carolina,Florida,6,6,NA,400597319,2015-01-07
16,1,17:51,2271,2271,Foul on Duane Notice.,0,4,-4,22,0.40714349549642176,0.40714349549642176,South Carolina,Florida,6,6,NA,400597319,2015-01-07
17,1,17:29,2249,2249,Chris Walker made Dunk. Assisted by Dorian Finney-Smith.,0,6,-6,14,0.36130748603619706,0.36130748603619706,South Carolina,Florida,6,6,NA,400597319,2015-01-07
18,1,17:15,2235,2235,Foul on Devin Robinson.,0,6,-6,2,0.36041928750113866,0.36041928750113866,South Carolina,Florida,6,6,NA,400597319,2015-01-07
19,1,17:13,2233,2233,Laimonas Chatkevicius missed Three Point Jumper.,0,6,-6,0,0.36029215700262734,0.36029215700262734,South Carolina,Florida,6,6,NA,400597319,2015-01-07
20,1,17:13,2233,2233,Dorian Finney-Smith Defensive Rebound.,0,6,-6,27,0.36029215700262734,0.36029215700262734,South Carolina,Florida,6,6,NA,400597319,2015-01-07
21,1,16:46,2206,2206,Chris Walker Turnover.,0,6,-6,9,0.35857075373194436,0.35857075373194436,South Carolina,Florida,6,6,NA,400597319,2015-01-07
22,1,16:37,2197,2197,Tyrone Johnson made Three Point Jumper. Assisted by Mindaugas Kacinas.,3,6,-3,23,0.4275049455104304,0.4275049455104304,South Carolina,Florida,6,6,NA,400597319,2015-01-07
23,1,16:14,2174,2174,Dorian Finney-Smith missed Three Point Jumper.,3,6,-3,0,0.4267195690789067,0.4267195690789067,South Carolina,Florida,6,6,NA,400597319,2015-01-07
24,1,16:14,2174,2174,Tyrone Johnson Defensive Rebound.,3,6,-3,9,0.4267195690789067,0.4267195690789067,South Carolina,Florida,6,6,NA,400597319,2015-01-07
25,1,16:05,2165,2165,Sindarius Thornwell made Three Point Jumper. Assisted by Marcus Stroman.,6,6,0,22,0.5,0.5,South Carolina,Florida,6,6,NA,400597319,2015-01-07
26,1,15:43,2143,2143,Kasey Hill made Layup.,6,8,-2,0,0.45023152697512836,0.45023152697512836,South Carolina,Florida,6,6,NA,400597319,2015-01-07
27,1,15:43,2143,2143,Official TV Timeout,6,8,-2,0,0.45023152697512836,0.45023152697512836,South Carolina,Florida,6,6,NA,400597319,2015-01-07
28,1,15:43,2143,2143,Foul on Laimonas Chatkevicius.,6,8,-2,0,0.45023152697512836,0.45023152697512836,South Carolina,Florida,6,6,NA,400597319,2015-01-07
29,1,15:43,2143,2143,Kasey Hill made Free Throw.,6,9,-3,2,0.4256545568021406,0.4256545568021406,South Carolina,Florida,6,6,NA,400597319,2015-01-07
30,1,15:41,2141,2141,Mindaugas Kacinas Turnover.,6,9,-3,15,0.42558548116383255,0.42558548116383255,South Carolina,Florida,6,6,NA,400597319,2015-01-07
31,1,15:26,2126,2126,Michael Frazier II made Three Point Jumper. Assisted by Kasey Hill.,6,12,-6,8,0.3534239521842916,0.3534239521842916,South Carolina,Florida,6,6,NA,400597319,2015-01-07
32,1,15:18,2118,2118,Marcus Stroman Turnover.,6,12,-6,0,0.352903717894733,0.352903717894733,South Carolina,Florida,6,6,NA,400597319,2015-01-07
33,1,15:18,2118,2118,Jacob Kurtz Steal.,6,12,-6,11,0.352903717894733,0.352903717894733,South Carolina,Florida,6,6,NA,400597319,2015-01-07
34,1,15:07,2107,2107,Foul on Sindarius Thornwell.,6,12,-6,0,0.35218630061526435,0.35218630061526435,South Carolina,Florida,6,6,NA,400597319,2015-01-07
35,1,15:07,2107,2107,Michael Frazier II missed Free Throw.,6,12,-6,0,0.35218630061526435,0.35218630061526435,South Carolina,Florida,6,6,NA,400597319,2015-01-07
36,1,15:07,2107,2107,Florida Deadball Team Rebound.,6,12,-6,0,0.35218630061526435,0.35218630061526435,South Carolina,Florida,6,6,NA,400597319,2015-01-07
37,1,15:07,2107,2107,Michael Frazier II made Free Throw.,6,13,-7,0,0.3293742334104881,0.3293742334104881,South Carolina,Florida,6,6,NA,400597319,2015-01-07
38,1,15:07,2107,2107,Michael Frazier II made Free Throw.,6,14,-8,18,0.30733875631329266,0.30733875631329266,South Carolina,Florida,6,6,NA,400597319,2015-01-07
39,1,14:49,2089,2089,Sindarius Thornwell missed Dunk.,6,14,-8,0,0.3058722190811563,0.3058722190811563,South Carolina,Florida,6,6,NA,400597319,2015-01-07
40,1,14:49,2089,2089,Michael Carrera Offensive Rebound.,6,14,-8,19,0.3058722190811563,0.3058722190811563,South Carolina,Florida,6,6,NA,400597319,2015-01-07
41,1,14:30,2070,2070,Sindarius Thornwell Turnover.,6,14,-8,0,0.30431621909758233,0.30431621909758233,South Carolina,Florida,6,6,NA,400597319,2015-01-07
42,1,14:30,2070,2070,Chris Chiozza Steal.,6,14,-8,0,0.30431621909758233,0.30431621909758233,South Carolina,Florida,6,6,NA,400597319,2015-01-07
43,1,14:30,2070,2070,Foul on Sindarius Thornwell.,6,14,-8,9,0.30431621909758233,0.30431621909758233,South Carolina,Florida,6,6,NA,400597319,2015-01-07
44,1,14:21,2061,2061,Michael Frazier II made Three Point Jumper. Assisted by Alex Murphy.,6,17,-11,9,0.2420086633788357,0.2420086633788357,South Carolina,Florida,6,6,NA,400597319,2015-01-07
45,1,14:12,2052,2052,South Carolina  Timeout,6,17,-11,7,0.24112372577326555,0.24112372577326555,South Carolina,Florida,5,6,NA,400597319,2015-01-07
46,1,14:05,2045,2045,Marcus Stroman made Layup. Assisted by Duane Notice.,8,17,-9,22,0.28066726696152583,0.28066726696152583,South Carolina,Florida,5,6,NA,400597319,2015-01-07
47,1,13:43,2023,2023,Alex Murphy missed Three Point Jumper.,8,17,-9,0,0.2786999319717351,0.2786999319717351,South Carolina,Florida,5,6,NA,400597319,2015-01-07
48,1,13:43,2023,2023,Demetrius Henry Defensive Rebound.,8,17,-9,12,0.2786999319717351,0.2786999319717351,South Carolina,Florida,5,6,NA,400597319,2015-01-07
49,1,13:31,2011,2011,Foul on Eli Carter.,8,17,-9,0,0.277621267177154,0.277621267177154,South Carolina,Florida,5,6,NA,400597319,2015-01-07
50,1,13:31,2011,2011,Laimonas Chatkevicius made Free Throw.,9,17,-8,0,0.29942507725194883,0.29942507725194883,South Carolina,Florida,5,6,NA,400597319,2015-01-07
51,1,13:31,2011,2011,Laimonas Chatkevicius made Free Throw.,10,17,-7,21,0.3221775797509675,0.3221775797509675,South Carolina,Florida,5,6,NA,400597319,2015-01-07
52,1,13:10,1990,1990,Foul on Dorian Finney-Smith.,10,17,-7,0,0.3205690545380395,0.3205690545380395,South Carolina,Florida,5,6,NA,400597319,2015-01-07
53,1,13:10,1990,1990,Dorian Finney-Smith Turnover.,10,17,-7,31,0.3205690545380395,0.3205690545380395,South Carolina,Florida,5,6,NA,400597319,2015-01-07
54,1,12:39,1959,1959,Justin McKie missed Jumper.,10,17,-7,0,0.3181686090049015,0.3181686090049015,South Carolina,Florida,5,6,NA,400597319,2015-01-07
55,1,12:39,1959,1959,Justin McKie Offensive Rebound.,10,17,-7,0,0.3181686090049015,0.3181686090049015,South Carolina,Florida,5,6,NA,400597319,2015-01-07
56,1,12:39,1959,1959,Justin McKie Turnover.,10,17,-7,0,0.3181686090049015,0.3181686090049015,South Carolina,Florida,5,6,NA,400597319,2015-01-07
57,1,12:39,1959,1959,Eli Carter Steal.,10,17,-7,0,0.3181686090049015,0.3181686090049015,South Carolina,Florida,5,6,NA,400597319,2015-01-07
58,1,12:39,1959,1959,Jump Ball won by Florida,10,17,-7,29,0.3181686090049015,0.3181686090049015,South Carolina,Florida,5,6,NA,400597319,2015-01-07
59,1,12:10,1930,1930,Foul on Justin McKie.,10,17,-7,7,0.3158930288632477,0.3158930288632477,South Carolina,Florida,5,6,NA,400597319,2015-01-07
60,1,12:03,1923,1923,Chris Walker missed Jumper.,10,17,-7,0,0.31534070381346013,0.31534070381346013,South Carolina,Florida,5,6,NA,400597319,2015-01-07
61,1,12:03,1923,1923,Laimonas Chatkevicius Defensive Rebound.,10,17,-7,12,0.31534070381346013,0.31534070381346013,South Carolina,Florida,5,6,NA,400597319,2015-01-07
62,1,11:51,1911,1911,Demetrius Henry missed Jumper.,10,17,-7,0,0.31439641227027043,0.31439641227027043,South Carolina,Florida,5,6,NA,400597319,2015-01-07
63,1,11:51,1911,1911,Chris Walker Block.,10,17,-7,0,0.31439641227027043,0.31439641227027043,South Carolina,Florida,5,6,NA,400597319,2015-01-07
64,1,11:51,1911,1911,Demetrius Henry Offensive Rebound.,10,17,-7,12,0.31439641227027043,0.31439641227027043,South Carolina,Florida,5,6,NA,400597319,2015-01-07
65,1,11:39,1899,1899,Demetrius Henry made Layup.,12,17,-5,6,0.36354454674116626,0.36354454674116626,South Carolina,Florida,5,6,NA,400597319,2015-01-07
66,1,11:33,1893,1893,Michael Frazier II Turnover.,12,17,-5,0,0.3631833748469436,0.3631833748469436,South Carolina,Florida,5,6,NA,400597319,2015-01-07
67,1,11:33,1893,1893,Tyrone Johnson Steal.,12,17,-5,2,0.3631833748469436,0.3631833748469436,South Carolina,Florida,5,6,NA,400597319,2015-01-07
68,1,11:31,1891,1891,Tyrone Johnson made Layup.,14,17,-3,0,0.41647603687995866,0.41647603687995866,South Carolina,Florida,5,6,NA,400597319,2015-01-07
69,1,11:31,1891,1891,Foul on Alex Murphy.,14,17,-3,0,0.41647603687995866,0.41647603687995866,South Carolina,Florida,5,6,NA,400597319,2015-01-07
70,1,11:31,1891,1891,Official TV Timeout,14,17,-3,0,0.41647603687995866,0.41647603687995866,South Carolina,Florida,5,6,NA,400597319,2015-01-07
71,1,11:31,1891,1891,Tyrone Johnson made Free Throw.,15,17,-2,12,0.44402616846235454,0.44402616846235454,South Carolina,Florida,5,6,NA,400597319,2015-01-07
72,1,11:19,1879,1879,Dorian Finney-Smith missed Three Point Jumper.,15,17,-2,0,0.4437177195900225,0.4437177195900225,South Carolina,Florida,5,6,NA,400597319,2015-01-07
73,1,11:19,1879,1879,Tyrone Johnson Defensive Rebound.,15,17,-2,27,0.4437177195900225,0.4437177195900225,South Carolina,Florida,5,6,NA,400597319,2015-01-07
74,1,10:52,1852,1852,Duane Notice Turnover.,15,17,-2,18,0.44302205646961973,0.44302205646961973,South Carolina,Florida,5,6,NA,400597319,2015-01-07
75,1,10:34,1834,1834,Devin Robinson Turnover.,15,17,-2,8,0.4425558280700996,0.4425558280700996,South Carolina,Florida,5,6,NA,400597319,2015-01-07
76,1,10:26,1826,1826,South Carolina  Timeout,15,17,-2,3,0.44234770370639437,0.44234770370639437,South Carolina,Florida,4,6,NA,400597319,2015-01-07
77,1,10:23,1823,1823,Justin McKie Turnover.,15,17,-2,0,0.44226948796934684,0.44226948796934684,South Carolina,Florida,4,6,NA,400597319,2015-01-07
78,1,10:23,1823,1823,Dorian Finney-Smith Steal.,15,17,-2,9,0.44226948796934684,0.44226948796934684,South Carolina,Florida,4,6,NA,400597319,2015-01-07
79,1,10:14,1814,1814,Eli Carter Turnover.,15,17,-2,8,0.4420342321815675,0.4420342321815675,South Carolina,Florida,4,6,NA,400597319,2015-01-07
80,1,10:06,1806,1806,Marcus Stroman made Jumper.,17,17,0,0,0.5,0.5,South Carolina,Florida,4,6,NA,400597319,2015-01-07
81,1,10:06,1806,1806,Kasey Hill missed Jumper.,17,17,0,0,0.5,0.5,South Carolina,Florida,4,6,NA,400597319,2015-01-07
82,1,10:06,1806,1806,Laimonas Chatkevicius Block.,17,17,0,0,0.5,0.5,South Carolina,Florida,4,6,NA,400597319,2015-01-07
83,1,10:06,1806,1806,Florida Offensive Rebound.,17,17,0,0,0.5,0.5,South Carolina,Florida,4,6,NA,400597319,2015-01-07
84,1,10:06,1806,1806,Florida  Timeout,17,17,0,17,0.5,0.5,South Carolina,Florida,4,5,NA,400597319,2015-01-07
85,1,9:49,1789,1789,Dorian Finney-Smith made Layup. Assisted by Devin Robinson.,17,19,-2,39,0.441375151553143,0.441375151553143,South Carolina,Florida,4,5,NA,400597319,2015-01-07
86,1,9:10,1750,1750,Foul on Devin Robinson.,17,19,-2,0,0.44032591899175627,0.44032591899175627,South Carolina,Florida,4,5,NA,400597319,2015-01-07
87,1,9:10,1750,1750,Mindaugas Kacinas missed Free Throw.,17,19,-2,0,0.44032591899175627,0.44032591899175627,South Carolina,Florida,4,5,NA,400597319,2015-01-07
88,1,9:10,1750,1750,South Carolina Deadball Team Rebound.,17,19,-2,0,0.44032591899175627,0.44032591899175627,South Carolina,Florida,4,5,NA,400597319,2015-01-07
89,1,9:10,1750,1750,Mindaugas Kacinas made Free Throw.,18,19,-1,20,0.4700559464025223,0.4700559464025223,South Carolina,Florida,4,5,NA,400597319,2015-01-07
90,1,8:50,1730,1730,Chris Walker missed Layup.,18,19,-1,0,0.469777666955943,0.469777666955943,South Carolina,Florida,4,5,NA,400597319,2015-01-07
91,1,8:50,1730,1730,Michael Carrera Block.,18,19,-1,0,0.469777666955943,0.469777666955943,South Carolina,Florida,4,5,NA,400597319,2015-01-07
92,1,8:50,1730,1730,Jacob Kurtz Offensive Rebound.,18,19,-1,24,0.469777666955943,0.469777666955943,South Carolina,Florida,4,5,NA,400597319,2015-01-07
93,1,8:26,1706,1706,Chris Walker missed Three Point Jumper.,18,19,-1,0,0.46943688262116656,0.46943688262116656,South Carolina,Florida,4,5,NA,400597319,2015-01-07
94,1,8:26,1706,1706,Tyrone Johnson Defensive Rebound.,18,19,-1,5,0.46943688262116656,0.46943688262116656,South Carolina,Florida,4,5,NA,400597319,2015-01-07
95,1,8:21,1701,1701,Duane Notice Turnover.,18,19,-1,0,0.46936485371111536,0.46936485371111536,South Carolina,Florida,4,5,NA,400597319,2015-01-07
96,1,8:21,1701,1701,Jacob Kurtz Steal.,18,19,-1,5,0.46936485371111536,0.46936485371111536,South Carolina,Florida,4,5,NA,400597319,2015-01-07
97,1,8:16,1696,1696,Kasey Hill made Layup. Assisted by Jacob Kurtz.,18,21,-3,12,0.40879355912570875,0.40879355912570875,South Carolina,Florida,4,5,NA,400597319,2015-01-07
98,1,8:04,1684,1684,Tyrone Johnson made Jumper.,20,21,-1,12,0.4691177818723857,0.4691177818723857,South Carolina,Florida,4,5,NA,400597319,2015-01-07
99,1,7:52,1672,1672,Kasey Hill Turnover.,20,21,-1,0,0.4689455984819592,0.4689455984819592,South Carolina,Florida,4,5,NA,400597319,2015-01-07
100,1,7:52,1672,1672,Official TV Timeout,20,21,-1,9,0.4689455984819592,0.4689455984819592,South Carolina,Florida,4,5,NA,400597319,2015-01-07
101,1,7:43,1663,1663,Marcus Stroman Turnover.,20,21,-1,0,0.4688182796295889,0.4688182796295889,South Carolina,Florida,4,5,NA,400597319,2015-01-07
102,1,7:43,1663,1663,Devin Robinson Steal.,20,21,-1,7,0.4688182796295889,0.4688182796295889,South Carolina,Florida,4,5,NA,400597319,2015-01-07
103,1,7:36,1656,1656,Foul on Michael Carrera.,20,21,-1,0,0.4687201879639339,0.4687201879639339,South Carolina,Florida,4,5,NA,400597319,2015-01-07
104,1,7:36,1656,1656,Devin Robinson made Free Throw.,20,22,-2,0,0.4376842614429021,0.4376842614429021,South Carolina,Florida,4,5,NA,400597319,2015-01-07
105,1,7:36,1656,1656,Devin Robinson made Free Throw.,20,23,-3,19,0.4071285585956243,0.4071285585956243,South Carolina,Florida,4,5,NA,400597319,2015-01-07
106,1,7:17,1637,1637,Tyrone Johnson missed Jumper.,20,23,-3,0,0.40636421767568287,0.40636421767568287,South Carolina,Florida,4,5,NA,400597319,2015-01-07
107,1,7:17,1637,1637,Dorian Finney-Smith Defensive Rebound.,20,23,-3,7,0.40636421767568287,0.40636421767568287,South Carolina,Florida,4,5,NA,400597319,2015-01-07
108,1,7:10,1630,1630,Jacob Kurtz missed Layup.,20,23,-3,0,0.40608548370873926,0.40608548370873926,South Carolina,Florida,4,5,NA,400597319,2015-01-07
109,1,7:10,1630,1630,Justin McKie Block.,20,23,-3,0,0.40608548370873926,0.40608548370873926,South Carolina,Florida,4,5,NA,400597319,2015-01-07
110,1,7:10,1630,1630,Florida Offensive Rebound.,20,23,-3,9,0.40608548370873926,0.40608548370873926,South Carolina,Florida,4,5,NA,400597319,2015-01-07
111,1,7:01,1621,1621,Michael Frazier II missed Three Point Jumper.,20,23,-3,0,0.4057287064943315,0.4057287064943315,South Carolina,Florida,4,5,NA,400597319,2015-01-07
112,1,7:01,1621,1621,Demetrius Henry Defensive Rebound.,20,23,-3,7,0.4057287064943315,0.4057287064943315,South Carolina,Florida,4,5,NA,400597319,2015-01-07
113,1,6:54,1614,1614,Tyrone Johnson missed Layup.,20,23,-3,0,0.4054521106410945,0.4054521106410945,South Carolina,Florida,4,5,NA,400597319,2015-01-07
114,1,6:54,1614,1614,South Carolina Offensive Rebound.,20,23,-3,6,0.4054521106410945,0.4054521106410945,South Carolina,Florida,4,5,NA,400597319,2015-01-07
115,1,6:48,1608,1608,Demetrius Henry missed Jumper.,20,23,-3,0,0.40521542523694876,0.40521542523694876,South Carolina,Florida,4,5,NA,400597319,2015-01-07
116,1,6:48,1608,1608,Jacob Kurtz Defensive Rebound.,20,23,-3,16,0.40521542523694876,0.40521542523694876,South Carolina,Florida,4,5,NA,400597319,2015-01-07
117,1,6:32,1592,1592,Devin Robinson Turnover.,20,23,-3,0,0.4045846980627252,0.4045846980627252,South Carolina,Florida,4,5,NA,400597319,2015-01-07
118,1,6:32,1592,1592,Demetrius Henry Steal.,20,23,-3,19,0.4045846980627252,0.4045846980627252,South Carolina,Florida,4,5,NA,400597319,2015-01-07
119,1,6:13,1573,1573,Marcus Stroman Turnover.,20,23,-3,0,0.403832911329311,0.403832911329311,South Carolina,Florida,4,5,NA,400597319,2015-01-07
120,1,6:13,1573,1573,Dorian Finney-Smith Steal.,20,23,-3,12,0.403832911329311,0.403832911329311,South Carolina,Florida,4,5,NA,400597319,2015-01-07
121,1,6:01,1561,1561,Chris Walker made Dunk. Assisted by Dorian Finney-Smith.,20,25,-5,16,0.3424232062458788,0.3424232062458788,South Carolina,Florida,4,5,NA,400597319,2015-01-07
122,1,5:45,1545,1545,Tyrone Johnson made Layup.,22,25,-3,0,0.4027085002561882,0.4027085002561882,South Carolina,Florida,4,5,NA,400597319,2015-01-07
123,1,5:45,1545,1545,Foul on Chris Walker.,22,25,-3,0,0.4027085002561882,0.4027085002561882,South Carolina,Florida,4,5,NA,400597319,2015-01-07
124,1,5:45,1545,1545,Tyrone Johnson made Free Throw.,23,25,-2,15,0.4346767937974868,0.4346767937974868,South Carolina,Florida,4,5,NA,400597319,2015-01-07
125,1,5:30,1530,1530,Michael Frazier II made Layup. Assisted by Jacob Kurtz.,23,27,-4,34,0.37074927853227324,0.37074927853227324,South Carolina,Florida,4,5,NA,400597319,2015-01-07
126,1,4:56,1496,1496,Marcus Stroman missed Three Point Jumper.,23,27,-4,0,0.36887779010234506,0.36887779010234506,South Carolina,Florida,4,5,NA,400597319,2015-01-07
127,1,4:56,1496,1496,Devin Robinson Defensive Rebound.,23,27,-4,29,0.36887779010234506,0.36887779010234506,South Carolina,Florida,4,5,NA,400597319,2015-01-07
128,1,4:27,1467,1467,Foul on Marcus Stroman.,23,27,-4,0,0.3671858913048227,0.3671858913048227,South Carolina,Florida,4,5,NA,400597319,2015-01-07
129,1,4:27,1467,1467,Kasey Hill missed Free Throw.,23,27,-4,0,0.3671858913048227,0.3671858913048227,South Carolina,Florida,4,5,NA,400597319,2015-01-07
130,1,4:27,1467,1467,Mindaugas Kacinas Defensive Rebound.,23,27,-4,13,0.3671858913048227,0.3671858913048227,South Carolina,Florida,4,5,NA,400597319,2015-01-07
131,1,4:14,1454,1454,Demetrius Henry made Jumper.,25,27,-2,0,0.4319588722140313,0.4319588722140313,South Carolina,Florida,4,5,NA,400597319,2015-01-07
132,1,4:14,1454,1454,Foul on Jacob Kurtz.,25,27,-2,0,0.4319588722140313,0.4319588722140313,South Carolina,Florida,4,5,NA,400597319,2015-01-07
133,1,4:14,1454,1454,Demetrius Henry missed Free Throw.,25,27,-2,0,0.4319588722140313,0.4319588722140313,South Carolina,Florida,4,5,NA,400597319,2015-01-07
134,1,4:14,1454,1454,Mindaugas Kacinas Offensive Rebound.,25,27,-2,23,0.4319588722140313,0.4319588722140313,South Carolina,Florida,4,5,NA,400597319,2015-01-07
135,1,3:51,1431,1431,Justin McKie made Jumper.,27,27,0,0,0.5,0.5,South Carolina,Florida,4,5,NA,400597319,2015-01-07
136,1,3:51,1431,1431,Jacob Kurtz made Free Throw.,27,28,-1,0,0.4654413525722775,0.4654413525722775,South Carolina,Florida,4,5,NA,400597319,2015-01-07
137,1,3:51,1431,1431,Jacob Kurtz made Free Throw.,27,29,-2,0,0.4312113224457935,0.4312113224457935,South Carolina,Florida,4,5,NA,400597319,2015-01-07
138,1,3:51,1431,1431,Official TV Timeout,27,27,0,0,0.5,0.5,South Carolina,Florida,4,5,NA,400597319,2015-01-07
139,1,3:51,1431,1431,Foul on Justin McKie.,27,27,0,7,0.5,0.5,South Carolina,Florida,4,5,NA,400597319,2015-01-07
140,1,3:44,1424,1424,Foul on Chris Chiozza.,27,29,-2,0,0.43099021759921446,0.43099021759921446,South Carolina,Florida,4,5,NA,400597319,2015-01-07
141,1,3:44,1424,1424,Marcus Stroman missed Free Throw.,27,29,-2,0,0.43099021759921446,0.43099021759921446,South Carolina,Florida,4,5,NA,400597319,2015-01-07
142,1,3:44,1424,1424,Chris Walker Defensive Rebound.,27,29,-2,17,0.43099021759921446,0.43099021759921446,South Carolina,Florida,4,5,NA,400597319,2015-01-07
143,1,3:27,1407,1407,Foul on Marcus Stroman.,27,29,-2,0,0.43046336998919077,0.43046336998919077,South Carolina,Florida,4,5,NA,400597319,2015-01-07
144,1,3:27,1407,1407,Kasey Hill missed Free Throw.,27,29,-2,0,0.43046336998919077,0.43046336998919077,South Carolina,Florida,4,5,NA,400597319,2015-01-07
145,1,3:27,1407,1407,Eli Carter Offensive Rebound.,27,29,-2,3,0.43046336998919077,0.43046336998919077,South Carolina,Florida,4,5,NA,400597319,2015-01-07
146,1,3:24,1404,1404,Dorian Finney-Smith missed Three Point Jumper.,27,29,-2,0,0.4303716241730649,0.4303716241730649,South Carolina,Florida,4,5,NA,400597319,2015-01-07
147,1,3:24,1404,1404,Mindaugas Kacinas Defensive Rebound.,27,29,-2,13,0.4303716241730649,0.4303716241730649,South Carolina,Florida,4,5,NA,400597319,2015-01-07
148,1,3:11,1391,1391,Demetrius Henry missed Jumper.,27,29,-2,0,0.42997720792167154,0.42997720792167154,South Carolina,Florida,4,5,NA,400597319,2015-01-07
149,1,3:11,1391,1391,Dorian Finney-Smith Defensive Rebound.,27,29,-2,17,0.42997720792167154,0.42997720792167154,South Carolina,Florida,4,5,NA,400597319,2015-01-07
150,1,2:54,1374,1374,Foul on Kasey Hill.,27,29,-2,0,0.42946644517190913,0.42946644517190913,South Carolina,Florida,4,5,NA,400597319,2015-01-07
151,1,2:54,1374,1374,Kasey Hill Turnover.,27,29,-2,23,0.42946644517190913,0.42946644517190913,South Carolina,Florida,4,5,NA,400597319,2015-01-07
152,1,2:31,1351,1351,Foul on Eli Carter.,27,29,-2,0,0.4287766151617924,0.4287766151617924,South Carolina,Florida,4,5,NA,400597319,2015-01-07
153,1,2:31,1351,1351,Justin McKie made Free Throw.,28,29,-1,0,0.4642058012664251,0.4642058012664251,South Carolina,Florida,4,5,NA,400597319,2015-01-07
154,1,2:31,1351,1351,Justin McKie made Free Throw.,29,29,0,32,0.5,0.5,South Carolina,Florida,4,5,NA,400597319,2015-01-07
155,1,1:59,1319,1319,Dorian Finney-Smith made Dunk. Assisted by Michael Frazier II.,29,31,-2,26,0.4277988063557957,0.4277988063557957,South Carolina,Florida,4,5,NA,400597319,2015-01-07
156,1,1:33,1293,1293,Mindaugas Kacinas made Layup. Assisted by Duane Notice.,31,31,0,34,0.5,0.5,South Carolina,Florida,4,5,NA,400597319,2015-01-07
157,1,0:59,1259,1259,Michael Frazier II missed Jumper.,31,31,0,0,0.5,0.5,South Carolina,Florida,4,5,NA,400597319,2015-01-07
158,1,0:59,1259,1259,Chris Walker Offensive Rebound.,31,31,0,2,0.5,0.5,South Carolina,Florida,4,5,NA,400597319,2015-01-07
159,1,0:57,1257,1257,Chris Walker Turnover.,31,31,0,14,0.5,0.5,South Carolina,Florida,4,5,NA,400597319,2015-01-07
160,1,0:43,1243,1243,Duane Notice made Three Point Jumper. Assisted by Marcus Stroman.,34,31,3,40,0.611131214390411,0.611131214390411,South Carolina,Florida,4,5,NA,400597319,2015-01-07
161,1,0:03,1203,1203,Devin Robinson missed Jumper.,34,31,3,0,0.6134714072603277,0.6134714072603277,South Carolina,Florida,4,5,NA,400597319,2015-01-07
162,1,0:03,1203,1203,South Carolina Defensive Rebound.,34,31,3,3,0.6134714072603277,0.6134714072603277,South Carolina,Florida,4,5,NA,400597319,2015-01-07
163,1,0:00,1200,1200,End of 1st half,34,31,3,0,0.6136521367497382,0.6136521367497382,South Carolina,Florida,4,5,NA,400597319,2015-01-07
164,2,20:00,1200,1200,PLAY,34,31,3,0,0.6136521367497382,0.6136521367497382,South Carolina,Florida,4,5,NA,400597319,2015-01-07
165,2,20:00,1200,1200,Jump Ball won by Florida,34,31,3,7,0.6136521367497382,0.6136521367497382,South Carolina,Florida,4,5,NA,400597319,2015-01-07
166,2,19:53,1193,1193,Foul on Sindarius Thornwell.,34,31,3,0,0.6140696285496201,0.6140696285496201,South Carolina,Florida,4,5,NA,400597319,2015-01-07
167,2,19:53,1193,1193,Dorian Finney-Smith missed Free Throw.,34,31,3,0,0.6140696285496201,0.6140696285496201,South Carolina,Florida,4,5,NA,400597319,2015-01-07
168,2,19:53,1193,1193,Florida Deadball Team Rebound.,34,31,3,0,0.6140696285496201,0.6140696285496201,South Carolina,Florida,4,5,NA,400597319,2015-01-07
169,2,19:53,1193,1193,Dorian Finney-Smith made Free Throw.,34,32,2,14,0.5767959799276776,0.5767959799276776,South Carolina,Florida,4,5,NA,400597319,2015-01-07
170,2,19:39,1179,1179,Laimonas Chatkevicius missed Jumper.,34,32,2,0,0.5773589079751501,0.5773589079751501,South Carolina,Florida,4,5,NA,400597319,2015-01-07
171,2,19:39,1179,1179,Chris Walker Defensive Rebound.,34,32,2,12,0.5773589079751501,0.5773589079751501,South Carolina,Florida,4,5,NA,400597319,2015-01-07
172,2,19:27,1167,1167,Kasey Hill Turnover.,34,32,2,0,0.5778327029115884,0.5778327029115884,South Carolina,Florida,4,5,NA,400597319,2015-01-07
173,2,19:27,1167,1167,Marcus Stroman Steal.,34,32,2,12,0.5778327029115884,0.5778327029115884,South Carolina,Florida,4,5,NA,400597319,2015-01-07
174,2,19:15,1155,1155,Foul on Chris Chiozza.,34,32,2,0,0.5783008902073038,0.5783008902073038,South Carolina,Florida,4,5,NA,400597319,2015-01-07
175,2,19:15,1155,1155,Tyrone Johnson made Free Throw.,35,32,3,0,0.6162599218815095,0.6162599218815095,South Carolina,Florida,4,5,NA,400597319,2015-01-07
176,2,19:15,1155,1155,Tyrone Johnson made Free Throw.,36,32,4,40,0.6528531907838526,0.6528531907838526,South Carolina,Florida,4,5,NA,400597319,2015-01-07
177,2,18:35,1115,1115,Dorian Finney-Smith missed Jumper.,36,32,4,0,0.6557293997036397,0.6557293997036397,South Carolina,Florida,4,5,NA,400597319,2015-01-07
178,2,18:35,1115,1115,South Carolina Deadball Team Rebound.,36,32,4,10,0.6557293997036397,0.6557293997036397,South Carolina,Florida,4,5,NA,400597319,2015-01-07
179,2,18:25,1105,1105,Laimonas Chatkevicius made Jumper. Assisted by Sindarius Thornwell.,38,32,6,21,0.7253793604157478,0.7253793604157478,South Carolina,Florida,4,5,NA,400597319,2015-01-07
180,2,18:04,1084,1084,Florida  Timeout,38,32,6,7,0.7274320067679232,0.7274320067679232,South Carolina,Florida,4,4,NA,400597319,2015-01-07
181,2,17:57,1077,1077,Michael Frazier II missed Three Point Jumper.,38,32,6,0,0.7281299370592217,0.7281299370592217,South Carolina,Florida,4,4,NA,400597319,2015-01-07
182,2,17:57,1077,1077,Chris Chiozza Offensive Rebound.,38,32,6,8,0.7281299370592217,0.7281299370592217,South Carolina,Florida,4,4,NA,400597319,2015-01-07
183,2,17:49,1069,1069,Devin Robinson missed Three Point Jumper.,38,32,6,0,0.7289382170937547,0.7289382170937547,South Carolina,Florida,4,4,NA,400597319,2015-01-07
184,2,17:49,1069,1069,Florida Offensive Rebound.,38,32,6,4,0.7289382170937547,0.7289382170937547,South Carolina,Florida,4,4,NA,400597319,2015-01-07
185,2,17:45,1065,1065,Eli Carter Turnover.,38,32,6,0,0.7293470849900602,0.7293470849900602,South Carolina,Florida,4,4,NA,400597319,2015-01-07
186,2,17:45,1065,1065,Marcus Stroman Steal.,38,32,6,14,0.7293470849900602,0.7293470849900602,South Carolina,Florida,4,4,NA,400597319,2015-01-07
187,2,17:31,1051,1051,Tyrone Johnson missed Jumper.,38,32,6,0,0.7308062872896397,0.7308062872896397,South Carolina,Florida,4,4,NA,400597319,2015-01-07
188,2,17:31,1051,1051,Eli Carter Defensive Rebound.,38,32,6,7,0.7308062872896397,0.7308062872896397,South Carolina,Florida,4,4,NA,400597319,2015-01-07
189,2,17:24,1044,1044,Michael Frazier II Turnover.,38,32,6,10,0.7315541747667983,0.7315541747667983,South Carolina,Florida,4,4,NA,400597319,2015-01-07
190,2,17:14,1034,1034,Foul on Chris Chiozza.,38,32,6,10,0.7326463664926974,0.7326463664926974,South Carolina,Florida,4,4,NA,400597319,2015-01-07
191,2,17:04,1024,1024,Marcus Stroman missed Jumper.,38,32,6,0,0.7337691973106512,0.7337691973106512,South Carolina,Florida,4,4,NA,400597319,2015-01-07
192,2,17:04,1024,1024,Florida Defensive Rebound.,38,32,6,11,0.7337691973106512,0.7337691973106512,South Carolina,Florida,4,4,NA,400597319,2015-01-07
193,2,16:53,1013,1013,Foul on Laimonas Chatkevicius.,38,32,6,0,0.7350431798437534,0.7350431798437534,South Carolina,Florida,4,4,NA,400597319,2015-01-07
194,2,16:53,1013,1013,Kasey Hill made Free Throw.,38,33,5,0,0.7006304857760444,0.7006304857760444,South Carolina,Florida,4,4,NA,400597319,2015-01-07
195,2,16:53,1013,1013,Kasey Hill made Free Throw.,38,34,4,0,0.6637926142681091,0.6637926142681091,South Carolina,Florida,4,4,NA,400597319,2015-01-07
196,2,16:53,1013,1013,Foul on Kasey Hill.,38,34,4,16,0.6637926142681091,0.6637926142681091,South Carolina,Florida,4,4,NA,400597319,2015-01-07
197,2,16:37,997,997,Laimonas Chatkevicius made Layup. Assisted by Marcus Stroman.,40,34,6,14,0.7369765586662032,0.7369765586662032,South Carolina,Florida,4,4,NA,400597319,2015-01-07
198,2,16:23,983,983,Kasey Hill missed Jumper.,40,34,6,0,0.7387543770619364,0.7387543770619364,South Carolina,Florida,4,4,NA,400597319,2015-01-07
199,2,16:23,983,983,Duane Notice Defensive Rebound.,40,34,6,9,0.7387543770619364,0.7387543770619364,South Carolina,Florida,4,4,NA,400597319,2015-01-07
200,2,16:14,974,974,Duane Notice missed Layup.,40,34,6,0,0.7399433737615658,0.7399433737615658,South Carolina,Florida,4,4,NA,400597319,2015-01-07
201,2,16:14,974,974,Jacob Kurtz Defensive Rebound.,40,34,6,8,0.7399433737615658,0.7399433737615658,South Carolina,Florida,4,4,NA,400597319,2015-01-07
202,2,16:06,966,966,Kasey Hill missed Layup.,40,34,6,0,0.7410217575903035,0.7410217575903035,South Carolina,Florida,4,4,NA,400597319,2015-01-07
203,2,16:06,966,966,Laimonas Chatkevicius Block.,40,34,6,0,0.7410217575903035,0.7410217575903035,South Carolina,Florida,4,4,NA,400597319,2015-01-07
204,2,16:06,966,966,Alex Murphy Offensive Rebound.,40,34,6,0,0.7410217575903035,0.7410217575903035,South Carolina,Florida,4,4,NA,400597319,2015-01-07
205,2,16:06,966,966,Alex Murphy made Two Point Tip Shot.,40,36,4,9,0.6683778170289093,0.6683778170289093,South Carolina,Florida,4,4,NA,400597319,2015-01-07
206,2,15:57,957,957,Foul on Kasey Hill.,40,36,4,1,0.6692739795089394,0.6692739795089394,South Carolina,Florida,4,4,NA,400597319,2015-01-07
207,2,15:56,956,956,Official TV Timeout,40,36,4,11,0.6693707250420735,0.6693707250420735,South Carolina,Florida,4,4,NA,400597319,2015-01-07
208,2,15:45,945,945,Sindarius Thornwell missed Jumper.,40,36,4,0,0.6704009859344976,0.6704009859344976,South Carolina,Florida,4,4,NA,400597319,2015-01-07
209,2,15:45,945,945,Michael Frazier II Defensive Rebound.,40,36,4,17,0.6704009859344976,0.6704009859344976,South Carolina,Florida,4,4,NA,400597319,2015-01-07
210,2,15:28,928,928,Eli Carter Turnover.,40,36,4,29,0.6718875930102038,0.6718875930102038,South Carolina,Florida,4,4,NA,400597319,2015-01-07
211,2,14:59,899,899,Mindaugas Kacinas missed Layup.,40,36,4,0,0.6742191694418034,0.6742191694418034,South Carolina,Florida,4,4,NA,400597319,2015-01-07
212,2,14:59,899,899,Chris Chiozza Defensive Rebound.,40,36,4,19,0.6742191694418034,0.6742191694418034,South Carolina,Florida,4,4,NA,400597319,2015-01-07
213,2,14:40,880,880,Alex Murphy missed Three Point Jumper.,40,36,4,0,0.675677668124953,0.675677668124953,South Carolina,Florida,4,4,NA,400597319,2015-01-07
214,2,14:40,880,880,Tyrone Johnson Defensive Rebound.,40,36,4,27,0.675677668124953,0.675677668124953,South Carolina,Florida,4,4,NA,400597319,2015-01-07
215,2,14:13,853,853,Tyrone Johnson missed Jumper.,40,36,4,0,0.67776592461991,0.67776592461991,South Carolina,Florida,4,4,NA,400597319,2015-01-07
216,2,14:13,853,853,Alex Murphy Defensive Rebound.,40,36,4,6,0.67776592461991,0.67776592461991,South Carolina,Florida,4,4,NA,400597319,2015-01-07
217,2,14:07,847,847,Eli Carter made Layup. Assisted by Michael Frazier II.,40,38,2,9,0.5921493706888236,0.5921493706888236,South Carolina,Florida,4,4,NA,400597319,2015-01-07
218,2,13:58,838,838,Tyrone Johnson Turnover.,40,38,2,26,0.5925558608050313,0.5925558608050313,South Carolina,Florida,4,4,NA,400597319,2015-01-07
219,2,13:32,812,812,Eli Carter missed Three Point Jumper.,40,38,2,0,0.593817514346235,0.593817514346235,South Carolina,Florida,4,4,NA,400597319,2015-01-07
220,2,13:32,812,812,Mindaugas Kacinas Defensive Rebound.,40,38,2,12,0.593817514346235,0.593817514346235,South Carolina,Florida,4,4,NA,400597319,2015-01-07
221,2,13:20,800,800,Foul on Dorian Finney-Smith.,40,38,2,5,0.5944573424666182,0.5944573424666182,South Carolina,Florida,4,4,NA,400597319,2015-01-07
222,2,13:15,795,795,Foul on Kasey Hill.,40,38,2,24,0.5947370004683806,0.5947370004683806,South Carolina,Florida,4,4,NA,400597319,2015-01-07
223,2,12:51,771,771,Duane Notice missed Three Point Jumper.,40,38,2,0,0.5962045156604113,0.5962045156604113,South Carolina,Florida,4,4,NA,400597319,2015-01-07
224,2,12:51,771,771,Florida Defensive Rebound.,40,38,2,13,0.5962045156604113,0.5962045156604113,South Carolina,Florida,4,4,NA,400597319,2015-01-07
225,2,12:38,758,758,Dorian Finney-Smith made Three Point Jumper. Assisted by Jacob Kurtz.,40,41,-1,19,0.45098405608518105,0.45098405608518105,South Carolina,Florida,4,4,NA,400597319,2015-01-07
226,2,12:19,739,739,Foul on Eli Carter.,40,41,-1,0,0.45023549060329754,0.45023549060329754,South Carolina,Florida,4,4,NA,400597319,2015-01-07
227,2,12:19,739,739,Marcus Stroman made Free Throw.,41,41,0,0,0.5,0.5,South Carolina,Florida,4,4,NA,400597319,2015-01-07
228,2,12:19,739,739,Marcus Stroman made Free Throw.,42,41,1,24,0.5497645093967024,0.5497645093967024,South Carolina,Florida,4,4,NA,400597319,2015-01-07
229,2,11:55,715,715,Eli Carter missed Three Point Jumper.,42,41,1,0,0.550786223972331,0.550786223972331,South Carolina,Florida,4,4,NA,400597319,2015-01-07
230,2,11:55,715,715,Justin McKie Defensive Rebound.,42,41,1,0,0.550786223972331,0.550786223972331,South Carolina,Florida,4,4,NA,400597319,2015-01-07
231,2,11:55,715,715,Foul on Dorian Finney-Smith.,42,41,1,0,0.550786223972331,0.550786223972331,South Carolina,Florida,4,4,NA,400597319,2015-01-07
232,2,11:55,715,715,Official TV Timeout,42,41,1,0,0.550786223972331,0.550786223972331,South Carolina,Florida,4,4,NA,400597319,2015-01-07
233,2,11:55,715,715,Justin McKie made Free Throw.,43,41,2,0,0.600535229781105,0.600535229781105,South Carolina,Florida,4,4,NA,400597319,2015-01-07
234,2,11:55,715,715,Justin McKie made Free Throw.,44,41,3,15,0.6482928367048543,0.6482928367048543,South Carolina,Florida,4,4,NA,400597319,2015-01-07
235,2,11:40,700,700,Michael Frazier II made Three Point Jumper. Assisted by Eli Carter.,44,44,0,11,0.5,0.5,South Carolina,Florida,4,4,NA,400597319,2015-01-07
236,2,11:29,689,689,Marcus Stroman missed Jumper.,44,44,0,0,0.5,0.5,South Carolina,Florida,4,4,NA,400597319,2015-01-07
237,2,11:29,689,689,Eli Carter Defensive Rebound.,44,44,0,7,0.5,0.5,South Carolina,Florida,4,4,NA,400597319,2015-01-07
238,2,11:22,682,682,Foul on Laimonas Chatkevicius (Flagrant 1).,44,44,0,0,0.5,0.5,South Carolina,Florida,4,4,NA,400597319,2015-01-07
239,2,11:22,682,682,Jacob Kurtz made Free Throw.,44,45,-1,0,0.4480150155343757,0.4480150155343757,South Carolina,Florida,4,4,NA,400597319,2015-01-07
240,2,11:22,682,682,Jacob Kurtz made Free Throw.,44,46,-2,10,0.39714190185185355,0.39714190185185355,South Carolina,Florida,4,4,NA,400597319,2015-01-07
241,2,11:12,672,672,Dorian Finney-Smith made Three Point Jumper. Assisted by Eli Carter.,44,49,-5,40,0.2591827099393204,0.2591827099393204,South Carolina,Florida,4,4,NA,400597319,2015-01-07
242,2,10:32,632,632,Duane Notice missed Three Point Jumper.,44,49,-5,0,0.2539766026765349,0.2539766026765349,South Carolina,Florida,4,4,NA,400597319,2015-01-07
243,2,10:32,632,632,Jacob Kurtz Defensive Rebound.,44,49,-5,31,0.2539766026765349,0.2539766026765349,South Carolina,Florida,4,4,NA,400597319,2015-01-07
244,2,10:01,601,601,Foul on Sindarius Thornwell.,44,49,-5,0,0.2493158928867744,0.2493158928867744,South Carolina,Florida,4,4,NA,400597319,2015-01-07
245,2,10:01,601,601,Michael Frazier II made Free Throw.,44,50,-6,0,0.2103666049906529,0.2103666049906529,South Carolina,Florida,4,4,NA,400597319,2015-01-07
246,2,10:01,601,601,Michael Frazier II made Free Throw.,44,51,-7,27,0.17607494090363873,0.17607494090363873,South Carolina,Florida,4,4,NA,400597319,2015-01-07
247,2,9:34,574,574,Michael Carrera missed Jumper.,44,51,-7,0,0.17067139214696625,0.17067139214696625,South Carolina,Florida,4,4,NA,400597319,2015-01-07
248,2,9:34,574,574,Chris Walker Block.,44,51,-7,0,0.17067139214696625,0.17067139214696625,South Carolina,Florida,4,4,NA,400597319,2015-01-07
249,2,9:34,574,574,Michael Carrera Offensive Rebound.,44,51,-7,6,0.17067139214696625,0.17067139214696625,South Carolina,Florida,4,4,NA,400597319,2015-01-07
250,2,9:28,568,568,Michael Carrera made Jumper.,46,51,-5,29,0.24303799931756734,0.24303799931756734,South Carolina,Florida,4,4,NA,400597319,2015-01-07
251,2,8:59,539,539,Eli Carter missed Three Point Jumper.,46,51,-5,0,0.23622261431434557,0.23622261431434557,South Carolina,Florida,4,4,NA,400597319,2015-01-07
252,2,8:59,539,539,Dorian Finney-Smith Offensive Rebound.,46,51,-5,3,0.23622261431434557,0.23622261431434557,South Carolina,Florida,4,4,NA,400597319,2015-01-07
253,2,8:56,536,536,Dorian Finney-Smith made Jumper.,46,53,-7,0,0.16138655110776975,0.16138655110776975,South Carolina,Florida,4,4,NA,400597319,2015-01-07
254,2,8:56,536,536,Foul on Michael Carrera.,46,53,-7,0,0.16138655110776975,0.16138655110776975,South Carolina,Florida,4,4,NA,400597319,2015-01-07
255,2,8:56,536,536,Dorian Finney-Smith made Free Throw.,46,54,-8,16,0.13200243846297927,0.13200243846297927,South Carolina,Florida,4,4,NA,400597319,2015-01-07
256,2,8:40,520,520,Marcus Stroman Turnover.,46,54,-8,29,0.12880302420375775,0.12880302420375775,South Carolina,Florida,4,4,NA,400597319,2015-01-07
257,2,8:11,491,491,Chris Walker Turnover.,46,54,-8,16,0.12364257036157604,0.12364257036157604,South Carolina,Florida,4,4,NA,400597319,2015-01-07
258,2,7:55,475,475,Laimonas Chatkevicius made Layup. Assisted by Tyrone Johnson.,48,54,-6,24,0.18395346736452758,0.18395346736452758,South Carolina,Florida,4,4,NA,400597319,2015-01-07
259,2,7:31,451,451,Dorian Finney-Smith made Jumper.,48,56,-8,29,0.11524765766709684,0.11524765766709684,South Carolina,Florida,4,4,NA,400597319,2015-01-07
260,2,7:02,422,422,Laimonas Chatkevicius missed Jumper.,48,56,-8,0,0.10665959502879804,0.10665959502879804,South Carolina,Florida,4,4,NA,400597319,2015-01-07
261,2,7:02,422,422,Tyrone Johnson Offensive Rebound.,48,56,-8,9,0.10665959502879804,0.10665959502879804,South Carolina,Florida,4,4,NA,400597319,2015-01-07
262,2,6:53,413,413,Foul on Dorian Finney-Smith.,48,56,-8,0,0.10404350529906993,0.10404350529906993,South Carolina,Florida,4,4,NA,400597319,2015-01-07
263,2,6:53,413,413,Official TV Timeout,48,56,-8,0,0.10404350529906993,0.10404350529906993,South Carolina,Florida,4,4,NA,400597319,2015-01-07
264,2,6:53,413,413,Tyrone Johnson made Free Throw.,49,56,-7,0,0.13193612642050748,0.13193612642050748,South Carolina,Florida,4,4,NA,400597319,2015-01-07
265,2,6:53,413,413,Tyrone Johnson made Free Throw.,50,56,-6,31,0.16592159604328569,0.16592159604328569,South Carolina,Florida,4,4,NA,400597319,2015-01-07
266,2,6:22,382,382,Jacob Kurtz made Layup. Assisted by Devin Robinson.,50,58,-8,11,0.09585320160562726,0.09585320160562726,South Carolina,Florida,4,4,NA,400597319,2015-01-07
267,2,6:11,371,371,Duane Notice missed Jumper.,50,58,-8,0,0.09296315010096844,0.09296315010096844,South Carolina,Florida,4,4,NA,400597319,2015-01-07
268,2,6:11,371,371,Devin Robinson Defensive Rebound.,50,58,-8,14,0.09296315010096844,0.09296315010096844,South Carolina,Florida,4,4,NA,400597319,2015-01-07
269,2,5:57,357,357,Devin Robinson missed Three Point Jumper.,50,58,-8,0,0.08909270521232686,0.08909270521232686,South Carolina,Florida,4,4,NA,400597319,2015-01-07
270,2,5:57,357,357,Kasey Hill Offensive Rebound.,50,58,-8,35,0.08909270521232686,0.08909270521232686,South Carolina,Florida,4,4,NA,400597319,2015-01-07
271,2,5:22,322,322,Kasey Hill Turnover.,50,58,-8,1,0.07770352472637035,0.07770352472637035,South Carolina,Florida,4,4,NA,400597319,2015-01-07
272,2,5:21,321,321,Foul on Michael Frazier II.,50,58,-8,0,0.07733298920770379,0.07733298920770379,South Carolina,Florida,4,4,NA,400597319,2015-01-07
273,2,5:21,321,321,Sindarius Thornwell made Free Throw.,51,58,-7,0,0.10254564018192866,0.10254564018192866,South Carolina,Florida,4,4,NA,400597319,2015-01-07
274,2,5:21,321,321,Sindarius Thornwell made Free Throw.,52,58,-6,18,0.13477757028543808,0.13477757028543808,South Carolina,Florida,4,4,NA,400597319,2015-01-07
275,2,5:03,303,303,Alex Murphy made Layup. Assisted by Eli Carter.,52,60,-8,11,0.0708514045246477,0.0708514045246477,South Carolina,Florida,4,4,NA,400597319,2015-01-07
276,2,4:52,292,292,South Carolina  Timeout,52,60,-8,13,0.06930900920373682,0.06930900920373682,South Carolina,Florida,3,4,NA,400597319,2015-01-07
277,2,4:39,279,279,Demetrius Henry made Jumper. Assisted by Sindarius Thornwell.,54,60,-6,32,0.1252159999669951,0.1252159999669951,South Carolina,Florida,3,4,NA,400597319,2015-01-07
278,2,4:07,247,247,Alex Murphy missed Jumper.,54,60,-6,0,0.1309832278100877,0.1309832278100877,South Carolina,Florida,3,4,NA,400597319,2015-01-07
279,2,4:07,247,247,Jacob Kurtz Offensive Rebound.,54,60,-6,14,0.1309832278100877,0.1309832278100877,South Carolina,Florida,3,4,NA,400597319,2015-01-07
280,2,3:53,233,233,Jacob Kurtz missed Layup.,54,60,-6,0,0.13170381749660662,0.13170381749660662,South Carolina,Florida,3,4,NA,400597319,2015-01-07
281,2,3:53,233,233,Demetrius Henry Defensive Rebound.,54,60,-6,0,0.13170381749660662,0.13170381749660662,South Carolina,Florida,3,4,NA,400597319,2015-01-07
282,2,3:53,233,233,Foul on Devin Robinson.,54,60,-6,1,0.13170381749660662,0.13170381749660662,South Carolina,Florida,3,4,NA,400597319,2015-01-07
283,2,3:52,232,232,Official TV Timeout,54,60,-6,0,0.13163804060177683,0.13163804060177683,South Carolina,Florida,3,4,NA,400597319,2015-01-07
284,2,3:52,232,232,Tyrone Johnson made Free Throw.,55,60,-5,0,0.17191335963624613,0.17191335963624613,South Carolina,Florida,3,4,NA,400597319,2015-01-07
285,2,3:52,232,232,Tyrone Johnson made Free Throw.,56,60,-4,26,0.22136978062252705,0.22136978062252705,South Carolina,Florida,3,4,NA,400597319,2015-01-07
286,2,3:26,206,206,Eli Carter made Jumper.,56,62,-6,12,0.12174869158104404,0.12174869158104404,South Carolina,Florida,3,4,NA,400597319,2015-01-07
287,2,3:14,194,194,Mindaugas Kacinas missed Three Point Jumper.,56,62,-6,0,0.11086434108974566,0.11086434108974566,South Carolina,Florida,3,4,NA,400597319,2015-01-07
288,2,3:14,194,194,Dorian Finney-Smith Defensive Rebound.,56,62,-6,27,0.11086434108974566,0.11086434108974566,South Carolina,Florida,3,4,NA,400597319,2015-01-07
289,2,2:47,167,167,Foul on Tyrone Johnson.,56,62,-6,0,0.08139091602238317,0.08139091602238317,South Carolina,Florida,3,4,NA,400597319,2015-01-07
290,2,2:47,167,167,Kasey Hill made Free Throw.,56,63,-7,0,0.055854519396930966,0.055854519396930966,South Carolina,Florida,3,4,NA,400597319,2015-01-07
291,2,2:47,167,167,Kasey Hill made Free Throw.,56,64,-8,10,0.03799874383047325,0.03799874383047325,South Carolina,Florida,3,4,NA,400597319,2015-01-07
292,2,2:37,157,157,Sindarius Thornwell missed Three Point Jumper.,56,64,-8,0,0.03180791015191284,0.03180791015191284,South Carolina,Florida,3,4,NA,400597319,2015-01-07
293,2,2:37,157,157,Eli Carter Defensive Rebound.,56,64,-8,18,0.03180791015191284,0.03180791015191284,South Carolina,Florida,3,4,NA,400597319,2015-01-07
294,2,2:19,139,139,Dorian Finney-Smith missed Three Point Jumper.,56,64,-8,0,0.02220569168716441,0.02220569168716441,South Carolina,Florida,3,4,NA,400597319,2015-01-07
295,2,2:19,139,139,Duane Notice Defensive Rebound.,56,64,-8,6,0.02220569168716441,0.02220569168716441,South Carolina,Florida,3,4,NA,400597319,2015-01-07
296,2,2:13,133,133,Tyrone Johnson missed Three Point Jumper.,56,64,-8,0,0.01941627033279408,0.01941627033279408,South Carolina,Florida,3,4,NA,400597319,2015-01-07
297,2,2:13,133,133,Florida Defensive Rebound.,56,64,-8,11,0.01941627033279408,0.01941627033279408,South Carolina,Florida,3,4,NA,400597319,2015-01-07
298,2,2:02,122,122,Kasey Hill Turnover.,56,64,-8,22,0.014833490874432068,0.014833490874432068,South Carolina,Florida,3,4,NA,400597319,2015-01-07
299,2,1:40,100,100,Foul on Kasey Hill.,56,64,-8,0,0.007765999552339238,0.007765999552339238,South Carolina,Florida,3,4,NA,400597319,2015-01-07
300,2,1:40,100,100,Duane Notice made Free Throw.,57,64,-7,0,0.014148064876989252,0.014148064876989252,South Carolina,Florida,3,4,NA,400597319,2015-01-07
301,2,1:40,100,100,Duane Notice made Free Throw.,58,64,-6,14,0.02563935965764898,0.02563935965764898,South Carolina,Florida,3,4,NA,400597319,2015-01-07
302,2,1:26,86,86,Chris Chiozza missed Jumper.,58,64,-6,0,0.017848450688287023,0.017848450688287023,South Carolina,Florida,3,4,NA,400597319,2015-01-07
303,2,1:26,86,86,Demetrius Henry Block.,58,64,-6,0,0.017848450688287023,0.017848450688287023,South Carolina,Florida,3,4,NA,400597319,2015-01-07
304,2,1:26,86,86,Chris Chiozza Offensive Rebound.,58,64,-6,3,0.017848450688287023,0.017848450688287023,South Carolina,Florida,3,4,NA,400597319,2015-01-07
305,2,1:23,83,83,Florida  Timeout,58,64,-6,14,0.016460211617152325,0.016460211617152325,South Carolina,Florida,3,3,NA,400597319,2015-01-07
306,2,1:09,69,69,Chris Chiozza missed Jumper.,58,64,-6,0,0.011003770448813297,0.011003770448813297,South Carolina,Florida,3,3,NA,400597319,2015-01-07
307,2,1:09,69,69,Jacob Kurtz Offensive Rebound.,58,64,-6,6,0.011003770448813297,0.011003770448813297,South Carolina,Florida,3,3,NA,400597319,2015-01-07
308,2,1:03,63,63,Foul on Sindarius Thornwell.,58,64,-6,0,0.009147273742703242,0.009147273742703242,South Carolina,Florida,3,3,NA,400597319,2015-01-07
309,2,1:03,63,63,Jacob Kurtz missed Free Throw.,58,64,-6,0,0.009147273742703242,0.009147273742703242,South Carolina,Florida,3,3,NA,400597319,2015-01-07
310,2,1:03,63,63,Mindaugas Kacinas Defensive Rebound.,58,64,-6,15,0.009147273742703242,0.009147273742703242,South Carolina,Florida,3,3,NA,400597319,2015-01-07
311,2,0:48,48,48,Foul on Chris Chiozza.,58,64,-6,0,0.005608540256019785,0.005608540256019785,South Carolina,Florida,3,3,NA,400597319,2015-01-07
312,2,0:48,48,48,Marcus Stroman missed Free Throw.,58,64,-6,0,0.005608540256019785,0.005608540256019785,South Carolina,Florida,3,3,NA,400597319,2015-01-07
313,2,0:48,48,48,South Carolina Deadball Team Rebound.,58,64,-6,0,0.005608540256019785,0.005608540256019785,South Carolina,Florida,3,3,NA,400597319,2015-01-07
314,2,0:48,48,48,Marcus Stroman made Free Throw.,59,64,-5,5,0.013191971985376541,0.013191971985376541,South Carolina,Florida,3,3,NA,400597319,2015-01-07
315,2,0:43,43,43,Florida  Timeout,59,64,-5,0,0.011430585529614127,0.011430585529614127,South Carolina,Florida,3,2,NA,400597319,2015-01-07
316,2,0:43,43,43,Foul on Mindaugas Kacinas.,59,64,-5,0,0.011430585529614127,0.011430585529614127,South Carolina,Florida,3,2,NA,400597319,2015-01-07
317,2,0:43,43,43,South Carolina  Timeout,59,64,-5,0,0.011430585529614127,0.011430585529614127,South Carolina,Florida,2,2,NA,400597319,2015-01-07
318,2,0:43,43,43,Jacob Kurtz made Free Throw.,59,65,-6,0,0.0047165057842965,0.0047165057842965,South Carolina,Florida,2,2,NA,400597319,2015-01-07
319,2,0:43,43,43,Jacob Kurtz made Free Throw.,59,66,-7,7,0.0019383990052115906,0.0019383990052115906,South Carolina,Florida,2,2,NA,400597319,2015-01-07
320,2,0:36,36,36,Mindaugas Kacinas made Three Point Jumper. Assisted by Tyrone Johnson.,62,66,-4,2,0.023285253298483865,0.023285253298483865,South Carolina,Florida,2,2,NA,400597319,2015-01-07
321,2,0:34,34,34,South Carolina  Timeout,62,66,-4,2,0.022191202811009055,0.022191202811009055,South Carolina,Florida,1,2,NA,400597319,2015-01-07
322,2,0:32,32,32,Foul on Mindaugas Kacinas.,62,66,-4,0,0.021138037812682437,0.021138037812682437,South Carolina,Florida,1,2,NA,400597319,2015-01-07
323,2,0:32,32,32,Dorian Finney-Smith made Free Throw.,62,67,-5,0,0.008210104815432124,0.008210104815432124,South Carolina,Florida,1,2,NA,400597319,2015-01-07
324,2,0:32,32,32,Dorian Finney-Smith made Free Throw.,62,68,-6,7,0.0031632888503844337,0.0031632888503844337,South Carolina,Florida,1,2,NA,400597319,2015-01-07
325,2,0:25,25,25,Mindaugas Kacinas made Three Point Jumper. Assisted by Tyrone Johnson.,65,68,-3,10,0.047005273609936685,0.047005273609936685,South Carolina,Florida,1,2,NA,400597319,2015-01-07
326,2,0:15,15,15,Foul on Demetrius Henry.,65,68,-3,0,0.03887846863636717,0.03887846863636717,South Carolina,Florida,1,2,NA,400597319,2015-01-07
327,2,0:15,15,15,Michael Frazier II made Free Throw.,65,69,-4,0,0.013695735787999078,0.013695735787999078,South Carolina,Florida,1,2,NA,400597319,2015-01-07
328,2,0:15,15,15,Michael Frazier II made Free Throw.,65,70,-5,8,0.004744089117163323,0.004744089117163323,South Carolina,Florida,1,2,NA,400597319,2015-01-07
329,2,0:07,7,7,Tyrone Johnson made Jumper.,67,70,-3,0,0.03305852595083273,0.03305852595083273,South Carolina,Florida,1,2,NA,400597319,2015-01-07
330,2,0:07,7,7,Foul on Chris Chiozza.,67,70,-3,0,0.03305852595083273,0.03305852595083273,South Carolina,Florida,1,2,NA,400597319,2015-01-07
331,2,0:07,7,7,Tyrone Johnson made Free Throw.,68,70,-2,1,0.09530010998320411,0.09530010998320411,South Carolina,Florida,1,2,NA,400597319,2015-01-07
332,2,0:06,6,6,Foul on Marcus Stroman.,68,70,-2,0,0.09407117343194349,0.09407117343194349,South Carolina,Florida,1,2,NA,400597319,2015-01-07
333,2,0:06,6,6,Eli Carter made Free Throw.,68,71,-3,0,0.032377959509609616,0.032377959509609616,South Carolina,Florida,1,2,NA,400597319,2015-01-07
334,2,0:06,6,6,Eli Carter made Free Throw.,68,72,-4,5,0.010667611520738937,0.010667611520738937,South Carolina,Florida,1,2,NA,400597319,2015-01-07
335,2,0:01,1,1,Mindaugas Kacinas missed Three Point Jumper.,68,72,-4,0,0.00924024840272953,0.00924024840272953,South Carolina,Florida,1,2,NA,400597319,2015-01-07
336,2,0:01,1,1,South Carolina Offensive Rebound.,68,72,-4,1,0.00924024840272953,0.00924024840272953,South Carolina,Florida,1,2,NA,400597319,2015-01-07
337,2,0:00,0,0,End of Game,68,72,-4,0,1.8048513878454153e-35,1.8048513878454153e-35,South Carolina,Florida,1,2,NA,400597319,2015-01-07
