game_id,date,home,away,play_id,half,time_remaining_half,secs_remaining,secs_remaining_absolute,description,home_score,away_score,score_diff,play_length,win_prob,naive_win_prob,home_time_out_remaining,away_time_out_remaining,home_favored_by,shot_x,shot_y,shot_team,shot_outcome,shooter,assist,three_pt,free_throw,possession_before,possession_after
401086963,2019-03-02,Idaho,Sacramento State,1,1,20:00:00,2400,2400,PLAY,0,0,0,0,0.20364550055952915,0.5,6,6,-8.5,NA,NA,NA,NA,NA,NA,NA,NA,NA,Idaho
401086963,2019-03-02,Idaho,Sacramento State,2,1,19:37:00,2377,2377,Cameron Tyson missed Layup.,0,0,0,23,0.2041575166114265,0.5,6,6,-8.5,NA,NA,Idaho,missed,Cameron Tyson,NA,FALSE,FALSE,Idaho,Idaho
401086963,2019-03-02,Idaho,Sacramento State,3,1,19:34:00,2374,2374,Jared Rodriguez Offensive Rebound.,0,0,0,3,0.20422541473879469,0.5,6,6,-8.5,NA,NA,NA,NA,NA,NA,NA,NA,Idaho,Idaho
401086963,2019-03-02,Idaho,Sacramento State,4,1,19:33:00,2373,2373,Jared Rodriguez made Jumper.,2,0,2,1,0.2348562945389329,0.5445967041932466,6,6,-8.5,NA,NA,Idaho,made,Jared Rodriguez,NA,FALSE,FALSE,Idaho,Sacramento State
401086963,2019-03-02,Idaho,Sacramento State,5,1,19:13:00,2353,2353,Izayah Mauriohooho-Le'afa Turnover.,2,0,2,20,0.23567642585559875,0.545025919036486,6,6,-8.5,NA,NA,NA,NA,NA,NA,NA,NA,Sacramento State,Idaho
401086963,2019-03-02,Idaho,Sacramento State,6,1,19:00:00,2340,2340,Trevon Allen made Three Point Jumper. Assisted by Cameron Tyson.,5,0,5,13,0.28886021411248924,0.6116667003019859,6,6,-8.5,NA,NA,Idaho,made,Trevon Allen,Cameron Tyson,TRUE,FALSE,Idaho,Sacramento State
401086963,2019-03-02,Idaho,Sacramento State,7,1,18:33:00,2313,2313,Marcus Graves Turnover.,5,0,5,27,0.2909097417855234,0.6130833227719602,6,6,-8.5,NA,NA,NA,NA,NA,NA,NA,NA,Sacramento State,Idaho
401086963,2019-03-02,Idaho,Sacramento State,8,1,18:33:00,2313,2313,Losini Kamara Steal.,5,0,5,0,0.2909097417855234,0.6130833227719602,6,6,-8.5,NA,NA,NA,NA,NA,NA,NA,NA,Sacramento State,Idaho
401086963,2019-03-02,Idaho,Sacramento State,9,1,18:26:00,2306,2306,Trevon Allen missed Layup.,5,0,5,7,0.29144974212555436,0.6134535425482673,6,6,-8.5,NA,NA,Idaho,missed,Trevon Allen,NA,FALSE,FALSE,Idaho,Sacramento State
401086963,2019-03-02,Idaho,Sacramento State,10,1,18:21:00,2301,2301,Izayah Mauriohooho-Le'afa Defensive Rebound.,5,0,5,5,0.29183762130845853,0.6137186774736136,6,6,-8.5,NA,NA,NA,NA,NA,NA,NA,NA,Idaho,Sacramento State
401086963,2019-03-02,Idaho,Sacramento State,11,1,18:20:00,2300,2300,Foul on Losini Kamara.,5,0,5,1,0.2919154131455671,0.6137717719912702,6,6,-8.5,NA,NA,NA,NA,NA,NA,NA,NA,Sacramento State,Sacramento State
401086963,2019-03-02,Idaho,Sacramento State,12,1,18:09:00,2289,2289,Bryce Fowler made Layup. Assisted by Izayah Mauriohooho-Le'afa.,5,2,3,11,0.2557443323580319,0.5693988998708198,6,6,-8.5,NA,NA,Sacramento State,made,Bryce Fowler,Izayah Mauriohooho-Le'afa,FALSE,FALSE,Sacramento State,Idaho
401086963,2019-03-02,Idaho,Sacramento State,13,1,17:52:00,2272,2272,Cameron Tyson missed Three Point Jumper.,5,2,3,17,0.25668938760560206,0.5699639178953667,6,6,-8.5,NA,NA,Idaho,missed,Cameron Tyson,NA,TRUE,FALSE,Idaho,Idaho
401086963,2019-03-02,Idaho,Sacramento State,14,1,17:48:00,2268,2268,Jared Rodriguez Offensive Rebound.,5,2,3,4,0.2569140487754214,0.5700974089447075,6,6,-8.5,NA,NA,NA,NA,NA,NA,NA,NA,Idaho,Idaho
401086963,2019-03-02,Idaho,Sacramento State,15,1,17:48:00,2268,2268,Jared Rodriguez made Layup.,7,2,5,0,0.29444252645121766,0.6154818143159182,6,6,-8.5,NA,NA,Idaho,made,Jared Rodriguez,NA,FALSE,FALSE,Idaho,Sacramento State
401086963,2019-03-02,Idaho,Sacramento State,16,1,17:21:00,2241,2241,Calvin Martin made Jumper. Assisted by Marcus Graves.,7,4,3,27,0.25845340161357033,0.5710033843260475,6,6,-8.5,NA,NA,Sacramento State,made,Calvin Martin,Marcus Graves,FALSE,FALSE,Sacramento State,Idaho
401086963,2019-03-02,Idaho,Sacramento State,17,1,16:58:00,2218,2218,Cameron Tyson made Jumper.,9,4,5,23,0.2985357127513864,0.6181891993142843,6,6,-8.5,NA,NA,Idaho,made,Cameron Tyson,NA,FALSE,FALSE,Idaho,Sacramento State
401086963,2019-03-02,Idaho,Sacramento State,18,1,16:48:00,2208,2208,Bryce Fowler missed Three Point Jumper.,9,4,5,10,0.2993751601384143,0.6187346785661759,6,6,-8.5,NA,NA,Sacramento State,missed,Bryce Fowler,NA,TRUE,FALSE,Sacramento State,Idaho
401086963,2019-03-02,Idaho,Sacramento State,19,1,16:45:00,2205,2205,Scott Blakney Defensive Rebound.,9,4,5,3,0.29962833121839616,0.6188985299899568,6,6,-8.5,NA,NA,NA,NA,NA,NA,NA,NA,Sacramento State,Idaho
401086963,2019-03-02,Idaho,Sacramento State,20,1,16:44:00,2204,2204,Foul on Marcus Graves.,9,4,5,1,0.2997128583268432,0.6189531672356252,6,6,-8.5,NA,NA,NA,NA,NA,NA,NA,NA,Idaho,Idaho
401086963,2019-03-02,Idaho,Sacramento State,21,1,16:35:00,2195,2195,Scott Blakney made Layup.,11,4,7,9,0.3429554690314108,0.6642010880367639,6,6,-8.5,NA,NA,Idaho,made,Scott Blakney,NA,FALSE,FALSE,Idaho,Sacramento State
401086963,2019-03-02,Idaho,Sacramento State,22,1,16:05:00,2165,2165,Izayah Mauriohooho-Le'afa made Three Point Jumper. Assisted by Marcus Graves.,11,7,4,30,0.28260159739157575,0.5975684241257823,6,6,-8.5,NA,NA,Sacramento State,made,Izayah Mauriohooho-Le'afa,Marcus Graves,TRUE,FALSE,Sacramento State,Idaho
401086963,2019-03-02,Idaho,Sacramento State,23,1,15:48:00,2148,2148,Trevon Allen made Three Point Jumper. Assisted by Cameron Tyson.,14,7,7,17,0.348320006339692,0.6676171211357483,6,6,-8.5,NA,NA,Idaho,made,Trevon Allen,Cameron Tyson,TRUE,FALSE,Idaho,Sacramento State
401086963,2019-03-02,Idaho,Sacramento State,24,1,15:21:00,2121,2121,Bryce Fowler made Three Point Jumper. Assisted by Marcus Graves.,14,10,4,27,0.2859318636008059,0.5995594938555068,6,6,-8.5,NA,NA,Sacramento State,made,Bryce Fowler,Marcus Graves,TRUE,FALSE,Sacramento State,Idaho
401086963,2019-03-02,Idaho,Sacramento State,25,1,14:59:00,2099,2099,Trevon Allen missed Layup.,14,10,4,22,0.2876451402669367,0.60056623467377,6,6,-8.5,NA,NA,Idaho,missed,Trevon Allen,NA,FALSE,FALSE,Idaho,Sacramento State
401086963,2019-03-02,Idaho,Sacramento State,26,1,14:55:00,2095,2095,Joshua Patton Defensive Rebound.,14,10,4,4,0.2879601456638192,0.6007501576639572,6,6,-8.5,NA,NA,NA,NA,NA,NA,NA,NA,Idaho,Sacramento State
401086963,2019-03-02,Idaho,Sacramento State,27,1,14:50:00,2090,2090,Official TV Timeout,14,10,4,5,0.2883554271596527,0.6009804564460256,6,6,-8.5,NA,NA,NA,NA,NA,NA,NA,NA,Sacramento State,Sacramento State
401086963,2019-03-02,Idaho,Sacramento State,28,1,14:33:00,2073,2073,Izayah Mauriohooho-Le'afa missed Layup.,14,10,4,17,0.2897121272753073,0.6017668572163569,6,6,-8.5,NA,NA,Sacramento State,missed,Izayah Mauriohooho-Le'afa,NA,FALSE,FALSE,Sacramento State,Idaho
401086963,2019-03-02,Idaho,Sacramento State,29,1,14:31:00,2071,2071,Jared Rodriguez Defensive Rebound.,14,10,4,2,0.28987304044573337,0.6018597283955726,6,6,-8.5,NA,NA,NA,NA,NA,NA,NA,NA,Sacramento State,Idaho
401086963,2019-03-02,Idaho,Sacramento State,30,1,14:08:00,2048,2048,Jared Rodriguez missed Jumper.,14,10,4,23,0.29174341079986565,0.6029333465487031,6,6,-8.5,NA,NA,Idaho,missed,Jared Rodriguez,NA,FALSE,FALSE,Idaho,Sacramento State
401086963,2019-03-02,Idaho,Sacramento State,31,1,14:05:00,2045,2045,Marcus Graves Defensive Rebound.,14,10,4,3,0.2919900834636198,0.6030741659814896,6,6,-8.5,NA,NA,NA,NA,NA,NA,NA,NA,Idaho,Sacramento State
401086963,2019-03-02,Idaho,Sacramento State,32,1,13:46:00,2026,2026,Ethan Esposito made Layup.,14,12,2,19,0.25178015325924824,0.5525596446359,6,6,-8.5,NA,NA,Sacramento State,made,Ethan Esposito,NA,FALSE,FALSE,Sacramento State,Idaho
401086963,2019-03-02,Idaho,Sacramento State,33,1,13:29:00,2009,2009,Xavier Smith missed Layup.,14,12,2,17,0.25276239477472767,0.5529776423859365,6,6,-8.5,NA,NA,Idaho,missed,Xavier Smith,NA,FALSE,FALSE,Idaho,Sacramento State
401086963,2019-03-02,Idaho,Sacramento State,34,1,13:27:00,2007,2007,Chibueze Jacobs Defensive Rebound.,14,12,2,2,0.2528789229715851,0.5530270549599735,6,6,-8.5,NA,NA,NA,NA,NA,NA,NA,NA,Idaho,Sacramento State
401086963,2019-03-02,Idaho,Sacramento State,35,1,13:23:00,2003,2003,Foul on Trevon Allen.,14,12,2,4,0.25311259319522333,0.5531260324636815,6,6,-8.5,NA,NA,NA,NA,NA,NA,NA,NA,Sacramento State,Sacramento State
401086963,2019-03-02,Idaho,Sacramento State,36,1,13:23:00,2003,2003,Ethan Esposito missed Jumper.,14,12,2,0,0.25311259319522333,0.5531260324636815,6,6,-8.5,NA,NA,Sacramento State,missed,Ethan Esposito,NA,FALSE,FALSE,Sacramento State,Idaho
401086963,2019-03-02,Idaho,Sacramento State,37,1,13:23:00,2003,2003,Khadim Samb Defensive Rebound.,14,12,2,0,0.25311259319522333,0.5531260324636815,6,6,-8.5,NA,NA,NA,NA,NA,NA,NA,NA,Sacramento State,Idaho
401086963,2019-03-02,Idaho,Sacramento State,38,1,13:23:00,2003,2003,Xavier Smith missed Layup.,14,12,2,0,0.25311259319522333,0.5531260324636815,6,6,-8.5,NA,NA,Idaho,missed,Xavier Smith,NA,FALSE,FALSE,Sacramento State,Sacramento State
401086963,2019-03-02,Idaho,Sacramento State,39,1,13:23:00,2003,2003,Ethan Esposito Defensive Rebound.,14,12,2,0,0.25311259319522333,0.5531260324636815,6,6,-8.5,NA,NA,NA,NA,NA,NA,NA,NA,Sacramento State,Sacramento State
401086963,2019-03-02,Idaho,Sacramento State,40,1,13:23:00,2003,2003,Chibueze Jacobs missed Layup.,14,12,2,0,0.25311259319522333,0.5531260324636815,6,6,-8.5,NA,NA,Sacramento State,missed,Chibueze Jacobs,NA,FALSE,FALSE,Sacramento State,Idaho
401086963,2019-03-02,Idaho,Sacramento State,41,1,13:23:00,2003,2003,Jared Rodriguez Defensive Rebound.,14,12,2,0,0.25311259319522333,0.5531260324636815,6,6,-8.5,NA,NA,NA,NA,NA,NA,NA,NA,Sacramento State,Idaho
401086963,2019-03-02,Idaho,Sacramento State,42,1,13:20:00,2000,2000,Foul on Jared Rodriguez.,14,12,2,3,0.25328838329508535,0.5532003999535374,6,6,-8.5,NA,NA,NA,NA,NA,NA,NA,NA,Idaho,Sacramento State
401086963,2019-03-02,Idaho,Sacramento State,43,1,13:20:00,2000,2000,Jared Rodriguez Turnover.,14,12,2,0,0.25328838329508535,0.5532003999535374,6,6,-8.5,NA,NA,NA,NA,NA,NA,NA,NA,Idaho,Sacramento State
401086963,2019-03-02,Idaho,Sacramento State,44,1,12:15:00,1935,1935,Foul on RayQuawndis Mitchell.,14,12,2,65,0.2572108470452523,0.5548417430415424,6,6,-8.5,NA,NA,NA,NA,NA,NA,NA,NA,Sacramento State,Sacramento State
401086963,2019-03-02,Idaho,Sacramento State,45,1,12:08:00,1928,1928,Marcus Graves made Free Throw.,14,13,1,7,0.23708466034293124,0.5275948448060975,6,6,-8.5,NA,NA,Sacramento State,made,Marcus Graves,NA,FALSE,TRUE,Sacramento State,Sacramento State
401086963,2019-03-02,Idaho,Sacramento State,46,1,12:08:00,1928,1928,Marcus Graves missed Free Throw.,14,13,1,0,0.23708466034293124,0.5275948448060975,6,6,-8.5,NA,NA,Sacramento State,missed,Marcus Graves,NA,FALSE,TRUE,Sacramento State,Idaho
401086963,2019-03-02,Idaho,Sacramento State,47,1,12:08:00,1928,1928,RayQuawndis Mitchell Defensive Rebound.,14,13,1,0,0.23708466034293124,0.5275948448060975,6,6,-8.5,NA,NA,NA,NA,NA,NA,NA,NA,Sacramento State,Idaho
401086963,2019-03-02,Idaho,Sacramento State,48,1,11:50:00,1910,1910,Official TV Timeout,14,13,1,18,0.2379845983021261,0.5278286919419152,6,6,-8.5,NA,NA,NA,NA,NA,NA,NA,NA,Idaho,Idaho
401086963,2019-03-02,Idaho,Sacramento State,49,1,11:46:00,1906,1906,RayQuawndis Mitchell made Jumper.,16,13,3,4,0.2810275645968394,0.5829546754247377,6,6,-8.5,NA,NA,Idaho,made,RayQuawndis Mitchell,NA,FALSE,FALSE,Idaho,Sacramento State
401086963,2019-03-02,Idaho,Sacramento State,50,1,11:26:00,1886,1886,Marcus Graves missed Three Point Jumper.,16,13,3,20,0.28258726799327644,0.5837136994895804,6,6,-8.5,NA,NA,Sacramento State,missed,Marcus Graves,NA,TRUE,FALSE,Sacramento State,Idaho
401086963,2019-03-02,Idaho,Sacramento State,51,1,11:20:00,1880,1880,Xavier Smith Defensive Rebound.,16,13,3,6,0.28305974124164973,0.5839414306803924,6,6,-8.5,NA,NA,NA,NA,NA,NA,NA,NA,Sacramento State,Idaho
401086963,2019-03-02,Idaho,Sacramento State,52,1,11:02:00,1862,1862,Xavier Smith Turnover.,16,13,3,18,0.2844900811823662,0.5846254082738366,6,6,-8.5,NA,NA,NA,NA,NA,NA,NA,NA,Idaho,Sacramento State
401086963,2019-03-02,Idaho,Sacramento State,53,1,10:52:00,1852,1852,Foul on Scott Blakney.,16,13,3,10,0.2852932331346289,0.5850062628933226,6,6,-8.5,NA,NA,NA,NA,NA,NA,NA,NA,Sacramento State,Sacramento State
401086963,2019-03-02,Idaho,Sacramento State,54,1,10:31:00,1831,1831,Ethan Esposito made Free Throw.,16,14,2,21,0.26394688462956517,0.5575221447672736,6,6,-8.5,NA,NA,Sacramento State,made,Ethan Esposito,NA,FALSE,TRUE,Sacramento State,Sacramento State
401086963,2019-03-02,Idaho,Sacramento State,55,1,10:28:00,1828,1828,Ethan Esposito made Free Throw.,16,15,1,3,0.24227918919465444,0.5288962944849083,6,6,-8.5,NA,NA,Sacramento State,made,Ethan Esposito,NA,FALSE,TRUE,Sacramento State,Idaho
401086963,2019-03-02,Idaho,Sacramento State,56,1,10:22:00,1822,1822,Cameron Tyson Turnover.,16,15,1,6,0.242605659712291,0.5289752839222898,6,6,-8.5,NA,NA,NA,NA,NA,NA,NA,NA,Idaho,Sacramento State
401086963,2019-03-02,Idaho,Sacramento State,57,1,10:22:00,1822,1822,Osi Nwachukwu Steal.,16,15,1,0,0.242605659712291,0.5289752839222898,6,6,-8.5,NA,NA,NA,NA,NA,NA,NA,NA,Idaho,Sacramento State
401086963,2019-03-02,Idaho,Sacramento State,58,1,10:21:00,1821,1821,Chibueze Jacobs Turnover.,16,15,1,1,0.2426602300620793,0.528988468449615,6,6,-8.5,NA,NA,NA,NA,NA,NA,NA,NA,Sacramento State,Idaho
401086963,2019-03-02,Idaho,Sacramento State,59,1,10:21:00,1821,1821,RayQuawndis Mitchell Steal.,16,15,1,0,0.2426602300620793,0.528988468449615,6,6,-8.5,NA,NA,NA,NA,NA,NA,NA,NA,Sacramento State,Idaho
401086963,2019-03-02,Idaho,Sacramento State,60,1,10:21:00,1821,1821,Jared Rodriguez missed Jumper.,16,15,1,0,0.2426602300620793,0.528988468449615,6,6,-8.5,NA,NA,Idaho,missed,Jared Rodriguez,NA,FALSE,FALSE,Idaho,Sacramento State
401086963,2019-03-02,Idaho,Sacramento State,61,1,10:19:00,1819,1819,James Bridges Defensive Rebound.,16,15,1,2,0.2427695063877537,0.5290148550206016,6,6,-8.5,NA,NA,NA,NA,NA,NA,NA,NA,Idaho,Sacramento State
401086963,2019-03-02,Idaho,Sacramento State,62,1,10:10:00,1810,1810,Izayah Mauriohooho-Le'afa Turnover.,16,15,1,9,0.24326348075418897,0.529133898970281,6,6,-8.5,NA,NA,NA,NA,NA,NA,NA,NA,Sacramento State,Idaho
401086963,2019-03-02,Idaho,Sacramento State,63,1,10:03:00,1803,1803,Trevon Allen made Three Point Jumper. Assisted by Jared Rodriguez.,19,15,4,7,0.3139648518325123,0.614948976545666,6,6,-8.5,NA,NA,Idaho,made,Trevon Allen,Jared Rodriguez,TRUE,FALSE,Idaho,Sacramento State
401086963,2019-03-02,Idaho,Sacramento State,64,1,09:43:00,1783,1783,Ethan Esposito made Jumper.,19,17,2,20,0.2672531453279878,0.5587844412889225,6,6,-8.5,NA,NA,Sacramento State,made,Ethan Esposito,NA,FALSE,FALSE,Sacramento State,Idaho
401086963,2019-03-02,Idaho,Sacramento State,65,1,09:22:00,1762,1762,RayQuawndis Mitchell missed Three Point Jumper.,19,17,2,21,0.26873992387648205,0.55934807645382,6,6,-8.5,NA,NA,Idaho,missed,RayQuawndis Mitchell,NA,TRUE,FALSE,Idaho,Sacramento State
401086963,2019-03-02,Idaho,Sacramento State,66,1,09:19:00,1759,1759,Sacramento State Defensive Rebound.,19,17,2,3,0.26895434595174417,0.559429293330432,6,6,-8.5,NA,NA,NA,NA,NA,NA,NA,NA,Idaho,Sacramento State
401086963,2019-03-02,Idaho,Sacramento State,67,1,09:02:00,1742,1742,Ethan Esposito made Layup.,19,19,0,17,0.2254047514824612,0.5,6,6,-8.5,NA,NA,Sacramento State,made,Ethan Esposito,NA,FALSE,FALSE,Sacramento State,Idaho
401086963,2019-03-02,Idaho,Sacramento State,68,1,08:48:00,1728,1728,Foul on Jared Rodriguez.,19,19,0,14,0.22603401198307543,0.5,6,6,-8.5,NA,NA,NA,NA,NA,NA,NA,NA,Idaho,Sacramento State
401086963,2019-03-02,Idaho,Sacramento State,69,1,08:48:00,1728,1728,Jared Rodriguez Turnover.,19,19,0,0,0.22603401198307543,0.5,6,6,-8.5,NA,NA,NA,NA,NA,NA,NA,NA,Idaho,Sacramento State
401086963,2019-03-02,Idaho,Sacramento State,70,1,08:38:00,1718,1718,Bryce Fowler Turnover.,19,19,0,10,0.22648682976310935,0.5,6,6,-8.5,NA,NA,NA,NA,NA,NA,NA,NA,Sacramento State,Idaho
401086963,2019-03-02,Idaho,Sacramento State,71,1,08:38:00,1718,1718,Trevon Allen Steal.,19,19,0,0,0.22648682976310935,0.5,6,6,-8.5,NA,NA,NA,NA,NA,NA,NA,NA,Sacramento State,Idaho
401086963,2019-03-02,Idaho,Sacramento State,72,1,08:31:00,1711,1711,Trevon Allen made Layup.,21,19,2,7,0.2724547506350105,0.560756963282836,6,6,-8.5,NA,NA,Idaho,made,Trevon Allen,NA,FALSE,FALSE,Idaho,Sacramento State
401086963,2019-03-02,Idaho,Sacramento State,73,1,08:15:00,1695,1695,Ethan Esposito missed Layup.,21,19,2,16,0.2736509999375429,0.5612130583715181,6,6,-8.5,NA,NA,Sacramento State,missed,Ethan Esposito,NA,FALSE,FALSE,Sacramento State,Idaho
401086963,2019-03-02,Idaho,Sacramento State,74,1,08:12:00,1692,1692,Losini Kamara Defensive Rebound.,21,19,2,3,0.273876953356929,0.5612994266774889,6,6,-8.5,NA,NA,NA,NA,NA,NA,NA,NA,Sacramento State,Idaho
401086963,2019-03-02,Idaho,Sacramento State,75,1,08:06:00,1686,1686,Trevon Allen made Layup.,23,19,4,6,0.32615629632854043,0.621114063916299,6,6,-8.5,NA,NA,Idaho,made,Trevon Allen,NA,FALSE,FALSE,Idaho,Sacramento State
401086963,2019-03-02,Idaho,Sacramento State,76,1,08:06:00,1686,1686,Foul on Ethan Esposito.,23,19,4,0,0.32615629632854043,0.621114063916299,6,6,-8.5,NA,NA,NA,NA,NA,NA,NA,NA,Idaho,Sacramento State
401086963,2019-03-02,Idaho,Sacramento State,77,1,08:06:00,1686,1686,Trevon Allen made Free Throw.,24,19,5,0,0.35387446007475937,0.64972927692674,6,6,-8.5,NA,NA,Idaho,made,Trevon Allen,NA,FALSE,TRUE,Idaho,Sacramento State
401086963,2019-03-02,Idaho,Sacramento State,78,1,07:50:00,1670,1670,Bryce Fowler missed Jumper.,24,19,5,16,0.3559091439500637,0.6507776210489441,6,6,-8.5,NA,NA,Sacramento State,missed,Bryce Fowler,NA,FALSE,FALSE,Sacramento State,Idaho
401086963,2019-03-02,Idaho,Sacramento State,79,1,07:48:00,1668,1668,Idaho Defensive Rebound.,24,19,5,2,0.3561638851730716,0.6509069480101296,6,6,-8.5,NA,NA,NA,NA,NA,NA,NA,NA,Sacramento State,Idaho
401086963,2019-03-02,Idaho,Sacramento State,80,1,07:48:00,1668,1668,Official TV Timeout,24,19,5,0,0.3561638851730716,0.6509069480101296,6,6,-8.5,NA,NA,NA,NA,NA,NA,NA,NA,Sacramento State,Idaho
401086963,2019-03-02,Idaho,Sacramento State,81,1,07:41:00,1661,1661,Khadim Samb made Jumper. Assisted by Trevon Allen.,26,19,7,7,0.4162565696593184,0.7057876635425343,6,6,-8.5,NA,NA,Idaho,made,Khadim Samb,Trevon Allen,FALSE,FALSE,Idaho,Sacramento State
401086963,2019-03-02,Idaho,Sacramento State,82,1,07:19:00,1639,1639,James Bridges missed Three Point Jumper.,26,19,7,22,0.4198328424583157,0.7075673281951343,6,6,-8.5,NA,NA,Sacramento State,missed,James Bridges,NA,TRUE,FALSE,Sacramento State,Sacramento State
401086963,2019-03-02,Idaho,Sacramento State,83,1,07:15:00,1635,1635,Joshua Patton Offensive Rebound.,26,19,7,4,0.420484123820212,0.7078867470638993,6,6,-8.5,NA,NA,NA,NA,NA,NA,NA,NA,Sacramento State,Sacramento State
401086963,2019-03-02,Idaho,Sacramento State,84,1,07:15:00,1635,1635,Foul on Khadim Samb.,26,19,7,0,0.420484123820212,0.7078867470638993,6,6,-8.5,NA,NA,NA,NA,NA,NA,NA,NA,Sacramento State,Sacramento State
401086963,2019-03-02,Idaho,Sacramento State,85,1,07:15:00,1635,1635,Joshua Patton made Free Throw.,26,20,6,0,0.3900183061551206,0.681070034189169,6,6,-8.5,NA,NA,Sacramento State,made,Joshua Patton,NA,FALSE,TRUE,Sacramento State,Sacramento State
401086963,2019-03-02,Idaho,Sacramento State,86,1,07:15:00,1635,1635,Joshua Patton missed Free Throw.,26,20,6,0,0.3900183061551206,0.681070034189169,6,6,-8.5,NA,NA,Sacramento State,missed,Joshua Patton,NA,FALSE,TRUE,Sacramento State,Idaho
401086963,2019-03-02,Idaho,Sacramento State,87,1,07:12:00,1632,1632,Khadim Samb Defensive Rebound.,26,20,6,3,0.39045626782320814,0.6812851385870613,6,6,-8.5,NA,NA,NA,NA,NA,NA,NA,NA,Sacramento State,Idaho
401086963,2019-03-02,Idaho,Sacramento State,88,1,06:57:00,1617,1617,Khadim Samb Turnover.,26,20,6,15,0.39265287110483216,0.6823546818030182,6,6,-8.5,NA,NA,NA,NA,NA,NA,NA,NA,Idaho,Sacramento State
401086963,2019-03-02,Idaho,Sacramento State,89,1,06:57:00,1617,1617,Marcus Graves Steal.,26,20,6,0,0.39265287110483216,0.6823546818030182,6,6,-8.5,NA,NA,NA,NA,NA,NA,NA,NA,Idaho,Sacramento State
401086963,2019-03-02,Idaho,Sacramento State,90,1,06:50:00,1610,1610,Izayah Mauriohooho-Le'afa made Three Point Jumper. Assisted by Marcus Graves.,26,23,3,7,0.3067596194797354,0.5947057086200391,6,6,-8.5,NA,NA,Sacramento State,made,Izayah Mauriohooho-Le'afa,Marcus Graves,TRUE,FALSE,Sacramento State,Idaho
401086963,2019-03-02,Idaho,Sacramento State,91,1,06:31:00,1591,1591,Cameron Tyson missed Three Point Jumper.,26,23,3,19,0.30860426563003723,0.5954547533434028,6,6,-8.5,NA,NA,Idaho,missed,Cameron Tyson,NA,TRUE,FALSE,Idaho,Sacramento State
401086963,2019-03-02,Idaho,Sacramento State,92,1,06:28:00,1588,1588,Joshua Patton Defensive Rebound.,26,23,3,3,0.30889778944198776,0.5955731612533735,6,6,-8.5,NA,NA,NA,NA,NA,NA,NA,NA,Idaho,Sacramento State
401086963,2019-03-02,Idaho,Sacramento State,93,1,06:25:00,1585,1585,Izayah Mauriohooho-Le'afa made Three Point Jumper. Assisted by Marcus Graves.,26,26,0,3,0.23300057410056604,0.5,6,6,-8.5,NA,NA,Sacramento State,made,Izayah Mauriohooho-Le'afa,Marcus Graves,TRUE,FALSE,Sacramento State,Idaho
401086963,2019-03-02,Idaho,Sacramento State,94,1,06:22:00,1582,1582,Idaho  Timeout,26,26,0,3,0.23315917697943808,0.5,5,6,-8.5,NA,NA,NA,NA,NA,NA,NA,NA,Idaho,Idaho
401086963,2019-03-02,Idaho,Sacramento State,95,1,06:08:00,1568,1568,Trevon Allen made Three Point Jumper.,29,26,3,14,0.3108711209692938,0.5963660682384287,5,6,-8.5,NA,NA,Idaho,made,Trevon Allen,NA,TRUE,FALSE,Idaho,Sacramento State
401086963,2019-03-02,Idaho,Sacramento State,96,1,05:56:00,1556,1556,Foul on Losini Kamara.,29,26,3,12,0.31206940900935937,0.596846530285329,5,6,-8.5,NA,NA,NA,NA,NA,NA,NA,NA,Sacramento State,Sacramento State
401086963,2019-03-02,Idaho,Sacramento State,97,1,05:56:00,1556,1556,Marcus Graves missed Free Throw.,29,26,3,0,0.31206940900935937,0.596846530285329,5,6,-8.5,NA,NA,Sacramento State,missed,Marcus Graves,NA,FALSE,TRUE,Sacramento State,Idaho
401086963,2019-03-02,Idaho,Sacramento State,98,1,05:56:00,1556,1556,Jared Rodriguez Defensive Rebound.,29,26,3,0,0.31206940900935937,0.596846530285329,5,6,-8.5,NA,NA,NA,NA,NA,NA,NA,NA,Sacramento State,Idaho
401086963,2019-03-02,Idaho,Sacramento State,99,1,05:45:00,1545,1545,Scott Blakney missed Layup.,29,26,3,11,0.31317766986116236,0.5972914997438118,5,6,-8.5,NA,NA,Idaho,missed,Scott Blakney,NA,FALSE,FALSE,Idaho,Idaho
401086963,2019-03-02,Idaho,Sacramento State,100,1,05:42:00,1542,1542,Jared Rodriguez Offensive Rebound.,29,26,3,3,0.3134815967105724,0.5974137537776998,5,6,-8.5,NA,NA,NA,NA,NA,NA,NA,NA,Idaho,Idaho
401086963,2019-03-02,Idaho,Sacramento State,101,1,05:41:00,1541,1541,Jared Rodriguez missed Layup.,29,26,3,1,0.313583067395626,0.5974545986237505,5,6,-8.5,NA,NA,Idaho,missed,Jared Rodriguez,NA,FALSE,FALSE,Idaho,Idaho
401086963,2019-03-02,Idaho,Sacramento State,102,1,05:39:00,1539,1539,Jared Rodriguez Offensive Rebound.,29,26,3,2,0.3137862527623397,0.5975364333101101,5,6,-8.5,NA,NA,NA,NA,NA,NA,NA,NA,Idaho,Idaho
401086963,2019-03-02,Idaho,Sacramento State,103,1,05:38:00,1538,1538,Jared Rodriguez made Layup.,31,26,5,1,0.3732223801180043,0.6590286523810732,5,6,-8.5,NA,NA,Idaho,made,Jared Rodriguez,NA,FALSE,FALSE,Idaho,Sacramento State
401086963,2019-03-02,Idaho,Sacramento State,104,1,05:27:00,1527,1527,Ethan Esposito missed Layup.,31,26,5,11,0.37473842565052073,0.6597361141830707,5,6,-8.5,NA,NA,Sacramento State,missed,Ethan Esposito,NA,FALSE,FALSE,Sacramento State,Idaho
401086963,2019-03-02,Idaho,Sacramento State,105,1,05:26:00,1526,1526,Jared Rodriguez Defensive Rebound.,31,26,5,1,0.3748770246261771,0.659800934116902,5,6,-8.5,NA,NA,NA,NA,NA,NA,NA,NA,Sacramento State,Idaho
401086963,2019-03-02,Idaho,Sacramento State,106,1,05:26:00,1526,1526,Foul on Ethan Esposito.,31,26,5,0,0.3748770246261771,0.659800934116902,5,6,-8.5,NA,NA,NA,NA,NA,NA,NA,NA,Idaho,Idaho
401086963,2019-03-02,Idaho,Sacramento State,107,1,05:12:00,1512,1512,Foul on Ethan Esposito.,31,26,5,14,0.3768317032382367,0.6607183550468859,5,6,-8.5,NA,NA,NA,NA,NA,NA,NA,NA,Idaho,Idaho
401086963,2019-03-02,Idaho,Sacramento State,108,1,05:08:00,1508,1508,Cameron Tyson missed Three Point Jumper.,31,26,5,4,0.3773952596729644,0.6609841587706841,5,6,-8.5,NA,NA,Idaho,missed,Cameron Tyson,NA,TRUE,FALSE,Idaho,Sacramento State
401086963,2019-03-02,Idaho,Sacramento State,109,1,05:02:00,1502,1502,Calvin Martin Defensive Rebound.,31,26,5,6,0.37824501123954274,0.6613862223858333,5,6,-8.5,NA,NA,NA,NA,NA,NA,NA,NA,Idaho,Sacramento State
401086963,2019-03-02,Idaho,Sacramento State,110,1,04:57:00,1497,1497,Marcus Graves missed Layup.,31,26,5,5,0.3789572934340312,0.661724518318221,5,6,-8.5,NA,NA,Sacramento State,missed,Marcus Graves,NA,FALSE,FALSE,Sacramento State,Sacramento State
401086963,2019-03-02,Idaho,Sacramento State,111,1,04:55:00,1495,1495,Chibueze Jacobs Offensive Rebound.,31,26,5,2,0.3792432878368412,0.6618606984281165,5,6,-8.5,NA,NA,NA,NA,NA,NA,NA,NA,Sacramento State,Sacramento State
401086963,2019-03-02,Idaho,Sacramento State,112,1,04:52:00,1492,1492,Marcus Graves made Three Point Jumper. Assisted by Bryce Fowler.,31,29,2,3,0.29019379325716177,0.5668487933113459,5,6,-8.5,NA,NA,Sacramento State,made,Marcus Graves,Bryce Fowler,TRUE,FALSE,Sacramento State,Idaho
401086963,2019-03-02,Idaho,Sacramento State,113,1,04:35:00,1475,1475,Trevon Allen missed Three Point Jumper.,31,29,2,17,0.2916937767103861,0.5673697931127358,5,6,-8.5,NA,NA,Idaho,missed,Trevon Allen,NA,TRUE,FALSE,Idaho,Sacramento State
401086963,2019-03-02,Idaho,Sacramento State,114,1,04:29:00,1469,1469,Bryce Fowler Defensive Rebound.,31,29,2,6,0.2922273647952172,0.5675582882649438,5,6,-8.5,NA,NA,NA,NA,NA,NA,NA,NA,Idaho,Sacramento State
401086963,2019-03-02,Idaho,Sacramento State,115,1,04:20:00,1460,1460,Bryce Fowler missed Three Point Jumper.,31,29,2,9,0.29303183057880433,0.5678459306191607,5,6,-8.5,NA,NA,Sacramento State,missed,Bryce Fowler,NA,TRUE,FALSE,Sacramento State,Idaho
401086963,2019-03-02,Idaho,Sacramento State,116,1,04:15:00,1455,1455,Idaho Defensive Rebound.,31,29,2,5,0.2934808709500749,0.5680083977954005,5,6,-8.5,NA,NA,NA,NA,NA,NA,NA,NA,Sacramento State,Idaho
401086963,2019-03-02,Idaho,Sacramento State,117,1,03:47:00,1427,1427,Scott Blakney missed Jumper.,31,29,2,28,0.29601169300314323,0.5689153595689013,5,6,-8.5,NA,NA,Idaho,missed,Scott Blakney,NA,FALSE,FALSE,Idaho,Sacramento State
401086963,2019-03-02,Idaho,Sacramento State,118,1,03:43:00,1423,1423,Chibueze Jacobs Defensive Rebound.,31,29,2,4,0.2963745801274272,0.5690411497105754,5,6,-8.5,NA,NA,NA,NA,NA,NA,NA,NA,Idaho,Sacramento State
401086963,2019-03-02,Idaho,Sacramento State,119,1,03:28:00,1408,1408,Marcus Graves missed Three Point Jumper.,31,29,2,15,0.29773925092114883,0.5695059765649068,5,6,-8.5,NA,NA,Sacramento State,missed,Marcus Graves,NA,TRUE,FALSE,Sacramento State,Idaho
401086963,2019-03-02,Idaho,Sacramento State,120,1,03:25:00,1405,1405,RayQuawndis Mitchell Defensive Rebound.,31,29,2,3,0.2980130074375143,0.5695978286753738,5,6,-8.5,NA,NA,NA,NA,NA,NA,NA,NA,Sacramento State,Idaho
401086963,2019-03-02,Idaho,Sacramento State,121,1,03:18:00,1398,1398,Cameron Tyson Turnover.,31,29,2,7,0.29865297782898637,0.5698109890819198,5,6,-8.5,NA,NA,NA,NA,NA,NA,NA,NA,Idaho,Sacramento State
401086963,2019-03-02,Idaho,Sacramento State,122,1,03:18:00,1398,1398,Calvin Martin Steal.,31,29,2,0,0.29865297782898637,0.5698109890819198,5,6,-8.5,NA,NA,NA,NA,NA,NA,NA,NA,Idaho,Sacramento State
401086963,2019-03-02,Idaho,Sacramento State,123,1,02:58:00,1378,1378,Calvin Martin Turnover.,31,29,2,20,0.300492060002682,0.5704136689365977,5,6,-8.5,NA,NA,NA,NA,NA,NA,NA,NA,Sacramento State,Idaho
401086963,2019-03-02,Idaho,Sacramento State,124,1,02:58:00,1378,1378,Official TV Timeout,31,29,2,0,0.300492060002682,0.5704136689365977,5,6,-8.5,NA,NA,NA,NA,NA,NA,NA,NA,Sacramento State,Idaho
401086963,2019-03-02,Idaho,Sacramento State,125,1,02:40:00,1360,1360,Scott Blakney missed Layup.,31,29,2,18,0.302163141295043,0.5709529884150905,5,6,-8.5,NA,NA,Idaho,missed,Scott Blakney,NA,FALSE,FALSE,Idaho,Sacramento State
401086963,2019-03-02,Idaho,Sacramento State,126,1,02:36:00,1356,1356,Chibueze Jacobs Defensive Rebound.,31,29,2,4,0.3025368402864698,0.5710730333164341,5,6,-8.5,NA,NA,NA,NA,NA,NA,NA,NA,Idaho,Sacramento State
401086963,2019-03-02,Idaho,Sacramento State,127,1,02:32:00,1352,1352,Foul on Chibueze Jacobs.,31,29,2,4,0.3029114612323876,0.5711932831403629,5,6,-8.5,NA,NA,NA,NA,NA,NA,NA,NA,Idaho,Idaho
401086963,2019-03-02,Idaho,Sacramento State,128,1,02:32:00,1352,1352,Chibueze Jacobs Turnover.,31,29,2,0,0.3029114612323876,0.5711932831403629,5,6,-8.5,NA,NA,NA,NA,NA,NA,NA,NA,Sacramento State,Idaho
401086963,2019-03-02,Idaho,Sacramento State,129,1,02:18:00,1338,1338,Trevon Allen missed Three Point Jumper.,31,29,2,14,0.30423035295660805,0.57161666092055,5,6,-8.5,NA,NA,Idaho,missed,Trevon Allen,NA,TRUE,FALSE,Idaho,Idaho
401086963,2019-03-02,Idaho,Sacramento State,130,1,02:14:00,1334,1334,Khadim Samb Offensive Rebound.,31,29,2,4,0.304609515848748,0.5717385953178746,5,6,-8.5,NA,NA,NA,NA,NA,NA,NA,NA,Idaho,Idaho
401086963,2019-03-02,Idaho,Sacramento State,131,1,02:13:00,1333,1333,Foul on Chibueze Jacobs.,31,29,2,1,0.3047044767535344,0.5717691614617366,5,6,-8.5,NA,NA,NA,NA,NA,NA,NA,NA,Idaho,Idaho
401086963,2019-03-02,Idaho,Sacramento State,132,1,02:13:00,1333,1333,Khadim Samb made Free Throw.,32,29,3,0,0.33615906407174323,0.6067352368616977,5,6,-8.5,NA,NA,Idaho,made,Khadim Samb,NA,FALSE,TRUE,Idaho,Idaho
401086963,2019-03-02,Idaho,Sacramento State,133,1,02:13:00,1333,1333,Khadim Samb missed Free Throw.,32,29,3,0,0.33615906407174323,0.6067352368616977,5,6,-8.5,NA,NA,Idaho,missed,Khadim Samb,NA,FALSE,TRUE,Idaho,Sacramento State
401086963,2019-03-02,Idaho,Sacramento State,134,1,02:11:00,1331,1331,Calvin Martin Defensive Rebound.,32,29,3,2,0.33638724131979064,0.6068247504068276,5,6,-8.5,NA,NA,NA,NA,NA,NA,NA,NA,Idaho,Sacramento State
401086963,2019-03-02,Idaho,Sacramento State,135,1,01:53:00,1313,1313,Izayah Mauriohooho-Le'afa made Three Point Jumper. Assisted by Bryce Fowler.,32,32,0,18,0.2483223931131266,0.5,5,6,-8.5,NA,NA,Sacramento State,made,Izayah Mauriohooho-Le'afa,Bryce Fowler,TRUE,FALSE,Sacramento State,Idaho
401086963,2019-03-02,Idaho,Sacramento State,136,1,01:23:00,1283,1283,Scott Blakney made Layup.,34,32,2,30,0.30955112812863694,0.5733620218044587,5,6,-8.5,NA,NA,Idaho,made,Scott Blakney,NA,FALSE,FALSE,Idaho,Sacramento State
401086963,2019-03-02,Idaho,Sacramento State,137,1,01:10:00,1270,1270,Foul on Khadim Samb.,34,32,2,13,0.3108473919386899,0.5738052788085366,5,6,-8.5,NA,NA,NA,NA,NA,NA,NA,NA,Sacramento State,Sacramento State
401086963,2019-03-02,Idaho,Sacramento State,138,1,01:10:00,1270,1270,Osi Nwachukwu missed Free Throw.,34,32,2,0,0.3108473919386899,0.5738052788085366,5,6,-8.5,NA,NA,Sacramento State,missed,Osi Nwachukwu,NA,FALSE,TRUE,Sacramento State,Sacramento State
401086963,2019-03-02,Idaho,Sacramento State,139,1,01:10:00,1270,1270,Sacramento State Deadball Team Rebound.,34,32,2,0,0.3108473919386899,0.5738052788085366,5,6,-8.5,NA,NA,NA,NA,NA,NA,NA,NA,Sacramento State,Sacramento State
401086963,2019-03-02,Idaho,Sacramento State,140,1,01:10:00,1270,1270,Osi Nwachukwu missed Free Throw.,34,32,2,0,0.3108473919386899,0.5738052788085366,5,6,-8.5,NA,NA,Sacramento State,missed,Osi Nwachukwu,NA,FALSE,TRUE,Sacramento State,Sacramento State
401086963,2019-03-02,Idaho,Sacramento State,141,1,01:10:00,1270,1270,Bryce Fowler Offensive Rebound.,34,32,2,0,0.3108473919386899,0.5738052788085366,5,6,-8.5,NA,NA,NA,NA,NA,NA,NA,NA,Sacramento State,Sacramento State
401086963,2019-03-02,Idaho,Sacramento State,142,1,01:07:00,1267,1267,Bryce Fowler made Layup. Assisted by Calvin Martin.,34,34,0,3,0.2511337803754485,0.5,5,6,-8.5,NA,NA,Sacramento State,made,Bryce Fowler,Calvin Martin,FALSE,FALSE,Sacramento State,Idaho
401086963,2019-03-02,Idaho,Sacramento State,143,1,00:53:00,1253,1253,Foul on Bryce Fowler.,34,34,0,14,0.2519943989006579,0.5,5,6,-8.5,NA,NA,NA,NA,NA,NA,NA,NA,Idaho,Sacramento State
401086963,2019-03-02,Idaho,Sacramento State,144,1,00:53:00,1253,1253,Khadim Samb made Free Throw.,35,34,1,0,0.28129015482310493,0.5374130893377504,5,6,-8.5,NA,NA,Idaho,made,Khadim Samb,NA,FALSE,TRUE,Idaho,Idaho
401086963,2019-03-02,Idaho,Sacramento State,145,1,00:53:00,1253,1253,Khadim Samb missed Free Throw.,35,34,1,0,0.28129015482310493,0.5374130893377504,5,6,-8.5,NA,NA,Idaho,missed,Khadim Samb,NA,FALSE,TRUE,Idaho,Sacramento State
401086963,2019-03-02,Idaho,Sacramento State,146,1,00:53:00,1253,1253,Bryce Fowler Defensive Rebound.,35,34,1,0,0.28129015482310493,0.5374130893377504,5,6,-8.5,NA,NA,NA,NA,NA,NA,NA,NA,Idaho,Sacramento State
401086963,2019-03-02,Idaho,Sacramento State,147,1,00:38:00,1238,1238,Foul on Scott Blakney.,35,34,1,15,0.28251198471686245,0.5376977731048964,5,6,-8.5,NA,NA,NA,NA,NA,NA,NA,NA,Sacramento State,Sacramento State
401086963,2019-03-02,Idaho,Sacramento State,148,1,00:38:00,1238,1238,Marcus Graves made Free Throw.,35,35,0,0,0.252917350219565,0.5,5,6,-8.5,NA,NA,Sacramento State,made,Marcus Graves,NA,FALSE,TRUE,Sacramento State,Sacramento State
401086963,2019-03-02,Idaho,Sacramento State,149,1,00:38:00,1238,1238,Marcus Graves made Free Throw.,35,36,-1,0,0.22544876917105647,0.4623022268951036,5,6,-8.5,NA,NA,Sacramento State,made,Marcus Graves,NA,FALSE,TRUE,Sacramento State,Idaho
401086963,2019-03-02,Idaho,Sacramento State,150,1,00:08:00,1208,1208,Trevon Allen missed Jumper.,35,36,-1,30,0.22672011893619784,0.46168801654526775,5,6,-8.5,NA,NA,Idaho,missed,Trevon Allen,NA,FALSE,FALSE,Idaho,Idaho
401086963,2019-03-02,Idaho,Sacramento State,151,1,00:08:00,1208,1208,Foul on Calvin Martin.,35,36,-1,0,0.22672011893619784,0.46168801654526775,5,6,-8.5,NA,NA,NA,NA,NA,NA,NA,NA,Idaho,Idaho
401086963,2019-03-02,Idaho,Sacramento State,152,1,00:08:00,1208,1208,Scott Blakney made Free Throw.,36,36,0,0,0.2547616228609592,0.5,5,6,-8.5,NA,NA,Idaho,made,Scott Blakney,NA,FALSE,TRUE,Idaho,Idaho
401086963,2019-03-02,Idaho,Sacramento State,153,1,00:08:00,1208,1208,Scott Blakney made Free Throw.,37,36,1,0,0.28499316022459603,0.5383119834547322,5,6,-8.5,NA,NA,Idaho,made,Scott Blakney,NA,FALSE,TRUE,Idaho,Idaho
401086963,2019-03-02,Idaho,Sacramento State,154,1,00:08:00,1208,1208,Sacramento State  Timeout,37,36,1,0,0.28499316022459603,0.5383119834547322,5,5,-8.5,NA,NA,NA,NA,NA,NA,NA,NA,Idaho,Idaho
401086963,2019-03-02,Idaho,Sacramento State,155,1,00:07:00,1207,1207,Scott Blakney Offensive Rebound.,37,36,1,1,0.28507645808029136,0.5383333008966255,5,5,-8.5,NA,NA,NA,NA,NA,NA,NA,NA,Idaho,Idaho
401086963,2019-03-02,Idaho,Sacramento State,156,1,00:01:00,1201,1201,Marcus Graves missed Three Point Jumper.,37,36,1,6,0.28557499393815106,0.5384602500661886,5,5,-8.5,NA,NA,Sacramento State,missed,Marcus Graves,NA,TRUE,FALSE,Sacramento State,Idaho
401086963,2019-03-02,Idaho,Sacramento State,157,1,00:00:00,1200,1200,Idaho Defensive Rebound.,37,36,1,1,0.28565788383590524,0.5384812553577752,5,5,-8.5,NA,NA,NA,NA,NA,NA,NA,NA,Sacramento State,Idaho
401086963,2019-03-02,Idaho,Sacramento State,158,1,00:00:00,1200,1200,End of 1st half,37,36,1,0,0.28565788383590524,0.5384812553577752,5,5,-8.5,NA,NA,NA,NA,NA,NA,NA,NA,Idaho,NA
401086963,2019-03-02,Idaho,Sacramento State,159,2,20:00:00,1200,1200,PLAY,37,36,1,0,0.28565788383590524,0.5384812553577752,5,5,-8.5,NA,NA,NA,NA,NA,NA,NA,NA,NA,Sacramento State
401086963,2019-03-02,Idaho,Sacramento State,160,2,19:48:00,1188,1188,Joshua Patton made Layup. Assisted by Bryce Fowler.,37,38,-1,12,0.2275528688961088,0.4612697529898506,5,5,-8.5,NA,NA,Sacramento State,made,Joshua Patton,Bryce Fowler,FALSE,FALSE,Sacramento State,Idaho
401086963,2019-03-02,Idaho,Sacramento State,161,2,19:17:00,1157,1157,Foul on Scott Blakney.,37,38,-1,31,0.22884671558379083,0.4606461321385427,5,5,-8.5,NA,NA,NA,NA,NA,NA,NA,NA,Idaho,Sacramento State
401086963,2019-03-02,Idaho,Sacramento State,162,2,19:17:00,1157,1157,Scott Blakney Turnover.,37,38,-1,0,0.22884671558379083,0.4606461321385427,5,5,-8.5,NA,NA,NA,NA,NA,NA,NA,NA,Idaho,Sacramento State
401086963,2019-03-02,Idaho,Sacramento State,163,2,18:52:00,1132,1132,Marcus Graves missed Layup.,37,38,-1,25,0.2298914105544601,0.4601530308121149,5,5,-8.5,NA,NA,Sacramento State,missed,Marcus Graves,NA,FALSE,FALSE,Sacramento State,Sacramento State
401086963,2019-03-02,Idaho,Sacramento State,164,2,18:47:00,1127,1127,Izayah Mauriohooho-Le'afa Offensive Rebound.,37,38,-1,5,0.2301003587128793,0.4600544274629303,5,5,-8.5,NA,NA,NA,NA,NA,NA,NA,NA,Sacramento State,Sacramento State
401086963,2019-03-02,Idaho,Sacramento State,165,2,18:46:00,1126,1126,Izayah Mauriohooho-Le'afa missed Three Point Jumper.,37,38,-1,1,0.23014214611082004,0.46003468643677187,5,5,-8.5,NA,NA,Sacramento State,missed,Izayah Mauriohooho-Le'afa,NA,TRUE,FALSE,Sacramento State,Idaho
401086963,2019-03-02,Idaho,Sacramento State,166,2,18:40:00,1120,1120,Trevon Allen Defensive Rebound.,37,38,-1,6,0.23039284778394667,0.4599160408064372,5,5,-8.5,NA,NA,NA,NA,NA,NA,NA,NA,Sacramento State,Idaho
401086963,2019-03-02,Idaho,Sacramento State,167,2,18:38:00,1118,1118,Trevon Allen made Layup.,39,38,1,2,0.2923614342788698,0.5401236000051486,5,5,-8.5,NA,NA,Idaho,made,Trevon Allen,NA,FALSE,FALSE,Idaho,Sacramento State
401086963,2019-03-02,Idaho,Sacramento State,168,2,18:38:00,1118,1118,Foul on Izayah Mauriohooho-Le'afa.,39,38,1,0,0.2923614342788698,0.5401236000051486,5,5,-8.5,NA,NA,NA,NA,NA,NA,NA,NA,Idaho,Sacramento State
401086963,2019-03-02,Idaho,Sacramento State,169,2,18:21:00,1101,1101,Trevon Allen made Free Throw.,40,38,2,17,0.3284948070773722,0.5804000944655658,5,5,-8.5,NA,NA,Idaho,made,Trevon Allen,NA,FALSE,TRUE,Idaho,Sacramento State
401086963,2019-03-02,Idaho,Sacramento State,170,2,18:11:00,1091,1091,Bryce Fowler missed Layup.,40,38,2,10,0.32955414385991016,0.5807982457069812,5,5,-8.5,NA,NA,Sacramento State,missed,Bryce Fowler,NA,FALSE,FALSE,Sacramento State,Sacramento State
401086963,2019-03-02,Idaho,Sacramento State,171,2,18:07:00,1087,1087,Calvin Martin Offensive Rebound.,40,38,2,4,0.32998036077761944,0.5809591718557734,5,5,-8.5,NA,NA,NA,NA,NA,NA,NA,NA,Sacramento State,Sacramento State
401086963,2019-03-02,Idaho,Sacramento State,172,2,18:05:00,1085,1085,Bryce Fowler missed Three Point Jumper.,40,38,2,2,0.33019405673551183,0.5810400342426023,5,5,-8.5,NA,NA,Sacramento State,missed,Bryce Fowler,NA,TRUE,FALSE,Sacramento State,Idaho
401086963,2019-03-02,Idaho,Sacramento State,173,2,18:02:00,1082,1082,Scott Blakney Defensive Rebound.,40,38,2,3,0.3305153742569503,0.5811618567500779,5,5,-8.5,NA,NA,NA,NA,NA,NA,NA,NA,Sacramento State,Idaho
401086963,2019-03-02,Idaho,Sacramento State,174,2,17:52:00,1072,1072,Cameron Tyson made Three Point Jumper. Assisted by Losini Kamara.,43,38,5,10,0.4484006022689411,0.6948907206847317,5,5,-8.5,NA,NA,Idaho,made,Cameron Tyson,Losini Kamara,TRUE,FALSE,Idaho,Sacramento State
401086963,2019-03-02,Idaho,Sacramento State,175,2,17:16:00,1036,1036,Foul on Jared Rodriguez.,43,38,5,36,0.4552407541490464,0.6982833498580442,5,5,-8.5,NA,NA,NA,NA,NA,NA,NA,NA,Sacramento State,Sacramento State
401086963,2019-03-02,Idaho,Sacramento State,176,2,17:16:00,1036,1036,Marcus Graves made Free Throw.,43,39,4,0,0.4140264323800167,0.6617962728515572,5,5,-8.5,NA,NA,Sacramento State,made,Marcus Graves,NA,FALSE,TRUE,Sacramento State,Sacramento State
401086963,2019-03-02,Idaho,Sacramento State,177,2,17:16:00,1036,1036,Marcus Graves made Free Throw.,43,40,3,0,0.37398182817997416,0.6232772598393972,5,5,-8.5,NA,NA,Sacramento State,made,Marcus Graves,NA,FALSE,TRUE,Sacramento State,Idaho
401086963,2019-03-02,Idaho,Sacramento State,178,2,17:07:00,1027,1027,Jared Rodriguez made Jumper. Assisted by Trevon Allen.,45,40,5,9,0.45702690399674095,0.6991825556453766,5,5,-8.5,NA,NA,Idaho,made,Jared Rodriguez,Trevon Allen,FALSE,FALSE,Idaho,Sacramento State
401086963,2019-03-02,Idaho,Sacramento State,179,2,16:43:00,1003,1003,Marcus Graves missed Layup.,45,40,5,24,0.4619750130509936,0.701704878428278,5,5,-8.5,NA,NA,Sacramento State,missed,Marcus Graves,NA,FALSE,FALSE,Sacramento State,Sacramento State
401086963,2019-03-02,Idaho,Sacramento State,180,2,16:41:00,1001,1001,Joshua Patton Offensive Rebound.,45,40,5,2,0.4624007128229624,0.7019240464750481,5,5,-8.5,NA,NA,NA,NA,NA,NA,NA,NA,Sacramento State,Sacramento State
401086963,2019-03-02,Idaho,Sacramento State,181,2,16:39:00,999,999,Izayah Mauriohooho-Le'afa missed Three Point Jumper.,45,40,5,2,0.4628286163518148,0.7021446930793132,5,5,-8.5,NA,NA,Sacramento State,missed,Izayah Mauriohooho-Le'afa,NA,TRUE,FALSE,Sacramento State,Sacramento State
401086963,2019-03-02,Idaho,Sacramento State,182,2,16:37:00,997,997,Marcus Graves Offensive Rebound.,45,40,5,2,0.4632587555286613,0.7023668390105186,5,5,-8.5,NA,NA,NA,NA,NA,NA,NA,NA,Sacramento State,Sacramento State
401086963,2019-03-02,Idaho,Sacramento State,183,2,16:10:00,970,970,Izayah Mauriohooho-Le'afa missed Jumper.,45,40,5,27,0.46930057471374975,0.7055229364764024,5,5,-8.5,NA,NA,Sacramento State,missed,Izayah Mauriohooho-Le'afa,NA,FALSE,FALSE,Sacramento State,Idaho
401086963,2019-03-02,Idaho,Sacramento State,184,2,16:06:00,966,966,Scott Blakney Defensive Rebound.,45,40,5,4,0.47022092845679336,0.7060075018465871,5,5,-8.5,NA,NA,NA,NA,NA,NA,NA,NA,Sacramento State,Idaho
401086963,2019-03-02,Idaho,Sacramento State,185,2,16:01:00,961,961,Foul on Marcus Graves.,45,40,5,5,0.4713463099717247,0.7065969261767834,5,5,-8.5,NA,NA,NA,NA,NA,NA,NA,NA,Idaho,Idaho
401086963,2019-03-02,Idaho,Sacramento State,186,2,16:01:00,961,961,Trevon Allen made Free Throw.,46,40,6,0,0.5152557957971323,0.7416755731168643,5,5,-8.5,NA,NA,Idaho,made,Trevon Allen,NA,FALSE,TRUE,Idaho,Idaho
401086963,2019-03-02,Idaho,Sacramento State,187,2,16:01:00,961,961,Trevon Allen made Free Throw.,47,40,7,0,0.5589310083572747,0.7739022699153042,5,5,-8.5,NA,NA,Idaho,made,Trevon Allen,NA,FALSE,TRUE,Idaho,Sacramento State
401086963,2019-03-02,Idaho,Sacramento State,188,2,15:41:00,941,941,Foul on RayQuawndis Mitchell.,47,40,7,20,0.564178739032374,0.7764945097554371,5,5,-8.5,NA,NA,NA,NA,NA,NA,NA,NA,Sacramento State,Sacramento State
401086963,2019-03-02,Idaho,Sacramento State,189,2,15:41:00,941,941,Official TV Timeout,47,40,7,0,0.564178739032374,0.7764945097554371,5,5,-8.5,NA,NA,NA,NA,NA,NA,NA,NA,Sacramento State,Sacramento State
401086963,2019-03-02,Idaho,Sacramento State,190,2,15:41:00,941,941,Joshua Patton missed Free Throw.,47,40,7,0,0.564178739032374,0.7764945097554371,5,5,-8.5,NA,NA,Sacramento State,missed,Joshua Patton,NA,FALSE,TRUE,Sacramento State,Sacramento State
401086963,2019-03-02,Idaho,Sacramento State,191,2,15:41:00,941,941,Sacramento State Deadball Team Rebound.,47,40,7,0,0.564178739032374,0.7764945097554371,5,5,-8.5,NA,NA,NA,NA,NA,NA,NA,NA,Sacramento State,Sacramento State
401086963,2019-03-02,Idaho,Sacramento State,192,2,15:41:00,941,941,Joshua Patton made Free Throw.,47,41,6,0,0.5200470602054317,0.7441109003578963,5,5,-8.5,NA,NA,Sacramento State,made,Joshua Patton,NA,FALSE,TRUE,Sacramento State,Idaho
401086963,2019-03-02,Idaho,Sacramento State,193,2,15:13:00,913,913,Jared Rodriguez made Jumper.,49,41,8,28,0.6144072820423206,0.8091721840351559,5,5,-8.5,NA,NA,Idaho,made,Jared Rodriguez,NA,FALSE,FALSE,Idaho,Sacramento State
401086963,2019-03-02,Idaho,Sacramento State,194,2,14:58:00,898,898,Foul on Trevon Allen.,49,41,8,15,0.6179701757448915,0.810822948038706,5,5,-8.5,NA,NA,NA,NA,NA,NA,NA,NA,Sacramento State,Sacramento State
401086963,2019-03-02,Idaho,Sacramento State,195,2,14:36:00,876,876,Izayah Mauriohooho-Le'afa made Three Point Jumper. Assisted by Marcus Graves.,49,44,5,22,0.4877588773702731,0.7148825842845851,5,5,-8.5,NA,NA,Sacramento State,made,Izayah Mauriohooho-Le'afa,Marcus Graves,TRUE,FALSE,Sacramento State,Idaho
401086963,2019-03-02,Idaho,Sacramento State,196,2,14:16:00,856,856,RayQuawndis Mitchell made Three Point Jumper. Assisted by Xavier Smith.,52,44,8,20,0.6276898720624198,0.8153088029239831,5,5,-8.5,NA,NA,Idaho,made,RayQuawndis Mitchell,Xavier Smith,TRUE,FALSE,Idaho,Sacramento State
401086963,2019-03-02,Idaho,Sacramento State,197,2,13:55:00,835,835,Marcus Graves missed Layup.,52,44,8,21,0.6327138807962998,0.8176428724709858,5,5,-8.5,NA,NA,Sacramento State,missed,Marcus Graves,NA,FALSE,FALSE,Sacramento State,Idaho
401086963,2019-03-02,Idaho,Sacramento State,198,2,13:54:00,834,834,Jared Rodriguez Defensive Rebound.,52,44,8,1,0.6329599360594582,0.8177577230572497,5,5,-8.5,NA,NA,NA,NA,NA,NA,NA,NA,Sacramento State,Idaho
401086963,2019-03-02,Idaho,Sacramento State,199,2,13:54:00,834,834,Foul on Marcus Graves.,52,44,8,0,0.6329599360594582,0.8177577230572497,5,5,-8.5,NA,NA,NA,NA,NA,NA,NA,NA,Idaho,Idaho
401086963,2019-03-02,Idaho,Sacramento State,200,2,13:54:00,834,834,Jared Rodriguez made Free Throw.,53,44,9,0,0.6753733199891374,0.8440771749666939,5,5,-8.5,NA,NA,Idaho,made,Jared Rodriguez,NA,FALSE,TRUE,Idaho,Idaho
401086963,2019-03-02,Idaho,Sacramento State,201,2,13:54:00,834,834,Jared Rodriguez made Free Throw.,54,44,10,0,0.7150916973365238,0.8672127829766343,5,5,-8.5,NA,NA,Idaho,made,Jared Rodriguez,NA,FALSE,TRUE,Idaho,Idaho
401086963,2019-03-02,Idaho,Sacramento State,202,2,13:33:00,813,813,Jared Rodriguez made Jumper. Assisted by RayQuawndis Mitchell.,56,44,12,21,0.7903803880382971,0.9069826097746386,5,5,-8.5,NA,NA,Idaho,made,Jared Rodriguez,RayQuawndis Mitchell,FALSE,FALSE,Idaho,Sacramento State
401086963,2019-03-02,Idaho,Sacramento State,203,2,13:22:00,802,802,Joshua Patton made Layup. Assisted by Izayah Mauriohooho-Le'afa.,56,46,10,11,0.7237364615434915,0.8710012822460945,5,5,-8.5,NA,NA,Sacramento State,made,Joshua Patton,Izayah Mauriohooho-Le'afa,FALSE,FALSE,Sacramento State,Idaho
401086963,2019-03-02,Idaho,Sacramento State,204,2,12:59:00,779,779,Foul on Chibueze Jacobs.,56,46,10,23,0.7307192716630898,0.8740998231356243,5,5,-8.5,NA,NA,NA,NA,NA,NA,NA,NA,Idaho,Idaho
401086963,2019-03-02,Idaho,Sacramento State,205,2,12:59:00,779,779,Khadim Samb made Free Throw.,57,46,11,0,0.767106690153634,0.8939250259046349,5,5,-8.5,NA,NA,Idaho,made,Khadim Samb,NA,FALSE,TRUE,Idaho,Idaho
401086963,2019-03-02,Idaho,Sacramento State,206,2,12:59:00,779,779,Sacramento State  Timeout,57,46,11,0,0.767106690153634,0.8939250259046349,5,4,-8.5,NA,NA,NA,NA,NA,NA,NA,NA,Idaho,Idaho
401086963,2019-03-02,Idaho,Sacramento State,207,2,12:59:00,779,779,Official TV Timeout,57,46,11,0,0.767106690153634,0.8939250259046349,5,4,-8.5,NA,NA,NA,NA,NA,NA,NA,NA,Idaho,Idaho
401086963,2019-03-02,Idaho,Sacramento State,208,2,12:59:00,779,779,Khadim Samb made Free Throw.,58,46,12,0,0.7999234456323095,0.9109464536577706,5,4,-8.5,NA,NA,Idaho,made,Khadim Samb,NA,FALSE,TRUE,Idaho,Sacramento State
401086963,2019-03-02,Idaho,Sacramento State,209,2,12:38:00,758,758,Osi Nwachukwu missed Layup.,58,46,12,21,0.8066079685728599,0.9137530736219464,5,4,-8.5,NA,NA,Sacramento State,missed,Osi Nwachukwu,NA,FALSE,FALSE,Sacramento State,Sacramento State
401086963,2019-03-02,Idaho,Sacramento State,210,2,12:37:00,757,757,Sacramento State Offensive Rebound.,58,46,12,1,0.8069436097098343,0.9138945188897578,5,4,-8.5,NA,NA,NA,NA,NA,NA,NA,NA,Sacramento State,Sacramento State
401086963,2019-03-02,Idaho,Sacramento State,211,2,12:37:00,757,757,Foul on Xavier Smith.,58,46,12,0,0.8069436097098343,0.9138945188897578,5,4,-8.5,NA,NA,NA,NA,NA,NA,NA,NA,Sacramento State,Sacramento State
401086963,2019-03-02,Idaho,Sacramento State,212,2,12:31:00,751,751,Ethan Esposito missed Jumper.,58,46,12,6,0.8089923529030555,0.9147588275945276,5,4,-8.5,NA,NA,Sacramento State,missed,Ethan Esposito,NA,FALSE,FALSE,Sacramento State,Idaho
401086963,2019-03-02,Idaho,Sacramento State,213,2,12:26:00,746,746,Khadim Samb Defensive Rebound.,58,46,12,5,0.810746230738482,0.9154999267103192,5,4,-8.5,NA,NA,NA,NA,NA,NA,NA,NA,Sacramento State,Idaho
401086963,2019-03-02,Idaho,Sacramento State,214,2,12:21:00,741,741,Xavier Smith missed Layup.,58,46,12,5,0.8125434673685163,0.9162603770636658,5,4,-8.5,NA,NA,Idaho,missed,Xavier Smith,NA,FALSE,FALSE,Idaho,Sacramento State
401086963,2019-03-02,Idaho,Sacramento State,215,2,12:19:00,739,739,Joshua Patton Defensive Rebound.,58,46,12,2,0.8132746943642947,0.9165700517431188,5,4,-8.5,NA,NA,NA,NA,NA,NA,NA,NA,Idaho,Sacramento State
401086963,2019-03-02,Idaho,Sacramento State,216,2,12:16:00,736,736,Osi Nwachukwu made Layup. Assisted by Izayah Mauriohooho-Le'afa.,58,48,10,3,0.7461705142045189,0.8810417807904108,5,4,-8.5,NA,NA,Sacramento State,made,Osi Nwachukwu,Izayah Mauriohooho-Le'afa,FALSE,FALSE,Sacramento State,Idaho
401086963,2019-03-02,Idaho,Sacramento State,217,2,12:16:00,736,736,Foul on Khadim Samb.,58,48,10,0,0.7461705142045189,0.8810417807904108,5,4,-8.5,NA,NA,NA,NA,NA,NA,NA,NA,Sacramento State,Sacramento State
401086963,2019-03-02,Idaho,Sacramento State,218,2,12:16:00,736,736,Osi Nwachukwu made Free Throw.,58,49,9,0,0.7064196600831021,0.8584043070473865,5,4,-8.5,NA,NA,Sacramento State,made,Osi Nwachukwu,NA,FALSE,TRUE,Sacramento State,Idaho
401086963,2019-03-02,Idaho,Sacramento State,219,2,11:50:00,710,710,RayQuawndis Mitchell missed Three Point Jumper.,58,49,9,26,0.7166413048530499,0.8631570065559074,5,4,-8.5,NA,NA,Idaho,missed,RayQuawndis Mitchell,NA,TRUE,FALSE,Idaho,Sacramento State
401086963,2019-03-02,Idaho,Sacramento State,220,2,11:46:00,706,706,Ethan Esposito Defensive Rebound.,58,49,9,4,0.7180722556449392,0.8638103175235836,5,4,-8.5,NA,NA,NA,NA,NA,NA,NA,NA,Idaho,Sacramento State
401086963,2019-03-02,Idaho,Sacramento State,221,2,11:22:00,682,682,Bryce Fowler made Layup.,58,51,7,24,0.6358481322578248,0.8116639704227597,5,4,-8.5,NA,NA,Sacramento State,made,Bryce Fowler,NA,FALSE,FALSE,Sacramento State,Idaho
401086963,2019-03-02,Idaho,Sacramento State,222,2,11:00:00,660,660,Foul on Joshua Patton.,58,51,7,22,0.6424732100212845,0.8148010964330833,5,4,-8.5,NA,NA,NA,NA,NA,NA,NA,NA,Idaho,Idaho
401086963,2019-03-02,Idaho,Sacramento State,223,2,11:00:00,660,660,Official TV Timeout,58,51,7,0,0.6424732100212845,0.8148010964330833,5,4,-8.5,NA,NA,NA,NA,NA,NA,NA,NA,Idaho,Idaho
401086963,2019-03-02,Idaho,Sacramento State,224,2,10:48:00,648,648,Cameron Tyson made Three Point Jumper. Assisted by Trevon Allen.,61,51,10,12,0.7758497420837843,0.8940318070700144,5,4,-8.5,NA,NA,Idaho,made,Cameron Tyson,Trevon Allen,TRUE,FALSE,Idaho,Sacramento State
401086963,2019-03-02,Idaho,Sacramento State,225,2,10:31:00,631,631,Bryce Fowler made Layup.,61,53,8,17,0.6986000372139711,0.8487956869475635,5,4,-8.5,NA,NA,Sacramento State,made,Bryce Fowler,NA,FALSE,FALSE,Sacramento State,Idaho
401086963,2019-03-02,Idaho,Sacramento State,226,2,09:54:00,594,594,Trevon Allen missed Three Point Jumper.,61,53,8,37,0.7118162659407747,0.8549382251757689,5,4,-8.5,NA,NA,Idaho,missed,Trevon Allen,NA,TRUE,FALSE,Idaho,Sacramento State
401086963,2019-03-02,Idaho,Sacramento State,227,2,09:49:00,589,589,Bryce Fowler Defensive Rebound.,61,53,8,5,0.7138309094000528,0.8558892495847218,5,4,-8.5,NA,NA,NA,NA,NA,NA,NA,NA,Idaho,Sacramento State
401086963,2019-03-02,Idaho,Sacramento State,228,2,09:35:00,575,575,Izayah Mauriohooho-Le'afa Turnover.,61,53,8,14,0.7198442071371463,0.8587484257476017,5,4,-8.5,NA,NA,NA,NA,NA,NA,NA,NA,Sacramento State,Idaho
401086963,2019-03-02,Idaho,Sacramento State,229,2,09:33:00,573,573,Foul on Joshua Patton.,61,53,8,2,0.7207514380143535,0.8591822250913058,5,4,-8.5,NA,NA,NA,NA,NA,NA,NA,NA,Idaho,Idaho
401086963,2019-03-02,Idaho,Sacramento State,230,2,09:10:00,550,550,Trevon Allen missed Jumper.,61,53,8,23,0.7321535075276638,0.8646774135972763,5,4,-8.5,NA,NA,Idaho,missed,Trevon Allen,NA,FALSE,FALSE,Idaho,Sacramento State
401086963,2019-03-02,Idaho,Sacramento State,231,2,09:06:00,546,546,Ethan Esposito Defensive Rebound.,61,53,8,4,0.7342497266011597,0.8656899120609455,5,4,-8.5,NA,NA,NA,NA,NA,NA,NA,NA,Idaho,Sacramento State
401086963,2019-03-02,Idaho,Sacramento State,232,2,08:56:00,536,536,Foul on Scott Blakney.,61,53,8,10,0.7390911167280031,0.8679975615370207,5,4,-8.5,NA,NA,NA,NA,NA,NA,NA,NA,Sacramento State,Sacramento State
401086963,2019-03-02,Idaho,Sacramento State,233,2,08:56:00,536,536,Ethan Esposito missed Free Throw.,61,53,8,0,0.7390911167280031,0.8679975615370207,5,4,-8.5,NA,NA,Sacramento State,missed,Ethan Esposito,NA,FALSE,TRUE,Sacramento State,Sacramento State
401086963,2019-03-02,Idaho,Sacramento State,234,2,08:56:00,536,536,Sacramento State Deadball Team Rebound.,61,53,8,0,0.7390911167280031,0.8679975615370207,5,4,-8.5,NA,NA,NA,NA,NA,NA,NA,NA,Sacramento State,Sacramento State
401086963,2019-03-02,Idaho,Sacramento State,235,2,08:56:00,536,536,Ethan Esposito made Free Throw.,61,54,7,0,0.6912199581208357,0.8386134488922302,5,4,-8.5,NA,NA,Sacramento State,made,Ethan Esposito,NA,FALSE,TRUE,Sacramento State,Idaho
401086963,2019-03-02,Idaho,Sacramento State,236,2,08:45:00,525,525,Jared Rodriguez missed Three Point Jumper.,61,54,7,11,0.6960251597203969,0.8409417280394854,5,4,-8.5,NA,NA,Idaho,missed,Jared Rodriguez,NA,TRUE,FALSE,Idaho,Sacramento State
401086963,2019-03-02,Idaho,Sacramento State,237,2,08:41:00,521,521,Marcus Graves Defensive Rebound.,61,54,7,4,0.6976790575270679,0.8417327637713251,5,4,-8.5,NA,NA,NA,NA,NA,NA,NA,NA,Idaho,Sacramento State
401086963,2019-03-02,Idaho,Sacramento State,238,2,08:33:00,513,513,Ethan Esposito made Layup.,61,56,5,8,0.5916436577136758,0.7688606358276779,5,4,-8.5,NA,NA,Sacramento State,made,Ethan Esposito,NA,FALSE,FALSE,Sacramento State,Idaho
401086963,2019-03-02,Idaho,Sacramento State,239,2,08:16:00,496,496,Jared Rodriguez made Layup. Assisted by Khadim Samb.,63,56,7,17,0.7075162583353308,0.8463730892542755,5,4,-8.5,NA,NA,Idaho,made,Jared Rodriguez,Khadim Samb,FALSE,FALSE,Idaho,Sacramento State
401086963,2019-03-02,Idaho,Sacramento State,240,2,07:58:00,478,478,Foul on Jared Rodriguez.,63,56,7,18,0.7148211429532648,0.8498262140948147,5,4,-8.5,NA,NA,NA,NA,NA,NA,NA,NA,Sacramento State,Sacramento State
401086963,2019-03-02,Idaho,Sacramento State,241,2,07:58:00,478,478,Ethan Esposito made Free Throw.,63,57,6,0,0.6617964916368045,0.8154219278524143,5,4,-8.5,NA,NA,Sacramento State,made,Ethan Esposito,NA,FALSE,TRUE,Sacramento State,Sacramento State
401086963,2019-03-02,Idaho,Sacramento State,242,2,07:58:00,478,478,Ethan Esposito missed Free Throw.,63,57,6,0,0.6617964916368045,0.8154219278524143,5,4,-8.5,NA,NA,Sacramento State,missed,Ethan Esposito,NA,FALSE,TRUE,Sacramento State,Idaho
401086963,2019-03-02,Idaho,Sacramento State,243,2,07:58:00,478,478,Scott Blakney Defensive Rebound.,63,57,6,0,0.6617964916368045,0.8154219278524143,5,4,-8.5,NA,NA,NA,NA,NA,NA,NA,NA,Sacramento State,Idaho
401086963,2019-03-02,Idaho,Sacramento State,244,2,07:47:00,467,467,Cameron Tyson made Three Point Jumper. Assisted by Scott Blakney.,66,57,9,11,0.809006652827971,0.9048476458903612,5,4,-8.5,NA,NA,Idaho,made,Cameron Tyson,Scott Blakney,TRUE,FALSE,Idaho,Sacramento State
401086963,2019-03-02,Idaho,Sacramento State,245,2,07:22:00,442,442,Ethan Esposito missed Layup.,66,57,9,25,0.8212965335251314,0.910520193956558,5,4,-8.5,NA,NA,Sacramento State,missed,Ethan Esposito,NA,FALSE,FALSE,Sacramento State,Idaho
401086963,2019-03-02,Idaho,Sacramento State,246,2,07:19:00,439,439,Scott Blakney Defensive Rebound.,66,57,9,3,0.822988864172377,0.91131335039223,5,4,-8.5,NA,NA,NA,NA,NA,NA,NA,NA,Sacramento State,Idaho
401086963,2019-03-02,Idaho,Sacramento State,247,2,06:57:00,417,417,Cameron Tyson made Three Point Jumper. Assisted by Scott Blakney.,69,57,12,22,0.919269317044345,0.9612598988136728,5,4,-8.5,NA,NA,Idaho,made,Cameron Tyson,Scott Blakney,TRUE,FALSE,Idaho,Sacramento State
401086963,2019-03-02,Idaho,Sacramento State,248,2,06:42:00,402,402,Jordan Tolbert made Three Point Jumper. Assisted by Osi Nwachukwu.,69,60,9,15,0.8442555399425251,0.9212038741638588,5,4,-8.5,NA,NA,Sacramento State,made,Jordan Tolbert,Osi Nwachukwu,TRUE,FALSE,Sacramento State,Idaho
401086963,2019-03-02,Idaho,Sacramento State,249,2,06:09:00,369,369,Scott Blakney made Layup. Assisted by Khadim Samb.,71,60,11,33,0.9165938121015352,0.9585526306841046,5,4,-8.5,NA,NA,Idaho,made,Scott Blakney,Khadim Samb,FALSE,FALSE,Idaho,Sacramento State
401086963,2019-03-02,Idaho,Sacramento State,250,2,05:56:00,356,356,Ethan Esposito Turnover.,71,60,11,13,0.921846495615435,0.9608883708655797,5,4,-8.5,NA,NA,NA,NA,NA,NA,NA,NA,Sacramento State,Idaho
401086963,2019-03-02,Idaho,Sacramento State,251,2,05:56:00,356,356,Scott Blakney Steal.,71,60,11,0,0.921846495615435,0.9608883708655797,5,4,-8.5,NA,NA,NA,NA,NA,NA,NA,NA,Sacramento State,Idaho
401086963,2019-03-02,Idaho,Sacramento State,252,2,05:52:00,352,352,Official TV Timeout,71,60,11,4,0.9235063198262476,0.9616336722811744,5,4,-8.5,NA,NA,NA,NA,NA,NA,NA,NA,Idaho,Sacramento State
401086963,2019-03-02,Idaho,Sacramento State,253,2,05:52:00,352,352,Cameron Tyson made Three Point Jumper. Assisted by Trevon Allen.,74,60,14,0,0.9667391511784102,0.9836980071265778,5,4,-8.5,NA,NA,Idaho,made,Cameron Tyson,Trevon Allen,TRUE,FALSE,Idaho,Sacramento State
401086963,2019-03-02,Idaho,Sacramento State,254,2,05:52:00,352,352,Jordan Tolbert made Three Point Jumper.,74,63,11,0,0.9235063198262476,0.9616336722811744,5,4,-8.5,NA,NA,Sacramento State,made,Jordan Tolbert,NA,TRUE,FALSE,Idaho,Sacramento State
401086963,2019-03-02,Idaho,Sacramento State,255,2,05:52:00,352,352,Trevon Allen made Layup. Assisted by Trevon Allen.,76,63,13,0,0.9559208533783008,0.978271706382822,5,4,-8.5,NA,NA,Idaho,made,Trevon Allen,Trevon Allen,FALSE,FALSE,Idaho,Sacramento State
401086963,2019-03-02,Idaho,Sacramento State,256,2,05:09:00,309,309,Foul on Losini Kamara.,76,63,13,43,0.9690529739614472,0.984286886803362,5,4,-8.5,NA,NA,NA,NA,NA,NA,NA,NA,Sacramento State,Sacramento State
401086963,2019-03-02,Idaho,Sacramento State,257,2,05:09:00,309,309,Marcus Graves missed Free Throw.,76,63,13,0,0.9690529739614472,0.984286886803362,5,4,-8.5,NA,NA,Sacramento State,missed,Marcus Graves,NA,FALSE,TRUE,Sacramento State,Sacramento State
401086963,2019-03-02,Idaho,Sacramento State,258,2,05:09:00,309,309,Sacramento State Deadball Team Rebound.,76,63,13,0,0.9690529739614472,0.984286886803362,5,4,-8.5,NA,NA,NA,NA,NA,NA,NA,NA,Sacramento State,Sacramento State
401086963,2019-03-02,Idaho,Sacramento State,259,2,05:09:00,309,309,Marcus Graves made Free Throw.,76,64,12,0,0.9579436736815254,0.9785250362093658,5,4,-8.5,NA,NA,Sacramento State,made,Marcus Graves,NA,FALSE,TRUE,Sacramento State,Sacramento State
401086963,2019-03-02,Idaho,Sacramento State,260,2,05:09:00,309,309,Marcus Graves made Free Throw.,76,65,11,0,0.9430806227133146,0.970713234645262,5,4,-8.5,NA,NA,Sacramento State,made,Marcus Graves,NA,FALSE,TRUE,Sacramento State,Idaho
401086963,2019-03-02,Idaho,Sacramento State,261,2,04:45:00,285,285,RayQuawndis Mitchell Turnover.,76,65,11,24,0.9478606420093668,0.9726749356981428,5,4,-8.5,NA,NA,NA,NA,NA,NA,NA,NA,Idaho,Sacramento State
401086963,2019-03-02,Idaho,Sacramento State,262,2,04:45:00,285,285,Joshua Patton Steal.,76,65,11,0,0.9478606420093668,0.9726749356981428,5,4,-8.5,NA,NA,NA,NA,NA,NA,NA,NA,Idaho,Sacramento State
401086963,2019-03-02,Idaho,Sacramento State,263,2,04:37:00,277,277,Marcus Graves made Three Point Jumper. Assisted by Bryce Fowler.,76,68,8,8,0.8725804343306967,0.9301386920873754,5,4,-8.5,NA,NA,Sacramento State,made,Marcus Graves,Bryce Fowler,TRUE,FALSE,Sacramento State,Idaho
401086963,2019-03-02,Idaho,Sacramento State,264,2,04:31:00,271,271,Foul on Jordan Tolbert.,76,68,8,6,0.8718777317358191,0.9293772193535154,5,4,-8.5,NA,NA,NA,NA,NA,NA,NA,NA,Idaho,Idaho
401086963,2019-03-02,Idaho,Sacramento State,265,2,04:31:00,271,271,RayQuawndis Mitchell made Free Throw.,77,68,9,0,0.9037678838385608,0.947812177891596,5,4,-8.5,NA,NA,Idaho,made,RayQuawndis Mitchell,NA,FALSE,TRUE,Idaho,Idaho
401086963,2019-03-02,Idaho,Sacramento State,266,2,04:31:00,271,271,RayQuawndis Mitchell made Free Throw.,78,68,10,0,0.928372545210583,0.961633636803022,5,4,-8.5,NA,NA,Idaho,made,RayQuawndis Mitchell,NA,FALSE,TRUE,Idaho,Sacramento State
401086963,2019-03-02,Idaho,Sacramento State,267,2,04:16:00,256,256,Bryce Fowler missed Three Point Jumper.,78,68,10,15,0.9262648582517782,0.9599439356448172,5,4,-8.5,NA,NA,Sacramento State,missed,Bryce Fowler,NA,TRUE,FALSE,Sacramento State,Sacramento State
401086963,2019-03-02,Idaho,Sacramento State,268,2,04:12:00,252,252,Jordan Tolbert Offensive Rebound.,78,68,10,4,0.9257582200981668,0.9595154709472178,5,4,-8.5,NA,NA,NA,NA,NA,NA,NA,NA,Sacramento State,Sacramento State
401086963,2019-03-02,Idaho,Sacramento State,269,2,04:10:00,250,250,Foul on Cameron Tyson.,78,68,10,2,0.9255407661623176,0.95932004579959,5,4,-8.5,NA,NA,NA,NA,NA,NA,NA,NA,Sacramento State,Sacramento State
401086963,2019-03-02,Idaho,Sacramento State,270,2,04:10:00,250,250,Izayah Mauriohooho-Le'afa missed Free Throw.,78,68,10,0,0.9255407661623176,0.95932004579959,5,4,-8.5,NA,NA,Sacramento State,missed,Izayah Mauriohooho-Le'afa,NA,FALSE,TRUE,Sacramento State,Sacramento State
401086963,2019-03-02,Idaho,Sacramento State,271,2,04:10:00,250,250,Sacramento State Deadball Team Rebound.,78,68,10,0,0.9255407661623176,0.95932004579959,5,4,-8.5,NA,NA,NA,NA,NA,NA,NA,NA,Sacramento State,Sacramento State
401086963,2019-03-02,Idaho,Sacramento State,272,2,04:10:00,250,250,Izayah Mauriohooho-Le'afa made Free Throw.,78,69,9,0,0.9006150718967119,0.9450305860336022,5,4,-8.5,NA,NA,Sacramento State,made,Izayah Mauriohooho-Le'afa,NA,FALSE,TRUE,Sacramento State,Idaho
401086963,2019-03-02,Idaho,Sacramento State,273,2,03:50:00,230,230,RayQuawndis Mitchell made Three Point Jumper. Assisted by Jared Rodriguez.,81,69,12,20,0.9591164285129432,0.9776082154375416,5,4,-8.5,NA,NA,Idaho,made,RayQuawndis Mitchell,Jared Rodriguez,TRUE,FALSE,Idaho,Sacramento State
401086963,2019-03-02,Idaho,Sacramento State,274,2,03:38:00,218,218,Jordan Tolbert made Three Point Jumper.,81,72,9,12,0.9057630245252312,0.9464373477073276,5,4,-8.5,NA,NA,Sacramento State,made,Jordan Tolbert,NA,TRUE,FALSE,Sacramento State,Idaho
401086963,2019-03-02,Idaho,Sacramento State,275,2,03:06:00,186,186,RayQuawndis Mitchell made Layup.,83,72,11,32,0.9683830627211552,0.9819182764928264,5,4,-8.5,NA,NA,Idaho,made,RayQuawndis Mitchell,NA,FALSE,FALSE,Idaho,Sacramento State
401086963,2019-03-02,Idaho,Sacramento State,276,2,02:52:00,172,172,Jordan Tolbert made Three Point Jumper. Assisted by Izayah Mauriohooho-Le'afa.,83,75,8,14,0.9300717405282044,0.9586429293992532,5,4,-8.5,NA,NA,Sacramento State,made,Jordan Tolbert,Izayah Mauriohooho-Le'afa,TRUE,FALSE,Sacramento State,Idaho
401086963,2019-03-02,Idaho,Sacramento State,277,2,02:31:00,151,151,RayQuawndis Mitchell Turnover.,83,75,8,21,0.9527493108784864,0.9716027801953312,5,4,-8.5,NA,NA,NA,NA,NA,NA,NA,NA,Idaho,Sacramento State
401086963,2019-03-02,Idaho,Sacramento State,278,2,02:31:00,151,151,Bryce Fowler Steal.,83,75,8,0,0.9527493108784864,0.9716027801953312,5,4,-8.5,NA,NA,NA,NA,NA,NA,NA,NA,Idaho,Sacramento State
401086963,2019-03-02,Idaho,Sacramento State,279,2,02:22:00,142,142,Marcus Graves missed Three Point Jumper.,83,75,8,9,0.9609235719014424,0.976323353643282,5,4,-8.5,NA,NA,Sacramento State,missed,Marcus Graves,NA,TRUE,FALSE,Sacramento State,Idaho
401086963,2019-03-02,Idaho,Sacramento State,280,2,02:15:00,135,135,Cameron Tyson Defensive Rebound.,83,75,8,7,0.9666864033147098,0.9796765199716098,5,4,-8.5,NA,NA,NA,NA,NA,NA,NA,NA,Sacramento State,Idaho
401086963,2019-03-02,Idaho,Sacramento State,281,2,02:12:00,132,132,Cameron Tyson Turnover.,83,75,8,3,0.9689983197670492,0.9810288436522284,5,4,-8.5,NA,NA,NA,NA,NA,NA,NA,NA,Idaho,Sacramento State
401086963,2019-03-02,Idaho,Sacramento State,282,2,02:12:00,132,132,Marcus Graves Steal.,83,75,8,0,0.9689983197670492,0.9810288436522284,5,4,-8.5,NA,NA,NA,NA,NA,NA,NA,NA,Idaho,Sacramento State
401086963,2019-03-02,Idaho,Sacramento State,283,2,02:11:00,131,131,Official TV Timeout,83,75,8,1,0.9697479254219662,0.9814682872536866,5,4,-8.5,NA,NA,NA,NA,NA,NA,NA,NA,Sacramento State,Sacramento State
401086963,2019-03-02,Idaho,Sacramento State,284,2,02:04:00,124,124,Foul on Jared Rodriguez.,83,75,8,7,0.9747003701490108,0.9843848215930374,5,4,-8.5,NA,NA,NA,NA,NA,NA,NA,NA,Sacramento State,Sacramento State
401086963,2019-03-02,Idaho,Sacramento State,285,2,02:04:00,124,124,Marcus Graves made Free Throw.,83,76,7,0,0.9582483759872562,0.9740629074169068,5,4,-8.5,NA,NA,Sacramento State,made,Marcus Graves,NA,FALSE,TRUE,Sacramento State,Sacramento State
401086963,2019-03-02,Idaho,Sacramento State,286,2,02:04:00,124,124,Marcus Graves made Free Throw.,83,77,6,0,0.9318459530355908,0.957214576521814,5,4,-8.5,NA,NA,Sacramento State,made,Marcus Graves,NA,FALSE,TRUE,Sacramento State,Idaho
401086963,2019-03-02,Idaho,Sacramento State,287,2,01:50:00,110,110,Trevon Allen Turnover.,83,77,6,14,0.9491875688574264,0.96770505083007,5,4,-8.5,NA,NA,NA,NA,NA,NA,NA,NA,Idaho,Sacramento State
401086963,2019-03-02,Idaho,Sacramento State,288,2,01:50:00,110,110,Idaho  Timeout,83,77,6,0,0.9491875688574264,0.96770505083007,4,4,-8.5,NA,NA,NA,NA,NA,NA,NA,NA,Idaho,Sacramento State
401086963,2019-03-02,Idaho,Sacramento State,289,2,01:40:00,100,100,Foul on Xavier Smith.,83,77,6,10,0.9600666945143,0.974360640342351,4,4,-8.5,NA,NA,NA,NA,NA,NA,NA,NA,Sacramento State,Sacramento State
401086963,2019-03-02,Idaho,Sacramento State,290,2,01:40:00,100,100,Marcus Graves made Free Throw.,83,78,5,0,0.9291375806453016,0.9539716907402116,4,4,-8.5,NA,NA,Sacramento State,made,Marcus Graves,NA,FALSE,TRUE,Sacramento State,Sacramento State
401086963,2019-03-02,Idaho,Sacramento State,291,2,01:40:00,100,100,Marcus Graves made Free Throw.,83,79,4,0,0.8773144721063778,0.9187215295681928,4,4,-8.5,NA,NA,Sacramento State,made,Marcus Graves,NA,FALSE,TRUE,Sacramento State,Idaho
401086963,2019-03-02,Idaho,Sacramento State,292,2,01:17:00,77,77,Cameron Tyson Turnover.,83,79,4,23,0.9181204623580456,0.9447882974933476,4,4,-8.5,NA,NA,NA,NA,NA,NA,NA,NA,Idaho,Sacramento State
401086963,2019-03-02,Idaho,Sacramento State,293,2,01:10:00,70,70,Jordan Tolbert missed Three Point Jumper.,83,79,4,7,0.9287026843541216,0.9515958959084936,4,4,-8.5,NA,NA,Sacramento State,missed,Jordan Tolbert,NA,TRUE,FALSE,Sacramento State,Idaho
401086963,2019-03-02,Idaho,Sacramento State,294,2,01:07:00,67,67,Losini Kamara Defensive Rebound.,83,79,4,3,0.93297085398691,0.95435164347578,4,4,-8.5,NA,NA,NA,NA,NA,NA,NA,NA,Sacramento State,Idaho
401086963,2019-03-02,Idaho,Sacramento State,295,2,01:07:00,67,67,Foul on Bryce Fowler.,83,79,4,0,0.93297085398691,0.95435164347578,4,4,-8.5,NA,NA,NA,NA,NA,NA,NA,NA,Idaho,Idaho
401086963,2019-03-02,Idaho,Sacramento State,296,2,01:07:00,67,67,Losini Kamara made Free Throw.,84,79,5,0,0.9674933092144988,0.9781204571894496,4,4,-8.5,NA,NA,Idaho,made,Losini Kamara,NA,FALSE,TRUE,Idaho,Idaho
401086963,2019-03-02,Idaho,Sacramento State,297,2,01:07:00,67,67,Losini Kamara made Free Throw.,85,79,6,0,0.9845302591474996,0.98964725527796,4,4,-8.5,NA,NA,Idaho,made,Losini Kamara,NA,FALSE,TRUE,Idaho,Sacramento State
401086963,2019-03-02,Idaho,Sacramento State,298,2,01:04:00,64,64,Izayah Mauriohooho-Le'afa missed Layup.,85,79,6,3,0.9859592299244522,0.9905629738512306,4,4,-8.5,NA,NA,Sacramento State,missed,Izayah Mauriohooho-Le'afa,NA,FALSE,FALSE,Sacramento State,Idaho
401086963,2019-03-02,Idaho,Sacramento State,299,2,01:04:00,64,64,Khadim Samb Block.,85,79,6,0,0.9859592299244522,0.9905629738512306,4,4,-8.5,NA,NA,NA,NA,NA,NA,NA,NA,Sacramento State,Idaho
401086963,2019-03-02,Idaho,Sacramento State,300,2,01:02:00,62,62,Foul on Izayah Mauriohooho-Le'afa.,85,79,6,2,0.9868487465705816,0.9911350259242252,4,4,-8.5,NA,NA,NA,NA,NA,NA,NA,NA,Sacramento State,Idaho
401086963,2019-03-02,Idaho,Sacramento State,301,2,01:02:00,62,62,Trevon Allen made Free Throw.,86,79,7,0,0.9939649841854232,0.9959414655699768,4,4,-8.5,NA,NA,Idaho,made,Trevon Allen,NA,FALSE,TRUE,Sacramento State,Sacramento State
401086963,2019-03-02,Idaho,Sacramento State,302,2,01:02:00,62,62,Trevon Allen made Free Throw.,87,79,8,0,0.9972413387489056,0.9981468071480072,4,4,-8.5,NA,NA,Idaho,made,Trevon Allen,NA,FALSE,TRUE,Sacramento State,Sacramento State
401086963,2019-03-02,Idaho,Sacramento State,303,2,01:02:00,62,62,Sacramento State  Timeout,87,79,8,0,0.9972413387489056,0.9981468071480072,4,3,-8.5,NA,NA,NA,NA,NA,NA,NA,NA,Sacramento State,Idaho
401086963,2019-03-02,Idaho,Sacramento State,304,2,00:58:00,58,58,Trevon Allen Defensive Rebound.,87,79,8,4,0.9976887148931974,0.9984374314164168,4,3,-8.5,NA,NA,NA,NA,NA,NA,NA,NA,Sacramento State,Idaho
401086963,2019-03-02,Idaho,Sacramento State,305,2,00:46:00,46,46,Bryce Fowler missed Three Point Jumper.,87,79,8,12,0.9986729236689408,0.9990850750059552,4,3,-8.5,NA,NA,Sacramento State,missed,Bryce Fowler,NA,TRUE,FALSE,Sacramento State,Sacramento State
401086963,2019-03-02,Idaho,Sacramento State,306,2,00:42:00,42,42,Chibueze Jacobs Offensive Rebound.,87,79,8,4,0.9989069858475031,0.9992413841439772,4,3,-8.5,NA,NA,NA,NA,NA,NA,NA,NA,Sacramento State,Sacramento State
401086963,2019-03-02,Idaho,Sacramento State,307,2,00:41:00,41,41,Chibueze Jacobs missed Jumper.,87,79,8,1,0.9989595017889032,0.999276614984728,4,3,-8.5,NA,NA,Sacramento State,missed,Chibueze Jacobs,NA,FALSE,FALSE,Sacramento State,Sacramento State
401086963,2019-03-02,Idaho,Sacramento State,308,2,00:38:00,38,38,Jordan Tolbert Offensive Rebound.,87,79,8,3,0.9991038653825804,0.999373804609846,4,3,-8.5,NA,NA,NA,NA,NA,NA,NA,NA,Sacramento State,Sacramento State
401086963,2019-03-02,Idaho,Sacramento State,309,2,00:36:00,36,36,Izayah Mauriohooho-Le'afa missed Three Point Jumper.,87,79,8,2,0.9991898584598988,0.9994319590091988,4,3,-8.5,NA,NA,Sacramento State,missed,Izayah Mauriohooho-Le'afa,NA,TRUE,FALSE,Sacramento State,Idaho
401086963,2019-03-02,Idaho,Sacramento State,310,2,00:35:00,35,35,Trevon Allen Defensive Rebound.,87,79,8,1,0.999229995560748,0.9994591760349224,4,3,-8.5,NA,NA,NA,NA,NA,NA,NA,NA,Sacramento State,Idaho
401086963,2019-03-02,Idaho,Sacramento State,311,2,00:35:00,35,35,Foul on Bryce Fowler.,87,79,8,0,0.999229995560748,0.9994591760349224,4,3,-8.5,NA,NA,NA,NA,NA,NA,NA,NA,Idaho,Idaho
401086963,2019-03-02,Idaho,Sacramento State,312,2,00:35:00,35,35,Trevon Allen made Free Throw.,88,79,9,0,0.9996991441605538,0.9997887189925966,4,3,-8.5,NA,NA,Idaho,made,Trevon Allen,NA,FALSE,TRUE,Idaho,Idaho
401086963,2019-03-02,Idaho,Sacramento State,313,2,00:35:00,35,35,Trevon Allen made Free Throw.,89,79,10,0,0.9998824833389016,0.9999174764799892,4,3,-8.5,NA,NA,Idaho,made,Trevon Allen,NA,FALSE,TRUE,Idaho,Sacramento State
401086963,2019-03-02,Idaho,Sacramento State,314,2,00:33:00,33,33,Jordan Tolbert made Three Point Jumper. Assisted by Bryce Fowler.,89,82,7,2,0.9981999731191208,0.9987309556138022,4,3,-8.5,NA,NA,Sacramento State,made,Jordan Tolbert,Bryce Fowler,TRUE,FALSE,Sacramento State,Idaho
401086963,2019-03-02,Idaho,Sacramento State,315,2,00:33:00,33,33,Sacramento State  Timeout,89,82,7,0,0.9981999731191208,0.9987309556138022,4,2,-8.5,NA,NA,NA,NA,NA,NA,NA,NA,Sacramento State,Idaho
401086963,2019-03-02,Idaho,Sacramento State,316,2,00:29:00,29,29,Foul on Marcus Graves.,89,82,7,4,0.9984996437325838,0.9989349352191362,4,2,-8.5,NA,NA,NA,NA,NA,NA,NA,NA,Idaho,Idaho
401086963,2019-03-02,Idaho,Sacramento State,317,2,00:29:00,29,29,Trevon Allen missed Free Throw.,89,82,7,0,0.9984996437325838,0.9989349352191362,4,2,-8.5,NA,NA,Idaho,missed,Trevon Allen,NA,FALSE,TRUE,Idaho,Idaho
401086963,2019-03-02,Idaho,Sacramento State,318,2,00:29:00,29,29,Idaho Deadball Team Rebound.,89,82,7,0,0.9984996437325838,0.9989349352191362,4,2,-8.5,NA,NA,NA,NA,NA,NA,NA,NA,Idaho,Idaho
401086963,2019-03-02,Idaho,Sacramento State,319,2,00:29:00,29,29,Trevon Allen made Free Throw.,90,82,8,0,0.9994350544313104,0.9995990684704312,4,2,-8.5,NA,NA,Idaho,made,Trevon Allen,NA,FALSE,TRUE,Idaho,Sacramento State
401086963,2019-03-02,Idaho,Sacramento State,320,2,00:19:00,19,19,Jordan Tolbert made Three Point Jumper. Assisted by Izayah Mauriohooho-Le'afa.,90,85,5,10,0.9925015607982748,0.9945732917863148,4,2,-8.5,NA,NA,Sacramento State,made,Jordan Tolbert,Izayah Mauriohooho-Le'afa,TRUE,FALSE,Sacramento State,Idaho
401086963,2019-03-02,Idaho,Sacramento State,321,2,00:17:00,17,17,Idaho  Turnover.,90,85,5,2,0.9930096500943274,0.9949236351283456,4,2,-8.5,NA,NA,NA,NA,NA,NA,NA,NA,Idaho,Sacramento State
401086963,2019-03-02,Idaho,Sacramento State,322,2,00:17:00,17,17,Jordan Tolbert made Three Point Jumper. Assisted by Marcus Graves.,90,88,2,0,0.8568497047086043,0.891989722174498,4,2,-8.5,NA,NA,Sacramento State,made,Jordan Tolbert,Marcus Graves,TRUE,FALSE,Sacramento State,Idaho
401086963,2019-03-02,Idaho,Sacramento State,323,2,00:14:00,14,14,Foul on Marcus Graves.,90,88,2,3,0.8624436025176223,0.8958722919593005,4,2,-8.5,NA,NA,NA,NA,NA,NA,NA,NA,Idaho,Idaho
401086963,2019-03-02,Idaho,Sacramento State,324,2,00:14:00,14,14,Losini Kamara made Free Throw.,91,88,3,0,0.9484279342684409,0.9618843639125264,4,2,-8.5,NA,NA,Idaho,made,Losini Kamara,NA,FALSE,TRUE,Idaho,Idaho
401086963,2019-03-02,Idaho,Sacramento State,325,2,00:14:00,14,14,Losini Kamara made Free Throw.,92,88,4,0,0.9817990975716876,0.9866705395591696,4,2,-8.5,NA,NA,Idaho,made,Losini Kamara,NA,FALSE,TRUE,Idaho,Idaho
401086963,2019-03-02,Idaho,Sacramento State,326,2,00:14:00,14,14,Sacramento State  Timeout,92,88,4,0,0.9817990975716876,0.9866705395591696,4,1,-8.5,NA,NA,NA,NA,NA,NA,NA,NA,Idaho,Sacramento State
401086963,2019-03-02,Idaho,Sacramento State,327,2,00:04:00,4,4,James Bridges missed Three Point Jumper.,92,88,4,10,0.9864726427544126,0.9899245469070092,4,1,-8.5,NA,NA,Sacramento State,missed,James Bridges,NA,TRUE,FALSE,Sacramento State,Sacramento State
401086963,2019-03-02,Idaho,Sacramento State,328,2,00:01:00,1,1,Izayah Mauriohooho-Le'afa made Layup.,92,90,2,3,0.8854334270037966,0.9119316362211412,4,1,-8.5,NA,NA,Sacramento State,made,Izayah Mauriohooho-Le'afa,NA,FALSE,FALSE,Sacramento State,Sacramento State
401086963,2019-03-02,Idaho,Sacramento State,329,2,00:01:00,1,1,Foul on Jordan Tolbert.,92,90,2,0,0.8854334270037966,0.9119316362211412,4,1,-8.5,NA,NA,NA,NA,NA,NA,NA,NA,Idaho,Sacramento State
401086963,2019-03-02,Idaho,Sacramento State,330,2,00:01:00,1,1,Xavier Smith made Free Throw.,93,90,3,0,0.9613446213016472,0.9708630270713,4,1,-8.5,NA,NA,Idaho,made,Xavier Smith,NA,FALSE,TRUE,Sacramento State,Sacramento State
401086963,2019-03-02,Idaho,Sacramento State,331,2,00:01:00,1,1,Xavier Smith made Free Throw.,94,90,4,0,0.9876585417518868,0.9907597515972704,4,1,-8.5,NA,NA,Idaho,made,Xavier Smith,NA,FALSE,TRUE,Sacramento State,Sacramento State
401086963,2019-03-02,Idaho,Sacramento State,332,2,00:00:00,0,0,Izayah Mauriohooho-Le'afa Offensive Rebound.,94,90,4,1,1,1,4,1,-8.5,NA,NA,NA,NA,NA,NA,NA,NA,Sacramento State,Sacramento State
401086963,2019-03-02,Idaho,Sacramento State,333,2,00:00:00,0,0,End of 2nd half,94,90,4,0,1,1,4,1,-8.5,NA,NA,NA,NA,NA,NA,NA,NA,Sacramento State,NA
401086963,2019-03-02,Idaho,Sacramento State,334,2,00:00:00,0,0,End of Game,94,90,4,0,1,1,4,1,-8.5,NA,NA,NA,NA,NA,NA,NA,NA,Sacramento State,NA
