game_id,date,home,away,play_id,half,time_remaining_half,secs_remaining,secs_remaining_absolute,description,home_score,away_score,score_diff,play_length,win_prob,naive_win_prob,home_time_out_remaining,away_time_out_remaining,home_favored_by,total_line,referees,arena_location,arena,capacity,attendance,shot_x,shot_y,shot_team,shot_outcome,shooter,assist,three_pt,free_throw,possession_before,possession_after,wrong_time
401372008,2021-12-01,Providence,Texas Tech,1,1,20:00,2400,2400,PLAY,0,0,0,0,0.4010534725030346,0.5,4,4,-2.5,136.5,"c(""Brent Hampton"", "" Clarence Armstrong"", "" Jeffrey Anderson"")","Providence, RI",Dunkin Donuts Center,12410,10022,NA,NA,NA,NA,NA,NA,NA,NA,NA,Providence,NA
401372008,2021-12-01,Providence,Texas Tech,2,1,19:39,2379,2379,Foul on Davion Warren.,0,0,0,21,0.4012567154845327,0.5,4,4,-2.5,136.5,"c(""Brent Hampton"", "" Clarence Armstrong"", "" Jeffrey Anderson"")","Providence, RI",Dunkin Donuts Center,12410,10022,NA,NA,NA,NA,NA,NA,NA,NA,Providence,Providence,FALSE
401372008,2021-12-01,Providence,Texas Tech,3,1,19:39,2379,2379,Noah Horchler missed Free Throw.,0,0,0,0,0.4012567154845327,0.5,4,4,-2.5,136.5,"c(""Brent Hampton"", "" Clarence Armstrong"", "" Jeffrey Anderson"")","Providence, RI",Dunkin Donuts Center,12410,10022,NA,NA,Providence,missed,Noah Horchler,NA,FALSE,TRUE,Providence,Providence,FALSE
401372008,2021-12-01,Providence,Texas Tech,4,1,19:39,2379,2379,Providence Deadball Team Rebound.,0,0,0,0,0.4012567154845327,0.5,4,4,-2.5,136.5,"c(""Brent Hampton"", "" Clarence Armstrong"", "" Jeffrey Anderson"")","Providence, RI",Dunkin Donuts Center,12410,10022,NA,NA,NA,NA,NA,NA,NA,NA,Providence,Providence,FALSE
401372008,2021-12-01,Providence,Texas Tech,5,1,19:39,2379,2379,Noah Horchler made Free Throw.,1,0,1,0,0.42285654682327356,0.5222786527948562,4,4,-2.5,136.5,"c(""Brent Hampton"", "" Clarence Armstrong"", "" Jeffrey Anderson"")","Providence, RI",Dunkin Donuts Center,12410,10022,NA,NA,Providence,made,Noah Horchler,NA,FALSE,TRUE,Providence,Texas Tech,FALSE
401372008,2021-12-01,Providence,Texas Tech,6,1,19:20,2360,2360,Kevin Obanor made Layup.,1,2,-1,19,0.3800255264997048,0.4775170932231453,4,4,-2.5,136.5,"c(""Brent Hampton"", "" Clarence Armstrong"", "" Jeffrey Anderson"")","Providence, RI",Dunkin Donuts Center,12410,10022,NA,NA,Texas Tech,made,Kevin Obanor,NA,FALSE,FALSE,Texas Tech,Providence,FALSE
401372008,2021-12-01,Providence,Texas Tech,7,1,18:54,2334,2334,Nate Watson missed Layup.,1,2,-1,26,0.38001751638471465,0.47723364473216906,4,4,-2.5,136.5,"c(""Brent Hampton"", "" Clarence Armstrong"", "" Jeffrey Anderson"")","Providence, RI",Dunkin Donuts Center,12410,10022,NA,NA,Providence,missed,Nate Watson,NA,FALSE,FALSE,Providence,Providence,FALSE
401372008,2021-12-01,Providence,Texas Tech,8,1,18:50,2330,2330,A.J. Reeves Offensive Rebound.,1,2,-1,4,0.38001665000051144,0.4771896586860421,4,4,-2.5,136.5,"c(""Brent Hampton"", "" Clarence Armstrong"", "" Jeffrey Anderson"")","Providence, RI",Dunkin Donuts Center,12410,10022,NA,NA,NA,NA,NA,NA,NA,NA,Providence,Providence,FALSE
401372008,2021-12-01,Providence,Texas Tech,9,1,18:50,2330,2330,A.J. Reeves missed Layup.,1,2,-1,0,0.38001665000051144,0.4771896586860421,4,4,-2.5,136.5,"c(""Brent Hampton"", "" Clarence Armstrong"", "" Jeffrey Anderson"")","Providence, RI",Dunkin Donuts Center,12410,10022,NA,NA,Providence,missed,A.J. Reeves,NA,FALSE,FALSE,Providence,Providence,FALSE
401372008,2021-12-01,Providence,Texas Tech,10,1,18:48,2328,2328,A.J. Reeves Offensive Rebound.,1,2,-1,2,0.3800162560140989,0.477167629491024,4,4,-2.5,136.5,"c(""Brent Hampton"", "" Clarence Armstrong"", "" Jeffrey Anderson"")","Providence, RI",Dunkin Donuts Center,12410,10022,NA,NA,NA,NA,NA,NA,NA,NA,Providence,Providence,FALSE
401372008,2021-12-01,Providence,Texas Tech,11,1,18:48,2328,2328,A.J. Reeves missed Layup.,1,2,-1,0,0.3800162560140989,0.477167629491024,4,4,-2.5,136.5,"c(""Brent Hampton"", "" Clarence Armstrong"", "" Jeffrey Anderson"")","Providence, RI",Dunkin Donuts Center,12410,10022,NA,NA,Providence,missed,A.J. Reeves,NA,FALSE,FALSE,Providence,Providence,FALSE
401372008,2021-12-01,Providence,Texas Tech,12,1,18:47,2327,2327,A.J. Reeves Offensive Rebound.,1,2,-1,1,0.38001606896513757,0.47715660594276005,4,4,-2.5,136.5,"c(""Brent Hampton"", "" Clarence Armstrong"", "" Jeffrey Anderson"")","Providence, RI",Dunkin Donuts Center,12410,10022,NA,NA,NA,NA,NA,NA,NA,NA,Providence,Providence,FALSE
401372008,2021-12-01,Providence,Texas Tech,13,1,18:47,2327,2327,A.J. Reeves missed Layup.,1,2,-1,0,0.38001606896513757,0.47715660594276005,4,4,-2.5,136.5,"c(""Brent Hampton"", "" Clarence Armstrong"", "" Jeffrey Anderson"")","Providence, RI",Dunkin Donuts Center,12410,10022,NA,NA,Providence,missed,A.J. Reeves,NA,FALSE,FALSE,Providence,Providence,FALSE
401372008,2021-12-01,Providence,Texas Tech,14,1,18:47,2327,2327,Noah Horchler Offensive Rebound.,1,2,-1,0,0.38001606896513757,0.47715660594276005,4,4,-2.5,136.5,"c(""Brent Hampton"", "" Clarence Armstrong"", "" Jeffrey Anderson"")","Providence, RI",Dunkin Donuts Center,12410,10022,NA,NA,NA,NA,NA,NA,NA,NA,Providence,Providence,FALSE
401372008,2021-12-01,Providence,Texas Tech,15,1,18:47,2327,2327,Foul on Kevin McCullar.,1,2,-1,0,0.38001606896513757,0.47715660594276005,4,4,-2.5,136.5,"c(""Brent Hampton"", "" Clarence Armstrong"", "" Jeffrey Anderson"")","Providence, RI",Dunkin Donuts Center,12410,10022,NA,NA,NA,NA,NA,NA,NA,NA,Providence,Providence,FALSE
401372008,2021-12-01,Providence,Texas Tech,16,1,18:47,2327,2327,Noah Horchler made Free Throw.,2,2,0,0,0.40178267100100523,0.5,4,4,-2.5,136.5,"c(""Brent Hampton"", "" Clarence Armstrong"", "" Jeffrey Anderson"")","Providence, RI",Dunkin Donuts Center,12410,10022,NA,NA,Providence,made,Noah Horchler,NA,FALSE,TRUE,Providence,Providence,FALSE
401372008,2021-12-01,Providence,Texas Tech,17,1,18:47,2327,2327,Noah Horchler made Free Throw.,3,2,1,0,0.4239434983726948,0.5228433940572399,4,4,-2.5,136.5,"c(""Brent Hampton"", "" Clarence Armstrong"", "" Jeffrey Anderson"")","Providence, RI",Dunkin Donuts Center,12410,10022,NA,NA,Providence,made,Noah Horchler,NA,FALSE,TRUE,Providence,Texas Tech,FALSE
401372008,2021-12-01,Providence,Texas Tech,18,1,18:23,2303,2303,Kevin McCullar made Layup.,3,4,-1,24,0.38001367881892434,0.4768903217819385,4,4,-2.5,136.5,"c(""Brent Hampton"", "" Clarence Armstrong"", "" Jeffrey Anderson"")","Providence, RI",Dunkin Donuts Center,12410,10022,NA,NA,Texas Tech,made,Kevin McCullar,NA,FALSE,FALSE,Texas Tech,Providence,FALSE
401372008,2021-12-01,Providence,Texas Tech,19,1,18:23,2303,2303,Foul on A.J. Reeves.,3,4,-1,0,0.38001367881892434,0.4768903217819385,4,4,-2.5,136.5,"c(""Brent Hampton"", "" Clarence Armstrong"", "" Jeffrey Anderson"")","Providence, RI",Dunkin Donuts Center,12410,10022,NA,NA,NA,NA,NA,NA,NA,NA,Texas Tech,Texas Tech,FALSE
401372008,2021-12-01,Providence,Texas Tech,20,1,18:23,2303,2303,Kevin McCullar missed Free Throw.,3,4,-1,0,0.38001367881892434,0.4768903217819385,4,4,-2.5,136.5,"c(""Brent Hampton"", "" Clarence Armstrong"", "" Jeffrey Anderson"")","Providence, RI",Dunkin Donuts Center,12410,10022,NA,NA,Texas Tech,missed,Kevin McCullar,NA,FALSE,TRUE,Texas Tech,Texas Tech,FALSE
401372008,2021-12-01,Providence,Texas Tech,21,1,18:21,2301,2301,Terrence Shannon Jr. Offensive Rebound.,3,4,-1,2,0.38001367110505396,0.4768679886209129,4,4,-2.5,136.5,"c(""Brent Hampton"", "" Clarence Armstrong"", "" Jeffrey Anderson"")","Providence, RI",Dunkin Donuts Center,12410,10022,NA,NA,NA,NA,NA,NA,NA,NA,Texas Tech,Texas Tech,FALSE
401372008,2021-12-01,Providence,Texas Tech,22,1,18:18,2298,2298,Terrence Shannon Jr. made Layup.,3,6,-3,3,0.3373899711979367,0.43089861534813273,4,4,-2.5,136.5,"c(""Brent Hampton"", "" Clarence Armstrong"", "" Jeffrey Anderson"")","Providence, RI",Dunkin Donuts Center,12410,10022,NA,NA,Texas Tech,made,Terrence Shannon Jr.,NA,FALSE,FALSE,Texas Tech,Providence,FALSE
401372008,2021-12-01,Providence,Texas Tech,23,1,17:58,2278,2278,A.J. Reeves missed Three Point Jumper.,3,6,-3,20,0.336989324032665,0.43023593758820927,4,4,-2.5,136.5,"c(""Brent Hampton"", "" Clarence Armstrong"", "" Jeffrey Anderson"")","Providence, RI",Dunkin Donuts Center,12410,10022,NA,NA,Providence,missed,A.J. Reeves,NA,TRUE,FALSE,Providence,Texas Tech,FALSE
401372008,2021-12-01,Providence,Texas Tech,24,1,17:55,2275,2275,Texas Tech Defensive Rebound.,3,6,-3,3,0.3369292261679448,0.4301360678351613,4,4,-2.5,136.5,"c(""Brent Hampton"", "" Clarence Armstrong"", "" Jeffrey Anderson"")","Providence, RI",Dunkin Donuts Center,12410,10022,NA,NA,NA,NA,NA,NA,NA,NA,Providence,Texas Tech,FALSE
401372008,2021-12-01,Providence,Texas Tech,25,1,17:35,2255,2255,Nate Watson Defensive Rebound.,3,6,-3,20,0.3365288515509738,0.42946740801801747,4,4,-2.5,136.5,"c(""Brent Hampton"", "" Clarence Armstrong"", "" Jeffrey Anderson"")","Providence, RI",Dunkin Donuts Center,12410,10022,NA,NA,NA,NA,NA,NA,NA,NA,Providence,Providence,FALSE
401372008,2021-12-01,Providence,Texas Tech,26,1,17:35,2255,2255,Foul on Bryson Williams.,3,6,-3,0,0.3365288515509738,0.42946740801801747,4,4,-2.5,136.5,"c(""Brent Hampton"", "" Clarence Armstrong"", "" Jeffrey Anderson"")","Providence, RI",Dunkin Donuts Center,12410,10022,NA,NA,NA,NA,NA,NA,NA,NA,Providence,Providence,FALSE
401372008,2021-12-01,Providence,Texas Tech,27,1,17:20,2240,2240,A.J. Reeves missed Three Point Jumper.,3,6,-3,15,0.3362291726880171,0.4289629084724894,4,4,-2.5,136.5,"c(""Brent Hampton"", "" Clarence Armstrong"", "" Jeffrey Anderson"")","Providence, RI",Dunkin Donuts Center,12410,10022,NA,NA,Providence,missed,A.J. Reeves,NA,TRUE,FALSE,Providence,Providence,FALSE
401372008,2021-12-01,Providence,Texas Tech,28,1,17:17,2237,2237,Noah Horchler Offensive Rebound.,3,6,-3,3,0.33616932812765554,0.4288617263502592,4,4,-2.5,136.5,"c(""Brent Hampton"", "" Clarence Armstrong"", "" Jeffrey Anderson"")","Providence, RI",Dunkin Donuts Center,12410,10022,NA,NA,NA,NA,NA,NA,NA,NA,Providence,Providence,FALSE
401372008,2021-12-01,Providence,Texas Tech,29,1,17:15,2235,2235,Noah Horchler missed Jumper.,3,6,-3,2,0.3361294514958729,0.4287942219546592,4,4,-2.5,136.5,"c(""Brent Hampton"", "" Clarence Armstrong"", "" Jeffrey Anderson"")","Providence, RI",Dunkin Donuts Center,12410,10022,NA,NA,Providence,missed,Noah Horchler,NA,FALSE,FALSE,Providence,Providence,FALSE
401372008,2021-12-01,Providence,Texas Tech,30,1,17:11,2231,2231,A.J. Reeves Offensive Rebound.,3,6,-3,4,0.33604974868912457,0.428659096831824,4,4,-2.5,136.5,"c(""Brent Hampton"", "" Clarence Armstrong"", "" Jeffrey Anderson"")","Providence, RI",Dunkin Donuts Center,12410,10022,NA,NA,NA,NA,NA,NA,NA,NA,Providence,Providence,FALSE
401372008,2021-12-01,Providence,Texas Tech,31,1,17:11,2231,2231,A.J. Reeves made Dunk.,5,6,-1,0,0.3800352496595831,0.4760746105198335,4,4,-2.5,136.5,"c(""Brent Hampton"", "" Clarence Armstrong"", "" Jeffrey Anderson"")","Providence, RI",Dunkin Donuts Center,12410,10022,NA,NA,Providence,made,A.J. Reeves,NA,FALSE,FALSE,Providence,Texas Tech,FALSE
401372008,2021-12-01,Providence,Texas Tech,32,1,16:54,2214,2214,Kevin Obanor missed Jumper.,5,6,-1,17,0.38004779721968307,0.47587907233940807,4,4,-2.5,136.5,"c(""Brent Hampton"", "" Clarence Armstrong"", "" Jeffrey Anderson"")","Providence, RI",Dunkin Donuts Center,12410,10022,NA,NA,Texas Tech,missed,Kevin Obanor,NA,FALSE,FALSE,Texas Tech,Texas Tech,FALSE
401372008,2021-12-01,Providence,Texas Tech,33,1,16:51,2211,2211,Marcus Santos-Silva Offensive Rebound.,5,6,-1,3,0.3800503446735002,0.47584447325397483,4,4,-2.5,136.5,"c(""Brent Hampton"", "" Clarence Armstrong"", "" Jeffrey Anderson"")","Providence, RI",Dunkin Donuts Center,12410,10022,NA,NA,NA,NA,NA,NA,NA,NA,Texas Tech,Texas Tech,FALSE
401372008,2021-12-01,Providence,Texas Tech,34,1,16:49,2209,2209,Kevin McCullar made Three Point Jumper. Assisted by Marcus Santos-Silva.,5,9,-4,2,0.3143852239500531,0.40440123535406136,4,4,-2.5,136.5,"c(""Brent Hampton"", "" Clarence Armstrong"", "" Jeffrey Anderson"")","Providence, RI",Dunkin Donuts Center,12410,10022,NA,NA,Texas Tech,made,Kevin McCullar,Marcus Santos-Silva,TRUE,FALSE,Texas Tech,Providence,FALSE
401372008,2021-12-01,Providence,Texas Tech,35,1,16:26,2186,2186,Al Durham missed Jumper.,5,9,-4,23,0.313717041074114,0.40337341088223816,4,4,-2.5,136.5,"c(""Brent Hampton"", "" Clarence Armstrong"", "" Jeffrey Anderson"")","Providence, RI",Dunkin Donuts Center,12410,10022,NA,NA,Providence,missed,Al Durham,NA,FALSE,FALSE,Providence,Texas Tech,FALSE
401372008,2021-12-01,Providence,Texas Tech,36,1,16:22,2182,2182,Kevin McCullar Defensive Rebound.,5,9,-4,4,0.31360117785633496,0.40319424261009873,4,4,-2.5,136.5,"c(""Brent Hampton"", "" Clarence Armstrong"", "" Jeffrey Anderson"")","Providence, RI",Dunkin Donuts Center,12410,10022,NA,NA,NA,NA,NA,NA,NA,NA,Providence,Texas Tech,FALSE
401372008,2021-12-01,Providence,Texas Tech,37,1,16:18,2178,2178,Terrence Shannon Jr. made Layup.,5,11,-6,4,0.27282557175489774,0.3567776958387425,4,4,-2.5,136.5,"c(""Brent Hampton"", "" Clarence Armstrong"", "" Jeffrey Anderson"")","Providence, RI",Dunkin Donuts Center,12410,10022,NA,NA,Texas Tech,made,Terrence Shannon Jr.,NA,FALSE,FALSE,Texas Tech,Providence,FALSE
401372008,2021-12-01,Providence,Texas Tech,38,1,16:16,2176,2176,Providence  Timeout,5,11,-6,2,0.2727352983800812,0.3566493983999426,3,4,-2.5,136.5,"c(""Brent Hampton"", "" Clarence Armstrong"", "" Jeffrey Anderson"")","Providence, RI",Dunkin Donuts Center,12410,10022,NA,NA,NA,NA,NA,NA,NA,NA,Providence,Providence,FALSE
401372008,2021-12-01,Providence,Texas Tech,39,1,16:16,2176,2176,Official TV Timeout,5,11,-6,0,0.2727352983800812,0.3566493983999426,3,4,-2.5,136.5,"c(""Brent Hampton"", "" Clarence Armstrong"", "" Jeffrey Anderson"")","Providence, RI",Dunkin Donuts Center,12410,10022,NA,NA,NA,NA,NA,NA,NA,NA,Providence,Providence,FALSE
401372008,2021-12-01,Providence,Texas Tech,40,1,15:46,2146,2146,Providence  Turnover.,5,11,-6,30,0.27138209086520015,0.35471923656058446,3,4,-2.5,136.5,"c(""Brent Hampton"", "" Clarence Armstrong"", "" Jeffrey Anderson"")","Providence, RI",Dunkin Donuts Center,12410,10022,NA,NA,NA,NA,NA,NA,NA,NA,Providence,Texas Tech,FALSE
401372008,2021-12-01,Providence,Texas Tech,41,1,15:31,2131,2131,Foul on Alyn Breed.,5,11,-6,15,0.2707045048573337,0.3537484692973355,3,4,-2.5,136.5,"c(""Brent Hampton"", "" Clarence Armstrong"", "" Jeffrey Anderson"")","Providence, RI",Dunkin Donuts Center,12410,10022,NA,NA,NA,NA,NA,NA,NA,NA,Texas Tech,Texas Tech,FALSE
401372008,2021-12-01,Providence,Texas Tech,42,1,15:31,2131,2131,Kevin McCullar made Free Throw.,5,12,-7,0,0.25133875882782586,0.33113935164142466,3,4,-2.5,136.5,"c(""Brent Hampton"", "" Clarence Armstrong"", "" Jeffrey Anderson"")","Providence, RI",Dunkin Donuts Center,12410,10022,NA,NA,Texas Tech,made,Kevin McCullar,NA,FALSE,TRUE,Texas Tech,Texas Tech,FALSE
401372008,2021-12-01,Providence,Texas Tech,43,1,15:31,2131,2131,Kevin McCullar made Free Throw.,5,13,-8,0,0.2329159512061245,0.30928369281234325,3,4,-2.5,136.5,"c(""Brent Hampton"", "" Clarence Armstrong"", "" Jeffrey Anderson"")","Providence, RI",Dunkin Donuts Center,12410,10022,NA,NA,Texas Tech,made,Kevin McCullar,NA,FALSE,TRUE,Texas Tech,Providence,FALSE
401372008,2021-12-01,Providence,Texas Tech,44,1,15:06,2106,2106,Al Durham missed Jumper.,5,13,-8,25,0.23146893907495283,0.3072574652206114,3,4,-2.5,136.5,"c(""Brent Hampton"", "" Clarence Armstrong"", "" Jeffrey Anderson"")","Providence, RI",Dunkin Donuts Center,12410,10022,NA,NA,Providence,missed,Al Durham,NA,FALSE,FALSE,Providence,Providence,FALSE
401372008,2021-12-01,Providence,Texas Tech,45,1,14:59,2099,2099,Ed Croswell Offensive Rebound.,5,13,-8,7,0.23106299689672638,0.3066878332827807,3,4,-2.5,136.5,"c(""Brent Hampton"", "" Clarence Armstrong"", "" Jeffrey Anderson"")","Providence, RI",Dunkin Donuts Center,12410,10022,NA,NA,NA,NA,NA,NA,NA,NA,Providence,Providence,FALSE
401372008,2021-12-01,Providence,Texas Tech,46,1,14:59,2099,2099,Ed Croswell made Layup.,7,13,-6,0,0.26925490277153946,0.3516629604614944,3,4,-2.5,136.5,"c(""Brent Hampton"", "" Clarence Armstrong"", "" Jeffrey Anderson"")","Providence, RI",Dunkin Donuts Center,12410,10022,NA,NA,Providence,made,Ed Croswell,NA,FALSE,FALSE,Providence,Texas Tech,FALSE
401372008,2021-12-01,Providence,Texas Tech,47,1,14:43,2083,2083,Davion Warren missed Jumper.,7,13,-6,16,0.26852730973539696,0.3506120928630277,3,4,-2.5,136.5,"c(""Brent Hampton"", "" Clarence Armstrong"", "" Jeffrey Anderson"")","Providence, RI",Dunkin Donuts Center,12410,10022,NA,NA,Texas Tech,missed,Davion Warren,NA,FALSE,FALSE,Texas Tech,Texas Tech,FALSE
401372008,2021-12-01,Providence,Texas Tech,48,1,14:38,2078,2078,Bryson Williams Offensive Rebound.,7,13,-6,5,0.2682994746359695,0.3502825088542673,3,4,-2.5,136.5,"c(""Brent Hampton"", "" Clarence Armstrong"", "" Jeffrey Anderson"")","Providence, RI",Dunkin Donuts Center,12410,10022,NA,NA,NA,NA,NA,NA,NA,NA,Texas Tech,Texas Tech,FALSE
401372008,2021-12-01,Providence,Texas Tech,49,1,14:34,2074,2074,Foul on Brycen Goodine.,7,13,-6,4,0.2681170351205579,0.3500184217355288,3,4,-2.5,136.5,"c(""Brent Hampton"", "" Clarence Armstrong"", "" Jeffrey Anderson"")","Providence, RI",Dunkin Donuts Center,12410,10022,NA,NA,NA,NA,NA,NA,NA,NA,Texas Tech,Texas Tech,FALSE
401372008,2021-12-01,Providence,Texas Tech,50,1,14:25,2065,2065,Foul on Terrence Shannon Jr..,7,13,-6,9,0.26770595888420357,0.3494228315544548,3,4,-2.5,136.5,"c(""Brent Hampton"", "" Clarence Armstrong"", "" Jeffrey Anderson"")","Providence, RI",Dunkin Donuts Center,12410,10022,NA,NA,NA,NA,NA,NA,NA,NA,Providence,Providence,FALSE
401372008,2021-12-01,Providence,Texas Tech,51,1,14:25,2065,2065,Terrence Shannon Jr. Turnover.,7,13,-6,0,0.26770595888420357,0.3494228315544548,3,4,-2.5,136.5,"c(""Brent Hampton"", "" Clarence Armstrong"", "" Jeffrey Anderson"")","Providence, RI",Dunkin Donuts Center,12410,10022,NA,NA,NA,NA,NA,NA,NA,NA,Texas Tech,Providence,FALSE
401372008,2021-12-01,Providence,Texas Tech,52,1,14:08,2048,2048,Brycen Goodine missed Three Point Jumper.,7,13,-6,17,0.26692707366542023,0.3482923763984685,3,4,-2.5,136.5,"c(""Brent Hampton"", "" Clarence Armstrong"", "" Jeffrey Anderson"")","Providence, RI",Dunkin Donuts Center,12410,10022,NA,NA,Providence,missed,Brycen Goodine,NA,TRUE,FALSE,Providence,Providence,FALSE
401372008,2021-12-01,Providence,Texas Tech,53,1,14:03,2043,2043,Ed Croswell Offensive Rebound.,7,13,-6,5,0.2666973421105577,0.3479584856082723,3,4,-2.5,136.5,"c(""Brent Hampton"", "" Clarence Armstrong"", "" Jeffrey Anderson"")","Providence, RI",Dunkin Donuts Center,12410,10022,NA,NA,NA,NA,NA,NA,NA,NA,Providence,Providence,FALSE
401372008,2021-12-01,Providence,Texas Tech,54,1,14:03,2043,2043,Ed Croswell made Layup.,9,13,-4,0,0.3095759813092785,0.39683185120046743,3,4,-2.5,136.5,"c(""Brent Hampton"", "" Clarence Armstrong"", "" Jeffrey Anderson"")","Providence, RI",Dunkin Donuts Center,12410,10022,NA,NA,Providence,made,Ed Croswell,NA,FALSE,FALSE,Providence,Texas Tech,FALSE
401372008,2021-12-01,Providence,Texas Tech,55,1,13:44,2024,2024,Bryson Williams missed Layup.,9,13,-4,19,0.309018628972271,0.3959347978624396,3,4,-2.5,136.5,"c(""Brent Hampton"", "" Clarence Armstrong"", "" Jeffrey Anderson"")","Providence, RI",Dunkin Donuts Center,12410,10022,NA,NA,Texas Tech,missed,Bryson Williams,NA,FALSE,FALSE,Texas Tech,Texas Tech,FALSE
401372008,2021-12-01,Providence,Texas Tech,56,1,13:44,2024,2024,Ed Croswell Block.,9,13,-4,0,0.309018628972271,0.3959347978624396,3,4,-2.5,136.5,"c(""Brent Hampton"", "" Clarence Armstrong"", "" Jeffrey Anderson"")","Providence, RI",Dunkin Donuts Center,12410,10022,NA,NA,NA,NA,NA,NA,NA,NA,Texas Tech,Texas Tech,FALSE
401372008,2021-12-01,Providence,Texas Tech,57,1,13:40,2020,2020,Terrence Shannon Jr. Offensive Rebound.,9,13,-4,4,0.30890089991710584,0.3957449485380729,3,4,-2.5,136.5,"c(""Brent Hampton"", "" Clarence Armstrong"", "" Jeffrey Anderson"")","Providence, RI",Dunkin Donuts Center,12410,10022,NA,NA,NA,NA,NA,NA,NA,NA,Texas Tech,Texas Tech,FALSE
401372008,2021-12-01,Providence,Texas Tech,58,1,13:37,2017,2017,Kevin McCullar missed Three Point Jumper.,9,13,-4,3,0.3088125075142275,0.3956023285706299,3,4,-2.5,136.5,"c(""Brent Hampton"", "" Clarence Armstrong"", "" Jeffrey Anderson"")","Providence, RI",Dunkin Donuts Center,12410,10022,NA,NA,Texas Tech,missed,Kevin McCullar,NA,TRUE,FALSE,Texas Tech,Providence,FALSE
401372008,2021-12-01,Providence,Texas Tech,59,1,13:32,2012,2012,Brycen Goodine Defensive Rebound.,9,13,-4,5,0.3086649992874392,0.3953641799254241,3,4,-2.5,136.5,"c(""Brent Hampton"", "" Clarence Armstrong"", "" Jeffrey Anderson"")","Providence, RI",Dunkin Donuts Center,12410,10022,NA,NA,NA,NA,NA,NA,NA,NA,Texas Tech,Providence,FALSE
401372008,2021-12-01,Providence,Texas Tech,60,1,13:29,2009,2009,Noah Horchler missed Three Point Jumper.,9,13,-4,3,0.30857637882976724,0.39522101880453764,3,4,-2.5,136.5,"c(""Brent Hampton"", "" Clarence Armstrong"", "" Jeffrey Anderson"")","Providence, RI",Dunkin Donuts Center,12410,10022,NA,NA,Providence,missed,Noah Horchler,NA,TRUE,FALSE,Providence,Texas Tech,FALSE
401372008,2021-12-01,Providence,Texas Tech,61,1,13:25,2005,2005,Kevin McCullar Defensive Rebound.,9,13,-4,4,0.30845807964422806,0.3950298166028172,3,4,-2.5,136.5,"c(""Brent Hampton"", "" Clarence Armstrong"", "" Jeffrey Anderson"")","Providence, RI",Dunkin Donuts Center,12410,10022,NA,NA,NA,NA,NA,NA,NA,NA,Providence,Texas Tech,FALSE
401372008,2021-12-01,Providence,Texas Tech,62,1,13:19,1999,1999,Foul on Terrence Shannon Jr..,9,13,-4,6,0.3082803251064093,0.39474231806772825,3,4,-2.5,136.5,"c(""Brent Hampton"", "" Clarence Armstrong"", "" Jeffrey Anderson"")","Providence, RI",Dunkin Donuts Center,12410,10022,NA,NA,NA,NA,NA,NA,NA,NA,Providence,Providence,FALSE
401372008,2021-12-01,Providence,Texas Tech,63,1,13:19,1999,1999,Terrence Shannon Jr. Turnover.,9,13,-4,0,0.3082803251064093,0.39474231806772825,3,4,-2.5,136.5,"c(""Brent Hampton"", "" Clarence Armstrong"", "" Jeffrey Anderson"")","Providence, RI",Dunkin Donuts Center,12410,10022,NA,NA,NA,NA,NA,NA,NA,NA,Texas Tech,Providence,FALSE
401372008,2021-12-01,Providence,Texas Tech,64,1,13:03,1983,1983,Noah Horchler Turnover.,9,13,-4,16,0.3078044159940728,0.3939714828795191,3,4,-2.5,136.5,"c(""Brent Hampton"", "" Clarence Armstrong"", "" Jeffrey Anderson"")","Providence, RI",Dunkin Donuts Center,12410,10022,NA,NA,NA,NA,NA,NA,NA,NA,Providence,Texas Tech,FALSE
401372008,2021-12-01,Providence,Texas Tech,65,1,13:03,1983,1983,Kevin McCullar Steal.,9,13,-4,0,0.3078044159940728,0.3939714828795191,3,4,-2.5,136.5,"c(""Brent Hampton"", "" Clarence Armstrong"", "" Jeffrey Anderson"")","Providence, RI",Dunkin Donuts Center,12410,10022,NA,NA,NA,NA,NA,NA,NA,NA,Providence,Texas Tech,FALSE
401372008,2021-12-01,Providence,Texas Tech,66,1,13:00,1980,1980,Foul on Brycen Goodine.,9,13,-4,3,0.30771485980460905,0.3938262610652755,3,4,-2.5,136.5,"c(""Brent Hampton"", "" Clarence Armstrong"", "" Jeffrey Anderson"")","Providence, RI",Dunkin Donuts Center,12410,10022,NA,NA,NA,NA,NA,NA,NA,NA,Texas Tech,Texas Tech,FALSE
401372008,2021-12-01,Providence,Texas Tech,67,1,12:46,1966,1966,Adonis Arms made Jumper.,9,15,-6,14,0.2631135448943016,0.3427274340574811,3,4,-2.5,136.5,"c(""Brent Hampton"", "" Clarence Armstrong"", "" Jeffrey Anderson"")","Providence, RI",Dunkin Donuts Center,12410,10022,NA,NA,Texas Tech,made,Adonis Arms,NA,FALSE,FALSE,Texas Tech,Providence,FALSE
401372008,2021-12-01,Providence,Texas Tech,68,1,12:22,1942,1942,Ed Croswell made Layup.,11,15,-4,24,0.30657065035742315,0.39196701467484896,3,4,-2.5,136.5,"c(""Brent Hampton"", "" Clarence Armstrong"", "" Jeffrey Anderson"")","Providence, RI",Dunkin Donuts Center,12410,10022,NA,NA,Providence,made,Ed Croswell,NA,FALSE,FALSE,Providence,Texas Tech,FALSE
401372008,2021-12-01,Providence,Texas Tech,69,1,12:11,1931,1931,Kevin McCullar Turnover.,11,15,-4,11,0.30623571767675367,0.391421688121488,3,4,-2.5,136.5,"c(""Brent Hampton"", "" Clarence Armstrong"", "" Jeffrey Anderson"")","Providence, RI",Dunkin Donuts Center,12410,10022,NA,NA,NA,NA,NA,NA,NA,NA,Texas Tech,Providence,FALSE
401372008,2021-12-01,Providence,Texas Tech,70,1,12:11,1931,1931,Justin Minaya Steal.,11,15,-4,0,0.30623571767675367,0.391421688121488,3,4,-2.5,136.5,"c(""Brent Hampton"", "" Clarence Armstrong"", "" Jeffrey Anderson"")","Providence, RI",Dunkin Donuts Center,12410,10022,NA,NA,NA,NA,NA,NA,NA,NA,Texas Tech,Providence,FALSE
401372008,2021-12-01,Providence,Texas Tech,71,1,12:06,1926,1926,Justin Minaya made Dunk.,13,15,-2,5,0.35496095650987713,0.4449263465014464,3,4,-2.5,136.5,"c(""Brent Hampton"", "" Clarence Armstrong"", "" Jeffrey Anderson"")","Providence, RI",Dunkin Donuts Center,12410,10022,NA,NA,Providence,made,Justin Minaya,NA,FALSE,FALSE,Providence,Texas Tech,FALSE
401372008,2021-12-01,Providence,Texas Tech,72,1,11:53,1913,1913,Foul on Brycen Goodine.,13,15,-2,13,0.3548465832112946,0.44459165230326636,3,4,-2.5,136.5,"c(""Brent Hampton"", "" Clarence Armstrong"", "" Jeffrey Anderson"")","Providence, RI",Dunkin Donuts Center,12410,10022,NA,NA,NA,NA,NA,NA,NA,NA,Texas Tech,Texas Tech,FALSE
401372008,2021-12-01,Providence,Texas Tech,73,1,11:53,1913,1913,Official TV Timeout,13,15,-2,0,0.3548465832112946,0.44459165230326636,3,4,-2.5,136.5,"c(""Brent Hampton"", "" Clarence Armstrong"", "" Jeffrey Anderson"")","Providence, RI",Dunkin Donuts Center,12410,10022,NA,NA,NA,NA,NA,NA,NA,NA,Texas Tech,Texas Tech,FALSE
401372008,2021-12-01,Providence,Texas Tech,74,1,11:34,1894,1894,Adonis Arms made Three Point Jumper.,13,18,-5,19,0.28185119105123685,0.3632435603996177,3,4,-2.5,136.5,"c(""Brent Hampton"", "" Clarence Armstrong"", "" Jeffrey Anderson"")","Providence, RI",Dunkin Donuts Center,12410,10022,NA,NA,Texas Tech,made,Adonis Arms,NA,TRUE,FALSE,Texas Tech,Providence,FALSE
401372008,2021-12-01,Providence,Texas Tech,75,1,11:00,1860,1860,A.J. Reeves missed Three Point Jumper.,13,18,-5,34,0.2805319201771934,0.36119683225297144,3,4,-2.5,136.5,"c(""Brent Hampton"", "" Clarence Armstrong"", "" Jeffrey Anderson"")","Providence, RI",Dunkin Donuts Center,12410,10022,NA,NA,Providence,missed,A.J. Reeves,NA,TRUE,FALSE,Providence,Texas Tech,FALSE
401372008,2021-12-01,Providence,Texas Tech,76,1,10:56,1856,1856,Adonis Arms Defensive Rebound.,13,18,-5,4,0.2803772590251469,0.3609556494671146,3,4,-2.5,136.5,"c(""Brent Hampton"", "" Clarence Armstrong"", "" Jeffrey Anderson"")","Providence, RI",Dunkin Donuts Center,12410,10022,NA,NA,NA,NA,NA,NA,NA,NA,Providence,Texas Tech,FALSE
401372008,2021-12-01,Providence,Texas Tech,77,1,10:35,1835,1835,Davion Warren made Three Point Jumper.,13,21,-8,21,0.2154038974706808,0.2843954855930172,3,4,-2.5,136.5,"c(""Brent Hampton"", "" Clarence Armstrong"", "" Jeffrey Anderson"")","Providence, RI",Dunkin Donuts Center,12410,10022,NA,NA,Texas Tech,made,Davion Warren,NA,TRUE,FALSE,Texas Tech,Providence,FALSE
401372008,2021-12-01,Providence,Texas Tech,78,1,10:13,1813,1813,Justin Minaya missed Three Point Jumper.,13,21,-8,22,0.21410069169024695,0.28250574768920284,3,4,-2.5,136.5,"c(""Brent Hampton"", "" Clarence Armstrong"", "" Jeffrey Anderson"")","Providence, RI",Dunkin Donuts Center,12410,10022,NA,NA,Providence,missed,Justin Minaya,NA,TRUE,FALSE,Providence,Texas Tech,FALSE
401372008,2021-12-01,Providence,Texas Tech,79,1,10:10,1810,1810,Daniel Batcho Defensive Rebound.,13,21,-8,3,0.21392254237211425,0.2822471874148577,3,4,-2.5,136.5,"c(""Brent Hampton"", "" Clarence Armstrong"", "" Jeffrey Anderson"")","Providence, RI",Dunkin Donuts Center,12410,10022,NA,NA,NA,NA,NA,NA,NA,NA,Providence,Texas Tech,FALSE
401372008,2021-12-01,Providence,Texas Tech,80,1,10:01,1801,1801,Bryson Williams missed Three Point Jumper.,13,21,-8,9,0.21338719641899678,0.28146996225536125,3,4,-2.5,136.5,"c(""Brent Hampton"", "" Clarence Armstrong"", "" Jeffrey Anderson"")","Providence, RI",Dunkin Donuts Center,12410,10022,NA,NA,Texas Tech,missed,Bryson Williams,NA,TRUE,FALSE,Texas Tech,Providence,FALSE
401372008,2021-12-01,Providence,Texas Tech,81,1,9:57,1797,1797,Justin Minaya Defensive Rebound.,13,21,-8,4,0.21314877290991452,0.28112371933170305,3,4,-2.5,136.5,"c(""Brent Hampton"", "" Clarence Armstrong"", "" Jeffrey Anderson"")","Providence, RI",Dunkin Donuts Center,12410,10022,NA,NA,NA,NA,NA,NA,NA,NA,Texas Tech,Providence,FALSE
401372008,2021-12-01,Providence,Texas Tech,82,1,9:53,1793,1793,Al Durham missed Layup.,13,21,-8,4,0.2129100078439565,0.2807769353014102,3,4,-2.5,136.5,"c(""Brent Hampton"", "" Clarence Armstrong"", "" Jeffrey Anderson"")","Providence, RI",Dunkin Donuts Center,12410,10022,NA,NA,Providence,missed,Al Durham,NA,FALSE,FALSE,Providence,Providence,FALSE
401372008,2021-12-01,Providence,Texas Tech,83,1,9:53,1793,1793,Providence Offensive Rebound.,13,21,-8,0,0.2129100078439565,0.2807769353014102,3,4,-2.5,136.5,"c(""Brent Hampton"", "" Clarence Armstrong"", "" Jeffrey Anderson"")","Providence, RI",Dunkin Donuts Center,12410,10022,NA,NA,NA,NA,NA,NA,NA,NA,Providence,Providence,FALSE
401372008,2021-12-01,Providence,Texas Tech,84,1,9:45,1785,1785,Justin Minaya Turnover.,13,21,-8,8,0.2124313440790477,0.280081623319204,3,4,-2.5,136.5,"c(""Brent Hampton"", "" Clarence Armstrong"", "" Jeffrey Anderson"")","Providence, RI",Dunkin Donuts Center,12410,10022,NA,NA,NA,NA,NA,NA,NA,NA,Providence,Texas Tech,FALSE
401372008,2021-12-01,Providence,Texas Tech,85,1,9:45,1785,1785,Mylik Wilson Steal.,13,21,-8,0,0.2124313440790477,0.280081623319204,3,4,-2.5,136.5,"c(""Brent Hampton"", "" Clarence Armstrong"", "" Jeffrey Anderson"")","Providence, RI",Dunkin Donuts Center,12410,10022,NA,NA,NA,NA,NA,NA,NA,NA,Providence,Texas Tech,FALSE
401372008,2021-12-01,Providence,Texas Tech,86,1,9:41,1781,1781,Foul on Justin Minaya.,13,21,-8,4,0.21219139114095784,0.2797330353264065,3,4,-2.5,136.5,"c(""Brent Hampton"", "" Clarence Armstrong"", "" Jeffrey Anderson"")","Providence, RI",Dunkin Donuts Center,12410,10022,NA,NA,NA,NA,NA,NA,NA,NA,Texas Tech,Texas Tech,FALSE
401372008,2021-12-01,Providence,Texas Tech,87,1,9:41,1781,1781,Mylik Wilson made Free Throw.,13,22,-9,0,0.19310027344580538,0.2565439794406975,3,4,-2.5,136.5,"c(""Brent Hampton"", "" Clarence Armstrong"", "" Jeffrey Anderson"")","Providence, RI",Dunkin Donuts Center,12410,10022,NA,NA,Texas Tech,made,Mylik Wilson,NA,FALSE,TRUE,Texas Tech,Texas Tech,FALSE
401372008,2021-12-01,Providence,Texas Tech,88,1,9:41,1781,1781,Mylik Wilson made Free Throw.,13,23,-10,0,0.17534450500348375,0.23465097386312345,3,4,-2.5,136.5,"c(""Brent Hampton"", "" Clarence Armstrong"", "" Jeffrey Anderson"")","Providence, RI",Dunkin Donuts Center,12410,10022,NA,NA,Texas Tech,made,Mylik Wilson,NA,FALSE,TRUE,Texas Tech,Providence,FALSE
401372008,2021-12-01,Providence,Texas Tech,89,1,9:19,1759,1759,Foul on Terrence Shannon Jr..,13,23,-10,22,0.17385076294957108,0.23250308078652485,3,4,-2.5,136.5,"c(""Brent Hampton"", "" Clarence Armstrong"", "" Jeffrey Anderson"")","Providence, RI",Dunkin Donuts Center,12410,10022,NA,NA,NA,NA,NA,NA,NA,NA,Providence,Providence,FALSE
401372008,2021-12-01,Providence,Texas Tech,90,1,9:08,1748,1748,Noah Horchler Turnover.,13,23,-10,11,0.17309793148422228,0.23142083314712647,3,4,-2.5,136.5,"c(""Brent Hampton"", "" Clarence Armstrong"", "" Jeffrey Anderson"")","Providence, RI",Dunkin Donuts Center,12410,10022,NA,NA,NA,NA,NA,NA,NA,NA,Providence,Texas Tech,FALSE
401372008,2021-12-01,Providence,Texas Tech,91,1,9:03,1743,1743,Foul on Nate Watson.,13,23,-10,5,0.17275420781046186,0.2309268268597743,3,4,-2.5,136.5,"c(""Brent Hampton"", "" Clarence Armstrong"", "" Jeffrey Anderson"")","Providence, RI",Dunkin Donuts Center,12410,10022,NA,NA,NA,NA,NA,NA,NA,NA,Texas Tech,Texas Tech,FALSE
401372008,2021-12-01,Providence,Texas Tech,92,1,9:03,1743,1743,Bryson Williams made Free Throw.,13,24,-11,0,0.15623133174411055,0.21025421644515052,3,4,-2.5,136.5,"c(""Brent Hampton"", "" Clarence Armstrong"", "" Jeffrey Anderson"")","Providence, RI",Dunkin Donuts Center,12410,10022,NA,NA,Texas Tech,made,Bryson Williams,NA,FALSE,TRUE,Texas Tech,Texas Tech,FALSE
401372008,2021-12-01,Providence,Texas Tech,93,1,9:03,1743,1743,Bryson Williams made Free Throw.,13,25,-12,0,0.1410193736669651,0.19097268545071225,3,4,-2.5,136.5,"c(""Brent Hampton"", "" Clarence Armstrong"", "" Jeffrey Anderson"")","Providence, RI",Dunkin Donuts Center,12410,10022,NA,NA,Texas Tech,made,Bryson Williams,NA,FALSE,TRUE,Texas Tech,Providence,FALSE
401372008,2021-12-01,Providence,Texas Tech,94,1,8:37,1717,1717,Nate Watson missed Jumper.,13,25,-12,26,0.13913853416839544,0.1882704023106062,3,4,-2.5,136.5,"c(""Brent Hampton"", "" Clarence Armstrong"", "" Jeffrey Anderson"")","Providence, RI",Dunkin Donuts Center,12410,10022,NA,NA,Providence,missed,Nate Watson,NA,FALSE,FALSE,Providence,Providence,FALSE
401372008,2021-12-01,Providence,Texas Tech,95,1,8:34,1714,1714,Providence Offensive Rebound.,13,25,-12,3,0.13891971519045027,0.18795623400971123,3,4,-2.5,136.5,"c(""Brent Hampton"", "" Clarence Armstrong"", "" Jeffrey Anderson"")","Providence, RI",Dunkin Donuts Center,12410,10022,NA,NA,NA,NA,NA,NA,NA,NA,Providence,Providence,FALSE
401372008,2021-12-01,Providence,Texas Tech,96,1,8:27,1707,1707,Alyn Breed missed Jumper.,13,25,-12,7,0.13840753101617279,0.18722108258521636,3,4,-2.5,136.5,"c(""Brent Hampton"", "" Clarence Armstrong"", "" Jeffrey Anderson"")","Providence, RI",Dunkin Donuts Center,12410,10022,NA,NA,Providence,missed,Alyn Breed,NA,FALSE,FALSE,Providence,Texas Tech,FALSE
401372008,2021-12-01,Providence,Texas Tech,97,1,8:23,1703,1703,Mylik Wilson Defensive Rebound.,13,25,-12,4,0.13811380652647037,0.1867996361733854,3,4,-2.5,136.5,"c(""Brent Hampton"", "" Clarence Armstrong"", "" Jeffrey Anderson"")","Providence, RI",Dunkin Donuts Center,12410,10022,NA,NA,NA,NA,NA,NA,NA,NA,Providence,Texas Tech,FALSE
401372008,2021-12-01,Providence,Texas Tech,98,1,8:20,1700,1700,Kevin McCullar missed Layup.,13,25,-12,3,0.13789299512154107,0.18648288113564612,3,4,-2.5,136.5,"c(""Brent Hampton"", "" Clarence Armstrong"", "" Jeffrey Anderson"")","Providence, RI",Dunkin Donuts Center,12410,10022,NA,NA,Texas Tech,missed,Kevin McCullar,NA,FALSE,FALSE,Texas Tech,Texas Tech,FALSE
401372008,2021-12-01,Providence,Texas Tech,99,1,8:20,1700,1700,Al Durham Block.,13,25,-12,0,0.13789299512154107,0.18648288113564612,3,4,-2.5,136.5,"c(""Brent Hampton"", "" Clarence Armstrong"", "" Jeffrey Anderson"")","Providence, RI",Dunkin Donuts Center,12410,10022,NA,NA,NA,NA,NA,NA,NA,NA,Texas Tech,Texas Tech,FALSE
401372008,2021-12-01,Providence,Texas Tech,100,1,8:20,1700,1700,Texas Tech Offensive Rebound.,13,25,-12,0,0.13789299512154107,0.18648288113564612,3,4,-2.5,136.5,"c(""Brent Hampton"", "" Clarence Armstrong"", "" Jeffrey Anderson"")","Providence, RI",Dunkin Donuts Center,12410,10022,NA,NA,NA,NA,NA,NA,NA,NA,Texas Tech,Texas Tech,FALSE
401372008,2021-12-01,Providence,Texas Tech,101,1,7:57,1677,1677,Al Durham missed Three Point Jumper.,13,27,-14,23,0.10954809751168805,0.1496594086826495,3,4,-2.5,136.5,"c(""Brent Hampton"", "" Clarence Armstrong"", "" Jeffrey Anderson"")","Providence, RI",Dunkin Donuts Center,12410,10022,NA,NA,Providence,missed,Al Durham,NA,TRUE,FALSE,Providence,Texas Tech,TRUE
401372008,2021-12-01,Providence,Texas Tech,102,1,7:54,1674,1674,Texas Tech Defensive Rebound.,13,27,-14,3,0.10933618615389655,0.14935283242160927,3,4,-2.5,136.5,"c(""Brent Hampton"", "" Clarence Armstrong"", "" Jeffrey Anderson"")","Providence, RI",Dunkin Donuts Center,12410,10022,NA,NA,NA,NA,NA,NA,NA,NA,Providence,Texas Tech,FALSE
401372008,2021-12-01,Providence,Texas Tech,103,1,7:54,1674,1674,Official TV Timeout,13,27,-14,0,0.10933618615389655,0.14935283242160927,3,4,-2.5,136.5,"c(""Brent Hampton"", "" Clarence Armstrong"", "" Jeffrey Anderson"")","Providence, RI",Dunkin Donuts Center,12410,10022,NA,NA,NA,NA,NA,NA,NA,NA,Providence,Texas Tech,FALSE
401372008,2021-12-01,Providence,Texas Tech,104,1,7:38,1658,1658,Kevin McCullar missed Jumper.,13,27,-14,16,0.10822882195855131,0.1477461626812255,3,4,-2.5,136.5,"c(""Brent Hampton"", "" Clarence Armstrong"", "" Jeffrey Anderson"")","Providence, RI",Dunkin Donuts Center,12410,10022,NA,NA,Texas Tech,missed,Kevin McCullar,NA,FALSE,FALSE,Texas Tech,Providence,FALSE
401372008,2021-12-01,Providence,Texas Tech,105,1,7:35,1655,1655,Justin Minaya Defensive Rebound.,13,27,-14,3,0.10802510498429817,0.14744978347595689,3,4,-2.5,136.5,"c(""Brent Hampton"", "" Clarence Armstrong"", "" Jeffrey Anderson"")","Providence, RI",Dunkin Donuts Center,12410,10022,NA,NA,NA,NA,NA,NA,NA,NA,Texas Tech,Providence,FALSE
401372008,2021-12-01,Providence,Texas Tech,106,1,7:29,1649,1649,Noah Horchler missed Three Point Jumper.,13,27,-14,6,0.10762099006595913,0.14686115828045315,3,4,-2.5,136.5,"c(""Brent Hampton"", "" Clarence Armstrong"", "" Jeffrey Anderson"")","Providence, RI",Dunkin Donuts Center,12410,10022,NA,NA,Providence,missed,Noah Horchler,NA,TRUE,FALSE,Providence,Texas Tech,FALSE
401372008,2021-12-01,Providence,Texas Tech,107,1,7:26,1646,1646,Texas Tech Defensive Rebound.,13,27,-14,3,0.10742050022561558,0.14656879838886833,3,4,-2.5,136.5,"c(""Brent Hampton"", "" Clarence Armstrong"", "" Jeffrey Anderson"")","Providence, RI",Dunkin Donuts Center,12410,10022,NA,NA,NA,NA,NA,NA,NA,NA,Providence,Texas Tech,FALSE
401372008,2021-12-01,Providence,Texas Tech,108,1,7:26,1646,1646,Adonis Arms Turnover.,13,27,-14,0,0.10742050022561558,0.14656879838886833,3,4,-2.5,136.5,"c(""Brent Hampton"", "" Clarence Armstrong"", "" Jeffrey Anderson"")","Providence, RI",Dunkin Donuts Center,12410,10022,NA,NA,NA,NA,NA,NA,NA,NA,Texas Tech,Providence,FALSE
401372008,2021-12-01,Providence,Texas Tech,109,1,7:08,1628,1628,Al Durham missed Three Point Jumper.,13,27,-14,18,0.10623665920540089,0.1448384456358282,3,4,-2.5,136.5,"c(""Brent Hampton"", "" Clarence Armstrong"", "" Jeffrey Anderson"")","Providence, RI",Dunkin Donuts Center,12410,10022,NA,NA,Providence,missed,Al Durham,NA,TRUE,FALSE,Providence,Providence,FALSE
401372008,2021-12-01,Providence,Texas Tech,110,1,7:05,1625,1625,Ed Croswell Offensive Rebound.,13,27,-14,3,0.10604212002871037,0.14455350636569603,3,4,-2.5,136.5,"c(""Brent Hampton"", "" Clarence Armstrong"", "" Jeffrey Anderson"")","Providence, RI",Dunkin Donuts Center,12410,10022,NA,NA,NA,NA,NA,NA,NA,NA,Providence,Texas Tech,FALSE
401372008,2021-12-01,Providence,Texas Tech,111,1,7:05,1625,1625,Ed Croswell made Layup.,15,27,-12,0,0.13263878033083348,0.1788765497982596,3,4,-2.5,136.5,"c(""Brent Hampton"", "" Clarence Armstrong"", "" Jeffrey Anderson"")","Providence, RI",Dunkin Donuts Center,12410,10022,NA,NA,Providence,made,Ed Croswell,NA,FALSE,FALSE,Providence,Texas Tech,FALSE
401372008,2021-12-01,Providence,Texas Tech,112,1,7:05,1625,1625,Foul on Bryson Williams.,15,27,-12,0,0.13263878033083348,0.1788765497982596,3,4,-2.5,136.5,"c(""Brent Hampton"", "" Clarence Armstrong"", "" Jeffrey Anderson"")","Providence, RI",Dunkin Donuts Center,12410,10022,NA,NA,NA,NA,NA,NA,NA,NA,Providence,Texas Tech,FALSE
401372008,2021-12-01,Providence,Texas Tech,113,1,7:05,1625,1625,Ed Croswell missed Free Throw.,15,27,-12,0,0.13263878033083348,0.1788765497982596,3,4,-2.5,136.5,"c(""Brent Hampton"", "" Clarence Armstrong"", "" Jeffrey Anderson"")","Providence, RI",Dunkin Donuts Center,12410,10022,NA,NA,Providence,missed,Ed Croswell,NA,FALSE,TRUE,Providence,Texas Tech,FALSE
401372008,2021-12-01,Providence,Texas Tech,114,1,7:02,1622,1622,Davion Warren Defensive Rebound.,15,27,-12,3,0.13244123023947169,0.1785872544196872,3,4,-2.5,136.5,"c(""Brent Hampton"", "" Clarence Armstrong"", "" Jeffrey Anderson"")","Providence, RI",Dunkin Donuts Center,12410,10022,NA,NA,NA,NA,NA,NA,NA,NA,Providence,Texas Tech,FALSE
401372008,2021-12-01,Providence,Texas Tech,115,1,6:58,1618,1618,Davion Warren missed Layup.,15,27,-12,4,0.1321787441022172,0.17820260047158257,3,4,-2.5,136.5,"c(""Brent Hampton"", "" Clarence Armstrong"", "" Jeffrey Anderson"")","Providence, RI",Dunkin Donuts Center,12410,10022,NA,NA,Texas Tech,missed,Davion Warren,NA,FALSE,FALSE,Texas Tech,Texas Tech,FALSE
401372008,2021-12-01,Providence,Texas Tech,116,1,6:58,1618,1618,Ed Croswell Block.,15,27,-12,0,0.1321787441022172,0.17820260047158257,3,4,-2.5,136.5,"c(""Brent Hampton"", "" Clarence Armstrong"", "" Jeffrey Anderson"")","Providence, RI",Dunkin Donuts Center,12410,10022,NA,NA,NA,NA,NA,NA,NA,NA,Texas Tech,Texas Tech,FALSE
401372008,2021-12-01,Providence,Texas Tech,117,1,6:57,1617,1617,Texas Tech Offensive Rebound.,15,27,-12,1,0.1321132747734517,0.1781066153794543,3,4,-2.5,136.5,"c(""Brent Hampton"", "" Clarence Armstrong"", "" Jeffrey Anderson"")","Providence, RI",Dunkin Donuts Center,12410,10022,NA,NA,NA,NA,NA,NA,NA,NA,Texas Tech,Texas Tech,FALSE
401372008,2021-12-01,Providence,Texas Tech,118,1,6:43,1603,1603,Bryson Williams missed Jumper.,15,27,-12,14,0.13120200888874914,0.17676900675632296,3,4,-2.5,136.5,"c(""Brent Hampton"", "" Clarence Armstrong"", "" Jeffrey Anderson"")","Providence, RI",Dunkin Donuts Center,12410,10022,NA,NA,Texas Tech,missed,Bryson Williams,NA,FALSE,FALSE,Texas Tech,Texas Tech,FALSE
401372008,2021-12-01,Providence,Texas Tech,119,1,6:39,1599,1599,Kevin Obanor Offensive Rebound.,15,27,-12,4,0.13094309649960795,0.1763885077956501,3,4,-2.5,136.5,"c(""Brent Hampton"", "" Clarence Armstrong"", "" Jeffrey Anderson"")","Providence, RI",Dunkin Donuts Center,12410,10022,NA,NA,NA,NA,NA,NA,NA,NA,Texas Tech,Texas Tech,FALSE
401372008,2021-12-01,Providence,Texas Tech,120,1,6:24,1584,1584,Davion Warren missed Three Point Jumper.,15,27,-12,15,0.12997540730239998,0.174965251637553,3,4,-2.5,136.5,"c(""Brent Hampton"", "" Clarence Armstrong"", "" Jeffrey Anderson"")","Providence, RI",Dunkin Donuts Center,12410,10022,NA,NA,Texas Tech,missed,Davion Warren,NA,TRUE,FALSE,Texas Tech,Texas Tech,FALSE
401372008,2021-12-01,Providence,Texas Tech,121,1,6:22,1582,1582,Providence Deadball Team Rebound.,15,27,-12,2,0.129846580308668,0.17477568989459896,3,4,-2.5,136.5,"c(""Brent Hampton"", "" Clarence Armstrong"", "" Jeffrey Anderson"")","Providence, RI",Dunkin Donuts Center,12410,10022,NA,NA,NA,NA,NA,NA,NA,NA,Texas Tech,Providence,FALSE
401372008,2021-12-01,Providence,Texas Tech,122,1,6:22,1582,1582,Foul on Kevin Obanor.,15,27,-12,0,0.129846580308668,0.17477568989459896,3,4,-2.5,136.5,"c(""Brent Hampton"", "" Clarence Armstrong"", "" Jeffrey Anderson"")","Providence, RI",Dunkin Donuts Center,12410,10022,NA,NA,NA,NA,NA,NA,NA,NA,Providence,Providence,FALSE
401372008,2021-12-01,Providence,Texas Tech,123,1,6:22,1582,1582,Ed Croswell missed Free Throw.,15,27,-12,0,0.129846580308668,0.17477568989459896,3,4,-2.5,136.5,"c(""Brent Hampton"", "" Clarence Armstrong"", "" Jeffrey Anderson"")","Providence, RI",Dunkin Donuts Center,12410,10022,NA,NA,Providence,missed,Ed Croswell,NA,FALSE,TRUE,Providence,Texas Tech,FALSE
401372008,2021-12-01,Providence,Texas Tech,124,1,6:20,1580,1580,Davion Warren Defensive Rebound.,15,27,-12,2,0.12971776045523908,0.1745861290270307,3,4,-2.5,136.5,"c(""Brent Hampton"", "" Clarence Armstrong"", "" Jeffrey Anderson"")","Providence, RI",Dunkin Donuts Center,12410,10022,NA,NA,NA,NA,NA,NA,NA,NA,Providence,Texas Tech,FALSE
401372008,2021-12-01,Providence,Texas Tech,125,1,5:51,1551,1551,Davion Warren missed Three Point Jumper.,15,27,-12,29,0.12784312254296407,0.17182851097147417,3,4,-2.5,136.5,"c(""Brent Hampton"", "" Clarence Armstrong"", "" Jeffrey Anderson"")","Providence, RI",Dunkin Donuts Center,12410,10022,NA,NA,Texas Tech,missed,Davion Warren,NA,TRUE,FALSE,Texas Tech,Texas Tech,FALSE
401372008,2021-12-01,Providence,Texas Tech,126,1,5:50,1550,1550,Texas Tech Deadball Team Rebound.,15,27,-12,1,0.12777801385528803,0.1717328313908927,3,4,-2.5,136.5,"c(""Brent Hampton"", "" Clarence Armstrong"", "" Jeffrey Anderson"")","Providence, RI",Dunkin Donuts Center,12410,10022,NA,NA,NA,NA,NA,NA,NA,NA,Texas Tech,Texas Tech,FALSE
401372008,2021-12-01,Providence,Texas Tech,127,1,5:50,1550,1550,Texas Tech  Turnover.,15,27,-12,0,0.12777801385528803,0.1717328313908927,3,4,-2.5,136.5,"c(""Brent Hampton"", "" Clarence Armstrong"", "" Jeffrey Anderson"")","Providence, RI",Dunkin Donuts Center,12410,10022,NA,NA,NA,NA,NA,NA,NA,NA,Texas Tech,Providence,FALSE
401372008,2021-12-01,Providence,Texas Tech,128,1,5:25,1525,1525,Justin Minaya made Three Point Jumper. Assisted by Al Durham.,18,27,-9,25,0.17682804608251707,0.23274896510065282,3,4,-2.5,136.5,"c(""Brent Hampton"", "" Clarence Armstrong"", "" Jeffrey Anderson"")","Providence, RI",Dunkin Donuts Center,12410,10022,NA,NA,Providence,made,Justin Minaya,Al Durham,TRUE,FALSE,Providence,Texas Tech,FALSE
401372008,2021-12-01,Providence,Texas Tech,129,1,4:51,1491,1491,Davion Warren missed Jumper.,18,27,-9,34,0.17462747764056072,0.22951033365776294,3,4,-2.5,136.5,"c(""Brent Hampton"", "" Clarence Armstrong"", "" Jeffrey Anderson"")","Providence, RI",Dunkin Donuts Center,12410,10022,NA,NA,Texas Tech,missed,Davion Warren,NA,FALSE,FALSE,Texas Tech,Providence,FALSE
401372008,2021-12-01,Providence,Texas Tech,130,1,4:48,1488,1488,A.J. Reeves Defensive Rebound.,18,27,-9,3,0.17442626642150763,0.22921619092704942,3,4,-2.5,136.5,"c(""Brent Hampton"", "" Clarence Armstrong"", "" Jeffrey Anderson"")","Providence, RI",Dunkin Donuts Center,12410,10022,NA,NA,NA,NA,NA,NA,NA,NA,Texas Tech,Providence,FALSE
401372008,2021-12-01,Providence,Texas Tech,131,1,4:40,1480,1480,Foul on Marcus Santos-Silva.,18,27,-9,8,0.17388319757361745,0.22842411730286089,3,4,-2.5,136.5,"c(""Brent Hampton"", "" Clarence Armstrong"", "" Jeffrey Anderson"")","Providence, RI",Dunkin Donuts Center,12410,10022,NA,NA,NA,NA,NA,NA,NA,NA,Providence,Providence,FALSE
401372008,2021-12-01,Providence,Texas Tech,132,1,4:40,1480,1480,Al Durham made Free Throw.,19,27,-8,0,0.19417535865158825,0.25313092154706474,3,4,-2.5,136.5,"c(""Brent Hampton"", "" Clarence Armstrong"", "" Jeffrey Anderson"")","Providence, RI",Dunkin Donuts Center,12410,10022,NA,NA,Providence,made,Al Durham,NA,FALSE,TRUE,Providence,Providence,FALSE
401372008,2021-12-01,Providence,Texas Tech,133,1,4:40,1480,1480,Al Durham made Free Throw.,20,27,-7,0,0.21621582335974993,0.27954187520460483,3,4,-2.5,136.5,"c(""Brent Hampton"", "" Clarence Armstrong"", "" Jeffrey Anderson"")","Providence, RI",Dunkin Donuts Center,12410,10022,NA,NA,Providence,made,Al Durham,NA,FALSE,TRUE,Providence,Texas Tech,FALSE
401372008,2021-12-01,Providence,Texas Tech,134,1,4:32,1472,1472,Kevin Obanor missed Three Point Jumper.,20,27,-7,8,0.21573487905804908,0.2788270694260065,3,4,-2.5,136.5,"c(""Brent Hampton"", "" Clarence Armstrong"", "" Jeffrey Anderson"")","Providence, RI",Dunkin Donuts Center,12410,10022,NA,NA,Texas Tech,missed,Kevin Obanor,NA,TRUE,FALSE,Texas Tech,Providence,FALSE
401372008,2021-12-01,Providence,Texas Tech,135,1,4:28,1468,1468,A.J. Reeves Defensive Rebound.,20,27,-7,4,0.21549054927005648,0.27846525613053735,3,4,-2.5,136.5,"c(""Brent Hampton"", "" Clarence Armstrong"", "" Jeffrey Anderson"")","Providence, RI",Dunkin Donuts Center,12410,10022,NA,NA,NA,NA,NA,NA,NA,NA,Texas Tech,Providence,FALSE
401372008,2021-12-01,Providence,Texas Tech,136,1,4:16,1456,1456,Foul on Kevin McCullar.,20,27,-7,12,0.21474112211112867,0.2773610818656414,3,4,-2.5,136.5,"c(""Brent Hampton"", "" Clarence Armstrong"", "" Jeffrey Anderson"")","Providence, RI",Dunkin Donuts Center,12410,10022,NA,NA,NA,NA,NA,NA,NA,NA,Providence,Providence,FALSE
401372008,2021-12-01,Providence,Texas Tech,137,1,4:16,1456,1456,Ed Croswell missed Free Throw.,20,27,-7,0,0.21474112211112867,0.2773610818656414,3,4,-2.5,136.5,"c(""Brent Hampton"", "" Clarence Armstrong"", "" Jeffrey Anderson"")","Providence, RI",Dunkin Donuts Center,12410,10022,NA,NA,Providence,missed,Ed Croswell,NA,FALSE,TRUE,Providence,Providence,FALSE
401372008,2021-12-01,Providence,Texas Tech,138,1,4:16,1456,1456,Providence Deadball Team Rebound.,20,27,-7,0,0.21474112211112867,0.2773610818656414,3,4,-2.5,136.5,"c(""Brent Hampton"", "" Clarence Armstrong"", "" Jeffrey Anderson"")","Providence, RI",Dunkin Donuts Center,12410,10022,NA,NA,NA,NA,NA,NA,NA,NA,Providence,Providence,FALSE
401372008,2021-12-01,Providence,Texas Tech,139,1,4:16,1456,1456,Ed Croswell made Free Throw.,21,27,-6,0,0.23870694849249183,0.3055957831170316,3,4,-2.5,136.5,"c(""Brent Hampton"", "" Clarence Armstrong"", "" Jeffrey Anderson"")","Providence, RI",Dunkin Donuts Center,12410,10022,NA,NA,Providence,made,Ed Croswell,NA,FALSE,TRUE,Providence,Texas Tech,FALSE
401372008,2021-12-01,Providence,Texas Tech,140,1,4:07,1447,1447,Foul on Ed Croswell.,21,27,-6,9,0.23819404326031918,0.3048281936071125,3,4,-2.5,136.5,"c(""Brent Hampton"", "" Clarence Armstrong"", "" Jeffrey Anderson"")","Providence, RI",Dunkin Donuts Center,12410,10022,NA,NA,NA,NA,NA,NA,NA,NA,Texas Tech,Texas Tech,FALSE
401372008,2021-12-01,Providence,Texas Tech,141,1,4:07,1447,1447,Clarence Nadolny missed Free Throw.,21,27,-6,0,0.23819404326031918,0.3048281936071125,3,4,-2.5,136.5,"c(""Brent Hampton"", "" Clarence Armstrong"", "" Jeffrey Anderson"")","Providence, RI",Dunkin Donuts Center,12410,10022,NA,NA,Texas Tech,missed,Clarence Nadolny,NA,FALSE,TRUE,Texas Tech,Texas Tech,FALSE
401372008,2021-12-01,Providence,Texas Tech,142,1,4:07,1447,1447,Texas Tech Deadball Team Rebound.,21,27,-6,0,0.23819404326031918,0.3048281936071125,3,4,-2.5,136.5,"c(""Brent Hampton"", "" Clarence Armstrong"", "" Jeffrey Anderson"")","Providence, RI",Dunkin Donuts Center,12410,10022,NA,NA,NA,NA,NA,NA,NA,NA,Texas Tech,Texas Tech,FALSE
401372008,2021-12-01,Providence,Texas Tech,143,1,4:07,1447,1447,Clarence Nadolny made Free Throw.,21,28,-7,0,0.2141636693326663,0.276515452260659,3,4,-2.5,136.5,"c(""Brent Hampton"", "" Clarence Armstrong"", "" Jeffrey Anderson"")","Providence, RI",Dunkin Donuts Center,12410,10022,NA,NA,Texas Tech,made,Clarence Nadolny,NA,FALSE,TRUE,Texas Tech,Providence,FALSE
401372008,2021-12-01,Providence,Texas Tech,144,1,4:02,1442,1442,Foul on Davion Warren.,21,28,-7,5,0.21384615224419054,0.2760493173476919,3,4,-2.5,136.5,"c(""Brent Hampton"", "" Clarence Armstrong"", "" Jeffrey Anderson"")","Providence, RI",Dunkin Donuts Center,12410,10022,NA,NA,NA,NA,NA,NA,NA,NA,Providence,Providence,FALSE
401372008,2021-12-01,Providence,Texas Tech,145,1,4:02,1442,1442,Al Durham made Free Throw.,22,28,-6,0,0.23791205984422076,0.3044049207882803,3,4,-2.5,136.5,"c(""Brent Hampton"", "" Clarence Armstrong"", "" Jeffrey Anderson"")","Providence, RI",Dunkin Donuts Center,12410,10022,NA,NA,Providence,made,Al Durham,NA,FALSE,TRUE,Providence,Providence,FALSE
401372008,2021-12-01,Providence,Texas Tech,146,1,4:02,1442,1442,Al Durham made Free Throw.,23,28,-5,0,0.2637775797055475,0.33432809175691386,3,4,-2.5,136.5,"c(""Brent Hampton"", "" Clarence Armstrong"", "" Jeffrey Anderson"")","Providence, RI",Dunkin Donuts Center,12410,10022,NA,NA,Providence,made,Al Durham,NA,FALSE,TRUE,Providence,Providence,FALSE
401372008,2021-12-01,Providence,Texas Tech,147,1,3:42,1422,1422,Foul on Marcus Santos-Silva.,23,28,-5,20,0.2628657056852443,0.3328840595371087,3,4,-2.5,136.5,"c(""Brent Hampton"", "" Clarence Armstrong"", "" Jeffrey Anderson"")","Providence, RI",Dunkin Donuts Center,12410,10022,NA,NA,NA,NA,NA,NA,NA,NA,Providence,Providence,FALSE
401372008,2021-12-01,Providence,Texas Tech,148,1,3:42,1422,1422,Marcus Santos-Silva Turnover.,23,28,-5,0,0.2628657056852443,0.3328840595371087,3,4,-2.5,136.5,"c(""Brent Hampton"", "" Clarence Armstrong"", "" Jeffrey Anderson"")","Providence, RI",Dunkin Donuts Center,12410,10022,NA,NA,NA,NA,NA,NA,NA,NA,Providence,Providence,FALSE
401372008,2021-12-01,Providence,Texas Tech,149,1,3:42,1422,1422,Official TV Timeout,23,28,-5,0,0.2628657056852443,0.3328840595371087,3,4,-2.5,136.5,"c(""Brent Hampton"", "" Clarence Armstrong"", "" Jeffrey Anderson"")","Providence, RI",Dunkin Donuts Center,12410,10022,NA,NA,NA,NA,NA,NA,NA,NA,Providence,Providence,FALSE
401372008,2021-12-01,Providence,Texas Tech,150,1,3:24,1404,1404,Foul on Al Durham.,23,28,-5,18,0.2620860520835287,0.3316265150138883,3,4,-2.5,136.5,"c(""Brent Hampton"", "" Clarence Armstrong"", "" Jeffrey Anderson"")","Providence, RI",Dunkin Donuts Center,12410,10022,NA,NA,NA,NA,NA,NA,NA,NA,Providence,Texas Tech,FALSE
401372008,2021-12-01,Providence,Texas Tech,151,1,3:24,1404,1404,Al Durham Turnover.,23,28,-5,0,0.2620860520835287,0.3316265150138883,3,4,-2.5,136.5,"c(""Brent Hampton"", "" Clarence Armstrong"", "" Jeffrey Anderson"")","Providence, RI",Dunkin Donuts Center,12410,10022,NA,NA,NA,NA,NA,NA,NA,NA,Providence,Texas Tech,FALSE
401372008,2021-12-01,Providence,Texas Tech,152,1,3:13,1393,1393,Texas Tech  Turnover.,23,28,-5,11,0.261623439467853,0.3308718783332354,3,4,-2.5,136.5,"c(""Brent Hampton"", "" Clarence Armstrong"", "" Jeffrey Anderson"")","Providence, RI",Dunkin Donuts Center,12410,10022,NA,NA,NA,NA,NA,NA,NA,NA,Texas Tech,Providence,FALSE
401372008,2021-12-01,Providence,Texas Tech,153,1,3:05,1385,1385,Foul on Al Durham.,23,28,-5,8,0.26129169676749614,0.33032759560845604,3,4,-2.5,136.5,"c(""Brent Hampton"", "" Clarence Armstrong"", "" Jeffrey Anderson"")","Providence, RI",Dunkin Donuts Center,12410,10022,NA,NA,NA,NA,NA,NA,NA,NA,Providence,Texas Tech,FALSE
401372008,2021-12-01,Providence,Texas Tech,154,1,3:05,1385,1385,Al Durham Turnover.,23,28,-5,0,0.26129169676749614,0.33032759560845604,3,4,-2.5,136.5,"c(""Brent Hampton"", "" Clarence Armstrong"", "" Jeffrey Anderson"")","Providence, RI",Dunkin Donuts Center,12410,10022,NA,NA,NA,NA,NA,NA,NA,NA,Providence,Texas Tech,FALSE
401372008,2021-12-01,Providence,Texas Tech,155,1,2:40,1360,1360,Mylik Wilson missed Three Point Jumper.,23,28,-5,25,0.26026838761724663,0.3286381546081323,3,4,-2.5,136.5,"c(""Brent Hampton"", "" Clarence Armstrong"", "" Jeffrey Anderson"")","Providence, RI",Dunkin Donuts Center,12410,10022,NA,NA,Texas Tech,missed,Mylik Wilson,NA,TRUE,FALSE,Texas Tech,Texas Tech,FALSE
401372008,2021-12-01,Providence,Texas Tech,156,1,2:35,1355,1355,Kevin Obanor Offensive Rebound.,23,28,-5,5,0.26006426322784937,0.3283002814677424,3,4,-2.5,136.5,"c(""Brent Hampton"", "" Clarence Armstrong"", "" Jeffrey Anderson"")","Providence, RI",Dunkin Donuts Center,12410,10022,NA,NA,NA,NA,NA,NA,NA,NA,Texas Tech,Texas Tech,FALSE
401372008,2021-12-01,Providence,Texas Tech,157,1,2:35,1355,1355,Kevin Obanor missed Layup.,23,28,-5,0,0.26006426322784937,0.3283002814677424,3,4,-2.5,136.5,"c(""Brent Hampton"", "" Clarence Armstrong"", "" Jeffrey Anderson"")","Providence, RI",Dunkin Donuts Center,12410,10022,NA,NA,Texas Tech,missed,Kevin Obanor,NA,FALSE,FALSE,Texas Tech,Providence,FALSE
401372008,2021-12-01,Providence,Texas Tech,158,1,2:33,1353,1353,Ed Croswell Defensive Rebound.,23,28,-5,2,0.2599825151780068,0.328164971962017,3,4,-2.5,136.5,"c(""Brent Hampton"", "" Clarence Armstrong"", "" Jeffrey Anderson"")","Providence, RI",Dunkin Donuts Center,12410,10022,NA,NA,NA,NA,NA,NA,NA,NA,Texas Tech,Providence,FALSE
401372008,2021-12-01,Providence,Texas Tech,159,1,2:15,1335,1335,Justin Minaya missed Three Point Jumper.,23,28,-5,18,0.2592412880583844,0.32693983543768784,3,4,-2.5,136.5,"c(""Brent Hampton"", "" Clarence Armstrong"", "" Jeffrey Anderson"")","Providence, RI",Dunkin Donuts Center,12410,10022,NA,NA,Providence,missed,Justin Minaya,NA,TRUE,FALSE,Providence,Providence,FALSE
401372008,2021-12-01,Providence,Texas Tech,160,1,2:13,1333,1333,Providence Offensive Rebound.,23,28,-5,2,0.2591580296716981,0.32680257746473257,3,4,-2.5,136.5,"c(""Brent Hampton"", "" Clarence Armstrong"", "" Jeffrey Anderson"")","Providence, RI",Dunkin Donuts Center,12410,10022,NA,NA,NA,NA,NA,NA,NA,NA,Providence,Providence,FALSE
401372008,2021-12-01,Providence,Texas Tech,161,1,2:05,1325,1325,Foul on Bryson Williams.,23,28,-5,8,0.2588224624517796,0.32625048326324063,3,4,-2.5,136.5,"c(""Brent Hampton"", "" Clarence Armstrong"", "" Jeffrey Anderson"")","Providence, RI",Dunkin Donuts Center,12410,10022,NA,NA,NA,NA,NA,NA,NA,NA,Providence,Providence,FALSE
401372008,2021-12-01,Providence,Texas Tech,162,1,2:05,1325,1325,A.J. Reeves made Free Throw.,24,28,-4,0,0.28760198404922105,0.3588970734350069,3,4,-2.5,136.5,"c(""Brent Hampton"", "" Clarence Armstrong"", "" Jeffrey Anderson"")","Providence, RI",Dunkin Donuts Center,12410,10022,NA,NA,Providence,made,A.J. Reeves,NA,FALSE,TRUE,Providence,Providence,FALSE
401372008,2021-12-01,Providence,Texas Tech,163,1,2:05,1325,1325,A.J. Reeves missed Free Throw.,24,28,-4,0,0.28760198404922105,0.3588970734350069,3,4,-2.5,136.5,"c(""Brent Hampton"", "" Clarence Armstrong"", "" Jeffrey Anderson"")","Providence, RI",Dunkin Donuts Center,12410,10022,NA,NA,Providence,missed,A.J. Reeves,NA,FALSE,TRUE,Providence,Texas Tech,FALSE
401372008,2021-12-01,Providence,Texas Tech,164,1,2:04,1324,1324,Adonis Arms Defensive Rebound.,24,28,-4,1,0.2875697802982436,0.35883896321559444,3,4,-2.5,136.5,"c(""Brent Hampton"", "" Clarence Armstrong"", "" Jeffrey Anderson"")","Providence, RI",Dunkin Donuts Center,12410,10022,NA,NA,NA,NA,NA,NA,NA,NA,Providence,Texas Tech,FALSE
401372008,2021-12-01,Providence,Texas Tech,165,1,1:57,1317,1317,Kevin McCullar missed Three Point Jumper.,24,28,-4,7,0.28734239761543595,0.35842988374164764,3,4,-2.5,136.5,"c(""Brent Hampton"", "" Clarence Armstrong"", "" Jeffrey Anderson"")","Providence, RI",Dunkin Donuts Center,12410,10022,NA,NA,Texas Tech,missed,Kevin McCullar,NA,TRUE,FALSE,Texas Tech,Providence,FALSE
401372008,2021-12-01,Providence,Texas Tech,166,1,1:53,1313,1313,Nate Watson Defensive Rebound.,24,28,-4,4,0.2872107780954236,0.3581941531952391,3,4,-2.5,136.5,"c(""Brent Hampton"", "" Clarence Armstrong"", "" Jeffrey Anderson"")","Providence, RI",Dunkin Donuts Center,12410,10022,NA,NA,NA,NA,NA,NA,NA,NA,Texas Tech,Providence,FALSE
401372008,2021-12-01,Providence,Texas Tech,167,1,1:49,1309,1309,A.J. Reeves Turnover.,24,28,-4,4,0.28707779636208247,0.35795684633596153,3,4,-2.5,136.5,"c(""Brent Hampton"", "" Clarence Armstrong"", "" Jeffrey Anderson"")","Providence, RI",Dunkin Donuts Center,12410,10022,NA,NA,NA,NA,NA,NA,NA,NA,Providence,Texas Tech,FALSE
401372008,2021-12-01,Providence,Texas Tech,168,1,1:37,1297,1297,Kevin McCullar missed Layup.,24,28,-4,12,0.28666959514777307,0.35723432665229116,3,4,-2.5,136.5,"c(""Brent Hampton"", "" Clarence Armstrong"", "" Jeffrey Anderson"")","Providence, RI",Dunkin Donuts Center,12410,10022,NA,NA,Texas Tech,missed,Kevin McCullar,NA,FALSE,FALSE,Texas Tech,Texas Tech,FALSE
401372008,2021-12-01,Providence,Texas Tech,169,1,1:33,1293,1293,Daniel Batcho Offensive Rebound.,24,28,-4,4,0.2865300825267745,0.35698957408576093,3,4,-2.5,136.5,"c(""Brent Hampton"", "" Clarence Armstrong"", "" Jeffrey Anderson"")","Providence, RI",Dunkin Donuts Center,12410,10022,NA,NA,NA,NA,NA,NA,NA,NA,Texas Tech,Texas Tech,FALSE
401372008,2021-12-01,Providence,Texas Tech,170,1,1:33,1293,1293,Daniel Batcho made Layup.,24,30,-6,0,0.23031668034311376,0.29262240582006765,3,4,-2.5,136.5,"c(""Brent Hampton"", "" Clarence Armstrong"", "" Jeffrey Anderson"")","Providence, RI",Dunkin Donuts Center,12410,10022,NA,NA,Texas Tech,made,Daniel Batcho,NA,FALSE,FALSE,Texas Tech,Providence,FALSE
401372008,2021-12-01,Providence,Texas Tech,171,1,1:15,1275,1275,A.J. Reeves missed Jumper.,24,30,-6,18,0.22931519168501707,0.2910957822706946,3,4,-2.5,136.5,"c(""Brent Hampton"", "" Clarence Armstrong"", "" Jeffrey Anderson"")","Providence, RI",Dunkin Donuts Center,12410,10022,NA,NA,Providence,missed,A.J. Reeves,NA,FALSE,FALSE,Providence,Texas Tech,FALSE
401372008,2021-12-01,Providence,Texas Tech,172,1,1:11,1271,1271,Adonis Arms Defensive Rebound.,24,30,-6,4,0.2290848129054906,0.2907475117495099,3,4,-2.5,136.5,"c(""Brent Hampton"", "" Clarence Armstrong"", "" Jeffrey Anderson"")","Providence, RI",Dunkin Donuts Center,12410,10022,NA,NA,NA,NA,NA,NA,NA,NA,Providence,Texas Tech,FALSE
401372008,2021-12-01,Providence,Texas Tech,173,1,1:04,1264,1264,Adonis Arms Turnover.,24,30,-6,7,0.22867403191111285,0.2901292844059129,3,4,-2.5,136.5,"c(""Brent Hampton"", "" Clarence Armstrong"", "" Jeffrey Anderson"")","Providence, RI",Dunkin Donuts Center,12410,10022,NA,NA,NA,NA,NA,NA,NA,NA,Texas Tech,Providence,FALSE
401372008,2021-12-01,Providence,Texas Tech,174,1,1:04,1264,1264,Noah Horchler Steal.,24,30,-6,0,0.22867403191111285,0.2901292844059129,3,4,-2.5,136.5,"c(""Brent Hampton"", "" Clarence Armstrong"", "" Jeffrey Anderson"")","Providence, RI",Dunkin Donuts Center,12410,10022,NA,NA,NA,NA,NA,NA,NA,NA,Texas Tech,Providence,FALSE
401372008,2021-12-01,Providence,Texas Tech,175,1,0:57,1257,1257,A.J. Reeves made Three Point Jumper. Assisted by Noah Horchler.,27,30,-3,7,0.3166319087333859,0.3896202710132607,3,4,-2.5,136.5,"c(""Brent Hampton"", "" Clarence Armstrong"", "" Jeffrey Anderson"")","Providence, RI",Dunkin Donuts Center,12410,10022,NA,NA,Providence,made,A.J. Reeves,Noah Horchler,TRUE,FALSE,Providence,Texas Tech,FALSE
401372008,2021-12-01,Providence,Texas Tech,176,1,0:57,1257,1257,Foul on Mylik Wilson.,27,30,-3,0,0.3166319087333859,0.3896202710132607,3,4,-2.5,136.5,"c(""Brent Hampton"", "" Clarence Armstrong"", "" Jeffrey Anderson"")","Providence, RI",Dunkin Donuts Center,12410,10022,NA,NA,NA,NA,NA,NA,NA,NA,Providence,Texas Tech,FALSE
401372008,2021-12-01,Providence,Texas Tech,177,1,0:57,1257,1257,A.J. Reeves made Free Throw.,28,30,-2,0,0.3498593525448382,0.42573534938916746,3,4,-2.5,136.5,"c(""Brent Hampton"", "" Clarence Armstrong"", "" Jeffrey Anderson"")","Providence, RI",Dunkin Donuts Center,12410,10022,NA,NA,Providence,made,A.J. Reeves,NA,FALSE,TRUE,Providence,Texas Tech,FALSE
401372008,2021-12-01,Providence,Texas Tech,178,1,0:43,1243,1243,Marcus Santos-Silva Turnover.,28,30,-2,14,0.349685569226604,0.425220211868628,3,4,-2.5,136.5,"c(""Brent Hampton"", "" Clarence Armstrong"", "" Jeffrey Anderson"")","Providence, RI",Dunkin Donuts Center,12410,10022,NA,NA,NA,NA,NA,NA,NA,NA,Texas Tech,Providence,FALSE
401372008,2021-12-01,Providence,Texas Tech,179,1,0:20,1220,1220,Al Durham missed Three Point Jumper.,28,30,-2,23,0.34934922653763717,0.4243211588473973,3,4,-2.5,136.5,"c(""Brent Hampton"", "" Clarence Armstrong"", "" Jeffrey Anderson"")","Providence, RI",Dunkin Donuts Center,12410,10022,NA,NA,Providence,missed,Al Durham,NA,TRUE,FALSE,Providence,Texas Tech,FALSE
401372008,2021-12-01,Providence,Texas Tech,180,1,0:17,1217,1217,Kevin McCullar Defensive Rebound.,28,30,-2,3,0.3493001760159434,0.42419856064927486,3,4,-2.5,136.5,"c(""Brent Hampton"", "" Clarence Armstrong"", "" Jeffrey Anderson"")","Providence, RI",Dunkin Donuts Center,12410,10022,NA,NA,NA,NA,NA,NA,NA,NA,Providence,Texas Tech,FALSE
401372008,2021-12-01,Providence,Texas Tech,181,1,0:10,1210,1210,Texas Tech  Timeout,28,30,-2,7,0.3491806921656972,0.4239073486174386,3,3,-2.5,136.5,"c(""Brent Hampton"", "" Clarence Armstrong"", "" Jeffrey Anderson"")","Providence, RI",Dunkin Donuts Center,12410,10022,NA,NA,NA,NA,NA,NA,NA,NA,Texas Tech,Texas Tech,FALSE
401372008,2021-12-01,Providence,Texas Tech,182,1,0:01,1201,1201,Terrence Shannon Jr. missed Three Point Jumper.,28,30,-2,9,0.34902539466968313,0.4235319432624558,3,3,-2.5,136.5,"c(""Brent Hampton"", "" Clarence Armstrong"", "" Jeffrey Anderson"")","Providence, RI",Dunkin Donuts Center,12410,10022,NA,NA,Texas Tech,missed,Terrence Shannon Jr.,NA,TRUE,FALSE,Texas Tech,Texas Tech,FALSE
401372008,2021-12-01,Providence,Texas Tech,183,1,0:00,1200,1200,Kevin McCullar Offensive Rebound.,28,30,-2,1,0.3490084864089456,0.4234906714856242,3,3,-2.5,136.5,"c(""Brent Hampton"", "" Clarence Armstrong"", "" Jeffrey Anderson"")","Providence, RI",Dunkin Donuts Center,12410,10022,NA,NA,NA,NA,NA,NA,NA,NA,Texas Tech,Texas Tech,FALSE
401372008,2021-12-01,Providence,Texas Tech,184,1,0:00,1200,1200,End of 1st half,28,30,-2,0,0.3490084864089456,0.4234906714856242,3,3,-2.5,136.5,"c(""Brent Hampton"", "" Clarence Armstrong"", "" Jeffrey Anderson"")","Providence, RI",Dunkin Donuts Center,12410,10022,NA,NA,NA,NA,NA,NA,NA,NA,Texas Tech,NA,FALSE
401372008,2021-12-01,Providence,Texas Tech,185,2,20:00,1200,1200,PLAY,28,30,-2,0,0.3490084864089456,0.4234906714856242,4,4,-2.5,136.5,"c(""Brent Hampton"", "" Clarence Armstrong"", "" Jeffrey Anderson"")","Providence, RI",Dunkin Donuts Center,12410,10022,NA,NA,NA,NA,NA,NA,NA,NA,NA,Providence,FALSE
401372008,2021-12-01,Providence,Texas Tech,186,2,19:46,1186,1186,Providence Deadball Team Rebound.,28,30,-2,14,0.3487781393070778,0.42292097991455413,4,4,-2.5,136.5,"c(""Brent Hampton"", "" Clarence Armstrong"", "" Jeffrey Anderson"")","Providence, RI",Dunkin Donuts Center,12410,10022,NA,NA,NA,NA,NA,NA,NA,NA,Providence,Providence,FALSE
401372008,2021-12-01,Providence,Texas Tech,187,2,19:46,1186,1186,Foul on Kevin Obanor.,28,30,-2,0,0.3487781393070778,0.42292097991455413,4,4,-2.5,136.5,"c(""Brent Hampton"", "" Clarence Armstrong"", "" Jeffrey Anderson"")","Providence, RI",Dunkin Donuts Center,12410,10022,NA,NA,NA,NA,NA,NA,NA,NA,Providence,Providence,FALSE
401372008,2021-12-01,Providence,Texas Tech,188,2,19:23,1163,1163,Al Durham made Three Point Jumper. Assisted by Nate Watson.,31,30,1,23,0.4615246427086814,0.5392347452041315,4,4,-2.5,136.5,"c(""Brent Hampton"", "" Clarence Armstrong"", "" Jeffrey Anderson"")","Providence, RI",Dunkin Donuts Center,12410,10022,NA,NA,Providence,made,Al Durham,Nate Watson,TRUE,FALSE,Providence,Texas Tech,FALSE
401372008,2021-12-01,Providence,Texas Tech,189,2,19:02,1142,1142,Terrence Shannon Jr. made Three Point Jumper. Assisted by Bryson Williams.,31,33,-2,21,0.34810418012745964,0.42119556086785487,4,4,-2.5,136.5,"c(""Brent Hampton"", "" Clarence Armstrong"", "" Jeffrey Anderson"")","Providence, RI",Dunkin Donuts Center,12410,10022,NA,NA,Texas Tech,made,Terrence Shannon Jr.,Bryson Williams,TRUE,FALSE,Texas Tech,Providence,FALSE
401372008,2021-12-01,Providence,Texas Tech,190,2,18:53,1133,1133,Foul on Nate Watson.,31,33,-2,9,0.34796986031832006,0.4208476808555709,4,4,-2.5,136.5,"c(""Brent Hampton"", "" Clarence Armstrong"", "" Jeffrey Anderson"")","Providence, RI",Dunkin Donuts Center,12410,10022,NA,NA,NA,NA,NA,NA,NA,NA,Providence,Texas Tech,FALSE
401372008,2021-12-01,Providence,Texas Tech,191,2,18:53,1133,1133,Nate Watson Turnover.,31,33,-2,0,0.34796986031832006,0.4208476808555709,4,4,-2.5,136.5,"c(""Brent Hampton"", "" Clarence Armstrong"", "" Jeffrey Anderson"")","Providence, RI",Dunkin Donuts Center,12410,10022,NA,NA,NA,NA,NA,NA,NA,NA,Providence,Texas Tech,FALSE
401372008,2021-12-01,Providence,Texas Tech,192,2,18:31,1111,1111,Davion Warren missed Layup.,31,33,-2,22,0.3476372992282216,0.419993168479601,4,4,-2.5,136.5,"c(""Brent Hampton"", "" Clarence Armstrong"", "" Jeffrey Anderson"")","Providence, RI",Dunkin Donuts Center,12410,10022,NA,NA,Texas Tech,missed,Davion Warren,NA,FALSE,FALSE,Texas Tech,Providence,FALSE
401372008,2021-12-01,Providence,Texas Tech,193,2,18:28,1108,1108,Nate Watson Defensive Rebound.,31,33,-2,3,0.34759102365356365,0.41987562394894257,4,4,-2.5,136.5,"c(""Brent Hampton"", "" Clarence Armstrong"", "" Jeffrey Anderson"")","Providence, RI",Dunkin Donuts Center,12410,10022,NA,NA,NA,NA,NA,NA,NA,NA,Texas Tech,Providence,FALSE
401372008,2021-12-01,Providence,Texas Tech,194,2,18:17,1097,1097,Foul on Noah Horchler.,31,33,-2,11,0.3474184413221387,0.41944130588671696,4,4,-2.5,136.5,"c(""Brent Hampton"", "" Clarence Armstrong"", "" Jeffrey Anderson"")","Providence, RI",Dunkin Donuts Center,12410,10022,NA,NA,NA,NA,NA,NA,NA,NA,Providence,Texas Tech,FALSE
401372008,2021-12-01,Providence,Texas Tech,195,2,18:17,1097,1097,Noah Horchler Turnover.,31,33,-2,0,0.3474184413221387,0.41944130588671696,4,4,-2.5,136.5,"c(""Brent Hampton"", "" Clarence Armstrong"", "" Jeffrey Anderson"")","Providence, RI",Dunkin Donuts Center,12410,10022,NA,NA,NA,NA,NA,NA,NA,NA,Providence,Texas Tech,FALSE
401372008,2021-12-01,Providence,Texas Tech,196,2,18:00,1080,1080,Terrence Shannon Jr. Turnover.,31,33,-2,17,0.34714007656542717,0.4187565601869328,4,4,-2.5,136.5,"c(""Brent Hampton"", "" Clarence Armstrong"", "" Jeffrey Anderson"")","Providence, RI",Dunkin Donuts Center,12410,10022,NA,NA,NA,NA,NA,NA,NA,NA,Texas Tech,Providence,FALSE
401372008,2021-12-01,Providence,Texas Tech,197,2,17:47,1067,1067,Foul on Kevin McCullar.,31,33,-2,13,0.34691478028499423,0.4182183194252806,4,4,-2.5,136.5,"c(""Brent Hampton"", "" Clarence Armstrong"", "" Jeffrey Anderson"")","Providence, RI",Dunkin Donuts Center,12410,10022,NA,NA,NA,NA,NA,NA,NA,NA,Providence,Providence,FALSE
401372008,2021-12-01,Providence,Texas Tech,198,2,17:47,1067,1067,Nate Watson made Free Throw.,32,33,-1,0,0.3851885614197589,0.4588319511798032,4,4,-2.5,136.5,"c(""Brent Hampton"", "" Clarence Armstrong"", "" Jeffrey Anderson"")","Providence, RI",Dunkin Donuts Center,12410,10022,NA,NA,Providence,made,Nate Watson,NA,FALSE,TRUE,Providence,Providence,FALSE
401372008,2021-12-01,Providence,Texas Tech,199,2,17:47,1067,1067,Nate Watson missed Free Throw.,32,33,-1,0,0.3851885614197589,0.4588319511798032,4,4,-2.5,136.5,"c(""Brent Hampton"", "" Clarence Armstrong"", "" Jeffrey Anderson"")","Providence, RI",Dunkin Donuts Center,12410,10022,NA,NA,Providence,missed,Nate Watson,NA,FALSE,TRUE,Providence,Texas Tech,FALSE
401372008,2021-12-01,Providence,Texas Tech,200,2,17:45,1065,1065,Bryson Williams Defensive Rebound.,32,33,-1,2,0.3851920999331827,0.4587890159439579,4,4,-2.5,136.5,"c(""Brent Hampton"", "" Clarence Armstrong"", "" Jeffrey Anderson"")","Providence, RI",Dunkin Donuts Center,12410,10022,NA,NA,NA,NA,NA,NA,NA,NA,Providence,Texas Tech,FALSE
401372008,2021-12-01,Providence,Texas Tech,201,2,17:34,1054,1054,Terrence Shannon Jr. missed Three Point Jumper.,32,33,-1,11,0.3852087406628729,0.4585491725999451,4,4,-2.5,136.5,"c(""Brent Hampton"", "" Clarence Armstrong"", "" Jeffrey Anderson"")","Providence, RI",Dunkin Donuts Center,12410,10022,NA,NA,Texas Tech,missed,Terrence Shannon Jr.,NA,TRUE,FALSE,Texas Tech,Providence,FALSE
401372008,2021-12-01,Providence,Texas Tech,202,2,17:31,1051,1051,A.J. Reeves Defensive Rebound.,32,33,-1,3,0.3852123957080921,0.458482598376572,4,4,-2.5,136.5,"c(""Brent Hampton"", "" Clarence Armstrong"", "" Jeffrey Anderson"")","Providence, RI",Dunkin Donuts Center,12410,10022,NA,NA,NA,NA,NA,NA,NA,NA,Texas Tech,Providence,FALSE
401372008,2021-12-01,Providence,Texas Tech,203,2,17:26,1046,1046,Noah Horchler Turnover.,32,33,-1,5,0.38521758424601826,0.458370448552782,4,4,-2.5,136.5,"c(""Brent Hampton"", "" Clarence Armstrong"", "" Jeffrey Anderson"")","Providence, RI",Dunkin Donuts Center,12410,10022,NA,NA,NA,NA,NA,NA,NA,NA,Providence,Texas Tech,FALSE
401372008,2021-12-01,Providence,Texas Tech,204,2,17:26,1046,1046,Adonis Arms Steal.,32,33,-1,0,0.38521758424601826,0.458370448552782,4,4,-2.5,136.5,"c(""Brent Hampton"", "" Clarence Armstrong"", "" Jeffrey Anderson"")","Providence, RI",Dunkin Donuts Center,12410,10022,NA,NA,NA,NA,NA,NA,NA,NA,Providence,Texas Tech,FALSE
401372008,2021-12-01,Providence,Texas Tech,205,2,17:26,1046,1046,Foul on Noah Horchler.,32,33,-1,0,0.38521758424601826,0.458370448552782,4,4,-2.5,136.5,"c(""Brent Hampton"", "" Clarence Armstrong"", "" Jeffrey Anderson"")","Providence, RI",Dunkin Donuts Center,12410,10022,NA,NA,NA,NA,NA,NA,NA,NA,Providence,Texas Tech,FALSE
401372008,2021-12-01,Providence,Texas Tech,206,2,17:12,1032,1032,Kevin Obanor Turnover.,32,33,-1,14,0.3852256289998153,0.4580478370716221,4,4,-2.5,136.5,"c(""Brent Hampton"", "" Clarence Armstrong"", "" Jeffrey Anderson"")","Providence, RI",Dunkin Donuts Center,12410,10022,NA,NA,NA,NA,NA,NA,NA,NA,Texas Tech,Providence,FALSE
401372008,2021-12-01,Providence,Texas Tech,207,2,17:12,1032,1032,Noah Horchler Steal.,32,33,-1,0,0.3852256289998153,0.4580478370716221,4,4,-2.5,136.5,"c(""Brent Hampton"", "" Clarence Armstrong"", "" Jeffrey Anderson"")","Providence, RI",Dunkin Donuts Center,12410,10022,NA,NA,NA,NA,NA,NA,NA,NA,Texas Tech,Providence,FALSE
401372008,2021-12-01,Providence,Texas Tech,208,2,17:12,1032,1032,Foul on Kevin McCullar.,32,33,-1,0,0.3852256289998153,0.4580478370716221,4,4,-2.5,136.5,"c(""Brent Hampton"", "" Clarence Armstrong"", "" Jeffrey Anderson"")","Providence, RI",Dunkin Donuts Center,12410,10022,NA,NA,NA,NA,NA,NA,NA,NA,Providence,Providence,FALSE
401372008,2021-12-01,Providence,Texas Tech,209,2,17:04,1024,1024,Nate Watson missed Layup.,32,33,-1,8,0.3852255492195002,0.4578572669945048,4,4,-2.5,136.5,"c(""Brent Hampton"", "" Clarence Armstrong"", "" Jeffrey Anderson"")","Providence, RI",Dunkin Donuts Center,12410,10022,NA,NA,Providence,missed,Nate Watson,NA,FALSE,FALSE,Providence,Providence,FALSE
401372008,2021-12-01,Providence,Texas Tech,210,2,17:04,1024,1024,Marcus Santos-Silva Block.,32,33,-1,0,0.3852255492195002,0.4578572669945048,4,4,-2.5,136.5,"c(""Brent Hampton"", "" Clarence Armstrong"", "" Jeffrey Anderson"")","Providence, RI",Dunkin Donuts Center,12410,10022,NA,NA,NA,NA,NA,NA,NA,NA,Providence,Providence,FALSE
401372008,2021-12-01,Providence,Texas Tech,211,2,16:58,1018,1018,Nate Watson Offensive Rebound.,32,33,-1,6,0.3852230656745737,0.45771110541112126,4,4,-2.5,136.5,"c(""Brent Hampton"", "" Clarence Armstrong"", "" Jeffrey Anderson"")","Providence, RI",Dunkin Donuts Center,12410,10022,NA,NA,NA,NA,NA,NA,NA,NA,Providence,Providence,FALSE
401372008,2021-12-01,Providence,Texas Tech,212,2,16:58,1018,1018,Nate Watson made Layup.,34,33,1,0,0.4679650405654985,0.5422888945888786,4,4,-2.5,136.5,"c(""Brent Hampton"", "" Clarence Armstrong"", "" Jeffrey Anderson"")","Providence, RI",Dunkin Donuts Center,12410,10022,NA,NA,Providence,made,Nate Watson,NA,FALSE,FALSE,Providence,Texas Tech,FALSE
401372008,2021-12-01,Providence,Texas Tech,213,2,16:49,1009,1009,Foul on Nate Watson.,34,33,1,9,0.468407765428945,0.542513684299699,4,4,-2.5,136.5,"c(""Brent Hampton"", "" Clarence Armstrong"", "" Jeffrey Anderson"")","Providence, RI",Dunkin Donuts Center,12410,10022,NA,NA,NA,NA,NA,NA,NA,NA,Texas Tech,Texas Tech,FALSE
401372008,2021-12-01,Providence,Texas Tech,214,2,16:48,1008,1008,Terrence Shannon Jr. missed Three Point Jumper.,34,33,1,1,0.4684574862077136,0.5425390898677398,4,4,-2.5,136.5,"c(""Brent Hampton"", "" Clarence Armstrong"", "" Jeffrey Anderson"")","Providence, RI",Dunkin Donuts Center,12410,10022,NA,NA,Texas Tech,missed,Terrence Shannon Jr.,NA,TRUE,FALSE,Texas Tech,Texas Tech,FALSE
401372008,2021-12-01,Providence,Texas Tech,215,2,16:43,1003,1003,Adonis Arms Offensive Rebound.,34,33,1,5,0.46870774119676734,0.5426674551758812,4,4,-2.5,136.5,"c(""Brent Hampton"", "" Clarence Armstrong"", "" Jeffrey Anderson"")","Providence, RI",Dunkin Donuts Center,12410,10022,NA,NA,NA,NA,NA,NA,NA,NA,Texas Tech,Texas Tech,FALSE
401372008,2021-12-01,Providence,Texas Tech,216,2,16:43,1003,1003,Adonis Arms missed Layup.,34,33,1,0,0.46870774119676734,0.5426674551758812,4,4,-2.5,136.5,"c(""Brent Hampton"", "" Clarence Armstrong"", "" Jeffrey Anderson"")","Providence, RI",Dunkin Donuts Center,12410,10022,NA,NA,Texas Tech,missed,Adonis Arms,NA,FALSE,FALSE,Texas Tech,Texas Tech,FALSE
401372008,2021-12-01,Providence,Texas Tech,217,2,16:43,1003,1003,Adonis Arms Offensive Rebound.,34,33,1,0,0.46870774119676734,0.5426674551758812,4,4,-2.5,136.5,"c(""Brent Hampton"", "" Clarence Armstrong"", "" Jeffrey Anderson"")","Providence, RI",Dunkin Donuts Center,12410,10022,NA,NA,NA,NA,NA,NA,NA,NA,Texas Tech,Texas Tech,FALSE
401372008,2021-12-01,Providence,Texas Tech,218,2,16:43,1003,1003,Foul on Al Durham.,34,33,1,0,0.46870774119676734,0.5426674551758812,4,4,-2.5,136.5,"c(""Brent Hampton"", "" Clarence Armstrong"", "" Jeffrey Anderson"")","Providence, RI",Dunkin Donuts Center,12410,10022,NA,NA,NA,NA,NA,NA,NA,NA,Texas Tech,Texas Tech,FALSE
401372008,2021-12-01,Providence,Texas Tech,219,2,16:43,1003,1003,Adonis Arms missed Free Throw.,34,33,1,0,0.46870774119676734,0.5426674551758812,4,4,-2.5,136.5,"c(""Brent Hampton"", "" Clarence Armstrong"", "" Jeffrey Anderson"")","Providence, RI",Dunkin Donuts Center,12410,10022,NA,NA,Texas Tech,missed,Adonis Arms,NA,FALSE,TRUE,Texas Tech,Texas Tech,FALSE
401372008,2021-12-01,Providence,Texas Tech,220,2,16:43,1003,1003,Texas Tech Deadball Team Rebound.,34,33,1,0,0.46870774119676734,0.5426674551758812,4,4,-2.5,136.5,"c(""Brent Hampton"", "" Clarence Armstrong"", "" Jeffrey Anderson"")","Providence, RI",Dunkin Donuts Center,12410,10022,NA,NA,NA,NA,NA,NA,NA,NA,Texas Tech,Texas Tech,FALSE
401372008,2021-12-01,Providence,Texas Tech,221,2,16:43,1003,1003,Adonis Arms missed Free Throw.,34,33,1,0,0.46870774119676734,0.5426674551758812,4,4,-2.5,136.5,"c(""Brent Hampton"", "" Clarence Armstrong"", "" Jeffrey Anderson"")","Providence, RI",Dunkin Donuts Center,12410,10022,NA,NA,Texas Tech,missed,Adonis Arms,NA,FALSE,TRUE,Texas Tech,Texas Tech,FALSE
401372008,2021-12-01,Providence,Texas Tech,222,2,16:42,1002,1002,Al Durham Defensive Rebound.,34,33,1,1,0.4687581283612876,0.542693400459092,4,4,-2.5,136.5,"c(""Brent Hampton"", "" Clarence Armstrong"", "" Jeffrey Anderson"")","Providence, RI",Dunkin Donuts Center,12410,10022,NA,NA,NA,NA,NA,NA,NA,NA,Texas Tech,Providence,FALSE
401372008,2021-12-01,Providence,Texas Tech,223,2,16:21,981,981,Noah Horchler missed Layup.,34,33,1,21,0.46984391067278547,0.5432606161520097,4,4,-2.5,136.5,"c(""Brent Hampton"", "" Clarence Armstrong"", "" Jeffrey Anderson"")","Providence, RI",Dunkin Donuts Center,12410,10022,NA,NA,Providence,missed,Noah Horchler,NA,FALSE,FALSE,Providence,Providence,FALSE
401372008,2021-12-01,Providence,Texas Tech,224,2,16:19,979,979,Ed Croswell Offensive Rebound.,34,33,1,2,0.4699502281670969,0.5433169876677847,4,4,-2.5,136.5,"c(""Brent Hampton"", "" Clarence Armstrong"", "" Jeffrey Anderson"")","Providence, RI",Dunkin Donuts Center,12410,10022,NA,NA,NA,NA,NA,NA,NA,NA,Providence,Providence,FALSE
401372008,2021-12-01,Providence,Texas Tech,225,2,16:19,979,979,Ed Croswell made Layup.,36,33,3,0,0.5565230287053866,0.6274073299186723,4,4,-2.5,136.5,"c(""Brent Hampton"", "" Clarence Armstrong"", "" Jeffrey Anderson"")","Providence, RI",Dunkin Donuts Center,12410,10022,NA,NA,Providence,made,Ed Croswell,NA,FALSE,FALSE,Providence,Texas Tech,FALSE
401372008,2021-12-01,Providence,Texas Tech,226,2,16:00,960,960,Bryson Williams missed Three Point Jumper.,36,33,3,19,0.5586116811875933,0.6289425483603995,4,4,-2.5,136.5,"c(""Brent Hampton"", "" Clarence Armstrong"", "" Jeffrey Anderson"")","Providence, RI",Dunkin Donuts Center,12410,10022,NA,NA,Texas Tech,missed,Bryson Williams,NA,TRUE,FALSE,Texas Tech,Providence,FALSE
401372008,2021-12-01,Providence,Texas Tech,227,2,15:56,956,956,Al Durham Defensive Rebound.,36,33,3,4,0.5590330874918185,0.6292510705119942,4,4,-2.5,136.5,"c(""Brent Hampton"", "" Clarence Armstrong"", "" Jeffrey Anderson"")","Providence, RI",Dunkin Donuts Center,12410,10022,NA,NA,NA,NA,NA,NA,NA,NA,Texas Tech,Providence,FALSE
401372008,2021-12-01,Providence,Texas Tech,228,2,15:50,950,950,Al Durham made Layup.,38,33,5,6,0.64421315644849,0.7078351300838696,4,4,-2.5,136.5,"c(""Brent Hampton"", "" Clarence Armstrong"", "" Jeffrey Anderson"")","Providence, RI",Dunkin Donuts Center,12410,10022,NA,NA,Providence,made,Al Durham,NA,FALSE,FALSE,Providence,Texas Tech,FALSE
401372008,2021-12-01,Providence,Texas Tech,229,2,15:20,920,920,Adonis Arms missed Three Point Jumper.,38,33,5,30,0.6482159232302332,0.7108847344245103,4,4,-2.5,136.5,"c(""Brent Hampton"", "" Clarence Armstrong"", "" Jeffrey Anderson"")","Providence, RI",Dunkin Donuts Center,12410,10022,NA,NA,Texas Tech,missed,Adonis Arms,NA,TRUE,FALSE,Texas Tech,Texas Tech,FALSE
401372008,2021-12-01,Providence,Texas Tech,230,2,15:19,919,919,Texas Tech Deadball Team Rebound.,38,33,5,1,0.6483415033917898,0.7109799976040713,4,4,-2.5,136.5,"c(""Brent Hampton"", "" Clarence Armstrong"", "" Jeffrey Anderson"")","Providence, RI",Dunkin Donuts Center,12410,10022,NA,NA,NA,NA,NA,NA,NA,NA,Texas Tech,Providence,FALSE
401372008,2021-12-01,Providence,Texas Tech,231,2,15:19,919,919,Texas Tech  Turnover.,38,33,5,0,0.6483415033917898,0.7109799976040713,4,4,-2.5,136.5,"c(""Brent Hampton"", "" Clarence Armstrong"", "" Jeffrey Anderson"")","Providence, RI",Dunkin Donuts Center,12410,10022,NA,NA,NA,NA,NA,NA,NA,NA,Texas Tech,Providence,FALSE
401372008,2021-12-01,Providence,Texas Tech,232,2,15:19,919,919,Official TV Timeout,38,33,5,0,0.6483415033917898,0.7109799976040713,4,4,-2.5,136.5,"c(""Brent Hampton"", "" Clarence Armstrong"", "" Jeffrey Anderson"")","Providence, RI",Dunkin Donuts Center,12410,10022,NA,NA,NA,NA,NA,NA,NA,NA,Texas Tech,Providence,FALSE
401372008,2021-12-01,Providence,Texas Tech,233,2,14:55,895,895,Noah Horchler made Dunk. Assisted by Ed Croswell.,40,33,7,24,0.72888032287573,0.7816474209835094,4,4,-2.5,136.5,"c(""Brent Hampton"", "" Clarence Armstrong"", "" Jeffrey Anderson"")","Providence, RI",Dunkin Donuts Center,12410,10022,NA,NA,Providence,made,Noah Horchler,Ed Croswell,FALSE,FALSE,Providence,Texas Tech,FALSE
401372008,2021-12-01,Providence,Texas Tech,234,2,14:36,876,876,Terrence Shannon Jr. made Jumper.,40,35,5,19,0.6534989376451177,0.7148825842845851,4,4,-2.5,136.5,"c(""Brent Hampton"", "" Clarence Armstrong"", "" Jeffrey Anderson"")","Providence, RI",Dunkin Donuts Center,12410,10022,NA,NA,Texas Tech,made,Terrence Shannon Jr.,NA,FALSE,FALSE,Texas Tech,Providence,FALSE
401372008,2021-12-01,Providence,Texas Tech,235,2,14:05,845,845,A.J. Reeves Turnover.,40,35,5,31,0.6572085525680097,0.7176975157586105,4,4,-2.5,136.5,"c(""Brent Hampton"", "" Clarence Armstrong"", "" Jeffrey Anderson"")","Providence, RI",Dunkin Donuts Center,12410,10022,NA,NA,NA,NA,NA,NA,NA,NA,Providence,Texas Tech,FALSE
401372008,2021-12-01,Providence,Texas Tech,236,2,13:47,827,827,Mylik Wilson missed Layup.,40,35,5,18,0.6594918545740938,0.7194420186047851,4,4,-2.5,136.5,"c(""Brent Hampton"", "" Clarence Armstrong"", "" Jeffrey Anderson"")","Providence, RI",Dunkin Donuts Center,12410,10022,NA,NA,Texas Tech,missed,Mylik Wilson,NA,FALSE,FALSE,Texas Tech,Texas Tech,FALSE
401372008,2021-12-01,Providence,Texas Tech,237,2,13:47,827,827,A.J. Reeves Block.,40,35,5,0,0.6594918545740938,0.7194420186047851,4,4,-2.5,136.5,"c(""Brent Hampton"", "" Clarence Armstrong"", "" Jeffrey Anderson"")","Providence, RI",Dunkin Donuts Center,12410,10022,NA,NA,NA,NA,NA,NA,NA,NA,Texas Tech,Texas Tech,FALSE
401372008,2021-12-01,Providence,Texas Tech,238,2,13:41,821,821,Marcus Santos-Silva Offensive Rebound.,40,35,5,6,0.6602867866612604,0.720051948325435,4,4,-2.5,136.5,"c(""Brent Hampton"", "" Clarence Armstrong"", "" Jeffrey Anderson"")","Providence, RI",Dunkin Donuts Center,12410,10022,NA,NA,NA,NA,NA,NA,NA,NA,Texas Tech,Texas Tech,FALSE
401372008,2021-12-01,Providence,Texas Tech,239,2,13:41,821,821,Marcus Santos-Silva made Layup.,40,37,3,0,0.5711843174339384,0.6380317583099584,4,4,-2.5,136.5,"c(""Brent Hampton"", "" Clarence Armstrong"", "" Jeffrey Anderson"")","Providence, RI",Dunkin Donuts Center,12410,10022,NA,NA,Texas Tech,made,Marcus Santos-Silva,NA,FALSE,FALSE,Texas Tech,Providence,FALSE
401372008,2021-12-01,Providence,Texas Tech,240,2,13:31,811,811,Al Durham made Jumper.,42,37,5,10,0.661657877206995,0.7211071574703265,4,4,-2.5,136.5,"c(""Brent Hampton"", "" Clarence Armstrong"", "" Jeffrey Anderson"")","Providence, RI",Dunkin Donuts Center,12410,10022,NA,NA,Providence,made,Al Durham,NA,FALSE,FALSE,Providence,Texas Tech,FALSE
401372008,2021-12-01,Providence,Texas Tech,241,2,13:09,789,789,Bryson Williams missed Layup.,42,37,5,22,0.6649193223003951,0.7236329157506778,4,4,-2.5,136.5,"c(""Brent Hampton"", "" Clarence Armstrong"", "" Jeffrey Anderson"")","Providence, RI",Dunkin Donuts Center,12410,10022,NA,NA,Texas Tech,missed,Bryson Williams,NA,FALSE,FALSE,Texas Tech,Texas Tech,FALSE
401372008,2021-12-01,Providence,Texas Tech,242,2,13:05,785,785,Mylik Wilson Offensive Rebound.,42,37,5,4,0.6655542825469136,0.724127041267177,4,4,-2.5,136.5,"c(""Brent Hampton"", "" Clarence Armstrong"", "" Jeffrey Anderson"")","Providence, RI",Dunkin Donuts Center,12410,10022,NA,NA,NA,NA,NA,NA,NA,NA,Texas Tech,Texas Tech,FALSE
401372008,2021-12-01,Providence,Texas Tech,243,2,13:02,782,782,Bryson Williams missed Layup.,42,37,5,3,0.6660399039349445,0.7245054374349844,4,4,-2.5,136.5,"c(""Brent Hampton"", "" Clarence Armstrong"", "" Jeffrey Anderson"")","Providence, RI",Dunkin Donuts Center,12410,10022,NA,NA,Texas Tech,missed,Bryson Williams,NA,FALSE,FALSE,Texas Tech,Providence,FALSE
401372008,2021-12-01,Providence,Texas Tech,244,2,12:59,779,779,Ed Croswell Defensive Rebound.,42,37,5,3,0.6665338540815372,0.7248907412963657,4,4,-2.5,136.5,"c(""Brent Hampton"", "" Clarence Armstrong"", "" Jeffrey Anderson"")","Providence, RI",Dunkin Donuts Center,12410,10022,NA,NA,NA,NA,NA,NA,NA,NA,Texas Tech,Providence,FALSE
401372008,2021-12-01,Providence,Texas Tech,245,2,12:51,771,771,Foul on Marcus Santos-Silva.,42,37,5,8,0.6678936111637352,0.725953483644192,4,4,-2.5,136.5,"c(""Brent Hampton"", "" Clarence Armstrong"", "" Jeffrey Anderson"")","Providence, RI",Dunkin Donuts Center,12410,10022,NA,NA,NA,NA,NA,NA,NA,NA,Providence,Providence,FALSE
401372008,2021-12-01,Providence,Texas Tech,246,2,12:51,771,771,Al Durham made Free Throw.,43,37,6,0,0.7096142181431925,0.7629688607570194,4,4,-2.5,136.5,"c(""Brent Hampton"", "" Clarence Armstrong"", "" Jeffrey Anderson"")","Providence, RI",Dunkin Donuts Center,12410,10022,NA,NA,Providence,made,Al Durham,NA,FALSE,TRUE,Providence,Providence,FALSE
401372008,2021-12-01,Providence,Texas Tech,247,2,12:51,771,771,Al Durham made Free Throw.,44,37,7,0,0.748070655333326,0.7963868699619404,4,4,-2.5,136.5,"c(""Brent Hampton"", "" Clarence Armstrong"", "" Jeffrey Anderson"")","Providence, RI",Dunkin Donuts Center,12410,10022,NA,NA,Providence,made,Al Durham,NA,FALSE,TRUE,Providence,Texas Tech,FALSE
401372008,2021-12-01,Providence,Texas Tech,248,2,12:27,747,747,Marcus Santos-Silva made Layup. Assisted by Mylik Wilson.,44,39,5,24,0.6723836986912487,0.7294814297973601,4,4,-2.5,136.5,"c(""Brent Hampton"", "" Clarence Armstrong"", "" Jeffrey Anderson"")","Providence, RI",Dunkin Donuts Center,12410,10022,NA,NA,Texas Tech,made,Marcus Santos-Silva,Mylik Wilson,FALSE,FALSE,Texas Tech,Providence,FALSE
401372008,2021-12-01,Providence,Texas Tech,249,2,12:03,723,723,Alyn Breed made Three Point Jumper. Assisted by Justin Minaya.,47,39,8,24,0.7941134486459177,0.8348185085366834,4,4,-2.5,136.5,"c(""Brent Hampton"", "" Clarence Armstrong"", "" Jeffrey Anderson"")","Providence, RI",Dunkin Donuts Center,12410,10022,NA,NA,Providence,made,Alyn Breed,Justin Minaya,TRUE,FALSE,Providence,Texas Tech,FALSE
401372008,2021-12-01,Providence,Texas Tech,250,2,11:41,701,701,Terrence Shannon Jr. made Layup.,47,41,6,22,0.7247679727243483,0.7748727226161987,4,4,-2.5,136.5,"c(""Brent Hampton"", "" Clarence Armstrong"", "" Jeffrey Anderson"")","Providence, RI",Dunkin Donuts Center,12410,10022,NA,NA,Texas Tech,made,Terrence Shannon Jr.,NA,FALSE,FALSE,Texas Tech,Providence,FALSE
401372008,2021-12-01,Providence,Texas Tech,251,2,11:41,701,701,Texas Tech  Timeout,47,41,6,0,0.7247679727243483,0.7748727226161987,4,3,-2.5,136.5,"c(""Brent Hampton"", "" Clarence Armstrong"", "" Jeffrey Anderson"")","Providence, RI",Dunkin Donuts Center,12410,10022,NA,NA,NA,NA,NA,NA,NA,NA,Texas Tech,Providence,FALSE
401372008,2021-12-01,Providence,Texas Tech,252,2,11:41,701,701,Official TV Timeout,47,41,6,0,0.7247679727243483,0.7748727226161987,4,3,-2.5,136.5,"c(""Brent Hampton"", "" Clarence Armstrong"", "" Jeffrey Anderson"")","Providence, RI",Dunkin Donuts Center,12410,10022,NA,NA,NA,NA,NA,NA,NA,NA,Texas Tech,Providence,FALSE
401372008,2021-12-01,Providence,Texas Tech,253,2,11:25,685,685,Noah Horchler missed Layup.,47,41,6,16,0.7278308483187256,0.7772471925853658,4,3,-2.5,136.5,"c(""Brent Hampton"", "" Clarence Armstrong"", "" Jeffrey Anderson"")","Providence, RI",Dunkin Donuts Center,12410,10022,NA,NA,Providence,missed,Noah Horchler,NA,FALSE,FALSE,Providence,Providence,FALSE
401372008,2021-12-01,Providence,Texas Tech,254,2,11:22,682,682,Justin Minaya Offensive Rebound.,47,41,6,3,0.7283838115352863,0.7776743338735042,4,3,-2.5,136.5,"c(""Brent Hampton"", "" Clarence Armstrong"", "" Jeffrey Anderson"")","Providence, RI",Dunkin Donuts Center,12410,10022,NA,NA,NA,NA,NA,NA,NA,NA,Providence,Providence,FALSE
401372008,2021-12-01,Providence,Texas Tech,255,2,11:22,682,682,Justin Minaya missed Layup.,47,41,6,0,0.7283838115352863,0.7776743338735042,4,3,-2.5,136.5,"c(""Brent Hampton"", "" Clarence Armstrong"", "" Jeffrey Anderson"")","Providence, RI",Dunkin Donuts Center,12410,10022,NA,NA,Providence,missed,Justin Minaya,NA,FALSE,FALSE,Providence,Texas Tech,FALSE
401372008,2021-12-01,Providence,Texas Tech,256,2,11:21,681,681,Terrence Shannon Jr. Defensive Rebound.,47,41,6,1,0.7285670108753508,0.7778157612021708,4,3,-2.5,136.5,"c(""Brent Hampton"", "" Clarence Armstrong"", "" Jeffrey Anderson"")","Providence, RI",Dunkin Donuts Center,12410,10022,NA,NA,NA,NA,NA,NA,NA,NA,Providence,Texas Tech,FALSE
401372008,2021-12-01,Providence,Texas Tech,257,2,11:09,669,669,Terrence Shannon Jr. Turnover.,47,41,6,12,0.7307331910480084,0.7794854040509094,4,3,-2.5,136.5,"c(""Brent Hampton"", "" Clarence Armstrong"", "" Jeffrey Anderson"")","Providence, RI",Dunkin Donuts Center,12410,10022,NA,NA,NA,NA,NA,NA,NA,NA,Texas Tech,Providence,FALSE
401372008,2021-12-01,Providence,Texas Tech,258,2,11:09,669,669,Official TV Timeout,47,41,6,0,0.7307331910480084,0.7794854040509094,4,3,-2.5,136.5,"c(""Brent Hampton"", "" Clarence Armstrong"", "" Jeffrey Anderson"")","Providence, RI",Dunkin Donuts Center,12410,10022,NA,NA,NA,NA,NA,NA,NA,NA,Texas Tech,Providence,FALSE
401372008,2021-12-01,Providence,Texas Tech,259,2,10:44,644,644,Al Durham Turnover.,47,41,6,25,0.7352147597172728,0.7829347722573559,4,3,-2.5,136.5,"c(""Brent Hampton"", "" Clarence Armstrong"", "" Jeffrey Anderson"")","Providence, RI",Dunkin Donuts Center,12410,10022,NA,NA,NA,NA,NA,NA,NA,NA,Providence,Texas Tech,FALSE
401372008,2021-12-01,Providence,Texas Tech,260,2,10:25,625,625,Mylik Wilson missed Three Point Jumper.,47,41,6,19,0.7387999755329304,0.7857037869954853,4,3,-2.5,136.5,"c(""Brent Hampton"", "" Clarence Armstrong"", "" Jeffrey Anderson"")","Providence, RI",Dunkin Donuts Center,12410,10022,NA,NA,Texas Tech,missed,Mylik Wilson,NA,TRUE,FALSE,Texas Tech,Texas Tech,FALSE
401372008,2021-12-01,Providence,Texas Tech,261,2,10:24,624,624,Texas Tech Offensive Rebound.,47,41,6,1,0.7389968429461072,0.7858563003912632,4,3,-2.5,136.5,"c(""Brent Hampton"", "" Clarence Armstrong"", "" Jeffrey Anderson"")","Providence, RI",Dunkin Donuts Center,12410,10022,NA,NA,NA,NA,NA,NA,NA,NA,Texas Tech,Texas Tech,FALSE
401372008,2021-12-01,Providence,Texas Tech,262,2,10:24,624,624,Foul on Ed Croswell.,47,41,6,0,0.7389968429461072,0.7858563003912632,4,3,-2.5,136.5,"c(""Brent Hampton"", "" Clarence Armstrong"", "" Jeffrey Anderson"")","Providence, RI",Dunkin Donuts Center,12410,10022,NA,NA,NA,NA,NA,NA,NA,NA,Texas Tech,Texas Tech,FALSE
401372008,2021-12-01,Providence,Texas Tech,263,2,10:19,619,619,Kevin Obanor made Three Point Jumper. Assisted by Terrence Shannon Jr..,47,44,3,5,0.597144394866577,0.65754435506804,4,3,-2.5,136.5,"c(""Brent Hampton"", "" Clarence Armstrong"", "" Jeffrey Anderson"")","Providence, RI",Dunkin Donuts Center,12410,10022,NA,NA,Texas Tech,made,Kevin Obanor,Terrence Shannon Jr,TRUE,FALSE,Texas Tech,Providence,FALSE
401372008,2021-12-01,Providence,Texas Tech,264,2,9:57,597,597,Foul on Terrence Shannon Jr..,47,44,3,22,0.600458138353914,0.6600523594142657,4,3,-2.5,136.5,"c(""Brent Hampton"", "" Clarence Armstrong"", "" Jeffrey Anderson"")","Providence, RI",Dunkin Donuts Center,12410,10022,NA,NA,NA,NA,NA,NA,NA,NA,Providence,Providence,FALSE
401372008,2021-12-01,Providence,Texas Tech,265,2,9:54,594,594,Alyn Breed missed Three Point Jumper.,47,44,3,3,0.6009493409034515,0.6604277679311653,4,3,-2.5,136.5,"c(""Brent Hampton"", "" Clarence Armstrong"", "" Jeffrey Anderson"")","Providence, RI",Dunkin Donuts Center,12410,10022,NA,NA,Providence,missed,Alyn Breed,NA,TRUE,FALSE,Providence,Texas Tech,FALSE
401372008,2021-12-01,Providence,Texas Tech,266,2,9:49,589,589,Mylik Wilson Defensive Rebound.,47,44,3,5,0.6017923398213451,0.6610741322330017,4,3,-2.5,136.5,"c(""Brent Hampton"", "" Clarence Armstrong"", "" Jeffrey Anderson"")","Providence, RI",Dunkin Donuts Center,12410,10022,NA,NA,NA,NA,NA,NA,NA,NA,Providence,Texas Tech,FALSE
401372008,2021-12-01,Providence,Texas Tech,267,2,9:45,585,585,Daniel Batcho missed Dunk.,47,44,3,4,0.60248983241110865,0.6616108610052889,4,3,-2.5,136.5,"c(""Brent Hampton"", "" Clarence Armstrong"", "" Jeffrey Anderson"")","Providence, RI",Dunkin Donuts Center,12410,10022,NA,NA,Texas Tech,missed,Daniel Batcho,NA,FALSE,FALSE,Texas Tech,Providence,FALSE
401372008,2021-12-01,Providence,Texas Tech,268,2,9:42,582,582,Alyn Breed Defensive Rebound.,47,44,3,3,0.603027119480763,0.6620254562649761,4,3,-2.5,136.5,"c(""Brent Hampton"", "" Clarence Armstrong"", "" Jeffrey Anderson"")","Providence, RI",Dunkin Donuts Center,12410,10022,NA,NA,NA,NA,NA,NA,NA,NA,Texas Tech,Providence,FALSE
401372008,2021-12-01,Providence,Texas Tech,269,2,9:41,581,581,Foul on Davion Warren.,47,44,3,1,0.6032090019098229,0.6621660247296364,4,3,-2.5,136.5,"c(""Brent Hampton"", "" Clarence Armstrong"", "" Jeffrey Anderson"")","Providence, RI",Dunkin Donuts Center,12410,10022,NA,NA,NA,NA,NA,NA,NA,NA,Providence,Providence,FALSE
401372008,2021-12-01,Providence,Texas Tech,270,2,9:41,581,581,Alyn Breed made Free Throw.,48,44,4,0,0.6554707373377961,0.7103906984680445,4,3,-2.5,136.5,"c(""Brent Hampton"", "" Clarence Armstrong"", "" Jeffrey Anderson"")","Providence, RI",Dunkin Donuts Center,12410,10022,NA,NA,Providence,made,Alyn Breed,NA,FALSE,TRUE,Providence,Providence,FALSE
401372008,2021-12-01,Providence,Texas Tech,271,2,9:41,581,581,Alyn Breed made Free Throw.,49,44,5,0,0.7042242363779612,0.7542859168053306,4,3,-2.5,136.5,"c(""Brent Hampton"", "" Clarence Armstrong"", "" Jeffrey Anderson"")","Providence, RI",Dunkin Donuts Center,12410,10022,NA,NA,Providence,made,Alyn Breed,NA,FALSE,TRUE,Providence,Texas Tech,FALSE
401372008,2021-12-01,Providence,Texas Tech,272,2,9:26,566,566,Davion Warren made Layup.,49,46,3,15,0.6061169218978971,0.6644273631690184,4,3,-2.5,136.5,"c(""Brent Hampton"", "" Clarence Armstrong"", "" Jeffrey Anderson"")","Providence, RI",Dunkin Donuts Center,12410,10022,NA,NA,Texas Tech,made,Davion Warren,NA,FALSE,FALSE,Texas Tech,Providence,FALSE
401372008,2021-12-01,Providence,Texas Tech,273,2,9:10,550,550,Noah Horchler Turnover.,49,46,3,16,0.6096329960505233,0.6671916735050802,4,3,-2.5,136.5,"c(""Brent Hampton"", "" Clarence Armstrong"", "" Jeffrey Anderson"")","Providence, RI",Dunkin Donuts Center,12410,10022,NA,NA,NA,NA,NA,NA,NA,NA,Providence,Texas Tech,FALSE
401372008,2021-12-01,Providence,Texas Tech,274,2,9:10,550,550,Davion Warren Steal.,49,46,3,0,0.6096329960505233,0.6671916735050802,4,3,-2.5,136.5,"c(""Brent Hampton"", "" Clarence Armstrong"", "" Jeffrey Anderson"")","Providence, RI",Dunkin Donuts Center,12410,10022,NA,NA,NA,NA,NA,NA,NA,NA,Providence,Texas Tech,FALSE
401372008,2021-12-01,Providence,Texas Tech,275,2,9:05,545,545,Foul on Noah Horchler.,49,46,3,5,0.6107726235118528,0.6680891007485259,4,3,-2.5,136.5,"c(""Brent Hampton"", "" Clarence Armstrong"", "" Jeffrey Anderson"")","Providence, RI",Dunkin Donuts Center,12410,10022,NA,NA,NA,NA,NA,NA,NA,NA,Texas Tech,Texas Tech,FALSE
401372008,2021-12-01,Providence,Texas Tech,276,2,9:05,545,545,Davion Warren made Free Throw.,49,47,2,0,0.5541310326414798,0.6145242237215509,4,3,-2.5,136.5,"c(""Brent Hampton"", "" Clarence Armstrong"", "" Jeffrey Anderson"")","Providence, RI",Dunkin Donuts Center,12410,10022,NA,NA,Texas Tech,made,Davion Warren,NA,FALSE,TRUE,Texas Tech,Texas Tech,FALSE
401372008,2021-12-01,Providence,Texas Tech,277,2,9:05,545,545,Davion Warren made Free Throw.,49,48,1,0,0.49604784951508274,0.5580335217556641,4,3,-2.5,136.5,"c(""Brent Hampton"", "" Clarence Armstrong"", "" Jeffrey Anderson"")","Providence, RI",Dunkin Donuts Center,12410,10022,NA,NA,Texas Tech,made,Davion Warren,NA,FALSE,TRUE,Texas Tech,Providence,FALSE
401372008,2021-12-01,Providence,Texas Tech,278,2,8:44,524,524,Al Durham missed Jumper.,49,48,1,21,0.4980315844270337,0.5592470702258858,4,3,-2.5,136.5,"c(""Brent Hampton"", "" Clarence Armstrong"", "" Jeffrey Anderson"")","Providence, RI",Dunkin Donuts Center,12410,10022,NA,NA,Providence,missed,Al Durham,NA,FALSE,FALSE,Providence,Texas Tech,FALSE
401372008,2021-12-01,Providence,Texas Tech,279,2,8:40,520,520,Adonis Arms Defensive Rebound.,49,48,1,4,0.49838160975939305,0.5594543781978267,4,3,-2.5,136.5,"c(""Brent Hampton"", "" Clarence Armstrong"", "" Jeffrey Anderson"")","Providence, RI",Dunkin Donuts Center,12410,10022,NA,NA,NA,NA,NA,NA,NA,NA,Providence,Texas Tech,FALSE
401372008,2021-12-01,Providence,Texas Tech,280,2,8:32,512,512,Kevin Obanor missed Three Point Jumper.,49,48,1,8,0.49906731464203963,0.5598563087008338,4,3,-2.5,136.5,"c(""Brent Hampton"", "" Clarence Armstrong"", "" Jeffrey Anderson"")","Providence, RI",Dunkin Donuts Center,12410,10022,NA,NA,Texas Tech,missed,Kevin Obanor,NA,TRUE,FALSE,Texas Tech,Providence,FALSE
401372008,2021-12-01,Providence,Texas Tech,281,2,8:29,509,509,A.J. Reeves Defensive Rebound.,49,48,1,3,0.4993214556221112,0.5600042650063819,4,3,-2.5,136.5,"c(""Brent Hampton"", "" Clarence Armstrong"", "" Jeffrey Anderson"")","Providence, RI",Dunkin Donuts Center,12410,10022,NA,NA,NA,NA,NA,NA,NA,NA,Texas Tech,Providence,FALSE
401372008,2021-12-01,Providence,Texas Tech,282,2,8:16,496,496,Al Durham made Layup.,51,48,3,13,0.6199287172143788,0.6750967438737969,4,3,-2.5,136.5,"c(""Brent Hampton"", "" Clarence Armstrong"", "" Jeffrey Anderson"")","Providence, RI",Dunkin Donuts Center,12410,10022,NA,NA,Providence,made,Al Durham,NA,FALSE,FALSE,Providence,Texas Tech,FALSE
401372008,2021-12-01,Providence,Texas Tech,283,2,8:04,484,484,Kevin Obanor made Three Point Jumper. Assisted by Davion Warren.,51,51,0,12,0.4401929585085902,0.5,4,3,-2.5,136.5,"c(""Brent Hampton"", "" Clarence Armstrong"", "" Jeffrey Anderson"")","Providence, RI",Dunkin Donuts Center,12410,10022,NA,NA,Texas Tech,made,Kevin Obanor,Davion Warren,TRUE,FALSE,Texas Tech,Providence,FALSE
401372008,2021-12-01,Providence,Texas Tech,284,2,7:43,463,463,Al Durham Turnover.,51,51,0,21,0.4409666083054593,0.5,4,3,-2.5,136.5,"c(""Brent Hampton"", "" Clarence Armstrong"", "" Jeffrey Anderson"")","Providence, RI",Dunkin Donuts Center,12410,10022,NA,NA,NA,NA,NA,NA,NA,NA,Providence,Texas Tech,FALSE
401372008,2021-12-01,Providence,Texas Tech,285,2,7:43,463,463,Mylik Wilson Steal.,51,51,0,0,0.4409666083054593,0.5,4,3,-2.5,136.5,"c(""Brent Hampton"", "" Clarence Armstrong"", "" Jeffrey Anderson"")","Providence, RI",Dunkin Donuts Center,12410,10022,NA,NA,NA,NA,NA,NA,NA,NA,Providence,Texas Tech,FALSE
401372008,2021-12-01,Providence,Texas Tech,286,2,7:40,460,460,Mylik Wilson made Dunk.,51,53,-2,3,0.32278334231358574,0.37654446961775334,4,3,-2.5,136.5,"c(""Brent Hampton"", "" Clarence Armstrong"", "" Jeffrey Anderson"")","Providence, RI",Dunkin Donuts Center,12410,10022,NA,NA,Texas Tech,made,Mylik Wilson,NA,FALSE,FALSE,Texas Tech,Providence,FALSE
401372008,2021-12-01,Providence,Texas Tech,287,2,7:40,460,460,Providence  Timeout,51,53,-2,0,0.32278334231358574,0.37654446961775334,3,3,-2.5,136.5,"c(""Brent Hampton"", "" Clarence Armstrong"", "" Jeffrey Anderson"")","Providence, RI",Dunkin Donuts Center,12410,10022,NA,NA,NA,NA,NA,NA,NA,NA,Texas Tech,Providence,FALSE
401372008,2021-12-01,Providence,Texas Tech,288,2,7:40,460,460,Official TV Timeout,51,53,-2,0,0.32278334231358574,0.37654446961775334,3,3,-2.5,136.5,"c(""Brent Hampton"", "" Clarence Armstrong"", "" Jeffrey Anderson"")","Providence, RI",Dunkin Donuts Center,12410,10022,NA,NA,NA,NA,NA,NA,NA,NA,Texas Tech,Providence,FALSE
401372008,2021-12-01,Providence,Texas Tech,289,2,7:29,449,449,Providence  Turnover.,51,53,-2,11,0.32173644449881267,0.3749998596063457,3,3,-2.5,136.5,"c(""Brent Hampton"", "" Clarence Armstrong"", "" Jeffrey Anderson"")","Providence, RI",Dunkin Donuts Center,12410,10022,NA,NA,NA,NA,NA,NA,NA,NA,Providence,Texas Tech,FALSE
401372008,2021-12-01,Providence,Texas Tech,290,2,7:10,430,430,Adonis Arms missed Jumper.,51,53,-2,19,0.3194239799507486,0.37172589635786507,3,3,-2.5,136.5,"c(""Brent Hampton"", "" Clarence Armstrong"", "" Jeffrey Anderson"")","Providence, RI",Dunkin Donuts Center,12410,10022,NA,NA,Texas Tech,missed,Adonis Arms,NA,FALSE,FALSE,Texas Tech,Texas Tech,FALSE
401372008,2021-12-01,Providence,Texas Tech,291,2,7:07,427,427,Adonis Arms Offensive Rebound.,51,53,-2,3,0.3190071892994697,0.3711453161989433,3,3,-2.5,136.5,"c(""Brent Hampton"", "" Clarence Armstrong"", "" Jeffrey Anderson"")","Providence, RI",Dunkin Donuts Center,12410,10022,NA,NA,NA,NA,NA,NA,NA,NA,Texas Tech,Texas Tech,FALSE
401372008,2021-12-01,Providence,Texas Tech,292,2,7:07,427,427,Foul on Justin Minaya.,51,53,-2,0,0.3190071892994697,0.3711453161989433,3,3,-2.5,136.5,"c(""Brent Hampton"", "" Clarence Armstrong"", "" Jeffrey Anderson"")","Providence, RI",Dunkin Donuts Center,12410,10022,NA,NA,NA,NA,NA,NA,NA,NA,Texas Tech,Texas Tech,FALSE
401372008,2021-12-01,Providence,Texas Tech,293,2,7:07,427,427,Adonis Arms made Free Throw.,51,54,-3,0,0.2646396865575175,0.31196262034174066,3,3,-2.5,136.5,"c(""Brent Hampton"", "" Clarence Armstrong"", "" Jeffrey Anderson"")","Providence, RI",Dunkin Donuts Center,12410,10022,NA,NA,Texas Tech,made,Adonis Arms,NA,FALSE,TRUE,Texas Tech,Texas Tech,FALSE
401372008,2021-12-01,Providence,Texas Tech,294,2,7:06,426,426,Adonis Arms missed Free Throw.,51,54,-3,1,0.26443858955266536,0.31169983128211964,3,3,-2.5,136.5,"c(""Brent Hampton"", "" Clarence Armstrong"", "" Jeffrey Anderson"")","Providence, RI",Dunkin Donuts Center,12410,10022,NA,NA,Texas Tech,missed,Adonis Arms,NA,FALSE,TRUE,Texas Tech,Providence,FALSE
401372008,2021-12-01,Providence,Texas Tech,295,2,7:05,425,425,Al Durham Defensive Rebound.,51,54,-3,1,0.26423945044597,0.3114390678929164,3,3,-2.5,136.5,"c(""Brent Hampton"", "" Clarence Armstrong"", "" Jeffrey Anderson"")","Providence, RI",Dunkin Donuts Center,12410,10022,NA,NA,NA,NA,NA,NA,NA,NA,Texas Tech,Providence,FALSE
401372008,2021-12-01,Providence,Texas Tech,296,2,6:50,410,410,Alyn Breed missed Jumper.,51,54,-3,15,0.2614457665525637,0.3077252204055627,3,3,-2.5,136.5,"c(""Brent Hampton"", "" Clarence Armstrong"", "" Jeffrey Anderson"")","Providence, RI",Dunkin Donuts Center,12410,10022,NA,NA,Providence,missed,Alyn Breed,NA,FALSE,FALSE,Providence,Texas Tech,FALSE
401372008,2021-12-01,Providence,Texas Tech,297,2,6:48,408,408,Texas Tech Defensive Rebound.,51,54,-3,2,0.26109450173383375,0.30725127249900613,3,3,-2.5,136.5,"c(""Brent Hampton"", "" Clarence Armstrong"", "" Jeffrey Anderson"")","Providence, RI",Dunkin Donuts Center,12410,10022,NA,NA,NA,NA,NA,NA,NA,NA,Providence,Texas Tech,FALSE
401372008,2021-12-01,Providence,Texas Tech,298,2,6:40,400,400,Kevin Obanor Turnover.,51,54,-3,8,0.25971946147280905,0.3053835924026745,3,3,-2.5,136.5,"c(""Brent Hampton"", "" Clarence Armstrong"", "" Jeffrey Anderson"")","Providence, RI",Dunkin Donuts Center,12410,10022,NA,NA,NA,NA,NA,NA,NA,NA,Texas Tech,Providence,FALSE
401372008,2021-12-01,Providence,Texas Tech,299,2,6:26,386,386,Foul on Adonis Arms.,51,54,-3,14,0.2573563211995149,0.30214397483472033,3,3,-2.5,136.5,"c(""Brent Hampton"", "" Clarence Armstrong"", "" Jeffrey Anderson"")","Providence, RI",Dunkin Donuts Center,12410,10022,NA,NA,NA,NA,NA,NA,NA,NA,Providence,Providence,FALSE
401372008,2021-12-01,Providence,Texas Tech,300,2,6:26,386,386,Al Durham made Free Throw.,52,54,-2,0,0.31416507947106725,0.363993498061385,3,3,-2.5,136.5,"c(""Brent Hampton"", "" Clarence Armstrong"", "" Jeffrey Anderson"")","Providence, RI",Dunkin Donuts Center,12410,10022,NA,NA,Providence,made,Al Durham,NA,FALSE,TRUE,Providence,Providence,FALSE
401372008,2021-12-01,Providence,Texas Tech,301,2,6:26,386,386,Al Durham missed Free Throw.,52,54,-2,0,0.31416507947106725,0.363993498061385,3,3,-2.5,136.5,"c(""Brent Hampton"", "" Clarence Armstrong"", "" Jeffrey Anderson"")","Providence, RI",Dunkin Donuts Center,12410,10022,NA,NA,Providence,missed,Al Durham,NA,FALSE,TRUE,Providence,Providence,FALSE
401372008,2021-12-01,Providence,Texas Tech,302,2,6:26,386,386,Providence Deadball Team Rebound.,52,54,-2,0,0.31416507947106725,0.363993498061385,3,3,-2.5,136.5,"c(""Brent Hampton"", "" Clarence Armstrong"", "" Jeffrey Anderson"")","Providence, RI",Dunkin Donuts Center,12410,10022,NA,NA,NA,NA,NA,NA,NA,NA,Providence,Providence,FALSE
401372008,2021-12-01,Providence,Texas Tech,303,2,6:26,386,386,Al Durham made Free Throw.,53,54,-1,0,0.3771454766668995,0.43069003352664775,3,3,-2.5,136.5,"c(""Brent Hampton"", "" Clarence Armstrong"", "" Jeffrey Anderson"")","Providence, RI",Dunkin Donuts Center,12410,10022,NA,NA,Providence,made,Al Durham,NA,FALSE,TRUE,Providence,Texas Tech,FALSE
401372008,2021-12-01,Providence,Texas Tech,304,2,5:59,359,359,Bryson Williams made Layup.,53,56,-3,27,0.25243446790264534,0.29543002376990546,3,3,-2.5,136.5,"c(""Brent Hampton"", "" Clarence Armstrong"", "" Jeffrey Anderson"")","Providence, RI",Dunkin Donuts Center,12410,10022,NA,NA,Texas Tech,made,Bryson Williams,NA,FALSE,FALSE,Texas Tech,Providence,FALSE
401372008,2021-12-01,Providence,Texas Tech,305,2,5:32,332,332,A.J. Reeves made Three Point Jumper. Assisted by Justin Minaya.,56,56,0,27,0.4477129663755115,0.5,3,3,-2.5,136.5,"c(""Brent Hampton"", "" Clarence Armstrong"", "" Jeffrey Anderson"")","Providence, RI",Dunkin Donuts Center,12410,10022,NA,NA,Providence,made,A.J. Reeves,Justin Minaya,TRUE,FALSE,Providence,Texas Tech,FALSE
401372008,2021-12-01,Providence,Texas Tech,306,2,5:14,314,314,Foul on Justin Minaya.,56,56,0,18,0.4488637911346843,0.5,3,3,-2.5,136.5,"c(""Brent Hampton"", "" Clarence Armstrong"", "" Jeffrey Anderson"")","Providence, RI",Dunkin Donuts Center,12410,10022,NA,NA,NA,NA,NA,NA,NA,NA,Texas Tech,Texas Tech,FALSE
401372008,2021-12-01,Providence,Texas Tech,307,2,5:14,314,314,Kevin McCullar missed Free Throw.,56,56,0,0,0.4488637911346843,0.5,3,3,-2.5,136.5,"c(""Brent Hampton"", "" Clarence Armstrong"", "" Jeffrey Anderson"")","Providence, RI",Dunkin Donuts Center,12410,10022,NA,NA,Texas Tech,missed,Kevin McCullar,NA,FALSE,TRUE,Texas Tech,Texas Tech,FALSE
401372008,2021-12-01,Providence,Texas Tech,308,2,5:14,314,314,Texas Tech Deadball Team Rebound.,56,56,0,0,0.4488637911346843,0.5,3,3,-2.5,136.5,"c(""Brent Hampton"", "" Clarence Armstrong"", "" Jeffrey Anderson"")","Providence, RI",Dunkin Donuts Center,12410,10022,NA,NA,NA,NA,NA,NA,NA,NA,Texas Tech,Texas Tech,FALSE
401372008,2021-12-01,Providence,Texas Tech,309,2,5:14,314,314,Kevin McCullar made Free Throw.,56,57,-1,0,0.37287350849538964,0.42198098362828096,3,3,-2.5,136.5,"c(""Brent Hampton"", "" Clarence Armstrong"", "" Jeffrey Anderson"")","Providence, RI",Dunkin Donuts Center,12410,10022,NA,NA,Texas Tech,made,Kevin McCullar,NA,FALSE,TRUE,Texas Tech,Providence,FALSE
401372008,2021-12-01,Providence,Texas Tech,310,2,5:07,307,307,Foul on Bryson Williams.,56,57,-1,7,0.37215604559411947,0.4207794554872231,3,3,-2.5,136.5,"c(""Brent Hampton"", "" Clarence Armstrong"", "" Jeffrey Anderson"")","Providence, RI",Dunkin Donuts Center,12410,10022,NA,NA,NA,NA,NA,NA,NA,NA,Providence,Providence,FALSE
401372008,2021-12-01,Providence,Texas Tech,311,2,5:07,307,307,Al Durham made Free Throw.,57,57,0,0,0.4493236152289047,0.5,3,3,-2.5,136.5,"c(""Brent Hampton"", "" Clarence Armstrong"", "" Jeffrey Anderson"")","Providence, RI",Dunkin Donuts Center,12410,10022,NA,NA,Providence,made,Al Durham,NA,FALSE,TRUE,Providence,Providence,FALSE
401372008,2021-12-01,Providence,Texas Tech,312,2,5:07,307,307,Al Durham made Free Throw.,58,57,1,0,0.5290100154261114,0.5792205445127769,3,3,-2.5,136.5,"c(""Brent Hampton"", "" Clarence Armstrong"", "" Jeffrey Anderson"")","Providence, RI",Dunkin Donuts Center,12410,10022,NA,NA,Providence,made,Al Durham,NA,FALSE,TRUE,Providence,Texas Tech,FALSE
401372008,2021-12-01,Providence,Texas Tech,313,2,4:48,288,288,Bryson Williams Turnover.,58,57,1,19,0.531568373481289,0.5805080101837101,3,3,-2.5,136.5,"c(""Brent Hampton"", "" Clarence Armstrong"", "" Jeffrey Anderson"")","Providence, RI",Dunkin Donuts Center,12410,10022,NA,NA,NA,NA,NA,NA,NA,NA,Texas Tech,Providence,FALSE
401372008,2021-12-01,Providence,Texas Tech,314,2,4:48,288,288,Ed Croswell Steal.,58,57,1,0,0.531568373481289,0.5805080101837101,3,3,-2.5,136.5,"c(""Brent Hampton"", "" Clarence Armstrong"", "" Jeffrey Anderson"")","Providence, RI",Dunkin Donuts Center,12410,10022,NA,NA,NA,NA,NA,NA,NA,NA,Texas Tech,Providence,FALSE
401372008,2021-12-01,Providence,Texas Tech,315,2,4:43,283,283,Justin Minaya Turnover.,58,57,1,5,0.5318212869416503,0.5804376497623287,3,3,-2.5,136.5,"c(""Brent Hampton"", "" Clarence Armstrong"", "" Jeffrey Anderson"")","Providence, RI",Dunkin Donuts Center,12410,10022,NA,NA,NA,NA,NA,NA,NA,NA,Providence,Texas Tech,FALSE
401372008,2021-12-01,Providence,Texas Tech,316,2,4:43,283,283,Kevin McCullar Steal.,58,57,1,0,0.5318212869416503,0.5804376497623287,3,3,-2.5,136.5,"c(""Brent Hampton"", "" Clarence Armstrong"", "" Jeffrey Anderson"")","Providence, RI",Dunkin Donuts Center,12410,10022,NA,NA,NA,NA,NA,NA,NA,NA,Providence,Texas Tech,FALSE
401372008,2021-12-01,Providence,Texas Tech,317,2,4:39,279,279,Foul on Ed Croswell.,58,57,1,4,0.5319368272056257,0.5802962049641829,3,3,-2.5,136.5,"c(""Brent Hampton"", "" Clarence Armstrong"", "" Jeffrey Anderson"")","Providence, RI",Dunkin Donuts Center,12410,10022,NA,NA,NA,NA,NA,NA,NA,NA,Texas Tech,Texas Tech,FALSE
401372008,2021-12-01,Providence,Texas Tech,318,2,4:39,279,279,Davion Warren missed Free Throw.,58,57,1,0,0.5319368272056257,0.5802962049641829,3,3,-2.5,136.5,"c(""Brent Hampton"", "" Clarence Armstrong"", "" Jeffrey Anderson"")","Providence, RI",Dunkin Donuts Center,12410,10022,NA,NA,Texas Tech,missed,Davion Warren,NA,FALSE,TRUE,Texas Tech,Texas Tech,FALSE
401372008,2021-12-01,Providence,Texas Tech,319,2,4:39,279,279,Texas Tech Deadball Team Rebound.,58,57,1,0,0.5319368272056257,0.5802962049641829,3,3,-2.5,136.5,"c(""Brent Hampton"", "" Clarence Armstrong"", "" Jeffrey Anderson"")","Providence, RI",Dunkin Donuts Center,12410,10022,NA,NA,NA,NA,NA,NA,NA,NA,Texas Tech,Texas Tech,FALSE
401372008,2021-12-01,Providence,Texas Tech,320,2,4:39,279,279,Davion Warren made Free Throw.,58,58,0,0,0.4511394288698282,0.5,3,3,-2.5,136.5,"c(""Brent Hampton"", "" Clarence Armstrong"", "" Jeffrey Anderson"")","Providence, RI",Dunkin Donuts Center,12410,10022,NA,NA,Texas Tech,made,Davion Warren,NA,FALSE,TRUE,Texas Tech,Providence,FALSE
401372008,2021-12-01,Providence,Texas Tech,321,2,4:22,262,262,A.J. Reeves made Three Point Jumper. Assisted by Al Durham.,61,58,3,17,0.6828362964647513,0.7228058673287979,3,3,-2.5,136.5,"c(""Brent Hampton"", "" Clarence Armstrong"", "" Jeffrey Anderson"")","Providence, RI",Dunkin Donuts Center,12410,10022,NA,NA,Providence,made,A.J. Reeves,Al Durham,TRUE,FALSE,Providence,Texas Tech,FALSE
401372008,2021-12-01,Providence,Texas Tech,322,2,3:55,235,235,Foul on Noah Horchler.,61,58,3,27,0.6810314297569635,0.7196349725775896,3,3,-2.5,136.5,"c(""Brent Hampton"", "" Clarence Armstrong"", "" Jeffrey Anderson"")","Providence, RI",Dunkin Donuts Center,12410,10022,NA,NA,NA,NA,NA,NA,NA,NA,Texas Tech,Texas Tech,FALSE
401372008,2021-12-01,Providence,Texas Tech,323,2,3:55,235,235,Official TV Timeout,61,58,3,0,0.6810314297569635,0.7196349725775896,3,3,-2.5,136.5,"c(""Brent Hampton"", "" Clarence Armstrong"", "" Jeffrey Anderson"")","Providence, RI",Dunkin Donuts Center,12410,10022,NA,NA,NA,NA,NA,NA,NA,NA,Texas Tech,Texas Tech,FALSE
401372008,2021-12-01,Providence,Texas Tech,324,2,3:55,235,235,Terrence Shannon Jr. made Free Throw.,61,59,2,0,0.6092828372531467,0.6521343941570551,3,3,-2.5,136.5,"c(""Brent Hampton"", "" Clarence Armstrong"", "" Jeffrey Anderson"")","Providence, RI",Dunkin Donuts Center,12410,10022,NA,NA,Texas Tech,made,Terrence Shannon Jr.,NA,FALSE,TRUE,Texas Tech,Texas Tech,FALSE
401372008,2021-12-01,Providence,Texas Tech,325,2,3:55,235,235,Terrence Shannon Jr. made Free Throw.,61,60,1,0,0.5324745790063218,0.5779143029299657,3,3,-2.5,136.5,"c(""Brent Hampton"", "" Clarence Armstrong"", "" Jeffrey Anderson"")","Providence, RI",Dunkin Donuts Center,12410,10022,NA,NA,Texas Tech,made,Terrence Shannon Jr.,NA,FALSE,TRUE,Texas Tech,Texas Tech,FALSE
401372008,2021-12-01,Providence,Texas Tech,326,2,3:55,235,235,Terrence Shannon Jr. made Free Throw.,61,61,0,0,0.45409568137119677,0.5,3,3,-2.5,136.5,"c(""Brent Hampton"", "" Clarence Armstrong"", "" Jeffrey Anderson"")","Providence, RI",Dunkin Donuts Center,12410,10022,NA,NA,Texas Tech,made,Terrence Shannon Jr.,NA,FALSE,TRUE,Texas Tech,Providence,FALSE
401372008,2021-12-01,Providence,Texas Tech,327,2,3:28,208,208,Justin Minaya missed Three Point Jumper.,61,61,0,27,0.45612950824647924,0.5,3,3,-2.5,136.5,"c(""Brent Hampton"", "" Clarence Armstrong"", "" Jeffrey Anderson"")","Providence, RI",Dunkin Donuts Center,12410,10022,NA,NA,Providence,missed,Justin Minaya,NA,TRUE,FALSE,Providence,Providence,FALSE
401372008,2021-12-01,Providence,Texas Tech,328,2,3:26,206,206,Providence Offensive Rebound.,61,61,0,2,0.4562903350743806,0.5,3,3,-2.5,136.5,"c(""Brent Hampton"", "" Clarence Armstrong"", "" Jeffrey Anderson"")","Providence, RI",Dunkin Donuts Center,12410,10022,NA,NA,NA,NA,NA,NA,NA,NA,Providence,Providence,FALSE
401372008,2021-12-01,Providence,Texas Tech,329,2,3:26,206,206,Providence  Timeout,61,61,0,0,0.4562903350743806,0.5,2,3,-2.5,136.5,"c(""Brent Hampton"", "" Clarence Armstrong"", "" Jeffrey Anderson"")","Providence, RI",Dunkin Donuts Center,12410,10022,NA,NA,NA,NA,NA,NA,NA,NA,Providence,Providence,FALSE
401372008,2021-12-01,Providence,Texas Tech,330,2,3:26,206,206,Foul on Marcus Santos-Silva.,61,61,0,0,0.4562903350743806,0.5,2,3,-2.5,136.5,"c(""Brent Hampton"", "" Clarence Armstrong"", "" Jeffrey Anderson"")","Providence, RI",Dunkin Donuts Center,12410,10022,NA,NA,NA,NA,NA,NA,NA,NA,Providence,Providence,FALSE
401372008,2021-12-01,Providence,Texas Tech,331,2,3:26,206,206,Noah Horchler made Free Throw.,62,61,1,0,0.5384347447283961,0.5815960937563488,2,3,-2.5,136.5,"c(""Brent Hampton"", "" Clarence Armstrong"", "" Jeffrey Anderson"")","Providence, RI",Dunkin Donuts Center,12410,10022,NA,NA,Providence,made,Noah Horchler,NA,FALSE,TRUE,Providence,Providence,FALSE
401372008,2021-12-01,Providence,Texas Tech,332,2,3:26,206,206,Noah Horchler missed Free Throw.,62,61,1,0,0.5384347447283961,0.5815960937563488,2,3,-2.5,136.5,"c(""Brent Hampton"", "" Clarence Armstrong"", "" Jeffrey Anderson"")","Providence, RI",Dunkin Donuts Center,12410,10022,NA,NA,Providence,missed,Noah Horchler,NA,FALSE,TRUE,Providence,Texas Tech,FALSE
401372008,2021-12-01,Providence,Texas Tech,333,2,3:24,204,204,Kevin Obanor Defensive Rebound.,62,61,1,2,0.539190085935113,0.5821763390144347,2,3,-2.5,136.5,"c(""Brent Hampton"", "" Clarence Armstrong"", "" Jeffrey Anderson"")","Providence, RI",Dunkin Donuts Center,12410,10022,NA,NA,NA,NA,NA,NA,NA,NA,Providence,Texas Tech,FALSE
401372008,2021-12-01,Providence,Texas Tech,334,2,3:05,185,185,Kevin Obanor missed Jumper.,62,61,1,19,0.5491313626904665,0.5903077305805219,2,3,-2.5,136.5,"c(""Brent Hampton"", "" Clarence Armstrong"", "" Jeffrey Anderson"")","Providence, RI",Dunkin Donuts Center,12410,10022,NA,NA,Texas Tech,missed,Kevin Obanor,NA,FALSE,FALSE,Texas Tech,Texas Tech,FALSE
401372008,2021-12-01,Providence,Texas Tech,335,2,3:03,183,183,Texas Tech Offensive Rebound.,62,61,1,2,0.5503465008530218,0.5913215406891759,2,3,-2.5,136.5,"c(""Brent Hampton"", "" Clarence Armstrong"", "" Jeffrey Anderson"")","Providence, RI",Dunkin Donuts Center,12410,10022,NA,NA,NA,NA,NA,NA,NA,NA,Texas Tech,Texas Tech,FALSE
401372008,2021-12-01,Providence,Texas Tech,336,2,2:59,179,179,Foul on Nate Watson.,62,61,1,4,0.5527905626831046,0.5933601822056173,2,3,-2.5,136.5,"c(""Brent Hampton"", "" Clarence Armstrong"", "" Jeffrey Anderson"")","Providence, RI",Dunkin Donuts Center,12410,10022,NA,NA,NA,NA,NA,NA,NA,NA,Texas Tech,Texas Tech,FALSE
401372008,2021-12-01,Providence,Texas Tech,337,2,2:59,179,179,Kevin McCullar made Free Throw.,62,62,0,0,0.4586145006934605,0.5,2,3,-2.5,136.5,"c(""Brent Hampton"", "" Clarence Armstrong"", "" Jeffrey Anderson"")","Providence, RI",Dunkin Donuts Center,12410,10022,NA,NA,Texas Tech,made,Kevin McCullar,NA,FALSE,TRUE,Texas Tech,Texas Tech,FALSE
401372008,2021-12-01,Providence,Texas Tech,338,2,2:59,179,179,Kevin McCullar made Free Throw.,62,63,-1,0,0.36730512194487347,0.40663981779438274,2,3,-2.5,136.5,"c(""Brent Hampton"", "" Clarence Armstrong"", "" Jeffrey Anderson"")","Providence, RI",Dunkin Donuts Center,12410,10022,NA,NA,Texas Tech,made,Kevin McCullar,NA,FALSE,TRUE,Texas Tech,Providence,FALSE
401372008,2021-12-01,Providence,Texas Tech,339,2,2:45,165,165,Al Durham missed Layup.,62,63,-1,14,0.36141624296028696,0.39928989414671123,2,3,-2.5,136.5,"c(""Brent Hampton"", "" Clarence Armstrong"", "" Jeffrey Anderson"")","Providence, RI",Dunkin Donuts Center,12410,10022,NA,NA,Providence,missed,Al Durham,NA,FALSE,FALSE,Providence,Providence,FALSE
401372008,2021-12-01,Providence,Texas Tech,340,2,2:45,165,165,Nate Watson Offensive Rebound.,62,63,-1,0,0.36141624296028696,0.39928989414671123,2,3,-2.5,136.5,"c(""Brent Hampton"", "" Clarence Armstrong"", "" Jeffrey Anderson"")","Providence, RI",Dunkin Donuts Center,12410,10022,NA,NA,NA,NA,NA,NA,NA,NA,Providence,Providence,FALSE
401372008,2021-12-01,Providence,Texas Tech,341,2,2:45,165,165,Foul on Davion Warren.,62,63,-1,0,0.36141624296028696,0.39928989414671123,2,3,-2.5,136.5,"c(""Brent Hampton"", "" Clarence Armstrong"", "" Jeffrey Anderson"")","Providence, RI",Dunkin Donuts Center,12410,10022,NA,NA,NA,NA,NA,NA,NA,NA,Providence,Providence,FALSE
401372008,2021-12-01,Providence,Texas Tech,342,2,2:45,165,165,Nate Watson made Free Throw.,63,63,0,0,0.45988695209803543,0.5,2,3,-2.5,136.5,"c(""Brent Hampton"", "" Clarence Armstrong"", "" Jeffrey Anderson"")","Providence, RI",Dunkin Donuts Center,12410,10022,NA,NA,Providence,made,Nate Watson,NA,FALSE,TRUE,Providence,Providence,FALSE
401372008,2021-12-01,Providence,Texas Tech,343,2,2:45,165,165,Nate Watson made Free Throw.,64,63,1,0,0.5615923382271271,0.6007101058532888,2,3,-2.5,136.5,"c(""Brent Hampton"", "" Clarence Armstrong"", "" Jeffrey Anderson"")","Providence, RI",Dunkin Donuts Center,12410,10022,NA,NA,Providence,made,Nate Watson,NA,FALSE,TRUE,Providence,Texas Tech,FALSE
401372008,2021-12-01,Providence,Texas Tech,344,2,2:33,153,153,Texas Tech  Timeout,64,63,1,12,0.569631687652142,0.6074565847548352,2,2,-2.5,136.5,"c(""Brent Hampton"", "" Clarence Armstrong"", "" Jeffrey Anderson"")","Providence, RI",Dunkin Donuts Center,12410,10022,NA,NA,NA,NA,NA,NA,NA,NA,Texas Tech,Texas Tech,FALSE
401372008,2021-12-01,Providence,Texas Tech,345,2,2:27,147,147,Bryson Williams Turnover.,64,63,1,6,0.5738910081374441,0.611049655674343,2,2,-2.5,136.5,"c(""Brent Hampton"", "" Clarence Armstrong"", "" Jeffrey Anderson"")","Providence, RI",Dunkin Donuts Center,12410,10022,NA,NA,NA,NA,NA,NA,NA,NA,Texas Tech,Providence,FALSE
401372008,2021-12-01,Providence,Texas Tech,346,2,2:27,147,147,Nate Watson Steal.,64,63,1,0,0.5738910081374441,0.611049655674343,2,2,-2.5,136.5,"c(""Brent Hampton"", "" Clarence Armstrong"", "" Jeffrey Anderson"")","Providence, RI",Dunkin Donuts Center,12410,10022,NA,NA,NA,NA,NA,NA,NA,NA,Texas Tech,Providence,FALSE
401372008,2021-12-01,Providence,Texas Tech,347,2,2:27,147,147,Foul on Bryson Williams.,64,63,1,0,0.5738910081374441,0.611049655674343,2,2,-2.5,136.5,"c(""Brent Hampton"", "" Clarence Armstrong"", "" Jeffrey Anderson"")","Providence, RI",Dunkin Donuts Center,12410,10022,NA,NA,NA,NA,NA,NA,NA,NA,Providence,Providence,FALSE
401372008,2021-12-01,Providence,Texas Tech,348,2,2:26,146,146,Justin Minaya missed Free Throw.,64,63,1,1,0.5746190007408025,0.6116651987616004,2,2,-2.5,136.5,"c(""Brent Hampton"", "" Clarence Armstrong"", "" Jeffrey Anderson"")","Providence, RI",Dunkin Donuts Center,12410,10022,NA,NA,Providence,missed,Justin Minaya,NA,FALSE,TRUE,Providence,Providence,FALSE
401372008,2021-12-01,Providence,Texas Tech,349,2,2:26,146,146,Providence Deadball Team Rebound.,64,63,1,0,0.5746190007408025,0.6116651987616004,2,2,-2.5,136.5,"c(""Brent Hampton"", "" Clarence Armstrong"", "" Jeffrey Anderson"")","Providence, RI",Dunkin Donuts Center,12410,10022,NA,NA,NA,NA,NA,NA,NA,NA,Providence,Providence,FALSE
401372008,2021-12-01,Providence,Texas Tech,350,2,2:26,146,146,Justin Minaya made Free Throw.,65,63,2,0,0.6802757210933414,0.7127206434835947,2,2,-2.5,136.5,"c(""Brent Hampton"", "" Clarence Armstrong"", "" Jeffrey Anderson"")","Providence, RI",Dunkin Donuts Center,12410,10022,NA,NA,Providence,made,Justin Minaya,NA,FALSE,TRUE,Providence,Texas Tech,FALSE
401372008,2021-12-01,Providence,Texas Tech,351,2,2:10,130,130,Kevin Obanor made Layup. Assisted by Kevin McCullar.,65,65,0,16,0.4632483531998292,0.5,2,2,-2.5,136.5,"c(""Brent Hampton"", "" Clarence Armstrong"", "" Jeffrey Anderson"")","Providence, RI",Dunkin Donuts Center,12410,10022,NA,NA,Texas Tech,made,Kevin Obanor,Kevin McCullar,FALSE,FALSE,Texas Tech,Providence,FALSE
401372008,2021-12-01,Providence,Texas Tech,352,2,1:48,108,108,Al Durham made Jumper.,67,65,2,22,0.7330914132287484,0.7592360205348605,2,2,-2.5,136.5,"c(""Brent Hampton"", "" Clarence Armstrong"", "" Jeffrey Anderson"")","Providence, RI",Dunkin Donuts Center,12410,10022,NA,NA,Providence,made,Al Durham,NA,FALSE,FALSE,Providence,Texas Tech,FALSE
401372008,2021-12-01,Providence,Texas Tech,353,2,1:33,93,93,Davion Warren Turnover.,67,65,2,15,0.7579850677131817,0.7812952085191623,2,2,-2.5,136.5,"c(""Brent Hampton"", "" Clarence Armstrong"", "" Jeffrey Anderson"")","Providence, RI",Dunkin Donuts Center,12410,10022,NA,NA,NA,NA,NA,NA,NA,NA,Texas Tech,Providence,FALSE
401372008,2021-12-01,Providence,Texas Tech,354,2,1:11,71,71,Foul on Kevin McCullar.,67,65,2,22,0.7953659888185675,0.8144389223072004,2,2,-2.5,136.5,"c(""Brent Hampton"", "" Clarence Armstrong"", "" Jeffrey Anderson"")","Providence, RI",Dunkin Donuts Center,12410,10022,NA,NA,NA,NA,NA,NA,NA,NA,Providence,Providence,FALSE
401372008,2021-12-01,Providence,Texas Tech,355,2,1:11,71,71,Al Durham made Free Throw.,68,65,3,0,0.8906245963023895,0.901913867077444,2,2,-2.5,136.5,"c(""Brent Hampton"", "" Clarence Armstrong"", "" Jeffrey Anderson"")","Providence, RI",Dunkin Donuts Center,12410,10022,NA,NA,Providence,made,Al Durham,NA,FALSE,TRUE,Providence,Providence,FALSE
401372008,2021-12-01,Providence,Texas Tech,356,2,1:11,71,71,Al Durham made Free Throw.,69,65,4,0,0.9446268231567009,0.9506510557530906,2,2,-2.5,136.5,"c(""Brent Hampton"", "" Clarence Armstrong"", "" Jeffrey Anderson"")","Providence, RI",Dunkin Donuts Center,12410,10022,NA,NA,Providence,made,Al Durham,NA,FALSE,TRUE,Providence,Texas Tech,FALSE
401372008,2021-12-01,Providence,Texas Tech,357,2,1:00,60,60,Terrence Shannon Jr. made Three Point Jumper. Assisted by Adonis Arms.,69,68,1,11,0.6638340841050743,0.6892784104613846,2,2,-2.5,136.5,"c(""Brent Hampton"", "" Clarence Armstrong"", "" Jeffrey Anderson"")","Providence, RI",Dunkin Donuts Center,12410,10022,NA,NA,Texas Tech,made,Terrence Shannon Jr.,Adonis Arms,TRUE,FALSE,Texas Tech,Providence,FALSE
401372008,2021-12-01,Providence,Texas Tech,358,2,0:59,59,59,Texas Tech  Timeout,69,68,1,1,0.6651345502280543,0.6904237630374002,2,1,-2.5,136.5,"c(""Brent Hampton"", "" Clarence Armstrong"", "" Jeffrey Anderson"")","Providence, RI",Dunkin Donuts Center,12410,10022,NA,NA,NA,NA,NA,NA,NA,NA,Providence,Providence,FALSE
401372008,2021-12-01,Providence,Texas Tech,359,2,0:41,41,41,A.J. Reeves missed Three Point Jumper.,69,68,1,18,0.6892995408397227,0.7117411977063519,2,1,-2.5,136.5,"c(""Brent Hampton"", "" Clarence Armstrong"", "" Jeffrey Anderson"")","Providence, RI",Dunkin Donuts Center,12410,10022,NA,NA,Providence,missed,A.J. Reeves,NA,TRUE,FALSE,Providence,Texas Tech,FALSE
401372008,2021-12-01,Providence,Texas Tech,360,2,0:37,37,37,Texas Tech Defensive Rebound.,69,68,1,4,0.69487038195177,0.7166658485786963,2,1,-2.5,136.5,"c(""Brent Hampton"", "" Clarence Armstrong"", "" Jeffrey Anderson"")","Providence, RI",Dunkin Donuts Center,12410,10022,NA,NA,NA,NA,NA,NA,NA,NA,Providence,Texas Tech,FALSE
401372008,2021-12-01,Providence,Texas Tech,361,2,0:24,24,24,Terrence Shannon Jr. missed Three Point Jumper.,69,68,1,13,0.7132465068166824,0.7329290000397786,2,1,-2.5,136.5,"c(""Brent Hampton"", "" Clarence Armstrong"", "" Jeffrey Anderson"")","Providence, RI",Dunkin Donuts Center,12410,10022,NA,NA,Texas Tech,missed,Terrence Shannon Jr.,NA,TRUE,FALSE,Texas Tech,Providence,FALSE
401372008,2021-12-01,Providence,Texas Tech,362,2,0:21,21,21,Providence Defensive Rebound.,69,68,1,3,0.7175233782648293,0.7367177756567828,2,1,-2.5,136.5,"c(""Brent Hampton"", "" Clarence Armstrong"", "" Jeffrey Anderson"")","Providence, RI",Dunkin Donuts Center,12410,10022,NA,NA,NA,NA,NA,NA,NA,NA,Texas Tech,Providence,FALSE
401372008,2021-12-01,Providence,Texas Tech,363,2,0:21,21,21,Providence  Timeout,69,68,1,0,0.7175233782648293,0.7367177756567828,1,1,-2.5,136.5,"c(""Brent Hampton"", "" Clarence Armstrong"", "" Jeffrey Anderson"")","Providence, RI",Dunkin Donuts Center,12410,10022,NA,NA,NA,NA,NA,NA,NA,NA,Texas Tech,Providence,FALSE
401372008,2021-12-01,Providence,Texas Tech,364,2,0:11,11,11,Foul on Adonis Arms.,69,68,1,10,0.7321350764589686,0.7496879212023952,1,1,-2.5,136.5,"c(""Brent Hampton"", "" Clarence Armstrong"", "" Jeffrey Anderson"")","Providence, RI",Dunkin Donuts Center,12410,10022,NA,NA,NA,NA,NA,NA,NA,NA,Providence,Providence,FALSE
401372008,2021-12-01,Providence,Texas Tech,365,2,0:11,11,11,A.J. Reeves missed Free Throw.,69,68,1,0,0.7321350764589686,0.7496879212023952,1,1,-2.5,136.5,"c(""Brent Hampton"", "" Clarence Armstrong"", "" Jeffrey Anderson"")","Providence, RI",Dunkin Donuts Center,12410,10022,NA,NA,Providence,missed,A.J. Reeves,NA,FALSE,TRUE,Providence,Providence,FALSE
401372008,2021-12-01,Providence,Texas Tech,366,2,0:11,11,11,Providence Deadball Team Rebound.,69,68,1,0,0.7321350764589686,0.7496879212023952,1,1,-2.5,136.5,"c(""Brent Hampton"", "" Clarence Armstrong"", "" Jeffrey Anderson"")","Providence, RI",Dunkin Donuts Center,12410,10022,NA,NA,NA,NA,NA,NA,NA,NA,Providence,Providence,FALSE
401372008,2021-12-01,Providence,Texas Tech,367,2,0:11,11,11,A.J. Reeves made Free Throw.,70,68,2,0,0.8911392105512562,0.8997001300516065,1,1,-2.5,136.5,"c(""Brent Hampton"", "" Clarence Armstrong"", "" Jeffrey Anderson"")","Providence, RI",Dunkin Donuts Center,12410,10022,NA,NA,Providence,made,A.J. Reeves,NA,FALSE,TRUE,Providence,Providence,FALSE
401372008,2021-12-01,Providence,Texas Tech,368,2,0:05,5,5,Foul on Mylik Wilson.,70,68,2,6,0.8994460398553332,0.9071486990502441,1,1,-2.5,136.5,"c(""Brent Hampton"", "" Clarence Armstrong"", "" Jeffrey Anderson"")","Providence, RI",Dunkin Donuts Center,12410,10022,NA,NA,NA,NA,NA,NA,NA,NA,Providence,Providence,FALSE
401372008,2021-12-01,Providence,Texas Tech,369,2,0:05,5,5,Mylik Wilson Turnover.,70,68,2,0,0.8994460398553332,0.9071486990502441,1,1,-2.5,136.5,"c(""Brent Hampton"", "" Clarence Armstrong"", "" Jeffrey Anderson"")","Providence, RI",Dunkin Donuts Center,12410,10022,NA,NA,NA,NA,NA,NA,NA,NA,Texas Tech,Providence,FALSE
401372008,2021-12-01,Providence,Texas Tech,370,2,0:05,5,5,Foul on Adonis Arms.,70,68,2,0,0.8994460398553332,0.9071486990502441,1,1,-2.5,136.5,"c(""Brent Hampton"", "" Clarence Armstrong"", "" Jeffrey Anderson"")","Providence, RI",Dunkin Donuts Center,12410,10022,NA,NA,NA,NA,NA,NA,NA,NA,Providence,Providence,FALSE
401372008,2021-12-01,Providence,Texas Tech,371,2,0:05,5,5,Alyn Breed made Free Throw.,71,68,3,0,0.9654683859573983,0.968291875526715,1,1,-2.5,136.5,"c(""Brent Hampton"", "" Clarence Armstrong"", "" Jeffrey Anderson"")","Providence, RI",Dunkin Donuts Center,12410,10022,NA,NA,Providence,made,Alyn Breed,NA,FALSE,TRUE,Providence,Providence,FALSE
401372008,2021-12-01,Providence,Texas Tech,372,2,0:05,5,5,Alyn Breed made Free Throw.,72,68,4,0,0.9886866236480334,0.989632052843119,1,1,-2.5,136.5,"c(""Brent Hampton"", "" Clarence Armstrong"", "" Jeffrey Anderson"")","Providence, RI",Dunkin Donuts Center,12410,10022,NA,NA,Providence,made,Alyn Breed,NA,FALSE,TRUE,Providence,Texas Tech,FALSE
401372008,2021-12-01,Providence,Texas Tech,373,2,0:00,0,0,Terrence Shannon Jr. missed Three Point Jumper.,72,68,4,5,1,1,1,1,-2.5,136.5,"c(""Brent Hampton"", "" Clarence Armstrong"", "" Jeffrey Anderson"")","Providence, RI",Dunkin Donuts Center,12410,10022,NA,NA,Texas Tech,missed,Terrence Shannon Jr.,NA,TRUE,FALSE,Texas Tech,Providence,FALSE
401372008,2021-12-01,Providence,Texas Tech,374,2,0:00,0,0,Providence Defensive Rebound.,72,68,4,0,1,1,1,1,-2.5,136.5,"c(""Brent Hampton"", "" Clarence Armstrong"", "" Jeffrey Anderson"")","Providence, RI",Dunkin Donuts Center,12410,10022,NA,NA,NA,NA,NA,NA,NA,NA,Texas Tech,Providence,FALSE
401372008,2021-12-01,Providence,Texas Tech,375,2,0:00,0,0,End of 2nd half,72,68,4,0,1,1,1,1,-2.5,136.5,"c(""Brent Hampton"", "" Clarence Armstrong"", "" Jeffrey Anderson"")","Providence, RI",Dunkin Donuts Center,12410,10022,NA,NA,NA,NA,NA,NA,NA,NA,Providence,NA,FALSE
401372008,2021-12-01,Providence,Texas Tech,376,2,0:00,0,0,End of Game,72,68,4,0,1,1,1,1,-2.5,136.5,"c(""Brent Hampton"", "" Clarence Armstrong"", "" Jeffrey Anderson"")","Providence, RI",Dunkin Donuts Center,12410,10022,NA,NA,NA,NA,NA,NA,NA,NA,Providence,NA,FALSE
