game_id,date,home,away,play_id,half,time_remaining_half,secs_remaining,secs_remaining_absolute,description,home_score,away_score,score_diff,play_length,win_prob,naive_win_prob,home_time_out_remaining,away_time_out_remaining,home_favored_by,shot_x,shot_y,shot_team,shot_outcome,shooter,assist,three_pt,free_throw,possession_before,possession_after
400986361,2017-11-17,Penn State,Columbia,1,1,20:00:00,2400,2400,PLAY,0,0,0,0,0.9682371843471432,0.5,4,4,21.3,NA,NA,NA,NA,NA,NA,NA,NA,NA,Columbia
400986361,2017-11-17,Penn State,Columbia,2,1,19:47:00,2387,2387,Mike Smith missed Layup.,0,0,0,13,0.9681003234261452,0.5,4,4,21.3,NA,NA,Columbia,missed,Mike Smith,NA,FALSE,FALSE,Columbia,Columbia
400986361,2017-11-17,Penn State,Columbia,3,1,19:47:00,2387,2387,Patrick Tape Offensive Rebound.,0,0,0,0,0.9681003234261452,0.5,4,4,21.3,NA,NA,NA,NA,NA,NA,NA,NA,Columbia,Columbia
400986361,2017-11-17,Penn State,Columbia,4,1,19:43:00,2383,2383,Foul on Lamar Stevens.,0,0,0,4,0.9680576681064716,0.5,4,4,21.3,NA,NA,NA,NA,NA,NA,NA,NA,Columbia,Columbia
400986361,2017-11-17,Penn State,Columbia,5,1,19:43:00,2383,2383,Patrick Tape made Free Throw.,0,1,-1,0,0.965187870029256,0.4777640181889624,4,4,21.3,NA,NA,Columbia,made,Patrick Tape,NA,FALSE,TRUE,Columbia,Columbia
400986361,2017-11-17,Penn State,Columbia,6,1,19:43:00,2383,2383,Patrick Tape made Free Throw.,0,2,-2,0,0.9620703425487508,0.4556158174412416,4,4,21.3,NA,NA,Columbia,made,Patrick Tape,NA,FALSE,TRUE,Columbia,Penn State
400986361,2017-11-17,Penn State,Columbia,7,1,19:32:00,2372,2372,Lamar Stevens Turnover.,0,2,-2,11,0.9618957874239688,0.4553819653286264,4,4,21.3,NA,NA,NA,NA,NA,NA,NA,NA,Penn State,Columbia
400986361,2017-11-17,Penn State,Columbia,8,1,19:31:00,2371,2371,Patrick Tape Steal.,0,2,-2,1,0.9618797760579691,0.45536062082229806,4,4,21.3,NA,NA,NA,NA,NA,NA,NA,NA,Penn State,Columbia
400986361,2017-11-17,Penn State,Columbia,9,1,19:17:00,2357,2357,Nate Hickman missed Layup.,0,2,-2,14,0.96165308568487,0.4550603542849654,4,4,21.3,NA,NA,Columbia,missed,Nate Hickman,NA,FALSE,FALSE,Columbia,Columbia
400986361,2017-11-17,Penn State,Columbia,10,1,19:17:00,2357,2357,Patrick Tape Offensive Rebound.,0,2,-2,0,0.96165308568487,0.4550603542849654,4,4,21.3,NA,NA,NA,NA,NA,NA,NA,NA,Columbia,Columbia
400986361,2017-11-17,Penn State,Columbia,11,1,19:11:00,2351,2351,Nate Hickman made Three Point Jumper. Assisted by Quinton Adlesh.,0,5,-5,6,0.9501763596930872,0.3889048568651311,4,4,21.3,NA,NA,Columbia,made,Nate Hickman,Quinton Adlesh,TRUE,FALSE,Columbia,Penn State
400986361,2017-11-17,Penn State,Columbia,12,1,18:47:00,2327,2327,Shep Garner made Jumper.,2,5,-3,24,0.9575890806990832,0.43184888909472174,4,4,21.3,NA,NA,Penn State,made,Shep Garner,NA,FALSE,FALSE,Penn State,Columbia
400986361,2017-11-17,Penn State,Columbia,13,1,18:38:00,2318,2318,Lukas Meisner missed Three Point Jumper.,2,5,-3,9,0.9574041689054013,0.43155541489615606,4,4,21.3,NA,NA,Columbia,missed,Lukas Meisner,NA,TRUE,FALSE,Columbia,Penn State
400986361,2017-11-17,Penn State,Columbia,14,1,18:38:00,2318,2318,Mike Watkins Defensive Rebound.,2,5,-3,0,0.9574041689054013,0.43155541489615606,4,4,21.3,NA,NA,NA,NA,NA,NA,NA,NA,Columbia,Penn State
400986361,2017-11-17,Penn State,Columbia,15,1,18:24:00,2304,2304,Lamar Stevens missed Three Point Jumper.,2,5,-3,14,0.9571115636073784,0.4310963010761886,4,4,21.3,NA,NA,Penn State,missed,Lamar Stevens,NA,TRUE,FALSE,Penn State,Columbia
400986361,2017-11-17,Penn State,Columbia,16,1,18:24:00,2304,2304,Patrick Tape Defensive Rebound.,2,5,-3,0,0.9571115636073784,0.4310963010761886,4,4,21.3,NA,NA,NA,NA,NA,NA,NA,NA,Penn State,Columbia
400986361,2017-11-17,Penn State,Columbia,17,1,18:14:00,2294,2294,Lukas Meisner missed Three Point Jumper.,2,5,-3,10,0.9568988004193694,0.43076652990561287,4,4,21.3,NA,NA,Columbia,missed,Lukas Meisner,NA,TRUE,FALSE,Columbia,Penn State
400986361,2017-11-17,Penn State,Columbia,18,1,18:14:00,2294,2294,Nazeer Bostick Defensive Rebound.,2,5,-3,0,0.9568988004193694,0.43076652990561287,4,4,21.3,NA,NA,NA,NA,NA,NA,NA,NA,Columbia,Penn State
400986361,2017-11-17,Penn State,Columbia,19,1,18:02:00,2282,2282,Shep Garner missed Three Point Jumper.,2,5,-3,12,0.9566392770829246,0.43036891318128423,4,4,21.3,NA,NA,Penn State,missed,Shep Garner,NA,TRUE,FALSE,Penn State,Penn State
400986361,2017-11-17,Penn State,Columbia,20,1,18:02:00,2282,2282,Mike Watkins Offensive Rebound.,2,5,-3,0,0.9566392770829246,0.43036891318128423,4,4,21.3,NA,NA,NA,NA,NA,NA,NA,NA,Penn State,Penn State
400986361,2017-11-17,Penn State,Columbia,21,1,17:53:00,2273,2273,Mike Watkins missed Jumper.,2,5,-3,9,0.9564415770234848,0.4300694234368722,4,4,21.3,NA,NA,Penn State,missed,Mike Watkins,NA,FALSE,FALSE,Penn State,Columbia
400986361,2017-11-17,Penn State,Columbia,22,1,17:53:00,2273,2273,Nate Hickman Defensive Rebound.,2,5,-3,0,0.9564415770234848,0.4300694234368722,4,4,21.3,NA,NA,NA,NA,NA,NA,NA,NA,Penn State,Columbia
400986361,2017-11-17,Penn State,Columbia,23,1,17:46:00,2266,2266,Nate Hickman missed Layup.,2,5,-3,7,0.9562859737427138,0.4298357711983823,4,4,21.3,NA,NA,Columbia,missed,Nate Hickman,NA,FALSE,FALSE,Columbia,Columbia
400986361,2017-11-17,Penn State,Columbia,24,1,17:46:00,2266,2266,Mike Watkins Block.,2,5,-3,0,0.9562859737427138,0.4298357711983823,4,4,21.3,NA,NA,NA,NA,NA,NA,NA,NA,Columbia,Columbia
400986361,2017-11-17,Penn State,Columbia,25,1,17:43:00,2263,2263,Patrick Tape Offensive Rebound.,2,5,-3,3,0.956218790137686,0.42973545026528054,4,4,21.3,NA,NA,NA,NA,NA,NA,NA,NA,Columbia,Columbia
400986361,2017-11-17,Penn State,Columbia,26,1,17:31:00,2251,2251,Lukas Meisner missed Layup.,2,5,-3,12,0.9559470447922224,0.4293331128113429,4,4,21.3,NA,NA,Columbia,missed,Lukas Meisner,NA,FALSE,FALSE,Columbia,Penn State
400986361,2017-11-17,Penn State,Columbia,27,1,17:31:00,2251,2251,Julian Moore Block.,2,5,-3,0,0.9559470447922224,0.4293331128113429,4,4,21.3,NA,NA,NA,NA,NA,NA,NA,NA,Columbia,Penn State
400986361,2017-11-17,Penn State,Columbia,28,1,17:30:00,2250,2250,Mike Watkins Defensive Rebound.,2,5,-3,1,0.9559241801924356,0.42929951130972055,4,4,21.3,NA,NA,NA,NA,NA,NA,NA,NA,Columbia,Penn State
400986361,2017-11-17,Penn State,Columbia,29,1,17:24:00,2244,2244,Shep Garner missed Three Point Jumper.,2,5,-3,6,0.955786277977126,0.42909767566260976,4,4,21.3,NA,NA,Penn State,missed,Shep Garner,NA,TRUE,FALSE,Penn State,Penn State
400986361,2017-11-17,Penn State,Columbia,30,1,17:24:00,2244,2244,Julian Moore Offensive Rebound.,2,5,-3,0,0.955786277977126,0.42909767566260976,4,4,21.3,NA,NA,NA,NA,NA,NA,NA,NA,Penn State,Penn State
400986361,2017-11-17,Penn State,Columbia,31,1,16:57:00,2217,2217,Nazeer Bostick missed Three Point Jumper.,2,5,-3,27,0.9551503030783092,0.42818500324584097,4,4,21.3,NA,NA,Penn State,missed,Nazeer Bostick,NA,TRUE,FALSE,Penn State,Penn State
400986361,2017-11-17,Penn State,Columbia,32,1,16:57:00,2217,2217,Lamar Stevens Offensive Rebound.,2,5,-3,0,0.9551503030783092,0.42818500324584097,4,4,21.3,NA,NA,NA,NA,NA,NA,NA,NA,Penn State,Penn State
400986361,2017-11-17,Penn State,Columbia,33,1,16:48:00,2208,2208,Nazeer Bostick made Dunk. Assisted by Jamari Wheeler.,4,5,-1,9,0.962570703058874,0.47580984828110745,4,4,21.3,NA,NA,Penn State,made,Nazeer Bostick,Jamari Wheeler,FALSE,FALSE,Penn State,Columbia
400986361,2017-11-17,Penn State,Columbia,34,1,16:39:00,2199,2199,Mike Smith missed Layup.,4,5,-1,9,0.9624161695126672,0.4757058251469711,4,4,21.3,NA,NA,Columbia,missed,Mike Smith,NA,FALSE,FALSE,Columbia,Penn State
400986361,2017-11-17,Penn State,Columbia,35,1,16:39:00,2199,2199,Mike Watkins Block.,4,5,-1,0,0.9624161695126672,0.4757058251469711,4,4,21.3,NA,NA,NA,NA,NA,NA,NA,NA,Columbia,Penn State
400986361,2017-11-17,Penn State,Columbia,36,1,16:38:00,2198,2198,Nazeer Bostick Defensive Rebound.,4,5,-1,1,0.9623988657712836,0.4756942538677578,4,4,21.3,NA,NA,NA,NA,NA,NA,NA,NA,Columbia,Penn State
400986361,2017-11-17,Penn State,Columbia,37,1,16:33:00,2193,2193,Lamar Stevens missed Jumper.,4,5,-1,5,0.9623119436082648,0.47563635998670234,4,4,21.3,NA,NA,Penn State,missed,Lamar Stevens,NA,FALSE,FALSE,Penn State,Columbia
400986361,2017-11-17,Penn State,Columbia,38,1,16:33:00,2193,2193,Quinton Adlesh Defensive Rebound.,4,5,-1,0,0.9623119436082648,0.47563635998670234,4,4,21.3,NA,NA,NA,NA,NA,NA,NA,NA,Penn State,Columbia
400986361,2017-11-17,Penn State,Columbia,39,1,16:20:00,2180,2180,Foul on Mike Smith.,4,5,-1,13,0.9620827648789104,0.4754855630210086,4,4,21.3,NA,NA,NA,NA,NA,NA,NA,NA,Penn State,Penn State
400986361,2017-11-17,Penn State,Columbia,40,1,16:20:00,2180,2180,Mike Smith Turnover.,4,5,-1,0,0.9620827648789104,0.4754855630210086,4,4,21.3,NA,NA,NA,NA,NA,NA,NA,NA,Columbia,Penn State
400986361,2017-11-17,Penn State,Columbia,41,1,16:03:00,2163,2163,Lamar Stevens missed Jumper.,4,5,-1,17,0.9617760217073046,0.4752878011846523,4,4,21.3,NA,NA,Penn State,missed,Lamar Stevens,NA,FALSE,FALSE,Penn State,Columbia
400986361,2017-11-17,Penn State,Columbia,42,1,16:03:00,2163,2163,Mike Smith Defensive Rebound.,4,5,-1,0,0.9617760217073046,0.4752878011846523,4,4,21.3,NA,NA,NA,NA,NA,NA,NA,NA,Penn State,Columbia
400986361,2017-11-17,Penn State,Columbia,43,1,15:57:00,2157,2157,Nate Hickman missed Three Point Jumper.,4,5,-1,6,0.9616658632530578,0.4752177740896185,4,4,21.3,NA,NA,Columbia,missed,Nate Hickman,NA,TRUE,FALSE,Columbia,Penn State
400986361,2017-11-17,Penn State,Columbia,44,1,15:57:00,2157,2157,Shep Garner Defensive Rebound.,4,5,-1,0,0.9616658632530578,0.4752177740896185,4,4,21.3,NA,NA,NA,NA,NA,NA,NA,NA,Columbia,Penn State
400986361,2017-11-17,Penn State,Columbia,45,1,15:40:00,2140,2140,Nazeer Bostick missed Layup.,4,5,-1,17,0.9613483753958044,0.4750185827432703,4,4,21.3,NA,NA,Penn State,missed,Nazeer Bostick,NA,FALSE,FALSE,Penn State,Columbia
400986361,2017-11-17,Penn State,Columbia,46,1,15:40:00,2140,2140,Patrick Tape Block.,4,5,-1,0,0.9613483753958044,0.4750185827432703,4,4,21.3,NA,NA,NA,NA,NA,NA,NA,NA,Penn State,Columbia
400986361,2017-11-17,Penn State,Columbia,47,1,15:38:00,2138,2138,Lukas Meisner Defensive Rebound.,4,5,-1,2,0.9613104992606704,0.4749950698399447,4,4,21.3,NA,NA,NA,NA,NA,NA,NA,NA,Penn State,Columbia
400986361,2017-11-17,Penn State,Columbia,48,1,15:24:00,2124,2124,Quinton Adlesh Turnover.,4,5,-1,14,0.9610422539673368,0.4748299950169719,4,4,21.3,NA,NA,NA,NA,NA,NA,NA,NA,Columbia,Penn State
400986361,2017-11-17,Penn State,Columbia,49,1,15:23:00,2123,2123,Jamari Wheeler Steal.,4,5,-1,1,0.9610228844803402,0.47481817078922034,4,4,21.3,NA,NA,NA,NA,NA,NA,NA,NA,Columbia,Penn State
400986361,2017-11-17,Penn State,Columbia,50,1,15:14:00,2114,2114,Shep Garner made Three Point Jumper. Assisted by Lamar Stevens.,7,5,2,9,0.9708032566668732,0.550447858030201,4,4,21.3,NA,NA,Penn State,made,Shep Garner,Lamar Stevens,TRUE,FALSE,Penn State,Columbia
400986361,2017-11-17,Penn State,Columbia,51,1,14:54:00,2094,2094,Quinton Adlesh made Three Point Jumper. Assisted by Lukas Meisner.,7,8,-1,20,0.960448935337588,0.47447323559535715,4,4,21.3,NA,NA,Columbia,made,Quinton Adlesh,Lukas Meisner,TRUE,FALSE,Columbia,Penn State
400986361,2017-11-17,Penn State,Columbia,52,1,14:31:00,2071,2071,Foul on Lukas Meisner.,7,8,-1,23,0.959976736949292,0.47419669197112624,4,4,21.3,NA,NA,NA,NA,NA,NA,NA,NA,Penn State,Penn State
400986361,2017-11-17,Penn State,Columbia,53,1,14:31:00,2071,2071,Official TV Timeout,7,8,-1,0,0.959976736949292,0.47419669197112624,4,4,21.3,NA,NA,NA,NA,NA,NA,NA,NA,Penn State,Penn State
400986361,2017-11-17,Penn State,Columbia,54,1,14:31:00,2071,2071,Satchel Pierce made Free Throw.,8,8,0,0,0.963762597644416,0.5,4,4,21.3,NA,NA,Penn State,made,Satchel Pierce,NA,FALSE,TRUE,Penn State,Penn State
400986361,2017-11-17,Penn State,Columbia,55,1,14:31:00,2071,2071,Satchel Pierce made Free Throw.,9,8,1,0,0.9672025828448308,0.5258033080288738,4,4,21.3,NA,NA,Penn State,made,Satchel Pierce,NA,FALSE,TRUE,Penn State,Columbia
400986361,2017-11-17,Penn State,Columbia,56,1,14:03:00,2043,2043,Myles Hanson missed Layup.,9,8,1,28,0.9667986824802316,0.5261438456356039,4,4,21.3,NA,NA,Columbia,missed,Myles Hanson,NA,FALSE,FALSE,Columbia,Penn State
400986361,2017-11-17,Penn State,Columbia,57,1,14:03:00,2043,2043,Lamar Stevens Defensive Rebound.,9,8,1,0,0.9667986824802316,0.5261438456356039,4,4,21.3,NA,NA,NA,NA,NA,NA,NA,NA,Columbia,Penn State
400986361,2017-11-17,Penn State,Columbia,58,1,13:48:00,2028,2028,Lamar Stevens made Jumper.,11,8,3,15,0.9727560900104708,0.5784052642774453,4,4,21.3,NA,NA,Penn State,made,Lamar Stevens,NA,FALSE,FALSE,Penn State,Columbia
400986361,2017-11-17,Penn State,Columbia,59,1,13:43:00,2023,2023,Foul on Nate Hickman.,11,8,3,5,0.9727075140724478,0.5785864166074178,4,4,21.3,NA,NA,NA,NA,NA,NA,NA,NA,Penn State,Penn State
400986361,2017-11-17,Penn State,Columbia,60,1,13:43:00,2023,2023,Nate Hickman Turnover.,11,8,3,0,0.9727075140724478,0.5785864166074178,4,4,21.3,NA,NA,NA,NA,NA,NA,NA,NA,Columbia,Penn State
400986361,2017-11-17,Penn State,Columbia,61,1,13:30:00,2010,2010,Deividas Zemgulis missed Three Point Jumper.,11,8,3,13,0.9725797006903572,0.579059474071448,4,4,21.3,NA,NA,Penn State,missed,Deividas Zemgulis,NA,TRUE,FALSE,Penn State,Columbia
400986361,2017-11-17,Penn State,Columbia,62,1,13:30:00,2010,2010,Jaron Faulds Defensive Rebound.,11,8,3,0,0.9725797006903572,0.579059474071448,4,4,21.3,NA,NA,NA,NA,NA,NA,NA,NA,Penn State,Columbia
400986361,2017-11-17,Penn State,Columbia,63,1,13:22:00,2002,2002,Nate Hickman missed Layup.,11,8,3,8,0.9724999625909904,0.579352101611674,4,4,21.3,NA,NA,Columbia,missed,Nate Hickman,NA,FALSE,FALSE,Columbia,Penn State
400986361,2017-11-17,Penn State,Columbia,64,1,13:22:00,2002,2002,Satchel Pierce Defensive Rebound.,11,8,3,0,0.9724999625909904,0.579352101611674,4,4,21.3,NA,NA,NA,NA,NA,NA,NA,NA,Columbia,Penn State
400986361,2017-11-17,Penn State,Columbia,65,1,13:15:00,1995,1995,Shep Garner made Three Point Jumper.,14,8,6,7,0.9798505068454506,0.6552817800863039,4,4,21.3,NA,NA,Penn State,made,Shep Garner,NA,TRUE,FALSE,Penn State,Columbia
400986361,2017-11-17,Penn State,Columbia,66,1,12:58:00,1978,1978,Mike Smith missed Jumper.,14,8,6,17,0.9797737508778304,0.6564455884686835,4,4,21.3,NA,NA,Columbia,missed,Mike Smith,NA,FALSE,FALSE,Columbia,Penn State
400986361,2017-11-17,Penn State,Columbia,67,1,12:58:00,1978,1978,Deividas Zemgulis Defensive Rebound.,14,8,6,0,0.9797737508778304,0.6564455884686835,4,4,21.3,NA,NA,NA,NA,NA,NA,NA,NA,Columbia,Penn State
400986361,2017-11-17,Penn State,Columbia,68,1,12:44:00,1964,1964,Foul on Jaron Faulds.,14,8,6,14,0.9797092549905274,0.6574108467922029,4,4,21.3,NA,NA,NA,NA,NA,NA,NA,NA,Penn State,Penn State
400986361,2017-11-17,Penn State,Columbia,69,1,12:44:00,1964,1964,Lamar Stevens missed Free Throw.,14,8,6,0,0.9797092549905274,0.6574108467922029,4,4,21.3,NA,NA,Penn State,missed,Lamar Stevens,NA,FALSE,TRUE,Penn State,Penn State
400986361,2017-11-17,Penn State,Columbia,70,1,12:44:00,1964,1964,Penn State Deadball Team Rebound.,14,8,6,0,0.9797092549905274,0.6574108467922029,4,4,21.3,NA,NA,NA,NA,NA,NA,NA,NA,Penn State,Penn State
400986361,2017-11-17,Penn State,Columbia,71,1,12:44:00,1964,1964,Lamar Stevens missed Free Throw.,14,8,6,0,0.9797092549905274,0.6574108467922029,4,4,21.3,NA,NA,Penn State,missed,Lamar Stevens,NA,FALSE,TRUE,Penn State,Penn State
400986361,2017-11-17,Penn State,Columbia,72,1,12:44:00,1964,1964,Nate Hickman Defensive Rebound.,14,8,6,0,0.9797092549905274,0.6574108467922029,4,4,21.3,NA,NA,NA,NA,NA,NA,NA,NA,Penn State,Penn State
400986361,2017-11-17,Penn State,Columbia,73,1,12:33:00,1953,1953,Foul on Deividas Zemgulis.,14,8,6,11,0.979657791710609,0.6581737432465339,4,4,21.3,NA,NA,NA,NA,NA,NA,NA,NA,Penn State,Columbia
400986361,2017-11-17,Penn State,Columbia,74,1,12:25:00,1945,1945,Mike Smith Turnover.,14,8,6,8,0.9796199399080152,0.6587311186438692,4,4,21.3,NA,NA,NA,NA,NA,NA,NA,NA,Columbia,Penn State
400986361,2017-11-17,Penn State,Columbia,75,1,12:24:00,1944,1944,Nazeer Bostick Steal.,14,8,6,1,0.9796151837470668,0.6588009434086132,4,4,21.3,NA,NA,NA,NA,NA,NA,NA,NA,Columbia,Penn State
400986361,2017-11-17,Penn State,Columbia,76,1,12:12:00,1932,1932,Mike Watkins missed Jumper.,14,8,6,12,0.9795576895790156,0.6596415323605215,4,4,21.3,NA,NA,Penn State,missed,Mike Watkins,NA,FALSE,FALSE,Penn State,Penn State
400986361,2017-11-17,Penn State,Columbia,77,1,12:12:00,1932,1932,Jamari Wheeler Offensive Rebound.,14,8,6,0,0.9795576895790156,0.6596415323605215,4,4,21.3,NA,NA,NA,NA,NA,NA,NA,NA,Penn State,Penn State
400986361,2017-11-17,Penn State,Columbia,78,1,12:10:00,1930,1930,Jamari Wheeler made Jumper.,16,8,8,2,0.98353290055804,0.7074637689668822,4,4,21.3,NA,NA,Penn State,made,Jamari Wheeler,NA,FALSE,FALSE,Penn State,Columbia
400986361,2017-11-17,Penn State,Columbia,79,1,11:57:00,1917,1917,Quinton Adlesh missed Jumper.,16,8,8,13,0.9835031433355612,0.7085851600524468,4,4,21.3,NA,NA,Columbia,missed,Quinton Adlesh,NA,FALSE,FALSE,Columbia,Penn State
400986361,2017-11-17,Penn State,Columbia,80,1,11:57:00,1917,1917,Mike Watkins Defensive Rebound.,16,8,8,0,0.9835031433355612,0.7085851600524468,4,4,21.3,NA,NA,NA,NA,NA,NA,NA,NA,Columbia,Penn State
400986361,2017-11-17,Penn State,Columbia,81,1,11:47:00,1907,1907,Foul on Mike Smith.,16,8,8,10,0.9834790185691432,0.7094447661281957,4,4,21.3,NA,NA,NA,NA,NA,NA,NA,NA,Penn State,Penn State
400986361,2017-11-17,Penn State,Columbia,82,1,11:47:00,1907,1907,Official TV Timeout,16,8,8,0,0.9834790185691432,0.7094447661281957,4,4,21.3,NA,NA,NA,NA,NA,NA,NA,NA,Penn State,Penn State
400986361,2017-11-17,Penn State,Columbia,83,1,11:47:00,1907,1907,Jamari Wheeler made Free Throw.,17,8,9,0,0.9851975759062788,0.7318982779945662,4,4,21.3,NA,NA,Penn State,made,Jamari Wheeler,NA,FALSE,TRUE,Penn State,Penn State
400986361,2017-11-17,Penn State,Columbia,84,1,11:47:00,1907,1907,Jamari Wheeler made Free Throw.,18,8,10,0,0.9867397745823084,0.7532202030423336,4,4,21.3,NA,NA,Penn State,made,Jamari Wheeler,NA,FALSE,TRUE,Penn State,Penn State
400986361,2017-11-17,Penn State,Columbia,85,1,11:47:00,1907,1907,Jamari Wheeler made Free Throw.,19,8,11,0,0.9881232354118886,0.7733714815057213,4,4,21.3,NA,NA,Penn State,made,Jamari Wheeler,NA,FALSE,TRUE,Penn State,Columbia
400986361,2017-11-17,Penn State,Columbia,86,1,11:38:00,1898,1898,Foul on Mike Watkins.,19,8,11,9,0.988123433027296,0.7742733406192142,4,4,21.3,NA,NA,NA,NA,NA,NA,NA,NA,Columbia,Columbia
400986361,2017-11-17,Penn State,Columbia,87,1,11:34:00,1894,1894,Gabe Stefanini Turnover.,19,8,11,4,0.98812334641193,0.7746732986814733,4,4,21.3,NA,NA,NA,NA,NA,NA,NA,NA,Columbia,Penn State
400986361,2017-11-17,Penn State,Columbia,88,1,11:22:00,1882,1882,Shep Garner missed Three Point Jumper.,19,8,11,12,0.9881224885234356,0.7758704443389025,4,4,21.3,NA,NA,Penn State,missed,Shep Garner,NA,TRUE,FALSE,Penn State,Penn State
400986361,2017-11-17,Penn State,Columbia,89,1,11:22:00,1882,1882,Lamar Stevens Offensive Rebound.,19,8,11,0,0.9881224885234356,0.7758704443389025,4,4,21.3,NA,NA,NA,NA,NA,NA,NA,NA,Penn State,Penn State
400986361,2017-11-17,Penn State,Columbia,90,1,11:18:00,1878,1878,Shep Garner missed Three Point Jumper.,19,8,11,4,0.9881220154821292,0.7762687094793727,4,4,21.3,NA,NA,Penn State,missed,Shep Garner,NA,TRUE,FALSE,Penn State,Columbia
400986361,2017-11-17,Penn State,Columbia,91,1,11:18:00,1878,1878,Columbia Defensive Rebound.,19,8,11,0,0.9881220154821292,0.7762687094793727,4,4,21.3,NA,NA,NA,NA,NA,NA,NA,NA,Penn State,Columbia
400986361,2017-11-17,Penn State,Columbia,92,1,11:04:00,1864,1864,Gabe Stefanini Turnover.,19,8,11,14,0.9881196956112664,0.7776602895860657,4,4,21.3,NA,NA,NA,NA,NA,NA,NA,NA,Columbia,Penn State
400986361,2017-11-17,Penn State,Columbia,93,1,11:03:00,1863,1863,Shep Garner Steal.,19,8,11,1,0.9881194930964412,0.7777595759117788,4,4,21.3,NA,NA,NA,NA,NA,NA,NA,NA,Columbia,Penn State
400986361,2017-11-17,Penn State,Columbia,94,1,11:00:00,1860,1860,Shep Garner missed Layup.,19,8,11,3,0.9881188581707624,0.7780573657815917,4,4,21.3,NA,NA,Penn State,missed,Shep Garner,NA,FALSE,FALSE,Penn State,Penn State
400986361,2017-11-17,Penn State,Columbia,95,1,11:00:00,1860,1860,Nazeer Bostick Offensive Rebound.,19,8,11,0,0.9881188581707624,0.7780573657815917,4,4,21.3,NA,NA,NA,NA,NA,NA,NA,NA,Penn State,Penn State
400986361,2017-11-17,Penn State,Columbia,96,1,10:58:00,1858,1858,Nazeer Bostick missed Layup.,19,8,11,2,0.9881184126432788,0.778255840483251,4,4,21.3,NA,NA,Penn State,missed,Nazeer Bostick,NA,FALSE,FALSE,Penn State,Penn State
400986361,2017-11-17,Penn State,Columbia,97,1,10:58:00,1858,1858,Lamar Stevens Offensive Rebound.,19,8,11,0,0.9881184126432788,0.778255840483251,4,4,21.3,NA,NA,NA,NA,NA,NA,NA,NA,Penn State,Penn State
400986361,2017-11-17,Penn State,Columbia,98,1,10:52:00,1852,1852,Foul on Patrick Tape.,19,8,11,6,0.988116974341873,0.7788510656330365,4,4,21.3,NA,NA,NA,NA,NA,NA,NA,NA,Penn State,Penn State
400986361,2017-11-17,Penn State,Columbia,99,1,10:29:00,1829,1829,Jamari Wheeler missed Layup.,19,8,11,23,0.9881102452006963,0.7811319356672518,4,4,21.3,NA,NA,Penn State,missed,Jamari Wheeler,NA,FALSE,FALSE,Penn State,Columbia
400986361,2017-11-17,Penn State,Columbia,100,1,10:29:00,1829,1829,Patrick Tape Defensive Rebound.,19,8,11,0,0.9881102452006963,0.7811319356672518,4,4,21.3,NA,NA,NA,NA,NA,NA,NA,NA,Penn State,Columbia
400986361,2017-11-17,Penn State,Columbia,101,1,10:29:00,1829,1829,Foul on Nazeer Bostick.,19,8,11,0,0.9881102452006963,0.7811319356672518,4,4,21.3,NA,NA,NA,NA,NA,NA,NA,NA,Penn State,Columbia
400986361,2017-11-17,Penn State,Columbia,102,1,10:16:00,1816,1816,Lukas Meisner missed Jumper.,19,8,11,13,0.9881057769482612,0.7824223583867437,4,4,21.3,NA,NA,Columbia,missed,Lukas Meisner,NA,FALSE,FALSE,Columbia,Penn State
400986361,2017-11-17,Penn State,Columbia,103,1,10:16:00,1816,1816,Mike Watkins Defensive Rebound.,19,8,11,0,0.9881057769482612,0.7824223583867437,4,4,21.3,NA,NA,NA,NA,NA,NA,NA,NA,Columbia,Penn State
400986361,2017-11-17,Penn State,Columbia,104,1,10:00:00,1800,1800,Nazeer Bostick made Layup.,21,8,13,16,0.990562997889673,0.8210702725954647,4,4,21.3,NA,NA,Penn State,made,Nazeer Bostick,NA,FALSE,FALSE,Penn State,Columbia
400986361,2017-11-17,Penn State,Columbia,105,1,09:41:00,1781,1781,Patrick Tape Turnover.,21,8,13,19,0.9905762594016244,0.8230140053445493,4,4,21.3,NA,NA,NA,NA,NA,NA,NA,NA,Columbia,Penn State
400986361,2017-11-17,Penn State,Columbia,106,1,09:39:00,1779,1779,Lamar Stevens Steal.,21,8,13,2,0.9905776643589812,0.8232190001087664,4,4,21.3,NA,NA,NA,NA,NA,NA,NA,NA,Columbia,Penn State
400986361,2017-11-17,Penn State,Columbia,107,1,09:21:00,1761,1761,Foul on Lamar Stevens.,21,8,13,18,0.9905905066297946,0.8250684838659322,4,4,21.3,NA,NA,NA,NA,NA,NA,NA,NA,Penn State,Columbia
400986361,2017-11-17,Penn State,Columbia,108,1,09:21:00,1761,1761,Lamar Stevens Turnover.,21,8,13,0,0.9905905066297946,0.8250684838659322,4,4,21.3,NA,NA,NA,NA,NA,NA,NA,NA,Penn State,Columbia
400986361,2017-11-17,Penn State,Columbia,109,1,09:10:00,1750,1750,Gabe Stefanini Turnover.,21,8,13,11,0.9905986143316988,0.8262035449429639,4,4,21.3,NA,NA,NA,NA,NA,NA,NA,NA,Columbia,Penn State
400986361,2017-11-17,Penn State,Columbia,110,1,08:53:00,1733,1733,Foul on Mike Watkins.,21,8,13,17,0.9906117182216496,0.8279666598417638,4,4,21.3,NA,NA,NA,NA,NA,NA,NA,NA,Penn State,Columbia
400986361,2017-11-17,Penn State,Columbia,111,1,08:53:00,1733,1733,Mike Watkins Turnover.,21,8,13,0,0.9906117182216496,0.8279666598417638,4,4,21.3,NA,NA,NA,NA,NA,NA,NA,NA,Penn State,Columbia
400986361,2017-11-17,Penn State,Columbia,112,1,08:42:00,1722,1722,Lukas Meisner Turnover.,21,8,13,11,0.9906206702174476,0.8291141966633713,4,4,21.3,NA,NA,NA,NA,NA,NA,NA,NA,Columbia,Penn State
400986361,2017-11-17,Penn State,Columbia,113,1,08:27:00,1707,1707,Satchel Pierce missed Layup.,21,8,13,15,0.9906336176735392,0.83068874076053,4,4,21.3,NA,NA,Penn State,missed,Satchel Pierce,NA,FALSE,FALSE,Penn State,Penn State
400986361,2017-11-17,Penn State,Columbia,114,1,08:27:00,1707,1707,Deividas Zemgulis Offensive Rebound.,21,8,13,0,0.9906336176735392,0.83068874076053,4,4,21.3,NA,NA,NA,NA,NA,NA,NA,NA,Penn State,Penn State
400986361,2017-11-17,Penn State,Columbia,115,1,08:10:00,1690,1690,Foul on Quinton Adlesh.,21,8,13,17,0.9906495196112924,0.8324884441738948,4,4,21.3,NA,NA,NA,NA,NA,NA,NA,NA,Penn State,Penn State
400986361,2017-11-17,Penn State,Columbia,116,1,08:10:00,1690,1690,Satchel Pierce missed Free Throw.,21,8,13,0,0.9906495196112924,0.8324884441738948,4,4,21.3,NA,NA,Penn State,missed,Satchel Pierce,NA,FALSE,TRUE,Penn State,Penn State
400986361,2017-11-17,Penn State,Columbia,117,1,08:10:00,1690,1690,Penn State Deadball Team Rebound.,21,8,13,0,0.9906495196112924,0.8324884441738948,4,4,21.3,NA,NA,NA,NA,NA,NA,NA,NA,Penn State,Penn State
400986361,2017-11-17,Penn State,Columbia,118,1,08:10:00,1690,1690,Satchel Pierce made Free Throw.,22,8,14,0,0.9917255094565408,0.8489902022234227,4,4,21.3,NA,NA,Penn State,made,Satchel Pierce,NA,FALSE,TRUE,Penn State,Columbia
400986361,2017-11-17,Penn State,Columbia,119,1,07:59:00,1679,1679,Quinton Adlesh made Three Point Jumper. Assisted by Mike Smith.,22,11,11,11,0.9880618437542288,0.7963659453951241,4,4,21.3,NA,NA,Columbia,made,Quinton Adlesh,Mike Smith,TRUE,FALSE,Columbia,Penn State
400986361,2017-11-17,Penn State,Columbia,120,1,07:49:00,1669,1669,Shep Garner made Three Point Jumper. Assisted by Jamari Wheeler.,25,11,14,10,0.991749635529388,0.8511542300724655,4,4,21.3,NA,NA,Penn State,made,Shep Garner,Jamari Wheeler,TRUE,FALSE,Penn State,Columbia
400986361,2017-11-17,Penn State,Columbia,121,1,07:38:00,1658,1658,Lukas Meisner made Three Point Jumper. Assisted by Mike Smith.,25,14,11,11,0.9880485588546096,0.7984889416720418,4,4,21.3,NA,NA,Columbia,made,Lukas Meisner,Mike Smith,TRUE,FALSE,Columbia,Penn State
400986361,2017-11-17,Penn State,Columbia,122,1,07:07:00,1627,1627,Jamari Wheeler missed Layup.,25,14,11,31,0.9880144309651118,0.8015123840733444,4,4,21.3,NA,NA,Penn State,missed,Jamari Wheeler,NA,FALSE,FALSE,Penn State,Penn State
400986361,2017-11-17,Penn State,Columbia,123,1,07:07:00,1627,1627,Satchel Pierce Offensive Rebound.,25,14,11,0,0.9880144309651118,0.8015123840733444,4,4,21.3,NA,NA,NA,NA,NA,NA,NA,NA,Penn State,Penn State
400986361,2017-11-17,Penn State,Columbia,124,1,07:05:00,1625,1625,Satchel Pierce made Dunk.,27,14,13,2,0.9906757116780396,0.8390228743817341,4,4,21.3,NA,NA,Penn State,made,Satchel Pierce,NA,FALSE,FALSE,Penn State,Columbia
400986361,2017-11-17,Penn State,Columbia,125,1,06:45:00,1605,1605,Mike Smith Turnover.,27,14,13,20,0.9906732693456072,0.8409314595294869,4,4,21.3,NA,NA,NA,NA,NA,NA,NA,NA,Columbia,Penn State
400986361,2017-11-17,Penn State,Columbia,126,1,06:45:00,1605,1605,Jamari Wheeler Steal.,27,14,13,0,0.9906732693456072,0.8409314595294869,4,4,21.3,NA,NA,NA,NA,NA,NA,NA,NA,Columbia,Penn State
400986361,2017-11-17,Penn State,Columbia,127,1,06:41:00,1601,1601,Jamari Wheeler missed Layup.,27,14,13,4,0.9906724544925546,0.8413103038174224,4,4,21.3,NA,NA,Penn State,missed,Jamari Wheeler,NA,FALSE,FALSE,Penn State,Columbia
400986361,2017-11-17,Penn State,Columbia,128,1,06:41:00,1601,1601,Mike Smith Defensive Rebound.,27,14,13,0,0.9906724544925546,0.8413103038174224,4,4,21.3,NA,NA,NA,NA,NA,NA,NA,NA,Penn State,Columbia
400986361,2017-11-17,Penn State,Columbia,129,1,06:35:00,1595,1595,Quinton Adlesh made Three Point Jumper. Assisted by Mike Smith.,27,17,10,6,0.9863376765943014,0.783529842382632,4,4,21.3,NA,NA,Columbia,made,Quinton Adlesh,Mike Smith,TRUE,FALSE,Columbia,Penn State
400986361,2017-11-17,Penn State,Columbia,130,1,06:12:00,1572,1572,Foul on Satchel Pierce.,27,17,10,23,0.9862775801756912,0.7856581439881336,4,4,21.3,NA,NA,NA,NA,NA,NA,NA,NA,Penn State,Columbia
400986361,2017-11-17,Penn State,Columbia,131,1,06:12:00,1572,1572,Satchel Pierce Turnover.,27,17,10,0,0.9862775801756912,0.7856581439881336,4,4,21.3,NA,NA,NA,NA,NA,NA,NA,NA,Penn State,Columbia
400986361,2017-11-17,Penn State,Columbia,132,1,06:12:00,1572,1572,Official TV Timeout,27,17,10,0,0.9862775801756912,0.7856581439881336,4,4,21.3,NA,NA,NA,NA,NA,NA,NA,NA,Penn State,Columbia
400986361,2017-11-17,Penn State,Columbia,133,1,05:55:00,1555,1555,Quinton Adlesh missed Three Point Jumper.,27,17,10,17,0.9862325466934196,0.7872397136689363,4,4,21.3,NA,NA,Columbia,missed,Quinton Adlesh,NA,TRUE,FALSE,Columbia,Penn State
400986361,2017-11-17,Penn State,Columbia,134,1,05:55:00,1555,1555,Deividas Zemgulis Defensive Rebound.,27,17,10,0,0.9862325466934196,0.7872397136689363,4,4,21.3,NA,NA,NA,NA,NA,NA,NA,NA,Columbia,Penn State
400986361,2017-11-17,Penn State,Columbia,135,1,05:40:00,1540,1540,Foul on Lukas Meisner.,27,17,10,15,0.9861933879854984,0.7886490618687066,4,4,21.3,NA,NA,NA,NA,NA,NA,NA,NA,Penn State,Penn State
400986361,2017-11-17,Penn State,Columbia,136,1,05:40:00,1540,1540,Satchel Pierce made Free Throw.,28,17,11,0,0.987876177048719,0.8097646429660315,4,4,21.3,NA,NA,Penn State,made,Satchel Pierce,NA,FALSE,TRUE,Penn State,Penn State
400986361,2017-11-17,Penn State,Columbia,137,1,05:40:00,1540,1540,Satchel Pierce made Free Throw.,29,17,12,0,0.989356076669184,0.8292274260823087,4,4,21.3,NA,NA,Penn State,made,Satchel Pierce,NA,FALSE,TRUE,Penn State,Columbia
400986361,2017-11-17,Penn State,Columbia,138,1,05:33:00,1533,1533,Mike Smith missed Jumper.,29,17,12,7,0.9893506721755352,0.8299039702061464,4,4,21.3,NA,NA,Columbia,missed,Mike Smith,NA,FALSE,FALSE,Columbia,Penn State
400986361,2017-11-17,Penn State,Columbia,139,1,05:33:00,1533,1533,Jamari Wheeler Defensive Rebound.,29,17,12,0,0.9893506721755352,0.8299039702061464,4,4,21.3,NA,NA,NA,NA,NA,NA,NA,NA,Columbia,Penn State
400986361,2017-11-17,Penn State,Columbia,140,1,05:14:00,1514,1514,Satchel Pierce missed Jumper.,29,17,12,19,0.9893381475130616,0.8317634627998138,4,4,21.3,NA,NA,Penn State,missed,Satchel Pierce,NA,FALSE,FALSE,Penn State,Columbia
400986361,2017-11-17,Penn State,Columbia,141,1,05:14:00,1514,1514,Nate Hickman Defensive Rebound.,29,17,12,0,0.9893381475130616,0.8317634627998138,4,4,21.3,NA,NA,NA,NA,NA,NA,NA,NA,Penn State,Columbia
400986361,2017-11-17,Penn State,Columbia,142,1,05:02:00,1502,1502,Mike Smith made Layup.,29,19,10,12,0.9861020933200462,0.7923181412421829,4,4,21.3,NA,NA,Columbia,made,Mike Smith,NA,FALSE,FALSE,Columbia,Penn State
400986361,2017-11-17,Penn State,Columbia,143,1,04:44:00,1484,1484,Satchel Pierce missed Three Point Jumper.,29,19,10,18,0.9860656304068366,0.7941254820800225,4,4,21.3,NA,NA,Penn State,missed,Satchel Pierce,NA,TRUE,FALSE,Penn State,Columbia
400986361,2017-11-17,Penn State,Columbia,144,1,04:44:00,1484,1484,Columbia Defensive Rebound.,29,19,10,0,0.9860656304068366,0.7941254820800225,4,4,21.3,NA,NA,NA,NA,NA,NA,NA,NA,Penn State,Columbia
400986361,2017-11-17,Penn State,Columbia,145,1,04:33:00,1473,1473,Mike Smith made Jumper.,29,21,8,11,0.9817752012239472,0.7475392683504012,4,4,21.3,NA,NA,Columbia,made,Mike Smith,NA,FALSE,FALSE,Columbia,Penn State
400986361,2017-11-17,Penn State,Columbia,146,1,04:10:00,1450,1450,Shep Garner made Three Point Jumper. Assisted by Deividas Zemgulis.,32,21,11,23,0.987786038533054,0.8189428696756735,4,4,21.3,NA,NA,Penn State,made,Shep Garner,Deividas Zemgulis,TRUE,FALSE,Penn State,Columbia
400986361,2017-11-17,Penn State,Columbia,147,1,03:54:00,1434,1434,Jaron Faulds made Jumper.,32,23,9,16,0.9839506283361046,0.7763191672204246,4,4,21.3,NA,NA,Columbia,made,Jaron Faulds,NA,FALSE,FALSE,Columbia,Penn State
400986361,2017-11-17,Penn State,Columbia,148,1,03:27:00,1407,1407,Shep Garner made Layup.,34,23,11,27,0.9877572720191315,0.823433434957756,4,4,21.3,NA,NA,Penn State,made,Shep Garner,NA,FALSE,FALSE,Penn State,Columbia
400986361,2017-11-17,Penn State,Columbia,149,1,03:14:00,1394,1394,Jaron Faulds made Jumper. Assisted by Mike Smith.,34,25,9,13,0.9838192044229211,0.7802432977702841,4,4,21.3,NA,NA,Columbia,made,Jaron Faulds,Mike Smith,FALSE,FALSE,Columbia,Penn State
400986361,2017-11-17,Penn State,Columbia,150,1,03:12:00,1392,1392,Penn State  Timeout,34,25,9,2,0.9838117906468302,0.7804335048423022,3,4,21.3,NA,NA,NA,NA,NA,NA,NA,NA,Penn State,Penn State
400986361,2017-11-17,Penn State,Columbia,151,1,03:12:00,1392,1392,Official TV Timeout,34,25,9,0,0.9838117906468302,0.7804335048423022,3,4,21.3,NA,NA,NA,NA,NA,NA,NA,NA,Penn State,Penn State
400986361,2017-11-17,Penn State,Columbia,152,1,02:58:00,1378,1378,Shep Garner made Jumper.,36,25,11,14,0.987718947967117,0.8262765838328747,3,4,21.3,NA,NA,Penn State,made,Shep Garner,NA,FALSE,FALSE,Penn State,Columbia
400986361,2017-11-17,Penn State,Columbia,153,1,02:47:00,1367,1367,Mike Smith missed Jumper.,36,25,11,11,0.9877023026119248,0.827335880964732,3,4,21.3,NA,NA,Columbia,missed,Mike Smith,NA,FALSE,FALSE,Columbia,Penn State
400986361,2017-11-17,Penn State,Columbia,154,1,02:47:00,1367,1367,Julian Moore Defensive Rebound.,36,25,11,0,0.9877023026119248,0.827335880964732,3,4,21.3,NA,NA,NA,NA,NA,NA,NA,NA,Columbia,Penn State
400986361,2017-11-17,Penn State,Columbia,155,1,02:32:00,1352,1352,Julian Moore Turnover.,36,25,11,15,0.9876788474024496,0.828774624230631,3,4,21.3,NA,NA,NA,NA,NA,NA,NA,NA,Penn State,Columbia
400986361,2017-11-17,Penn State,Columbia,156,1,02:22:00,1342,1342,Foul on Julian Moore.,36,25,11,10,0.9876631954670148,0.8297346697747949,3,4,21.3,NA,NA,NA,NA,NA,NA,NA,NA,Columbia,Columbia
400986361,2017-11-17,Penn State,Columbia,157,1,02:22:00,1342,1342,Nate Hickman made Free Throw.,36,26,10,0,0.985779913648823,0.8084191712535349,3,4,21.3,NA,NA,Columbia,made,Nate Hickman,NA,FALSE,TRUE,Columbia,Columbia
400986361,2017-11-17,Penn State,Columbia,158,1,02:22:00,1342,1342,Nate Hickman made Free Throw.,36,27,9,0,0.983613908125243,0.7851262368637576,3,4,21.3,NA,NA,Columbia,made,Nate Hickman,NA,FALSE,TRUE,Columbia,Penn State
400986361,2017-11-17,Penn State,Columbia,159,1,02:13:00,1333,1333,Jamari Wheeler missed Three Point Jumper.,36,27,9,9,0.9835776033678786,0.7859743500004238,3,4,21.3,NA,NA,Penn State,missed,Jamari Wheeler,NA,TRUE,FALSE,Penn State,Columbia
400986361,2017-11-17,Penn State,Columbia,160,1,02:13:00,1333,1333,Quinton Adlesh Defensive Rebound.,36,27,9,0,0.9835776033678786,0.7859743500004238,3,4,21.3,NA,NA,NA,NA,NA,NA,NA,NA,Penn State,Columbia
400986361,2017-11-17,Penn State,Columbia,161,1,01:59:00,1319,1319,Mike Smith missed Layup.,36,27,9,14,0.9835220985316058,0.7873071709991522,3,4,21.3,NA,NA,Columbia,missed,Mike Smith,NA,FALSE,FALSE,Columbia,Columbia
400986361,2017-11-17,Penn State,Columbia,162,1,01:59:00,1319,1319,Jaron Faulds Offensive Rebound.,36,27,9,0,0.9835220985316058,0.7873071709991522,3,4,21.3,NA,NA,NA,NA,NA,NA,NA,NA,Columbia,Columbia
400986361,2017-11-17,Penn State,Columbia,163,1,01:57:00,1317,1317,Jaron Faulds made Layup.,36,29,7,2,0.9780661664383437,0.7347435601446837,3,4,21.3,NA,NA,Columbia,made,Jaron Faulds,NA,FALSE,FALSE,Columbia,Penn State
400986361,2017-11-17,Penn State,Columbia,164,1,01:49:00,1309,1309,Shep Garner missed Three Point Jumper.,36,29,7,8,0.9780034743304152,0.7354447669901814,3,4,21.3,NA,NA,Penn State,missed,Shep Garner,NA,TRUE,FALSE,Penn State,Columbia
400986361,2017-11-17,Penn State,Columbia,165,1,01:49:00,1309,1309,Nate Hickman Defensive Rebound.,36,29,7,0,0.9780034743304152,0.7354447669901814,3,4,21.3,NA,NA,NA,NA,NA,NA,NA,NA,Penn State,Columbia
400986361,2017-11-17,Penn State,Columbia,166,1,01:32:00,1292,1292,Gabe Stefanini missed Jumper.,36,29,7,17,0.9778730529322988,0.7369671038951022,3,4,21.3,NA,NA,Columbia,missed,Gabe Stefanini,NA,FALSE,FALSE,Columbia,Penn State
400986361,2017-11-17,Penn State,Columbia,167,1,01:32:00,1292,1292,Nazeer Bostick Defensive Rebound.,36,29,7,0,0.9778730529322988,0.7369671038951022,3,4,21.3,NA,NA,NA,NA,NA,NA,NA,NA,Columbia,Penn State
400986361,2017-11-17,Penn State,Columbia,168,1,01:10:00,1270,1270,Julian Moore Turnover.,36,29,7,22,0.9777126576156884,0.7390194184556419,3,4,21.3,NA,NA,NA,NA,NA,NA,NA,NA,Penn State,Columbia
400986361,2017-11-17,Penn State,Columbia,169,1,01:10:00,1270,1270,Quinton Adlesh Steal.,36,29,7,0,0.9777126576156884,0.7390194184556419,3,4,21.3,NA,NA,NA,NA,NA,NA,NA,NA,Penn State,Columbia
400986361,2017-11-17,Penn State,Columbia,170,1,01:09:00,1269,1269,Foul on Shep Garner.,36,29,7,1,0.9777056549304656,0.7391152944158451,3,4,21.3,NA,NA,NA,NA,NA,NA,NA,NA,Columbia,Columbia
400986361,2017-11-17,Penn State,Columbia,171,1,01:09:00,1269,1269,Quinton Adlesh made Free Throw.,36,30,6,0,0.9742217463503297,0.7094279647593884,3,4,21.3,NA,NA,Columbia,made,Quinton Adlesh,NA,FALSE,TRUE,Columbia,Columbia
400986361,2017-11-17,Penn State,Columbia,172,1,01:09:00,1269,1269,Quinton Adlesh made Free Throw.,36,31,5,0,0.9702100001373266,0.6778348864205724,3,4,21.3,NA,NA,Columbia,made,Quinton Adlesh,NA,FALSE,TRUE,Columbia,Penn State
400986361,2017-11-17,Penn State,Columbia,173,1,00:39:00,1239,1239,Nazeer Bostick missed Three Point Jumper.,36,31,5,30,0.9698211000637408,0.6802668764164259,3,4,21.3,NA,NA,Penn State,missed,Nazeer Bostick,NA,TRUE,FALSE,Penn State,Columbia
400986361,2017-11-17,Penn State,Columbia,174,1,00:39:00,1239,1239,Myles Hanson Defensive Rebound.,36,31,5,0,0.9698211000637408,0.6802668764164259,3,4,21.3,NA,NA,NA,NA,NA,NA,NA,NA,Penn State,Columbia
400986361,2017-11-17,Penn State,Columbia,175,1,00:34:00,1234,1234,Foul on Nazeer Bostick.,36,31,5,5,0.9697591617507662,0.6806941829493431,3,4,21.3,NA,NA,NA,NA,NA,NA,NA,NA,Columbia,Columbia
400986361,2017-11-17,Penn State,Columbia,176,1,00:34:00,1234,1234,Nate Hickman made Free Throw.,36,32,4,0,0.9649892471419496,0.6469298387857294,3,4,21.3,NA,NA,Columbia,made,Nate Hickman,NA,FALSE,TRUE,Columbia,Columbia
400986361,2017-11-17,Penn State,Columbia,177,1,00:34:00,1234,1234,Nate Hickman missed Free Throw.,36,32,4,0,0.9649892471419496,0.6469298387857294,3,4,21.3,NA,NA,Columbia,missed,Nate Hickman,NA,FALSE,TRUE,Columbia,Penn State
400986361,2017-11-17,Penn State,Columbia,178,1,00:34:00,1234,1234,Lamar Stevens Defensive Rebound.,36,32,4,0,0.9649892471419496,0.6469298387857294,3,4,21.3,NA,NA,NA,NA,NA,NA,NA,NA,Columbia,Penn State
400986361,2017-11-17,Penn State,Columbia,179,1,00:06:00,1206,1206,Lamar Stevens made Layup.,38,32,6,28,0.9736723986351032,0.7155149193015726,3,4,21.3,NA,NA,Penn State,made,Lamar Stevens,NA,FALSE,FALSE,Penn State,Columbia
400986361,2017-11-17,Penn State,Columbia,180,1,00:00:00,1200,1200,Gabe Stefanini made Three Point Jumper.,38,35,3,6,0.9587500970702106,0.6136521367497382,3,4,21.3,NA,NA,Columbia,made,Gabe Stefanini,NA,TRUE,FALSE,Columbia,Penn State
400986361,2017-11-17,Penn State,Columbia,181,1,00:00:00,1200,1200,End of 1st half,38,35,3,0,0.9587500970702106,0.6136521367497382,3,4,21.3,NA,NA,NA,NA,NA,NA,NA,NA,Penn State,NA
400986361,2017-11-17,Penn State,Columbia,182,2,20:00:00,1200,1200,PLAY,38,35,3,0,0.9587500970702106,0.6136521367497382,4,4,21.3,NA,NA,NA,NA,NA,NA,NA,NA,NA,Columbia
400986361,2017-11-17,Penn State,Columbia,183,2,19:50:00,1190,1190,Nate Hickman Turnover.,38,35,3,10,0.9585308260477032,0.6142468765901157,4,4,21.3,NA,NA,NA,NA,NA,NA,NA,NA,Columbia,Penn State
400986361,2017-11-17,Penn State,Columbia,184,2,19:50:00,1190,1190,Shep Garner Steal.,38,35,3,0,0.9585308260477032,0.6142468765901157,4,4,21.3,NA,NA,NA,NA,NA,NA,NA,NA,Columbia,Penn State
400986361,2017-11-17,Penn State,Columbia,185,2,19:31:00,1171,1171,Julian Moore Turnover.,38,35,3,19,0.958110611037504,0.6153500340475311,4,4,21.3,NA,NA,NA,NA,NA,NA,NA,NA,Penn State,Columbia
400986361,2017-11-17,Penn State,Columbia,186,2,19:30:00,1170,1170,Mike Smith Steal.,38,35,3,1,0.9580883730432104,0.6154073158398975,4,4,21.3,NA,NA,NA,NA,NA,NA,NA,NA,Penn State,Columbia
400986361,2017-11-17,Penn State,Columbia,187,2,19:25:00,1165,1165,Mike Smith missed Layup.,38,35,3,5,0.9579770127420784,0.6156927998796197,4,4,21.3,NA,NA,Columbia,missed,Mike Smith,NA,FALSE,FALSE,Columbia,Penn State
400986361,2017-11-17,Penn State,Columbia,188,2,19:25:00,1165,1165,Julian Moore Defensive Rebound.,38,35,3,0,0.9579770127420784,0.6156927998796197,4,4,21.3,NA,NA,NA,NA,NA,NA,NA,NA,Columbia,Penn State
400986361,2017-11-17,Penn State,Columbia,189,2,19:03:00,1143,1143,Shep Garner made Jumper.,40,35,5,22,0.9686938930969684,0.6887478917648818,4,4,21.3,NA,NA,Penn State,made,Shep Garner,NA,FALSE,FALSE,Penn State,Columbia
400986361,2017-11-17,Penn State,Columbia,190,2,18:34:00,1114,1114,Foul on Patrick Tape.,40,35,5,29,0.9683465153306812,0.6912139151588435,4,4,21.3,NA,NA,NA,NA,NA,NA,NA,NA,Penn State,Penn State
400986361,2017-11-17,Penn State,Columbia,191,2,18:34:00,1114,1114,Patrick Tape Turnover.,40,35,5,0,0.9683465153306812,0.6912139151588435,4,4,21.3,NA,NA,NA,NA,NA,NA,NA,NA,Columbia,Penn State
400986361,2017-11-17,Penn State,Columbia,192,2,18:11:00,1091,1091,Shep Garner made Jumper.,42,35,7,23,0.9767496019710272,0.7578960276966257,4,4,21.3,NA,NA,Penn State,made,Shep Garner,NA,FALSE,FALSE,Penn State,Columbia
400986361,2017-11-17,Penn State,Columbia,193,2,18:05:00,1085,1085,Mike Smith Turnover.,42,35,7,6,0.9767203076597014,0.7585332811520077,4,4,21.3,NA,NA,NA,NA,NA,NA,NA,NA,Columbia,Penn State
400986361,2017-11-17,Penn State,Columbia,194,2,17:56:00,1076,1076,Nazeer Bostick missed Jumper.,42,35,7,9,0.9766775384848914,0.759499868592211,4,4,21.3,NA,NA,Penn State,missed,Nazeer Bostick,NA,FALSE,FALSE,Penn State,Columbia
400986361,2017-11-17,Penn State,Columbia,195,2,17:56:00,1076,1076,Quinton Adlesh Defensive Rebound.,42,35,7,0,0.9766775384848914,0.759499868592211,4,4,21.3,NA,NA,NA,NA,NA,NA,NA,NA,Penn State,Columbia
400986361,2017-11-17,Penn State,Columbia,196,2,17:46:00,1066,1066,Lukas Meisner made Three Point Jumper. Assisted by Quinton Adlesh.,42,38,4,10,0.9622155990546752,0.659379158358208,4,4,21.3,NA,NA,Columbia,made,Lukas Meisner,Quinton Adlesh,TRUE,FALSE,Columbia,Penn State
400986361,2017-11-17,Penn State,Columbia,197,2,17:20:00,1040,1040,Lamar Stevens missed Jumper.,42,38,4,26,0.9617898767156764,0.6614628737266348,4,4,21.3,NA,NA,Penn State,missed,Lamar Stevens,NA,FALSE,FALSE,Penn State,Columbia
400986361,2017-11-17,Penn State,Columbia,198,2,17:20:00,1040,1040,Columbia Defensive Rebound.,42,38,4,0,0.9617898767156764,0.6614628737266348,4,4,21.3,NA,NA,NA,NA,NA,NA,NA,NA,Penn State,Columbia
400986361,2017-11-17,Penn State,Columbia,199,2,17:12:00,1032,1032,Mike Smith missed Layup.,42,38,4,8,0.9616607622345552,0.6621335208524443,4,4,21.3,NA,NA,Columbia,missed,Mike Smith,NA,FALSE,FALSE,Columbia,Penn State
400986361,2017-11-17,Penn State,Columbia,200,2,17:12:00,1032,1032,Mike Watkins Defensive Rebound.,42,38,4,0,0.9616607622345552,0.6621335208524443,4,4,21.3,NA,NA,NA,NA,NA,NA,NA,NA,Columbia,Penn State
400986361,2017-11-17,Penn State,Columbia,201,2,17:01:00,1021,1021,Shep Garner missed Jumper.,42,38,4,11,0.9614850115428396,0.6630820236440284,4,4,21.3,NA,NA,Penn State,missed,Shep Garner,NA,FALSE,FALSE,Penn State,Penn State
400986361,2017-11-17,Penn State,Columbia,202,2,17:01:00,1021,1021,Nazeer Bostick Offensive Rebound.,42,38,4,0,0.9614850115428396,0.6630820236440284,4,4,21.3,NA,NA,NA,NA,NA,NA,NA,NA,Penn State,Penn State
400986361,2017-11-17,Penn State,Columbia,203,2,16:56:00,1016,1016,Nazeer Bostick missed Two Point Tip Shot.,42,38,4,5,0.9614058773325737,0.6635240000594783,4,4,21.3,NA,NA,Penn State,missed,Nazeer Bostick,NA,FALSE,FALSE,Penn State,Columbia
400986361,2017-11-17,Penn State,Columbia,204,2,16:56:00,1016,1016,Lukas Meisner Defensive Rebound.,42,38,4,0,0.9614058773325737,0.6635240000594783,4,4,21.3,NA,NA,NA,NA,NA,NA,NA,NA,Penn State,Columbia
400986361,2017-11-17,Penn State,Columbia,205,2,16:47:00,1007,1007,Patrick Tape Turnover.,42,38,4,9,0.9612647377249856,0.6643378481158143,4,4,21.3,NA,NA,NA,NA,NA,NA,NA,NA,Columbia,Penn State
400986361,2017-11-17,Penn State,Columbia,206,2,16:35:00,995,995,Mike Watkins made Jumper. Assisted by Shep Garner.,44,38,6,12,0.97208825676981,0.7372254133699064,4,4,21.3,NA,NA,Penn State,made,Mike Watkins,Shep Garner,FALSE,FALSE,Penn State,Columbia
400986361,2017-11-17,Penn State,Columbia,207,2,16:15:00,975,975,Quinton Adlesh missed Jumper.,44,38,6,20,0.9719918341273668,0.7398094024158185,4,4,21.3,NA,NA,Columbia,missed,Quinton Adlesh,NA,FALSE,FALSE,Columbia,Penn State
400986361,2017-11-17,Penn State,Columbia,208,2,16:15:00,975,975,Mike Watkins Defensive Rebound.,44,38,6,0,0.9719918341273668,0.7398094024158185,4,4,21.3,NA,NA,NA,NA,NA,NA,NA,NA,Columbia,Penn State
400986361,2017-11-17,Penn State,Columbia,209,2,15:50:00,950,950,Nazeer Bostick missed Layup.,44,38,6,25,0.9718827944267656,0.743048032776889,4,4,21.3,NA,NA,Penn State,missed,Nazeer Bostick,NA,FALSE,FALSE,Penn State,Penn State
400986361,2017-11-17,Penn State,Columbia,210,2,15:50:00,950,950,Mike Watkins Offensive Rebound.,44,38,6,0,0.9718827944267656,0.743048032776889,4,4,21.3,NA,NA,NA,NA,NA,NA,NA,NA,Penn State,Penn State
400986361,2017-11-17,Penn State,Columbia,211,2,15:48:00,948,948,Mike Watkins made Layup.,46,38,8,2,0.9800990962038476,0.8049476400867169,4,4,21.3,NA,NA,Penn State,made,Mike Watkins,NA,FALSE,FALSE,Penn State,Columbia
400986361,2017-11-17,Penn State,Columbia,212,2,15:40:00,940,940,Mike Smith made Layup.,46,40,6,8,0.9718351807911926,0.7442260015260497,4,4,21.3,NA,NA,Columbia,made,Mike Smith,NA,FALSE,FALSE,Columbia,Penn State
400986361,2017-11-17,Penn State,Columbia,213,2,15:19:00,919,919,Lamar Stevens made Three Point Jumper. Assisted by Jamari Wheeler.,49,40,9,21,0.9833304488155092,0.834831965250762,4,4,21.3,NA,NA,Penn State,made,Lamar Stevens,Jamari Wheeler,TRUE,FALSE,Penn State,Columbia
400986361,2017-11-17,Penn State,Columbia,214,2,15:01:00,901,901,Mike Smith Turnover.,49,40,9,18,0.9833548578398742,0.8368400644454349,4,4,21.3,NA,NA,NA,NA,NA,NA,NA,NA,Columbia,Penn State
400986361,2017-11-17,Penn State,Columbia,215,2,15:01:00,901,901,Official TV Timeout,49,40,9,0,0.9833548578398742,0.8368400644454349,4,4,21.3,NA,NA,NA,NA,NA,NA,NA,NA,Columbia,Penn State
400986361,2017-11-17,Penn State,Columbia,216,2,14:49:00,889,889,Foul on Quinton Adlesh.,49,40,9,12,0.9833697206150878,0.8381312433012575,4,4,21.3,NA,NA,NA,NA,NA,NA,NA,NA,Penn State,Penn State
400986361,2017-11-17,Penn State,Columbia,217,2,14:49:00,889,889,Satchel Pierce made Free Throw.,50,40,10,0,0.9861082355499082,0.8614157378827917,4,4,21.3,NA,NA,Penn State,made,Satchel Pierce,NA,FALSE,TRUE,Penn State,Penn State
400986361,2017-11-17,Penn State,Columbia,218,2,14:49:00,889,889,Satchel Pierce made Free Throw.,51,40,11,0,0.9884011171062516,0.881823075794671,4,4,21.3,NA,NA,Penn State,made,Satchel Pierce,NA,FALSE,TRUE,Penn State,Columbia
400986361,2017-11-17,Penn State,Columbia,219,2,14:35:00,875,875,Mike Smith made Layup.,51,42,9,14,0.9833874665582424,0.8396164366045888,4,4,21.3,NA,NA,Columbia,made,Mike Smith,NA,FALSE,FALSE,Columbia,Penn State
400986361,2017-11-17,Penn State,Columbia,220,2,14:35:00,875,875,Foul on Lamar Stevens.,51,42,9,0,0.9833874665582424,0.8396164366045888,4,4,21.3,NA,NA,NA,NA,NA,NA,NA,NA,Columbia,Columbia
400986361,2017-11-17,Penn State,Columbia,221,2,14:35:00,875,875,Mike Smith made Free Throw.,51,43,8,0,0.980099612361958,0.8132770979975007,4,4,21.3,NA,NA,Columbia,made,Mike Smith,NA,FALSE,TRUE,Columbia,Penn State
400986361,2017-11-17,Penn State,Columbia,222,2,14:13:00,853,853,Lamar Stevens missed Three Point Jumper.,51,43,8,22,0.9801011269182928,0.8156347081119434,4,4,21.3,NA,NA,Penn State,missed,Lamar Stevens,NA,TRUE,FALSE,Penn State,Columbia
400986361,2017-11-17,Penn State,Columbia,223,2,14:13:00,853,853,Quinton Adlesh Defensive Rebound.,51,43,8,0,0.9801011269182928,0.8156347081119434,4,4,21.3,NA,NA,NA,NA,NA,NA,NA,NA,Penn State,Columbia
400986361,2017-11-17,Penn State,Columbia,224,2,13:57:00,837,837,Jaron Faulds missed Jumper.,51,43,8,16,0.9801100496751286,0.8174143533426728,4,4,21.3,NA,NA,Columbia,missed,Jaron Faulds,NA,FALSE,FALSE,Columbia,Penn State
400986361,2017-11-17,Penn State,Columbia,225,2,13:57:00,837,837,Satchel Pierce Defensive Rebound.,51,43,8,0,0.9801100496751286,0.8174143533426728,4,4,21.3,NA,NA,NA,NA,NA,NA,NA,NA,Columbia,Penn State
400986361,2017-11-17,Penn State,Columbia,226,2,13:49:00,829,829,Jamari Wheeler missed Three Point Jumper.,51,43,8,8,0.9801179496038422,0.818338242214095,4,4,21.3,NA,NA,Penn State,missed,Jamari Wheeler,NA,TRUE,FALSE,Penn State,Penn State
400986361,2017-11-17,Penn State,Columbia,227,2,13:49:00,829,829,Lamar Stevens Offensive Rebound.,51,43,8,0,0.9801179496038422,0.818338242214095,4,4,21.3,NA,NA,NA,NA,NA,NA,NA,NA,Penn State,Penn State
400986361,2017-11-17,Penn State,Columbia,228,2,13:30:00,810,810,Foul on Satchel Pierce.,51,43,8,19,0.9801483019556309,0.8206560857540482,4,4,21.3,NA,NA,NA,NA,NA,NA,NA,NA,Penn State,Columbia
400986361,2017-11-17,Penn State,Columbia,229,2,13:30:00,810,810,Satchel Pierce Turnover.,51,43,8,0,0.9801483019556309,0.8206560857540482,4,4,21.3,NA,NA,NA,NA,NA,NA,NA,NA,Penn State,Columbia
400986361,2017-11-17,Penn State,Columbia,230,2,13:04:00,784,784,Jaron Faulds missed Jumper.,51,43,8,26,0.980222930947838,0.8241971461418193,4,4,21.3,NA,NA,Columbia,missed,Jaron Faulds,NA,FALSE,FALSE,Columbia,Columbia
400986361,2017-11-17,Penn State,Columbia,231,2,13:04:00,784,784,Mike Watkins Block.,51,43,8,0,0.980222930947838,0.8241971461418193,4,4,21.3,NA,NA,NA,NA,NA,NA,NA,NA,Columbia,Columbia
400986361,2017-11-17,Penn State,Columbia,232,2,13:04:00,784,784,Columbia Offensive Rebound.,51,43,8,0,0.980222930947838,0.8241971461418193,4,4,21.3,NA,NA,NA,NA,NA,NA,NA,NA,Columbia,Columbia
400986361,2017-11-17,Penn State,Columbia,233,2,12:59:00,779,779,Quinton Adlesh missed Three Point Jumper.,51,43,8,5,0.9802424850180916,0.824937444695947,4,4,21.3,NA,NA,Columbia,missed,Quinton Adlesh,NA,TRUE,FALSE,Columbia,Columbia
400986361,2017-11-17,Penn State,Columbia,234,2,12:59:00,779,779,Columbia Deadball Team Rebound.,51,43,8,0,0.9802424850180916,0.824937444695947,4,4,21.3,NA,NA,NA,NA,NA,NA,NA,NA,Columbia,Columbia
400986361,2017-11-17,Penn State,Columbia,235,2,12:59:00,779,779,Columbia  Turnover.,51,43,8,0,0.9802424850180916,0.824937444695947,4,4,21.3,NA,NA,NA,NA,NA,NA,NA,NA,Columbia,Penn State
400986361,2017-11-17,Penn State,Columbia,236,2,12:47:00,767,767,Shep Garner missed Three Point Jumper.,51,43,8,12,0.9802971641029526,0.8268033012528431,4,4,21.3,NA,NA,Penn State,missed,Shep Garner,NA,TRUE,FALSE,Penn State,Columbia
400986361,2017-11-17,Penn State,Columbia,237,2,12:47:00,767,767,Myles Hanson Defensive Rebound.,51,43,8,0,0.9802971641029526,0.8268033012528431,4,4,21.3,NA,NA,NA,NA,NA,NA,NA,NA,Penn State,Columbia
400986361,2017-11-17,Penn State,Columbia,238,2,12:39:00,759,759,Foul on Jamari Wheeler.,51,43,8,8,0.9803400947531586,0.8281218536169551,4,4,21.3,NA,NA,NA,NA,NA,NA,NA,NA,Columbia,Columbia
400986361,2017-11-17,Penn State,Columbia,239,2,12:39:00,759,759,Mike Smith made Free Throw.,51,44,7,0,0.97617186030495,0.7983200775518665,4,4,21.3,NA,NA,Columbia,made,Mike Smith,NA,FALSE,TRUE,Columbia,Columbia
400986361,2017-11-17,Penn State,Columbia,240,2,12:39:00,759,759,Mike Smith made Free Throw.,51,45,6,0,0.9711459000212704,0.7648184832994604,4,4,21.3,NA,NA,Columbia,made,Mike Smith,NA,FALSE,TRUE,Columbia,Columbia
400986361,2017-11-17,Penn State,Columbia,241,2,12:39:00,759,759,Mike Smith made Free Throw.,51,46,5,0,0.9650977401162965,0.7276503814916007,4,4,21.3,NA,NA,Columbia,made,Mike Smith,NA,FALSE,TRUE,Columbia,Penn State
400986361,2017-11-17,Penn State,Columbia,242,2,12:16:00,736,736,Mike Watkins made Layup. Assisted by Jamari Wheeler.,53,46,7,23,0.9762739974535848,0.8024428775446525,4,4,21.3,NA,NA,Penn State,made,Mike Watkins,Jamari Wheeler,FALSE,FALSE,Penn State,Columbia
400986361,2017-11-17,Penn State,Columbia,243,2,12:01:00,721,721,Mike Smith missed Three Point Jumper.,53,46,7,15,0.9763567771786724,0.805341698126283,4,4,21.3,NA,NA,Columbia,missed,Mike Smith,NA,TRUE,FALSE,Columbia,Penn State
400986361,2017-11-17,Penn State,Columbia,244,2,12:01:00,721,721,Mike Watkins Defensive Rebound.,53,46,7,0,0.9763567771786724,0.805341698126283,4,4,21.3,NA,NA,NA,NA,NA,NA,NA,NA,Columbia,Penn State
400986361,2017-11-17,Penn State,Columbia,245,2,11:32:00,692,692,Foul on Nate Hickman.,53,46,7,29,0.9764400929972428,0.8101739312738281,4,4,21.3,NA,NA,NA,NA,NA,NA,NA,NA,Penn State,Penn State
400986361,2017-11-17,Penn State,Columbia,246,2,11:32:00,692,692,Official TV Timeout,53,46,7,0,0.9764400929972428,0.8101739312738281,4,4,21.3,NA,NA,NA,NA,NA,NA,NA,NA,Penn State,Penn State
400986361,2017-11-17,Penn State,Columbia,247,2,11:32:00,692,692,Nazeer Bostick made Free Throw.,54,46,8,0,0.9807663481140207,0.840029360365361,4,4,21.3,NA,NA,Penn State,made,Nazeer Bostick,NA,FALSE,TRUE,Penn State,Penn State
400986361,2017-11-17,Penn State,Columbia,248,2,11:32:00,692,692,Nazeer Bostick made Free Throw.,55,46,9,0,0.9843109467378062,0.8659660253854436,4,4,21.3,NA,NA,Penn State,made,Nazeer Bostick,NA,FALSE,TRUE,Penn State,Columbia
400986361,2017-11-17,Penn State,Columbia,249,2,11:19:00,679,679,Jaron Faulds Turnover.,55,46,9,13,0.9843752150887752,0.867831403372329,4,4,21.3,NA,NA,NA,NA,NA,NA,NA,NA,Columbia,Penn State
400986361,2017-11-17,Penn State,Columbia,250,2,11:18:00,678,678,Mike Watkins Steal.,55,46,9,1,0.9843798122006592,0.8679710602616757,4,4,21.3,NA,NA,NA,NA,NA,NA,NA,NA,Columbia,Penn State
400986361,2017-11-17,Penn State,Columbia,251,2,11:00:00,660,660,Nazeer Bostick missed Jumper.,55,46,9,18,0.9844583381539824,0.8704341919571071,4,4,21.3,NA,NA,Penn State,missed,Nazeer Bostick,NA,FALSE,FALSE,Penn State,Columbia
400986361,2017-11-17,Penn State,Columbia,252,2,11:00:00,660,660,Nate Hickman Defensive Rebound.,55,46,9,0,0.9844583381539824,0.8704341919571071,4,4,21.3,NA,NA,NA,NA,NA,NA,NA,NA,Penn State,Columbia
400986361,2017-11-17,Penn State,Columbia,253,2,10:50:00,650,650,Nate Hickman Turnover.,55,46,9,10,0.9845016182353926,0.871791807919224,4,4,21.3,NA,NA,NA,NA,NA,NA,NA,NA,Columbia,Penn State
400986361,2017-11-17,Penn State,Columbia,254,2,10:49:00,649,649,Shep Garner Steal.,55,46,9,1,0.984506053892553,0.8719283202544527,4,4,21.3,NA,NA,NA,NA,NA,NA,NA,NA,Columbia,Penn State
400986361,2017-11-17,Penn State,Columbia,255,2,10:26:00,626,626,Jamari Wheeler missed Layup.,55,46,9,23,0.984620498806038,0.8751715741508284,4,4,21.3,NA,NA,Penn State,missed,Jamari Wheeler,NA,FALSE,FALSE,Penn State,Penn State
400986361,2017-11-17,Penn State,Columbia,256,2,10:26:00,626,626,Jaron Faulds Block.,55,46,9,0,0.984620498806038,0.8751715741508284,4,4,21.3,NA,NA,NA,NA,NA,NA,NA,NA,Penn State,Penn State
400986361,2017-11-17,Penn State,Columbia,257,2,10:25:00,625,625,Deividas Zemgulis Offensive Rebound.,55,46,9,1,0.984626236635812,0.8753191121777477,4,4,21.3,NA,NA,NA,NA,NA,NA,NA,NA,Penn State,Penn State
400986361,2017-11-17,Penn State,Columbia,258,2,10:22:00,622,622,Jamari Wheeler missed Three Point Jumper.,55,46,9,3,0.984643949450864,0.8757660505250481,4,4,21.3,NA,NA,Penn State,missed,Jamari Wheeler,NA,TRUE,FALSE,Penn State,Columbia
400986361,2017-11-17,Penn State,Columbia,259,2,10:22:00,622,622,Jaron Faulds Defensive Rebound.,55,46,9,0,0.984643949450864,0.8757660505250481,4,4,21.3,NA,NA,NA,NA,NA,NA,NA,NA,Penn State,Columbia
400986361,2017-11-17,Penn State,Columbia,260,2,10:08:00,608,608,Mike Smith missed Jumper.,55,46,9,14,0.9847380439307876,0.8779508268616578,4,4,21.3,NA,NA,Columbia,missed,Mike Smith,NA,FALSE,FALSE,Columbia,Penn State
400986361,2017-11-17,Penn State,Columbia,261,2,10:08:00,608,608,Mike Watkins Defensive Rebound.,55,46,9,0,0.9847380439307876,0.8779508268616578,4,4,21.3,NA,NA,NA,NA,NA,NA,NA,NA,Columbia,Penn State
400986361,2017-11-17,Penn State,Columbia,262,2,09:57:00,597,597,Shep Garner made Three Point Jumper.,58,46,12,11,0.9921279632726552,0.9342638706895892,4,4,21.3,NA,NA,Penn State,made,Shep Garner,NA,TRUE,FALSE,Penn State,Columbia
400986361,2017-11-17,Penn State,Columbia,263,2,09:43:00,583,583,Mike Smith Turnover.,58,46,12,14,0.9922637882206236,0.936245761806483,4,4,21.3,NA,NA,NA,NA,NA,NA,NA,NA,Columbia,Penn State
400986361,2017-11-17,Penn State,Columbia,264,2,09:43:00,583,583,Jamari Wheeler Steal.,58,46,12,0,0.9922637882206236,0.936245761806483,4,4,21.3,NA,NA,NA,NA,NA,NA,NA,NA,Columbia,Penn State
400986361,2017-11-17,Penn State,Columbia,265,2,09:38:00,578,578,Jamari Wheeler made Layup. Assisted by Nazeer Bostick.,60,46,14,5,0.9950875056608448,0.9588866722913804,4,4,21.3,NA,NA,Penn State,made,Jamari Wheeler,Nazeer Bostick,FALSE,FALSE,Penn State,Columbia
400986361,2017-11-17,Penn State,Columbia,266,2,09:30:00,570,570,Columbia  Timeout,60,46,14,8,0.9951642721096507,0.9598638011747642,4,3,21.3,NA,NA,NA,NA,NA,NA,NA,NA,Columbia,Columbia
400986361,2017-11-17,Penn State,Columbia,267,2,09:30:00,570,570,Official TV Timeout,60,46,14,0,0.9951642721096507,0.9598638011747642,4,3,21.3,NA,NA,NA,NA,NA,NA,NA,NA,Columbia,Columbia
400986361,2017-11-17,Penn State,Columbia,268,2,09:16:00,556,556,Jaron Faulds missed Layup.,60,46,14,14,0.9953135346027624,0.9616900213826358,4,3,21.3,NA,NA,Columbia,missed,Jaron Faulds,NA,FALSE,FALSE,Columbia,Penn State
400986361,2017-11-17,Penn State,Columbia,269,2,09:16:00,556,556,Mike Watkins Block.,60,46,14,0,0.9953135346027624,0.9616900213826358,4,3,21.3,NA,NA,NA,NA,NA,NA,NA,NA,Columbia,Penn State
400986361,2017-11-17,Penn State,Columbia,270,2,09:15:00,555,555,Mike Watkins Defensive Rebound.,60,46,14,1,0.9953249509049014,0.961826233183841,4,3,21.3,NA,NA,NA,NA,NA,NA,NA,NA,Columbia,Penn State
400986361,2017-11-17,Penn State,Columbia,271,2,08:54:00,534,534,Mike Watkins made Layup. Assisted by Nazeer Bostick.,62,46,16,21,0.9972186541268268,0.9775603085559268,4,3,21.3,NA,NA,Penn State,made,Mike Watkins,Nazeer Bostick,FALSE,FALSE,Penn State,Columbia
400986361,2017-11-17,Penn State,Columbia,272,2,08:41:00,521,521,Mike Smith missed Jumper.,62,46,16,13,0.9973005785400542,0.978539235725806,4,3,21.3,NA,NA,Columbia,missed,Mike Smith,NA,FALSE,FALSE,Columbia,Columbia
400986361,2017-11-17,Penn State,Columbia,273,2,08:41:00,521,521,Mike Watkins Block.,62,46,16,0,0.9973005785400542,0.978539235725806,4,3,21.3,NA,NA,NA,NA,NA,NA,NA,NA,Columbia,Columbia
400986361,2017-11-17,Penn State,Columbia,274,2,08:40:00,520,520,Columbia Offensive Rebound.,62,46,16,1,0.997306345855717,0.9786091195573552,4,3,21.3,NA,NA,NA,NA,NA,NA,NA,NA,Columbia,Columbia
400986361,2017-11-17,Penn State,Columbia,275,2,08:32:00,512,512,Mike Smith missed Jumper.,62,46,16,8,0.9973506311077406,0.9791486062301586,4,3,21.3,NA,NA,Columbia,missed,Mike Smith,NA,FALSE,FALSE,Columbia,Penn State
400986361,2017-11-17,Penn State,Columbia,276,2,08:32:00,512,512,Mike Watkins Defensive Rebound.,62,46,16,0,0.9973506311077406,0.9791486062301586,4,3,21.3,NA,NA,NA,NA,NA,NA,NA,NA,Columbia,Penn State
400986361,2017-11-17,Penn State,Columbia,277,2,08:12:00,492,492,Mike Watkins made Dunk.,64,46,18,20,0.9984382591399764,0.9879031879677777,4,3,21.3,NA,NA,Penn State,made,Mike Watkins,NA,FALSE,FALSE,Penn State,Columbia
400986361,2017-11-17,Penn State,Columbia,278,2,08:12:00,492,492,Foul on Jaron Faulds.,64,46,18,0,0.9984382591399764,0.9879031879677777,4,3,21.3,NA,NA,NA,NA,NA,NA,NA,NA,Penn State,Columbia
400986361,2017-11-17,Penn State,Columbia,279,2,08:12:00,492,492,Mike Watkins made Free Throw.,65,46,19,0,0.9987767040826292,0.9905029725709809,4,3,21.3,NA,NA,Penn State,made,Mike Watkins,NA,FALSE,TRUE,Penn State,Columbia
400986361,2017-11-17,Penn State,Columbia,280,2,07:57:00,477,477,Nate Hickman made Three Point Jumper. Assisted by Mike Smith.,65,49,16,15,0.9975389205714597,0.9813913823843792,4,3,21.3,NA,NA,Columbia,made,Nate Hickman,Mike Smith,TRUE,FALSE,Columbia,Penn State
400986361,2017-11-17,Penn State,Columbia,281,2,07:40:00,460,460,Official TV Timeout,65,49,16,17,0.9976504965887184,0.9826033914073102,4,3,21.3,NA,NA,NA,NA,NA,NA,NA,NA,Penn State,Penn State
400986361,2017-11-17,Penn State,Columbia,282,2,07:33:00,453,453,Lamar Stevens missed Jumper.,65,49,16,7,0.997703837675318,0.9831524442292944,4,3,21.3,NA,NA,Penn State,missed,Lamar Stevens,NA,FALSE,FALSE,Penn State,Penn State
400986361,2017-11-17,Penn State,Columbia,283,2,07:33:00,453,453,Patrick Tape Block.,65,49,16,0,0.997703837675318,0.9831524442292944,4,3,21.3,NA,NA,NA,NA,NA,NA,NA,NA,Penn State,Penn State
400986361,2017-11-17,Penn State,Columbia,284,2,07:33:00,453,453,Penn State Offensive Rebound.,65,49,16,0,0.997703837675318,0.9831524442292944,4,3,21.3,NA,NA,NA,NA,NA,NA,NA,NA,Penn State,Penn State
400986361,2017-11-17,Penn State,Columbia,285,2,07:33:00,453,453,Foul on Jamari Wheeler.,65,49,16,0,0.997703837675318,0.9831524442292944,4,3,21.3,NA,NA,NA,NA,NA,NA,NA,NA,Penn State,Columbia
400986361,2017-11-17,Penn State,Columbia,286,2,07:33:00,453,453,Jamari Wheeler Turnover.,65,49,16,0,0.997703837675318,0.9831524442292944,4,3,21.3,NA,NA,NA,NA,NA,NA,NA,NA,Penn State,Columbia
400986361,2017-11-17,Penn State,Columbia,287,2,07:18:00,438,438,Lukas Meisner made Layup. Assisted by Nate Hickman.,65,51,14,15,0.9963706713373888,0.974151385021231,4,3,21.3,NA,NA,Columbia,made,Lukas Meisner,Nate Hickman,FALSE,FALSE,Columbia,Penn State
400986361,2017-11-17,Penn State,Columbia,288,2,06:52:00,412,412,Lamar Stevens made Jumper.,67,51,16,26,0.9980839087693808,0.9867730056829408,4,3,21.3,NA,NA,Penn State,made,Lamar Stevens,NA,FALSE,FALSE,Penn State,Columbia
400986361,2017-11-17,Penn State,Columbia,289,2,06:33:00,393,393,Patrick Tape made Dunk. Assisted by Nate Hickman.,67,53,14,19,0.9969222082785624,0.9795806538686302,4,3,21.3,NA,NA,Columbia,made,Patrick Tape,Nate Hickman,FALSE,FALSE,Columbia,Penn State
400986361,2017-11-17,Penn State,Columbia,290,2,06:13:00,373,373,Lamar Stevens missed Jumper.,67,53,14,20,0.9971218710517132,0.981574781046771,4,3,21.3,NA,NA,Penn State,missed,Lamar Stevens,NA,FALSE,FALSE,Penn State,Columbia
400986361,2017-11-17,Penn State,Columbia,291,2,06:13:00,373,373,Quinton Adlesh Defensive Rebound.,67,53,14,0,0.9971218710517132,0.981574781046771,4,3,21.3,NA,NA,NA,NA,NA,NA,NA,NA,Penn State,Columbia
400986361,2017-11-17,Penn State,Columbia,292,2,06:07:00,367,367,Mike Smith missed Three Point Jumper.,67,53,14,6,0.997183856348721,0.982171436532873,4,3,21.3,NA,NA,Columbia,missed,Mike Smith,NA,TRUE,FALSE,Columbia,Columbia
400986361,2017-11-17,Penn State,Columbia,293,2,06:07:00,367,367,Patrick Tape Offensive Rebound.,67,53,14,0,0.997183856348721,0.982171436532873,4,3,21.3,NA,NA,NA,NA,NA,NA,NA,NA,Columbia,Columbia
400986361,2017-11-17,Penn State,Columbia,294,2,05:50:00,350,350,Patrick Tape Turnover.,67,53,14,17,0.9973736795548698,0.983906899341178,4,3,21.3,NA,NA,NA,NA,NA,NA,NA,NA,Columbia,Penn State
400986361,2017-11-17,Penn State,Columbia,295,2,05:48:00,348,348,Nazeer Bostick Steal.,67,53,14,2,0.9973977851319734,0.9841172726514014,4,3,21.3,NA,NA,NA,NA,NA,NA,NA,NA,Columbia,Penn State
400986361,2017-11-17,Penn State,Columbia,296,2,05:30:00,330,330,Lamar Stevens made Jumper.,69,53,16,18,0.998712009787996,0.9923791938686992,4,3,21.3,NA,NA,Penn State,made,Lamar Stevens,NA,FALSE,FALSE,Penn State,Columbia
400986361,2017-11-17,Penn State,Columbia,297,2,05:12:00,312,312,Mike Smith made Layup.,69,55,14,18,0.9979119163967892,0.9881685460396176,4,3,21.3,NA,NA,Columbia,made,Mike Smith,NA,FALSE,FALSE,Columbia,Penn State
400986361,2017-11-17,Penn State,Columbia,298,2,04:51:00,291,291,Satchel Pierce made Layup. Assisted by Lamar Stevens.,71,55,16,21,0.9989864417894454,0.994492302662872,4,3,21.3,NA,NA,Penn State,made,Satchel Pierce,Lamar Stevens,FALSE,FALSE,Penn State,Columbia
400986361,2017-11-17,Penn State,Columbia,299,2,04:41:00,281,281,Patrick Tape made Layup. Assisted by Quinton Adlesh.,71,57,14,10,0.9980054772116358,0.9894435097766212,4,3,21.3,NA,NA,Columbia,made,Patrick Tape,Quinton Adlesh,FALSE,FALSE,Columbia,Penn State
400986361,2017-11-17,Penn State,Columbia,300,2,04:36:00,276,276,Penn State  Timeout,71,57,14,5,0.997956914242316,0.9893072460713542,3,3,21.3,NA,NA,NA,NA,NA,NA,NA,NA,Penn State,Penn State
400986361,2017-11-17,Penn State,Columbia,301,2,04:19:00,259,259,Lamar Stevens missed Three Point Jumper.,71,57,14,17,0.997728905067013,0.9885669936587836,3,3,21.3,NA,NA,Penn State,missed,Lamar Stevens,NA,TRUE,FALSE,Penn State,Columbia
400986361,2017-11-17,Penn State,Columbia,302,2,04:19:00,259,259,Quinton Adlesh Defensive Rebound.,71,57,14,0,0.997728905067013,0.9885669936587836,3,3,21.3,NA,NA,NA,NA,NA,NA,NA,NA,Penn State,Columbia
400986361,2017-11-17,Penn State,Columbia,303,2,04:08:00,248,248,Mike Smith made Layup.,71,59,12,11,0.9954455697286384,0.977840943146494,3,3,21.3,NA,NA,Columbia,made,Mike Smith,NA,FALSE,FALSE,Columbia,Penn State
400986361,2017-11-17,Penn State,Columbia,304,2,03:45:00,225,225,Nazeer Bostick Turnover.,71,59,12,23,0.9952030609272028,0.9779271286683556,3,3,21.3,NA,NA,NA,NA,NA,NA,NA,NA,Penn State,Columbia
400986361,2017-11-17,Penn State,Columbia,305,2,03:45:00,225,225,Official TV Timeout,71,59,12,0,0.9952030609272028,0.9779271286683556,3,3,21.3,NA,NA,NA,NA,NA,NA,NA,NA,Penn State,Columbia
400986361,2017-11-17,Penn State,Columbia,306,2,03:34:00,214,214,Mike Smith made Layup.,71,61,10,11,0.9912767604742542,0.9614982251021624,3,3,21.3,NA,NA,Columbia,made,Mike Smith,NA,FALSE,FALSE,Columbia,Penn State
400986361,2017-11-17,Penn State,Columbia,307,2,03:10:00,190,190,Foul on Nate Hickman.,71,61,10,24,0.993275026754259,0.9720237117333516,3,3,21.3,NA,NA,NA,NA,NA,NA,NA,NA,Penn State,Penn State
400986361,2017-11-17,Penn State,Columbia,308,2,02:53:00,173,173,Shep Garner Turnover.,71,61,10,17,0.9950452999223544,0.9803023361102146,3,3,21.3,NA,NA,NA,NA,NA,NA,NA,NA,Penn State,Columbia
400986361,2017-11-17,Penn State,Columbia,309,2,02:45:00,165,165,Quinton Adlesh missed Three Point Jumper.,71,61,10,8,0.995740116743438,0.9834429494703544,3,3,21.3,NA,NA,Columbia,missed,Quinton Adlesh,NA,TRUE,FALSE,Columbia,Penn State
400986361,2017-11-17,Penn State,Columbia,310,2,02:45:00,165,165,Mike Watkins Defensive Rebound.,71,61,10,0,0.995740116743438,0.9834429494703544,3,3,21.3,NA,NA,NA,NA,NA,NA,NA,NA,Columbia,Penn State
400986361,2017-11-17,Penn State,Columbia,311,2,02:23:00,143,143,Lamar Stevens made Three Point Jumper. Assisted by Nazeer Bostick.,74,61,13,22,0.9993300642498611,0.9975493927190628,3,3,21.3,NA,NA,Penn State,made,Lamar Stevens,Nazeer Bostick,TRUE,FALSE,Penn State,Columbia
400986361,2017-11-17,Penn State,Columbia,312,2,02:10:00,130,130,Mike Smith missed Jumper.,74,61,13,13,0.9995670737769417,0.998483376636884,3,3,21.3,NA,NA,Columbia,missed,Mike Smith,NA,FALSE,FALSE,Columbia,Penn State
400986361,2017-11-17,Penn State,Columbia,313,2,02:10:00,130,130,Nazeer Bostick Defensive Rebound.,74,61,13,0,0.9995670737769417,0.998483376636884,3,3,21.3,NA,NA,NA,NA,NA,NA,NA,NA,Columbia,Penn State
400986361,2017-11-17,Penn State,Columbia,314,2,02:03:00,123,123,Foul on Quinton Adlesh.,74,61,13,7,0.9996667432921256,0.998860220829556,3,3,21.3,NA,NA,NA,NA,NA,NA,NA,NA,Penn State,Penn State
400986361,2017-11-17,Penn State,Columbia,315,2,02:03:00,123,123,Columbia  Timeout,74,61,13,0,0.9996667432921256,0.998860220829556,3,2,21.3,NA,NA,NA,NA,NA,NA,NA,NA,Penn State,Penn State
400986361,2017-11-17,Penn State,Columbia,316,2,01:47:00,107,107,Foul on Patrick Tape.,74,61,13,16,0.9998315188992238,0.9994556064216784,3,2,21.3,NA,NA,NA,NA,NA,NA,NA,NA,Penn State,Penn State
400986361,2017-11-17,Penn State,Columbia,317,2,01:47:00,107,107,Nazeer Bostick made Free Throw.,75,61,14,0,0.999905481266698,0.9996945420857524,3,2,21.3,NA,NA,Penn State,made,Nazeer Bostick,NA,FALSE,TRUE,Penn State,Penn State
400986361,2017-11-17,Penn State,Columbia,318,2,01:47:00,107,107,Nazeer Bostick made Free Throw.,76,61,15,0,0.9999469762436728,0.9998286262880494,3,2,21.3,NA,NA,Penn State,made,Nazeer Bostick,NA,FALSE,TRUE,Penn State,Columbia
400986361,2017-11-17,Penn State,Columbia,319,2,01:35:00,95,95,Quinton Adlesh missed Three Point Jumper.,76,61,15,12,0.9999736768882832,0.9999186366762716,3,2,21.3,NA,NA,Columbia,missed,Quinton Adlesh,NA,TRUE,FALSE,Columbia,Penn State
400986361,2017-11-17,Penn State,Columbia,320,2,01:35:00,95,95,Nazeer Bostick Defensive Rebound.,76,61,15,0,0.9999736768882832,0.9999186366762716,3,2,21.3,NA,NA,NA,NA,NA,NA,NA,NA,Columbia,Penn State
400986361,2017-11-17,Penn State,Columbia,321,2,01:33:00,93,93,Nazeer Bostick Turnover.,76,61,15,2,0.9999767729273012,0.9999287487345442,3,2,21.3,NA,NA,NA,NA,NA,NA,NA,NA,Penn State,Columbia
400986361,2017-11-17,Penn State,Columbia,322,2,01:26:00,86,86,Nate Hickman made Layup.,76,63,13,7,0.9999433083910696,0.9998306932903118,3,2,21.3,NA,NA,Columbia,made,Nate Hickman,NA,FALSE,FALSE,Columbia,Penn State
400986361,2017-11-17,Penn State,Columbia,323,2,01:20:00,80,80,Foul on Lukas Meisner.,76,63,13,6,0.9999595253254014,0.9998818938179574,3,2,21.3,NA,NA,NA,NA,NA,NA,NA,NA,Penn State,Columbia
400986361,2017-11-17,Penn State,Columbia,324,2,01:20:00,80,80,Shep Garner made Free Throw.,77,63,14,0,0.9999798133967048,0.9999410926598008,3,2,21.3,NA,NA,Penn State,made,Shep Garner,NA,FALSE,TRUE,Penn State,Penn State
400986361,2017-11-17,Penn State,Columbia,325,2,01:20:00,80,80,Shep Garner missed Free Throw.,77,63,14,0,0.9999798133967048,0.9999410926598008,3,2,21.3,NA,NA,Penn State,missed,Shep Garner,NA,FALSE,TRUE,Penn State,Columbia
400986361,2017-11-17,Penn State,Columbia,326,2,01:20:00,80,80,Patrick Tape Defensive Rebound.,77,63,14,0,0.9999798133967048,0.9999410926598008,3,2,21.3,NA,NA,NA,NA,NA,NA,NA,NA,Penn State,Columbia
400986361,2017-11-17,Penn State,Columbia,327,2,01:08:00,68,68,Nate Hickman missed Three Point Jumper.,77,63,14,12,0.999990756757938,0.999974278220568,3,2,21.3,NA,NA,Columbia,missed,Nate Hickman,NA,TRUE,FALSE,Columbia,Penn State
400986361,2017-11-17,Penn State,Columbia,328,2,01:08:00,68,68,Nazeer Bostick Defensive Rebound.,77,63,14,0,0.999990756757938,0.999974278220568,3,2,21.3,NA,NA,NA,NA,NA,NA,NA,NA,Columbia,Penn State
400986361,2017-11-17,Penn State,Columbia,329,2,01:08:00,68,68,Foul on Patrick Tape.,77,63,14,0,0.999990756757938,0.999974278220568,3,2,21.3,NA,NA,NA,NA,NA,NA,NA,NA,Penn State,Penn State
400986361,2017-11-17,Penn State,Columbia,330,2,01:08:00,68,68,Nazeer Bostick made Free Throw.,78,63,15,0,0.9999956549817036,0.9999879087253738,3,2,21.3,NA,NA,Penn State,made,Nazeer Bostick,NA,FALSE,TRUE,Penn State,Penn State
400986361,2017-11-17,Penn State,Columbia,331,2,01:08:00,68,68,Nazeer Bostick made Free Throw.,79,63,16,0,0.9999979575202224,0.9999943161838222,3,2,21.3,NA,NA,Penn State,made,Nazeer Bostick,NA,FALSE,TRUE,Penn State,Columbia
400986361,2017-11-17,Penn State,Columbia,332,2,00:57:00,57,57,Patrick Tape made Layup. Assisted by Mike Smith.,79,65,14,11,0.999995710154276,0.9999885841673708,3,2,21.3,NA,NA,Columbia,made,Patrick Tape,Mike Smith,FALSE,FALSE,Columbia,Penn State
400986361,2017-11-17,Penn State,Columbia,333,2,00:27:00,27,27,Nazeer Bostick missed Layup.,79,65,14,30,0.9999995935604448,0.9999990481264566,3,2,21.3,NA,NA,Penn State,missed,Nazeer Bostick,NA,FALSE,FALSE,Penn State,Columbia
400986361,2017-11-17,Penn State,Columbia,334,2,00:27:00,27,27,Lukas Meisner Block.,79,65,14,0,0.9999995935604448,0.9999990481264566,3,2,21.3,NA,NA,NA,NA,NA,NA,NA,NA,Penn State,Columbia
400986361,2017-11-17,Penn State,Columbia,335,2,00:27:00,27,27,Penn State Deadball Team Rebound.,79,65,14,0,0.9999995935604448,0.9999990481264566,3,2,21.3,NA,NA,NA,NA,NA,NA,NA,NA,Penn State,Penn State
400986361,2017-11-17,Penn State,Columbia,336,2,00:27:00,27,27,Penn State  Turnover.,79,65,14,0,0.9999995935604448,0.9999990481264566,3,2,21.3,NA,NA,NA,NA,NA,NA,NA,NA,Penn State,Columbia
400986361,2017-11-17,Penn State,Columbia,337,2,00:12:00,12,12,Nate Hickman missed Layup.,79,65,14,15,0.9999998922274136,0.9999997639869536,3,2,21.3,NA,NA,Columbia,missed,Nate Hickman,NA,FALSE,FALSE,Columbia,Columbia
400986361,2017-11-17,Penn State,Columbia,338,2,00:12:00,12,12,Mike Watkins Block.,79,65,14,0,0.9999998922274136,0.9999997639869536,3,2,21.3,NA,NA,NA,NA,NA,NA,NA,NA,Columbia,Columbia
400986361,2017-11-17,Penn State,Columbia,339,2,00:10:00,10,10,Nate Hickman Offensive Rebound.,79,65,14,2,0.9999999106251558,0.9999998060594856,3,2,21.3,NA,NA,NA,NA,NA,NA,NA,NA,Columbia,Columbia
400986361,2017-11-17,Penn State,Columbia,340,2,00:07:00,7,7,Mike Smith missed Three Point Jumper.,79,65,14,3,0.9999999327543644,0.9999998560797224,3,2,21.3,NA,NA,Columbia,missed,Mike Smith,NA,TRUE,FALSE,Columbia,Penn State
400986361,2017-11-17,Penn State,Columbia,341,2,00:07:00,7,7,Mike Watkins Defensive Rebound.,79,65,14,0,0.9999999327543644,0.9999998560797224,3,2,21.3,NA,NA,NA,NA,NA,NA,NA,NA,Columbia,Penn State
400986361,2017-11-17,Penn State,Columbia,342,2,00:00:00,0,0,End of Game,79,65,14,7,1,1,3,2,21.3,NA,NA,NA,NA,NA,NA,NA,NA,Penn State,NA
