game_id,date,home,away,play_id,half,time_remaining_half,secs_remaining,secs_remaining_absolute,description,home_score,away_score,score_diff,play_length,win_prob,naive_win_prob,home_time_out_remaining,away_time_out_remaining,home_favored_by,total_line,referees,arena_location,arena,capacity,attendance,shot_x,shot_y,shot_team,shot_outcome,shooter,assist,three_pt,free_throw,possession_before,possession_after,wrong_time
401365195,2022-03-04,Akron,Central Michigan,1,1,20:00,2400,2400,PLAY,0,0,0,0,0.8971377602517816,0.5,4,4,13.5,134.5,"c(""Greg Langsdorf"", "" John Floyd"", "" Edwin  Young"")","Akron, OH",James A. Rhodes Arena,5500,2128,NA,NA,NA,NA,NA,NA,NA,NA,NA,Akron,NA
401365195,2022-03-04,Akron,Central Michigan,2,1,19:39,2379,2379,Foul on Harrison Henderson.,0,0,0,21,0.8967153974206616,0.5,4,4,13.5,134.5,"c(""Greg Langsdorf"", "" John Floyd"", "" Edwin  Young"")","Akron, OH",James A. Rhodes Arena,5500,2128,NA,NA,NA,NA,NA,NA,NA,NA,Akron,Akron,FALSE
401365195,2022-03-04,Akron,Central Michigan,3,1,19:39,2379,2379,Mikal Dawson missed Free Throw.,0,0,0,0,0.8967153974206616,0.5,4,4,13.5,134.5,"c(""Greg Langsdorf"", "" John Floyd"", "" Edwin  Young"")","Akron, OH",James A. Rhodes Arena,5500,2128,NA,NA,Akron,missed,Mikal Dawson,NA,FALSE,TRUE,Akron,Akron,FALSE
401365195,2022-03-04,Akron,Central Michigan,4,1,19:39,2379,2379,Akron Offensive Rebound.,0,0,0,0,0.8967153974206616,0.5,4,4,13.5,134.5,"c(""Greg Langsdorf"", "" John Floyd"", "" Edwin  Young"")","Akron, OH",James A. Rhodes Arena,5500,2128,NA,NA,NA,NA,NA,NA,NA,NA,Akron,Akron,FALSE
401365195,2022-03-04,Akron,Central Michigan,5,1,19:39,2379,2379,Mikal Dawson missed Free Throw.,0,0,0,0,0.8967153974206616,0.5,4,4,13.5,134.5,"c(""Greg Langsdorf"", "" John Floyd"", "" Edwin  Young"")","Akron, OH",James A. Rhodes Arena,5500,2128,NA,NA,Akron,missed,Mikal Dawson,NA,FALSE,TRUE,Akron,Akron,FALSE
401365195,2022-03-04,Akron,Central Michigan,6,1,19:38,2378,2378,Central Michigan Defensive Rebound.,0,0,0,1,0.8966949811326484,0.5,4,4,13.5,134.5,"c(""Greg Langsdorf"", "" John Floyd"", "" Edwin  Young"")","Akron, OH",James A. Rhodes Arena,5500,2128,NA,NA,NA,NA,NA,NA,NA,NA,Akron,Akron,FALSE
401365195,2022-03-04,Akron,Central Michigan,7,1,19:27,2367,2367,Foul on Harrison Henderson.,0,0,0,11,0.8964685451887193,0.5,4,4,13.5,134.5,"c(""Greg Langsdorf"", "" John Floyd"", "" Edwin  Young"")","Akron, OH",James A. Rhodes Arena,5500,2128,NA,NA,NA,NA,NA,NA,NA,NA,Akron,Akron,FALSE
401365195,2022-03-04,Akron,Central Michigan,8,1,19:27,2367,2367,Harrison Henderson Turnover.,0,0,0,0,0.8964685451887193,0.5,4,4,13.5,134.5,"c(""Greg Langsdorf"", "" John Floyd"", "" Edwin  Young"")","Akron, OH",James A. Rhodes Arena,5500,2128,NA,NA,NA,NA,NA,NA,NA,NA,Central Michigan,Akron,FALSE
401365195,2022-03-04,Akron,Central Michigan,9,1,19:03,2343,2343,Xavier Castaneda made Three Point Jumper. Assisted by Garvin Clarke.,3,0,3,24,0.9187397654171987,0.5676328117471199,4,4,13.5,134.5,"c(""Greg Langsdorf"", "" John Floyd"", "" Edwin  Young"")","Akron, OH",James A. Rhodes Arena,5500,2128,NA,NA,Akron,made,Xavier Castaneda,Garvin Clarke,TRUE,FALSE,Akron,Central Michigan,FALSE
401365195,2022-03-04,Akron,Central Michigan,10,1,18:33,2313,2313,Nicolas Pavrette missed Jumper.,3,0,3,30,0.9185117388982756,0.5686081994672192,4,4,13.5,134.5,"c(""Greg Langsdorf"", "" John Floyd"", "" Edwin  Young"")","Akron, OH",James A. Rhodes Arena,5500,2128,NA,NA,Central Michigan,missed,Nicolas Pavrette,NA,FALSE,FALSE,Central Michigan,Akron,FALSE
401365195,2022-03-04,Akron,Central Michigan,11,1,18:30,2310,2310,Mikal Dawson Defensive Rebound.,3,0,3,3,0.9184881115570305,0.5687065592332494,4,4,13.5,134.5,"c(""Greg Langsdorf"", "" John Floyd"", "" Edwin  Young"")","Akron, OH",James A. Rhodes Arena,5500,2128,NA,NA,NA,NA,NA,NA,NA,NA,Central Michigan,Akron,FALSE
401365195,2022-03-04,Akron,Central Michigan,12,1,18:06,2286,2286,Xavier Castaneda missed Three Point Jumper.,3,0,3,24,0.9182933534589791,0.5694983262126054,4,4,13.5,134.5,"c(""Greg Langsdorf"", "" John Floyd"", "" Edwin  Young"")","Akron, OH",James A. Rhodes Arena,5500,2128,NA,NA,Akron,missed,Xavier Castaneda,NA,TRUE,FALSE,Akron,Central Michigan,FALSE
401365195,2022-03-04,Akron,Central Michigan,13,1,18:03,2283,2283,Cameron Healy Defensive Rebound.,3,0,3,3,0.9182682686434586,0.5695978763155807,4,4,13.5,134.5,"c(""Greg Langsdorf"", "" John Floyd"", "" Edwin  Young"")","Akron, OH",James A. Rhodes Arena,5500,2128,NA,NA,NA,NA,NA,NA,NA,NA,Akron,Central Michigan,FALSE
401365195,2022-03-04,Akron,Central Michigan,14,1,17:46,2266,2266,Brian Taylor missed Three Point Jumper.,3,0,3,17,0.9181228747514474,0.5701642288016177,4,4,13.5,134.5,"c(""Greg Langsdorf"", "" John Floyd"", "" Edwin  Young"")","Akron, OH",James A. Rhodes Arena,5500,2128,NA,NA,Central Michigan,missed,Brian Taylor,NA,TRUE,FALSE,Central Michigan,Akron,FALSE
401365195,2022-03-04,Akron,Central Michigan,15,1,17:43,2263,2263,Ali Ali Defensive Rebound.,3,0,3,3,0.9180966310584162,0.5702645497347195,4,4,13.5,134.5,"c(""Greg Langsdorf"", "" John Floyd"", "" Edwin  Young"")","Akron, OH",James A. Rhodes Arena,5500,2128,NA,NA,NA,NA,NA,NA,NA,NA,Central Michigan,Akron,FALSE
401365195,2022-03-04,Akron,Central Michigan,16,1,17:18,2238,2238,Enrique Freeman missed Jumper.,3,0,3,25,0.9178707983774055,0.5711045362677699,4,4,13.5,134.5,"c(""Greg Langsdorf"", "" John Floyd"", "" Edwin  Young"")","Akron, OH",James A. Rhodes Arena,5500,2128,NA,NA,Akron,missed,Enrique Freeman,NA,FALSE,FALSE,Akron,Central Michigan,FALSE
401365195,2022-03-04,Akron,Central Michigan,17,1,17:15,2235,2235,Ralph Bissainthe Defensive Rebound.,3,0,3,3,0.9178428173182515,0.5712057780453408,4,4,13.5,134.5,"c(""Greg Langsdorf"", "" John Floyd"", "" Edwin  Young"")","Akron, OH",James A. Rhodes Arena,5500,2128,NA,NA,NA,NA,NA,NA,NA,NA,Akron,Central Michigan,FALSE
401365195,2022-03-04,Akron,Central Michigan,18,1,16:52,2212,2212,Cameron Healy missed Three Point Jumper.,3,0,3,23,0.917621728836317,0.5719847230307131,4,4,13.5,134.5,"c(""Greg Langsdorf"", "" John Floyd"", "" Edwin  Young"")","Akron, OH",James A. Rhodes Arena,5500,2128,NA,NA,Central Michigan,missed,Cameron Healy,NA,TRUE,FALSE,Central Michigan,Akron,FALSE
401365195,2022-03-04,Akron,Central Michigan,19,1,16:49,2209,2209,Xavier Castaneda Defensive Rebound.,3,0,3,3,0.9175920126329402,0.5720866547628288,4,4,13.5,134.5,"c(""Greg Langsdorf"", "" John Floyd"", "" Edwin  Young"")","Akron, OH",James A. Rhodes Arena,5500,2128,NA,NA,NA,NA,NA,NA,NA,NA,Central Michigan,Akron,FALSE
401365195,2022-03-04,Akron,Central Michigan,20,1,16:42,2202,2202,Garvin Clarke missed Three Point Jumper.,3,0,3,7,0.9175218637530376,0.5723247616780326,4,4,13.5,134.5,"c(""Greg Langsdorf"", "" John Floyd"", "" Edwin  Young"")","Akron, OH",James A. Rhodes Arena,5500,2128,NA,NA,Akron,missed,Garvin Clarke,NA,TRUE,FALSE,Akron,Central Michigan,FALSE
401365195,2022-03-04,Akron,Central Michigan,21,1,16:40,2200,2200,Central Michigan Defensive Rebound.,3,0,3,2,0.9175016105281695,0.5723928578621704,4,4,13.5,134.5,"c(""Greg Langsdorf"", "" John Floyd"", "" Edwin  Young"")","Akron, OH",James A. Rhodes Arena,5500,2128,NA,NA,NA,NA,NA,NA,NA,NA,Akron,Central Michigan,FALSE
401365195,2022-03-04,Akron,Central Michigan,22,1,16:40,2200,2200,Foul on Mikal Dawson.,3,0,3,0,0.9175016105281695,0.5723928578621704,4,4,13.5,134.5,"c(""Greg Langsdorf"", "" John Floyd"", "" Edwin  Young"")","Akron, OH",James A. Rhodes Arena,5500,2128,NA,NA,NA,NA,NA,NA,NA,NA,Akron,Central Michigan,FALSE
401365195,2022-03-04,Akron,Central Michigan,23,1,16:29,2189,2189,Kevin Miller missed Jumper.,3,0,3,11,0.9173885157274579,0.5727678710500234,4,4,13.5,134.5,"c(""Greg Langsdorf"", "" John Floyd"", "" Edwin  Young"")","Akron, OH",James A. Rhodes Arena,5500,2128,NA,NA,Central Michigan,missed,Kevin Miller,NA,FALSE,FALSE,Central Michigan,Akron,FALSE
401365195,2022-03-04,Akron,Central Michigan,24,1,16:25,2185,2185,Garvin Clarke Defensive Rebound.,3,0,3,4,0.9173466660690627,0.5729044293447572,4,4,13.5,134.5,"c(""Greg Langsdorf"", "" John Floyd"", "" Edwin  Young"")","Akron, OH",James A. Rhodes Arena,5500,2128,NA,NA,NA,NA,NA,NA,NA,NA,Central Michigan,Akron,FALSE
401365195,2022-03-04,Akron,Central Michigan,25,1,16:20,2180,2180,Xavier Castaneda made Three Point Jumper.,6,0,6,5,0.9370586519929788,0.6430940311029613,4,4,13.5,134.5,"c(""Greg Langsdorf"", "" John Floyd"", "" Edwin  Young"")","Akron, OH",James A. Rhodes Arena,5500,2128,NA,NA,Akron,made,Xavier Castaneda,NA,TRUE,FALSE,Akron,Central Michigan,FALSE
401365195,2022-03-04,Akron,Central Michigan,26,1,15:51,2151,2151,Official TV Timeout,6,0,6,29,0.9370513429802703,0.6449580663965286,4,4,13.5,134.5,"c(""Greg Langsdorf"", "" John Floyd"", "" Edwin  Young"")","Akron, OH",James A. Rhodes Arena,5500,2128,NA,NA,NA,NA,NA,NA,NA,NA,Central Michigan,Central Michigan,FALSE
401365195,2022-03-04,Akron,Central Michigan,27,1,15:51,2151,2151,Foul on Michael Wynn.,6,0,6,0,0.9370513429802703,0.6449580663965286,4,4,13.5,134.5,"c(""Greg Langsdorf"", "" John Floyd"", "" Edwin  Young"")","Akron, OH",James A. Rhodes Arena,5500,2128,NA,NA,NA,NA,NA,NA,NA,NA,Central Michigan,Central Michigan,FALSE
401365195,2022-03-04,Akron,Central Michigan,28,1,15:38,2138,2138,Foul on Michael Wynn.,6,0,6,13,0.9370444555608415,0.6457979959438539,4,4,13.5,134.5,"c(""Greg Langsdorf"", "" John Floyd"", "" Edwin  Young"")","Akron, OH",James A. Rhodes Arena,5500,2128,NA,NA,NA,NA,NA,NA,NA,NA,Central Michigan,Central Michigan,FALSE
401365195,2022-03-04,Akron,Central Michigan,29,1,15:38,2138,2138,Harrison Henderson made Free Throw.,6,1,5,0,0.9308743642114256,0.6225806190917641,4,4,13.5,134.5,"c(""Greg Langsdorf"", "" John Floyd"", "" Edwin  Young"")","Akron, OH",James A. Rhodes Arena,5500,2128,NA,NA,Central Michigan,made,Harrison Henderson,NA,FALSE,TRUE,Central Michigan,Central Michigan,FALSE
401365195,2022-03-04,Akron,Central Michigan,30,1,15:38,2138,2138,Harrison Henderson made Free Throw.,6,2,4,0,0.9241485100514065,0.598786863221117,4,4,13.5,134.5,"c(""Greg Langsdorf"", "" John Floyd"", "" Edwin  Young"")","Akron, OH",James A. Rhodes Arena,5500,2128,NA,NA,Central Michigan,made,Harrison Henderson,NA,FALSE,TRUE,Central Michigan,Akron,FALSE
401365195,2022-03-04,Akron,Central Michigan,31,1,15:29,2129,2129,Foul on Ralph Bissainthe.,6,2,4,9,0.9240817737134095,0.599195349539166,4,4,13.5,134.5,"c(""Greg Langsdorf"", "" John Floyd"", "" Edwin  Young"")","Akron, OH",James A. Rhodes Arena,5500,2128,NA,NA,NA,NA,NA,NA,NA,NA,Akron,Akron,FALSE
401365195,2022-03-04,Akron,Central Michigan,32,1,15:15,2115,2115,Greg Tribble missed Jumper.,6,2,4,14,0.9239751992701992,0.5998332681055214,4,4,13.5,134.5,"c(""Greg Langsdorf"", "" John Floyd"", "" Edwin  Young"")","Akron, OH",James A. Rhodes Arena,5500,2128,NA,NA,Akron,missed,Greg Tribble,NA,FALSE,FALSE,Akron,Central Michigan,FALSE
401365195,2022-03-04,Akron,Central Michigan,33,1,15:12,2112,2112,Kevin Miller Defensive Rebound.,6,2,4,3,0.9239519320577303,0.5999703741334671,4,4,13.5,134.5,"c(""Greg Langsdorf"", "" John Floyd"", "" Edwin  Young"")","Akron, OH",James A. Rhodes Arena,5500,2128,NA,NA,NA,NA,NA,NA,NA,NA,Akron,Central Michigan,FALSE
401365195,2022-03-04,Akron,Central Michigan,34,1,15:10,2110,2110,Ralph Bissainthe made Dunk. Assisted by Cameron Healy.,6,4,2,2,0.9083964671366596,0.5505421479818391,4,4,13.5,134.5,"c(""Greg Langsdorf"", "" John Floyd"", "" Edwin  Young"")","Akron, OH",James A. Rhodes Arena,5500,2128,NA,NA,Central Michigan,made,Ralph Bissainthe,Cameron Healy,FALSE,FALSE,Central Michigan,Akron,FALSE
401365195,2022-03-04,Akron,Central Michigan,35,1,14:51,2091,2091,Xavier Castaneda missed Three Point Jumper.,6,4,2,19,0.9080654962734879,0.5509920780621692,4,4,13.5,134.5,"c(""Greg Langsdorf"", "" John Floyd"", "" Edwin  Young"")","Akron, OH",James A. Rhodes Arena,5500,2128,NA,NA,Akron,missed,Xavier Castaneda,NA,TRUE,FALSE,Akron,Central Michigan,FALSE
401365195,2022-03-04,Akron,Central Michigan,36,1,14:48,2088,2088,Cameron Healy Defensive Rebound.,6,4,2,3,0.9080124298057934,0.5510634392815655,4,4,13.5,134.5,"c(""Greg Langsdorf"", "" John Floyd"", "" Edwin  Young"")","Akron, OH",James A. Rhodes Arena,5500,2128,NA,NA,NA,NA,NA,NA,NA,NA,Akron,Central Michigan,FALSE
401365195,2022-03-04,Akron,Central Michigan,37,1,14:19,2059,2059,Central Michigan  Turnover.,6,4,2,29,0.9074882829509079,0.551758022937975,4,4,13.5,134.5,"c(""Greg Langsdorf"", "" John Floyd"", "" Edwin  Young"")","Akron, OH",James A. Rhodes Arena,5500,2128,NA,NA,NA,NA,NA,NA,NA,NA,Central Michigan,Akron,FALSE
401365195,2022-03-04,Akron,Central Michigan,38,1,13:52,2032,2032,Foul on Kevin Miller.,6,4,2,27,0.9069824415154615,0.5524129552090024,4,4,13.5,134.5,"c(""Greg Langsdorf"", "" John Floyd"", "" Edwin  Young"")","Akron, OH",James A. Rhodes Arena,5500,2128,NA,NA,NA,NA,NA,NA,NA,NA,Akron,Akron,FALSE
401365195,2022-03-04,Akron,Central Michigan,39,1,13:32,2012,2012,Garvin Clarke missed Jumper.,6,4,2,20,0.9065969410257664,0.552903617996376,4,4,13.5,134.5,"c(""Greg Langsdorf"", "" John Floyd"", "" Edwin  Young"")","Akron, OH",James A. Rhodes Arena,5500,2128,NA,NA,Akron,missed,Garvin Clarke,NA,FALSE,FALSE,Akron,Akron,FALSE
401365195,2022-03-04,Akron,Central Michigan,40,1,13:27,2007,2007,Mikal Dawson Offensive Rebound.,6,4,2,5,0.906499155918545,0.5530270549599735,4,4,13.5,134.5,"c(""Greg Langsdorf"", "" John Floyd"", "" Edwin  Young"")","Akron, OH",James A. Rhodes Arena,5500,2128,NA,NA,NA,NA,NA,NA,NA,NA,Akron,Akron,FALSE
401365195,2022-03-04,Akron,Central Michigan,41,1,13:27,2007,2007,Akron  Turnover.,6,4,2,0,0.906499155918545,0.5530270549599735,4,4,13.5,134.5,"c(""Greg Langsdorf"", "" John Floyd"", "" Edwin  Young"")","Akron, OH",James A. Rhodes Arena,5500,2128,NA,NA,NA,NA,NA,NA,NA,NA,Akron,Central Michigan,FALSE
401365195,2022-03-04,Akron,Central Michigan,42,1,13:19,1999,1999,Harrison Henderson made Jumper.,6,6,0,8,0.8865576032629024,0.5,4,4,13.5,134.5,"c(""Greg Langsdorf"", "" John Floyd"", "" Edwin  Young"")","Akron, OH",James A. Rhodes Arena,5500,2128,NA,NA,Central Michigan,made,Harrison Henderson,NA,FALSE,FALSE,Central Michigan,Akron,FALSE
401365195,2022-03-04,Akron,Central Michigan,43,1,12:59,1979,1979,Aziz Bandaogo made Layup. Assisted by Ali Ali.,8,6,2,20,0.9059413393082699,0.5537242755029509,4,4,13.5,134.5,"c(""Greg Langsdorf"", "" John Floyd"", "" Edwin  Young"")","Akron, OH",James A. Rhodes Arena,5500,2128,NA,NA,Akron,made,Aziz Bandaogo,Ali Ali,FALSE,FALSE,Akron,Central Michigan,FALSE
401365195,2022-03-04,Akron,Central Michigan,44,1,12:43,1963,1963,Harrison Henderson missed Three Point Jumper.,8,6,2,16,0.9056149444453049,0.5541274301505975,4,4,13.5,134.5,"c(""Greg Langsdorf"", "" John Floyd"", "" Edwin  Young"")","Akron, OH",James A. Rhodes Arena,5500,2128,NA,NA,Central Michigan,missed,Harrison Henderson,NA,TRUE,FALSE,Central Michigan,Akron,FALSE
401365195,2022-03-04,Akron,Central Michigan,45,1,12:39,1959,1959,Mikal Dawson Defensive Rebound.,8,6,2,4,0.9055324934415658,0.5542287790937436,4,4,13.5,134.5,"c(""Greg Langsdorf"", "" John Floyd"", "" Edwin  Young"")","Akron, OH",James A. Rhodes Arena,5500,2128,NA,NA,NA,NA,NA,NA,NA,NA,Central Michigan,Akron,FALSE
401365195,2022-03-04,Akron,Central Michigan,46,1,12:30,1950,1950,Foul on Aziz Bandaogo.,8,6,2,9,0.9053457466399976,0.5544576524428375,4,4,13.5,134.5,"c(""Greg Langsdorf"", "" John Floyd"", "" Edwin  Young"")","Akron, OH",James A. Rhodes Arena,5500,2128,NA,NA,NA,NA,NA,NA,NA,NA,Akron,Central Michigan,FALSE
401365195,2022-03-04,Akron,Central Michigan,47,1,12:30,1950,1950,Aziz Bandaogo Turnover.,8,6,2,0,0.9053457466399976,0.5544576524428375,4,4,13.5,134.5,"c(""Greg Langsdorf"", "" John Floyd"", "" Edwin  Young"")","Akron, OH",James A. Rhodes Arena,5500,2128,NA,NA,NA,NA,NA,NA,NA,NA,Akron,Central Michigan,FALSE
401365195,2022-03-04,Akron,Central Michigan,48,1,12:04,1924,1924,Kevin Miller made Three Point Jumper. Assisted by Brian Taylor.,8,9,-1,26,0.8720929461387451,0.4723531352844477,4,4,13.5,134.5,"c(""Greg Langsdorf"", "" John Floyd"", "" Edwin  Young"")","Akron, OH",James A. Rhodes Arena,5500,2128,NA,NA,Central Michigan,made,Kevin Miller,Brian Taylor,TRUE,FALSE,Central Michigan,Akron,FALSE
401365195,2022-03-04,Akron,Central Michigan,49,1,11:33,1893,1893,Xavier Castaneda missed Three Point Jumper.,8,9,-1,31,0.870662985443541,0.4719507861261333,4,4,13.5,134.5,"c(""Greg Langsdorf"", "" John Floyd"", "" Edwin  Young"")","Akron, OH",James A. Rhodes Arena,5500,2128,NA,NA,Akron,missed,Xavier Castaneda,NA,TRUE,FALSE,Akron,Akron,FALSE
401365195,2022-03-04,Akron,Central Michigan,50,1,11:32,1892,1892,Akron Offensive Rebound.,8,9,-1,1,0.8706159897289044,0.4719378159551945,4,4,13.5,134.5,"c(""Greg Langsdorf"", "" John Floyd"", "" Edwin  Young"")","Akron, OH",James A. Rhodes Arena,5500,2128,NA,NA,NA,NA,NA,NA,NA,NA,Akron,Akron,FALSE
401365195,2022-03-04,Akron,Central Michigan,51,1,11:32,1892,1892,Foul on Cameron Healy.,8,9,-1,0,0.8706159897289044,0.4719378159551945,4,4,13.5,134.5,"c(""Greg Langsdorf"", "" John Floyd"", "" Edwin  Young"")","Akron, OH",James A. Rhodes Arena,5500,2128,NA,NA,NA,NA,NA,NA,NA,NA,Akron,Akron,FALSE
401365195,2022-03-04,Akron,Central Michigan,52,1,11:32,1892,1892,Official TV Timeout,8,9,-1,0,0.8706159897289044,0.4719378159551945,4,4,13.5,134.5,"c(""Greg Langsdorf"", "" John Floyd"", "" Edwin  Young"")","Akron, OH",James A. Rhodes Arena,5500,2128,NA,NA,NA,NA,NA,NA,NA,NA,Akron,Akron,FALSE
401365195,2022-03-04,Akron,Central Michigan,53,1,11:28,1888,1888,Xavier Castaneda made Jumper.,10,9,1,4,0.8937749112326384,0.5281140685260627,4,4,13.5,134.5,"c(""Greg Langsdorf"", "" John Floyd"", "" Edwin  Young"")","Akron, OH",James A. Rhodes Arena,5500,2128,NA,NA,Akron,made,Xavier Castaneda,NA,FALSE,FALSE,Akron,Central Michigan,FALSE
401365195,2022-03-04,Akron,Central Michigan,54,1,11:28,1888,1888,Foul on Cameron Healy.,10,9,1,0,0.8937749112326384,0.5281140685260627,4,4,13.5,134.5,"c(""Greg Langsdorf"", "" John Floyd"", "" Edwin  Young"")","Akron, OH",James A. Rhodes Arena,5500,2128,NA,NA,NA,NA,NA,NA,NA,NA,Akron,Central Michigan,FALSE
401365195,2022-03-04,Akron,Central Michigan,55,1,11:28,1888,1888,Xavier Castaneda missed Free Throw.,10,9,1,0,0.8937749112326384,0.5281140685260627,4,4,13.5,134.5,"c(""Greg Langsdorf"", "" John Floyd"", "" Edwin  Young"")","Akron, OH",James A. Rhodes Arena,5500,2128,NA,NA,Akron,missed,Xavier Castaneda,NA,FALSE,TRUE,Akron,Central Michigan,FALSE
401365195,2022-03-04,Akron,Central Michigan,56,1,11:27,1887,1887,Ralph Bissainthe Defensive Rebound.,10,9,1,1,0.8937450102564457,0.5281270409839967,4,4,13.5,134.5,"c(""Greg Langsdorf"", "" John Floyd"", "" Edwin  Young"")","Akron, OH",James A. Rhodes Arena,5500,2128,NA,NA,NA,NA,NA,NA,NA,NA,Akron,Central Michigan,FALSE
401365195,2022-03-04,Akron,Central Michigan,57,1,11:13,1873,1873,Ralph Bissainthe made Three Point Jumper. Assisted by Kevin Miller.,10,12,-2,14,0.8563212994468169,0.44356338365673664,4,4,13.5,134.5,"c(""Greg Langsdorf"", "" John Floyd"", "" Edwin  Young"")","Akron, OH",James A. Rhodes Arena,5500,2128,NA,NA,Central Michigan,made,Ralph Bissainthe,Kevin Miller,TRUE,FALSE,Central Michigan,Akron,FALSE
401365195,2022-03-04,Akron,Central Michigan,58,1,10:53,1853,1853,Ali Ali missed Jumper.,10,12,-2,20,0.8551372953583466,0.44304788787435395,4,4,13.5,134.5,"c(""Greg Langsdorf"", "" John Floyd"", "" Edwin  Young"")","Akron, OH",James A. Rhodes Arena,5500,2128,NA,NA,Akron,missed,Ali Ali,NA,FALSE,FALSE,Akron,Central Michigan,FALSE
401365195,2022-03-04,Akron,Central Michigan,59,1,10:49,1849,1849,Brian Taylor Defensive Rebound.,10,12,-2,4,0.8548974991481113,0.4429445225373313,4,4,13.5,134.5,"c(""Greg Langsdorf"", "" John Floyd"", "" Edwin  Young"")","Akron, OH",James A. Rhodes Arena,5500,2128,NA,NA,NA,NA,NA,NA,NA,NA,Akron,Central Michigan,FALSE
401365195,2022-03-04,Akron,Central Michigan,60,1,10:46,1846,1846,Ralph Bissainthe missed Three Point Jumper.,10,12,-2,3,0.8547169960232968,0.44286692580623005,4,4,13.5,134.5,"c(""Greg Langsdorf"", "" John Floyd"", "" Edwin  Young"")","Akron, OH",James A. Rhodes Arena,5500,2128,NA,NA,Central Michigan,missed,Ralph Bissainthe,NA,TRUE,FALSE,Central Michigan,Akron,FALSE
401365195,2022-03-04,Akron,Central Michigan,61,1,10:42,1842,1842,Xavier Castaneda Defensive Rebound.,10,12,-2,4,0.8544754501777749,0.4427633586527379,4,4,13.5,134.5,"c(""Greg Langsdorf"", "" John Floyd"", "" Edwin  Young"")","Akron, OH",James A. Rhodes Arena,5500,2128,NA,NA,NA,NA,NA,NA,NA,NA,Central Michigan,Akron,FALSE
401365195,2022-03-04,Akron,Central Michigan,62,1,10:35,1835,1835,Enrique Freeman made Layup. Assisted by Ali Ali.,12,12,0,7,0.8805258028683325,0.5,4,4,13.5,134.5,"c(""Greg Langsdorf"", "" John Floyd"", "" Edwin  Young"")","Akron, OH",James A. Rhodes Arena,5500,2128,NA,NA,Akron,made,Enrique Freeman,Ali Ali,FALSE,FALSE,Akron,Central Michigan,FALSE
401365195,2022-03-04,Akron,Central Michigan,63,1,10:10,1810,1810,Dylan Jergens made Jumper. Assisted by Ralph Bissainthe.,12,14,-2,25,0.8525070270455685,0.441929359796612,4,4,13.5,134.5,"c(""Greg Langsdorf"", "" John Floyd"", "" Edwin  Young"")","Akron, OH",James A. Rhodes Arena,5500,2128,NA,NA,Central Michigan,made,Dylan Jergens,Ralph Bissainthe,FALSE,FALSE,Central Michigan,Akron,FALSE
401365195,2022-03-04,Akron,Central Michigan,64,1,9:44,1784,1784,Xavier Castaneda made Jumper.,14,14,0,26,0.8784130461775218,0.5,4,4,13.5,134.5,"c(""Greg Langsdorf"", "" John Floyd"", "" Edwin  Young"")","Akron, OH",James A. Rhodes Arena,5500,2128,NA,NA,Akron,made,Xavier Castaneda,NA,FALSE,FALSE,Akron,Central Michigan,FALSE
401365195,2022-03-04,Akron,Central Michigan,65,1,9:18,1758,1758,Kevin Miller made Jumper.,14,16,-2,26,0.8491711685329103,0.44054359307850405,4,4,13.5,134.5,"c(""Greg Langsdorf"", "" John Floyd"", "" Edwin  Young"")","Akron, OH",James A. Rhodes Arena,5500,2128,NA,NA,Central Michigan,made,Kevin Miller,NA,FALSE,FALSE,Central Michigan,Akron,FALSE
401365195,2022-03-04,Akron,Central Michigan,66,1,8:59,1739,1739,Ali Ali made Layup. Assisted by Enrique Freeman.,16,16,0,19,0.8764640858937321,0.5,4,4,13.5,134.5,"c(""Greg Langsdorf"", "" John Floyd"", "" Edwin  Young"")","Akron, OH",James A. Rhodes Arena,5500,2128,NA,NA,Akron,made,Ali Ali,Enrique Freeman,FALSE,FALSE,Akron,Central Michigan,FALSE
401365195,2022-03-04,Akron,Central Michigan,67,1,8:46,1726,1726,Kevin Miller missed Jumper.,16,16,0,13,0.8758872915330412,0.5,4,4,13.5,134.5,"c(""Greg Langsdorf"", "" John Floyd"", "" Edwin  Young"")","Akron, OH",James A. Rhodes Arena,5500,2128,NA,NA,Central Michigan,missed,Kevin Miller,NA,FALSE,FALSE,Central Michigan,Akron,FALSE
401365195,2022-03-04,Akron,Central Michigan,68,1,8:43,1723,1723,Enrique Freeman Defensive Rebound.,16,16,0,3,0.8757533472868831,0.5,4,4,13.5,134.5,"c(""Greg Langsdorf"", "" John Floyd"", "" Edwin  Young"")","Akron, OH",James A. Rhodes Arena,5500,2128,NA,NA,NA,NA,NA,NA,NA,NA,Central Michigan,Akron,FALSE
401365195,2022-03-04,Akron,Central Michigan,69,1,8:33,1713,1713,Ali Ali missed Three Point Jumper.,16,16,0,10,0.8753046424527599,0.5,4,4,13.5,134.5,"c(""Greg Langsdorf"", "" John Floyd"", "" Edwin  Young"")","Akron, OH",James A. Rhodes Arena,5500,2128,NA,NA,Akron,missed,Ali Ali,NA,TRUE,FALSE,Akron,Central Michigan,FALSE
401365195,2022-03-04,Akron,Central Michigan,70,1,8:28,1708,1708,Ralph Bissainthe Defensive Rebound.,16,16,0,5,0.8750790251889015,0.5,4,4,13.5,134.5,"c(""Greg Langsdorf"", "" John Floyd"", "" Edwin  Young"")","Akron, OH",James A. Rhodes Arena,5500,2128,NA,NA,NA,NA,NA,NA,NA,NA,Akron,Central Michigan,FALSE
401365195,2022-03-04,Akron,Central Michigan,71,1,8:13,1693,1693,Brian Taylor missed Jumper.,16,16,0,15,0.8743972369933367,0.5,4,4,13.5,134.5,"c(""Greg Langsdorf"", "" John Floyd"", "" Edwin  Young"")","Akron, OH",James A. Rhodes Arena,5500,2128,NA,NA,Central Michigan,missed,Brian Taylor,NA,FALSE,FALSE,Central Michigan,Akron,FALSE
401365195,2022-03-04,Akron,Central Michigan,72,1,8:09,1689,1689,Mikal Dawson Defensive Rebound.,16,16,0,4,0.8742141718284283,0.5,4,4,13.5,134.5,"c(""Greg Langsdorf"", "" John Floyd"", "" Edwin  Young"")","Akron, OH",James A. Rhodes Arena,5500,2128,NA,NA,NA,NA,NA,NA,NA,NA,Central Michigan,Akron,FALSE
401365195,2022-03-04,Akron,Central Michigan,73,1,8:05,1685,1685,Mikal Dawson missed Three Point Jumper.,16,16,0,4,0.874029923413569,0.5,4,4,13.5,134.5,"c(""Greg Langsdorf"", "" John Floyd"", "" Edwin  Young"")","Akron, OH",James A. Rhodes Arena,5500,2128,NA,NA,Akron,missed,Mikal Dawson,NA,TRUE,FALSE,Akron,Central Michigan,FALSE
401365195,2022-03-04,Akron,Central Michigan,74,1,8:01,1681,1681,Brian Taylor Defensive Rebound.,16,16,0,4,0.8738442450446563,0.5,4,4,13.5,134.5,"c(""Greg Langsdorf"", "" John Floyd"", "" Edwin  Young"")","Akron, OH",James A. Rhodes Arena,5500,2128,NA,NA,NA,NA,NA,NA,NA,NA,Akron,Central Michigan,FALSE
401365195,2022-03-04,Akron,Central Michigan,75,1,7:36,1656,1656,Dylan Jergens Turnover.,16,16,0,25,0.8726527179623622,0.5,4,4,13.5,134.5,"c(""Greg Langsdorf"", "" John Floyd"", "" Edwin  Young"")","Akron, OH",James A. Rhodes Arena,5500,2128,NA,NA,NA,NA,NA,NA,NA,NA,Central Michigan,Akron,FALSE
401365195,2022-03-04,Akron,Central Michigan,76,1,7:36,1656,1656,Official TV Timeout,16,16,0,0,0.8726527179623622,0.5,4,4,13.5,134.5,"c(""Greg Langsdorf"", "" John Floyd"", "" Edwin  Young"")","Akron, OH",James A. Rhodes Arena,5500,2128,NA,NA,NA,NA,NA,NA,NA,NA,Central Michigan,Akron,FALSE
401365195,2022-03-04,Akron,Central Michigan,77,1,7:22,1642,1642,Greg Tribble missed Jumper.,16,16,0,14,0.8719634419877105,0.5,4,4,13.5,134.5,"c(""Greg Langsdorf"", "" John Floyd"", "" Edwin  Young"")","Akron, OH",James A. Rhodes Arena,5500,2128,NA,NA,Akron,missed,Greg Tribble,NA,FALSE,FALSE,Akron,Central Michigan,FALSE
401365195,2022-03-04,Akron,Central Michigan,78,1,7:18,1638,1638,Brian Taylor Defensive Rebound.,16,16,0,4,0.8717637832333404,0.5,4,4,13.5,134.5,"c(""Greg Langsdorf"", "" John Floyd"", "" Edwin  Young"")","Akron, OH",James A. Rhodes Arena,5500,2128,NA,NA,NA,NA,NA,NA,NA,NA,Akron,Central Michigan,FALSE
401365195,2022-03-04,Akron,Central Michigan,79,1,7:12,1632,1632,Jack Webb missed Three Point Jumper.,16,16,0,6,0.8714621116804089,0.5,4,4,13.5,134.5,"c(""Greg Langsdorf"", "" John Floyd"", "" Edwin  Young"")","Akron, OH",James A. Rhodes Arena,5500,2128,NA,NA,Central Michigan,missed,Jack Webb,NA,TRUE,FALSE,Central Michigan,Akron,FALSE
401365195,2022-03-04,Akron,Central Michigan,80,1,7:07,1627,1627,Ali Ali Defensive Rebound.,16,16,0,5,0.8712087667298105,0.5,4,4,13.5,134.5,"c(""Greg Langsdorf"", "" John Floyd"", "" Edwin  Young"")","Akron, OH",James A. Rhodes Arena,5500,2128,NA,NA,NA,NA,NA,NA,NA,NA,Central Michigan,Akron,FALSE
401365195,2022-03-04,Akron,Central Michigan,81,1,6:57,1617,1617,Foul on Michael Wynn.,16,16,0,10,0.8706969437306877,0.5,4,4,13.5,134.5,"c(""Greg Langsdorf"", "" John Floyd"", "" Edwin  Young"")","Akron, OH",James A. Rhodes Arena,5500,2128,NA,NA,NA,NA,NA,NA,NA,NA,Akron,Central Michigan,FALSE
401365195,2022-03-04,Akron,Central Michigan,82,1,6:57,1617,1617,Michael Wynn Turnover.,16,16,0,0,0.8706969437306877,0.5,4,4,13.5,134.5,"c(""Greg Langsdorf"", "" John Floyd"", "" Edwin  Young"")","Akron, OH",James A. Rhodes Arena,5500,2128,NA,NA,NA,NA,NA,NA,NA,NA,Akron,Central Michigan,FALSE
401365195,2022-03-04,Akron,Central Michigan,83,1,6:47,1607,1607,Foul on Kevin Miller.,16,16,0,10,0.8701785822005078,0.5,4,4,13.5,134.5,"c(""Greg Langsdorf"", "" John Floyd"", "" Edwin  Young"")","Akron, OH",James A. Rhodes Arena,5500,2128,NA,NA,NA,NA,NA,NA,NA,NA,Akron,Akron,FALSE
401365195,2022-03-04,Akron,Central Michigan,84,1,6:47,1607,1607,Kevin Miller Turnover.,16,16,0,0,0.8701785822005078,0.5,4,4,13.5,134.5,"c(""Greg Langsdorf"", "" John Floyd"", "" Edwin  Young"")","Akron, OH",James A. Rhodes Arena,5500,2128,NA,NA,NA,NA,NA,NA,NA,NA,Central Michigan,Akron,FALSE
401365195,2022-03-04,Akron,Central Michigan,85,1,6:28,1588,1588,Ali Ali missed Jumper.,16,16,0,19,0.8691770152037662,0.5,4,4,13.5,134.5,"c(""Greg Langsdorf"", "" John Floyd"", "" Edwin  Young"")","Akron, OH",James A. Rhodes Arena,5500,2128,NA,NA,Akron,missed,Ali Ali,NA,FALSE,FALSE,Akron,Central Michigan,FALSE
401365195,2022-03-04,Akron,Central Michigan,86,1,6:23,1583,1583,Brian Taylor Defensive Rebound.,16,16,0,5,0.868910069387848,0.5,4,4,13.5,134.5,"c(""Greg Langsdorf"", "" John Floyd"", "" Edwin  Young"")","Akron, OH",James A. Rhodes Arena,5500,2128,NA,NA,NA,NA,NA,NA,NA,NA,Akron,Central Michigan,FALSE
401365195,2022-03-04,Akron,Central Michigan,87,1,5:36,1536,1536,Foul on Kevin Miller.,16,18,-2,47,0.8327427112651555,0.43442609677021293,4,4,13.5,134.5,"c(""Greg Langsdorf"", "" John Floyd"", "" Edwin  Young"")","Akron, OH",James A. Rhodes Arena,5500,2128,NA,NA,NA,NA,NA,NA,NA,NA,Akron,Akron,TRUE
401365195,2022-03-04,Akron,Central Michigan,88,1,5:36,1536,1536,Ali Ali made Free Throw.,17,18,-1,0,0.8503182111123709,0.46707084094761714,4,4,13.5,134.5,"c(""Greg Langsdorf"", "" John Floyd"", "" Edwin  Young"")","Akron, OH",James A. Rhodes Arena,5500,2128,NA,NA,Akron,made,Ali Ali,NA,FALSE,TRUE,Akron,Akron,FALSE
401365195,2022-03-04,Akron,Central Michigan,89,1,5:36,1536,1536,Ali Ali missed Free Throw.,17,18,-1,0,0.8503182111123709,0.46707084094761714,4,4,13.5,134.5,"c(""Greg Langsdorf"", "" John Floyd"", "" Edwin  Young"")","Akron, OH",James A. Rhodes Arena,5500,2128,NA,NA,Akron,missed,Ali Ali,NA,FALSE,TRUE,Akron,Central Michigan,FALSE
401365195,2022-03-04,Akron,Central Michigan,90,1,5:34,1534,1534,Brian Taylor Defensive Rebound.,17,18,-1,2,0.8501814697931823,0.46704242755452935,4,4,13.5,134.5,"c(""Greg Langsdorf"", "" John Floyd"", "" Edwin  Young"")","Akron, OH",James A. Rhodes Arena,5500,2128,NA,NA,NA,NA,NA,NA,NA,NA,Akron,Central Michigan,FALSE
401365195,2022-03-04,Akron,Central Michigan,91,1,5:22,1522,1522,Brian Taylor missed Three Point Jumper.,17,18,-1,12,0.8493568958224995,0.46687028129075014,4,4,13.5,134.5,"c(""Greg Langsdorf"", "" John Floyd"", "" Edwin  Young"")","Akron, OH",James A. Rhodes Arena,5500,2128,NA,NA,Central Michigan,missed,Brian Taylor,NA,TRUE,FALSE,Central Michigan,Akron,FALSE
401365195,2022-03-04,Akron,Central Michigan,92,1,5:18,1518,1518,Xavier Castaneda Defensive Rebound.,17,18,-1,4,0.8490805248846937,0.4668122119177271,4,4,13.5,134.5,"c(""Greg Langsdorf"", "" John Floyd"", "" Edwin  Young"")","Akron, OH",James A. Rhodes Arena,5500,2128,NA,NA,NA,NA,NA,NA,NA,NA,Central Michigan,Akron,FALSE
401365195,2022-03-04,Akron,Central Michigan,93,1,5:10,1510,1510,Xavier Castaneda missed Three Point Jumper.,17,18,-1,8,0.848525632591509,0.46669493694698744,4,4,13.5,134.5,"c(""Greg Langsdorf"", "" John Floyd"", "" Edwin  Young"")","Akron, OH",James A. Rhodes Arena,5500,2128,NA,NA,Akron,missed,Xavier Castaneda,NA,TRUE,FALSE,Akron,Central Michigan,FALSE
401365195,2022-03-04,Akron,Central Michigan,94,1,5:07,1507,1507,Harrison Henderson Defensive Rebound.,17,18,-1,3,0.848316834620829,0.4666505456360566,4,4,13.5,134.5,"c(""Greg Langsdorf"", "" John Floyd"", "" Edwin  Young"")","Akron, OH",James A. Rhodes Arena,5500,2128,NA,NA,NA,NA,NA,NA,NA,NA,Akron,Central Michigan,FALSE
401365195,2022-03-04,Akron,Central Michigan,95,1,5:00,1500,1500,Harrison Henderson missed Three Point Jumper.,17,18,-1,7,0.847828192535784,0.4665460318608259,4,4,13.5,134.5,"c(""Greg Langsdorf"", "" John Floyd"", "" Edwin  Young"")","Akron, OH",James A. Rhodes Arena,5500,2128,NA,NA,Central Michigan,missed,Harrison Henderson,NA,TRUE,FALSE,Central Michigan,Akron,FALSE
401365195,2022-03-04,Akron,Central Michigan,96,1,4:56,1496,1496,Greg Tribble Defensive Rebound.,17,18,-1,4,0.8475480917903564,0.4664856944434902,4,4,13.5,134.5,"c(""Greg Langsdorf"", "" John Floyd"", "" Edwin  Young"")","Akron, OH",James A. Rhodes Arena,5500,2128,NA,NA,NA,NA,NA,NA,NA,NA,Central Michigan,Akron,FALSE
401365195,2022-03-04,Akron,Central Michigan,97,1,4:33,1473,1473,Ali Ali made Three Point Jumper. Assisted by Greg Tribble.,20,18,2,23,0.8918785830355087,0.5674323437954826,4,4,13.5,134.5,"c(""Greg Langsdorf"", "" John Floyd"", "" Edwin  Young"")","Akron, OH",James A. Rhodes Arena,5500,2128,NA,NA,Akron,made,Ali Ali,Greg Tribble,TRUE,FALSE,Akron,Central Michigan,FALSE
401365195,2022-03-04,Akron,Central Michigan,98,1,4:00,1440,1440,Brian Taylor made Dunk.,20,20,0,33,0.8609136295364158,0.5,4,4,13.5,134.5,"c(""Greg Langsdorf"", "" John Floyd"", "" Edwin  Young"")","Akron, OH",James A. Rhodes Arena,5500,2128,NA,NA,Central Michigan,made,Brian Taylor,NA,FALSE,FALSE,Central Michigan,Akron,FALSE
401365195,2022-03-04,Akron,Central Michigan,99,1,3:34,1414,1414,Xavier Castaneda made Jumper.,22,20,2,26,0.8898616660043212,0.5693212374018192,4,4,13.5,134.5,"c(""Greg Langsdorf"", "" John Floyd"", "" Edwin  Young"")","Akron, OH",James A. Rhodes Arena,5500,2128,NA,NA,Akron,made,Xavier Castaneda,NA,FALSE,FALSE,Akron,Central Michigan,FALSE
401365195,2022-03-04,Akron,Central Michigan,100,1,3:17,1397,1397,Ralph Bissainthe missed Layup.,22,20,2,17,0.8892434340941909,0.5698413220324108,4,4,13.5,134.5,"c(""Greg Langsdorf"", "" John Floyd"", "" Edwin  Young"")","Akron, OH",James A. Rhodes Arena,5500,2128,NA,NA,Central Michigan,missed,Ralph Bissainthe,NA,FALSE,FALSE,Central Michigan,Akron,FALSE
401365195,2022-03-04,Akron,Central Michigan,101,1,3:17,1397,1397,Aziz Bandaogo Block.,22,20,2,0,0.8892434340941909,0.5698413220324108,4,4,13.5,134.5,"c(""Greg Langsdorf"", "" John Floyd"", "" Edwin  Young"")","Akron, OH",James A. Rhodes Arena,5500,2128,NA,NA,NA,NA,NA,NA,NA,NA,Central Michigan,Akron,FALSE
401365195,2022-03-04,Akron,Central Michigan,102,1,3:13,1393,1393,Aziz Bandaogo Defensive Rebound.,22,20,2,4,0.8890955868936392,0.5699623961311503,4,4,13.5,134.5,"c(""Greg Langsdorf"", "" John Floyd"", "" Edwin  Young"")","Akron, OH",James A. Rhodes Arena,5500,2128,NA,NA,NA,NA,NA,NA,NA,NA,Central Michigan,Akron,FALSE
401365195,2022-03-04,Akron,Central Michigan,103,1,3:08,1388,1388,Official TV Timeout,22,20,2,5,0.8889096211146662,0.5701132313457744,4,4,13.5,134.5,"c(""Greg Langsdorf"", "" John Floyd"", "" Edwin  Young"")","Akron, OH",James A. Rhodes Arena,5500,2128,NA,NA,NA,NA,NA,NA,NA,NA,Akron,Akron,FALSE
401365195,2022-03-04,Akron,Central Michigan,104,1,2:56,1376,1376,Ali Ali Turnover.,22,20,2,12,0.8884584985470261,0.5704736248183312,4,4,13.5,134.5,"c(""Greg Langsdorf"", "" John Floyd"", "" Edwin  Young"")","Akron, OH",James A. Rhodes Arena,5500,2128,NA,NA,NA,NA,NA,NA,NA,NA,Akron,Central Michigan,FALSE
401365195,2022-03-04,Akron,Central Michigan,105,1,2:32,1352,1352,Harrison Henderson made Layup.,22,22,0,24,0.8555894622426008,0.5,4,4,13.5,134.5,"c(""Greg Langsdorf"", "" John Floyd"", "" Edwin  Young"")","Akron, OH",James A. Rhodes Arena,5500,2128,NA,NA,Central Michigan,made,Harrison Henderson,NA,FALSE,FALSE,Central Michigan,Akron,FALSE
401365195,2022-03-04,Akron,Central Michigan,106,1,2:18,1338,1338,Ali Ali missed Jumper.,22,22,0,14,0.8547022552512091,0.5,4,4,13.5,134.5,"c(""Greg Langsdorf"", "" John Floyd"", "" Edwin  Young"")","Akron, OH",James A. Rhodes Arena,5500,2128,NA,NA,Akron,missed,Ali Ali,NA,FALSE,FALSE,Akron,Central Michigan,FALSE
401365195,2022-03-04,Akron,Central Michigan,107,1,2:14,1334,1334,Jack Webb Defensive Rebound.,22,22,0,4,0.8544471094675185,0.5,4,4,13.5,134.5,"c(""Greg Langsdorf"", "" John Floyd"", "" Edwin  Young"")","Akron, OH",James A. Rhodes Arena,5500,2128,NA,NA,NA,NA,NA,NA,NA,NA,Akron,Central Michigan,FALSE
401365195,2022-03-04,Akron,Central Michigan,108,1,1:55,1315,1315,Foul on Greg Tribble.,22,22,0,19,0.8532259208402058,0.5,4,4,13.5,134.5,"c(""Greg Langsdorf"", "" John Floyd"", "" Edwin  Young"")","Akron, OH",James A. Rhodes Arena,5500,2128,NA,NA,NA,NA,NA,NA,NA,NA,Central Michigan,Central Michigan,FALSE
401365195,2022-03-04,Akron,Central Michigan,109,1,1:55,1315,1315,Harrison Henderson missed Free Throw.,22,22,0,0,0.8532259208402058,0.5,4,4,13.5,134.5,"c(""Greg Langsdorf"", "" John Floyd"", "" Edwin  Young"")","Akron, OH",James A. Rhodes Arena,5500,2128,NA,NA,Central Michigan,missed,Harrison Henderson,NA,FALSE,TRUE,Central Michigan,Central Michigan,FALSE
401365195,2022-03-04,Akron,Central Michigan,110,1,1:55,1315,1315,Central Michigan Offensive Rebound.,22,22,0,0,0.8532259208402058,0.5,4,4,13.5,134.5,"c(""Greg Langsdorf"", "" John Floyd"", "" Edwin  Young"")","Akron, OH",James A. Rhodes Arena,5500,2128,NA,NA,NA,NA,NA,NA,NA,NA,Central Michigan,Central Michigan,FALSE
401365195,2022-03-04,Akron,Central Michigan,111,1,1:55,1315,1315,Harrison Henderson made Free Throw.,22,23,-1,0,0.8340290613809234,0.4636456929129441,4,4,13.5,134.5,"c(""Greg Langsdorf"", "" John Floyd"", "" Edwin  Young"")","Akron, OH",James A. Rhodes Arena,5500,2128,NA,NA,Central Michigan,made,Harrison Henderson,NA,FALSE,TRUE,Central Michigan,Akron,FALSE
401365195,2022-03-04,Akron,Central Michigan,112,1,1:34,1294,1294,Ali Ali missed Jumper.,22,23,-1,21,0.8323284668412052,0.4633044130731937,4,4,13.5,134.5,"c(""Greg Langsdorf"", "" John Floyd"", "" Edwin  Young"")","Akron, OH",James A. Rhodes Arena,5500,2128,NA,NA,Akron,missed,Ali Ali,NA,FALSE,FALSE,Akron,Central Michigan,FALSE
401365195,2022-03-04,Akron,Central Michigan,113,1,1:34,1294,1294,Nicolas Pavrette Block.,22,23,-1,0,0.8323284668412052,0.4633044130731937,4,4,13.5,134.5,"c(""Greg Langsdorf"", "" John Floyd"", "" Edwin  Young"")","Akron, OH",James A. Rhodes Arena,5500,2128,NA,NA,NA,NA,NA,NA,NA,NA,Akron,Central Michigan,FALSE
401365195,2022-03-04,Akron,Central Michigan,114,1,1:30,1290,1290,Ralph Bissainthe Defensive Rebound.,22,23,-1,4,0.8320014865155675,0.46323769478965726,4,4,13.5,134.5,"c(""Greg Langsdorf"", "" John Floyd"", "" Edwin  Young"")","Akron, OH",James A. Rhodes Arena,5500,2128,NA,NA,NA,NA,NA,NA,NA,NA,Akron,Central Michigan,FALSE
401365195,2022-03-04,Akron,Central Michigan,115,1,1:30,1290,1290,Central Michigan Defensive Rebound.,22,23,-1,0,0.8320014865155675,0.46323769478965726,4,4,13.5,134.5,"c(""Greg Langsdorf"", "" John Floyd"", "" Edwin  Young"")","Akron, OH",James A. Rhodes Arena,5500,2128,NA,NA,NA,NA,NA,NA,NA,NA,Akron,Central Michigan,FALSE
401365195,2022-03-04,Akron,Central Michigan,116,1,1:07,1267,1267,Brian Taylor missed Three Point Jumper.,22,23,-1,23,0.8301026505714448,0.4628410016071312,4,4,13.5,134.5,"c(""Greg Langsdorf"", "" John Floyd"", "" Edwin  Young"")","Akron, OH",James A. Rhodes Arena,5500,2128,NA,NA,Central Michigan,missed,Brian Taylor,NA,TRUE,FALSE,Central Michigan,Akron,FALSE
401365195,2022-03-04,Akron,Central Michigan,117,1,1:01,1261,1261,Xavier Castaneda Defensive Rebound.,22,23,-1,6,0.8296021200250444,0.4627333887289013,4,4,13.5,134.5,"c(""Greg Langsdorf"", "" John Floyd"", "" Edwin  Young"")","Akron, OH",James A. Rhodes Arena,5500,2128,NA,NA,NA,NA,NA,NA,NA,NA,Central Michigan,Akron,FALSE
401365195,2022-03-04,Akron,Central Michigan,118,1,0:44,1244,1244,Ali Ali Turnover.,22,23,-1,17,0.828172490212306,0.46241774615577314,4,4,13.5,134.5,"c(""Greg Langsdorf"", "" John Floyd"", "" Edwin  Young"")","Akron, OH",James A. Rhodes Arena,5500,2128,NA,NA,NA,NA,NA,NA,NA,NA,Akron,Central Michigan,FALSE
401365195,2022-03-04,Akron,Central Michigan,119,1,0:44,1244,1244,Dylan Jergens Steal.,22,23,-1,0,0.828172490212306,0.46241774615577314,4,4,13.5,134.5,"c(""Greg Langsdorf"", "" John Floyd"", "" Edwin  Young"")","Akron, OH",James A. Rhodes Arena,5500,2128,NA,NA,NA,NA,NA,NA,NA,NA,Akron,Central Michigan,FALSE
401365195,2022-03-04,Akron,Central Michigan,120,1,0:19,1219,1219,Brian Taylor missed Three Point Jumper.,22,23,-1,25,0.8260398577100333,0.4619206259341698,4,4,13.5,134.5,"c(""Greg Langsdorf"", "" John Floyd"", "" Edwin  Young"")","Akron, OH",James A. Rhodes Arena,5500,2128,NA,NA,Central Michigan,missed,Brian Taylor,NA,TRUE,FALSE,Central Michigan,Central Michigan,FALSE
401365195,2022-03-04,Akron,Central Michigan,121,1,0:16,1216,1216,Harrison Henderson Offensive Rebound.,22,23,-1,3,0.8257815645492886,0.4618580289324065,4,4,13.5,134.5,"c(""Greg Langsdorf"", "" John Floyd"", "" Edwin  Young"")","Akron, OH",James A. Rhodes Arena,5500,2128,NA,NA,NA,NA,NA,NA,NA,NA,Central Michigan,Central Michigan,FALSE
401365195,2022-03-04,Akron,Central Michigan,122,1,0:15,1215,1215,Foul on Enrique Freeman.,22,23,-1,1,0.8256953549354884,0.46183701371363095,4,4,13.5,134.5,"c(""Greg Langsdorf"", "" John Floyd"", "" Edwin  Young"")","Akron, OH",James A. Rhodes Arena,5500,2128,NA,NA,NA,NA,NA,NA,NA,NA,Central Michigan,Central Michigan,FALSE
401365195,2022-03-04,Akron,Central Michigan,123,1,0:15,1215,1215,Harrison Henderson made Free Throw.,22,24,-2,0,0.8025758433409423,0.42411610077508405,4,4,13.5,134.5,"c(""Greg Langsdorf"", "" John Floyd"", "" Edwin  Young"")","Akron, OH",James A. Rhodes Arena,5500,2128,NA,NA,Central Michigan,made,Harrison Henderson,NA,FALSE,TRUE,Central Michigan,Central Michigan,FALSE
401365195,2022-03-04,Akron,Central Michigan,124,1,0:15,1215,1215,Harrison Henderson made Free Throw.,22,25,-3,0,0.7772171836215752,0.38725908549263,4,4,13.5,134.5,"c(""Greg Langsdorf"", "" John Floyd"", "" Edwin  Young"")","Akron, OH",James A. Rhodes Arena,5500,2128,NA,NA,Central Michigan,made,Harrison Henderson,NA,FALSE,TRUE,Central Michigan,Akron,FALSE
401365195,2022-03-04,Akron,Central Michigan,125,1,0:01,1201,1201,Enrique Freeman missed Layup.,22,25,-3,14,0.7753467569508883,0.38640798088719136,4,4,13.5,134.5,"c(""Greg Langsdorf"", "" John Floyd"", "" Edwin  Young"")","Akron, OH",James A. Rhodes Arena,5500,2128,NA,NA,Akron,missed,Enrique Freeman,NA,FALSE,FALSE,Akron,Akron,FALSE
401365195,2022-03-04,Akron,Central Michigan,126,1,0:00,1200,1200,Enrique Freeman Offensive Rebound.,22,25,-3,1,0.7752135589292168,0.38634786325026177,4,4,13.5,134.5,"c(""Greg Langsdorf"", "" John Floyd"", "" Edwin  Young"")","Akron, OH",James A. Rhodes Arena,5500,2128,NA,NA,NA,NA,NA,NA,NA,NA,Akron,Akron,FALSE
401365195,2022-03-04,Akron,Central Michigan,127,1,0:00,1200,1200,End of 1st half,22,25,-3,0,0.7752135589292168,0.38634786325026177,4,4,13.5,134.5,"c(""Greg Langsdorf"", "" John Floyd"", "" Edwin  Young"")","Akron, OH",James A. Rhodes Arena,5500,2128,NA,NA,NA,NA,NA,NA,NA,NA,Akron,NA,FALSE
401365195,2022-03-04,Akron,Central Michigan,128,2,20:00,1200,1200,PLAY,22,25,-3,0,0.7752135589292168,0.38634786325026177,4,4,13.5,134.5,"c(""Greg Langsdorf"", "" John Floyd"", "" Edwin  Young"")","Akron, OH",James A. Rhodes Arena,5500,2128,NA,NA,NA,NA,NA,NA,NA,NA,NA,Central Michigan,FALSE
401365195,2022-03-04,Akron,Central Michigan,129,2,19:47,1187,1187,Kevin Miller Turnover.,22,25,-3,13,0.7734884477618439,0.38557680520176574,4,4,13.5,134.5,"c(""Greg Langsdorf"", "" John Floyd"", "" Edwin  Young"")","Akron, OH",James A. Rhodes Arena,5500,2128,NA,NA,NA,NA,NA,NA,NA,NA,Central Michigan,Akron,FALSE
401365195,2022-03-04,Akron,Central Michigan,130,2,19:47,1187,1187,Enrique Freeman Steal.,22,25,-3,0,0.7734884477618439,0.38557680520176574,4,4,13.5,134.5,"c(""Greg Langsdorf"", "" John Floyd"", "" Edwin  Young"")","Akron, OH",James A. Rhodes Arena,5500,2128,NA,NA,NA,NA,NA,NA,NA,NA,Central Michigan,Akron,FALSE
401365195,2022-03-04,Akron,Central Michigan,131,2,19:19,1159,1159,Xavier Castaneda made Jumper. Assisted by Mikal Dawson.,24,25,-1,28,0.8208821721074505,0.4606857817780813,4,4,13.5,134.5,"c(""Greg Langsdorf"", "" John Floyd"", "" Edwin  Young"")","Akron, OH",James A. Rhodes Arena,5500,2128,NA,NA,Akron,made,Xavier Castaneda,Mikal Dawson,FALSE,FALSE,Akron,Central Michigan,FALSE
401365195,2022-03-04,Akron,Central Michigan,132,2,18:54,1134,1134,Foul on Enrique Freeman.,24,25,-1,25,0.8187359724836701,0.4601924373168723,4,4,13.5,134.5,"c(""Greg Langsdorf"", "" John Floyd"", "" Edwin  Young"")","Akron, OH",James A. Rhodes Arena,5500,2128,NA,NA,NA,NA,NA,NA,NA,NA,Central Michigan,Central Michigan,FALSE
401365195,2022-03-04,Akron,Central Michigan,133,2,18:54,1134,1134,Ralph Bissainthe made Free Throw.,24,26,-2,0,0.7938415776780086,0.4208863419498253,4,4,13.5,134.5,"c(""Greg Langsdorf"", "" John Floyd"", "" Edwin  Young"")","Akron, OH",James A. Rhodes Arena,5500,2128,NA,NA,Central Michigan,made,Ralph Bissainthe,NA,FALSE,TRUE,Central Michigan,Central Michigan,FALSE
401365195,2022-03-04,Akron,Central Michigan,134,2,18:54,1134,1134,Ralph Bissainthe made Free Throw.,24,27,-3,0,0.7665032959532859,0.38255822705761056,4,4,13.5,134.5,"c(""Greg Langsdorf"", "" John Floyd"", "" Edwin  Young"")","Akron, OH",James A. Rhodes Arena,5500,2128,NA,NA,Central Michigan,made,Ralph Bissainthe,NA,FALSE,TRUE,Central Michigan,Akron,FALSE
401365195,2022-03-04,Akron,Central Michigan,135,2,18:40,1120,1120,Enrique Freeman made Layup. Assisted by Greg Tribble.,26,27,-1,14,0.8175270734169794,0.45991604080643717,4,4,13.5,134.5,"c(""Greg Langsdorf"", "" John Floyd"", "" Edwin  Young"")","Akron, OH",James A. Rhodes Arena,5500,2128,NA,NA,Akron,made,Enrique Freeman,Greg Tribble,FALSE,FALSE,Akron,Central Michigan,FALSE
401365195,2022-03-04,Akron,Central Michigan,136,2,18:12,1092,1092,Cameron Healy missed Three Point Jumper.,26,27,-1,28,0.8150816454731692,0.45935407383572313,4,4,13.5,134.5,"c(""Greg Langsdorf"", "" John Floyd"", "" Edwin  Young"")","Akron, OH",James A. Rhodes Arena,5500,2128,NA,NA,Central Michigan,missed,Cameron Healy,NA,TRUE,FALSE,Central Michigan,Akron,FALSE
401365195,2022-03-04,Akron,Central Michigan,137,2,18:09,1089,1089,Xavier Castaneda Defensive Rebound.,26,27,-1,3,0.8148167697083875,0.4592926646875306,4,4,13.5,134.5,"c(""Greg Langsdorf"", "" John Floyd"", "" Edwin  Young"")","Akron, OH",James A. Rhodes Arena,5500,2128,NA,NA,NA,NA,NA,NA,NA,NA,Central Michigan,Akron,FALSE
401365195,2022-03-04,Akron,Central Michigan,138,2,18:09,1089,1089,Foul on Brian Taylor.,26,27,-1,0,0.8148167697083875,0.4592926646875306,4,4,13.5,134.5,"c(""Greg Langsdorf"", "" John Floyd"", "" Edwin  Young"")","Akron, OH",James A. Rhodes Arena,5500,2128,NA,NA,NA,NA,NA,NA,NA,NA,Akron,Akron,FALSE
401365195,2022-03-04,Akron,Central Michigan,139,2,17:48,1068,1068,Foul on Cameron Healy.,26,27,-1,21,0.8129427454298526,0.45885334592443505,4,4,13.5,134.5,"c(""Greg Langsdorf"", "" John Floyd"", "" Edwin  Young"")","Akron, OH",James A. Rhodes Arena,5500,2128,NA,NA,NA,NA,NA,NA,NA,NA,Akron,Akron,FALSE
401365195,2022-03-04,Akron,Central Michigan,140,2,17:48,1068,1068,Greg Tribble made Free Throw.,27,27,0,0,0.8367449509021336,0.5,4,4,13.5,134.5,"c(""Greg Langsdorf"", "" John Floyd"", "" Edwin  Young"")","Akron, OH",James A. Rhodes Arena,5500,2128,NA,NA,Akron,made,Greg Tribble,NA,FALSE,TRUE,Akron,Akron,FALSE
401365195,2022-03-04,Akron,Central Michigan,141,2,17:48,1068,1068,Greg Tribble made Free Throw.,28,27,1,0,0.8580472948180664,0.541146654075565,4,4,13.5,134.5,"c(""Greg Langsdorf"", "" John Floyd"", "" Edwin  Young"")","Akron, OH",James A. Rhodes Arena,5500,2128,NA,NA,Akron,made,Greg Tribble,NA,FALSE,TRUE,Akron,Central Michigan,FALSE
401365195,2022-03-04,Akron,Central Michigan,142,2,17:26,1046,1046,Ralph Bissainthe missed Three Point Jumper.,28,27,1,22,0.8569155378068934,0.541629551447218,4,4,13.5,134.5,"c(""Greg Langsdorf"", "" John Floyd"", "" Edwin  Young"")","Akron, OH",James A. Rhodes Arena,5500,2128,NA,NA,Central Michigan,missed,Ralph Bissainthe,NA,TRUE,FALSE,Central Michigan,Akron,FALSE
401365195,2022-03-04,Akron,Central Michigan,143,2,17:24,1044,1044,Greg Tribble Defensive Rebound.,28,27,1,2,0.8568121962312278,0.5416748446416632,4,4,13.5,134.5,"c(""Greg Langsdorf"", "" John Floyd"", "" Edwin  Young"")","Akron, OH",James A. Rhodes Arena,5500,2128,NA,NA,NA,NA,NA,NA,NA,NA,Central Michigan,Akron,FALSE
401365195,2022-03-04,Akron,Central Michigan,144,2,17:20,1040,1040,Ali Ali made Layup. Assisted by Greg Tribble.,30,27,3,4,0.893050475388322,0.6230149700933686,4,4,13.5,134.5,"c(""Greg Langsdorf"", "" John Floyd"", "" Edwin  Young"")","Akron, OH",James A. Rhodes Arena,5500,2128,NA,NA,Akron,made,Ali Ali,Greg Tribble,FALSE,FALSE,Akron,Central Michigan,FALSE
401365195,2022-03-04,Akron,Central Michigan,145,2,16:54,1014,1014,Kevin Miller missed Three Point Jumper.,30,27,3,26,0.8924794407222547,0.6247781848863178,4,4,13.5,134.5,"c(""Greg Langsdorf"", "" John Floyd"", "" Edwin  Young"")","Akron, OH",James A. Rhodes Arena,5500,2128,NA,NA,Central Michigan,missed,Kevin Miller,NA,TRUE,FALSE,Central Michigan,Akron,FALSE
401365195,2022-03-04,Akron,Central Michigan,146,2,16:50,1010,1010,Enrique Freeman Defensive Rebound.,30,27,3,4,0.8923947205403583,0.6250626600471884,4,4,13.5,134.5,"c(""Greg Langsdorf"", "" John Floyd"", "" Edwin  Young"")","Akron, OH",James A. Rhodes Arena,5500,2128,NA,NA,NA,NA,NA,NA,NA,NA,Central Michigan,Akron,FALSE
401365195,2022-03-04,Akron,Central Michigan,147,2,16:43,1003,1003,Mikal Dawson missed Three Point Jumper.,30,27,3,7,0.8922486927707094,0.6255698552045945,4,4,13.5,134.5,"c(""Greg Langsdorf"", "" John Floyd"", "" Edwin  Young"")","Akron, OH",James A. Rhodes Arena,5500,2128,NA,NA,Akron,missed,Mikal Dawson,NA,TRUE,FALSE,Akron,Central Michigan,FALSE
401365195,2022-03-04,Akron,Central Michigan,148,2,16:40,1000,1000,Cameron Healy Defensive Rebound.,30,27,3,3,0.8921870123415431,0.6257910028167197,4,4,13.5,134.5,"c(""Greg Langsdorf"", "" John Floyd"", "" Edwin  Young"")","Akron, OH",James A. Rhodes Arena,5500,2128,NA,NA,NA,NA,NA,NA,NA,NA,Akron,Central Michigan,FALSE
401365195,2022-03-04,Akron,Central Michigan,149,2,16:37,997,997,Kevin Miller missed Layup.,30,27,3,3,0.8921258921155754,0.626014489720301,4,4,13.5,134.5,"c(""Greg Langsdorf"", "" John Floyd"", "" Edwin  Young"")","Akron, OH",James A. Rhodes Arena,5500,2128,NA,NA,Central Michigan,missed,Kevin Miller,NA,FALSE,FALSE,Central Michigan,Central Michigan,FALSE
401365195,2022-03-04,Akron,Central Michigan,150,2,16:35,995,995,Brian Taylor Offensive Rebound.,30,27,3,2,0.8920854628442813,0.6261648052812139,4,4,13.5,134.5,"c(""Greg Langsdorf"", "" John Floyd"", "" Edwin  Young"")","Akron, OH",James A. Rhodes Arena,5500,2128,NA,NA,NA,NA,NA,NA,NA,NA,Central Michigan,Central Michigan,FALSE
401365195,2022-03-04,Akron,Central Michigan,151,2,16:35,995,995,Brian Taylor made Layup.,30,29,1,0,0.8542531842633652,0.5428776401130961,4,4,13.5,134.5,"c(""Greg Langsdorf"", "" John Floyd"", "" Edwin  Young"")","Akron, OH",James A. Rhodes Arena,5500,2128,NA,NA,Central Michigan,made,Brian Taylor,NA,FALSE,FALSE,Central Michigan,Akron,FALSE
401365195,2022-03-04,Akron,Central Michigan,152,2,16:35,995,995,Foul on Enrique Freeman.,30,29,1,0,0.8542531842633652,0.5428776401130961,4,4,13.5,134.5,"c(""Greg Langsdorf"", "" John Floyd"", "" Edwin  Young"")","Akron, OH",James A. Rhodes Arena,5500,2128,NA,NA,NA,NA,NA,NA,NA,NA,Central Michigan,Central Michigan,FALSE
401365195,2022-03-04,Akron,Central Michigan,153,2,16:35,995,995,Brian Taylor made Free Throw.,30,30,0,0,0.8315179665242955,0.5,4,4,13.5,134.5,"c(""Greg Langsdorf"", "" John Floyd"", "" Edwin  Young"")","Akron, OH",James A. Rhodes Arena,5500,2128,NA,NA,Central Michigan,made,Brian Taylor,NA,FALSE,TRUE,Central Michigan,Akron,FALSE
401365195,2022-03-04,Akron,Central Michigan,154,2,16:17,977,977,Michael Wynn made Three Point Jumper. Assisted by Xavier Castaneda.,33,30,3,18,0.8917336870323982,0.6275678663365505,4,4,13.5,134.5,"c(""Greg Langsdorf"", "" John Floyd"", "" Edwin  Young"")","Akron, OH",James A. Rhodes Arena,5500,2128,NA,NA,Akron,made,Michael Wynn,Xavier Castaneda,TRUE,FALSE,Akron,Central Michigan,FALSE
401365195,2022-03-04,Akron,Central Michigan,155,2,15:52,952,952,Brian Taylor Turnover.,33,30,3,25,0.8912694924000486,0.6295528558812014,4,4,13.5,134.5,"c(""Greg Langsdorf"", "" John Floyd"", "" Edwin  Young"")","Akron, OH",James A. Rhodes Arena,5500,2128,NA,NA,NA,NA,NA,NA,NA,NA,Central Michigan,Akron,FALSE
401365195,2022-03-04,Akron,Central Michigan,156,2,15:52,952,952,Michael Wynn Steal.,33,30,3,0,0.8912694924000486,0.6295528558812014,4,4,13.5,134.5,"c(""Greg Langsdorf"", "" John Floyd"", "" Edwin  Young"")","Akron, OH",James A. Rhodes Arena,5500,2128,NA,NA,NA,NA,NA,NA,NA,NA,Central Michigan,Akron,FALSE
401365195,2022-03-04,Akron,Central Michigan,157,2,15:37,937,937,Michael Wynn missed Three Point Jumper.,33,30,3,15,0.8909885971770891,0.6306307942334969,4,4,13.5,134.5,"c(""Greg Langsdorf"", "" John Floyd"", "" Edwin  Young"")","Akron, OH",James A. Rhodes Arena,5500,2128,NA,NA,Akron,missed,Michael Wynn,NA,TRUE,FALSE,Akron,Akron,FALSE
401365195,2022-03-04,Akron,Central Michigan,158,2,15:35,935,935,Mikal Dawson Offensive Rebound.,33,30,3,2,0.8909510403046323,0.6307687846021681,4,4,13.5,134.5,"c(""Greg Langsdorf"", "" John Floyd"", "" Edwin  Young"")","Akron, OH",James A. Rhodes Arena,5500,2128,NA,NA,NA,NA,NA,NA,NA,NA,Akron,Akron,FALSE
401365195,2022-03-04,Akron,Central Michigan,159,2,15:32,932,932,Xavier Castaneda missed Three Point Jumper.,33,30,3,3,0.8908946824029849,0.6309735245113008,4,4,13.5,134.5,"c(""Greg Langsdorf"", "" John Floyd"", "" Edwin  Young"")","Akron, OH",James A. Rhodes Arena,5500,2128,NA,NA,Akron,missed,Xavier Castaneda,NA,TRUE,FALSE,Akron,Akron,FALSE
401365195,2022-03-04,Akron,Central Michigan,160,2,15:32,932,932,Akron Offensive Rebound.,33,30,3,0,0.8908946824029849,0.6309735245113008,4,4,13.5,134.5,"c(""Greg Langsdorf"", "" John Floyd"", "" Edwin  Young"")","Akron, OH",James A. Rhodes Arena,5500,2128,NA,NA,NA,NA,NA,NA,NA,NA,Akron,Akron,FALSE
401365195,2022-03-04,Akron,Central Michigan,161,2,15:32,932,932,Foul on Jack Webb.,33,30,3,0,0.8908946824029849,0.6309735245113008,4,4,13.5,134.5,"c(""Greg Langsdorf"", "" John Floyd"", "" Edwin  Young"")","Akron, OH",James A. Rhodes Arena,5500,2128,NA,NA,NA,NA,NA,NA,NA,NA,Akron,Akron,FALSE
401365195,2022-03-04,Akron,Central Michigan,162,2,15:32,932,932,Official TV Timeout,33,30,3,0,0.8908946824029849,0.6309735245113008,4,4,13.5,134.5,"c(""Greg Langsdorf"", "" John Floyd"", "" Edwin  Young"")","Akron, OH",James A. Rhodes Arena,5500,2128,NA,NA,NA,NA,NA,NA,NA,NA,Akron,Akron,FALSE
401365195,2022-03-04,Akron,Central Michigan,163,2,15:10,910,910,Greg Tribble made Jumper.,35,30,5,22,0.9210990768861906,0.7118238954672668,4,4,13.5,134.5,"c(""Greg Langsdorf"", "" John Floyd"", "" Edwin  Young"")","Akron, OH",James A. Rhodes Arena,5500,2128,NA,NA,Akron,made,Greg Tribble,NA,FALSE,FALSE,Akron,Central Michigan,FALSE
401365195,2022-03-04,Akron,Central Michigan,164,2,14:47,887,887,Ralph Bissainthe made Layup.,35,32,3,23,0.8900545554033014,0.6338230808452237,4,4,13.5,134.5,"c(""Greg Langsdorf"", "" John Floyd"", "" Edwin  Young"")","Akron, OH",James A. Rhodes Arena,5500,2128,NA,NA,Central Michigan,made,Ralph Bissainthe,NA,FALSE,FALSE,Central Michigan,Akron,FALSE
401365195,2022-03-04,Akron,Central Michigan,165,2,14:28,868,868,Ali Ali missed Jumper.,35,32,3,19,0.8897092596664062,0.6349779265289839,4,4,13.5,134.5,"c(""Greg Langsdorf"", "" John Floyd"", "" Edwin  Young"")","Akron, OH",James A. Rhodes Arena,5500,2128,NA,NA,Akron,missed,Ali Ali,NA,FALSE,FALSE,Akron,Central Michigan,FALSE
401365195,2022-03-04,Akron,Central Michigan,166,2,14:25,865,865,Nicolas Pavrette Defensive Rebound.,35,32,3,3,0.8896556057061025,0.6351617760061821,4,4,13.5,134.5,"c(""Greg Langsdorf"", "" John Floyd"", "" Edwin  Young"")","Akron, OH",James A. Rhodes Arena,5500,2128,NA,NA,NA,NA,NA,NA,NA,NA,Akron,Central Michigan,FALSE
401365195,2022-03-04,Akron,Central Michigan,167,2,14:13,853,853,Nicolas Pavrette missed Jumper.,35,32,3,12,0.8894438492432448,0.6359069592191242,4,4,13.5,134.5,"c(""Greg Langsdorf"", "" John Floyd"", "" Edwin  Young"")","Akron, OH",James A. Rhodes Arena,5500,2128,NA,NA,Central Michigan,missed,Nicolas Pavrette,NA,FALSE,FALSE,Central Michigan,Akron,FALSE
401365195,2022-03-04,Akron,Central Michigan,168,2,14:12,852,852,Mikal Dawson Defensive Rebound.,35,32,3,1,0.8894264263280519,0.6359699570674832,4,4,13.5,134.5,"c(""Greg Langsdorf"", "" John Floyd"", "" Edwin  Young"")","Akron, OH",James A. Rhodes Arena,5500,2128,NA,NA,NA,NA,NA,NA,NA,NA,Central Michigan,Akron,FALSE
401365195,2022-03-04,Akron,Central Michigan,169,2,14:12,852,852,Foul on Greg Tribble.,35,32,3,0,0.8894264263280519,0.6359699570674832,4,4,13.5,134.5,"c(""Greg Langsdorf"", "" John Floyd"", "" Edwin  Young"")","Akron, OH",James A. Rhodes Arena,5500,2128,NA,NA,NA,NA,NA,NA,NA,NA,Central Michigan,Central Michigan,FALSE
401365195,2022-03-04,Akron,Central Michigan,170,2,14:06,846,846,Harrison Henderson Turnover.,35,32,3,6,0.8893226759600367,0.6363515868061465,4,4,13.5,134.5,"c(""Greg Langsdorf"", "" John Floyd"", "" Edwin  Young"")","Akron, OH",James A. Rhodes Arena,5500,2128,NA,NA,NA,NA,NA,NA,NA,NA,Central Michigan,Akron,FALSE
401365195,2022-03-04,Akron,Central Michigan,171,2,14:06,846,846,Mikal Dawson Steal.,35,32,3,0,0.8893226759600367,0.6363515868061465,4,4,13.5,134.5,"c(""Greg Langsdorf"", "" John Floyd"", "" Edwin  Young"")","Akron, OH",James A. Rhodes Arena,5500,2128,NA,NA,NA,NA,NA,NA,NA,NA,Central Michigan,Akron,FALSE
401365195,2022-03-04,Akron,Central Michigan,172,2,13:54,834,834,Garvin Clarke missed Three Point Jumper.,35,32,3,12,0.8891195597235132,0.6371373625758671,4,4,13.5,134.5,"c(""Greg Langsdorf"", "" John Floyd"", "" Edwin  Young"")","Akron, OH",James A. Rhodes Arena,5500,2128,NA,NA,Akron,missed,Garvin Clarke,NA,TRUE,FALSE,Akron,Central Michigan,FALSE
401365195,2022-03-04,Akron,Central Michigan,173,2,13:50,830,830,Harrison Henderson Defensive Rebound.,35,32,3,4,0.8890532691370738,0.6374072544975358,4,4,13.5,134.5,"c(""Greg Langsdorf"", "" John Floyd"", "" Edwin  Young"")","Akron, OH",James A. Rhodes Arena,5500,2128,NA,NA,NA,NA,NA,NA,NA,NA,Akron,Central Michigan,FALSE
401365195,2022-03-04,Akron,Central Michigan,174,2,13:34,814,814,Brian Taylor Turnover.,35,32,3,16,0.8887960257509673,0.6385360415173226,4,4,13.5,134.5,"c(""Greg Langsdorf"", "" John Floyd"", "" Edwin  Young"")","Akron, OH",James A. Rhodes Arena,5500,2128,NA,NA,NA,NA,NA,NA,NA,NA,Central Michigan,Akron,FALSE
401365195,2022-03-04,Akron,Central Michigan,175,2,13:34,814,814,Michael Wynn Steal.,35,32,3,0,0.8887960257509673,0.6385360415173226,4,4,13.5,134.5,"c(""Greg Langsdorf"", "" John Floyd"", "" Edwin  Young"")","Akron, OH",James A. Rhodes Arena,5500,2128,NA,NA,NA,NA,NA,NA,NA,NA,Central Michigan,Akron,FALSE
401365195,2022-03-04,Akron,Central Michigan,176,2,13:11,791,791,Xavier Castaneda missed Jumper.,35,32,3,23,0.8884516342391217,0.6403317884076982,4,4,13.5,134.5,"c(""Greg Langsdorf"", "" John Floyd"", "" Edwin  Young"")","Akron, OH",James A. Rhodes Arena,5500,2128,NA,NA,Akron,missed,Xavier Castaneda,NA,FALSE,FALSE,Akron,Central Michigan,FALSE
401365195,2022-03-04,Akron,Central Michigan,177,2,13:08,788,788,Brian Taylor Defensive Rebound.,35,32,3,3,0.8884091945349596,0.6405840383587244,4,4,13.5,134.5,"c(""Greg Langsdorf"", "" John Floyd"", "" Edwin  Young"")","Akron, OH",James A. Rhodes Arena,5500,2128,NA,NA,NA,NA,NA,NA,NA,NA,Akron,Central Michigan,FALSE
401365195,2022-03-04,Akron,Central Michigan,178,2,12:42,762,762,Nicolas Pavrette missed Layup.,35,32,3,26,0.8880686419548579,0.6429795982025609,4,4,13.5,134.5,"c(""Greg Langsdorf"", "" John Floyd"", "" Edwin  Young"")","Akron, OH",James A. Rhodes Arena,5500,2128,NA,NA,Central Michigan,missed,Nicolas Pavrette,NA,FALSE,FALSE,Central Michigan,Akron,FALSE
401365195,2022-03-04,Akron,Central Michigan,179,2,12:39,759,759,Mikal Dawson Defensive Rebound.,35,32,3,3,0.8880327257472047,0.6432826441443475,4,4,13.5,134.5,"c(""Greg Langsdorf"", "" John Floyd"", "" Edwin  Young"")","Akron, OH",James A. Rhodes Arena,5500,2128,NA,NA,NA,NA,NA,NA,NA,NA,Central Michigan,Akron,FALSE
401365195,2022-03-04,Akron,Central Michigan,180,2,12:23,743,743,Mikal Dawson missed Jumper.,35,32,3,16,0.8878541241721617,0.6450039985253034,4,4,13.5,134.5,"c(""Greg Langsdorf"", "" John Floyd"", "" Edwin  Young"")","Akron, OH",James A. Rhodes Arena,5500,2128,NA,NA,Akron,missed,Mikal Dawson,NA,FALSE,FALSE,Akron,Akron,FALSE
401365195,2022-03-04,Akron,Central Michigan,181,2,12:18,738,738,Ali Ali Offensive Rebound.,35,32,3,5,0.8878029958863358,0.6455804178610359,4,4,13.5,134.5,"c(""Greg Langsdorf"", "" John Floyd"", "" Edwin  Young"")","Akron, OH",James A. Rhodes Arena,5500,2128,NA,NA,NA,NA,NA,NA,NA,NA,Akron,Akron,FALSE
401365195,2022-03-04,Akron,Central Michigan,182,2,12:17,737,737,Garvin Clarke made Three Point Jumper. Assisted by Mikal Dawson.,38,32,6,1,0.9351467251059222,0.7685896422380765,4,4,13.5,134.5,"c(""Greg Langsdorf"", "" John Floyd"", "" Edwin  Young"")","Akron, OH",James A. Rhodes Arena,5500,2128,NA,NA,Akron,made,Garvin Clarke,Mikal Dawson,TRUE,FALSE,Akron,Central Michigan,FALSE
401365195,2022-03-04,Akron,Central Michigan,183,2,11:50,710,710,Kevin Miller missed Jumper.,38,32,6,27,0.9357959166957104,0.7734405770647529,4,4,13.5,134.5,"c(""Greg Langsdorf"", "" John Floyd"", "" Edwin  Young"")","Akron, OH",James A. Rhodes Arena,5500,2128,NA,NA,Central Michigan,missed,Kevin Miller,NA,FALSE,FALSE,Central Michigan,Akron,FALSE
401365195,2022-03-04,Akron,Central Michigan,184,2,11:48,708,708,Garvin Clarke Defensive Rebound.,38,32,6,2,0.9358351579036454,0.7737661401658625,4,4,13.5,134.5,"c(""Greg Langsdorf"", "" John Floyd"", "" Edwin  Young"")","Akron, OH",James A. Rhodes Arena,5500,2128,NA,NA,NA,NA,NA,NA,NA,NA,Central Michigan,Akron,FALSE
401365195,2022-03-04,Akron,Central Michigan,185,2,11:29,689,689,Michael Wynn missed Three Point Jumper.,38,32,6,19,0.936158519479117,0.7766701219214377,4,4,13.5,134.5,"c(""Greg Langsdorf"", "" John Floyd"", "" Edwin  Young"")","Akron, OH",James A. Rhodes Arena,5500,2128,NA,NA,Akron,missed,Michael Wynn,NA,TRUE,FALSE,Akron,Central Michigan,FALSE
401365195,2022-03-04,Akron,Central Michigan,186,2,11:25,685,685,Nicolas Pavrette Defensive Rebound.,38,32,6,4,0.9362175837087559,0.7772471925853658,4,4,13.5,134.5,"c(""Greg Langsdorf"", "" John Floyd"", "" Edwin  Young"")","Akron, OH",James A. Rhodes Arena,5500,2128,NA,NA,NA,NA,NA,NA,NA,NA,Akron,Central Michigan,FALSE
401365195,2022-03-04,Akron,Central Michigan,187,2,11:07,667,667,Ralph Bissainthe missed Three Point Jumper.,38,32,6,18,0.9364612165819803,0.7797603612848021,4,4,13.5,134.5,"c(""Greg Langsdorf"", "" John Floyd"", "" Edwin  Young"")","Akron, OH",James A. Rhodes Arena,5500,2128,NA,NA,Central Michigan,missed,Ralph Bissainthe,NA,TRUE,FALSE,Central Michigan,Akron,FALSE
401365195,2022-03-04,Akron,Central Michigan,188,2,11:04,664,664,Michael Wynn Defensive Rebound.,38,32,6,3,0.9364998940893794,0.78017199406408555,4,4,13.5,134.5,"c(""Greg Langsdorf"", "" John Floyd"", "" Edwin  Young"")","Akron, OH",James A. Rhodes Arena,5500,2128,NA,NA,NA,NA,NA,NA,NA,NA,Central Michigan,Akron,FALSE
401365195,2022-03-04,Akron,Central Michigan,189,2,10:37,637,637,Greg Tribble missed Jumper.,38,32,6,27,0.9368622186348062,0.7839303499304162,4,4,13.5,134.5,"c(""Greg Langsdorf"", "" John Floyd"", "" Edwin  Young"")","Akron, OH",James A. Rhodes Arena,5500,2128,NA,NA,Akron,missed,Greg Tribble,NA,FALSE,FALSE,Akron,Central Michigan,FALSE
401365195,2022-03-04,Akron,Central Michigan,190,2,10:37,637,637,Nicolas Pavrette Block.,38,32,6,0,0.9368622186348062,0.7839303499304162,4,4,13.5,134.5,"c(""Greg Langsdorf"", "" John Floyd"", "" Edwin  Young"")","Akron, OH",James A. Rhodes Arena,5500,2128,NA,NA,NA,NA,NA,NA,NA,NA,Akron,Central Michigan,FALSE
401365195,2022-03-04,Akron,Central Michigan,191,2,10:32,632,632,Kevin Miller Defensive Rebound.,38,32,6,5,0.9369376864207615,0.7846575416227137,4,4,13.5,134.5,"c(""Greg Langsdorf"", "" John Floyd"", "" Edwin  Young"")","Akron, OH",James A. Rhodes Arena,5500,2128,NA,NA,NA,NA,NA,NA,NA,NA,Akron,Central Michigan,FALSE
401365195,2022-03-04,Akron,Central Michigan,192,2,10:30,630,630,Kevin Miller made Jumper.,38,34,4,2,0.9061439520823011,0.7033241247708487,4,4,13.5,134.5,"c(""Greg Langsdorf"", "" John Floyd"", "" Edwin  Young"")","Akron, OH",James A. Rhodes Arena,5500,2128,NA,NA,Central Michigan,made,Kevin Miller,NA,FALSE,FALSE,Central Michigan,Akron,FALSE
401365195,2022-03-04,Akron,Central Michigan,193,2,10:24,624,624,Foul on Jack Webb.,38,34,4,6,0.9061345079349639,0.7040692226768112,4,4,13.5,134.5,"c(""Greg Langsdorf"", "" John Floyd"", "" Edwin  Young"")","Akron, OH",James A. Rhodes Arena,5500,2128,NA,NA,NA,NA,NA,NA,NA,NA,Akron,Akron,FALSE
401365195,2022-03-04,Akron,Central Michigan,194,2,10:24,624,624,Official TV Timeout,38,34,4,0,0.9061345079349639,0.7040692226768112,4,4,13.5,134.5,"c(""Greg Langsdorf"", "" John Floyd"", "" Edwin  Young"")","Akron, OH",James A. Rhodes Arena,5500,2128,NA,NA,NA,NA,NA,NA,NA,NA,Akron,Akron,FALSE
401365195,2022-03-04,Akron,Central Michigan,195,2,10:24,624,624,Greg Tribble made Free Throw.,39,34,5,0,0.9230134243781468,0.7471442096257805,4,4,13.5,134.5,"c(""Greg Langsdorf"", "" John Floyd"", "" Edwin  Young"")","Akron, OH",James A. Rhodes Arena,5500,2128,NA,NA,Akron,made,Greg Tribble,NA,FALSE,TRUE,Akron,Akron,FALSE
401365195,2022-03-04,Akron,Central Michigan,196,2,10:24,624,624,Greg Tribble made Free Throw.,40,34,6,0,0.9370679657635578,0.7858563003912632,4,4,13.5,134.5,"c(""Greg Langsdorf"", "" John Floyd"", "" Edwin  Young"")","Akron, OH",James A. Rhodes Arena,5500,2128,NA,NA,Akron,made,Greg Tribble,NA,FALSE,TRUE,Akron,Central Michigan,FALSE
401365195,2022-03-04,Akron,Central Michigan,197,2,10:08,608,608,Harrison Henderson made Layup. Assisted by Kevin Miller.,40,36,4,16,0.9061433268590451,0.7061924678769088,4,4,13.5,134.5,"c(""Greg Langsdorf"", "" John Floyd"", "" Edwin  Young"")","Akron, OH",James A. Rhodes Arena,5500,2128,NA,NA,Central Michigan,made,Harrison Henderson,Kevin Miller,FALSE,FALSE,Central Michigan,Akron,FALSE
401365195,2022-03-04,Akron,Central Michigan,198,2,9:30,570,570,Ali Ali missed Three Point Jumper.,40,36,4,38,0.9064616855299718,0.7123866248509151,4,4,13.5,134.5,"c(""Greg Langsdorf"", "" John Floyd"", "" Edwin  Young"")","Akron, OH",James A. Rhodes Arena,5500,2128,NA,NA,Akron,missed,Ali Ali,NA,TRUE,FALSE,Akron,Central Michigan,FALSE
401365195,2022-03-04,Akron,Central Michigan,199,2,9:28,568,568,Central Michigan Defensive Rebound.,40,36,4,2,0.9064936057329835,0.7127701431528346,4,4,13.5,134.5,"c(""Greg Langsdorf"", "" John Floyd"", "" Edwin  Young"")","Akron, OH",James A. Rhodes Arena,5500,2128,NA,NA,NA,NA,NA,NA,NA,NA,Akron,Central Michigan,FALSE
401365195,2022-03-04,Akron,Central Michigan,200,2,9:08,548,548,Foul on Enrique Freeman.,40,36,4,20,0.9069138827204144,0.7169828778444426,4,4,13.5,134.5,"c(""Greg Langsdorf"", "" John Floyd"", "" Edwin  Young"")","Akron, OH",James A. Rhodes Arena,5500,2128,NA,NA,NA,NA,NA,NA,NA,NA,Central Michigan,Central Michigan,FALSE
401365195,2022-03-04,Akron,Central Michigan,201,2,9:08,548,548,Harrison Henderson made Free Throw.,40,37,3,0,0.8853537823460428,0.6675574568042336,4,4,13.5,134.5,"c(""Greg Langsdorf"", "" John Floyd"", "" Edwin  Young"")","Akron, OH",James A. Rhodes Arena,5500,2128,NA,NA,Central Michigan,made,Harrison Henderson,NA,FALSE,TRUE,Central Michigan,Central Michigan,FALSE
401365195,2022-03-04,Akron,Central Michigan,202,2,9:08,548,548,Harrison Henderson made Free Throw.,40,38,2,0,0.8595732639627264,0.6141456814240812,4,4,13.5,134.5,"c(""Greg Langsdorf"", "" John Floyd"", "" Edwin  Young"")","Akron, OH",James A. Rhodes Arena,5500,2128,NA,NA,Central Michigan,made,Harrison Henderson,NA,FALSE,TRUE,Central Michigan,Akron,FALSE
401365195,2022-03-04,Akron,Central Michigan,203,2,8:42,522,522,Garvin Clarke missed Three Point Jumper.,40,38,2,26,0.8586162256032662,0.6170534396200823,4,4,13.5,134.5,"c(""Greg Langsdorf"", "" John Floyd"", "" Edwin  Young"")","Akron, OH",James A. Rhodes Arena,5500,2128,NA,NA,Akron,missed,Garvin Clarke,NA,TRUE,FALSE,Akron,Central Michigan,FALSE
401365195,2022-03-04,Akron,Central Michigan,204,2,8:37,517,517,Brian Taylor Defensive Rebound.,40,38,2,5,0.8584108771351192,0.6175429884065371,4,4,13.5,134.5,"c(""Greg Langsdorf"", "" John Floyd"", "" Edwin  Young"")","Akron, OH",James A. Rhodes Arena,5500,2128,NA,NA,NA,NA,NA,NA,NA,NA,Akron,Central Michigan,FALSE
401365195,2022-03-04,Akron,Central Michigan,205,2,8:21,501,501,Foul on Ali Ali.,40,38,2,16,0.8577305657687075,0.6190564603625891,4,4,13.5,134.5,"c(""Greg Langsdorf"", "" John Floyd"", "" Edwin  Young"")","Akron, OH",James A. Rhodes Arena,5500,2128,NA,NA,NA,NA,NA,NA,NA,NA,Central Michigan,Central Michigan,FALSE
401365195,2022-03-04,Akron,Central Michigan,206,2,8:17,497,497,Cameron Healy made Three Point Jumper. Assisted by Harrison Henderson.,40,41,-1,4,0.7435362249272902,0.439405691554256,4,4,13.5,134.5,"c(""Greg Langsdorf"", "" John Floyd"", "" Edwin  Young"")","Akron, OH",James A. Rhodes Arena,5500,2128,NA,NA,Central Michigan,made,Cameron Healy,Harrison Henderson,TRUE,FALSE,Central Michigan,Akron,FALSE
401365195,2022-03-04,Akron,Central Michigan,207,2,7:56,476,476,Michael Wynn made Layup. Assisted by Ali Ali.,42,41,1,21,0.823437182134377,0.5617001715584525,4,4,13.5,134.5,"c(""Greg Langsdorf"", "" John Floyd"", "" Edwin  Young"")","Akron, OH",James A. Rhodes Arena,5500,2128,NA,NA,Akron,made,Michael Wynn,Ali Ali,FALSE,FALSE,Akron,Central Michigan,FALSE
401365195,2022-03-04,Akron,Central Michigan,208,2,7:38,458,458,Foul on Michael Wynn.,42,41,1,18,0.8219356496920163,0.5628371342706873,4,4,13.5,134.5,"c(""Greg Langsdorf"", "" John Floyd"", "" Edwin  Young"")","Akron, OH",James A. Rhodes Arena,5500,2128,NA,NA,NA,NA,NA,NA,NA,NA,Central Michigan,Central Michigan,FALSE
401365195,2022-03-04,Akron,Central Michigan,209,2,7:38,458,458,Official TV Timeout,42,41,1,0,0.8219356496920163,0.5628371342706873,4,4,13.5,134.5,"c(""Greg Langsdorf"", "" John Floyd"", "" Edwin  Young"")","Akron, OH",James A. Rhodes Arena,5500,2128,NA,NA,NA,NA,NA,NA,NA,NA,Central Michigan,Central Michigan,FALSE
401365195,2022-03-04,Akron,Central Michigan,210,2,7:38,458,458,Harrison Henderson made Free Throw.,42,42,0,0,0.7819101351232618,0.5,4,4,13.5,134.5,"c(""Greg Langsdorf"", "" John Floyd"", "" Edwin  Young"")","Akron, OH",James A. Rhodes Arena,5500,2128,NA,NA,Central Michigan,made,Harrison Henderson,NA,FALSE,TRUE,Central Michigan,Central Michigan,FALSE
401365195,2022-03-04,Akron,Central Michigan,211,2,7:38,458,458,Harrison Henderson made Free Throw.,42,43,-1,0,0.7357798163584229,0.43716286572931273,4,4,13.5,134.5,"c(""Greg Langsdorf"", "" John Floyd"", "" Edwin  Young"")","Akron, OH",James A. Rhodes Arena,5500,2128,NA,NA,Central Michigan,made,Harrison Henderson,NA,FALSE,TRUE,Central Michigan,Akron,FALSE
401365195,2022-03-04,Akron,Central Michigan,212,2,7:06,426,426,Xavier Castaneda missed Jumper.,42,43,-1,32,0.7275995778621615,0.4343655740282014,4,4,13.5,134.5,"c(""Greg Langsdorf"", "" John Floyd"", "" Edwin  Young"")","Akron, OH",James A. Rhodes Arena,5500,2128,NA,NA,Akron,missed,Xavier Castaneda,NA,FALSE,FALSE,Akron,Central Michigan,FALSE
401365195,2022-03-04,Akron,Central Michigan,213,2,7:05,425,425,Central Michigan Defensive Rebound.,42,43,-1,1,0.7273140245022068,0.4342660128438776,4,4,13.5,134.5,"c(""Greg Langsdorf"", "" John Floyd"", "" Edwin  Young"")","Akron, OH",James A. Rhodes Arena,5500,2128,NA,NA,NA,NA,NA,NA,NA,NA,Akron,Central Michigan,FALSE
401365195,2022-03-04,Akron,Central Michigan,214,2,6:36,396,396,Harrison Henderson made Jumper.,42,45,-3,29,0.5957387612067763,0.3044593699222733,4,4,13.5,134.5,"c(""Greg Langsdorf"", "" John Floyd"", "" Edwin  Young"")","Akron, OH",James A. Rhodes Arena,5500,2128,NA,NA,Central Michigan,made,Harrison Henderson,NA,FALSE,FALSE,Central Michigan,Akron,FALSE
401365195,2022-03-04,Akron,Central Michigan,215,2,6:13,373,373,Mikal Dawson missed Three Point Jumper.,42,45,-3,23,0.5829234544541255,0.29903872861616904,4,4,13.5,134.5,"c(""Greg Langsdorf"", "" John Floyd"", "" Edwin  Young"")","Akron, OH",James A. Rhodes Arena,5500,2128,NA,NA,Akron,missed,Mikal Dawson,NA,TRUE,FALSE,Akron,Central Michigan,FALSE
401365195,2022-03-04,Akron,Central Michigan,216,2,6:10,370,370,Ralph Bissainthe Defensive Rebound.,42,45,-3,3,0.5811609030398117,0.2982939039843504,4,4,13.5,134.5,"c(""Greg Langsdorf"", "" John Floyd"", "" Edwin  Young"")","Akron, OH",James A. Rhodes Arena,5500,2128,NA,NA,NA,NA,NA,NA,NA,NA,Akron,Central Michigan,FALSE
401365195,2022-03-04,Akron,Central Michigan,217,2,5:51,351,351,Kevin Miller made Layup.,42,47,-5,19,0.42366513902824404,0.18745592668340821,4,4,13.5,134.5,"c(""Greg Langsdorf"", "" John Floyd"", "" Edwin  Young"")","Akron, OH",James A. Rhodes Arena,5500,2128,NA,NA,Central Michigan,made,Kevin Miller,NA,FALSE,FALSE,Central Michigan,Akron,FALSE
401365195,2022-03-04,Akron,Central Michigan,218,2,5:35,335,335,Ali Ali Turnover.,42,47,-5,16,0.4086036293015555,0.18132931650744505,4,4,13.5,134.5,"c(""Greg Langsdorf"", "" John Floyd"", "" Edwin  Young"")","Akron, OH",James A. Rhodes Arena,5500,2128,NA,NA,NA,NA,NA,NA,NA,NA,Akron,Central Michigan,FALSE
401365195,2022-03-04,Akron,Central Michigan,219,2,5:35,335,335,Cameron Healy Steal.,42,47,-5,0,0.4086036293015555,0.18132931650744505,4,4,13.5,134.5,"c(""Greg Langsdorf"", "" John Floyd"", "" Edwin  Young"")","Akron, OH",James A. Rhodes Arena,5500,2128,NA,NA,NA,NA,NA,NA,NA,NA,Akron,Central Michigan,FALSE
401365195,2022-03-04,Akron,Central Michigan,220,2,5:28,328,328,Cameron Healy missed Jumper.,42,47,-5,7,0.4014286994266538,0.17834952929255735,4,4,13.5,134.5,"c(""Greg Langsdorf"", "" John Floyd"", "" Edwin  Young"")","Akron, OH",James A. Rhodes Arena,5500,2128,NA,NA,Central Michigan,missed,Cameron Healy,NA,FALSE,FALSE,Central Michigan,Akron,FALSE
401365195,2022-03-04,Akron,Central Michigan,221,2,5:20,320,320,Xavier Castaneda Defensive Rebound.,42,47,-5,8,0.39273484005470677,0.17469030143417846,4,4,13.5,134.5,"c(""Greg Langsdorf"", "" John Floyd"", "" Edwin  Young"")","Akron, OH",James A. Rhodes Arena,5500,2128,NA,NA,NA,NA,NA,NA,NA,NA,Central Michigan,Akron,FALSE
401365195,2022-03-04,Akron,Central Michigan,222,2,5:16,316,316,Mikal Dawson made Three Point Jumper. Assisted by Xavier Castaneda.,45,47,-2,4,0.6188726422107548,0.34830531406155496,4,4,13.5,134.5,"c(""Greg Langsdorf"", "" John Floyd"", "" Edwin  Young"")","Akron, OH",James A. Rhodes Arena,5500,2128,NA,NA,Akron,made,Mikal Dawson,Xavier Castaneda,TRUE,FALSE,Akron,Central Michigan,FALSE
401365195,2022-03-04,Akron,Central Michigan,223,2,5:02,302,302,Cameron Healy missed Layup.,45,47,-2,14,0.6099139275660915,0.34427584794318195,4,4,13.5,134.5,"c(""Greg Langsdorf"", "" John Floyd"", "" Edwin  Young"")","Akron, OH",James A. Rhodes Arena,5500,2128,NA,NA,Central Michigan,missed,Cameron Healy,NA,FALSE,FALSE,Central Michigan,Central Michigan,FALSE
401365195,2022-03-04,Akron,Central Michigan,224,2,4:59,299,299,Harrison Henderson Offensive Rebound.,45,47,-2,3,0.6083768960636305,0.34378013226751863,4,4,13.5,134.5,"c(""Greg Langsdorf"", "" John Floyd"", "" Edwin  Young"")","Akron, OH",James A. Rhodes Arena,5500,2128,NA,NA,NA,NA,NA,NA,NA,NA,Central Michigan,Central Michigan,FALSE
401365195,2022-03-04,Akron,Central Michigan,225,2,4:58,298,298,Harrison Henderson missed Layup.,45,47,-2,1,0.6078975771863089,0.3436460235765494,4,4,13.5,134.5,"c(""Greg Langsdorf"", "" John Floyd"", "" Edwin  Young"")","Akron, OH",James A. Rhodes Arena,5500,2128,NA,NA,Central Michigan,missed,Harrison Henderson,NA,FALSE,FALSE,Central Michigan,Central Michigan,FALSE
401365195,2022-03-04,Akron,Central Michigan,226,2,4:52,292,292,Harrison Henderson Offensive Rebound.,45,47,-2,6,0.6053374463633466,0.3431387098885562,4,4,13.5,134.5,"c(""Greg Langsdorf"", "" John Floyd"", "" Edwin  Young"")","Akron, OH",James A. Rhodes Arena,5500,2128,NA,NA,NA,NA,NA,NA,NA,NA,Central Michigan,Central Michigan,FALSE
401365195,2022-03-04,Akron,Central Michigan,227,2,4:50,290,290,Ralph Bissainthe made Three Point Jumper. Assisted by Harrison Henderson.,45,50,-5,2,0.3659101054552112,0.16464350605346573,4,4,13.5,134.5,"c(""Greg Langsdorf"", "" John Floyd"", "" Edwin  Young"")","Akron, OH",James A. Rhodes Arena,5500,2128,NA,NA,Central Michigan,made,Ralph Bissainthe,Harrison Henderson,TRUE,FALSE,Central Michigan,Akron,FALSE
401365195,2022-03-04,Akron,Central Michigan,228,2,4:26,266,266,Ali Ali made Jumper. Assisted by Enrique Freeman.,47,50,-3,24,0.5195419287314756,0.27645824409249786,4,4,13.5,134.5,"c(""Greg Langsdorf"", "" John Floyd"", "" Edwin  Young"")","Akron, OH",James A. Rhodes Arena,5500,2128,NA,NA,Akron,made,Ali Ali,Enrique Freeman,FALSE,FALSE,Akron,Central Michigan,FALSE
401365195,2022-03-04,Akron,Central Michigan,229,2,4:05,245,245,Ralph Bissainthe made Jumper. Assisted by Cameron Healy.,47,52,-5,21,0.36229041824420566,0.1715006216289981,4,4,13.5,134.5,"c(""Greg Langsdorf"", "" John Floyd"", "" Edwin  Young"")","Akron, OH",James A. Rhodes Arena,5500,2128,NA,NA,Central Michigan,made,Ralph Bissainthe,Cameron Healy,FALSE,FALSE,Central Michigan,Akron,FALSE
401365195,2022-03-04,Akron,Central Michigan,230,2,3:46,226,226,Foul on Harrison Henderson.,47,52,-5,19,0.35481365229826656,0.17106848768462732,4,4,13.5,134.5,"c(""Greg Langsdorf"", "" John Floyd"", "" Edwin  Young"")","Akron, OH",James A. Rhodes Arena,5500,2128,NA,NA,NA,NA,NA,NA,NA,NA,Akron,Akron,FALSE
401365195,2022-03-04,Akron,Central Michigan,231,2,3:46,226,226,Enrique Freeman missed Free Throw.,47,52,-5,0,0.35481365229826656,0.17106848768462732,4,4,13.5,134.5,"c(""Greg Langsdorf"", "" John Floyd"", "" Edwin  Young"")","Akron, OH",James A. Rhodes Arena,5500,2128,NA,NA,Akron,missed,Enrique Freeman,NA,FALSE,TRUE,Akron,Akron,FALSE
401365195,2022-03-04,Akron,Central Michigan,232,2,3:46,226,226,Akron Offensive Rebound.,47,52,-5,0,0.35481365229826656,0.17106848768462732,4,4,13.5,134.5,"c(""Greg Langsdorf"", "" John Floyd"", "" Edwin  Young"")","Akron, OH",James A. Rhodes Arena,5500,2128,NA,NA,NA,NA,NA,NA,NA,NA,Akron,Akron,FALSE
401365195,2022-03-04,Akron,Central Michigan,233,2,3:46,226,226,Enrique Freeman made Free Throw.,48,52,-4,0,0.42988220989023124,0.22055090732331803,4,4,13.5,134.5,"c(""Greg Langsdorf"", "" John Floyd"", "" Edwin  Young"")","Akron, OH",James A. Rhodes Arena,5500,2128,NA,NA,Akron,made,Enrique Freeman,NA,FALSE,TRUE,Akron,Central Michigan,FALSE
401365195,2022-03-04,Akron,Central Michigan,234,2,3:24,204,204,Cameron Healy made Jumper.,48,54,-6,22,0.25974889010227886,0.12022687700713511,4,4,13.5,134.5,"c(""Greg Langsdorf"", "" John Floyd"", "" Edwin  Young"")","Akron, OH",James A. Rhodes Arena,5500,2128,NA,NA,Central Michigan,made,Cameron Healy,NA,FALSE,FALSE,Central Michigan,Akron,FALSE
401365195,2022-03-04,Akron,Central Michigan,235,2,3:04,184,184,Mikal Dawson Turnover.,48,54,-6,20,0.21444869092944466,0.09939227458184913,4,4,13.5,134.5,"c(""Greg Langsdorf"", "" John Floyd"", "" Edwin  Young"")","Akron, OH",James A. Rhodes Arena,5500,2128,NA,NA,NA,NA,NA,NA,NA,NA,Akron,Central Michigan,FALSE
401365195,2022-03-04,Akron,Central Michigan,236,2,3:04,184,184,Ralph Bissainthe Steal.,48,54,-6,0,0.21444869092944466,0.09939227458184913,4,4,13.5,134.5,"c(""Greg Langsdorf"", "" John Floyd"", "" Edwin  Young"")","Akron, OH",James A. Rhodes Arena,5500,2128,NA,NA,NA,NA,NA,NA,NA,NA,Akron,Central Michigan,FALSE
401365195,2022-03-04,Akron,Central Michigan,237,2,2:42,162,162,Kevin Miller Turnover.,48,54,-6,22,0.16392539393476022,0.07645043800192039,4,4,13.5,134.5,"c(""Greg Langsdorf"", "" John Floyd"", "" Edwin  Young"")","Akron, OH",James A. Rhodes Arena,5500,2128,NA,NA,NA,NA,NA,NA,NA,NA,Central Michigan,Akron,FALSE
401365195,2022-03-04,Akron,Central Michigan,238,2,2:42,162,162,Greg Tribble Steal.,48,54,-6,0,0.16392539393476022,0.07645043800192039,4,4,13.5,134.5,"c(""Greg Langsdorf"", "" John Floyd"", "" Edwin  Young"")","Akron, OH",James A. Rhodes Arena,5500,2128,NA,NA,NA,NA,NA,NA,NA,NA,Central Michigan,Akron,FALSE
401365195,2022-03-04,Akron,Central Michigan,239,2,2:42,162,162,Foul on Ralph Bissainthe.,48,54,-6,0,0.16392539393476022,0.07645043800192039,4,4,13.5,134.5,"c(""Greg Langsdorf"", "" John Floyd"", "" Edwin  Young"")","Akron, OH",James A. Rhodes Arena,5500,2128,NA,NA,NA,NA,NA,NA,NA,NA,Akron,Akron,FALSE
401365195,2022-03-04,Akron,Central Michigan,240,2,2:29,149,149,Xavier Castaneda missed Jumper.,48,54,-6,13,0.13657872950000965,0.06418370706840469,4,4,13.5,134.5,"c(""Greg Langsdorf"", "" John Floyd"", "" Edwin  Young"")","Akron, OH",James A. Rhodes Arena,5500,2128,NA,NA,Akron,missed,Xavier Castaneda,NA,FALSE,FALSE,Akron,Central Michigan,FALSE
401365195,2022-03-04,Akron,Central Michigan,241,2,2:24,144,144,Ralph Bissainthe Defensive Rebound.,48,54,-6,5,0.1265089154909144,0.059669798955751543,4,4,13.5,134.5,"c(""Greg Langsdorf"", "" John Floyd"", "" Edwin  Young"")","Akron, OH",James A. Rhodes Arena,5500,2128,NA,NA,NA,NA,NA,NA,NA,NA,Akron,Central Michigan,FALSE
401365195,2022-03-04,Akron,Central Michigan,242,2,2:11,131,131,Xavier Castaneda missed Three Point Jumper.,48,54,-6,13,0.10158557218127898,0.048467762679700065,4,4,13.5,134.5,"c(""Greg Langsdorf"", "" John Floyd"", "" Edwin  Young"")","Akron, OH",James A. Rhodes Arena,5500,2128,NA,NA,Akron,missed,Xavier Castaneda,NA,TRUE,FALSE,Akron,Akron,FALSE
401365195,2022-03-04,Akron,Central Michigan,243,2,2:11,131,131,Mikal Dawson Offensive Rebound.,48,54,-6,0,0.10158557218127898,0.048467762679700065,4,4,13.5,134.5,"c(""Greg Langsdorf"", "" John Floyd"", "" Edwin  Young"")","Akron, OH",James A. Rhodes Arena,5500,2128,NA,NA,NA,NA,NA,NA,NA,NA,Akron,Akron,FALSE
401365195,2022-03-04,Akron,Central Michigan,244,2,2:08,128,128,Ralph Bissainthe Turnover.,48,54,-6,3,0.09611863897772237,0.04600019417473521,4,4,13.5,134.5,"c(""Greg Langsdorf"", "" John Floyd"", "" Edwin  Young"")","Akron, OH",James A. Rhodes Arena,5500,2128,NA,NA,NA,NA,NA,NA,NA,NA,Central Michigan,Akron,FALSE
401365195,2022-03-04,Akron,Central Michigan,245,2,2:04,124,124,Foul on Brian Taylor.,48,54,-6,4,0.08901427937138716,0.04278542347818618,4,4,13.5,134.5,"c(""Greg Langsdorf"", "" John Floyd"", "" Edwin  Young"")","Akron, OH",James A. Rhodes Arena,5500,2128,NA,NA,NA,NA,NA,NA,NA,NA,Akron,Akron,FALSE
401365195,2022-03-04,Akron,Central Michigan,246,2,2:04,124,124,Ali Ali made Free Throw.,49,54,-5,0,0.14090922073876488,0.06979397361955415,4,4,13.5,134.5,"c(""Greg Langsdorf"", "" John Floyd"", "" Edwin  Young"")","Akron, OH",James A. Rhodes Arena,5500,2128,NA,NA,Akron,made,Ali Ali,NA,FALSE,TRUE,Akron,Akron,FALSE
401365195,2022-03-04,Akron,Central Michigan,247,2,2:04,124,124,Ali Ali missed Free Throw.,49,54,-5,0,0.14090922073876488,0.06979397361955415,4,4,13.5,134.5,"c(""Greg Langsdorf"", "" John Floyd"", "" Edwin  Young"")","Akron, OH",James A. Rhodes Arena,5500,2128,NA,NA,Akron,missed,Ali Ali,NA,FALSE,TRUE,Akron,Akron,FALSE
401365195,2022-03-04,Akron,Central Michigan,248,2,2:04,124,124,Ali Ali Offensive Rebound.,49,54,-5,0,0.14090922073876488,0.06979397361955415,4,4,13.5,134.5,"c(""Greg Langsdorf"", "" John Floyd"", "" Edwin  Young"")","Akron, OH",James A. Rhodes Arena,5500,2128,NA,NA,NA,NA,NA,NA,NA,NA,Akron,Akron,FALSE
401365195,2022-03-04,Akron,Central Michigan,249,2,1:54,114,114,Ali Ali Turnover.,49,54,-5,10,0.11916885963614586,0.05952468060312819,4,4,13.5,134.5,"c(""Greg Langsdorf"", "" John Floyd"", "" Edwin  Young"")","Akron, OH",James A. Rhodes Arena,5500,2128,NA,NA,NA,NA,NA,NA,NA,NA,Akron,Central Michigan,FALSE
401365195,2022-03-04,Akron,Central Michigan,250,2,1:54,114,114,Harrison Henderson Steal.,49,54,-5,0,0.11916885963614586,0.05952468060312819,4,4,13.5,134.5,"c(""Greg Langsdorf"", "" John Floyd"", "" Edwin  Young"")","Akron, OH",James A. Rhodes Arena,5500,2128,NA,NA,NA,NA,NA,NA,NA,NA,Akron,Central Michigan,FALSE
401365195,2022-03-04,Akron,Central Michigan,251,2,1:31,91,91,Harrison Henderson missed Three Point Jumper.,49,54,-5,23,0.07433915039477583,0.03814375703196045,4,4,13.5,134.5,"c(""Greg Langsdorf"", "" John Floyd"", "" Edwin  Young"")","Akron, OH",James A. Rhodes Arena,5500,2128,NA,NA,Central Michigan,missed,Harrison Henderson,NA,TRUE,FALSE,Central Michigan,Akron,FALSE
401365195,2022-03-04,Akron,Central Michigan,252,2,1:28,88,88,Greg Tribble Defensive Rebound.,49,54,-5,3,0.06937815741018087,0.03575516914737858,4,4,13.5,134.5,"c(""Greg Langsdorf"", "" John Floyd"", "" Edwin  Young"")","Akron, OH",James A. Rhodes Arena,5500,2128,NA,NA,NA,NA,NA,NA,NA,NA,Central Michigan,Akron,FALSE
401365195,2022-03-04,Akron,Central Michigan,253,2,1:23,83,83,Foul on Brian Taylor.,49,54,-5,5,0.061668171294087755,0.03203056108626805,4,4,13.5,134.5,"c(""Greg Langsdorf"", "" John Floyd"", "" Edwin  Young"")","Akron, OH",James A. Rhodes Arena,5500,2128,NA,NA,NA,NA,NA,NA,NA,NA,Akron,Akron,FALSE
401365195,2022-03-04,Akron,Central Michigan,254,2,1:23,83,83,Mikal Dawson made Free Throw.,50,54,-4,0,0.11500221979351795,0.06140988663969532,4,4,13.5,134.5,"c(""Greg Langsdorf"", "" John Floyd"", "" Edwin  Young"")","Akron, OH",James A. Rhodes Arena,5500,2128,NA,NA,Akron,made,Mikal Dawson,NA,FALSE,TRUE,Akron,Akron,FALSE
401365195,2022-03-04,Akron,Central Michigan,255,2,1:23,83,83,Mikal Dawson made Free Throw.,51,54,-3,0,0.2044139840228836,0.11454782547691686,4,4,13.5,134.5,"c(""Greg Langsdorf"", "" John Floyd"", "" Edwin  Young"")","Akron, OH",James A. Rhodes Arena,5500,2128,NA,NA,Akron,made,Mikal Dawson,NA,FALSE,TRUE,Akron,Central Michigan,FALSE
401365195,2022-03-04,Akron,Central Michigan,256,2,1:16,76,76,Harrison Henderson Turnover.,51,54,-3,7,0.18611357007234033,0.10486234650702572,4,4,13.5,134.5,"c(""Greg Langsdorf"", "" John Floyd"", "" Edwin  Young"")","Akron, OH",James A. Rhodes Arena,5500,2128,NA,NA,NA,NA,NA,NA,NA,NA,Central Michigan,Akron,FALSE
401365195,2022-03-04,Akron,Central Michigan,257,2,1:16,76,76,Garvin Clarke Steal.,51,54,-3,0,0.18611357007234033,0.10486234650702572,4,4,13.5,134.5,"c(""Greg Langsdorf"", "" John Floyd"", "" Edwin  Young"")","Akron, OH",James A. Rhodes Arena,5500,2128,NA,NA,NA,NA,NA,NA,NA,NA,Central Michigan,Akron,FALSE
401365195,2022-03-04,Akron,Central Michigan,258,2,1:04,64,64,Foul on Ralph Bissainthe.,51,54,-3,12,0.15598992212605653,0.08892626664359085,4,4,13.5,134.5,"c(""Greg Langsdorf"", "" John Floyd"", "" Edwin  Young"")","Akron, OH",James A. Rhodes Arena,5500,2128,NA,NA,NA,NA,NA,NA,NA,NA,Akron,Akron,FALSE
401365195,2022-03-04,Akron,Central Michigan,259,2,1:04,64,64,Ali Ali missed Free Throw.,51,54,-3,0,0.15598992212605653,0.08892626664359085,4,4,13.5,134.5,"c(""Greg Langsdorf"", "" John Floyd"", "" Edwin  Young"")","Akron, OH",James A. Rhodes Arena,5500,2128,NA,NA,Akron,missed,Ali Ali,NA,FALSE,TRUE,Akron,Akron,FALSE
401365195,2022-03-04,Akron,Central Michigan,260,2,1:04,64,64,Akron Offensive Rebound.,51,54,-3,0,0.15598992212605653,0.08892626664359085,4,4,13.5,134.5,"c(""Greg Langsdorf"", "" John Floyd"", "" Edwin  Young"")","Akron, OH",James A. Rhodes Arena,5500,2128,NA,NA,NA,NA,NA,NA,NA,NA,Akron,Akron,FALSE
401365195,2022-03-04,Akron,Central Michigan,261,2,1:04,64,64,Ali Ali made Free Throw.,52,54,-2,0,0.2864338329212264,0.1749114531794109,4,4,13.5,134.5,"c(""Greg Langsdorf"", "" John Floyd"", "" Edwin  Young"")","Akron, OH",James A. Rhodes Arena,5500,2128,NA,NA,Akron,made,Ali Ali,NA,FALSE,TRUE,Akron,Central Michigan,FALSE
401365195,2022-03-04,Akron,Central Michigan,262,2,1:00,60,60,Brian Taylor made Layup. Assisted by Ralph Bissainthe.,52,56,-4,4,0.07183345579971355,0.039658186888255696,4,4,13.5,134.5,"c(""Greg Langsdorf"", "" John Floyd"", "" Edwin  Young"")","Akron, OH",James A. Rhodes Arena,5500,2128,NA,NA,Central Michigan,made,Brian Taylor,Ralph Bissainthe,FALSE,FALSE,Central Michigan,Akron,FALSE
401365195,2022-03-04,Akron,Central Michigan,263,2,0:51,51,51,Xavier Castaneda made Layup.,54,56,-2,9,0.25211154919805173,0.15551566776274717,4,4,13.5,134.5,"c(""Greg Langsdorf"", "" John Floyd"", "" Edwin  Young"")","Akron, OH",James A. Rhodes Arena,5500,2128,NA,NA,Akron,made,Xavier Castaneda,NA,FALSE,FALSE,Akron,Central Michigan,FALSE
401365195,2022-03-04,Akron,Central Michigan,264,2,0:51,51,51,Foul on Harrison Henderson.,54,56,-2,0,0.25211154919805173,0.15551566776274717,4,4,13.5,134.5,"c(""Greg Langsdorf"", "" John Floyd"", "" Edwin  Young"")","Akron, OH",James A. Rhodes Arena,5500,2128,NA,NA,NA,NA,NA,NA,NA,NA,Akron,Central Michigan,FALSE
401365195,2022-03-04,Akron,Central Michigan,265,2,0:51,51,51,Xavier Castaneda made Free Throw.,55,56,-1,0,0.43994325850523575,0.3002747540702126,4,4,13.5,134.5,"c(""Greg Langsdorf"", "" John Floyd"", "" Edwin  Young"")","Akron, OH",James A. Rhodes Arena,5500,2128,NA,NA,Akron,made,Xavier Castaneda,NA,FALSE,TRUE,Akron,Central Michigan,FALSE
401365195,2022-03-04,Akron,Central Michigan,266,2,0:48,48,48,Ralph Bissainthe Turnover.,55,56,-1,3,0.43380809617338617,0.29671848932222794,4,4,13.5,134.5,"c(""Greg Langsdorf"", "" John Floyd"", "" Edwin  Young"")","Akron, OH",James A. Rhodes Arena,5500,2128,NA,NA,NA,NA,NA,NA,NA,NA,Central Michigan,Akron,FALSE
401365195,2022-03-04,Akron,Central Michigan,267,2,0:48,48,48,Ali Ali Steal.,55,56,-1,0,0.43380809617338617,0.29671848932222794,4,4,13.5,134.5,"c(""Greg Langsdorf"", "" John Floyd"", "" Edwin  Young"")","Akron, OH",James A. Rhodes Arena,5500,2128,NA,NA,NA,NA,NA,NA,NA,NA,Central Michigan,Akron,FALSE
401365195,2022-03-04,Akron,Central Michigan,268,2,0:44,44,44,Steal.,55,56,-1,4,0.4255154559426326,0.29191218049949935,4,4,13.5,134.5,"c(""Greg Langsdorf"", "" John Floyd"", "" Edwin  Young"")","Akron, OH",James A. Rhodes Arena,5500,2128,NA,NA,NA,NA,NA,NA,NA,NA,Akron,Akron,FALSE
401365195,2022-03-04,Akron,Central Michigan,269,2,0:32,32,32,Foul on Ralph Bissainthe.,55,56,-1,12,0.39996886718902197,0.27711268597415656,4,4,13.5,134.5,"c(""Greg Langsdorf"", "" John Floyd"", "" Edwin  Young"")","Akron, OH",James A. Rhodes Arena,5500,2128,NA,NA,NA,NA,NA,NA,NA,NA,Akron,Akron,FALSE
401365195,2022-03-04,Akron,Central Michigan,270,2,0:32,32,32,Greg Tribble made Free Throw.,56,56,0,0,0.6348856447862457,0.5,4,4,13.5,134.5,"c(""Greg Langsdorf"", "" John Floyd"", "" Edwin  Young"")","Akron, OH",James A. Rhodes Arena,5500,2128,NA,NA,Akron,made,Greg Tribble,NA,FALSE,TRUE,Akron,Akron,FALSE
401365195,2022-03-04,Akron,Central Michigan,271,2,0:32,32,32,Greg Tribble made Free Throw.,57,56,1,0,0.8193668025556111,0.7228873140258434,4,4,13.5,134.5,"c(""Greg Langsdorf"", "" John Floyd"", "" Edwin  Young"")","Akron, OH",James A. Rhodes Arena,5500,2128,NA,NA,Akron,made,Greg Tribble,NA,FALSE,TRUE,Akron,Central Michigan,FALSE
401365195,2022-03-04,Akron,Central Michigan,272,2,0:10,10,10,Kevin Miller Turnover.,57,56,1,22,0.8313176260343618,0.7510050166627159,4,4,13.5,134.5,"c(""Greg Langsdorf"", "" John Floyd"", "" Edwin  Young"")","Akron, OH",James A. Rhodes Arena,5500,2128,NA,NA,NA,NA,NA,NA,NA,NA,Central Michigan,Akron,FALSE
401365195,2022-03-04,Akron,Central Michigan,273,2,0:10,10,10,Greg Tribble Steal.,57,56,1,0,0.8313176260343618,0.7510050166627159,4,4,13.5,134.5,"c(""Greg Langsdorf"", "" John Floyd"", "" Edwin  Young"")","Akron, OH",James A. Rhodes Arena,5500,2128,NA,NA,NA,NA,NA,NA,NA,NA,Central Michigan,Akron,FALSE
401365195,2022-03-04,Akron,Central Michigan,274,2,0:10,10,10,Foul on Brian Taylor.,57,56,1,0,0.8313176260343618,0.7510050166627159,4,4,13.5,134.5,"c(""Greg Langsdorf"", "" John Floyd"", "" Edwin  Young"")","Akron, OH",James A. Rhodes Arena,5500,2128,NA,NA,NA,NA,NA,NA,NA,NA,Central Michigan,Akron,FALSE
401365195,2022-03-04,Akron,Central Michigan,275,2,0:10,10,10,Greg Tribble missed Free Throw.,57,56,1,0,0.8313176260343618,0.7510050166627159,4,4,13.5,134.5,"c(""Greg Langsdorf"", "" John Floyd"", "" Edwin  Young"")","Akron, OH",James A. Rhodes Arena,5500,2128,NA,NA,Akron,missed,Greg Tribble,NA,FALSE,TRUE,Akron,Akron,FALSE
401365195,2022-03-04,Akron,Central Michigan,276,2,0:10,10,10,Akron Offensive Rebound.,57,56,1,0,0.8313176260343618,0.7510050166627159,4,4,13.5,134.5,"c(""Greg Langsdorf"", "" John Floyd"", "" Edwin  Young"")","Akron, OH",James A. Rhodes Arena,5500,2128,NA,NA,NA,NA,NA,NA,NA,NA,Central Michigan,Akron,FALSE
401365195,2022-03-04,Akron,Central Michigan,277,2,0:10,10,10,Greg Tribble missed Free Throw.,57,56,1,0,0.8313176260343618,0.7510050166627159,4,4,13.5,134.5,"c(""Greg Langsdorf"", "" John Floyd"", "" Edwin  Young"")","Akron, OH",James A. Rhodes Arena,5500,2128,NA,NA,Akron,missed,Greg Tribble,NA,FALSE,TRUE,Akron,Akron,FALSE
401365195,2022-03-04,Akron,Central Michigan,278,2,0:10,10,10,Ralph Bissainthe Defensive Rebound.,57,56,1,0,0.8313176260343618,0.7510050166627159,4,4,13.5,134.5,"c(""Greg Langsdorf"", "" John Floyd"", "" Edwin  Young"")","Akron, OH",James A. Rhodes Arena,5500,2128,NA,NA,NA,NA,NA,NA,NA,NA,Central Michigan,Akron,FALSE
401365195,2022-03-04,Akron,Central Michigan,279,2,0:04,4,4,Kevin Miller missed Layup.,57,56,1,6,0.834842398287076,0.7589408788562625,4,4,13.5,134.5,"c(""Greg Langsdorf"", "" John Floyd"", "" Edwin  Young"")","Akron, OH",James A. Rhodes Arena,5500,2128,NA,NA,Central Michigan,missed,Kevin Miller,NA,FALSE,FALSE,Central Michigan,Akron,FALSE
401365195,2022-03-04,Akron,Central Michigan,280,2,0:02,2,2,Xavier Castaneda Defensive Rebound.,57,56,1,2,0.8360302759711805,0.7615905125725704,4,4,13.5,134.5,"c(""Greg Langsdorf"", "" John Floyd"", "" Edwin  Young"")","Akron, OH",James A. Rhodes Arena,5500,2128,NA,NA,NA,NA,NA,NA,NA,NA,Central Michigan,Akron,FALSE
401365195,2022-03-04,Akron,Central Michigan,281,2,0:00,0,0,End of Game,57,56,1,2,1,1,4,4,13.5,134.5,"c(""Greg Langsdorf"", "" John Floyd"", "" Edwin  Young"")","Akron, OH",James A. Rhodes Arena,5500,2128,NA,NA,NA,NA,NA,NA,NA,NA,Akron,NA,FALSE
