game_id,date,home,away,play_id,half,time_remaining_half,secs_remaining,secs_remaining_absolute,description,action_team,home_score,away_score,score_diff,play_length,scoring_play,foul,win_prob,naive_win_prob,home_time_out_remaining,away_time_out_remaining,home_favored_by,total_line,referees,arena_location,arena,capacity,attendance,shot_x,shot_y,shot_team,shot_outcome,shooter,assist,three_pt,free_throw,possession_before,possession_after,wrong_time
401589364,2023-12-11,Penn,Howard,1,1,19:26,2366,2366,Tyler Perkins missed Jumper.,home,0,0,0,0,FALSE,FALSE,0.7066840935645791,0.5,6,6,5.5,146.5,Jeff Clark/Clarence Armstrong/Devorn Kinsey,"Philadelphia, PA",The Palestra,8722,1062,NA,NA,Penn,missed,Tyler Perkins,NA,FALSE,FALSE,Penn,Howard,FALSE
401589364,2023-12-11,Penn,Howard,2,1,19:24,2364,2364,Jelani Williams Defensive Rebound.,away,0,0,0,2,FALSE,FALSE,0.7066462584218955,0.5,6,6,5.5,146.5,Jeff Clark/Clarence Armstrong/Devorn Kinsey,"Philadelphia, PA",The Palestra,8722,1062,NA,NA,NA,NA,NA,NA,NA,NA,Penn,Howard,FALSE
401589364,2023-12-11,Penn,Howard,3,1,19:15,2355,2355,Shy Odom made Layup. Assisted by Jelani Williams.,away,0,2,-2,9,TRUE,FALSE,0.6677232055461461,0.45501724388899867,6,6,5.5,146.5,Jeff Clark/Clarence Armstrong/Devorn Kinsey,"Philadelphia, PA",The Palestra,8722,1062,NA,NA,Howard,made,Shy Odom,Jelani Williams,FALSE,FALSE,Howard,Penn,FALSE
401589364,2023-12-11,Penn,Howard,4,1,19:06,2346,2346,Tyler Perkins Turnover.,home,0,2,-2,9,FALSE,FALSE,0.6673635246552683,0.4548226031392742,6,6,5.5,146.5,Jeff Clark/Clarence Armstrong/Devorn Kinsey,"Philadelphia, PA",The Palestra,8722,1062,NA,NA,NA,NA,NA,NA,NA,NA,Penn,Howard,FALSE
401589364,2023-12-11,Penn,Howard,5,1,19:06,2346,2346,Jelani Williams Steal.,away,0,2,-2,0,FALSE,FALSE,0.6673635246552683,0.4548226031392742,6,6,5.5,146.5,Jeff Clark/Clarence Armstrong/Devorn Kinsey,"Philadelphia, PA",The Palestra,8722,1062,NA,NA,NA,NA,NA,NA,NA,NA,Penn,Howard,FALSE
401589364,2023-12-11,Penn,Howard,6,1,19:01,2341,2341,Jelani Williams missed Layup.,away,0,2,-2,5,FALSE,FALSE,0.6671623436800747,0.45471402389215027,6,6,5.5,146.5,Jeff Clark/Clarence Armstrong/Devorn Kinsey,"Philadelphia, PA",The Palestra,8722,1062,NA,NA,Howard,missed,Jelani Williams,NA,FALSE,FALSE,Howard,Howard,FALSE
401589364,2023-12-11,Penn,Howard,7,1,18:58,2338,2338,Seth Towns Offensive Rebound.,away,0,2,-2,3,FALSE,FALSE,0.6670411699196143,0.4546487271837898,6,6,5.5,146.5,Jeff Clark/Clarence Armstrong/Devorn Kinsey,"Philadelphia, PA",The Palestra,8722,1062,NA,NA,NA,NA,NA,NA,NA,NA,Howard,Howard,FALSE
401589364,2023-12-11,Penn,Howard,8,1,18:57,2337,2337,Marcus Dockery made Three Point Jumper. Assisted by Seth Towns.,away,0,5,-5,1,TRUE,FALSE,0.6038807254045262,0.38817683732360614,6,6,5.5,146.5,Jeff Clark/Clarence Armstrong/Devorn Kinsey,"Philadelphia, PA",The Palestra,8722,1062,NA,NA,Howard,made,Marcus Dockery,Seth Towns,TRUE,FALSE,Howard,Penn,FALSE
401589364,2023-12-11,Penn,Howard,9,1,18:28,2308,2308,Nick Spinoso missed Layup.,home,0,5,-5,29,FALSE,FALSE,0.6016757728020373,0.38665235141934196,6,6,5.5,146.5,Jeff Clark/Clarence Armstrong/Devorn Kinsey,"Philadelphia, PA",The Palestra,8722,1062,NA,NA,Penn,missed,Nick Spinoso,NA,FALSE,FALSE,Penn,Howard,FALSE
401589364,2023-12-11,Penn,Howard,10,1,18:23,2303,2303,Bryce Harris Defensive Rebound.,away,0,5,-5,5,FALSE,FALSE,0.6012904996992788,0.38638744441900696,6,6,5.5,146.5,Jeff Clark/Clarence Armstrong/Devorn Kinsey,"Philadelphia, PA",The Palestra,8722,1062,NA,NA,NA,NA,NA,NA,NA,NA,Penn,Howard,FALSE
401589364,2023-12-11,Penn,Howard,11,1,18:14,2294,2294,Bryce Harris made Layup. Assisted by Marcus Dockery.,away,0,7,-7,9,TRUE,FALSE,0.5553031860163372,0.34290909873361675,6,6,5.5,146.5,Jeff Clark/Clarence Armstrong/Devorn Kinsey,"Philadelphia, PA",The Palestra,8722,1062,NA,NA,Howard,made,Bryce Harris,Marcus Dockery,FALSE,FALSE,Howard,Penn,FALSE
401589364,2023-12-11,Penn,Howard,12,1,17:54,2274,2274,Sam Brown made Three Point Jumper. Assisted by Nick Spinoso.,home,3,7,-4,20,TRUE,FALSE,0.6213362623940698,0.4072748379829331,6,6,5.5,146.5,Jeff Clark/Clarence Armstrong/Devorn Kinsey,"Philadelphia, PA",The Palestra,8722,1062,NA,NA,Penn,made,Sam Brown,Nick Spinoso,TRUE,FALSE,Penn,Howard,FALSE
401589364,2023-12-11,Penn,Howard,13,1,17:29,2249,2249,Marcus Dockery made Three Point Jumper. Assisted by Jelani Williams.,away,3,10,-7,25,TRUE,FALSE,0.5506356699312673,0.3396974555581229,6,6,5.5,146.5,Jeff Clark/Clarence Armstrong/Devorn Kinsey,"Philadelphia, PA",The Palestra,8722,1062,NA,NA,Howard,made,Marcus Dockery,Jelani Williams,TRUE,FALSE,Howard,Penn,FALSE
401589364,2023-12-11,Penn,Howard,14,1,17:07,2227,2227,Tyler Perkins made Three Point Jumper.,home,6,10,-4,22,TRUE,FALSE,0.6181509497120682,0.4052022038328979,6,6,5.5,146.5,Jeff Clark/Clarence Armstrong/Devorn Kinsey,"Philadelphia, PA",The Palestra,8722,1062,NA,NA,Penn,made,Tyler Perkins,NA,TRUE,FALSE,Penn,Howard,FALSE
401589364,2023-12-11,Penn,Howard,15,1,16:45,2205,2205,Dom Campbell Turnover.,away,6,10,-4,22,FALSE,FALSE,0.6166231722048142,0.4042228062282235,6,6,5.5,146.5,Jeff Clark/Clarence Armstrong/Devorn Kinsey,"Philadelphia, PA",The Palestra,8722,1062,NA,NA,NA,NA,NA,NA,NA,NA,Howard,Penn,FALSE
401589364,2023-12-11,Penn,Howard,16,1,16:28,2188,2188,Foul on Dom Campbell.,away,6,10,-4,17,FALSE,TRUE,0.6154271034102636,0.4034629531092715,6,6,5.5,146.5,Jeff Clark/Clarence Armstrong/Devorn Kinsey,"Philadelphia, PA",The Palestra,8722,1062,NA,NA,NA,NA,NA,NA,NA,NA,Penn,Penn,FALSE
401589364,2023-12-11,Penn,Howard,17,1,16:28,2188,2188,Nick Spinoso made Free Throw.,home,7,10,-3,0,TRUE,FALSE,0.6382893938155964,0.4271979984005805,6,6,5.5,146.5,Jeff Clark/Clarence Armstrong/Devorn Kinsey,"Philadelphia, PA",The Palestra,8722,1062,NA,NA,Penn,made,Nick Spinoso,NA,FALSE,TRUE,Penn,Penn,FALSE
401589364,2023-12-11,Penn,Howard,18,1,16:28,2188,2188,Nick Spinoso made Free Throw.,home,8,10,-2,0,TRUE,FALSE,0.6605422245147604,0.45127305785881405,6,6,5.5,146.5,Jeff Clark/Clarence Armstrong/Devorn Kinsey,"Philadelphia, PA",The Palestra,8722,1062,NA,NA,Penn,made,Nick Spinoso,NA,FALSE,TRUE,Penn,Howard,FALSE
401589364,2023-12-11,Penn,Howard,19,1,16:11,2171,2171,Foul on Johnnie Walter.,home,8,10,-2,17,FALSE,TRUE,0.6597518261675949,0.4508809989309483,6,6,5.5,146.5,Jeff Clark/Clarence Armstrong/Devorn Kinsey,"Philadelphia, PA",The Palestra,8722,1062,NA,NA,NA,NA,NA,NA,NA,NA,Howard,Howard,FALSE
401589364,2023-12-11,Penn,Howard,20,1,15:59,2159,2159,Isiah Warfield missed Jumper.,away,8,10,-2,12,FALSE,FALSE,0.6591872791002478,0.4506033848195652,6,6,5.5,146.5,Jeff Clark/Clarence Armstrong/Devorn Kinsey,"Philadelphia, PA",The Palestra,8722,1062,NA,NA,Howard,missed,Isiah Warfield,NA,FALSE,FALSE,Howard,Penn,FALSE
401589364,2023-12-11,Penn,Howard,21,1,15:57,2157,2157,Johnnie Walter Defensive Rebound.,home,8,10,-2,2,FALSE,FALSE,0.6590926408977881,0.4505570115494483,6,6,5.5,146.5,Jeff Clark/Clarence Armstrong/Devorn Kinsey,"Philadelphia, PA",The Palestra,8722,1062,NA,NA,NA,NA,NA,NA,NA,NA,Howard,Penn,FALSE
401589364,2023-12-11,Penn,Howard,22,1,15:50,2150,2150,Foul on Isiah Warfield.,away,8,10,-2,7,FALSE,TRUE,0.658760173640625,0.4503944624143455,6,6,5.5,146.5,Jeff Clark/Clarence Armstrong/Devorn Kinsey,"Philadelphia, PA",The Palestra,8722,1062,NA,NA,NA,NA,NA,NA,NA,NA,Penn,Penn,FALSE
401589364,2023-12-11,Penn,Howard,23,1,15:50,2150,2150, Official TV Timeout,NA,8,10,-2,0,FALSE,FALSE,0.658760173640625,0.4503944624143455,6,5,5.5,146.5,Jeff Clark/Clarence Armstrong/Devorn Kinsey,"Philadelphia, PA",The Palestra,8722,1062,NA,NA,NA,NA,NA,NA,NA,NA,Penn,Penn,FALSE
401589364,2023-12-11,Penn,Howard,24,1,15:50,2150,2150,Andrew Laczkowski made Free Throw.,home,9,10,-1,0,TRUE,FALSE,0.6807699703003174,0.47513589657523964,6,5,5.5,146.5,Jeff Clark/Clarence Armstrong/Devorn Kinsey,"Philadelphia, PA",The Palestra,8722,1062,NA,NA,Penn,made,Andrew Laczkowski,NA,FALSE,TRUE,Penn,Penn,FALSE
401589364,2023-12-11,Penn,Howard,25,1,15:50,2150,2150,Andrew Laczkowski made Free Throw.,home,10,10,0,0,TRUE,FALSE,0.7020023278178509,0.5,6,5,5.5,146.5,Jeff Clark/Clarence Armstrong/Devorn Kinsey,"Philadelphia, PA",The Palestra,8722,1062,NA,NA,Penn,made,Andrew Laczkowski,NA,FALSE,TRUE,Penn,Penn,FALSE
401589364,2023-12-11,Penn,Howard,26,1,15:40,2140,2140,Foul on Dom Campbell.,away,10,10,0,10,FALSE,TRUE,0.7017541432812371,0.5,6,5,5.5,146.5,Jeff Clark/Clarence Armstrong/Devorn Kinsey,"Philadelphia, PA",The Palestra,8722,1062,NA,NA,NA,NA,NA,NA,NA,NA,Penn,Penn,FALSE
401589364,2023-12-11,Penn,Howard,27,1,15:40,2140,2140,Dom Campbell Turnover.,away,10,10,0,0,FALSE,FALSE,0.7017541432812371,0.5,6,5,5.5,146.5,Jeff Clark/Clarence Armstrong/Devorn Kinsey,"Philadelphia, PA",The Palestra,8722,1062,NA,NA,NA,NA,NA,NA,NA,NA,Howard,Penn,FALSE
401589364,2023-12-11,Penn,Howard,28,1,15:23,2123,2123,George Smith missed Three Point Jumper.,home,10,10,0,17,FALSE,FALSE,0.7013258972690253,0.5,6,5,5.5,146.5,Jeff Clark/Clarence Armstrong/Devorn Kinsey,"Philadelphia, PA",The Palestra,8722,1062,NA,NA,Penn,missed,George Smith,NA,TRUE,FALSE,Penn,Penn,FALSE
401589364,2023-12-11,Penn,Howard,29,1,15:21,2121,2121,Reese McMullen Offensive Rebound.,home,10,10,0,2,FALSE,FALSE,0.7012749949368602,0.5,6,5,5.5,146.5,Jeff Clark/Clarence Armstrong/Devorn Kinsey,"Philadelphia, PA",The Palestra,8722,1062,NA,NA,NA,NA,NA,NA,NA,NA,Penn,Penn,FALSE
401589364,2023-12-11,Penn,Howard,30,1,15:17,2117,2117,George Smith missed Three Point Jumper.,home,10,10,0,4,FALSE,FALSE,0.7011728634699458,0.5,6,5,5.5,146.5,Jeff Clark/Clarence Armstrong/Devorn Kinsey,"Philadelphia, PA",The Palestra,8722,1062,NA,NA,Penn,missed,George Smith,NA,TRUE,FALSE,Penn,Penn,FALSE
401589364,2023-12-11,Penn,Howard,31,1,15:14,2114,2114,Reese McMullen Offensive Rebound.,home,10,10,0,3,FALSE,FALSE,0.7010959795689103,0.5,6,5,5.5,146.5,Jeff Clark/Clarence Armstrong/Devorn Kinsey,"Philadelphia, PA",The Palestra,8722,1062,NA,NA,NA,NA,NA,NA,NA,NA,Penn,Penn,FALSE
401589364,2023-12-11,Penn,Howard,32,1,15:13,2113,2113,Reese McMullen made Layup.,home,12,10,2,1,TRUE,FALSE,0.7417291516727034,0.5504714167946465,6,5,5.5,146.5,Jeff Clark/Clarence Armstrong/Devorn Kinsey,"Philadelphia, PA",The Palestra,8722,1062,NA,NA,Penn,made,Reese McMullen,NA,FALSE,FALSE,Penn,Howard,FALSE
401589364,2023-12-11,Penn,Howard,33,1,14:40,2080,2080,Howard  Turnover.,away,12,10,2,33,FALSE,FALSE,0.7415473574108457,0.5512541767881072,6,5,5.5,146.5,Jeff Clark/Clarence Armstrong/Devorn Kinsey,"Philadelphia, PA",The Palestra,8722,1062,NA,NA,NA,NA,NA,NA,NA,NA,Howard,Penn,FALSE
401589364,2023-12-11,Penn,Howard,34,1,14:24,2064,2064,Clark Slajchert missed Three Point Jumper.,home,12,10,2,16,FALSE,FALSE,0.7414532894850977,0.5516376337194139,6,5,5.5,146.5,Jeff Clark/Clarence Armstrong/Devorn Kinsey,"Philadelphia, PA",The Palestra,8722,1062,NA,NA,Penn,missed,Clark Slajchert,NA,TRUE,FALSE,Penn,Howard,FALSE
401589364,2023-12-11,Penn,Howard,35,1,14:21,2061,2061,Marcus Dockery Defensive Rebound.,away,12,10,2,3,FALSE,FALSE,0.7414352446522433,0.5517098346757322,6,5,5.5,146.5,Jeff Clark/Clarence Armstrong/Devorn Kinsey,"Philadelphia, PA",The Palestra,8722,1062,NA,NA,NA,NA,NA,NA,NA,NA,Penn,Howard,FALSE
401589364,2023-12-11,Penn,Howard,36,1,14:16,2056,2056,Marcus Dockery made Three Point Jumper. Assisted by Jelani Williams.,away,12,13,-1,5,TRUE,FALSE,0.6772538107426876,0.47401481141342355,6,5,5.5,146.5,Jeff Clark/Clarence Armstrong/Devorn Kinsey,"Philadelphia, PA",The Palestra,8722,1062,NA,NA,Howard,made,Marcus Dockery,Jelani Williams,TRUE,FALSE,Howard,Penn,FALSE
401589364,2023-12-11,Penn,Howard,37,1,13:47,2027,2027,Reese McMullen made Three Point Jumper. Assisted by Tyler Perkins.,home,15,13,2,29,TRUE,FALSE,0.7412222851509163,0.5525351664936085,6,5,5.5,146.5,Jeff Clark/Clarence Armstrong/Devorn Kinsey,"Philadelphia, PA",The Palestra,8722,1062,NA,NA,Penn,made,Reese McMullen,Tyler Perkins,TRUE,FALSE,Penn,Howard,FALSE
401589364,2023-12-11,Penn,Howard,38,1,13:31,2011,2011,Marcus Dockery missed Three Point Jumper.,away,15,13,2,16,FALSE,FALSE,0.7411170337712261,0.5529282802411927,6,5,5.5,146.5,Jeff Clark/Clarence Armstrong/Devorn Kinsey,"Philadelphia, PA",The Palestra,8722,1062,NA,NA,Howard,missed,Marcus Dockery,NA,TRUE,FALSE,Howard,Penn,FALSE
401589364,2023-12-11,Penn,Howard,39,1,13:29,2009,2009,Tyler Perkins Defensive Rebound.,home,15,13,2,2,FALSE,FALSE,0.741103665758393,0.5529776423859365,6,5,5.5,146.5,Jeff Clark/Clarence Armstrong/Devorn Kinsey,"Philadelphia, PA",The Palestra,8722,1062,NA,NA,NA,NA,NA,NA,NA,NA,Howard,Penn,FALSE
401589364,2023-12-11,Penn,Howard,40,1,13:18,1998,1998,Reese McMullen missed Layup.,home,15,13,2,11,FALSE,FALSE,0.7410293344366399,0.5532500427623906,6,5,5.5,146.5,Jeff Clark/Clarence Armstrong/Devorn Kinsey,"Philadelphia, PA",The Palestra,8722,1062,NA,NA,Penn,missed,Reese McMullen,NA,FALSE,FALSE,Penn,Howard,FALSE
401589364,2023-12-11,Penn,Howard,41,1,13:18,1998,1998,Bryce Harris Block.,away,15,13,2,0,FALSE,FALSE,0.7410293344366399,0.5532500427623906,6,5,5.5,146.5,Jeff Clark/Clarence Armstrong/Devorn Kinsey,"Philadelphia, PA",The Palestra,8722,1062,NA,NA,NA,NA,NA,NA,NA,NA,Penn,Howard,FALSE
401589364,2023-12-11,Penn,Howard,42,1,13:13,1993,1993,Jelani Williams Defensive Rebound.,away,15,13,2,5,FALSE,FALSE,0.7409951074076584,0.5533743774178697,6,5,5.5,146.5,Jeff Clark/Clarence Armstrong/Devorn Kinsey,"Philadelphia, PA",The Palestra,8722,1062,NA,NA,NA,NA,NA,NA,NA,NA,Penn,Howard,FALSE
401589364,2023-12-11,Penn,Howard,43,1,13:11,1991,1991,Marcus Dockery missed Three Point Jumper.,away,15,13,2,2,FALSE,FALSE,0.7409813416055689,0.5534242030335981,6,5,5.5,146.5,Jeff Clark/Clarence Armstrong/Devorn Kinsey,"Philadelphia, PA",The Palestra,8722,1062,NA,NA,Howard,missed,Marcus Dockery,NA,TRUE,FALSE,Howard,Penn,FALSE
401589364,2023-12-11,Penn,Howard,44,1,13:07,1987,1987,Nick Spinoso Defensive Rebound.,home,15,13,2,4,FALSE,FALSE,0.7409536835638856,0.5535240130236178,6,5,5.5,146.5,Jeff Clark/Clarence Armstrong/Devorn Kinsey,"Philadelphia, PA",The Palestra,8722,1062,NA,NA,NA,NA,NA,NA,NA,NA,Howard,Penn,FALSE
401589364,2023-12-11,Penn,Howard,45,1,12:57,1977,1977,Tyler Perkins Turnover.,home,15,13,2,10,FALSE,FALSE,0.7408838188804225,0.5537744765316269,6,5,5.5,146.5,Jeff Clark/Clarence Armstrong/Devorn Kinsey,"Philadelphia, PA",The Palestra,8722,1062,NA,NA,NA,NA,NA,NA,NA,NA,Penn,Howard,FALSE
401589364,2023-12-11,Penn,Howard,46,1,12:57,1977,1977,Bryce Harris Steal.,away,15,13,2,0,FALSE,FALSE,0.7408838188804225,0.5537744765316269,6,5,5.5,146.5,Jeff Clark/Clarence Armstrong/Devorn Kinsey,"Philadelphia, PA",The Palestra,8722,1062,NA,NA,NA,NA,NA,NA,NA,NA,Penn,Howard,FALSE
401589364,2023-12-11,Penn,Howard,47,1,12:49,1969,1969,Marcus Dockery made Three Point Jumper. Assisted by Seth Towns.,away,15,16,-1,8,TRUE,FALSE,0.6737401979107553,0.4729329970308443,6,5,5.5,146.5,Jeff Clark/Clarence Armstrong/Devorn Kinsey,"Philadelphia, PA",The Palestra,8722,1062,NA,NA,Howard,made,Marcus Dockery,Seth Towns,TRUE,FALSE,Howard,Penn,FALSE
401589364,2023-12-11,Penn,Howard,48,1,12:32,1952,1952,Tyler Perkins missed Three Point Jumper.,home,15,16,-1,17,FALSE,FALSE,0.6730248144950952,0.472715650157282,6,5,5.5,146.5,Jeff Clark/Clarence Armstrong/Devorn Kinsey,"Philadelphia, PA",The Palestra,8722,1062,NA,NA,Penn,missed,Tyler Perkins,NA,TRUE,FALSE,Penn,Penn,FALSE
401589364,2023-12-11,Penn,Howard,49,1,12:29,1949,1949,Eddie Holland III Offensive Rebound.,home,15,16,-1,3,FALSE,FALSE,0.6728975979351577,0.4726770744269815,6,5,5.5,146.5,Jeff Clark/Clarence Armstrong/Devorn Kinsey,"Philadelphia, PA",The Palestra,8722,1062,NA,NA,NA,NA,NA,NA,NA,NA,Penn,Penn,FALSE
401589364,2023-12-11,Penn,Howard,50,1,12:29,1949,1949,Eddie Holland III made Layup.,home,17,16,1,0,TRUE,FALSE,0.7191241493764982,0.5273229255730184,6,5,5.5,146.5,Jeff Clark/Clarence Armstrong/Devorn Kinsey,"Philadelphia, PA",The Palestra,8722,1062,NA,NA,Penn,made,Eddie Holland III,NA,FALSE,FALSE,Penn,Howard,FALSE
401589364,2023-12-11,Penn,Howard,51,1,12:09,1929,1929,Shy Odom made Layup. Assisted by Marcus Dockery.,away,17,18,-1,20,TRUE,FALSE,0.6720420466322322,0.47241816621181915,6,5,5.5,146.5,Jeff Clark/Clarence Armstrong/Devorn Kinsey,"Philadelphia, PA",The Palestra,8722,1062,NA,NA,Howard,made,Shy Odom,Marcus Dockery,FALSE,FALSE,Howard,Penn,FALSE
401589364,2023-12-11,Penn,Howard,52,1,11:46,1906,1906,Tyler Perkins Turnover.,home,17,18,-1,23,FALSE,FALSE,0.671041425197292,0.4721194061896508,6,5,5.5,146.5,Jeff Clark/Clarence Armstrong/Devorn Kinsey,"Philadelphia, PA",The Palestra,8722,1062,NA,NA,NA,NA,NA,NA,NA,NA,Penn,Howard,FALSE
401589364,2023-12-11,Penn,Howard,53,1,11:46,1906,1906,Jelani Williams Steal.,away,17,18,-1,0,FALSE,FALSE,0.671041425197292,0.4721194061896508,6,5,5.5,146.5,Jeff Clark/Clarence Armstrong/Devorn Kinsey,"Philadelphia, PA",The Palestra,8722,1062,NA,NA,NA,NA,NA,NA,NA,NA,Penn,Howard,FALSE
401589364,2023-12-11,Penn,Howard,54,1,11:39,1899,1899, Official TV Timeout,NA,17,18,-1,7,FALSE,FALSE,0.6707332283008055,0.47202860515617595,6,4,5.5,146.5,Jeff Clark/Clarence Armstrong/Devorn Kinsey,"Philadelphia, PA",The Palestra,8722,1062,NA,NA,NA,NA,NA,NA,NA,NA,Howard,Howard,FALSE
401589364,2023-12-11,Penn,Howard,55,1,11:36,1896,1896,Seth Towns made Jumper. Assisted by Jelani Williams.,away,17,20,-3,3,TRUE,FALSE,0.6193017446124334,0.41666576744763456,6,4,5.5,146.5,Jeff Clark/Clarence Armstrong/Devorn Kinsey,"Philadelphia, PA",The Palestra,8722,1062,NA,NA,Howard,made,Seth Towns,Jelani Williams,FALSE,FALSE,Howard,Penn,FALSE
401589364,2023-12-11,Penn,Howard,56,1,11:03,1863,1863,Pennsylvania  Turnover.,home,17,20,-3,33,FALSE,FALSE,0.6169111441455764,0.41541263607918977,6,4,5.5,146.5,Jeff Clark/Clarence Armstrong/Devorn Kinsey,"Philadelphia, PA",The Palestra,8722,1062,NA,NA,NA,NA,NA,NA,NA,NA,Penn,Howard,FALSE
401589364,2023-12-11,Penn,Howard,57,1,10:48,1848,1848,Shy Odom missed Jumper.,away,17,20,-3,15,FALSE,FALSE,0.6158091210889155,0.41484115435631996,6,4,5.5,146.5,Jeff Clark/Clarence Armstrong/Devorn Kinsey,"Philadelphia, PA",The Palestra,8722,1062,NA,NA,Howard,missed,Shy Odom,NA,FALSE,FALSE,Howard,Howard,FALSE
401589364,2023-12-11,Penn,Howard,58,1,10:45,1845,1845,Shy Odom Offensive Rebound.,away,17,20,-3,3,FALSE,FALSE,0.615587500085876,0.41472661352295637,6,4,5.5,146.5,Jeff Clark/Clarence Armstrong/Devorn Kinsey,"Philadelphia, PA",The Palestra,8722,1062,NA,NA,NA,NA,NA,NA,NA,NA,Howard,Howard,FALSE
401589364,2023-12-11,Penn,Howard,59,1,10:35,1835,1835,Seth Towns made Three Point Jumper. Assisted by Jelani Williams.,away,17,23,-6,10,TRUE,FALSE,0.5303854715755891,0.3335724436713588,6,4,5.5,146.5,Jeff Clark/Clarence Armstrong/Devorn Kinsey,"Philadelphia, PA",The Palestra,8722,1062,NA,NA,Howard,made,Seth Towns,Jelani Williams,TRUE,FALSE,Howard,Penn,FALSE
401589364,2023-12-11,Penn,Howard,60,1,10:14,1814,1814,Nick Spinoso missed Jumper.,home,17,23,-6,21,FALSE,FALSE,0.5279018897491494,0.33209367362095976,6,4,5.5,146.5,Jeff Clark/Clarence Armstrong/Devorn Kinsey,"Philadelphia, PA",The Palestra,8722,1062,NA,NA,Penn,missed,Nick Spinoso,NA,FALSE,FALSE,Penn,Howard,FALSE
401589364,2023-12-11,Penn,Howard,61,1,10:12,1812,1812,Bryce Harris Defensive Rebound.,away,17,23,-6,2,FALSE,FALSE,0.5276638133677495,0.3319522850221909,6,4,5.5,146.5,Jeff Clark/Clarence Armstrong/Devorn Kinsey,"Philadelphia, PA",The Palestra,8722,1062,NA,NA,NA,NA,NA,NA,NA,NA,Penn,Howard,FALSE
401589364,2023-12-11,Penn,Howard,62,1,10:01,1801,1801,Marcus Dockery made Three Point Jumper. Assisted by Seth Towns.,away,17,26,-9,11,TRUE,FALSE,0.43882102373907295,0.2583945856443992,6,4,5.5,146.5,Jeff Clark/Clarence Armstrong/Devorn Kinsey,"Philadelphia, PA",The Palestra,8722,1062,NA,NA,Howard,made,Marcus Dockery,Seth Towns,TRUE,FALSE,Howard,Penn,FALSE
401589364,2023-12-11,Penn,Howard,63,1,9:36,1776,1776,Foul on George Smith.,home,17,26,-9,25,FALSE,TRUE,0.4348464029503069,0.2560790002620785,6,4,5.5,146.5,Jeff Clark/Clarence Armstrong/Devorn Kinsey,"Philadelphia, PA",The Palestra,8722,1062,NA,NA,NA,NA,NA,NA,NA,NA,Penn,Howard,FALSE
401589364,2023-12-11,Penn,Howard,64,1,9:36,1776,1776,George Smith Turnover.,home,17,26,-9,0,FALSE,FALSE,0.4348464029503069,0.2560790002620785,6,4,5.5,146.5,Jeff Clark/Clarence Armstrong/Devorn Kinsey,"Philadelphia, PA",The Palestra,8722,1062,NA,NA,NA,NA,NA,NA,NA,NA,Howard,Howard,FALSE
401589364,2023-12-11,Penn,Howard,65,1,9:19,1759,1759,Bryce Harris made Layup.,away,17,28,-11,17,TRUE,FALSE,0.3747036477457294,0.21187602525728574,6,4,5.5,146.5,Jeff Clark/Clarence Armstrong/Devorn Kinsey,"Philadelphia, PA",The Palestra,8722,1062,NA,NA,Howard,made,Bryce Harris,NA,FALSE,FALSE,Howard,Penn,FALSE
401589364,2023-12-11,Penn,Howard,66,1,8:55,1735,1735,Tyler Perkins made Jumper.,home,19,28,-9,24,TRUE,FALSE,0.42819793081610025,0.25222101900060295,6,4,5.5,146.5,Jeff Clark/Clarence Armstrong/Devorn Kinsey,"Philadelphia, PA",The Palestra,8722,1062,NA,NA,Penn,made,Tyler Perkins,NA,FALSE,FALSE,Penn,Howard,FALSE
401589364,2023-12-11,Penn,Howard,67,1,8:45,1725,1725,Isiah Warfield Turnover.,away,19,28,-9,10,FALSE,FALSE,0.42654841082172773,0.2512655871151861,6,4,5.5,146.5,Jeff Clark/Clarence Armstrong/Devorn Kinsey,"Philadelphia, PA",The Palestra,8722,1062,NA,NA,NA,NA,NA,NA,NA,NA,Howard,Penn,FALSE
401589364,2023-12-11,Penn,Howard,68,1,8:28,1708,1708,Clark Slajchert made Three Point Jumper. Assisted by Sam Brown.,home,22,28,-6,17,TRUE,FALSE,0.514829093763508,0.32437479473734876,6,4,5.5,146.5,Jeff Clark/Clarence Armstrong/Devorn Kinsey,"Philadelphia, PA",The Palestra,8722,1062,NA,NA,Penn,made,Clark Slajchert,Sam Brown,TRUE,FALSE,Penn,Howard,FALSE
401589364,2023-12-11,Penn,Howard,69,1,8:13,1693,1693,Marcus Dockery Turnover.,away,22,28,-6,15,FALSE,FALSE,0.5128912878917515,0.323231377642676,6,4,5.5,146.5,Jeff Clark/Clarence Armstrong/Devorn Kinsey,"Philadelphia, PA",The Palestra,8722,1062,NA,NA,NA,NA,NA,NA,NA,NA,Howard,Penn,FALSE
401589364,2023-12-11,Penn,Howard,70,1,8:13,1693,1693,Clark Slajchert Steal.,home,22,28,-6,0,FALSE,FALSE,0.5128912878917515,0.323231377642676,6,4,5.5,146.5,Jeff Clark/Clarence Armstrong/Devorn Kinsey,"Philadelphia, PA",The Palestra,8722,1062,NA,NA,NA,NA,NA,NA,NA,NA,Howard,Penn,FALSE
401589364,2023-12-11,Penn,Howard,71,1,8:03,1683,1683,Tyler Perkins missed Three Point Jumper.,home,22,28,-6,10,FALSE,FALSE,0.5115898298786871,0.3224650533754865,6,4,5.5,146.5,Jeff Clark/Clarence Armstrong/Devorn Kinsey,"Philadelphia, PA",The Palestra,8722,1062,NA,NA,Penn,missed,Tyler Perkins,NA,TRUE,FALSE,Penn,Howard,FALSE
401589364,2023-12-11,Penn,Howard,72,1,8:01,1681,1681,Isiah Warfield Defensive Rebound.,away,22,28,-6,2,FALSE,FALSE,0.5113301559596443,0.3223131448345966,6,4,5.5,146.5,Jeff Clark/Clarence Armstrong/Devorn Kinsey,"Philadelphia, PA",The Palestra,8722,1062,NA,NA,NA,NA,NA,NA,NA,NA,Penn,Howard,FALSE
401589364,2023-12-11,Penn,Howard,73,1,8:00,1680,1680,Isiah Warfield Turnover.,away,22,28,-6,1,FALSE,FALSE,0.5112004089905331,0.3222373742038191,6,4,5.5,146.5,Jeff Clark/Clarence Armstrong/Devorn Kinsey,"Philadelphia, PA",The Palestra,8722,1062,NA,NA,NA,NA,NA,NA,NA,NA,Howard,Penn,FALSE
401589364,2023-12-11,Penn,Howard,74,1,8:00,1680,1680,Clark Slajchert Steal.,home,22,28,-6,0,FALSE,FALSE,0.5112004089905331,0.3222373742038191,6,4,5.5,146.5,Jeff Clark/Clarence Armstrong/Devorn Kinsey,"Philadelphia, PA",The Palestra,8722,1062,NA,NA,NA,NA,NA,NA,NA,NA,Howard,Penn,FALSE
401589364,2023-12-11,Penn,Howard,75,1,7:56,1676,1676,Foul on Seth Towns.,away,22,28,-6,4,FALSE,TRUE,0.5106819918058757,0.3219354813321383,6,4,5.5,146.5,Jeff Clark/Clarence Armstrong/Devorn Kinsey,"Philadelphia, PA",The Palestra,8722,1062,NA,NA,NA,NA,NA,NA,NA,NA,Penn,Penn,FALSE
401589364,2023-12-11,Penn,Howard,76,1,7:56,1676,1676, Official TV Timeout,NA,22,28,-6,0,FALSE,FALSE,0.5106819918058757,0.3219354813321383,6,3,5.5,146.5,Jeff Clark/Clarence Armstrong/Devorn Kinsey,"Philadelphia, PA",The Palestra,8722,1062,NA,NA,NA,NA,NA,NA,NA,NA,Penn,Penn,FALSE
401589364,2023-12-11,Penn,Howard,77,1,7:56,1676,1676,Clark Slajchert missed Free Throw.,home,22,28,-6,0,FALSE,FALSE,0.5106819918058757,0.3219354813321383,6,3,5.5,146.5,Jeff Clark/Clarence Armstrong/Devorn Kinsey,"Philadelphia, PA",The Palestra,8722,1062,NA,NA,Penn,missed,Clark Slajchert,NA,FALSE,TRUE,Penn,Penn,FALSE
401589364,2023-12-11,Penn,Howard,78,1,7:56,1676,1676,Pennsylvania Offensive Rebound.,home,22,28,-6,0,FALSE,FALSE,0.5106819918058757,0.3219354813321383,6,3,5.5,146.5,Jeff Clark/Clarence Armstrong/Devorn Kinsey,"Philadelphia, PA",The Palestra,8722,1062,NA,NA,NA,NA,NA,NA,NA,NA,Penn,Penn,FALSE
401589364,2023-12-11,Penn,Howard,79,1,7:56,1676,1676,Clark Slajchert made Free Throw.,home,23,28,-5,0,TRUE,FALSE,0.5416241965467276,0.3496125458979794,6,3,5.5,146.5,Jeff Clark/Clarence Armstrong/Devorn Kinsey,"Philadelphia, PA",The Palestra,8722,1062,NA,NA,Penn,made,Clark Slajchert,NA,FALSE,TRUE,Penn,Howard,FALSE
401589364,2023-12-11,Penn,Howard,80,1,7:30,1650,1650,Jelani Williams Turnover.,away,23,28,-5,26,FALSE,FALSE,0.5386572559696281,0.34794352186676564,6,3,5.5,146.5,Jeff Clark/Clarence Armstrong/Devorn Kinsey,"Philadelphia, PA",The Palestra,8722,1062,NA,NA,NA,NA,NA,NA,NA,NA,Howard,Penn,FALSE
401589364,2023-12-11,Penn,Howard,81,1,7:14,1634,1634,Sam Brown missed Three Point Jumper.,home,23,28,-5,16,FALSE,FALSE,0.5368340988547062,0.34693936219129573,6,3,5.5,146.5,Jeff Clark/Clarence Armstrong/Devorn Kinsey,"Philadelphia, PA",The Palestra,8722,1062,NA,NA,Penn,missed,Sam Brown,NA,TRUE,FALSE,Penn,Penn,FALSE
401589364,2023-12-11,Penn,Howard,82,1,7:14,1634,1634,Tyler Perkins Offensive Rebound.,home,23,28,-5,0,FALSE,FALSE,0.5368340988547062,0.34693936219129573,6,3,5.5,146.5,Jeff Clark/Clarence Armstrong/Devorn Kinsey,"Philadelphia, PA",The Palestra,8722,1062,NA,NA,NA,NA,NA,NA,NA,NA,Penn,Penn,FALSE
401589364,2023-12-11,Penn,Howard,83,1,7:14,1634,1634,Foul on Seth Towns.,away,23,28,-5,0,FALSE,TRUE,0.5368340988547062,0.34693936219129573,6,3,5.5,146.5,Jeff Clark/Clarence Armstrong/Devorn Kinsey,"Philadelphia, PA",The Palestra,8722,1062,NA,NA,NA,NA,NA,NA,NA,NA,Penn,Penn,FALSE
401589364,2023-12-11,Penn,Howard,84,1,7:02,1622,1622,Sam Brown missed Three Point Jumper.,home,23,28,-5,12,FALSE,FALSE,0.5354650945012346,0.3461938912868097,6,3,5.5,146.5,Jeff Clark/Clarence Armstrong/Devorn Kinsey,"Philadelphia, PA",The Palestra,8722,1062,NA,NA,Penn,missed,Sam Brown,NA,TRUE,FALSE,Penn,Howard,FALSE
401589364,2023-12-11,Penn,Howard,85,1,7:00,1620,1620,Jordan Hairston Defensive Rebound.,away,23,28,-5,2,FALSE,FALSE,0.5352366533042497,0.34607010764896345,6,3,5.5,146.5,Jeff Clark/Clarence Armstrong/Devorn Kinsey,"Philadelphia, PA",The Palestra,8722,1062,NA,NA,NA,NA,NA,NA,NA,NA,Penn,Howard,FALSE
401589364,2023-12-11,Penn,Howard,86,1,6:44,1604,1604,Seth Towns missed Three Point Jumper.,away,23,28,-5,16,FALSE,FALSE,0.5334048919134313,0.3450827833008278,6,3,5.5,146.5,Jeff Clark/Clarence Armstrong/Devorn Kinsey,"Philadelphia, PA",The Palestra,8722,1062,NA,NA,Howard,missed,Seth Towns,NA,TRUE,FALSE,Howard,Penn,FALSE
401589364,2023-12-11,Penn,Howard,87,1,6:41,1601,1601,Johnnie Walter Defensive Rebound.,home,23,28,-5,3,FALSE,FALSE,0.5330604028130904,0.3448979938051667,6,3,5.5,146.5,Jeff Clark/Clarence Armstrong/Devorn Kinsey,"Philadelphia, PA",The Palestra,8722,1062,NA,NA,NA,NA,NA,NA,NA,NA,Howard,Penn,FALSE
401589364,2023-12-11,Penn,Howard,88,1,6:35,1595,1595,Sam Brown missed Three Point Jumper.,home,23,28,-5,6,FALSE,FALSE,0.5323702236461423,0.34452845087764666,6,3,5.5,146.5,Jeff Clark/Clarence Armstrong/Devorn Kinsey,"Philadelphia, PA",The Palestra,8722,1062,NA,NA,Penn,missed,Sam Brown,NA,TRUE,FALSE,Penn,Penn,FALSE
401589364,2023-12-11,Penn,Howard,89,1,6:31,1591,1591,George Smith Offensive Rebound.,home,23,28,-5,4,FALSE,FALSE,0.5319091292022581,0.3442820079807454,6,3,5.5,146.5,Jeff Clark/Clarence Armstrong/Devorn Kinsey,"Philadelphia, PA",The Palestra,8722,1062,NA,NA,NA,NA,NA,NA,NA,NA,Penn,Penn,FALSE
401589364,2023-12-11,Penn,Howard,90,1,6:27,1587,1587,Tyler Perkins missed Three Point Jumper.,home,23,28,-5,4,FALSE,FALSE,0.5314471811594615,0.3440354077095885,6,3,5.5,146.5,Jeff Clark/Clarence Armstrong/Devorn Kinsey,"Philadelphia, PA",The Palestra,8722,1062,NA,NA,Penn,missed,Tyler Perkins,NA,TRUE,FALSE,Penn,Penn,FALSE
401589364,2023-12-11,Penn,Howard,91,1,6:24,1584,1584,Johnnie Walter Offensive Rebound.,home,23,28,-5,3,FALSE,FALSE,0.5311001219891258,0.3438503065428257,6,3,5.5,146.5,Jeff Clark/Clarence Armstrong/Devorn Kinsey,"Philadelphia, PA",The Palestra,8722,1062,NA,NA,NA,NA,NA,NA,NA,NA,Penn,Penn,FALSE
401589364,2023-12-11,Penn,Howard,92,1,6:24,1584,1584,Foul on Bryce Harris.,away,23,28,-5,0,FALSE,TRUE,0.5311001219891258,0.3438503065428257,6,3,5.5,146.5,Jeff Clark/Clarence Armstrong/Devorn Kinsey,"Philadelphia, PA",The Palestra,8722,1062,NA,NA,NA,NA,NA,NA,NA,NA,Penn,Penn,FALSE
401589364,2023-12-11,Penn,Howard,93,1,6:21,1581,1581,Sam Brown missed Three Point Jumper.,home,23,28,-5,3,FALSE,FALSE,0.5307525205378606,0.3436650388654809,6,3,5.5,146.5,Jeff Clark/Clarence Armstrong/Devorn Kinsey,"Philadelphia, PA",The Palestra,8722,1062,NA,NA,Penn,missed,Sam Brown,NA,TRUE,FALSE,Penn,Howard,FALSE
401589364,2023-12-11,Penn,Howard,94,1,6:19,1579,1579,Dom Campbell Defensive Rebound.,away,23,28,-5,2,FALSE,FALSE,0.5305204718150786,0.34354141809708233,6,3,5.5,146.5,Jeff Clark/Clarence Armstrong/Devorn Kinsey,"Philadelphia, PA",The Palestra,8722,1062,NA,NA,NA,NA,NA,NA,NA,NA,Penn,Howard,FALSE
401589364,2023-12-11,Penn,Howard,95,1,6:00,1560,1560,Dom Campbell made Layup. Assisted by Isiah Warfield.,away,23,30,-7,19,TRUE,FALSE,0.4631201011662269,0.28620072111882766,6,3,5.5,146.5,Jeff Clark/Clarence Armstrong/Devorn Kinsey,"Philadelphia, PA",The Palestra,8722,1062,NA,NA,Howard,made,Dom Campbell,Isiah Warfield,FALSE,FALSE,Howard,Penn,FALSE
401589364,2023-12-11,Penn,Howard,96,1,5:36,1536,1536,Sam Brown made Three Point Jumper. Assisted by George Smith.,home,26,30,-4,24,TRUE,FALSE,0.558189354091379,0.37106976104897477,6,3,5.5,146.5,Jeff Clark/Clarence Armstrong/Devorn Kinsey,"Philadelphia, PA",The Palestra,8722,1062,NA,NA,Penn,made,Sam Brown,George Smith,TRUE,FALSE,Penn,Howard,FALSE
401589364,2023-12-11,Penn,Howard,97,1,5:14,1514,1514,Foul on Dom Campbell.,away,26,30,-4,22,FALSE,TRUE,0.555868664302236,0.36988138240867874,6,3,5.5,146.5,Jeff Clark/Clarence Armstrong/Devorn Kinsey,"Philadelphia, PA",The Palestra,8722,1062,NA,NA,NA,NA,NA,NA,NA,NA,Penn,Penn,FALSE
401589364,2023-12-11,Penn,Howard,98,1,5:14,1514,1514,Dom Campbell Turnover.,away,26,30,-4,0,FALSE,FALSE,0.555868664302236,0.36988138240867874,6,3,5.5,146.5,Jeff Clark/Clarence Armstrong/Devorn Kinsey,"Philadelphia, PA",The Palestra,8722,1062,NA,NA,NA,NA,NA,NA,NA,NA,Howard,Penn,FALSE
401589364,2023-12-11,Penn,Howard,99,1,5:00,1500,1500,Foul on Marcus Dockery.,away,26,30,-4,14,FALSE,TRUE,0.5543655639581049,0.36910358282801076,6,3,5.5,146.5,Jeff Clark/Clarence Armstrong/Devorn Kinsey,"Philadelphia, PA",The Palestra,8722,1062,NA,NA,NA,NA,NA,NA,NA,NA,Penn,Penn,FALSE
401589364,2023-12-11,Penn,Howard,100,1,5:00,1500,1500,Nick Spinoso missed Free Throw.,home,26,30,-4,0,FALSE,FALSE,0.5543655639581049,0.36910358282801076,6,3,5.5,146.5,Jeff Clark/Clarence Armstrong/Devorn Kinsey,"Philadelphia, PA",The Palestra,8722,1062,NA,NA,Penn,missed,Nick Spinoso,NA,FALSE,TRUE,Penn,Penn,FALSE
401589364,2023-12-11,Penn,Howard,101,1,5:00,1500,1500,Pennsylvania Offensive Rebound.,home,26,30,-4,0,FALSE,FALSE,0.5543655639581049,0.36910358282801076,6,3,5.5,146.5,Jeff Clark/Clarence Armstrong/Devorn Kinsey,"Philadelphia, PA",The Palestra,8722,1062,NA,NA,NA,NA,NA,NA,NA,NA,Penn,Penn,FALSE
401589364,2023-12-11,Penn,Howard,102,1,5:00,1500,1500,Nick Spinoso made Free Throw.,home,27,30,-3,0,TRUE,FALSE,0.5871852614667757,0.40082031784165173,6,3,5.5,146.5,Jeff Clark/Clarence Armstrong/Devorn Kinsey,"Philadelphia, PA",The Palestra,8722,1062,NA,NA,Penn,made,Nick Spinoso,NA,FALSE,TRUE,Penn,Howard,FALSE
401589364,2023-12-11,Penn,Howard,103,1,4:40,1480,1480,Seth Towns missed Jumper.,away,27,30,-3,20,FALSE,FALSE,0.58533744987821,0.39993315103108856,6,3,5.5,146.5,Jeff Clark/Clarence Armstrong/Devorn Kinsey,"Philadelphia, PA",The Palestra,8722,1062,NA,NA,Howard,missed,Seth Towns,NA,FALSE,FALSE,Howard,Penn,FALSE
401589364,2023-12-11,Penn,Howard,104,1,4:37,1477,1477,George Smith Defensive Rebound.,home,27,30,-3,3,FALSE,FALSE,0.585057038272586,0.39979691568550124,6,3,5.5,146.5,Jeff Clark/Clarence Armstrong/Devorn Kinsey,"Philadelphia, PA",The Palestra,8722,1062,NA,NA,NA,NA,NA,NA,NA,NA,Howard,Penn,FALSE
401589364,2023-12-11,Penn,Howard,105,1,4:23,1463,1463,Clark Slajchert made Three Point Jumper.,home,30,30,0,14,TRUE,FALSE,0.6785559620878299,0.5,6,3,5.5,146.5,Jeff Clark/Clarence Armstrong/Devorn Kinsey,"Philadelphia, PA",The Palestra,8722,1062,NA,NA,Penn,made,Clark Slajchert,NA,TRUE,FALSE,Penn,Howard,FALSE
401589364,2023-12-11,Penn,Howard,106,1,3:57,1437,1437,Marcus Dockery missed Three Point Jumper.,away,30,30,0,26,FALSE,FALSE,0.6774491577206332,0.5,6,3,5.5,146.5,Jeff Clark/Clarence Armstrong/Devorn Kinsey,"Philadelphia, PA",The Palestra,8722,1062,NA,NA,Howard,missed,Marcus Dockery,NA,TRUE,FALSE,Howard,Penn,FALSE
401589364,2023-12-11,Penn,Howard,107,1,3:54,1434,1434,Sam Brown Defensive Rebound.,home,30,30,0,3,FALSE,FALSE,0.6773201206664236,0.5,6,3,5.5,146.5,Jeff Clark/Clarence Armstrong/Devorn Kinsey,"Philadelphia, PA",The Palestra,8722,1062,NA,NA,NA,NA,NA,NA,NA,NA,Howard,Penn,FALSE
401589364,2023-12-11,Penn,Howard,108,1,3:48,1428,1428,Foul on Sam Brown.,home,30,30,0,6,FALSE,TRUE,0.677060934659155,0.5,6,3,5.5,146.5,Jeff Clark/Clarence Armstrong/Devorn Kinsey,"Philadelphia, PA",The Palestra,8722,1062,NA,NA,NA,NA,NA,NA,NA,NA,Penn,Howard,FALSE
401589364,2023-12-11,Penn,Howard,109,1,3:48,1428,1428,Sam Brown Turnover.,home,30,30,0,0,FALSE,FALSE,0.677060934659155,0.5,6,3,5.5,146.5,Jeff Clark/Clarence Armstrong/Devorn Kinsey,"Philadelphia, PA",The Palestra,8722,1062,NA,NA,NA,NA,NA,NA,NA,NA,Howard,Howard,FALSE
401589364,2023-12-11,Penn,Howard,110,1,3:48,1428,1428, Official TV Timeout,NA,30,30,0,0,FALSE,FALSE,0.677060934659155,0.5,6,2,5.5,146.5,Jeff Clark/Clarence Armstrong/Devorn Kinsey,"Philadelphia, PA",The Palestra,8722,1062,NA,NA,NA,NA,NA,NA,NA,NA,Howard,Howard,FALSE
401589364,2023-12-11,Penn,Howard,111,1,3:20,1400,1400,Jelani Williams missed Three Point Jumper.,away,30,30,0,28,FALSE,FALSE,0.6758331456668065,0.5,6,2,5.5,146.5,Jeff Clark/Clarence Armstrong/Devorn Kinsey,"Philadelphia, PA",The Palestra,8722,1062,NA,NA,Howard,missed,Jelani Williams,NA,TRUE,FALSE,Howard,Howard,FALSE
401589364,2023-12-11,Penn,Howard,112,1,3:17,1397,1397,Seth Towns Offensive Rebound.,away,30,30,0,3,FALSE,FALSE,0.6756999456584921,0.5,6,2,5.5,146.5,Jeff Clark/Clarence Armstrong/Devorn Kinsey,"Philadelphia, PA",The Palestra,8722,1062,NA,NA,NA,NA,NA,NA,NA,NA,Howard,Howard,FALSE
401589364,2023-12-11,Penn,Howard,113,1,3:00,1380,1380,Seth Towns missed Jumper.,away,30,30,0,17,FALSE,FALSE,0.6749397377145653,0.5,6,2,5.5,146.5,Jeff Clark/Clarence Armstrong/Devorn Kinsey,"Philadelphia, PA",The Palestra,8722,1062,NA,NA,Howard,missed,Seth Towns,NA,FALSE,FALSE,Howard,Penn,FALSE
401589364,2023-12-11,Penn,Howard,114,1,2:58,1378,1378,Nick Spinoso Defensive Rebound.,home,30,30,0,2,FALSE,FALSE,0.6748497293943025,0.5,6,2,5.5,146.5,Jeff Clark/Clarence Armstrong/Devorn Kinsey,"Philadelphia, PA",The Palestra,8722,1062,NA,NA,NA,NA,NA,NA,NA,NA,Howard,Penn,FALSE
401589364,2023-12-11,Penn,Howard,115,1,2:46,1366,1366,Clark Slajchert missed Layup.,home,30,30,0,12,FALSE,FALSE,0.6743073520650379,0.5,6,2,5.5,146.5,Jeff Clark/Clarence Armstrong/Devorn Kinsey,"Philadelphia, PA",The Palestra,8722,1062,NA,NA,Penn,missed,Clark Slajchert,NA,FALSE,FALSE,Penn,Howard,FALSE
401589364,2023-12-11,Penn,Howard,116,1,2:43,1363,1363,Bryce Harris Defensive Rebound.,away,30,30,0,3,FALSE,FALSE,0.6741711640410886,0.5,6,2,5.5,146.5,Jeff Clark/Clarence Armstrong/Devorn Kinsey,"Philadelphia, PA",The Palestra,8722,1062,NA,NA,NA,NA,NA,NA,NA,NA,Penn,Howard,FALSE
401589364,2023-12-11,Penn,Howard,117,1,2:36,1356,1356,Bryce Harris missed Three Point Jumper.,away,30,30,0,7,FALSE,FALSE,0.6738525284003503,0.5,6,2,5.5,146.5,Jeff Clark/Clarence Armstrong/Devorn Kinsey,"Philadelphia, PA",The Palestra,8722,1062,NA,NA,Howard,missed,Bryce Harris,NA,TRUE,FALSE,Howard,Penn,FALSE
401589364,2023-12-11,Penn,Howard,118,1,2:32,1352,1352,Nick Spinoso Defensive Rebound.,home,30,30,0,4,FALSE,FALSE,0.6736699320863385,0.5,6,2,5.5,146.5,Jeff Clark/Clarence Armstrong/Devorn Kinsey,"Philadelphia, PA",The Palestra,8722,1062,NA,NA,NA,NA,NA,NA,NA,NA,Howard,Penn,FALSE
401589364,2023-12-11,Penn,Howard,119,1,2:08,1328,1328,Pennsylvania  Timeout,home,30,30,0,24,FALSE,FALSE,0.6725673503125029,0.5,6,1,5.5,146.5,Jeff Clark/Clarence Armstrong/Devorn Kinsey,"Philadelphia, PA",The Palestra,8722,1062,NA,NA,NA,NA,NA,NA,NA,NA,Penn,Penn,FALSE
401589364,2023-12-11,Penn,Howard,120,1,2:04,1324,1324,Nick Spinoso missed Layup.,home,30,30,0,4,FALSE,FALSE,0.6723825599121785,0.5,6,1,5.5,146.5,Jeff Clark/Clarence Armstrong/Devorn Kinsey,"Philadelphia, PA",The Palestra,8722,1062,NA,NA,Penn,missed,Nick Spinoso,NA,FALSE,FALSE,Penn,Howard,FALSE
401589364,2023-12-11,Penn,Howard,121,1,2:04,1324,1324,Foul on Nick Spinoso.,home,30,30,0,0,FALSE,TRUE,0.6723825599121785,0.5,6,1,5.5,146.5,Jeff Clark/Clarence Armstrong/Devorn Kinsey,"Philadelphia, PA",The Palestra,8722,1062,NA,NA,NA,NA,NA,NA,NA,NA,Penn,Howard,FALSE
401589364,2023-12-11,Penn,Howard,122,1,2:04,1324,1324,Seth Towns Defensive Rebound.,away,30,30,0,0,FALSE,FALSE,0.6723825599121785,0.5,6,1,5.5,146.5,Jeff Clark/Clarence Armstrong/Devorn Kinsey,"Philadelphia, PA",The Palestra,8722,1062,NA,NA,NA,NA,NA,NA,NA,NA,Penn,Howard,FALSE
401589364,2023-12-11,Penn,Howard,123,1,1:45,1305,1305,Bryce Harris made Jumper.,away,30,32,-2,19,TRUE,FALSE,0.6040437469909312,0.4273572890603573,6,1,5.5,146.5,Jeff Clark/Clarence Armstrong/Devorn Kinsey,"Philadelphia, PA",The Palestra,8722,1062,NA,NA,Howard,made,Bryce Harris,NA,FALSE,FALSE,Howard,Penn,FALSE
401589364,2023-12-11,Penn,Howard,124,1,1:34,1294,1294,Clark Slajchert made Three Point Jumper. Assisted by Sam Brown.,home,33,32,1,11,TRUE,FALSE,0.7026002844756293,0.5366955869268063,6,1,5.5,146.5,Jeff Clark/Clarence Armstrong/Devorn Kinsey,"Philadelphia, PA",The Palestra,8722,1062,NA,NA,Penn,made,Clark Slajchert,Sam Brown,TRUE,FALSE,Penn,Howard,FALSE
401589364,2023-12-11,Penn,Howard,125,1,1:34,1294,1294,Foul on Isiah Warfield.,away,33,32,1,0,FALSE,TRUE,0.7026002844756293,0.5366955869268063,6,1,5.5,146.5,Jeff Clark/Clarence Armstrong/Devorn Kinsey,"Philadelphia, PA",The Palestra,8722,1062,NA,NA,NA,NA,NA,NA,NA,NA,Penn,Howard,FALSE
401589364,2023-12-11,Penn,Howard,126,1,1:34,1294,1294,Clark Slajchert made Free Throw.,home,34,32,2,0,TRUE,FALSE,0.7323851675021095,0.572997987392875,6,1,5.5,146.5,Jeff Clark/Clarence Armstrong/Devorn Kinsey,"Philadelphia, PA",The Palestra,8722,1062,NA,NA,Penn,made,Clark Slajchert,NA,FALSE,TRUE,Penn,Howard,FALSE
401589364,2023-12-11,Penn,Howard,127,1,1:08,1268,1268,Shy Odom Turnover.,away,34,32,2,26,FALSE,FALSE,0.7320110006915275,0.5738748499188053,6,1,5.5,146.5,Jeff Clark/Clarence Armstrong/Devorn Kinsey,"Philadelphia, PA",The Palestra,8722,1062,NA,NA,NA,NA,NA,NA,NA,NA,Howard,Penn,FALSE
401589364,2023-12-11,Penn,Howard,128,1,1:05,1265,1265,Clark Slajchert made Three Point Jumper. Assisted by Sam Brown.,home,37,32,5,3,TRUE,FALSE,0.8102764352922537,0.6781471875837863,6,1,5.5,146.5,Jeff Clark/Clarence Armstrong/Devorn Kinsey,"Philadelphia, PA",The Palestra,8722,1062,NA,NA,Penn,made,Clark Slajchert,Sam Brown,TRUE,FALSE,Penn,Howard,FALSE
401589364,2023-12-11,Penn,Howard,129,1,1:04,1264,1264,Howard  Timeout,away,37,32,5,1,FALSE,FALSE,0.8102993176639369,0.6782257953777587,5,1,5.5,146.5,Jeff Clark/Clarence Armstrong/Devorn Kinsey,"Philadelphia, PA",The Palestra,8722,1062,NA,NA,NA,NA,NA,NA,NA,NA,Howard,Howard,FALSE
401589364,2023-12-11,Penn,Howard,130,1,0:38,1238,1238,Shy Odom made Dunk. Assisted by Jelani Williams.,away,37,34,3,26,TRUE,FALSE,0.7602537612428636,0.6114077241256983,5,1,5.5,146.5,Jeff Clark/Clarence Armstrong/Devorn Kinsey,"Philadelphia, PA",The Palestra,8722,1062,NA,NA,Howard,made,Shy Odom,Jelani Williams,FALSE,FALSE,Howard,Penn,FALSE
401589364,2023-12-11,Penn,Howard,131,1,0:24,1224,1224,Tyler Perkins made Jumper.,home,39,34,5,14,TRUE,FALSE,0.8113624694015047,0.6815699062283743,5,1,5.5,146.5,Jeff Clark/Clarence Armstrong/Devorn Kinsey,"Philadelphia, PA",The Palestra,8722,1062,NA,NA,Penn,made,Tyler Perkins,NA,FALSE,FALSE,Penn,Howard,FALSE
401589364,2023-12-11,Penn,Howard,132,1,0:04,1204,1204,Shy Odom made Layup.,away,39,36,3,20,TRUE,FALSE,0.7604912739362641,0.6134109091191571,5,1,5.5,146.5,Jeff Clark/Clarence Armstrong/Devorn Kinsey,"Philadelphia, PA",The Palestra,8722,1062,NA,NA,Howard,made,Shy Odom,NA,FALSE,FALSE,Howard,Penn,FALSE
401589364,2023-12-11,Penn,Howard,133,1,0:00,1200,1200,End of 1st half,NA,39,36,3,4,FALSE,FALSE,0.7605247866266317,0.613652136749738,5,1,5.5,146.5,Jeff Clark/Clarence Armstrong/Devorn Kinsey,"Philadelphia, PA",The Palestra,8722,1062,NA,NA,NA,NA,NA,NA,NA,NA,Penn,NA,FALSE
401589364,2023-12-11,Penn,Howard,134,2,19:40,1180,1180,Shy Odom missed Layup.,away,39,36,3,20,FALSE,FALSE,0.7606766377719303,0.6148312846150984,5,1,5.5,146.5,Jeff Clark/Clarence Armstrong/Devorn Kinsey,"Philadelphia, PA",The Palestra,8722,1062,NA,NA,Howard,missed,Shy Odom,NA,FALSE,FALSE,Howard,Penn,FALSE
401589364,2023-12-11,Penn,Howard,135,2,19:38,1178,1178,George Smith Defensive Rebound.,home,39,36,3,2,FALSE,FALSE,0.7606906168544831,0.6149470985222361,5,1,5.5,146.5,Jeff Clark/Clarence Armstrong/Devorn Kinsey,"Philadelphia, PA",The Palestra,8722,1062,NA,NA,NA,NA,NA,NA,NA,NA,Howard,Penn,FALSE
401589364,2023-12-11,Penn,Howard,136,2,19:30,1170,1170,Clark Slajchert made Three Point Jumper. Assisted by Sam Brown.,home,42,36,6,8,TRUE,FALSE,0.8357399834494003,0.7191398687858448,5,1,5.5,146.5,Jeff Clark/Clarence Armstrong/Devorn Kinsey,"Philadelphia, PA",The Palestra,8722,1062,NA,NA,Penn,made,Clark Slajchert,Sam Brown,TRUE,FALSE,Penn,Howard,FALSE
401589364,2023-12-11,Penn,Howard,137,2,19:12,1152,1152,Foul on Tyler Perkins.,home,42,36,6,18,FALSE,TRUE,0.8364184373946085,0.72088167936686,5,1,5.5,146.5,Jeff Clark/Clarence Armstrong/Devorn Kinsey,"Philadelphia, PA",The Palestra,8722,1062,NA,NA,NA,NA,NA,NA,NA,NA,Howard,Howard,FALSE
401589364,2023-12-11,Penn,Howard,138,2,18:57,1137,1137,Seth Towns missed Three Point Jumper.,away,42,36,6,15,FALSE,FALSE,0.836975440738563,0.722316337330686,5,1,5.5,146.5,Jeff Clark/Clarence Armstrong/Devorn Kinsey,"Philadelphia, PA",The Palestra,8722,1062,NA,NA,Howard,missed,Seth Towns,NA,TRUE,FALSE,Howard,Penn,FALSE
401589364,2023-12-11,Penn,Howard,139,2,18:54,1134,1134,Clark Slajchert Defensive Rebound.,home,42,36,6,3,FALSE,FALSE,0.8370865920084731,0.722602503414347,5,1,5.5,146.5,Jeff Clark/Clarence Armstrong/Devorn Kinsey,"Philadelphia, PA",The Palestra,8722,1062,NA,NA,NA,NA,NA,NA,NA,NA,Howard,Penn,FALSE
401589364,2023-12-11,Penn,Howard,140,2,18:47,1127,1127,George Smith missed Three Point Jumper.,home,42,36,6,7,FALSE,FALSE,0.8373462149283337,0.723270188963892,5,1,5.5,146.5,Jeff Clark/Clarence Armstrong/Devorn Kinsey,"Philadelphia, PA",The Palestra,8722,1062,NA,NA,Penn,missed,George Smith,NA,TRUE,FALSE,Penn,Howard,FALSE
401589364,2023-12-11,Penn,Howard,141,2,18:44,1124,1124,Bryce Harris Defensive Rebound.,away,42,36,6,3,FALSE,FALSE,0.837457729120897,0.7235565367911526,5,1,5.5,146.5,Jeff Clark/Clarence Armstrong/Devorn Kinsey,"Philadelphia, PA",The Palestra,8722,1062,NA,NA,NA,NA,NA,NA,NA,NA,Penn,Howard,FALSE
401589364,2023-12-11,Penn,Howard,142,2,18:41,1121,1121,Foul on George Smith.,home,42,36,6,3,FALSE,TRUE,0.8375694703342625,0.7238431295147181,5,1,5.5,146.5,Jeff Clark/Clarence Armstrong/Devorn Kinsey,"Philadelphia, PA",The Palestra,8722,1062,NA,NA,NA,NA,NA,NA,NA,NA,Howard,Howard,FALSE
401589364,2023-12-11,Penn,Howard,143,2,18:41,1121,1121,Bryce Harris made Free Throw.,away,42,37,5,0,TRUE,FALSE,0.8145201434088363,0.6906168451219696,5,1,5.5,146.5,Jeff Clark/Clarence Armstrong/Devorn Kinsey,"Philadelphia, PA",The Palestra,8722,1062,NA,NA,Howard,made,Bryce Harris,NA,FALSE,TRUE,Howard,Howard,FALSE
401589364,2023-12-11,Penn,Howard,144,2,18:41,1121,1121,Bryce Harris made Free Throw.,away,42,38,4,0,TRUE,FALSE,0.7890239300513642,0.6552966287205186,5,1,5.5,146.5,Jeff Clark/Clarence Armstrong/Devorn Kinsey,"Philadelphia, PA",The Palestra,8722,1062,NA,NA,Howard,made,Bryce Harris,NA,FALSE,TRUE,Howard,Penn,FALSE
401589364,2023-12-11,Penn,Howard,145,2,18:23,1103,1103,George Smith missed Three Point Jumper.,home,42,38,4,18,FALSE,FALSE,0.7893739657974729,0.6566009559980499,5,1,5.5,146.5,Jeff Clark/Clarence Armstrong/Devorn Kinsey,"Philadelphia, PA",The Palestra,8722,1062,NA,NA,Penn,missed,George Smith,NA,TRUE,FALSE,Penn,Penn,FALSE
401589364,2023-12-11,Penn,Howard,146,2,18:21,1101,1101,Clark Slajchert Offensive Rebound.,home,42,38,4,2,FALSE,FALSE,0.78941384507174,0.6567472228937614,5,1,5.5,146.5,Jeff Clark/Clarence Armstrong/Devorn Kinsey,"Philadelphia, PA",The Palestra,8722,1062,NA,NA,NA,NA,NA,NA,NA,NA,Penn,Penn,FALSE
401589364,2023-12-11,Penn,Howard,147,2,18:19,1099,1099,Clark Slajchert made Three Point Jumper.,home,45,38,7,2,TRUE,FALSE,0.8592106200092384,0.7570538047889286,5,1,5.5,146.5,Jeff Clark/Clarence Armstrong/Devorn Kinsey,"Philadelphia, PA",The Palestra,8722,1062,NA,NA,Penn,made,Clark Slajchert,NA,TRUE,FALSE,Penn,Howard,FALSE
401589364,2023-12-11,Penn,Howard,148,2,18:00,1080,1080,Jelani Williams missed Three Point Jumper.,away,45,38,7,19,FALSE,FALSE,0.8600661115177489,0.7590685661730407,5,1,5.5,146.5,Jeff Clark/Clarence Armstrong/Devorn Kinsey,"Philadelphia, PA",The Palestra,8722,1062,NA,NA,Howard,missed,Jelani Williams,NA,TRUE,FALSE,Howard,Penn,FALSE
401589364,2023-12-11,Penn,Howard,149,2,17:56,1076,1076,Nick Spinoso Defensive Rebound.,home,45,38,7,4,FALSE,FALSE,0.8602509896069586,0.7594998685922106,5,1,5.5,146.5,Jeff Clark/Clarence Armstrong/Devorn Kinsey,"Philadelphia, PA",The Palestra,8722,1062,NA,NA,NA,NA,NA,NA,NA,NA,Howard,Penn,FALSE
401589364,2023-12-11,Penn,Howard,150,2,17:53,1073,1073,Tyler Perkins missed Layup.,home,45,38,7,3,FALSE,FALSE,0.8603909224751898,0.7598252773830126,5,1,5.5,146.5,Jeff Clark/Clarence Armstrong/Devorn Kinsey,"Philadelphia, PA",The Palestra,8722,1062,NA,NA,Penn,missed,Tyler Perkins,NA,FALSE,FALSE,Penn,Penn,FALSE
401589364,2023-12-11,Penn,Howard,151,2,17:53,1073,1073,Jelani Williams Block.,away,45,38,7,0,FALSE,FALSE,0.8603909224751898,0.7598252773830126,5,1,5.5,146.5,Jeff Clark/Clarence Armstrong/Devorn Kinsey,"Philadelphia, PA",The Palestra,8722,1062,NA,NA,NA,NA,NA,NA,NA,NA,Penn,Penn,FALSE
401589364,2023-12-11,Penn,Howard,152,2,17:53,1073,1073,Tyler Perkins Offensive Rebound.,home,45,38,7,0,FALSE,FALSE,0.8603909224751898,0.7598252773830126,5,1,5.5,146.5,Jeff Clark/Clarence Armstrong/Devorn Kinsey,"Philadelphia, PA",The Palestra,8722,1062,NA,NA,NA,NA,NA,NA,NA,NA,Penn,Penn,FALSE
401589364,2023-12-11,Penn,Howard,153,2,17:34,1054,1054,Clark Slajchert missed Three Point Jumper.,home,45,38,7,19,FALSE,FALSE,0.8613061458573463,0.7619305643360262,5,1,5.5,146.5,Jeff Clark/Clarence Armstrong/Devorn Kinsey,"Philadelphia, PA",The Palestra,8722,1062,NA,NA,Penn,missed,Clark Slajchert,NA,TRUE,FALSE,Penn,Howard,FALSE
401589364,2023-12-11,Penn,Howard,154,2,17:33,1053,1053,Howard Defensive Rebound.,away,45,38,7,1,FALSE,FALSE,0.8613558538506647,0.7620437391682945,5,1,5.5,146.5,Jeff Clark/Clarence Armstrong/Devorn Kinsey,"Philadelphia, PA",The Palestra,8722,1062,NA,NA,NA,NA,NA,NA,NA,NA,Penn,Howard,FALSE
401589364,2023-12-11,Penn,Howard,155,2,17:08,1028,1028,Jelani Williams made Jumper.,away,45,40,5,25,TRUE,FALSE,0.8176301297094349,0.699081475970412,5,1,5.5,146.5,Jeff Clark/Clarence Armstrong/Devorn Kinsey,"Philadelphia, PA",The Palestra,8722,1062,NA,NA,Howard,made,Jelani Williams,NA,FALSE,FALSE,Howard,Penn,FALSE
401589364,2023-12-11,Penn,Howard,156,2,16:43,1003,1003,George Smith made Layup.,home,47,40,7,25,TRUE,FALSE,0.8640945385040811,0.7680978125434553,5,1,5.5,146.5,Jeff Clark/Clarence Armstrong/Devorn Kinsey,"Philadelphia, PA",The Palestra,8722,1062,NA,NA,Penn,made,George Smith,NA,FALSE,FALSE,Penn,Howard,FALSE
401589364,2023-12-11,Penn,Howard,157,2,16:18,978,978,Foul on George Smith.,home,47,40,7,25,FALSE,TRUE,0.8656936997429974,0.7714864343024836,5,1,5.5,146.5,Jeff Clark/Clarence Armstrong/Devorn Kinsey,"Philadelphia, PA",The Palestra,8722,1062,NA,NA,NA,NA,NA,NA,NA,NA,Howard,Howard,FALSE
401589364,2023-12-11,Penn,Howard,158,2,16:18,978,978,Seth Towns made Free Throw.,away,47,41,6,0,TRUE,FALSE,0.8441702979814631,0.7394103057303877,5,1,5.5,146.5,Jeff Clark/Clarence Armstrong/Devorn Kinsey,"Philadelphia, PA",The Palestra,8722,1062,NA,NA,Howard,made,Seth Towns,NA,FALSE,TRUE,Howard,Howard,FALSE
401589364,2023-12-11,Penn,Howard,159,2,16:18,978,978,Seth Towns made Free Throw.,away,47,42,5,0,TRUE,FALSE,0.8199151672527667,0.704555940589727,5,1,5.5,146.5,Jeff Clark/Clarence Armstrong/Devorn Kinsey,"Philadelphia, PA",The Palestra,8722,1062,NA,NA,Howard,made,Seth Towns,NA,FALSE,TRUE,Howard,Penn,FALSE
401589364,2023-12-11,Penn,Howard,160,2,16:06,966,966,Tyler Perkins made Three Point Jumper. Assisted by Clark Slajchert.,home,50,42,8,12,TRUE,FALSE,0.8855175782623534,0.8024558256122775,5,1,5.5,146.5,Jeff Clark/Clarence Armstrong/Devorn Kinsey,"Philadelphia, PA",The Palestra,8722,1062,NA,NA,Penn,made,Tyler Perkins,Clark Slajchert,TRUE,FALSE,Penn,Howard,FALSE
401589364,2023-12-11,Penn,Howard,161,2,15:42,942,942,Shy Odom missed Jumper.,away,50,42,8,24,FALSE,FALSE,0.8870984511500859,0.8057224257825782,5,1,5.5,146.5,Jeff Clark/Clarence Armstrong/Devorn Kinsey,"Philadelphia, PA",The Palestra,8722,1062,NA,NA,Howard,missed,Shy Odom,NA,FALSE,FALSE,Howard,Penn,FALSE
401589364,2023-12-11,Penn,Howard,162,2,15:39,939,939,Clark Slajchert Defensive Rebound.,home,50,42,8,3,FALSE,FALSE,0.8872798796501857,0.8061007053199463,5,1,5.5,146.5,Jeff Clark/Clarence Armstrong/Devorn Kinsey,"Philadelphia, PA",The Palestra,8722,1062,NA,NA,NA,NA,NA,NA,NA,NA,Howard,Penn,FALSE
401589364,2023-12-11,Penn,Howard,163,2,15:31,931,931,Foul on Marcus Dockery.,away,50,42,8,8,FALSE,TRUE,0.8877492720654439,0.807082469307303,5,1,5.5,146.5,Jeff Clark/Clarence Armstrong/Devorn Kinsey,"Philadelphia, PA",The Palestra,8722,1062,NA,NA,NA,NA,NA,NA,NA,NA,Penn,Penn,FALSE
401589364,2023-12-11,Penn,Howard,164,2,15:31,931,931, Official TV Timeout,NA,50,42,8,0,FALSE,FALSE,0.8877492720654439,0.807082469307303,5,0,5.5,146.5,Jeff Clark/Clarence Armstrong/Devorn Kinsey,"Philadelphia, PA",The Palestra,8722,1062,NA,NA,NA,NA,NA,NA,NA,NA,Penn,Penn,FALSE
401589364,2023-12-11,Penn,Howard,165,2,15:31,931,931,Nick Spinoso made Free Throw.,home,51,42,9,0,TRUE,FALSE,0.9043784520498734,0.8334195002426242,5,0,5.5,146.5,Jeff Clark/Clarence Armstrong/Devorn Kinsey,"Philadelphia, PA",The Palestra,8722,1062,NA,NA,Penn,made,Nick Spinoso,NA,FALSE,TRUE,Penn,Penn,FALSE
401589364,2023-12-11,Penn,Howard,166,2,15:31,931,931,Nick Spinoso missed Free Throw.,home,51,42,9,0,FALSE,FALSE,0.9043784520498734,0.8334195002426242,5,0,5.5,146.5,Jeff Clark/Clarence Armstrong/Devorn Kinsey,"Philadelphia, PA",The Palestra,8722,1062,NA,NA,Penn,missed,Nick Spinoso,NA,FALSE,TRUE,Penn,Howard,FALSE
401589364,2023-12-11,Penn,Howard,167,2,15:30,930,930,Dom Campbell Defensive Rebound.,away,51,42,9,1,FALSE,FALSE,0.9044365242729753,0.8335400237886339,5,0,5.5,146.5,Jeff Clark/Clarence Armstrong/Devorn Kinsey,"Philadelphia, PA",The Palestra,8722,1062,NA,NA,NA,NA,NA,NA,NA,NA,Penn,Howard,FALSE
401589364,2023-12-11,Penn,Howard,168,2,15:21,921,921,Marcus Dockery missed Three Point Jumper.,away,51,42,9,9,FALSE,FALSE,0.9049469094079785,0.8346013556511597,5,0,5.5,146.5,Jeff Clark/Clarence Armstrong/Devorn Kinsey,"Philadelphia, PA",The Palestra,8722,1062,NA,NA,Howard,missed,Marcus Dockery,NA,TRUE,FALSE,Howard,Penn,FALSE
401589364,2023-12-11,Penn,Howard,169,2,15:19,919,919,Tyler Perkins Defensive Rebound.,home,51,42,9,2,FALSE,FALSE,0.9050575914229444,0.8348319652507616,5,0,5.5,146.5,Jeff Clark/Clarence Armstrong/Devorn Kinsey,"Philadelphia, PA",The Palestra,8722,1062,NA,NA,NA,NA,NA,NA,NA,NA,Howard,Penn,FALSE
401589364,2023-12-11,Penn,Howard,170,2,14:55,895,895,Andrew Laczkowski made Layup. Assisted by Nick Spinoso.,home,53,42,11,24,TRUE,FALSE,0.9330171504242302,0.8812196948624563,5,0,5.5,146.5,Jeff Clark/Clarence Armstrong/Devorn Kinsey,"Philadelphia, PA",The Palestra,8722,1062,NA,NA,Penn,made,Andrew Laczkowski,Nick Spinoso,FALSE,FALSE,Penn,Howard,FALSE
401589364,2023-12-11,Penn,Howard,171,2,14:39,879,879,Jordan Hairston made Three Point Jumper. Assisted by Marcus Dockery.,away,53,45,8,16,TRUE,FALSE,0.8904823339489272,0.8128527013631407,5,0,5.5,146.5,Jeff Clark/Clarence Armstrong/Devorn Kinsey,"Philadelphia, PA",The Palestra,8722,1062,NA,NA,Howard,made,Jordan Hairston,Marcus Dockery,TRUE,FALSE,Howard,Penn,FALSE
401589364,2023-12-11,Penn,Howard,172,2,14:18,858,858,Nick Spinoso made Layup. Assisted by Clark Slajchert.,home,55,45,10,21,TRUE,FALSE,0.9225499084234762,0.8646321176330518,5,0,5.5,146.5,Jeff Clark/Clarence Armstrong/Devorn Kinsey,"Philadelphia, PA",The Palestra,8722,1062,NA,NA,Penn,made,Nick Spinoso,Clark Slajchert,FALSE,FALSE,Penn,Howard,FALSE
401589364,2023-12-11,Penn,Howard,173,2,13:58,838,838,Marcus Dockery missed Layup.,away,55,45,10,20,FALSE,FALSE,0.9235952791253553,0.8667711355341406,5,0,5.5,146.5,Jeff Clark/Clarence Armstrong/Devorn Kinsey,"Philadelphia, PA",The Palestra,8722,1062,NA,NA,Howard,missed,Marcus Dockery,NA,FALSE,FALSE,Howard,Penn,FALSE
401589364,2023-12-11,Penn,Howard,174,2,13:58,838,838,Nick Spinoso Block.,home,55,45,10,0,FALSE,FALSE,0.9235952791253553,0.8667711355341406,5,0,5.5,146.5,Jeff Clark/Clarence Armstrong/Devorn Kinsey,"Philadelphia, PA",The Palestra,8722,1062,NA,NA,NA,NA,NA,NA,NA,NA,Howard,Penn,FALSE
401589364,2023-12-11,Penn,Howard,175,2,13:54,834,834,Clark Slajchert Defensive Rebound.,home,55,45,10,4,FALSE,FALSE,0.9238126756684968,0.8672127829766341,5,0,5.5,146.5,Jeff Clark/Clarence Armstrong/Devorn Kinsey,"Philadelphia, PA",The Palestra,8722,1062,NA,NA,NA,NA,NA,NA,NA,NA,Howard,Penn,FALSE
401589364,2023-12-11,Penn,Howard,176,2,13:50,830,830,Nick Spinoso Turnover.,home,55,45,10,4,FALSE,FALSE,0.9240335493439963,0.867660314927075,5,0,5.5,146.5,Jeff Clark/Clarence Armstrong/Devorn Kinsey,"Philadelphia, PA",The Palestra,8722,1062,NA,NA,NA,NA,NA,NA,NA,NA,Penn,Howard,FALSE
401589364,2023-12-11,Penn,Howard,177,2,13:50,830,830,Marcus Dockery Steal.,away,55,45,10,0,FALSE,FALSE,0.9240335493439963,0.867660314927075,5,0,5.5,146.5,Jeff Clark/Clarence Armstrong/Devorn Kinsey,"Philadelphia, PA",The Palestra,8722,1062,NA,NA,NA,NA,NA,NA,NA,NA,Penn,Howard,FALSE
401589364,2023-12-11,Penn,Howard,178,2,13:48,828,828,Dom Campbell Turnover.,away,55,45,10,2,FALSE,FALSE,0.9241453820345594,0.867886453391781,5,0,5.5,146.5,Jeff Clark/Clarence Armstrong/Devorn Kinsey,"Philadelphia, PA",The Palestra,8722,1062,NA,NA,NA,NA,NA,NA,NA,NA,Howard,Penn,FALSE
401589364,2023-12-11,Penn,Howard,179,2,13:29,809,809,Johnnie Walter missed Layup.,home,55,45,10,19,FALSE,FALSE,0.9252616516619492,0.8701270650442795,5,0,5.5,146.5,Jeff Clark/Clarence Armstrong/Devorn Kinsey,"Philadelphia, PA",The Palestra,8722,1062,NA,NA,Penn,missed,Johnnie Walter,NA,FALSE,FALSE,Penn,Howard,FALSE
401589364,2023-12-11,Penn,Howard,180,2,13:25,805,805,Marcus Dockery Defensive Rebound.,away,55,45,10,4,FALSE,FALSE,0.9255107437747402,0.8706230557643391,5,0,5.5,146.5,Jeff Clark/Clarence Armstrong/Devorn Kinsey,"Philadelphia, PA",The Palestra,8722,1062,NA,NA,NA,NA,NA,NA,NA,NA,Penn,Howard,FALSE
401589364,2023-12-11,Penn,Howard,181,2,13:06,786,786,Jordan Hairston missed Jumper.,away,55,45,10,19,FALSE,FALSE,0.9267735351957008,0.8731171118439008,5,0,5.5,146.5,Jeff Clark/Clarence Armstrong/Devorn Kinsey,"Philadelphia, PA",The Palestra,8722,1062,NA,NA,Howard,missed,Jordan Hairston,NA,FALSE,FALSE,Howard,Penn,FALSE
401589364,2023-12-11,Penn,Howard,182,2,13:05,785,785,Pennsylvania Defensive Rebound.,home,55,45,10,1,FALSE,FALSE,0.9268439551148117,0.8732552601724622,5,0,5.5,146.5,Jeff Clark/Clarence Armstrong/Devorn Kinsey,"Philadelphia, PA",The Palestra,8722,1062,NA,NA,NA,NA,NA,NA,NA,NA,Howard,Penn,FALSE
401589364,2023-12-11,Penn,Howard,183,2,12:54,774,774,Clark Slajchert missed Jumper.,home,55,45,10,11,FALSE,FALSE,0.9276472317968065,0.8748248487375327,5,0,5.5,146.5,Jeff Clark/Clarence Armstrong/Devorn Kinsey,"Philadelphia, PA",The Palestra,8722,1062,NA,NA,Penn,missed,Clark Slajchert,NA,FALSE,FALSE,Penn,Penn,FALSE
401589364,2023-12-11,Penn,Howard,184,2,12:52,772,772,Johnnie Walter Offensive Rebound.,home,55,45,10,2,FALSE,FALSE,0.9277991403692059,0.8751204488718265,5,0,5.5,146.5,Jeff Clark/Clarence Armstrong/Devorn Kinsey,"Philadelphia, PA",The Palestra,8722,1062,NA,NA,NA,NA,NA,NA,NA,NA,Penn,Penn,FALSE
401589364,2023-12-11,Penn,Howard,185,2,12:52,772,772,Johnnie Walter missed Layup.,home,55,45,10,0,FALSE,FALSE,0.9277991403692059,0.8751204488718265,5,0,5.5,146.5,Jeff Clark/Clarence Armstrong/Devorn Kinsey,"Philadelphia, PA",The Palestra,8722,1062,NA,NA,Penn,missed,Johnnie Walter,NA,FALSE,FALSE,Penn,Penn,FALSE
401589364,2023-12-11,Penn,Howard,186,2,12:51,771,771,Pennsylvania Offensive Rebound.,home,55,45,10,1,FALSE,FALSE,0.9278757945639844,0.8752694708251008,5,0,5.5,146.5,Jeff Clark/Clarence Armstrong/Devorn Kinsey,"Philadelphia, PA",The Palestra,8722,1062,NA,NA,NA,NA,NA,NA,NA,NA,Penn,Penn,FALSE
401589364,2023-12-11,Penn,Howard,187,2,12:47,767,767,Reese McMullen made Layup. Assisted by Clark Slajchert.,home,57,45,12,4,TRUE,FALSE,0.9502613493019109,0.9125126971516336,5,0,5.5,146.5,Jeff Clark/Clarence Armstrong/Devorn Kinsey,"Philadelphia, PA",The Palestra,8722,1062,NA,NA,Penn,made,Reese McMullen,Clark Slajchert,FALSE,FALSE,Penn,Howard,FALSE
401589364,2023-12-11,Penn,Howard,188,2,12:21,741,741,Jelani Williams made Jumper.,away,57,47,10,26,TRUE,FALSE,0.9304082866307061,0.8801470689526714,5,0,5.5,146.5,Jeff Clark/Clarence Armstrong/Devorn Kinsey,"Philadelphia, PA",The Palestra,8722,1062,NA,NA,Howard,made,Jelani Williams,NA,FALSE,FALSE,Howard,Penn,FALSE
401589364,2023-12-11,Penn,Howard,189,2,11:57,717,717,Tyler Perkins missed Layup.,home,57,47,10,24,FALSE,FALSE,0.9326618002043525,0.8844469642399398,5,0,5.5,146.5,Jeff Clark/Clarence Armstrong/Devorn Kinsey,"Philadelphia, PA",The Palestra,8722,1062,NA,NA,Penn,missed,Tyler Perkins,NA,FALSE,FALSE,Penn,Penn,FALSE
401589364,2023-12-11,Penn,Howard,190,2,11:54,714,714,Tyler Perkins Offensive Rebound.,home,57,47,10,3,FALSE,FALSE,0.9329191688978645,0.884941898117946,5,0,5.5,146.5,Jeff Clark/Clarence Armstrong/Devorn Kinsey,"Philadelphia, PA",The Palestra,8722,1062,NA,NA,NA,NA,NA,NA,NA,NA,Penn,Penn,FALSE
401589364,2023-12-11,Penn,Howard,191,2,11:53,713,713,Tyler Perkins Turnover.,home,57,47,10,1,FALSE,FALSE,0.9330034443646293,0.8851042242476843,5,0,5.5,146.5,Jeff Clark/Clarence Armstrong/Devorn Kinsey,"Philadelphia, PA",The Palestra,8722,1062,NA,NA,NA,NA,NA,NA,NA,NA,Penn,Howard,FALSE
401589364,2023-12-11,Penn,Howard,192,2,11:53,713,713,Marcus Dockery Steal.,away,57,47,10,0,FALSE,FALSE,0.9330034443646293,0.8851042242476843,5,0,5.5,146.5,Jeff Clark/Clarence Armstrong/Devorn Kinsey,"Philadelphia, PA",The Palestra,8722,1062,NA,NA,NA,NA,NA,NA,NA,NA,Penn,Howard,FALSE
401589364,2023-12-11,Penn,Howard,193,2,11:49,709,709,Foul on Johnnie Walter.,home,57,47,10,4,FALSE,TRUE,0.9333333840625523,0.8857409786486586,5,0,5.5,146.5,Jeff Clark/Clarence Armstrong/Devorn Kinsey,"Philadelphia, PA",The Palestra,8722,1062,NA,NA,NA,NA,NA,NA,NA,NA,Howard,Howard,FALSE
401589364,2023-12-11,Penn,Howard,194,2,11:49,709,709, Official TV Timeout,NA,57,47,10,0,FALSE,FALSE,0.9333333840625523,0.8857409786486586,5,-1,5.5,146.5,Jeff Clark/Clarence Armstrong/Devorn Kinsey,"Philadelphia, PA",The Palestra,8722,1062,NA,NA,NA,NA,NA,NA,NA,NA,Howard,Howard,FALSE
401589364,2023-12-11,Penn,Howard,195,2,11:49,709,709,Bryce Harris made Free Throw.,away,57,48,9,0,TRUE,FALSE,0.9194029532765061,0.863322114385309,5,-1,5.5,146.5,Jeff Clark/Clarence Armstrong/Devorn Kinsey,"Philadelphia, PA",The Palestra,8722,1062,NA,NA,Howard,made,Bryce Harris,NA,FALSE,TRUE,Howard,Howard,FALSE
401589364,2023-12-11,Penn,Howard,196,2,11:49,709,709,Bryce Harris made Free Throw.,away,57,49,8,0,TRUE,FALSE,0.9028646100603963,0.8373123748351008,5,-1,5.5,146.5,Jeff Clark/Clarence Armstrong/Devorn Kinsey,"Philadelphia, PA",The Palestra,8722,1062,NA,NA,Howard,made,Bryce Harris,NA,FALSE,TRUE,Howard,Penn,FALSE
401589364,2023-12-11,Penn,Howard,197,2,11:33,693,693,Andrew Laczkowski made Layup. Assisted by Nick Spinoso.,home,59,49,10,16,TRUE,FALSE,0.9345551828314829,0.8881160654256359,5,-1,5.5,146.5,Jeff Clark/Clarence Armstrong/Devorn Kinsey,"Philadelphia, PA",The Palestra,8722,1062,NA,NA,Penn,made,Andrew Laczkowski,Nick Spinoso,FALSE,FALSE,Penn,Howard,FALSE
401589364,2023-12-11,Penn,Howard,198,2,11:13,673,673,Bryce Harris missed Three Point Jumper.,away,59,49,10,20,FALSE,FALSE,0.9359300128832382,0.890815905393797,5,-1,5.5,146.5,Jeff Clark/Clarence Armstrong/Devorn Kinsey,"Philadelphia, PA",The Palestra,8722,1062,NA,NA,Howard,missed,Bryce Harris,NA,TRUE,FALSE,Howard,Penn,FALSE
401589364,2023-12-11,Penn,Howard,199,2,11:10,670,670,Sam Brown Defensive Rebound.,home,59,49,10,3,FALSE,FALSE,0.9361276969654352,0.8912055892353538,5,-1,5.5,146.5,Jeff Clark/Clarence Armstrong/Devorn Kinsey,"Philadelphia, PA",The Palestra,8722,1062,NA,NA,NA,NA,NA,NA,NA,NA,Howard,Penn,FALSE
401589364,2023-12-11,Penn,Howard,200,2,11:05,665,665,Sam Brown missed Three Point Jumper.,home,59,49,10,5,FALSE,FALSE,0.9364546350478724,0.8918503614284183,5,-1,5.5,146.5,Jeff Clark/Clarence Armstrong/Devorn Kinsey,"Philadelphia, PA",The Palestra,8722,1062,NA,NA,Penn,missed,Sam Brown,NA,TRUE,FALSE,Penn,Howard,FALSE
401589364,2023-12-11,Penn,Howard,201,2,11:03,663,663,Seth Towns Defensive Rebound.,away,59,49,10,2,FALSE,FALSE,0.9365848162431691,0.8921071294849813,5,-1,5.5,146.5,Jeff Clark/Clarence Armstrong/Devorn Kinsey,"Philadelphia, PA",The Palestra,8722,1062,NA,NA,NA,NA,NA,NA,NA,NA,Penn,Howard,FALSE
401589364,2023-12-11,Penn,Howard,202,2,10:48,648,648,Jelani Williams made Jumper.,away,59,51,8,15,TRUE,FALSE,0.9074244718831393,0.8463273973138004,5,-1,5.5,146.5,Jeff Clark/Clarence Armstrong/Devorn Kinsey,"Philadelphia, PA",The Palestra,8722,1062,NA,NA,Howard,made,Jelani Williams,NA,FALSE,FALSE,Howard,Penn,FALSE
401589364,2023-12-11,Penn,Howard,203,2,10:38,638,638,Nick Spinoso made Layup. Assisted by Reese McMullen.,home,61,51,10,10,TRUE,FALSE,0.9382272074563219,0.8953367616764778,5,-1,5.5,146.5,Jeff Clark/Clarence Armstrong/Devorn Kinsey,"Philadelphia, PA",The Palestra,8722,1062,NA,NA,Penn,made,Nick Spinoso,Reese McMullen,FALSE,FALSE,Penn,Howard,FALSE
401589364,2023-12-11,Penn,Howard,204,2,10:13,613,613,Seth Towns made Three Point Jumper. Assisted by Jelani Williams.,away,61,54,7,25,TRUE,FALSE,0.8905803430307891,0.821843829043709,5,-1,5.5,146.5,Jeff Clark/Clarence Armstrong/Devorn Kinsey,"Philadelphia, PA",The Palestra,8722,1062,NA,NA,Howard,made,Seth Towns,Jelani Williams,TRUE,FALSE,Howard,Penn,FALSE
401589364,2023-12-11,Penn,Howard,205,2,9:55,595,595,Sam Brown made Layup. Assisted by Andrew Laczkowski.,home,63,54,9,18,TRUE,FALSE,0.9280360207465843,0.8801568108168649,5,-1,5.5,146.5,Jeff Clark/Clarence Armstrong/Devorn Kinsey,"Philadelphia, PA",The Palestra,8722,1062,NA,NA,Penn,made,Sam Brown,Andrew Laczkowski,FALSE,FALSE,Penn,Howard,FALSE
401589364,2023-12-11,Penn,Howard,206,2,9:53,593,593,Howard  Timeout,away,63,54,9,2,FALSE,FALSE,0.9282252295453797,0.8805137774702299,4,-1,5.5,146.5,Jeff Clark/Clarence Armstrong/Devorn Kinsey,"Philadelphia, PA",The Palestra,8722,1062,NA,NA,NA,NA,NA,NA,NA,NA,Howard,Howard,FALSE
401589364,2023-12-11,Penn,Howard,207,2,9:53,593,593, Official TV Timeout,NA,63,54,9,0,FALSE,FALSE,0.9282252295453797,0.8805137774702299,4,-2,5.5,146.5,Jeff Clark/Clarence Armstrong/Devorn Kinsey,"Philadelphia, PA",The Palestra,8722,1062,NA,NA,NA,NA,NA,NA,NA,NA,Howard,Howard,FALSE
401589364,2023-12-11,Penn,Howard,208,2,9:32,572,572,Seth Towns made Layup.,away,63,56,7,21,TRUE,FALSE,0.8947698541534204,0.8297756122783092,4,-2,5.5,146.5,Jeff Clark/Clarence Armstrong/Devorn Kinsey,"Philadelphia, PA",The Palestra,8722,1062,NA,NA,Howard,made,Seth Towns,NA,FALSE,FALSE,Howard,Penn,FALSE
401589364,2023-12-11,Penn,Howard,209,2,9:05,545,545,Sam Brown missed Three Point Jumper.,home,63,56,7,27,FALSE,FALSE,0.8984465197119191,0.8364837856577577,4,-2,5.5,146.5,Jeff Clark/Clarence Armstrong/Devorn Kinsey,"Philadelphia, PA",The Palestra,8722,1062,NA,NA,Penn,missed,Sam Brown,NA,TRUE,FALSE,Penn,Penn,FALSE
401589364,2023-12-11,Penn,Howard,210,2,9:03,543,543,Sam Brown Offensive Rebound.,home,63,56,7,2,FALSE,FALSE,0.8987170715164046,0.8369779905242236,4,-2,5.5,146.5,Jeff Clark/Clarence Armstrong/Devorn Kinsey,"Philadelphia, PA",The Palestra,8722,1062,NA,NA,NA,NA,NA,NA,NA,NA,Penn,Penn,FALSE
401589364,2023-12-11,Penn,Howard,211,2,8:59,539,539,Tyler Perkins missed Three Point Jumper.,home,63,56,7,4,FALSE,FALSE,0.8992352156651285,0.8379294827686077,4,-2,5.5,146.5,Jeff Clark/Clarence Armstrong/Devorn Kinsey,"Philadelphia, PA",The Palestra,8722,1062,NA,NA,Penn,missed,Tyler Perkins,NA,TRUE,FALSE,Penn,Howard,FALSE
401589364,2023-12-11,Penn,Howard,212,2,8:57,537,537,Seth Towns Defensive Rebound.,away,63,56,7,2,FALSE,FALSE,0.8994836495544825,0.8383881178768556,4,-2,5.5,146.5,Jeff Clark/Clarence Armstrong/Devorn Kinsey,"Philadelphia, PA",The Palestra,8722,1062,NA,NA,NA,NA,NA,NA,NA,NA,Penn,Howard,FALSE
401589364,2023-12-11,Penn,Howard,213,2,8:51,531,531,Bryce Harris Turnover.,away,63,56,7,6,FALSE,FALSE,0.9001913526162117,0.8397035151614751,4,-2,5.5,146.5,Jeff Clark/Clarence Armstrong/Devorn Kinsey,"Philadelphia, PA",The Palestra,8722,1062,NA,NA,NA,NA,NA,NA,NA,NA,Howard,Penn,FALSE
401589364,2023-12-11,Penn,Howard,214,2,8:27,507,507,Clark Slajchert missed Three Point Jumper.,home,63,56,7,24,FALSE,FALSE,0.9026481606888676,0.8443616553811705,4,-2,5.5,146.5,Jeff Clark/Clarence Armstrong/Devorn Kinsey,"Philadelphia, PA",The Palestra,8722,1062,NA,NA,Penn,missed,Clark Slajchert,NA,TRUE,FALSE,Penn,Howard,FALSE
401589364,2023-12-11,Penn,Howard,215,2,8:27,507,507,Jelani Williams Defensive Rebound.,away,63,56,7,0,FALSE,FALSE,0.9026481606888676,0.8443616553811705,4,-2,5.5,146.5,Jeff Clark/Clarence Armstrong/Devorn Kinsey,"Philadelphia, PA",The Palestra,8722,1062,NA,NA,NA,NA,NA,NA,NA,NA,Penn,Howard,FALSE
401589364,2023-12-11,Penn,Howard,216,2,8:26,506,506,Foul on George Smith.,home,63,56,7,1,FALSE,TRUE,0.9027437161297465,0.8445446649065742,4,-2,5.5,146.5,Jeff Clark/Clarence Armstrong/Devorn Kinsey,"Philadelphia, PA",The Palestra,8722,1062,NA,NA,NA,NA,NA,NA,NA,NA,Howard,Howard,FALSE
401589364,2023-12-11,Penn,Howard,217,2,8:12,492,492,Jelani Williams missed Three Point Jumper.,away,63,56,7,14,FALSE,FALSE,0.9040868504837515,0.8471134970720339,4,-2,5.5,146.5,Jeff Clark/Clarence Armstrong/Devorn Kinsey,"Philadelphia, PA",The Palestra,8722,1062,NA,NA,Howard,missed,Jelani Williams,NA,TRUE,FALSE,Howard,Howard,FALSE
401589364,2023-12-11,Penn,Howard,218,2,8:07,487,487,Shy Odom Offensive Rebound.,away,63,56,7,5,FALSE,FALSE,0.9045829193329237,0.8480561336597005,4,-2,5.5,146.5,Jeff Clark/Clarence Armstrong/Devorn Kinsey,"Philadelphia, PA",The Palestra,8722,1062,NA,NA,NA,NA,NA,NA,NA,NA,Howard,Howard,FALSE
401589364,2023-12-11,Penn,Howard,219,2,7:59,479,479,Foul on Shy Odom.,away,63,56,7,8,FALSE,TRUE,0.9054146342531105,0.8496237419199285,4,-2,5.5,146.5,Jeff Clark/Clarence Armstrong/Devorn Kinsey,"Philadelphia, PA",The Palestra,8722,1062,NA,NA,NA,NA,NA,NA,NA,NA,Penn,Penn,FALSE
401589364,2023-12-11,Penn,Howard,220,2,7:59,479,479,Shy Odom Turnover.,away,63,56,7,0,FALSE,FALSE,0.9054146342531105,0.8496237419199285,4,-2,5.5,146.5,Jeff Clark/Clarence Armstrong/Devorn Kinsey,"Philadelphia, PA",The Palestra,8722,1062,NA,NA,NA,NA,NA,NA,NA,NA,Penn,Penn,FALSE
401589364,2023-12-11,Penn,Howard,221,2,7:59,479,479, Official TV Timeout,NA,63,56,7,0,FALSE,FALSE,0.9054146342531105,0.8496237419199285,4,-3,5.5,146.5,Jeff Clark/Clarence Armstrong/Devorn Kinsey,"Philadelphia, PA",The Palestra,8722,1062,NA,NA,NA,NA,NA,NA,NA,NA,Penn,Penn,FALSE
401589364,2023-12-11,Penn,Howard,222,2,7:46,466,466,Sam Brown made Three Point Jumper. Assisted by Reese McMullen.,home,66,56,10,13,TRUE,FALSE,0.9538259375949313,0.924499429783537,4,-3,5.5,146.5,Jeff Clark/Clarence Armstrong/Devorn Kinsey,"Philadelphia, PA",The Palestra,8722,1062,NA,NA,Penn,made,Sam Brown,Reese McMullen,TRUE,FALSE,Penn,Howard,FALSE
401589364,2023-12-11,Penn,Howard,223,2,7:25,445,445,Shy Odom missed Layup.,away,66,56,10,21,FALSE,FALSE,0.9561785368112496,0.9287314855052601,4,-3,5.5,146.5,Jeff Clark/Clarence Armstrong/Devorn Kinsey,"Philadelphia, PA",The Palestra,8722,1062,NA,NA,Howard,missed,Shy Odom,NA,FALSE,FALSE,Howard,Penn,FALSE
401589364,2023-12-11,Penn,Howard,224,2,7:25,445,445,Pennsylvania Defensive Rebound.,home,66,56,10,0,FALSE,FALSE,0.9561785368112496,0.9287314855052601,4,-3,5.5,146.5,Jeff Clark/Clarence Armstrong/Devorn Kinsey,"Philadelphia, PA",The Palestra,8722,1062,NA,NA,NA,NA,NA,NA,NA,NA,Howard,Penn,FALSE
401589364,2023-12-11,Penn,Howard,225,2,7:25,445,445,Foul on Dom Campbell.,away,66,56,10,0,FALSE,TRUE,0.9561785368112496,0.9287314855052601,4,-3,5.5,146.5,Jeff Clark/Clarence Armstrong/Devorn Kinsey,"Philadelphia, PA",The Palestra,8722,1062,NA,NA,NA,NA,NA,NA,NA,NA,Penn,Penn,FALSE
401589364,2023-12-11,Penn,Howard,226,2,6:58,418,418,Nick Spinoso missed Layup.,home,66,56,10,27,FALSE,FALSE,0.9599488716349595,0.9353715704208507,4,-3,5.5,146.5,Jeff Clark/Clarence Armstrong/Devorn Kinsey,"Philadelphia, PA",The Palestra,8722,1062,NA,NA,Penn,missed,Nick Spinoso,NA,FALSE,FALSE,Penn,Howard,FALSE
401589364,2023-12-11,Penn,Howard,227,2,6:56,416,416,Shy Odom Defensive Rebound.,away,66,56,10,2,FALSE,FALSE,0.9602100396408517,0.9358344781485618,4,-3,5.5,146.5,Jeff Clark/Clarence Armstrong/Devorn Kinsey,"Philadelphia, PA",The Palestra,8722,1062,NA,NA,NA,NA,NA,NA,NA,NA,Penn,Howard,FALSE
401589364,2023-12-11,Penn,Howard,228,2,6:42,402,402,Dom Campbell made Layup.,away,66,58,8,14,TRUE,FALSE,0.9360119177392601,0.8989503289713878,4,-3,5.5,146.5,Jeff Clark/Clarence Armstrong/Devorn Kinsey,"Philadelphia, PA",The Palestra,8722,1062,NA,NA,Howard,made,Dom Campbell,NA,FALSE,FALSE,Howard,Penn,FALSE
401589364,2023-12-11,Penn,Howard,229,2,6:42,402,402,Foul on Nick Spinoso.,home,66,58,8,0,FALSE,TRUE,0.9360119177392601,0.8989503289713878,4,-3,5.5,146.5,Jeff Clark/Clarence Armstrong/Devorn Kinsey,"Philadelphia, PA",The Palestra,8722,1062,NA,NA,NA,NA,NA,NA,NA,NA,Howard,Penn,FALSE
401589364,2023-12-11,Penn,Howard,230,2,6:42,402,402,Dom Campbell missed Free Throw.,away,66,58,8,0,FALSE,FALSE,0.9360119177392601,0.8989503289713878,4,-3,5.5,146.5,Jeff Clark/Clarence Armstrong/Devorn Kinsey,"Philadelphia, PA",The Palestra,8722,1062,NA,NA,Howard,missed,Dom Campbell,NA,FALSE,TRUE,Howard,Penn,FALSE
401589364,2023-12-11,Penn,Howard,231,2,6:39,399,399,Tyler Perkins Defensive Rebound.,home,66,58,8,3,FALSE,FALSE,0.9364513042848798,0.8997411803164883,4,-3,5.5,146.5,Jeff Clark/Clarence Armstrong/Devorn Kinsey,"Philadelphia, PA",The Palestra,8722,1062,NA,NA,NA,NA,NA,NA,NA,NA,Howard,Penn,FALSE
401589364,2023-12-11,Penn,Howard,232,2,6:29,389,389,Foul on Jelani Williams.,away,66,58,8,10,FALSE,TRUE,0.9378900250136857,0.9023375826496782,4,-3,5.5,146.5,Jeff Clark/Clarence Armstrong/Devorn Kinsey,"Philadelphia, PA",The Palestra,8722,1062,NA,NA,NA,NA,NA,NA,NA,NA,Penn,Penn,FALSE
401589364,2023-12-11,Penn,Howard,233,2,6:29,389,389,Nick Spinoso made Free Throw.,home,67,58,9,0,TRUE,FALSE,0.9522414301476431,0.924240319099302,4,-3,5.5,146.5,Jeff Clark/Clarence Armstrong/Devorn Kinsey,"Philadelphia, PA",The Palestra,8722,1062,NA,NA,Penn,made,Nick Spinoso,NA,FALSE,TRUE,Penn,Penn,FALSE
401589364,2023-12-11,Penn,Howard,234,2,6:29,389,389,Nick Spinoso made Free Throw.,home,68,58,10,0,TRUE,FALSE,0.9634061212547578,0.9415491254228885,4,-3,5.5,146.5,Jeff Clark/Clarence Armstrong/Devorn Kinsey,"Philadelphia, PA",The Palestra,8722,1062,NA,NA,Penn,made,Nick Spinoso,NA,FALSE,TRUE,Penn,Howard,FALSE
401589364,2023-12-11,Penn,Howard,235,2,6:08,368,368,Jelani Williams missed Three Point Jumper.,away,68,58,10,21,FALSE,FALSE,0.9657900453943291,0.9458069461052738,4,-3,5.5,146.5,Jeff Clark/Clarence Armstrong/Devorn Kinsey,"Philadelphia, PA",The Palestra,8722,1062,NA,NA,Howard,missed,Jelani Williams,NA,TRUE,FALSE,Howard,Penn,FALSE
401589364,2023-12-11,Penn,Howard,236,2,6:04,364,364,Sam Brown Defensive Rebound.,home,68,58,10,4,FALSE,FALSE,0.966262236207682,0.9466425990515043,4,-3,5.5,146.5,Jeff Clark/Clarence Armstrong/Devorn Kinsey,"Philadelphia, PA",The Palestra,8722,1062,NA,NA,NA,NA,NA,NA,NA,NA,Howard,Penn,FALSE
401589364,2023-12-11,Penn,Howard,237,2,6:02,362,362,Foul on Jelani Williams.,away,68,58,10,2,FALSE,TRUE,0.9665019499115942,0.9470655438806903,4,-3,5.5,146.5,Jeff Clark/Clarence Armstrong/Devorn Kinsey,"Philadelphia, PA",The Palestra,8722,1062,NA,NA,NA,NA,NA,NA,NA,NA,Penn,Penn,FALSE
401589364,2023-12-11,Penn,Howard,238,2,6:02,362,362,Johnnie Walter made Free Throw.,home,69,58,11,0,TRUE,FALSE,0.974682784957394,0.9597956506307551,4,-3,5.5,146.5,Jeff Clark/Clarence Armstrong/Devorn Kinsey,"Philadelphia, PA",The Palestra,8722,1062,NA,NA,Penn,made,Johnnie Walter,NA,FALSE,TRUE,Penn,Penn,FALSE
401589364,2023-12-11,Penn,Howard,239,2,6:02,362,362,Johnnie Walter missed Free Throw.,home,69,58,11,0,FALSE,FALSE,0.974682784957394,0.9597956506307551,4,-3,5.5,146.5,Jeff Clark/Clarence Armstrong/Devorn Kinsey,"Philadelphia, PA",The Palestra,8722,1062,NA,NA,Penn,missed,Johnnie Walter,NA,FALSE,TRUE,Penn,Howard,FALSE
401589364,2023-12-11,Penn,Howard,240,2,6:01,361,361,Bryce Harris Defensive Rebound.,away,69,58,11,1,FALSE,FALSE,0.9747853455623046,0.9599758441343703,4,-3,5.5,146.5,Jeff Clark/Clarence Armstrong/Devorn Kinsey,"Philadelphia, PA",The Palestra,8722,1062,NA,NA,NA,NA,NA,NA,NA,NA,Penn,Howard,FALSE
401589364,2023-12-11,Penn,Howard,241,2,5:50,350,350,Seth Towns made Three Point Jumper. Assisted by Shy Odom.,away,69,61,8,11,TRUE,FALSE,0.9438516647124704,0.9129633206241969,4,-3,5.5,146.5,Jeff Clark/Clarence Armstrong/Devorn Kinsey,"Philadelphia, PA",The Palestra,8722,1062,NA,NA,Howard,made,Seth Towns,Shy Odom,TRUE,FALSE,Howard,Penn,FALSE
401589364,2023-12-11,Penn,Howard,242,2,5:24,324,324,Johnnie Walter Turnover.,home,69,61,8,26,FALSE,FALSE,0.9488797590607997,0.9215635158523319,4,-3,5.5,146.5,Jeff Clark/Clarence Armstrong/Devorn Kinsey,"Philadelphia, PA",The Palestra,8722,1062,NA,NA,NA,NA,NA,NA,NA,NA,Penn,Howard,FALSE
401589364,2023-12-11,Penn,Howard,243,2,5:24,324,324,Seth Towns Steal.,away,69,61,8,0,FALSE,FALSE,0.9488797590607997,0.9215635158523319,4,-3,5.5,146.5,Jeff Clark/Clarence Armstrong/Devorn Kinsey,"Philadelphia, PA",The Palestra,8722,1062,NA,NA,NA,NA,NA,NA,NA,NA,Penn,Howard,FALSE
401589364,2023-12-11,Penn,Howard,244,2,5:19,319,319,Seth Towns Turnover.,away,69,61,8,5,FALSE,FALSE,0.9499867496545031,0.923416225629165,4,-3,5.5,146.5,Jeff Clark/Clarence Armstrong/Devorn Kinsey,"Philadelphia, PA",The Palestra,8722,1062,NA,NA,NA,NA,NA,NA,NA,NA,Howard,Penn,FALSE
401589364,2023-12-11,Penn,Howard,245,2,4:56,296,296,Foul on Jelani Williams.,away,69,61,8,23,FALSE,TRUE,0.9540623278297706,0.9303660967986107,4,-3,5.5,146.5,Jeff Clark/Clarence Armstrong/Devorn Kinsey,"Philadelphia, PA",The Palestra,8722,1062,NA,NA,NA,NA,NA,NA,NA,NA,Penn,Penn,FALSE
401589364,2023-12-11,Penn,Howard,246,2,4:51,291,291,Foul on Shy Odom.,away,69,61,8,5,FALSE,TRUE,0.954186659648392,0.9307355154705877,4,-3,5.5,146.5,Jeff Clark/Clarence Armstrong/Devorn Kinsey,"Philadelphia, PA",The Palestra,8722,1062,NA,NA,NA,NA,NA,NA,NA,NA,Penn,Penn,FALSE
401589364,2023-12-11,Penn,Howard,247,2,4:51,291,291,Nick Spinoso made Free Throw.,home,70,61,9,0,TRUE,FALSE,0.9664644792354412,0.9489619961274673,4,-3,5.5,146.5,Jeff Clark/Clarence Armstrong/Devorn Kinsey,"Philadelphia, PA",The Palestra,8722,1062,NA,NA,Penn,made,Nick Spinoso,NA,FALSE,TRUE,Penn,Penn,FALSE
401589364,2023-12-11,Penn,Howard,248,2,4:51,291,291,Nick Spinoso made Free Throw.,home,71,61,10,0,TRUE,FALSE,0.9755362456058569,0.9625851044440891,4,-3,5.5,146.5,Jeff Clark/Clarence Armstrong/Devorn Kinsey,"Philadelphia, PA",The Palestra,8722,1062,NA,NA,Penn,made,Nick Spinoso,NA,FALSE,TRUE,Penn,Howard,FALSE
401589364,2023-12-11,Penn,Howard,249,2,4:40,280,280,Jelani Williams missed Jumper.,away,71,61,10,11,FALSE,FALSE,0.9752417304980793,0.9623701377799257,4,-3,5.5,146.5,Jeff Clark/Clarence Armstrong/Devorn Kinsey,"Philadelphia, PA",The Palestra,8722,1062,NA,NA,Howard,missed,Jelani Williams,NA,FALSE,FALSE,Howard,Penn,FALSE
401589364,2023-12-11,Penn,Howard,250,2,4:37,277,277,Tyler Perkins Defensive Rebound.,home,71,61,10,3,FALSE,FALSE,0.9750648535641933,0.962167760309065,4,-3,5.5,146.5,Jeff Clark/Clarence Armstrong/Devorn Kinsey,"Philadelphia, PA",The Palestra,8722,1062,NA,NA,NA,NA,NA,NA,NA,NA,Howard,Penn,FALSE
401589364,2023-12-11,Penn,Howard,251,2,4:25,265,265,Sam Brown made Layup.,home,73,61,12,12,TRUE,FALSE,0.9861837650923346,0.9790563480966907,4,-3,5.5,146.5,Jeff Clark/Clarence Armstrong/Devorn Kinsey,"Philadelphia, PA",The Palestra,8722,1062,NA,NA,Penn,made,Sam Brown,NA,FALSE,FALSE,Penn,Howard,FALSE
401589364,2023-12-11,Penn,Howard,252,2,4:12,252,252,Marcus Dockery missed Layup.,away,73,61,12,13,FALSE,FALSE,0.9854307538490467,0.9780889650698684,4,-3,5.5,146.5,Jeff Clark/Clarence Armstrong/Devorn Kinsey,"Philadelphia, PA",The Palestra,8722,1062,NA,NA,Howard,missed,Marcus Dockery,NA,FALSE,FALSE,Howard,Howard,FALSE
401589364,2023-12-11,Penn,Howard,253,2,4:09,249,249,Bryce Harris Offensive Rebound.,away,73,61,12,3,FALSE,FALSE,0.9852771142328112,0.9778987366983631,4,-3,5.5,146.5,Jeff Clark/Clarence Armstrong/Devorn Kinsey,"Philadelphia, PA",The Palestra,8722,1062,NA,NA,NA,NA,NA,NA,NA,NA,Howard,Howard,FALSE
401589364,2023-12-11,Penn,Howard,254,2,4:08,248,248,Bryce Harris missed Jumper.,away,73,61,12,1,FALSE,FALSE,0.9852295121174475,0.9778409431464941,4,-3,5.5,146.5,Jeff Clark/Clarence Armstrong/Devorn Kinsey,"Philadelphia, PA",The Palestra,8722,1062,NA,NA,Howard,missed,Bryce Harris,NA,FALSE,FALSE,Howard,Penn,FALSE
401589364,2023-12-11,Penn,Howard,255,2,4:05,245,245,Nick Spinoso Defensive Rebound.,home,73,61,12,3,FALSE,FALSE,0.9851000518373579,0.977688089837487,4,-3,5.5,146.5,Jeff Clark/Clarence Armstrong/Devorn Kinsey,"Philadelphia, PA",The Palestra,8722,1062,NA,NA,NA,NA,NA,NA,NA,NA,Howard,Penn,FALSE
401589364,2023-12-11,Penn,Howard,256,2,3:41,221,221,Tyler Perkins missed Three Point Jumper.,home,73,61,12,24,FALSE,FALSE,0.9853149844813076,0.9783344756201257,4,-3,5.5,146.5,Jeff Clark/Clarence Armstrong/Devorn Kinsey,"Philadelphia, PA",The Palestra,8722,1062,NA,NA,Penn,missed,Tyler Perkins,NA,TRUE,FALSE,Penn,Howard,FALSE
401589364,2023-12-11,Penn,Howard,257,2,3:38,218,218,Dom Campbell Defensive Rebound.,away,73,61,12,3,FALSE,FALSE,0.9855587935959558,0.978733721794894,4,-3,5.5,146.5,Jeff Clark/Clarence Armstrong/Devorn Kinsey,"Philadelphia, PA",The Palestra,8722,1062,NA,NA,NA,NA,NA,NA,NA,NA,Penn,Howard,FALSE
401589364,2023-12-11,Penn,Howard,258,2,3:31,211,211,Bryce Harris Turnover.,away,73,61,12,7,FALSE,FALSE,0.9863491250192266,0.9799846543853233,4,-3,5.5,146.5,Jeff Clark/Clarence Armstrong/Devorn Kinsey,"Philadelphia, PA",The Palestra,8722,1062,NA,NA,NA,NA,NA,NA,NA,NA,Howard,Penn,FALSE
401589364,2023-12-11,Penn,Howard,259,2,3:31,211,211, Official TV Timeout,NA,73,61,12,0,FALSE,FALSE,0.9863491250192266,0.9799846543853233,4,-4,5.5,146.5,Jeff Clark/Clarence Armstrong/Devorn Kinsey,"Philadelphia, PA",The Palestra,8722,1062,NA,NA,NA,NA,NA,NA,NA,NA,Howard,Penn,FALSE
401589364,2023-12-11,Penn,Howard,260,2,3:04,184,184,Foul on Seth Towns.,away,73,61,12,27,FALSE,TRUE,0.9916488646996344,0.9879669330765857,4,-4,5.5,146.5,Jeff Clark/Clarence Armstrong/Devorn Kinsey,"Philadelphia, PA",The Palestra,8722,1062,NA,NA,NA,NA,NA,NA,NA,NA,Penn,Penn,FALSE
401589364,2023-12-11,Penn,Howard,261,2,3:04,184,184,Tyler Perkins made Free Throw.,home,74,61,13,0,TRUE,FALSE,0.9942012896405429,0.9916352040213213,4,-4,5.5,146.5,Jeff Clark/Clarence Armstrong/Devorn Kinsey,"Philadelphia, PA",The Palestra,8722,1062,NA,NA,Penn,made,Tyler Perkins,NA,FALSE,TRUE,Penn,Penn,FALSE
401589364,2023-12-11,Penn,Howard,262,2,3:04,184,184,Tyler Perkins missed Free Throw.,home,74,61,13,0,FALSE,FALSE,0.9942012896405429,0.9916352040213213,4,-4,5.5,146.5,Jeff Clark/Clarence Armstrong/Devorn Kinsey,"Philadelphia, PA",The Palestra,8722,1062,NA,NA,Penn,missed,Tyler Perkins,NA,FALSE,TRUE,Penn,Howard,FALSE
401589364,2023-12-11,Penn,Howard,263,2,3:03,183,183,Jelani Williams Defensive Rebound.,away,74,61,13,1,FALSE,FALSE,0.9943520530346307,0.9918585016378755,4,-4,5.5,146.5,Jeff Clark/Clarence Armstrong/Devorn Kinsey,"Philadelphia, PA",The Palestra,8722,1062,NA,NA,NA,NA,NA,NA,NA,NA,Penn,Howard,FALSE
401589364,2023-12-11,Penn,Howard,264,2,2:56,176,176,Jelani Williams made Layup.,away,74,63,11,7,TRUE,FALSE,0.9899452739460607,0.9856134274328495,4,-4,5.5,146.5,Jeff Clark/Clarence Armstrong/Devorn Kinsey,"Philadelphia, PA",The Palestra,8722,1062,NA,NA,Howard,made,Jelani Williams,NA,FALSE,FALSE,Howard,Penn,FALSE
401589364,2023-12-11,Penn,Howard,265,2,2:36,156,156,Foul on Isiah Warfield.,away,74,63,11,20,FALSE,TRUE,0.9937520439782638,0.9911889590563381,4,-4,5.5,146.5,Jeff Clark/Clarence Armstrong/Devorn Kinsey,"Philadelphia, PA",The Palestra,8722,1062,NA,NA,NA,NA,NA,NA,NA,NA,Penn,Penn,FALSE
401589364,2023-12-11,Penn,Howard,266,2,2:36,156,156,Tyler Perkins made Free Throw.,home,75,63,12,0,TRUE,FALSE,0.9959241340565261,0.9942469422520973,4,-4,5.5,146.5,Jeff Clark/Clarence Armstrong/Devorn Kinsey,"Philadelphia, PA",The Palestra,8722,1062,NA,NA,Penn,made,Tyler Perkins,NA,FALSE,TRUE,Penn,Penn,FALSE
401589364,2023-12-11,Penn,Howard,267,2,2:36,156,156,Tyler Perkins made Free Throw.,home,76,63,13,0,TRUE,FALSE,0.997343120017788,0.9962476315384184,4,-4,5.5,146.5,Jeff Clark/Clarence Armstrong/Devorn Kinsey,"Philadelphia, PA",The Palestra,8722,1062,NA,NA,Penn,made,Tyler Perkins,NA,FALSE,TRUE,Penn,Howard,FALSE
401589364,2023-12-11,Penn,Howard,268,2,2:31,151,151,Foul on George Smith.,home,76,63,13,5,FALSE,TRUE,0.9977232155678274,0.9967973397771284,4,-4,5.5,146.5,Jeff Clark/Clarence Armstrong/Devorn Kinsey,"Philadelphia, PA",The Palestra,8722,1062,NA,NA,NA,NA,NA,NA,NA,NA,Howard,Howard,FALSE
401589364,2023-12-11,Penn,Howard,269,2,2:31,151,151,Seth Towns made Free Throw.,away,76,64,12,0,TRUE,FALSE,0.9964636932440247,0.9950281732249863,4,-4,5.5,146.5,Jeff Clark/Clarence Armstrong/Devorn Kinsey,"Philadelphia, PA",The Palestra,8722,1062,NA,NA,Howard,made,Seth Towns,NA,FALSE,TRUE,Howard,Howard,FALSE
401589364,2023-12-11,Penn,Howard,270,2,2:31,151,151,Seth Towns missed Free Throw.,away,76,64,12,0,FALSE,FALSE,0.9964636932440247,0.9950281732249863,4,-4,5.5,146.5,Jeff Clark/Clarence Armstrong/Devorn Kinsey,"Philadelphia, PA",The Palestra,8722,1062,NA,NA,Howard,missed,Seth Towns,NA,FALSE,TRUE,Howard,Penn,FALSE
401589364,2023-12-11,Penn,Howard,271,2,2:30,150,150,Tyler Perkins Defensive Rebound.,home,76,64,12,1,FALSE,FALSE,0.9965651441249429,0.9951746586653291,4,-4,5.5,146.5,Jeff Clark/Clarence Armstrong/Devorn Kinsey,"Philadelphia, PA",The Palestra,8722,1062,NA,NA,NA,NA,NA,NA,NA,NA,Howard,Penn,FALSE
401589364,2023-12-11,Penn,Howard,272,2,2:24,144,144,Foul on Isiah Warfield.,away,76,64,12,6,FALSE,TRUE,0.9971312639105293,0.9959894575172417,4,-4,5.5,146.5,Jeff Clark/Clarence Armstrong/Devorn Kinsey,"Philadelphia, PA",The Palestra,8722,1062,NA,NA,NA,NA,NA,NA,NA,NA,Penn,Penn,FALSE
401589364,2023-12-11,Penn,Howard,273,2,2:24,144,144,Sam Brown made Free Throw.,home,77,64,13,0,TRUE,FALSE,0.9981863134203961,0.9974633666433812,4,-4,5.5,146.5,Jeff Clark/Clarence Armstrong/Devorn Kinsey,"Philadelphia, PA",The Palestra,8722,1062,NA,NA,Penn,made,Sam Brown,NA,FALSE,TRUE,Penn,Penn,FALSE
401589364,2023-12-11,Penn,Howard,274,2,2:24,144,144,Sam Brown made Free Throw.,home,78,64,14,0,TRUE,FALSE,0.9988537880956854,0.9983964734764701,4,-4,5.5,146.5,Jeff Clark/Clarence Armstrong/Devorn Kinsey,"Philadelphia, PA",The Palestra,8722,1062,NA,NA,Penn,made,Sam Brown,NA,FALSE,TRUE,Penn,Howard,FALSE
401589364,2023-12-11,Penn,Howard,275,2,2:16,136,136,Jelani Williams made Layup.,away,78,66,12,8,TRUE,FALSE,0.9977799853120413,0.9969169187214211,4,-4,5.5,146.5,Jeff Clark/Clarence Armstrong/Devorn Kinsey,"Philadelphia, PA",The Palestra,8722,1062,NA,NA,Howard,made,Jelani Williams,NA,FALSE,FALSE,Howard,Penn,FALSE
401589364,2023-12-11,Penn,Howard,276,2,1:46,106,106,Tyler Perkins missed Jumper.,home,78,66,12,30,FALSE,FALSE,0.9993153527209518,0.9990741970084668,4,-4,5.5,146.5,Jeff Clark/Clarence Armstrong/Devorn Kinsey,"Philadelphia, PA",The Palestra,8722,1062,NA,NA,Penn,missed,Tyler Perkins,NA,FALSE,FALSE,Penn,Penn,FALSE
401589364,2023-12-11,Penn,Howard,277,2,1:43,103,103,Tyler Perkins Offensive Rebound.,home,78,66,12,3,FALSE,FALSE,0.9994050050105592,0.9991976948852149,4,-4,5.5,146.5,Jeff Clark/Clarence Armstrong/Devorn Kinsey,"Philadelphia, PA",The Palestra,8722,1062,NA,NA,NA,NA,NA,NA,NA,NA,Penn,Penn,FALSE
401589364,2023-12-11,Penn,Howard,278,2,1:43,103,103,Johnnie Walter missed Layup.,home,78,66,12,0,FALSE,FALSE,0.9994050050105592,0.9991976948852149,4,-4,5.5,146.5,Jeff Clark/Clarence Armstrong/Devorn Kinsey,"Philadelphia, PA",The Palestra,8722,1062,NA,NA,Penn,missed,Johnnie Walter,NA,FALSE,FALSE,Penn,Penn,FALSE
401589364,2023-12-11,Penn,Howard,279,2,1:40,100,100,Johnnie Walter Offensive Rebound.,home,78,66,12,3,FALSE,FALSE,0.9994853807778766,0.9993080507054666,4,-4,5.5,146.5,Jeff Clark/Clarence Armstrong/Devorn Kinsey,"Philadelphia, PA",The Palestra,8722,1062,NA,NA,NA,NA,NA,NA,NA,NA,Penn,Penn,FALSE
401589364,2023-12-11,Penn,Howard,280,2,1:39,99,99,Johnnie Walter missed Jumper.,home,78,66,12,1,FALSE,FALSE,0.9995102167022523,0.9993420744123376,4,-4,5.5,146.5,Jeff Clark/Clarence Armstrong/Devorn Kinsey,"Philadelphia, PA",The Palestra,8722,1062,NA,NA,Penn,missed,Johnnie Walter,NA,FALSE,FALSE,Penn,Howard,FALSE
401589364,2023-12-11,Penn,Howard,281,2,1:37,97,97,Seth Towns Defensive Rebound.,away,78,66,12,2,FALSE,FALSE,0.9995570905500456,0.9994061830127736,4,-4,5.5,146.5,Jeff Clark/Clarence Armstrong/Devorn Kinsey,"Philadelphia, PA",The Palestra,8722,1062,NA,NA,NA,NA,NA,NA,NA,NA,Penn,Howard,FALSE
401589364,2023-12-11,Penn,Howard,282,2,1:28,88,88,Seth Towns missed Three Point Jumper.,away,78,66,12,9,FALSE,FALSE,0.9997231289618608,0.9996320372901862,4,-4,5.5,146.5,Jeff Clark/Clarence Armstrong/Devorn Kinsey,"Philadelphia, PA",The Palestra,8722,1062,NA,NA,Howard,missed,Seth Towns,NA,TRUE,FALSE,Howard,Penn,FALSE
401589364,2023-12-11,Penn,Howard,283,2,1:24,84,84,Pennsylvania Defensive Rebound.,home,78,66,12,4,FALSE,FALSE,0.9997764728619704,0.9997041032118453,4,-4,5.5,146.5,Jeff Clark/Clarence Armstrong/Devorn Kinsey,"Philadelphia, PA",The Palestra,8722,1062,NA,NA,NA,NA,NA,NA,NA,NA,Howard,Penn,FALSE
401589364,2023-12-11,Penn,Howard,284,2,0:53,53,53,Reese McMullen missed Three Point Jumper.,home,78,66,12,31,FALSE,FALSE,0.9999652207328417,0.9999554114631157,4,-4,5.5,146.5,Jeff Clark/Clarence Armstrong/Devorn Kinsey,"Philadelphia, PA",The Palestra,8722,1062,NA,NA,Penn,missed,Reese McMullen,NA,TRUE,FALSE,Penn,Penn,FALSE
401589364,2023-12-11,Penn,Howard,285,2,0:53,53,53,Elijah Williams Block.,away,78,66,12,0,FALSE,FALSE,0.9999652207328417,0.9999554114631157,4,-4,5.5,146.5,Jeff Clark/Clarence Armstrong/Devorn Kinsey,"Philadelphia, PA",The Palestra,8722,1062,NA,NA,NA,NA,NA,NA,NA,NA,Penn,Penn,FALSE
401589364,2023-12-11,Penn,Howard,286,2,0:53,53,53,Pennsylvania  Turnover.,home,78,66,12,0,FALSE,FALSE,0.9999652207328417,0.9999554114631157,4,-4,5.5,146.5,Jeff Clark/Clarence Armstrong/Devorn Kinsey,"Philadelphia, PA",The Palestra,8722,1062,NA,NA,NA,NA,NA,NA,NA,NA,Penn,Howard,FALSE
401589364,2023-12-11,Penn,Howard,287,2,0:52,52,52,Pennsylvania Offensive Rebound.,home,78,66,12,1,FALSE,FALSE,0.999967431517355,0.9999582905176627,4,-4,5.5,146.5,Jeff Clark/Clarence Armstrong/Devorn Kinsey,"Philadelphia, PA",The Palestra,8722,1062,NA,NA,NA,NA,NA,NA,NA,NA,Penn,Penn,FALSE
401589364,2023-12-11,Penn,Howard,288,2,0:28,28,28,Miles Stewart made Jumper.,away,78,68,10,24,TRUE,FALSE,0.9999572803111615,0.99994672192996,4,-4,5.5,146.5,Jeff Clark/Clarence Armstrong/Devorn Kinsey,"Philadelphia, PA",The Palestra,8722,1062,NA,NA,Howard,made,Miles Stewart,NA,FALSE,FALSE,Howard,Penn,FALSE
401589364,2023-12-11,Penn,Howard,289,2,0:00,0,0,End of 2nd half,NA,78,68,10,28,FALSE,FALSE,1,1,4,-4,5.5,146.5,Jeff Clark/Clarence Armstrong/Devorn Kinsey,"Philadelphia, PA",The Palestra,8722,1062,NA,NA,NA,NA,NA,NA,NA,NA,Penn,NA,FALSE
401589364,2023-12-11,Penn,Howard,290,2,0:00,0,0,End of Game,NA,78,68,10,0,FALSE,FALSE,1,1,4,-4,5.5,146.5,Jeff Clark/Clarence Armstrong/Devorn Kinsey,"Philadelphia, PA",The Palestra,8722,1062,NA,NA,NA,NA,NA,NA,NA,NA,Penn,NA,FALSE
