game_id,date,home,away,play_id,half,time_remaining_half,secs_remaining,secs_remaining_absolute,description,action_team,home_score,away_score,score_diff,play_length,scoring_play,foul,win_prob,naive_win_prob,home_time_out_remaining,away_time_out_remaining,home_favored_by,total_line,referees,arena_location,arena,capacity,attendance,shot_x,shot_y,shot_team,shot_outcome,shooter,assist,three_pt,free_throw,possession_before,possession_after,wrong_time
401469680,2023-01-21,Northern Arizona,Eastern Washington,1,1,19:34,2374,2374,Xavier Fuller made Three Point Jumper. Assisted by Nik Mains.,home,0,0,0,0,TRUE,FALSE,0.3273823038927862,0.5,6,6,-4.5,147.5,Chad Shepherd/Jeff Flowers/Michael Kashirsky,"Flagstaff, AZ",J. Lawrence Walkup Skydome,7000,790,NA,NA,Northern Arizona,made,Xavier Fuller,Nik Mains,TRUE,FALSE,Northern Arizona,Eastern Washington,FALSE
401469680,2023-01-21,Northern Arizona,Eastern Washington,2,1,19:13,2353,2353,Foul on Trenton McLaughlin.,home,3,0,3,21,FALSE,TRUE,0.3899343359034687,0.5673112256785492,6,6,-4.5,147.5,Chad Shepherd/Jeff Flowers/Michael Kashirsky,"Flagstaff, AZ",J. Lawrence Walkup Skydome,7000,790,NA,NA,NA,NA,NA,NA,NA,NA,Eastern Washington,Eastern Washington,TRUE
401469680,2023-01-21,Northern Arizona,Eastern Washington,3,1,19:08,2348,2348,Steele Venters made Three Point Jumper. Assisted by Tyreese Davis.,away,3,3,0,5,TRUE,FALSE,0.3278120193482051,0.5,6,6,-4.5,147.5,Chad Shepherd/Jeff Flowers/Michael Kashirsky,"Flagstaff, AZ",J. Lawrence Walkup Skydome,7000,790,NA,NA,Eastern Washington,made,Steele Venters,Tyreese Davis,TRUE,FALSE,Eastern Washington,Northern Arizona,FALSE
401469680,2023-01-21,Northern Arizona,Eastern Washington,4,1,18:58,2338,2338,Foul on Ethan Price.,away,3,3,0,10,FALSE,TRUE,0.32798097430367507,0.5,6,6,-4.5,147.5,Chad Shepherd/Jeff Flowers/Michael Kashirsky,"Flagstaff, AZ",J. Lawrence Walkup Skydome,7000,790,NA,NA,NA,NA,NA,NA,NA,NA,Northern Arizona,Northern Arizona,FALSE
401469680,2023-01-21,Northern Arizona,Eastern Washington,5,1,18:48,2328,2328,Jalen Cone missed Three Point Jumper.,home,3,3,0,10,FALSE,FALSE,0.3281520171924539,0.5,6,6,-4.5,147.5,Chad Shepherd/Jeff Flowers/Michael Kashirsky,"Flagstaff, AZ",J. Lawrence Walkup Skydome,7000,790,NA,NA,Northern Arizona,missed,Jalen Cone,NA,TRUE,FALSE,Northern Arizona,Northern Arizona,FALSE
401469680,2023-01-21,Northern Arizona,Eastern Washington,6,1,18:44,2324,2324,Carson Towt Offensive Rebound.,home,3,3,0,4,FALSE,FALSE,0.3282210253529806,0.5,6,6,-4.5,147.5,Chad Shepherd/Jeff Flowers/Michael Kashirsky,"Flagstaff, AZ",J. Lawrence Walkup Skydome,7000,790,NA,NA,NA,NA,NA,NA,NA,NA,Northern Arizona,Northern Arizona,FALSE
401469680,2023-01-21,Northern Arizona,Eastern Washington,7,1,18:42,2322,2322,Xavier Fuller made Layup. Assisted by Carson Towt.,home,5,3,2,2,TRUE,FALSE,0.36987151754460523,0.5457013472490212,6,6,-4.5,147.5,Chad Shepherd/Jeff Flowers/Michael Kashirsky,"Flagstaff, AZ",J. Lawrence Walkup Skydome,7000,790,NA,NA,Northern Arizona,made,Xavier Fuller,Carson Towt,FALSE,FALSE,Northern Arizona,Eastern Washington,FALSE
401469680,2023-01-21,Northern Arizona,Eastern Washington,8,1,18:34,2314,2314,Steele Venters made Layup. Assisted by Tyreese Davis.,away,5,5,0,8,TRUE,FALSE,0.3283950392480681,0.5,6,6,-4.5,147.5,Chad Shepherd/Jeff Flowers/Michael Kashirsky,"Flagstaff, AZ",J. Lawrence Walkup Skydome,7000,790,NA,NA,Eastern Washington,made,Steele Venters,Tyreese Davis,FALSE,FALSE,Eastern Washington,Northern Arizona,FALSE
401469680,2023-01-21,Northern Arizona,Eastern Washington,9,1,18:18,2298,2298,Xavier Fuller made Jumper.,home,7,5,2,16,TRUE,FALSE,0.3708170255972837,0.546231860846261,6,6,-4.5,147.5,Chad Shepherd/Jeff Flowers/Michael Kashirsky,"Flagstaff, AZ",J. Lawrence Walkup Skydome,7000,790,NA,NA,Northern Arizona,made,Xavier Fuller,NA,FALSE,FALSE,Northern Arizona,Eastern Washington,FALSE
401469680,2023-01-21,Northern Arizona,Eastern Washington,10,1,17:49,2269,2269,Ethan Price made Layup.,away,7,7,0,29,TRUE,FALSE,0.3292052011443251,0.5,6,6,-4.5,147.5,Chad Shepherd/Jeff Flowers/Michael Kashirsky,"Flagstaff, AZ",J. Lawrence Walkup Skydome,7000,790,NA,NA,Eastern Washington,made,Ethan Price,NA,FALSE,FALSE,Eastern Washington,Northern Arizona,FALSE
401469680,2023-01-21,Northern Arizona,Eastern Washington,11,1,17:35,2255,2255,Carson Towt missed Layup.,home,7,7,0,14,FALSE,FALSE,0.32946656828617055,0.5,6,6,-4.5,147.5,Chad Shepherd/Jeff Flowers/Michael Kashirsky,"Flagstaff, AZ",J. Lawrence Walkup Skydome,7000,790,NA,NA,Northern Arizona,missed,Carson Towt,NA,FALSE,FALSE,Northern Arizona,Eastern Washington,FALSE
401469680,2023-01-21,Northern Arizona,Eastern Washington,12,1,17:31,2251,2251,Ethan Price Defensive Rebound.,away,7,7,0,4,FALSE,FALSE,0.32954207850069034,0.5,6,6,-4.5,147.5,Chad Shepherd/Jeff Flowers/Michael Kashirsky,"Flagstaff, AZ",J. Lawrence Walkup Skydome,7000,790,NA,NA,NA,NA,NA,NA,NA,NA,Northern Arizona,Eastern Washington,FALSE
401469680,2023-01-21,Northern Arizona,Eastern Washington,13,1,17:31,2251,2251,Foul on Xavier Fuller.,home,7,7,0,0,FALSE,TRUE,0.32954207850069034,0.5,6,6,-4.5,147.5,Chad Shepherd/Jeff Flowers/Michael Kashirsky,"Flagstaff, AZ",J. Lawrence Walkup Skydome,7000,790,NA,NA,NA,NA,NA,NA,NA,NA,Northern Arizona,Eastern Washington,FALSE
401469680,2023-01-21,Northern Arizona,Eastern Washington,14,1,17:14,2234,2234,Angelo Allegri made Three Point Jumper. Assisted by Tyreese Davis.,away,7,10,-3,17,TRUE,FALSE,0.2697884710942519,0.42876045509782373,6,6,-4.5,147.5,Chad Shepherd/Jeff Flowers/Michael Kashirsky,"Flagstaff, AZ",J. Lawrence Walkup Skydome,7000,790,NA,NA,Eastern Washington,made,Angelo Allegri,Tyreese Davis,TRUE,FALSE,Eastern Washington,Northern Arizona,FALSE
401469680,2023-01-21,Northern Arizona,Eastern Washington,15,1,16:48,2208,2208,Xavier Fuller made Three Point Jumper. Assisted by Jalen Cone.,home,10,10,0,26,TRUE,FALSE,0.33037781463472615,0.5,6,6,-4.5,147.5,Chad Shepherd/Jeff Flowers/Michael Kashirsky,"Flagstaff, AZ",J. Lawrence Walkup Skydome,7000,790,NA,NA,Northern Arizona,made,Xavier Fuller,Jalen Cone,TRUE,FALSE,Northern Arizona,Eastern Washington,FALSE
401469680,2023-01-21,Northern Arizona,Eastern Washington,16,1,16:24,2184,2184,Steele Venters missed Three Point Jumper.,away,10,10,0,24,FALSE,FALSE,0.3308639213324389,0.5,6,6,-4.5,147.5,Chad Shepherd/Jeff Flowers/Michael Kashirsky,"Flagstaff, AZ",J. Lawrence Walkup Skydome,7000,790,NA,NA,Eastern Washington,missed,Steele Venters,NA,TRUE,FALSE,Eastern Washington,Northern Arizona,FALSE
401469680,2023-01-21,Northern Arizona,Eastern Washington,17,1,16:20,2180,2180,Jack Wistrcill Defensive Rebound.,home,10,10,0,4,FALSE,FALSE,0.3309463463627273,0.5,6,6,-4.5,147.5,Chad Shepherd/Jeff Flowers/Michael Kashirsky,"Flagstaff, AZ",J. Lawrence Walkup Skydome,7000,790,NA,NA,NA,NA,NA,NA,NA,NA,Eastern Washington,Northern Arizona,FALSE
401469680,2023-01-21,Northern Arizona,Eastern Washington,18,1,16:09,2169,2169,Carson Towt missed Layup.,home,10,10,0,11,FALSE,FALSE,0.33117511898473134,0.5,6,6,-4.5,147.5,Chad Shepherd/Jeff Flowers/Michael Kashirsky,"Flagstaff, AZ",J. Lawrence Walkup Skydome,7000,790,NA,NA,Northern Arizona,missed,Carson Towt,NA,FALSE,FALSE,Northern Arizona,Eastern Washington,FALSE
401469680,2023-01-21,Northern Arizona,Eastern Washington,19,1,16:06,2166,2166,Tyreese Davis Defensive Rebound.,away,10,10,0,3,FALSE,FALSE,0.33123803906008276,0.5,6,6,-4.5,147.5,Chad Shepherd/Jeff Flowers/Michael Kashirsky,"Flagstaff, AZ",J. Lawrence Walkup Skydome,7000,790,NA,NA,NA,NA,NA,NA,NA,NA,Northern Arizona,Eastern Washington,FALSE
401469680,2023-01-21,Northern Arizona,Eastern Washington,20,1,15:59,2159,2159,Angelo Allegri missed Three Point Jumper.,away,10,10,0,7,FALSE,FALSE,0.331385695774917,0.5,6,6,-4.5,147.5,Chad Shepherd/Jeff Flowers/Michael Kashirsky,"Flagstaff, AZ",J. Lawrence Walkup Skydome,7000,790,NA,NA,Eastern Washington,missed,Angelo Allegri,NA,TRUE,FALSE,Eastern Washington,Eastern Washington,FALSE
401469680,2023-01-21,Northern Arizona,Eastern Washington,21,1,15:55,2155,2155,Casey Jones Offensive Rebound.,away,10,10,0,4,FALSE,FALSE,0.3314705991129004,0.5,6,6,-4.5,147.5,Chad Shepherd/Jeff Flowers/Michael Kashirsky,"Flagstaff, AZ",J. Lawrence Walkup Skydome,7000,790,NA,NA,NA,NA,NA,NA,NA,NA,Eastern Washington,Eastern Washington,FALSE
401469680,2023-01-21,Northern Arizona,Eastern Washington,22,1,15:52,2152,2152,Angelo Allegri missed Layup.,away,10,10,0,3,FALSE,FALSE,0.33153452772362,0.5,6,6,-4.5,147.5,Chad Shepherd/Jeff Flowers/Michael Kashirsky,"Flagstaff, AZ",J. Lawrence Walkup Skydome,7000,790,NA,NA,Eastern Washington,missed,Angelo Allegri,NA,FALSE,FALSE,Eastern Washington,Northern Arizona,FALSE
401469680,2023-01-21,Northern Arizona,Eastern Washington,23,1,15:48,2148,2148,Jack Wistrcill Defensive Rebound.,home,10,10,0,4,FALSE,FALSE,0.3316200997092648,0.5,6,6,-4.5,147.5,Chad Shepherd/Jeff Flowers/Michael Kashirsky,"Flagstaff, AZ",J. Lawrence Walkup Skydome,7000,790,NA,NA,NA,NA,NA,NA,NA,NA,Eastern Washington,Northern Arizona,FALSE
401469680,2023-01-21,Northern Arizona,Eastern Washington,24,1,15:38,2138,2138,Jalen Cone made Three Point Jumper. Assisted by Jack Wistrcill.,home,13,10,3,10,TRUE,FALSE,0.4014121753058795,0.5745182203571922,6,6,-4.5,147.5,Chad Shepherd/Jeff Flowers/Michael Kashirsky,"Flagstaff, AZ",J. Lawrence Walkup Skydome,7000,790,NA,NA,Northern Arizona,made,Jalen Cone,Jack Wistrcill,TRUE,FALSE,Northern Arizona,Eastern Washington,FALSE
401469680,2023-01-21,Northern Arizona,Eastern Washington,25,1,15:22,2122,2122,Foul on Jalen Cone.,home,13,10,3,16,FALSE,TRUE,0.40233709985311455,0.5750731321879385,6,6,-4.5,147.5,Chad Shepherd/Jeff Flowers/Michael Kashirsky,"Flagstaff, AZ",J. Lawrence Walkup Skydome,7000,790,NA,NA,NA,NA,NA,NA,NA,NA,Eastern Washington,Eastern Washington,FALSE
401469680,2023-01-21,Northern Arizona,Eastern Washington,26,1,15:22,2122,2122, Official TV Timeout,NA,13,10,3,0,FALSE,FALSE,0.40233709985311455,0.5750731321879385,6,5,-4.5,147.5,Chad Shepherd/Jeff Flowers/Michael Kashirsky,"Flagstaff, AZ",J. Lawrence Walkup Skydome,7000,790,NA,NA,NA,NA,NA,NA,NA,NA,Eastern Washington,Eastern Washington,FALSE
401469680,2023-01-21,Northern Arizona,Eastern Washington,27,1,15:22,2122,2122,Tyreese Davis made Free Throw.,away,13,11,2,0,TRUE,FALSE,0.3783408047423635,0.5502597124446706,6,5,-4.5,147.5,Chad Shepherd/Jeff Flowers/Michael Kashirsky,"Flagstaff, AZ",J. Lawrence Walkup Skydome,7000,790,NA,NA,Eastern Washington,made,Tyreese Davis,NA,FALSE,TRUE,Eastern Washington,Eastern Washington,FALSE
401469680,2023-01-21,Northern Arizona,Eastern Washington,28,1,15:22,2122,2122,Tyreese Davis made Free Throw.,away,13,12,1,0,TRUE,FALSE,0.35492578002732106,0.5251936579520097,6,5,-4.5,147.5,Chad Shepherd/Jeff Flowers/Michael Kashirsky,"Flagstaff, AZ",J. Lawrence Walkup Skydome,7000,790,NA,NA,Eastern Washington,made,Tyreese Davis,NA,FALSE,TRUE,Eastern Washington,Northern Arizona,FALSE
401469680,2023-01-21,Northern Arizona,Eastern Washington,29,1,14:55,2095,2095,Jalen Cone made Three Point Jumper. Assisted by Liam Lloyd.,home,16,12,4,27,TRUE,FALSE,0.42873743437895745,0.6007501576639572,6,5,-4.5,147.5,Chad Shepherd/Jeff Flowers/Michael Kashirsky,"Flagstaff, AZ",J. Lawrence Walkup Skydome,7000,790,NA,NA,Northern Arizona,made,Jalen Cone,Liam Lloyd,TRUE,FALSE,Northern Arizona,Eastern Washington,FALSE
401469680,2023-01-21,Northern Arizona,Eastern Washington,30,1,14:35,2075,2075,Steele Venters made Three Point Jumper. Assisted by Casey Jones.,away,16,15,1,20,TRUE,FALSE,0.35653788452710483,0.5257550141175334,6,5,-4.5,147.5,Chad Shepherd/Jeff Flowers/Michael Kashirsky,"Flagstaff, AZ",J. Lawrence Walkup Skydome,7000,790,NA,NA,Eastern Washington,made,Steele Venters,Casey Jones,TRUE,FALSE,Eastern Washington,Northern Arizona,FALSE
401469680,2023-01-21,Northern Arizona,Eastern Washington,31,1,14:09,2049,2049,Jalen Cone Turnover.,home,16,15,1,26,FALSE,FALSE,0.35745699400065545,0.5260704981547399,6,5,-4.5,147.5,Chad Shepherd/Jeff Flowers/Michael Kashirsky,"Flagstaff, AZ",J. Lawrence Walkup Skydome,7000,790,NA,NA,NA,NA,NA,NA,NA,NA,Northern Arizona,Eastern Washington,FALSE
401469680,2023-01-21,Northern Arizona,Eastern Washington,32,1,13:50,2030,2030,Cedric Coward made Layup. Assisted by Casey Jones.,away,16,17,-1,19,TRUE,FALSE,0.311296572660009,0.4736965041090256,6,5,-4.5,147.5,Chad Shepherd/Jeff Flowers/Michael Kashirsky,"Flagstaff, AZ",J. Lawrence Walkup Skydome,7000,790,NA,NA,Eastern Washington,made,Cedric Coward,Casey Jones,FALSE,FALSE,Eastern Washington,Northern Arizona,FALSE
401469680,2023-01-21,Northern Arizona,Eastern Washington,33,1,13:33,2013,2013,Jack Wistrcill missed Three Point Jumper.,home,16,17,-1,17,FALSE,FALSE,0.31151351113143755,0.47348616981894553,6,5,-4.5,147.5,Chad Shepherd/Jeff Flowers/Michael Kashirsky,"Flagstaff, AZ",J. Lawrence Walkup Skydome,7000,790,NA,NA,Northern Arizona,missed,Jack Wistrcill,NA,TRUE,FALSE,Northern Arizona,Eastern Washington,FALSE
401469680,2023-01-21,Northern Arizona,Eastern Washington,34,1,13:30,2010,2010,Cedric Coward Defensive Rebound.,away,16,17,-1,3,FALSE,FALSE,0.311552229365522,0.4734488627503662,6,5,-4.5,147.5,Chad Shepherd/Jeff Flowers/Michael Kashirsky,"Flagstaff, AZ",J. Lawrence Walkup Skydome,7000,790,NA,NA,NA,NA,NA,NA,NA,NA,Northern Arizona,Eastern Washington,FALSE
401469680,2023-01-21,Northern Arizona,Eastern Washington,35,1,13:26,2006,2006,Angelo Allegri made Three Point Jumper. Assisted by Cedric Coward.,away,16,20,-4,4,TRUE,FALSE,0.24747136283491156,0.39507765169949255,6,5,-4.5,147.5,Chad Shepherd/Jeff Flowers/Michael Kashirsky,"Flagstaff, AZ",J. Lawrence Walkup Skydome,7000,790,NA,NA,Eastern Washington,made,Angelo Allegri,Cedric Coward,TRUE,FALSE,Eastern Washington,Northern Arizona,FALSE
401469680,2023-01-21,Northern Arizona,Eastern Washington,36,1,13:03,1983,1983,Nik Mains missed Three Point Jumper.,home,16,20,-4,23,FALSE,FALSE,0.24708715326192404,0.3939714828795191,6,5,-4.5,147.5,Chad Shepherd/Jeff Flowers/Michael Kashirsky,"Flagstaff, AZ",J. Lawrence Walkup Skydome,7000,790,NA,NA,Northern Arizona,missed,Nik Mains,NA,TRUE,FALSE,Northern Arizona,Northern Arizona,FALSE
401469680,2023-01-21,Northern Arizona,Eastern Washington,37,1,13:02,1982,1982,Jack Wistrcill Offensive Rebound.,home,16,20,-4,1,FALSE,FALSE,0.2470704126251365,0.39392310017329546,6,5,-4.5,147.5,Chad Shepherd/Jeff Flowers/Michael Kashirsky,"Flagstaff, AZ",J. Lawrence Walkup Skydome,7000,790,NA,NA,NA,NA,NA,NA,NA,NA,Northern Arizona,Northern Arizona,FALSE
401469680,2023-01-21,Northern Arizona,Eastern Washington,38,1,13:02,1982,1982,Foul on Jack Wistrcill.,home,16,20,-4,0,FALSE,TRUE,0.2470704126251365,0.39392310017329546,6,5,-4.5,147.5,Chad Shepherd/Jeff Flowers/Michael Kashirsky,"Flagstaff, AZ",J. Lawrence Walkup Skydome,7000,790,NA,NA,NA,NA,NA,NA,NA,NA,Northern Arizona,Eastern Washington,FALSE
401469680,2023-01-21,Northern Arizona,Eastern Washington,39,1,12:35,1955,1955,Steele Venters missed Three Point Jumper.,away,16,20,-4,27,FALSE,FALSE,0.2466168476087744,0.3926072890841695,6,5,-4.5,147.5,Chad Shepherd/Jeff Flowers/Michael Kashirsky,"Flagstaff, AZ",J. Lawrence Walkup Skydome,7000,790,NA,NA,Eastern Washington,missed,Steele Venters,NA,TRUE,FALSE,Eastern Washington,Northern Arizona,FALSE
401469680,2023-01-21,Northern Arizona,Eastern Washington,40,1,12:32,1952,1952,Northern Arizona Defensive Rebound.,home,16,20,-4,3,FALSE,FALSE,0.24656623324778906,0.39245993117009753,6,5,-4.5,147.5,Chad Shepherd/Jeff Flowers/Michael Kashirsky,"Flagstaff, AZ",J. Lawrence Walkup Skydome,7000,790,NA,NA,NA,NA,NA,NA,NA,NA,Eastern Washington,Northern Arizona,FALSE
401469680,2023-01-21,Northern Arizona,Eastern Washington,41,1,12:15,1935,1935,Liam Lloyd missed Three Point Jumper.,home,16,20,-4,17,FALSE,FALSE,0.2462784134489958,0.3916203714742997,6,5,-4.5,147.5,Chad Shepherd/Jeff Flowers/Michael Kashirsky,"Flagstaff, AZ",J. Lawrence Walkup Skydome,7000,790,NA,NA,Northern Arizona,missed,Liam Lloyd,NA,TRUE,FALSE,Northern Arizona,Eastern Washington,FALSE
401469680,2023-01-21,Northern Arizona,Eastern Washington,42,1,12:12,1932,1932,Steele Venters Defensive Rebound.,away,16,20,-4,3,FALSE,FALSE,0.24622742879330356,0.3914714002747156,6,5,-4.5,147.5,Chad Shepherd/Jeff Flowers/Michael Kashirsky,"Flagstaff, AZ",J. Lawrence Walkup Skydome,7000,790,NA,NA,NA,NA,NA,NA,NA,NA,Northern Arizona,Eastern Washington,FALSE
401469680,2023-01-21,Northern Arizona,Eastern Washington,43,1,11:59,1919,1919,Deon Stroud made Layup. Assisted by Angelo Allegri.,away,16,22,-6,13,TRUE,FALSE,0.20719130475885777,0.33944545247267816,6,5,-4.5,147.5,Chad Shepherd/Jeff Flowers/Michael Kashirsky,"Flagstaff, AZ",J. Lawrence Walkup Skydome,7000,790,NA,NA,Eastern Washington,made,Deon Stroud,Angelo Allegri,FALSE,FALSE,Eastern Washington,Eastern Washington,FALSE
401469680,2023-01-21,Northern Arizona,Eastern Washington,44,1,11:59,1919,1919,Foul on Nik Mains.,home,16,22,-6,0,FALSE,TRUE,0.20719130475885777,0.33944545247267816,6,5,-4.5,147.5,Chad Shepherd/Jeff Flowers/Michael Kashirsky,"Flagstaff, AZ",J. Lawrence Walkup Skydome,7000,790,NA,NA,NA,NA,NA,NA,NA,NA,Eastern Washington,Eastern Washington,FALSE
401469680,2023-01-21,Northern Arizona,Eastern Washington,45,1,11:59,1919,1919, Official TV Timeout,NA,16,22,-6,0,FALSE,FALSE,0.20719130475885777,0.33944545247267816,6,4,-4.5,147.5,Chad Shepherd/Jeff Flowers/Michael Kashirsky,"Flagstaff, AZ",J. Lawrence Walkup Skydome,7000,790,NA,NA,NA,NA,NA,NA,NA,NA,Eastern Washington,Eastern Washington,FALSE
401469680,2023-01-21,Northern Arizona,Eastern Washington,46,1,11:59,1919,1919,Deon Stroud missed Free Throw.,away,16,22,-6,0,FALSE,FALSE,0.20719130475885777,0.33944545247267816,6,4,-4.5,147.5,Chad Shepherd/Jeff Flowers/Michael Kashirsky,"Flagstaff, AZ",J. Lawrence Walkup Skydome,7000,790,NA,NA,Eastern Washington,missed,Deon Stroud,NA,FALSE,TRUE,Eastern Washington,Northern Arizona,FALSE
401469680,2023-01-21,Northern Arizona,Eastern Washington,47,1,11:57,1917,1917,Oakland Fort Defensive Rebound.,home,16,22,-6,2,FALSE,FALSE,0.20712757388719405,0.33930524218318436,6,4,-4.5,147.5,Chad Shepherd/Jeff Flowers/Michael Kashirsky,"Flagstaff, AZ",J. Lawrence Walkup Skydome,7000,790,NA,NA,NA,NA,NA,NA,NA,NA,Eastern Washington,Northern Arizona,FALSE
401469680,2023-01-21,Northern Arizona,Eastern Washington,48,1,11:54,1914,1914,Foul on Deon Stroud.,away,16,22,-6,3,FALSE,TRUE,0.20703220378715717,0.33909504336105645,6,4,-4.5,147.5,Chad Shepherd/Jeff Flowers/Michael Kashirsky,"Flagstaff, AZ",J. Lawrence Walkup Skydome,7000,790,NA,NA,NA,NA,NA,NA,NA,NA,Northern Arizona,Northern Arizona,FALSE
401469680,2023-01-21,Northern Arizona,Eastern Washington,49,1,11:41,1901,1901,Jalen Cone missed Layup.,home,16,22,-6,13,FALSE,FALSE,0.20662184116838955,0.3381855375225989,6,4,-4.5,147.5,Chad Shepherd/Jeff Flowers/Michael Kashirsky,"Flagstaff, AZ",J. Lawrence Walkup Skydome,7000,790,NA,NA,Northern Arizona,missed,Jalen Cone,NA,FALSE,FALSE,Northern Arizona,Eastern Washington,FALSE
401469680,2023-01-21,Northern Arizona,Eastern Washington,50,1,11:38,1898,1898,Cedric Coward Defensive Rebound.,away,16,22,-6,3,FALSE,FALSE,0.20652775750612418,0.33797590090293966,6,4,-4.5,147.5,Chad Shepherd/Jeff Flowers/Michael Kashirsky,"Flagstaff, AZ",J. Lawrence Walkup Skydome,7000,790,NA,NA,NA,NA,NA,NA,NA,NA,Northern Arizona,Eastern Washington,FALSE
401469680,2023-01-21,Northern Arizona,Eastern Washington,51,1,11:32,1892,1892,Steele Venters missed Three Point Jumper.,away,16,22,-6,6,FALSE,FALSE,0.20634021025053098,0.3375568256431417,6,4,-4.5,147.5,Chad Shepherd/Jeff Flowers/Michael Kashirsky,"Flagstaff, AZ",J. Lawrence Walkup Skydome,7000,790,NA,NA,Eastern Washington,missed,Steele Venters,NA,TRUE,FALSE,Eastern Washington,Northern Arizona,FALSE
401469680,2023-01-21,Northern Arizona,Eastern Washington,52,1,11:28,1888,1888,Jack Wistrcill Defensive Rebound.,home,16,22,-6,4,FALSE,FALSE,0.20621560652101015,0.3372775527578739,6,4,-4.5,147.5,Chad Shepherd/Jeff Flowers/Michael Kashirsky,"Flagstaff, AZ",J. Lawrence Walkup Skydome,7000,790,NA,NA,NA,NA,NA,NA,NA,NA,Eastern Washington,Northern Arizona,FALSE
401469680,2023-01-21,Northern Arizona,Eastern Washington,53,1,11:11,1871,1871,Liam Lloyd missed Jumper.,home,16,22,-6,17,FALSE,FALSE,0.20568927594714123,0.33609096445355585,6,4,-4.5,147.5,Chad Shepherd/Jeff Flowers/Michael Kashirsky,"Flagstaff, AZ",J. Lawrence Walkup Skydome,7000,790,NA,NA,Northern Arizona,missed,Liam Lloyd,NA,FALSE,FALSE,Northern Arizona,Eastern Washington,FALSE
401469680,2023-01-21,Northern Arizona,Eastern Washington,54,1,11:11,1871,1871,Dane Erikstrup Block.,away,16,22,-6,0,FALSE,FALSE,0.20568927594714123,0.33609096445355585,6,4,-4.5,147.5,Chad Shepherd/Jeff Flowers/Michael Kashirsky,"Flagstaff, AZ",J. Lawrence Walkup Skydome,7000,790,NA,NA,NA,NA,NA,NA,NA,NA,Northern Arizona,Eastern Washington,FALSE
401469680,2023-01-21,Northern Arizona,Eastern Washington,55,1,11:05,1865,1865,Steele Venters Defensive Rebound.,away,16,22,-6,6,FALSE,FALSE,0.20550453844339314,0.3356720363334159,6,4,-4.5,147.5,Chad Shepherd/Jeff Flowers/Michael Kashirsky,"Flagstaff, AZ",J. Lawrence Walkup Skydome,7000,790,NA,NA,NA,NA,NA,NA,NA,NA,Northern Arizona,Eastern Washington,FALSE
401469680,2023-01-21,Northern Arizona,Eastern Washington,56,1,11:04,1864,1864,Dane Erikstrup made Three Point Jumper. Assisted by Steele Venters.,away,16,25,-9,1,TRUE,FALSE,0.15526301588362193,0.2641650338700599,6,4,-4.5,147.5,Chad Shepherd/Jeff Flowers/Michael Kashirsky,"Flagstaff, AZ",J. Lawrence Walkup Skydome,7000,790,NA,NA,Eastern Washington,made,Dane Erikstrup,Steele Venters,TRUE,FALSE,Eastern Washington,Northern Arizona,FALSE
401469680,2023-01-21,Northern Arizona,Eastern Washington,57,1,11:03,1863,1863,Northern Arizona  Timeout,home,16,25,-9,1,FALSE,FALSE,0.15521778323705104,0.2640737047683046,5,4,-4.5,147.5,Chad Shepherd/Jeff Flowers/Michael Kashirsky,"Flagstaff, AZ",J. Lawrence Walkup Skydome,7000,790,NA,NA,NA,NA,NA,NA,NA,NA,Northern Arizona,Northern Arizona,FALSE
401469680,2023-01-21,Northern Arizona,Eastern Washington,58,1,10:41,1841,1841,Foul on Ellis Magnuson.,away,16,25,-9,22,FALSE,TRUE,0.15422510331844955,0.2620640516082351,5,4,-4.5,147.5,Chad Shepherd/Jeff Flowers/Michael Kashirsky,"Flagstaff, AZ",J. Lawrence Walkup Skydome,7000,790,NA,NA,NA,NA,NA,NA,NA,NA,Northern Arizona,Northern Arizona,FALSE
401469680,2023-01-21,Northern Arizona,Eastern Washington,59,1,10:34,1834,1834,Oakland Fort made Layup.,home,18,25,-7,7,TRUE,FALSE,0.1864167657357414,0.3083626828075173,5,4,-4.5,147.5,Chad Shepherd/Jeff Flowers/Michael Kashirsky,"Flagstaff, AZ",J. Lawrence Walkup Skydome,7000,790,NA,NA,Northern Arizona,made,Oakland Fort,NA,FALSE,FALSE,Northern Arizona,Eastern Washington,FALSE
401469680,2023-01-21,Northern Arizona,Eastern Washington,60,1,10:34,1834,1834,Deon Stroud missed Jumper.,away,18,25,-7,0,FALSE,FALSE,0.1864167657357414,0.3083626828075173,5,4,-4.5,147.5,Chad Shepherd/Jeff Flowers/Michael Kashirsky,"Flagstaff, AZ",J. Lawrence Walkup Skydome,7000,790,NA,NA,Eastern Washington,missed,Deon Stroud,NA,FALSE,FALSE,Eastern Washington,Eastern Washington,FALSE
401469680,2023-01-21,Northern Arizona,Eastern Washington,61,1,10:34,1834,1834,Dane Erikstrup Offensive Rebound.,away,18,25,-7,0,FALSE,FALSE,0.1864167657357414,0.3083626828075173,5,4,-4.5,147.5,Chad Shepherd/Jeff Flowers/Michael Kashirsky,"Flagstaff, AZ",J. Lawrence Walkup Skydome,7000,790,NA,NA,NA,NA,NA,NA,NA,NA,Eastern Washington,Eastern Washington,FALSE
401469680,2023-01-21,Northern Arizona,Eastern Washington,62,1,10:34,1834,1834,Dane Erikstrup Turnover.,away,18,25,-7,0,FALSE,FALSE,0.1864167657357414,0.3083626828075173,5,4,-4.5,147.5,Chad Shepherd/Jeff Flowers/Michael Kashirsky,"Flagstaff, AZ",J. Lawrence Walkup Skydome,7000,790,NA,NA,NA,NA,NA,NA,NA,NA,Eastern Washington,Northern Arizona,FALSE
401469680,2023-01-21,Northern Arizona,Eastern Washington,63,1,10:34,1834,1834,Jalen Cone Steal.,home,18,25,-7,0,FALSE,FALSE,0.1864167657357414,0.3083626828075173,5,4,-4.5,147.5,Chad Shepherd/Jeff Flowers/Michael Kashirsky,"Flagstaff, AZ",J. Lawrence Walkup Skydome,7000,790,NA,NA,NA,NA,NA,NA,NA,NA,Eastern Washington,Northern Arizona,FALSE
401469680,2023-01-21,Northern Arizona,Eastern Washington,64,1,10:29,1829,1829,Foul on Ellis Magnuson.,away,18,25,-7,5,FALSE,TRUE,0.18623434786829643,0.3079694476833575,5,4,-4.5,147.5,Chad Shepherd/Jeff Flowers/Michael Kashirsky,"Flagstaff, AZ",J. Lawrence Walkup Skydome,7000,790,NA,NA,NA,NA,NA,NA,NA,NA,Northern Arizona,Northern Arizona,FALSE
401469680,2023-01-21,Northern Arizona,Eastern Washington,65,1,10:02,1802,1802,Xavier Fuller made Three Point Jumper. Assisted by Carson Towt.,home,21,25,-4,27,TRUE,FALSE,0.24417753218232285,0.3850004323243336,5,4,-4.5,147.5,Chad Shepherd/Jeff Flowers/Michael Kashirsky,"Flagstaff, AZ",J. Lawrence Walkup Skydome,7000,790,NA,NA,Northern Arizona,made,Xavier Fuller,Carson Towt,TRUE,FALSE,Northern Arizona,Eastern Washington,FALSE
401469680,2023-01-21,Northern Arizona,Eastern Washington,66,1,9:40,1780,1780,Tyreese Davis missed Three Point Jumper.,away,21,25,-4,22,FALSE,FALSE,0.24383987531533863,0.38388049553817044,5,4,-4.5,147.5,Chad Shepherd/Jeff Flowers/Michael Kashirsky,"Flagstaff, AZ",J. Lawrence Walkup Skydome,7000,790,NA,NA,Eastern Washington,missed,Tyreese Davis,NA,TRUE,FALSE,Eastern Washington,Eastern Washington,FALSE
401469680,2023-01-21,Northern Arizona,Eastern Washington,67,1,9:34,1774,1774,Ellis Magnuson Offensive Rebound.,away,21,25,-4,6,FALSE,FALSE,0.24374697784653443,0.38357252180454493,5,4,-4.5,147.5,Chad Shepherd/Jeff Flowers/Michael Kashirsky,"Flagstaff, AZ",J. Lawrence Walkup Skydome,7000,790,NA,NA,NA,NA,NA,NA,NA,NA,Eastern Washington,Eastern Washington,FALSE
401469680,2023-01-21,Northern Arizona,Eastern Washington,68,1,9:28,1768,1768,Tyreese Davis missed Three Point Jumper.,away,21,25,-4,6,FALSE,FALSE,0.24365361684574124,0.38326334322682554,5,4,-4.5,147.5,Chad Shepherd/Jeff Flowers/Michael Kashirsky,"Flagstaff, AZ",J. Lawrence Walkup Skydome,7000,790,NA,NA,Eastern Washington,missed,Tyreese Davis,NA,TRUE,FALSE,Eastern Washington,Northern Arizona,FALSE
401469680,2023-01-21,Northern Arizona,Eastern Washington,69,1,9:23,1763,1763,Carson Towt Defensive Rebound.,home,21,25,-4,5,FALSE,FALSE,0.2435754174222758,0.3830047291525958,5,4,-4.5,147.5,Chad Shepherd/Jeff Flowers/Michael Kashirsky,"Flagstaff, AZ",J. Lawrence Walkup Skydome,7000,790,NA,NA,NA,NA,NA,NA,NA,NA,Eastern Washington,Northern Arizona,FALSE
401469680,2023-01-21,Northern Arizona,Eastern Washington,70,1,9:22,1762,1762,Oakland Fort Turnover.,home,21,25,-4,1,FALSE,FALSE,0.24355973063095607,0.3829528975834532,5,4,-4.5,147.5,Chad Shepherd/Jeff Flowers/Michael Kashirsky,"Flagstaff, AZ",J. Lawrence Walkup Skydome,7000,790,NA,NA,NA,NA,NA,NA,NA,NA,Northern Arizona,Eastern Washington,FALSE
401469680,2023-01-21,Northern Arizona,Eastern Washington,71,1,9:22,1762,1762,Deon Stroud Steal.,away,21,25,-4,0,FALSE,FALSE,0.24355973063095607,0.3829528975834532,5,4,-4.5,147.5,Chad Shepherd/Jeff Flowers/Michael Kashirsky,"Flagstaff, AZ",J. Lawrence Walkup Skydome,7000,790,NA,NA,NA,NA,NA,NA,NA,NA,Northern Arizona,Eastern Washington,FALSE
401469680,2023-01-21,Northern Arizona,Eastern Washington,72,1,9:22,1762,1762,Foul on Oakland Fort.,home,21,25,-4,0,FALSE,TRUE,0.24355973063095607,0.3829528975834532,5,4,-4.5,147.5,Chad Shepherd/Jeff Flowers/Michael Kashirsky,"Flagstaff, AZ",J. Lawrence Walkup Skydome,7000,790,NA,NA,NA,NA,NA,NA,NA,NA,Northern Arizona,Eastern Washington,FALSE
401469680,2023-01-21,Northern Arizona,Eastern Washington,73,1,9:22,1762,1762,Deon Stroud missed Free Throw.,away,21,25,-4,0,FALSE,FALSE,0.24355973063095607,0.3829528975834532,5,4,-4.5,147.5,Chad Shepherd/Jeff Flowers/Michael Kashirsky,"Flagstaff, AZ",J. Lawrence Walkup Skydome,7000,790,NA,NA,Eastern Washington,missed,Deon Stroud,NA,FALSE,TRUE,Eastern Washington,Eastern Washington,FALSE
401469680,2023-01-21,Northern Arizona,Eastern Washington,74,1,9:22,1762,1762,Eastern Washington Deadball Team Rebound.,away,21,25,-4,0,FALSE,FALSE,0.24355973063095607,0.3829528975834532,5,4,-4.5,147.5,Chad Shepherd/Jeff Flowers/Michael Kashirsky,"Flagstaff, AZ",J. Lawrence Walkup Skydome,7000,790,NA,NA,NA,NA,NA,NA,NA,NA,Northern Arizona,Eastern Washington,FALSE
401469680,2023-01-21,Northern Arizona,Eastern Washington,75,1,9:22,1762,1762,Deon Stroud made Free Throw.,away,21,26,-5,0,TRUE,FALSE,0.22226427119519296,0.3551925509794285,5,4,-4.5,147.5,Chad Shepherd/Jeff Flowers/Michael Kashirsky,"Flagstaff, AZ",J. Lawrence Walkup Skydome,7000,790,NA,NA,Eastern Washington,made,Deon Stroud,NA,FALSE,TRUE,Eastern Washington,Eastern Washington,FALSE
401469680,2023-01-21,Northern Arizona,Eastern Washington,76,1,9:20,1760,1760,Deon Stroud Turnover.,away,21,26,-5,2,FALSE,FALSE,0.22221581134354743,0.3550668272104158,5,4,-4.5,147.5,Chad Shepherd/Jeff Flowers/Michael Kashirsky,"Flagstaff, AZ",J. Lawrence Walkup Skydome,7000,790,NA,NA,NA,NA,NA,NA,NA,NA,Eastern Washington,Northern Arizona,FALSE
401469680,2023-01-21,Northern Arizona,Eastern Washington,77,1,9:08,1748,1748,Jalen Cone missed Jumper.,home,21,26,-5,12,FALSE,FALSE,0.22192312119830793,0.35430872135255226,5,4,-4.5,147.5,Chad Shepherd/Jeff Flowers/Michael Kashirsky,"Flagstaff, AZ",J. Lawrence Walkup Skydome,7000,790,NA,NA,Northern Arizona,missed,Jalen Cone,NA,FALSE,FALSE,Northern Arizona,Northern Arizona,FALSE
401469680,2023-01-21,Northern Arizona,Eastern Washington,78,1,9:07,1747,1747,Northern Arizona Offensive Rebound.,home,21,26,-5,1,FALSE,FALSE,0.2218985706180872,0.35424524352352316,5,4,-4.5,147.5,Chad Shepherd/Jeff Flowers/Michael Kashirsky,"Flagstaff, AZ",J. Lawrence Walkup Skydome,7000,790,NA,NA,NA,NA,NA,NA,NA,NA,Northern Arizona,Northern Arizona,FALSE
401469680,2023-01-21,Northern Arizona,Eastern Washington,79,1,9:07,1747,1747,Foul on Ethan Price.,away,21,26,-5,0,FALSE,TRUE,0.2218985706180872,0.35424524352352316,5,4,-4.5,147.5,Chad Shepherd/Jeff Flowers/Michael Kashirsky,"Flagstaff, AZ",J. Lawrence Walkup Skydome,7000,790,NA,NA,NA,NA,NA,NA,NA,NA,Northern Arizona,Northern Arizona,FALSE
401469680,2023-01-21,Northern Arizona,Eastern Washington,80,1,9:02,1742,1742,Foul on Deon Stroud.,away,21,26,-5,5,FALSE,TRUE,0.221775420597919,0.3539271258862631,5,4,-4.5,147.5,Chad Shepherd/Jeff Flowers/Michael Kashirsky,"Flagstaff, AZ",J. Lawrence Walkup Skydome,7000,790,NA,NA,NA,NA,NA,NA,NA,NA,Northern Arizona,Northern Arizona,FALSE
401469680,2023-01-21,Northern Arizona,Eastern Washington,81,1,9:02,1742,1742,Xavier Fuller made Free Throw.,home,22,26,-4,0,TRUE,FALSE,0.24324219278098128,0.3819081306706745,5,4,-4.5,147.5,Chad Shepherd/Jeff Flowers/Michael Kashirsky,"Flagstaff, AZ",J. Lawrence Walkup Skydome,7000,790,NA,NA,Northern Arizona,made,Xavier Fuller,NA,FALSE,TRUE,Northern Arizona,Northern Arizona,FALSE
401469680,2023-01-21,Northern Arizona,Eastern Washington,82,1,9:02,1742,1742,Xavier Fuller made Free Throw.,home,23,26,-3,0,TRUE,FALSE,0.2660764127805115,0.41069506443406634,5,4,-4.5,147.5,Chad Shepherd/Jeff Flowers/Michael Kashirsky,"Flagstaff, AZ",J. Lawrence Walkup Skydome,7000,790,NA,NA,Northern Arizona,made,Xavier Fuller,NA,FALSE,TRUE,Northern Arizona,Northern Arizona,FALSE
401469680,2023-01-21,Northern Arizona,Eastern Washington,83,1,9:02,1742,1742,Xavier Fuller made Free Throw.,home,24,26,-2,0,TRUE,FALSE,0.2902320870361037,0.4401068289315109,5,4,-4.5,147.5,Chad Shepherd/Jeff Flowers/Michael Kashirsky,"Flagstaff, AZ",J. Lawrence Walkup Skydome,7000,790,NA,NA,Northern Arizona,made,Xavier Fuller,NA,FALSE,TRUE,Northern Arizona,Eastern Washington,FALSE
401469680,2023-01-21,Northern Arizona,Eastern Washington,84,1,8:44,1724,1724,Steele Venters missed Jumper.,away,24,26,-2,18,FALSE,FALSE,0.29032061573812834,0.43960829471967094,5,4,-4.5,147.5,Chad Shepherd/Jeff Flowers/Michael Kashirsky,"Flagstaff, AZ",J. Lawrence Walkup Skydome,7000,790,NA,NA,Eastern Washington,missed,Steele Venters,NA,FALSE,FALSE,Eastern Washington,Northern Arizona,FALSE
401469680,2023-01-21,Northern Arizona,Eastern Washington,85,1,8:41,1721,1721,Oakland Fort Defensive Rebound.,home,24,26,-2,3,FALSE,FALSE,0.2903351167829513,0.4395244079108935,5,4,-4.5,147.5,Chad Shepherd/Jeff Flowers/Michael Kashirsky,"Flagstaff, AZ",J. Lawrence Walkup Skydome,7000,790,NA,NA,NA,NA,NA,NA,NA,NA,Eastern Washington,Northern Arizona,FALSE
401469680,2023-01-21,Northern Arizona,Eastern Washington,86,1,8:36,1716,1716,Xavier Fuller missed Jumper.,home,24,26,-2,5,FALSE,FALSE,0.29035909060653436,0.43938406363819593,5,4,-4.5,147.5,Chad Shepherd/Jeff Flowers/Michael Kashirsky,"Flagstaff, AZ",J. Lawrence Walkup Skydome,7000,790,NA,NA,Northern Arizona,missed,Xavier Fuller,NA,FALSE,FALSE,Northern Arizona,Eastern Washington,FALSE
401469680,2023-01-21,Northern Arizona,Eastern Washington,87,1,8:33,1713,1713,Casey Jones Defensive Rebound.,away,24,26,-2,3,FALSE,FALSE,0.29037334964887934,0.4392995306210445,5,4,-4.5,147.5,Chad Shepherd/Jeff Flowers/Michael Kashirsky,"Flagstaff, AZ",J. Lawrence Walkup Skydome,7000,790,NA,NA,NA,NA,NA,NA,NA,NA,Northern Arizona,Eastern Washington,FALSE
401469680,2023-01-21,Northern Arizona,Eastern Washington,88,1,8:20,1700,1700,Angelo Allegri missed Three Point Jumper.,away,24,26,-2,13,FALSE,FALSE,0.29043391263220925,0.438930280829957,5,4,-4.5,147.5,Chad Shepherd/Jeff Flowers/Michael Kashirsky,"Flagstaff, AZ",J. Lawrence Walkup Skydome,7000,790,NA,NA,Eastern Washington,missed,Angelo Allegri,NA,TRUE,FALSE,Eastern Washington,Northern Arizona,FALSE
401469680,2023-01-21,Northern Arizona,Eastern Washington,89,1,8:19,1699,1699,Northern Arizona Defensive Rebound.,home,24,26,-2,1,FALSE,FALSE,0.2904384811236073,0.43890167307783334,5,4,-4.5,147.5,Chad Shepherd/Jeff Flowers/Michael Kashirsky,"Flagstaff, AZ",J. Lawrence Walkup Skydome,7000,790,NA,NA,NA,NA,NA,NA,NA,NA,Eastern Washington,Northern Arizona,FALSE
401469680,2023-01-21,Northern Arizona,Eastern Washington,90,1,8:03,1683,1683,Jalen Cone missed Three Point Jumper.,home,24,26,-2,16,FALSE,FALSE,0.29051205847183925,0.43844169014045,5,4,-4.5,147.5,Chad Shepherd/Jeff Flowers/Michael Kashirsky,"Flagstaff, AZ",J. Lawrence Walkup Skydome,7000,790,NA,NA,Northern Arizona,missed,Jalen Cone,NA,TRUE,FALSE,Northern Arizona,Eastern Washington,FALSE
401469680,2023-01-21,Northern Arizona,Eastern Washington,91,1,8:02,1682,1682,Dane Erikstrup Defensive Rebound.,away,24,26,-2,1,FALSE,FALSE,0.29051712402655766,0.4384131339867359,5,4,-4.5,147.5,Chad Shepherd/Jeff Flowers/Michael Kashirsky,"Flagstaff, AZ",J. Lawrence Walkup Skydome,7000,790,NA,NA,NA,NA,NA,NA,NA,NA,Northern Arizona,Northern Arizona,FALSE
401469680,2023-01-21,Northern Arizona,Eastern Washington,92,1,8:02,1682,1682,Foul on Carson Towt.,home,24,26,-2,0,FALSE,TRUE,0.29051712402655766,0.4384131339867359,5,4,-4.5,147.5,Chad Shepherd/Jeff Flowers/Michael Kashirsky,"Flagstaff, AZ",J. Lawrence Walkup Skydome,7000,790,NA,NA,NA,NA,NA,NA,NA,NA,Northern Arizona,Northern Arizona,FALSE
401469680,2023-01-21,Northern Arizona,Eastern Washington,93,1,8:02,1682,1682, Official TV Timeout,NA,24,26,-2,0,FALSE,FALSE,0.29051712402655766,0.4384131339867359,5,3,-4.5,147.5,Chad Shepherd/Jeff Flowers/Michael Kashirsky,"Flagstaff, AZ",J. Lawrence Walkup Skydome,7000,790,NA,NA,NA,NA,NA,NA,NA,NA,Northern Arizona,Northern Arizona,FALSE
401469680,2023-01-21,Northern Arizona,Eastern Washington,94,1,8:02,1682,1682,Dane Erikstrup missed Free Throw.,away,24,26,-2,0,FALSE,FALSE,0.29051712402655766,0.4384131339867359,5,3,-4.5,147.5,Chad Shepherd/Jeff Flowers/Michael Kashirsky,"Flagstaff, AZ",J. Lawrence Walkup Skydome,7000,790,NA,NA,Eastern Washington,missed,Dane Erikstrup,NA,FALSE,TRUE,Eastern Washington,Northern Arizona,FALSE
401469680,2023-01-21,Northern Arizona,Eastern Washington,95,1,8:02,1682,1682,Carson Towt Defensive Rebound.,home,24,26,-2,0,FALSE,FALSE,0.29051712402655766,0.4384131339867359,5,3,-4.5,147.5,Chad Shepherd/Jeff Flowers/Michael Kashirsky,"Flagstaff, AZ",J. Lawrence Walkup Skydome,7000,790,NA,NA,NA,NA,NA,NA,NA,NA,Northern Arizona,Northern Arizona,FALSE
401469680,2023-01-21,Northern Arizona,Eastern Washington,96,1,7:39,1659,1659,Carson Towt missed Layup.,home,24,26,-2,23,FALSE,FALSE,0.2906547881560177,0.43776717683522326,5,3,-4.5,147.5,Chad Shepherd/Jeff Flowers/Michael Kashirsky,"Flagstaff, AZ",J. Lawrence Walkup Skydome,7000,790,NA,NA,Northern Arizona,missed,Carson Towt,NA,FALSE,FALSE,Northern Arizona,Eastern Washington,FALSE
401469680,2023-01-21,Northern Arizona,Eastern Washington,97,1,7:36,1656,1656,Angelo Allegri Defensive Rebound.,away,24,26,-2,3,FALSE,FALSE,0.2906754850180406,0.4376842614429021,5,3,-4.5,147.5,Chad Shepherd/Jeff Flowers/Michael Kashirsky,"Flagstaff, AZ",J. Lawrence Walkup Skydome,7000,790,NA,NA,NA,NA,NA,NA,NA,NA,Northern Arizona,Eastern Washington,FALSE
401469680,2023-01-21,Northern Arizona,Eastern Washington,98,1,7:31,1651,1651,Angelo Allegri missed Three Point Jumper.,away,24,26,-2,5,FALSE,FALSE,0.2907112387491195,0.4375466438026241,5,3,-4.5,147.5,Chad Shepherd/Jeff Flowers/Michael Kashirsky,"Flagstaff, AZ",J. Lawrence Walkup Skydome,7000,790,NA,NA,Eastern Washington,missed,Angelo Allegri,NA,TRUE,FALSE,Eastern Washington,Northern Arizona,FALSE
401469680,2023-01-21,Northern Arizona,Eastern Washington,99,1,7:30,1650,1650,Northern Arizona Defensive Rebound.,home,24,26,-2,1,FALSE,FALSE,0.2907185719582476,0.437519201582154,5,3,-4.5,147.5,Chad Shepherd/Jeff Flowers/Michael Kashirsky,"Flagstaff, AZ",J. Lawrence Walkup Skydome,7000,790,NA,NA,NA,NA,NA,NA,NA,NA,Eastern Washington,Northern Arizona,FALSE
401469680,2023-01-21,Northern Arizona,Eastern Washington,100,1,7:12,1632,1632,Trenton McLaughlin made Three Point Jumper. Assisted by Xavier Fuller.,home,27,26,1,18,TRUE,FALSE,0.3748726828673849,0.5316112839754575,5,3,-4.5,147.5,Chad Shepherd/Jeff Flowers/Michael Kashirsky,"Flagstaff, AZ",J. Lawrence Walkup Skydome,7000,790,NA,NA,Northern Arizona,made,Trenton McLaughlin,Xavier Fuller,TRUE,FALSE,Northern Arizona,Eastern Washington,FALSE
401469680,2023-01-21,Northern Arizona,Eastern Washington,101,1,6:54,1614,1614,Casey Jones missed Layup.,away,27,26,1,18,FALSE,FALSE,0.37574364867172383,0.5318566635045101,5,3,-4.5,147.5,Chad Shepherd/Jeff Flowers/Michael Kashirsky,"Flagstaff, AZ",J. Lawrence Walkup Skydome,7000,790,NA,NA,Eastern Washington,missed,Casey Jones,NA,FALSE,FALSE,Eastern Washington,Northern Arizona,FALSE
401469680,2023-01-21,Northern Arizona,Eastern Washington,102,1,6:51,1611,1611,Xavier Fuller Defensive Rebound.,home,27,26,1,3,FALSE,FALSE,0.3758898252197046,0.5318974211646056,5,3,-4.5,147.5,Chad Shepherd/Jeff Flowers/Michael Kashirsky,"Flagstaff, AZ",J. Lawrence Walkup Skydome,7000,790,NA,NA,NA,NA,NA,NA,NA,NA,Eastern Washington,Northern Arizona,FALSE
401469680,2023-01-21,Northern Arizona,Eastern Washington,103,1,6:48,1608,1608,Foul on Steele Venters.,away,27,26,1,3,FALSE,TRUE,0.3760362897838882,0.531938158902778,5,3,-4.5,147.5,Chad Shepherd/Jeff Flowers/Michael Kashirsky,"Flagstaff, AZ",J. Lawrence Walkup Skydome,7000,790,NA,NA,NA,NA,NA,NA,NA,NA,Northern Arizona,Northern Arizona,FALSE
401469680,2023-01-21,Northern Arizona,Eastern Washington,104,1,6:48,1608,1608,Xavier Fuller made Free Throw.,home,28,26,2,0,TRUE,FALSE,0.40649361702092834,0.5636167497625443,5,3,-4.5,147.5,Chad Shepherd/Jeff Flowers/Michael Kashirsky,"Flagstaff, AZ",J. Lawrence Walkup Skydome,7000,790,NA,NA,Northern Arizona,made,Xavier Fuller,NA,FALSE,TRUE,Northern Arizona,Northern Arizona,FALSE
401469680,2023-01-21,Northern Arizona,Eastern Washington,105,1,6:48,1608,1608,Xavier Fuller made Free Throw.,home,29,26,3,0,TRUE,FALSE,0.4376874092261362,0.5947845747630514,5,3,-4.5,147.5,Chad Shepherd/Jeff Flowers/Michael Kashirsky,"Flagstaff, AZ",J. Lawrence Walkup Skydome,7000,790,NA,NA,Northern Arizona,made,Xavier Fuller,NA,FALSE,TRUE,Northern Arizona,Eastern Washington,FALSE
401469680,2023-01-21,Northern Arizona,Eastern Washington,106,1,6:30,1590,1590,Dane Erikstrup missed Layup.,away,29,26,3,18,FALSE,FALSE,0.439098814421645,0.5954942131677781,5,3,-4.5,147.5,Chad Shepherd/Jeff Flowers/Michael Kashirsky,"Flagstaff, AZ",J. Lawrence Walkup Skydome,7000,790,NA,NA,Eastern Washington,missed,Dane Erikstrup,NA,FALSE,FALSE,Eastern Washington,Eastern Washington,FALSE
401469680,2023-01-21,Northern Arizona,Eastern Washington,107,1,6:29,1589,1589,Casey Jones Offensive Rebound.,away,29,26,3,1,FALSE,FALSE,0.4391775822919236,0.5955336822059514,5,3,-4.5,147.5,Chad Shepherd/Jeff Flowers/Michael Kashirsky,"Flagstaff, AZ",J. Lawrence Walkup Skydome,7000,790,NA,NA,NA,NA,NA,NA,NA,NA,Eastern Washington,Eastern Washington,FALSE
401469680,2023-01-21,Northern Arizona,Eastern Washington,108,1,6:29,1589,1589,Foul on Nik Mains.,home,29,26,3,0,FALSE,TRUE,0.4391775822919236,0.5955336822059514,5,3,-4.5,147.5,Chad Shepherd/Jeff Flowers/Michael Kashirsky,"Flagstaff, AZ",J. Lawrence Walkup Skydome,7000,790,NA,NA,NA,NA,NA,NA,NA,NA,Eastern Washington,Eastern Washington,FALSE
401469680,2023-01-21,Northern Arizona,Eastern Washington,109,1,6:29,1589,1589,Casey Jones made Free Throw.,away,29,27,2,0,TRUE,FALSE,0.4077043537591721,0.5641264678520037,5,3,-4.5,147.5,Chad Shepherd/Jeff Flowers/Michael Kashirsky,"Flagstaff, AZ",J. Lawrence Walkup Skydome,7000,790,NA,NA,Eastern Washington,made,Casey Jones,NA,FALSE,TRUE,Eastern Washington,Eastern Washington,FALSE
401469680,2023-01-21,Northern Arizona,Eastern Washington,110,1,6:29,1589,1589,Casey Jones made Free Throw.,away,29,28,1,0,TRUE,FALSE,0.3769705349260009,0.5321961801517338,5,3,-4.5,147.5,Chad Shepherd/Jeff Flowers/Michael Kashirsky,"Flagstaff, AZ",J. Lawrence Walkup Skydome,7000,790,NA,NA,Eastern Washington,made,Casey Jones,NA,FALSE,TRUE,Eastern Washington,Northern Arizona,FALSE
401469680,2023-01-21,Northern Arizona,Eastern Washington,111,1,6:08,1568,1568,Jalen Cone missed Three Point Jumper.,home,29,28,1,21,FALSE,FALSE,0.37801627688814843,0.5324830454584442,5,3,-4.5,147.5,Chad Shepherd/Jeff Flowers/Michael Kashirsky,"Flagstaff, AZ",J. Lawrence Walkup Skydome,7000,790,NA,NA,Northern Arizona,missed,Jalen Cone,NA,TRUE,FALSE,Northern Arizona,Eastern Washington,FALSE
401469680,2023-01-21,Northern Arizona,Eastern Washington,112,1,6:03,1563,1563,Dane Erikstrup Defensive Rebound.,away,29,28,1,5,FALSE,FALSE,0.3782672696328509,0.5325518749437768,5,3,-4.5,147.5,Chad Shepherd/Jeff Flowers/Michael Kashirsky,"Flagstaff, AZ",J. Lawrence Walkup Skydome,7000,790,NA,NA,NA,NA,NA,NA,NA,NA,Northern Arizona,Eastern Washington,FALSE
401469680,2023-01-21,Northern Arizona,Eastern Washington,113,1,5:58,1558,1558,Steele Venters Turnover.,away,29,28,1,5,FALSE,FALSE,0.378519026327011,0.5326209784847286,5,3,-4.5,147.5,Chad Shepherd/Jeff Flowers/Michael Kashirsky,"Flagstaff, AZ",J. Lawrence Walkup Skydome,7000,790,NA,NA,NA,NA,NA,NA,NA,NA,Eastern Washington,Northern Arizona,FALSE
401469680,2023-01-21,Northern Arizona,Eastern Washington,114,1,5:58,1558,1558,Carson Towt Steal.,home,29,28,1,0,FALSE,FALSE,0.378519026327011,0.5326209784847286,5,3,-4.5,147.5,Chad Shepherd/Jeff Flowers/Michael Kashirsky,"Flagstaff, AZ",J. Lawrence Walkup Skydome,7000,790,NA,NA,NA,NA,NA,NA,NA,NA,Eastern Washington,Northern Arizona,FALSE
401469680,2023-01-21,Northern Arizona,Eastern Washington,115,1,5:42,1542,1542,Xavier Fuller missed Jumper.,home,29,28,1,16,FALSE,FALSE,0.3793297373591815,0.5328443509627893,5,3,-4.5,147.5,Chad Shepherd/Jeff Flowers/Michael Kashirsky,"Flagstaff, AZ",J. Lawrence Walkup Skydome,7000,790,NA,NA,Northern Arizona,missed,Xavier Fuller,NA,FALSE,FALSE,Northern Arizona,Eastern Washington,FALSE
401469680,2023-01-21,Northern Arizona,Eastern Washington,116,1,5:39,1539,1539,Tyreese Davis Defensive Rebound.,away,29,28,1,3,FALSE,FALSE,0.37948260217017227,0.5328866760479471,5,3,-4.5,147.5,Chad Shepherd/Jeff Flowers/Michael Kashirsky,"Flagstaff, AZ",J. Lawrence Walkup Skydome,7000,790,NA,NA,NA,NA,NA,NA,NA,NA,Northern Arizona,Eastern Washington,FALSE
401469680,2023-01-21,Northern Arizona,Eastern Washington,117,1,5:28,1528,1528,Dane Erikstrup made Jumper. Assisted by Angelo Allegri.,away,29,30,-1,11,TRUE,FALSE,0.3199312872514962,0.4669567245665355,5,3,-4.5,147.5,Chad Shepherd/Jeff Flowers/Michael Kashirsky,"Flagstaff, AZ",J. Lawrence Walkup Skydome,7000,790,NA,NA,Eastern Washington,made,Dane Erikstrup,Angelo Allegri,FALSE,FALSE,Eastern Washington,Northern Arizona,FALSE
401469680,2023-01-21,Northern Arizona,Eastern Washington,118,1,5:02,1502,1502,Xavier Fuller missed Layup.,home,29,30,-1,26,FALSE,FALSE,0.32050658385738356,0.46657603003019127,5,3,-4.5,147.5,Chad Shepherd/Jeff Flowers/Michael Kashirsky,"Flagstaff, AZ",J. Lawrence Walkup Skydome,7000,790,NA,NA,Northern Arizona,missed,Xavier Fuller,NA,FALSE,FALSE,Northern Arizona,Northern Arizona,FALSE
401469680,2023-01-21,Northern Arizona,Eastern Washington,119,1,4:59,1499,1499,Nik Mains Offensive Rebound.,home,29,30,-1,3,FALSE,FALSE,0.3205720999095798,0.4665309905524671,5,3,-4.5,147.5,Chad Shepherd/Jeff Flowers/Michael Kashirsky,"Flagstaff, AZ",J. Lawrence Walkup Skydome,7000,790,NA,NA,NA,NA,NA,NA,NA,NA,Northern Arizona,Northern Arizona,FALSE
401469680,2023-01-21,Northern Arizona,Eastern Washington,120,1,4:58,1498,1498,Nik Mains missed Layup.,home,29,30,-1,1,FALSE,FALSE,0.3205938885758245,0.4665159207295211,5,3,-4.5,147.5,Chad Shepherd/Jeff Flowers/Michael Kashirsky,"Flagstaff, AZ",J. Lawrence Walkup Skydome,7000,790,NA,NA,Northern Arizona,missed,Nik Mains,NA,FALSE,FALSE,Northern Arizona,Northern Arizona,FALSE
401469680,2023-01-21,Northern Arizona,Eastern Washington,121,1,4:55,1495,1495,Carson Towt Offensive Rebound.,home,29,30,-1,3,FALSE,FALSE,0.320659097317812,0.46647053743223055,5,3,-4.5,147.5,Chad Shepherd/Jeff Flowers/Michael Kashirsky,"Flagstaff, AZ",J. Lawrence Walkup Skydome,7000,790,NA,NA,NA,NA,NA,NA,NA,NA,Northern Arizona,Northern Arizona,FALSE
401469680,2023-01-21,Northern Arizona,Eastern Washington,122,1,4:53,1493,1493,Jalen Cone missed Three Point Jumper.,home,29,30,-1,2,FALSE,FALSE,0.3207024336184196,0.4664401343028266,5,3,-4.5,147.5,Chad Shepherd/Jeff Flowers/Michael Kashirsky,"Flagstaff, AZ",J. Lawrence Walkup Skydome,7000,790,NA,NA,Northern Arizona,missed,Jalen Cone,NA,TRUE,FALSE,Northern Arizona,Eastern Washington,FALSE
401469680,2023-01-21,Northern Arizona,Eastern Washington,123,1,4:53,1493,1493,Northern Arizona Offensive Rebound.,home,29,30,-1,0,FALSE,FALSE,0.3207024336184196,0.4664401343028266,5,3,-4.5,147.5,Chad Shepherd/Jeff Flowers/Michael Kashirsky,"Flagstaff, AZ",J. Lawrence Walkup Skydome,7000,790,NA,NA,NA,NA,NA,NA,NA,NA,Northern Arizona,Eastern Washington,FALSE
401469680,2023-01-21,Northern Arizona,Eastern Washington,124,1,4:53,1493,1493,Foul on Cedric Coward.,away,29,30,-1,0,FALSE,TRUE,0.3207024336184196,0.4664401343028266,5,3,-4.5,147.5,Chad Shepherd/Jeff Flowers/Michael Kashirsky,"Flagstaff, AZ",J. Lawrence Walkup Skydome,7000,790,NA,NA,NA,NA,NA,NA,NA,NA,Northern Arizona,Eastern Washington,FALSE
401469680,2023-01-21,Northern Arizona,Eastern Washington,125,1,4:53,1493,1493,Carson Towt missed Free Throw.,home,29,30,-1,0,FALSE,FALSE,0.3207024336184196,0.4664401343028266,5,3,-4.5,147.5,Chad Shepherd/Jeff Flowers/Michael Kashirsky,"Flagstaff, AZ",J. Lawrence Walkup Skydome,7000,790,NA,NA,Northern Arizona,missed,Carson Towt,NA,FALSE,TRUE,Northern Arizona,Eastern Washington,FALSE
401469680,2023-01-21,Northern Arizona,Eastern Washington,126,1,4:53,1493,1493,Dane Erikstrup Defensive Rebound.,away,29,30,-1,0,FALSE,FALSE,0.3207024336184196,0.4664401343028266,5,3,-4.5,147.5,Chad Shepherd/Jeff Flowers/Michael Kashirsky,"Flagstaff, AZ",J. Lawrence Walkup Skydome,7000,790,NA,NA,NA,NA,NA,NA,NA,NA,Northern Arizona,Eastern Washington,FALSE
401469680,2023-01-21,Northern Arizona,Eastern Washington,127,1,4:37,1477,1477,Angelo Allegri Turnover.,away,29,30,-1,16,FALSE,FALSE,0.3210446824640331,0.4661923822038113,5,3,-4.5,147.5,Chad Shepherd/Jeff Flowers/Michael Kashirsky,"Flagstaff, AZ",J. Lawrence Walkup Skydome,7000,790,NA,NA,NA,NA,NA,NA,NA,NA,Eastern Washington,Northern Arizona,FALSE
401469680,2023-01-21,Northern Arizona,Eastern Washington,128,1,4:21,1461,1461,Nik Mains missed Three Point Jumper.,home,29,30,-1,16,FALSE,FALSE,0.3213775391051459,0.46593578703032873,5,3,-4.5,147.5,Chad Shepherd/Jeff Flowers/Michael Kashirsky,"Flagstaff, AZ",J. Lawrence Walkup Skydome,7000,790,NA,NA,Northern Arizona,missed,Nik Mains,NA,TRUE,FALSE,Northern Arizona,Northern Arizona,FALSE
401469680,2023-01-21,Northern Arizona,Eastern Washington,129,1,4:20,1460,1460,Northern Arizona Offensive Rebound.,home,29,30,-1,1,FALSE,FALSE,0.3213979825286147,0.46591943060039237,5,3,-4.5,147.5,Chad Shepherd/Jeff Flowers/Michael Kashirsky,"Flagstaff, AZ",J. Lawrence Walkup Skydome,7000,790,NA,NA,NA,NA,NA,NA,NA,NA,Northern Arizona,Eastern Washington,FALSE
401469680,2023-01-21,Northern Arizona,Eastern Washington,130,1,4:20,1460,1460,Foul on Steele Venters.,away,29,30,-1,0,FALSE,TRUE,0.3213979825286147,0.46591943060039237,5,3,-4.5,147.5,Chad Shepherd/Jeff Flowers/Michael Kashirsky,"Flagstaff, AZ",J. Lawrence Walkup Skydome,7000,790,NA,NA,NA,NA,NA,NA,NA,NA,Northern Arizona,Eastern Washington,FALSE
401469680,2023-01-21,Northern Arizona,Eastern Washington,131,1,4:20,1460,1460,Jack Wistrcill missed Free Throw.,home,29,30,-1,0,FALSE,FALSE,0.3213979825286147,0.46591943060039237,5,3,-4.5,147.5,Chad Shepherd/Jeff Flowers/Michael Kashirsky,"Flagstaff, AZ",J. Lawrence Walkup Skydome,7000,790,NA,NA,Northern Arizona,missed,Jack Wistrcill,NA,FALSE,TRUE,Northern Arizona,Eastern Washington,FALSE
401469680,2023-01-21,Northern Arizona,Eastern Washington,132,1,4:20,1460,1460,Angelo Allegri Defensive Rebound.,away,29,30,-1,0,FALSE,FALSE,0.3213979825286147,0.46591943060039237,5,3,-4.5,147.5,Chad Shepherd/Jeff Flowers/Michael Kashirsky,"Flagstaff, AZ",J. Lawrence Walkup Skydome,7000,790,NA,NA,NA,NA,NA,NA,NA,NA,Northern Arizona,Eastern Washington,FALSE
401469680,2023-01-21,Northern Arizona,Eastern Washington,133,1,4:03,1443,1443,Casey Jones made Dunk. Assisted by Cedric Coward.,away,29,32,-3,17,TRUE,FALSE,0.26480949298113693,0.3981916750619686,5,3,-4.5,147.5,Chad Shepherd/Jeff Flowers/Michael Kashirsky,"Flagstaff, AZ",J. Lawrence Walkup Skydome,7000,790,NA,NA,Eastern Washington,made,Casey Jones,Cedric Coward,FALSE,FALSE,Eastern Washington,Northern Arizona,FALSE
401469680,2023-01-21,Northern Arizona,Eastern Washington,134,1,3:44,1424,1424,Jack Wistrcill made Layup.,home,31,32,-1,19,TRUE,FALSE,0.3221399710575942,0.46532920040187814,5,3,-4.5,147.5,Chad Shepherd/Jeff Flowers/Michael Kashirsky,"Flagstaff, AZ",J. Lawrence Walkup Skydome,7000,790,NA,NA,Northern Arizona,made,Jack Wistrcill,NA,FALSE,FALSE,Northern Arizona,Eastern Washington,FALSE
401469680,2023-01-21,Northern Arizona,Eastern Washington,135,1,3:44,1424,1424,Foul on Cedric Coward.,away,31,32,-1,0,FALSE,TRUE,0.3221399710575942,0.46532920040187814,5,3,-4.5,147.5,Chad Shepherd/Jeff Flowers/Michael Kashirsky,"Flagstaff, AZ",J. Lawrence Walkup Skydome,7000,790,NA,NA,NA,NA,NA,NA,NA,NA,Northern Arizona,Eastern Washington,FALSE
401469680,2023-01-21,Northern Arizona,Eastern Washington,136,1,3:44,1424,1424,Jack Wistrcill made Free Throw.,home,32,32,0,0,TRUE,FALSE,0.3531895141912739,0.5,5,3,-4.5,147.5,Chad Shepherd/Jeff Flowers/Michael Kashirsky,"Flagstaff, AZ",J. Lawrence Walkup Skydome,7000,790,NA,NA,Northern Arizona,made,Jack Wistrcill,NA,FALSE,TRUE,Northern Arizona,Eastern Washington,FALSE
401469680,2023-01-21,Northern Arizona,Eastern Washington,137,1,3:14,1394,1394,Ty Harper missed Jumper.,away,32,32,0,30,FALSE,FALSE,0.3543179652401647,0.5,5,3,-4.5,147.5,Chad Shepherd/Jeff Flowers/Michael Kashirsky,"Flagstaff, AZ",J. Lawrence Walkup Skydome,7000,790,NA,NA,Eastern Washington,missed,Ty Harper,NA,FALSE,FALSE,Eastern Washington,Northern Arizona,FALSE
401469680,2023-01-21,Northern Arizona,Eastern Washington,138,1,3:13,1393,1393,Jack Wistrcill Defensive Rebound.,home,32,32,0,1,FALSE,FALSE,0.3543560228105318,0.5,5,3,-4.5,147.5,Chad Shepherd/Jeff Flowers/Michael Kashirsky,"Flagstaff, AZ",J. Lawrence Walkup Skydome,7000,790,NA,NA,NA,NA,NA,NA,NA,NA,Eastern Washington,Northern Arizona,FALSE
401469680,2023-01-21,Northern Arizona,Eastern Washington,139,1,3:13,1393,1393,Foul on Casey Jones.,away,32,32,0,0,FALSE,TRUE,0.3543560228105318,0.5,5,3,-4.5,147.5,Chad Shepherd/Jeff Flowers/Michael Kashirsky,"Flagstaff, AZ",J. Lawrence Walkup Skydome,7000,790,NA,NA,NA,NA,NA,NA,NA,NA,Northern Arizona,Northern Arizona,FALSE
401469680,2023-01-21,Northern Arizona,Eastern Washington,140,1,3:13,1393,1393,Carson Towt missed Free Throw.,home,32,32,0,0,FALSE,FALSE,0.3543560228105318,0.5,5,3,-4.5,147.5,Chad Shepherd/Jeff Flowers/Michael Kashirsky,"Flagstaff, AZ",J. Lawrence Walkup Skydome,7000,790,NA,NA,Northern Arizona,missed,Carson Towt,NA,FALSE,TRUE,Northern Arizona,Northern Arizona,FALSE
401469680,2023-01-21,Northern Arizona,Eastern Washington,141,1,3:13,1393,1393,Northern Arizona Deadball Team Rebound.,home,32,32,0,0,FALSE,FALSE,0.3543560228105318,0.5,5,3,-4.5,147.5,Chad Shepherd/Jeff Flowers/Michael Kashirsky,"Flagstaff, AZ",J. Lawrence Walkup Skydome,7000,790,NA,NA,NA,NA,NA,NA,NA,NA,Northern Arizona,Northern Arizona,FALSE
401469680,2023-01-21,Northern Arizona,Eastern Washington,142,1,3:13,1393,1393,Carson Towt made Free Throw.,home,33,32,1,0,TRUE,FALSE,0.38720000417049266,0.5351541188126745,5,3,-4.5,147.5,Chad Shepherd/Jeff Flowers/Michael Kashirsky,"Flagstaff, AZ",J. Lawrence Walkup Skydome,7000,790,NA,NA,Northern Arizona,made,Carson Towt,NA,FALSE,TRUE,Northern Arizona,Eastern Washington,FALSE
401469680,2023-01-21,Northern Arizona,Eastern Washington,143,1,3:00,1380,1380,Deon Stroud missed Three Point Jumper.,away,33,32,1,13,FALSE,FALSE,0.3879050136237323,0.5353526976523026,5,3,-4.5,147.5,Chad Shepherd/Jeff Flowers/Michael Kashirsky,"Flagstaff, AZ",J. Lawrence Walkup Skydome,7000,790,NA,NA,Eastern Washington,missed,Deon Stroud,NA,TRUE,FALSE,Eastern Washington,Eastern Washington,FALSE
401469680,2023-01-21,Northern Arizona,Eastern Washington,144,1,2:58,1378,1378,Eastern Washington Offensive Rebound.,away,33,32,1,2,FALSE,FALSE,0.3880137746227512,0.5353831456474376,5,3,-4.5,147.5,Chad Shepherd/Jeff Flowers/Michael Kashirsky,"Flagstaff, AZ",J. Lawrence Walkup Skydome,7000,790,NA,NA,NA,NA,NA,NA,NA,NA,Eastern Washington,Eastern Washington,FALSE
401469680,2023-01-21,Northern Arizona,Eastern Washington,145,1,2:53,1373,1373,Deon Stroud missed Three Point Jumper.,away,33,32,1,5,FALSE,FALSE,0.38828605494750085,0.5354592030530729,5,3,-4.5,147.5,Chad Shepherd/Jeff Flowers/Michael Kashirsky,"Flagstaff, AZ",J. Lawrence Walkup Skydome,7000,790,NA,NA,Eastern Washington,missed,Deon Stroud,NA,TRUE,FALSE,Eastern Washington,Northern Arizona,FALSE
401469680,2023-01-21,Northern Arizona,Eastern Washington,146,1,2:50,1370,1370,Jack Wistrcill Defensive Rebound.,home,33,32,1,3,FALSE,FALSE,0.3884496925738561,0.5355048141624769,5,3,-4.5,147.5,Chad Shepherd/Jeff Flowers/Michael Kashirsky,"Flagstaff, AZ",J. Lawrence Walkup Skydome,7000,790,NA,NA,NA,NA,NA,NA,NA,NA,Eastern Washington,Northern Arizona,FALSE
401469680,2023-01-21,Northern Arizona,Eastern Washington,147,1,2:45,1365,1365,Trenton McLaughlin made Three Point Jumper. Assisted by Jalen Cone.,home,36,32,4,5,TRUE,FALSE,0.4937526509004286,0.6388225376222332,5,3,-4.5,147.5,Chad Shepherd/Jeff Flowers/Michael Kashirsky,"Flagstaff, AZ",J. Lawrence Walkup Skydome,7000,790,NA,NA,Northern Arizona,made,Trenton McLaughlin,Jalen Cone,TRUE,FALSE,Northern Arizona,Eastern Washington,FALSE
401469680,2023-01-21,Northern Arizona,Eastern Washington,148,1,2:23,1343,1343,Dane Erikstrup missed Jumper.,away,36,32,4,22,FALSE,FALSE,0.4960377819370128,0.6400683794834597,5,3,-4.5,147.5,Chad Shepherd/Jeff Flowers/Michael Kashirsky,"Flagstaff, AZ",J. Lawrence Walkup Skydome,7000,790,NA,NA,Eastern Washington,missed,Dane Erikstrup,NA,FALSE,FALSE,Eastern Washington,Eastern Washington,FALSE
401469680,2023-01-21,Northern Arizona,Eastern Washington,149,1,2:23,1343,1343,Eastern Washington Offensive Rebound.,away,36,32,4,0,FALSE,FALSE,0.4960377819370128,0.6400683794834597,5,3,-4.5,147.5,Chad Shepherd/Jeff Flowers/Michael Kashirsky,"Flagstaff, AZ",J. Lawrence Walkup Skydome,7000,790,NA,NA,NA,NA,NA,NA,NA,NA,Eastern Washington,Eastern Washington,FALSE
401469680,2023-01-21,Northern Arizona,Eastern Washington,150,1,2:23,1343,1343,Foul on Jack Wistrcill.,home,36,32,4,0,FALSE,TRUE,0.4960377819370128,0.6400683794834597,5,3,-4.5,147.5,Chad Shepherd/Jeff Flowers/Michael Kashirsky,"Flagstaff, AZ",J. Lawrence Walkup Skydome,7000,790,NA,NA,NA,NA,NA,NA,NA,NA,Eastern Washington,Eastern Washington,FALSE
401469680,2023-01-21,Northern Arizona,Eastern Washington,151,1,2:23,1343,1343,Casey Jones made Free Throw.,away,36,33,3,0,TRUE,FALSE,0.46014363074676756,0.6062904501005647,5,3,-4.5,147.5,Chad Shepherd/Jeff Flowers/Michael Kashirsky,"Flagstaff, AZ",J. Lawrence Walkup Skydome,7000,790,NA,NA,Eastern Washington,made,Casey Jones,NA,FALSE,TRUE,Eastern Washington,Eastern Washington,FALSE
401469680,2023-01-21,Northern Arizona,Eastern Washington,152,1,2:23,1343,1343,Casey Jones made Free Throw.,away,36,34,2,0,TRUE,FALSE,0.4246582032500401,0.5714649136906267,5,3,-4.5,147.5,Chad Shepherd/Jeff Flowers/Michael Kashirsky,"Flagstaff, AZ",J. Lawrence Walkup Skydome,7000,790,NA,NA,Eastern Washington,made,Casey Jones,NA,FALSE,TRUE,Eastern Washington,Northern Arizona,FALSE
401469680,2023-01-21,Northern Arizona,Eastern Washington,153,1,2:08,1328,1328,Jalen Cone made Three Point Jumper.,home,39,34,5,15,TRUE,FALSE,0.5337747204590954,0.6735418698851705,5,3,-4.5,147.5,Chad Shepherd/Jeff Flowers/Michael Kashirsky,"Flagstaff, AZ",J. Lawrence Walkup Skydome,7000,790,NA,NA,Northern Arizona,made,Jalen Cone,NA,TRUE,FALSE,Northern Arizona,Eastern Washington,FALSE
401469680,2023-01-21,Northern Arizona,Eastern Washington,154,1,1:52,1312,1312,Foul on Nik Mains.,home,39,34,5,16,FALSE,TRUE,0.5357244208825535,0.6746593488514977,5,3,-4.5,147.5,Chad Shepherd/Jeff Flowers/Michael Kashirsky,"Flagstaff, AZ",J. Lawrence Walkup Skydome,7000,790,NA,NA,NA,NA,NA,NA,NA,NA,Eastern Washington,Eastern Washington,FALSE
401469680,2023-01-21,Northern Arizona,Eastern Washington,155,1,1:52,1312,1312,Casey Jones missed Free Throw.,away,39,34,5,0,FALSE,FALSE,0.5357244208825535,0.6746593488514977,5,3,-4.5,147.5,Chad Shepherd/Jeff Flowers/Michael Kashirsky,"Flagstaff, AZ",J. Lawrence Walkup Skydome,7000,790,NA,NA,Eastern Washington,missed,Casey Jones,NA,FALSE,TRUE,Eastern Washington,Eastern Washington,FALSE
401469680,2023-01-21,Northern Arizona,Eastern Washington,156,1,1:52,1312,1312,Eastern Washington Deadball Team Rebound.,away,39,34,5,0,FALSE,FALSE,0.5357244208825535,0.6746593488514977,5,3,-4.5,147.5,Chad Shepherd/Jeff Flowers/Michael Kashirsky,"Flagstaff, AZ",J. Lawrence Walkup Skydome,7000,790,NA,NA,NA,NA,NA,NA,NA,NA,Eastern Washington,Eastern Washington,FALSE
401469680,2023-01-21,Northern Arizona,Eastern Washington,157,1,1:52,1312,1312,Casey Jones made Free Throw.,away,39,35,4,0,TRUE,FALSE,0.4993186432732376,0.6418650212767739,5,3,-4.5,147.5,Chad Shepherd/Jeff Flowers/Michael Kashirsky,"Flagstaff, AZ",J. Lawrence Walkup Skydome,7000,790,NA,NA,Eastern Washington,made,Casey Jones,NA,FALSE,TRUE,Eastern Washington,Northern Arizona,FALSE
401469680,2023-01-21,Northern Arizona,Eastern Washington,158,1,1:28,1288,1288,Trenton McLaughlin missed Three Point Jumper.,home,39,35,4,24,FALSE,FALSE,0.5019370255093437,0.6433193973855099,5,3,-4.5,147.5,Chad Shepherd/Jeff Flowers/Michael Kashirsky,"Flagstaff, AZ",J. Lawrence Walkup Skydome,7000,790,NA,NA,Northern Arizona,missed,Trenton McLaughlin,NA,TRUE,FALSE,Northern Arizona,Northern Arizona,FALSE
401469680,2023-01-21,Northern Arizona,Eastern Washington,159,1,1:25,1285,1285,Jack Wistrcill Offensive Rebound.,home,39,35,4,3,FALSE,FALSE,0.5022704912523532,0.6435064817216651,5,3,-4.5,147.5,Chad Shepherd/Jeff Flowers/Michael Kashirsky,"Flagstaff, AZ",J. Lawrence Walkup Skydome,7000,790,NA,NA,NA,NA,NA,NA,NA,NA,Northern Arizona,Northern Arizona,FALSE
401469680,2023-01-21,Northern Arizona,Eastern Washington,160,1,1:13,1273,1273,Jalen Cone missed Three Point Jumper.,home,39,35,4,12,FALSE,FALSE,0.5036200904408037,0.6442686406346235,5,3,-4.5,147.5,Chad Shepherd/Jeff Flowers/Michael Kashirsky,"Flagstaff, AZ",J. Lawrence Walkup Skydome,7000,790,NA,NA,Northern Arizona,missed,Jalen Cone,NA,TRUE,FALSE,Northern Arizona,Eastern Washington,FALSE
401469680,2023-01-21,Northern Arizona,Eastern Washington,161,1,1:10,1270,1270,Tyreese Davis Defensive Rebound.,away,39,35,4,3,FALSE,FALSE,0.5039616583160155,0.6444628738677485,5,3,-4.5,147.5,Chad Shepherd/Jeff Flowers/Michael Kashirsky,"Flagstaff, AZ",J. Lawrence Walkup Skydome,7000,790,NA,NA,NA,NA,NA,NA,NA,NA,Northern Arizona,Eastern Washington,FALSE
401469680,2023-01-21,Northern Arizona,Eastern Washington,162,1,1:00,1260,1260,Angelo Allegri made Three Point Jumper. Assisted by Tyreese Davis.,away,39,38,1,10,TRUE,FALSE,0.3946529075934106,0.5372847299023809,5,3,-4.5,147.5,Chad Shepherd/Jeff Flowers/Michael Kashirsky,"Flagstaff, AZ",J. Lawrence Walkup Skydome,7000,790,NA,NA,Eastern Washington,made,Angelo Allegri,Tyreese Davis,TRUE,FALSE,Eastern Washington,Northern Arizona,FALSE
401469680,2023-01-21,Northern Arizona,Eastern Washington,163,1,0:30,1230,1230,Jack Wistrcill missed Three Point Jumper.,home,39,38,1,30,FALSE,FALSE,0.3964395846012714,0.5378554217190384,5,3,-4.5,147.5,Chad Shepherd/Jeff Flowers/Michael Kashirsky,"Flagstaff, AZ",J. Lawrence Walkup Skydome,7000,790,NA,NA,Northern Arizona,missed,Jack Wistrcill,NA,TRUE,FALSE,Northern Arizona,Eastern Washington,FALSE
401469680,2023-01-21,Northern Arizona,Eastern Washington,164,1,0:27,1227,1227,Tyreese Davis Defensive Rebound.,away,39,38,1,3,FALSE,FALSE,0.3966211119989576,0.5379156530394639,5,3,-4.5,147.5,Chad Shepherd/Jeff Flowers/Michael Kashirsky,"Flagstaff, AZ",J. Lawrence Walkup Skydome,7000,790,NA,NA,NA,NA,NA,NA,NA,NA,Northern Arizona,Eastern Washington,FALSE
401469680,2023-01-21,Northern Arizona,Eastern Washington,165,1,0:12,1212,1212,Eastern Washington  Timeout,away,39,38,1,15,FALSE,FALSE,0.39753712289774173,0.5382264874229884,5,2,-4.5,147.5,Chad Shepherd/Jeff Flowers/Michael Kashirsky,"Flagstaff, AZ",J. Lawrence Walkup Skydome,7000,790,NA,NA,NA,NA,NA,NA,NA,NA,Eastern Washington,Eastern Washington,FALSE
401469680,2023-01-21,Northern Arizona,Eastern Washington,166,1,0:00,1200,1200,Tyreese Davis missed Layup.,away,39,38,1,12,FALSE,FALSE,0.3982738557358972,0.5384812553577752,5,2,-4.5,147.5,Chad Shepherd/Jeff Flowers/Michael Kashirsky,"Flagstaff, AZ",J. Lawrence Walkup Skydome,7000,790,NA,NA,Eastern Washington,missed,Tyreese Davis,NA,FALSE,FALSE,Eastern Washington,Eastern Washington,FALSE
401469680,2023-01-21,Northern Arizona,Eastern Washington,167,1,0:00,1200,1200,Xavier Fuller Defensive Rebound.,home,39,38,1,0,FALSE,FALSE,0.3982738557358972,0.5384812553577752,5,2,-4.5,147.5,Chad Shepherd/Jeff Flowers/Michael Kashirsky,"Flagstaff, AZ",J. Lawrence Walkup Skydome,7000,790,NA,NA,NA,NA,NA,NA,NA,NA,Eastern Washington,Eastern Washington,FALSE
401469680,2023-01-21,Northern Arizona,Eastern Washington,168,1,0:00,1200,1200,Xavier Fuller missed Three Point Jumper.,home,39,38,1,0,FALSE,FALSE,0.3982738557358972,0.5384812553577752,5,2,-4.5,147.5,Chad Shepherd/Jeff Flowers/Michael Kashirsky,"Flagstaff, AZ",J. Lawrence Walkup Skydome,7000,790,NA,NA,Northern Arizona,missed,Xavier Fuller,NA,TRUE,FALSE,Eastern Washington,Eastern Washington,FALSE
401469680,2023-01-21,Northern Arizona,Eastern Washington,169,1,0:00,1200,1200,Eastern Washington Defensive Rebound.,away,39,38,1,0,FALSE,FALSE,0.3982738557358972,0.5384812553577752,5,2,-4.5,147.5,Chad Shepherd/Jeff Flowers/Michael Kashirsky,"Flagstaff, AZ",J. Lawrence Walkup Skydome,7000,790,NA,NA,NA,NA,NA,NA,NA,NA,Eastern Washington,Eastern Washington,FALSE
401469680,2023-01-21,Northern Arizona,Eastern Washington,170,1,0:00,1200,1200,End of 1st half,NA,39,40,-1,0,FALSE,FALSE,0.32714582276875576,0.4615187446422248,5,2,-4.5,147.5,Chad Shepherd/Jeff Flowers/Michael Kashirsky,"Flagstaff, AZ",J. Lawrence Walkup Skydome,7000,790,NA,NA,NA,NA,NA,NA,NA,NA,Eastern Washington,NA,TRUE
401469680,2023-01-21,Northern Arizona,Eastern Washington,171,2,19:50,1190,1190,Tyreese Davis missed Three Point Jumper.,away,39,38,1,10,FALSE,FALSE,0.39888151475474526,0.5386891173127512,5,2,-4.5,147.5,Chad Shepherd/Jeff Flowers/Michael Kashirsky,"Flagstaff, AZ",J. Lawrence Walkup Skydome,7000,790,NA,NA,Eastern Washington,missed,Tyreese Davis,NA,TRUE,FALSE,Eastern Washington,Northern Arizona,TRUE
401469680,2023-01-21,Northern Arizona,Eastern Washington,172,2,19:47,1187,1187,Jalen Cone Defensive Rebound.,home,39,38,1,3,FALSE,FALSE,0.39906281020986606,0.5387507609385184,5,2,-4.5,147.5,Chad Shepherd/Jeff Flowers/Michael Kashirsky,"Flagstaff, AZ",J. Lawrence Walkup Skydome,7000,790,NA,NA,NA,NA,NA,NA,NA,NA,Eastern Washington,Northern Arizona,FALSE
401469680,2023-01-21,Northern Arizona,Eastern Washington,173,2,19:36,1176,1176,Foul on Steele Venters.,away,39,38,1,11,FALSE,TRUE,0.3997241778418101,0.5389743828911827,5,2,-4.5,147.5,Chad Shepherd/Jeff Flowers/Michael Kashirsky,"Flagstaff, AZ",J. Lawrence Walkup Skydome,7000,790,NA,NA,NA,NA,NA,NA,NA,NA,Northern Arizona,Northern Arizona,FALSE
401469680,2023-01-21,Northern Arizona,Eastern Washington,174,2,19:23,1163,1163,Xavier Fuller missed Three Point Jumper.,home,39,38,1,13,FALSE,FALSE,0.4005002552684487,0.5392347452041315,5,2,-4.5,147.5,Chad Shepherd/Jeff Flowers/Michael Kashirsky,"Flagstaff, AZ",J. Lawrence Walkup Skydome,7000,790,NA,NA,Northern Arizona,missed,Xavier Fuller,NA,TRUE,FALSE,Northern Arizona,Eastern Washington,FALSE
401469680,2023-01-21,Northern Arizona,Eastern Washington,175,2,19:22,1162,1162,Eastern Washington Defensive Rebound.,away,39,38,1,1,FALSE,FALSE,0.4005597596571135,0.5392546368731765,5,2,-4.5,147.5,Chad Shepherd/Jeff Flowers/Michael Kashirsky,"Flagstaff, AZ",J. Lawrence Walkup Skydome,7000,790,NA,NA,NA,NA,NA,NA,NA,NA,Northern Arizona,Eastern Washington,FALSE
401469680,2023-01-21,Northern Arizona,Eastern Washington,176,2,19:07,1147,1147,Angelo Allegri missed Three Point Jumper.,away,39,38,1,15,FALSE,FALSE,0.4014500912012735,0.5395514645944625,5,2,-4.5,147.5,Chad Shepherd/Jeff Flowers/Michael Kashirsky,"Flagstaff, AZ",J. Lawrence Walkup Skydome,7000,790,NA,NA,Eastern Washington,missed,Angelo Allegri,NA,TRUE,FALSE,Eastern Washington,Eastern Washington,FALSE
401469680,2023-01-21,Northern Arizona,Eastern Washington,177,2,19:02,1142,1142,Casey Jones Offensive Rebound.,away,39,38,1,5,FALSE,FALSE,0.4017462666589191,0.5396500000301686,5,2,-4.5,147.5,Chad Shepherd/Jeff Flowers/Michael Kashirsky,"Flagstaff, AZ",J. Lawrence Walkup Skydome,7000,790,NA,NA,NA,NA,NA,NA,NA,NA,Eastern Washington,Eastern Washington,FALSE
401469680,2023-01-21,Northern Arizona,Eastern Washington,178,2,19:02,1142,1142,Foul on Trenton McLaughlin.,home,39,38,1,0,FALSE,TRUE,0.4017462666589191,0.5396500000301686,5,2,-4.5,147.5,Chad Shepherd/Jeff Flowers/Michael Kashirsky,"Flagstaff, AZ",J. Lawrence Walkup Skydome,7000,790,NA,NA,NA,NA,NA,NA,NA,NA,Eastern Washington,Eastern Washington,FALSE
401469680,2023-01-21,Northern Arizona,Eastern Washington,179,2,19:02,1142,1142,Casey Jones made Free Throw.,away,39,39,0,0,TRUE,FALSE,0.36421225281251923,0.5,5,2,-4.5,147.5,Chad Shepherd/Jeff Flowers/Michael Kashirsky,"Flagstaff, AZ",J. Lawrence Walkup Skydome,7000,790,NA,NA,Eastern Washington,made,Casey Jones,NA,FALSE,TRUE,Eastern Washington,Eastern Washington,FALSE
401469680,2023-01-21,Northern Arizona,Eastern Washington,180,2,19:02,1142,1142,Casey Jones made Free Throw.,away,39,40,-1,0,TRUE,FALSE,0.3282608169606848,0.46034999996983134,5,2,-4.5,147.5,Chad Shepherd/Jeff Flowers/Michael Kashirsky,"Flagstaff, AZ",J. Lawrence Walkup Skydome,7000,790,NA,NA,Eastern Washington,made,Casey Jones,NA,FALSE,TRUE,Eastern Washington,Northern Arizona,FALSE
401469680,2023-01-21,Northern Arizona,Eastern Washington,181,2,18:53,1133,1133,Trenton McLaughlin made Three Point Jumper. Assisted by Jalen Cone.,home,42,40,2,9,TRUE,FALSE,0.44119093385129643,0.5791523191444291,5,2,-4.5,147.5,Chad Shepherd/Jeff Flowers/Michael Kashirsky,"Flagstaff, AZ",J. Lawrence Walkup Skydome,7000,790,NA,NA,Northern Arizona,made,Trenton McLaughlin,Jalen Cone,TRUE,FALSE,Northern Arizona,Eastern Washington,FALSE
401469680,2023-01-21,Northern Arizona,Eastern Washington,182,2,18:31,1111,1111,Steele Venters missed Three Point Jumper.,away,42,40,2,22,FALSE,FALSE,0.44296192275820695,0.580006831520399,5,2,-4.5,147.5,Chad Shepherd/Jeff Flowers/Michael Kashirsky,"Flagstaff, AZ",J. Lawrence Walkup Skydome,7000,790,NA,NA,Eastern Washington,missed,Steele Venters,NA,TRUE,FALSE,Eastern Washington,Eastern Washington,FALSE
401469680,2023-01-21,Northern Arizona,Eastern Washington,183,2,18:28,1108,1108,Steele Venters Offensive Rebound.,away,42,40,2,3,FALSE,FALSE,0.4432046964863277,0.5801243760510574,5,2,-4.5,147.5,Chad Shepherd/Jeff Flowers/Michael Kashirsky,"Flagstaff, AZ",J. Lawrence Walkup Skydome,7000,790,NA,NA,NA,NA,NA,NA,NA,NA,Eastern Washington,Eastern Washington,FALSE
401469680,2023-01-21,Northern Arizona,Eastern Washington,184,2,18:26,1106,1106,Steele Venters made Layup.,away,42,42,0,2,TRUE,FALSE,0.365605612508768,0.5,5,2,-4.5,147.5,Chad Shepherd/Jeff Flowers/Michael Kashirsky,"Flagstaff, AZ",J. Lawrence Walkup Skydome,7000,790,NA,NA,Eastern Washington,made,Steele Venters,NA,FALSE,FALSE,Eastern Washington,Northern Arizona,FALSE
401469680,2023-01-21,Northern Arizona,Eastern Washington,185,2,17:58,1078,1078,Carson Towt missed Layup.,home,42,42,0,28,FALSE,FALSE,0.366695105087478,0.5,5,2,-4.5,147.5,Chad Shepherd/Jeff Flowers/Michael Kashirsky,"Flagstaff, AZ",J. Lawrence Walkup Skydome,7000,790,NA,NA,Northern Arizona,missed,Carson Towt,NA,FALSE,FALSE,Northern Arizona,Eastern Washington,FALSE
401469680,2023-01-21,Northern Arizona,Eastern Washington,186,2,17:55,1075,1075,Ethan Price Defensive Rebound.,away,42,42,0,3,FALSE,FALSE,0.36681242591647817,0.5,5,2,-4.5,147.5,Chad Shepherd/Jeff Flowers/Michael Kashirsky,"Flagstaff, AZ",J. Lawrence Walkup Skydome,7000,790,NA,NA,NA,NA,NA,NA,NA,NA,Northern Arizona,Eastern Washington,FALSE
401469680,2023-01-21,Northern Arizona,Eastern Washington,187,2,17:52,1072,1072,Casey Jones made Layup. Assisted by Steele Venters.,away,42,44,-2,3,TRUE,FALSE,0.29428885639148494,0.418427054184299,5,2,-4.5,147.5,Chad Shepherd/Jeff Flowers/Michael Kashirsky,"Flagstaff, AZ",J. Lawrence Walkup Skydome,7000,790,NA,NA,Eastern Washington,made,Casey Jones,Steele Venters,FALSE,FALSE,Eastern Washington,Northern Arizona,FALSE
401469680,2023-01-21,Northern Arizona,Eastern Washington,188,2,17:29,1049,1049,Xavier Fuller made Jumper. Assisted by Jack Wistrcill.,home,44,44,0,23,TRUE,FALSE,0.3678359950281639,0.5,5,2,-4.5,147.5,Chad Shepherd/Jeff Flowers/Michael Kashirsky,"Flagstaff, AZ",J. Lawrence Walkup Skydome,7000,790,NA,NA,Northern Arizona,made,Xavier Fuller,Jack Wistrcill,FALSE,FALSE,Northern Arizona,Eastern Washington,FALSE
401469680,2023-01-21,Northern Arizona,Eastern Washington,189,2,16:58,1018,1018,Steele Venters missed Three Point Jumper.,away,44,44,0,31,FALSE,FALSE,0.36907728963537256,0.5,5,2,-4.5,147.5,Chad Shepherd/Jeff Flowers/Michael Kashirsky,"Flagstaff, AZ",J. Lawrence Walkup Skydome,7000,790,NA,NA,Eastern Washington,missed,Steele Venters,NA,TRUE,FALSE,Eastern Washington,Northern Arizona,FALSE
401469680,2023-01-21,Northern Arizona,Eastern Washington,190,2,16:57,1017,1017,Carson Towt Defensive Rebound.,home,44,44,0,1,FALSE,FALSE,0.36911779697709346,0.5,5,2,-4.5,147.5,Chad Shepherd/Jeff Flowers/Michael Kashirsky,"Flagstaff, AZ",J. Lawrence Walkup Skydome,7000,790,NA,NA,NA,NA,NA,NA,NA,NA,Eastern Washington,Northern Arizona,FALSE
401469680,2023-01-21,Northern Arizona,Eastern Washington,191,2,16:57,1017,1017,Foul on Xavier Fuller.,home,44,44,0,0,FALSE,TRUE,0.36911779697709346,0.5,5,2,-4.5,147.5,Chad Shepherd/Jeff Flowers/Michael Kashirsky,"Flagstaff, AZ",J. Lawrence Walkup Skydome,7000,790,NA,NA,NA,NA,NA,NA,NA,NA,Eastern Washington,Eastern Washington,FALSE
401469680,2023-01-21,Northern Arizona,Eastern Washington,192,2,16:55,1015,1015,Angelo Allegri Turnover.,away,44,44,0,2,FALSE,FALSE,0.3691989085840095,0.5,5,2,-4.5,147.5,Chad Shepherd/Jeff Flowers/Michael Kashirsky,"Flagstaff, AZ",J. Lawrence Walkup Skydome,7000,790,NA,NA,NA,NA,NA,NA,NA,NA,Eastern Washington,Northern Arizona,FALSE
401469680,2023-01-21,Northern Arizona,Eastern Washington,193,2,16:55,1015,1015,Jalen Cone Steal.,home,44,44,0,0,FALSE,FALSE,0.3691989085840095,0.5,5,2,-4.5,147.5,Chad Shepherd/Jeff Flowers/Michael Kashirsky,"Flagstaff, AZ",J. Lawrence Walkup Skydome,7000,790,NA,NA,NA,NA,NA,NA,NA,NA,Eastern Washington,Northern Arizona,FALSE
401469680,2023-01-21,Northern Arizona,Eastern Washington,194,2,16:50,1010,1010,Jalen Cone made Three Point Jumper.,home,47,44,3,5,TRUE,FALSE,0.4940780348122321,0.6250626600471884,5,2,-4.5,147.5,Chad Shepherd/Jeff Flowers/Michael Kashirsky,"Flagstaff, AZ",J. Lawrence Walkup Skydome,7000,790,NA,NA,Northern Arizona,made,Jalen Cone,NA,TRUE,FALSE,Northern Arizona,Eastern Washington,FALSE
401469680,2023-01-21,Northern Arizona,Eastern Washington,195,2,16:33,993,993,Angelo Allegri Turnover.,away,47,44,3,17,FALSE,FALSE,0.4961647668574448,0.6263161975340164,5,2,-4.5,147.5,Chad Shepherd/Jeff Flowers/Michael Kashirsky,"Flagstaff, AZ",J. Lawrence Walkup Skydome,7000,790,NA,NA,NA,NA,NA,NA,NA,NA,Eastern Washington,Northern Arizona,FALSE
401469680,2023-01-21,Northern Arizona,Eastern Washington,196,2,16:20,980,980,Jalen Cone missed Three Point Jumper.,home,47,44,3,13,FALSE,FALSE,0.49782588272398015,0.6273275105487054,5,2,-4.5,147.5,Chad Shepherd/Jeff Flowers/Michael Kashirsky,"Flagstaff, AZ",J. Lawrence Walkup Skydome,7000,790,NA,NA,Northern Arizona,missed,Jalen Cone,NA,TRUE,FALSE,Northern Arizona,Northern Arizona,FALSE
401469680,2023-01-21,Northern Arizona,Eastern Washington,197,2,16:16,976,976,Carson Towt Offensive Rebound.,home,47,44,3,4,FALSE,FALSE,0.498349295094206,0.6276485870463538,5,2,-4.5,147.5,Chad Shepherd/Jeff Flowers/Michael Kashirsky,"Flagstaff, AZ",J. Lawrence Walkup Skydome,7000,790,NA,NA,NA,NA,NA,NA,NA,NA,Northern Arizona,Northern Arizona,FALSE
401469680,2023-01-21,Northern Arizona,Eastern Washington,198,2,16:15,975,975,Carson Towt made Dunk.,home,49,44,5,1,TRUE,FALSE,0.5847370644760166,0.7049152817406917,5,2,-4.5,147.5,Chad Shepherd/Jeff Flowers/Michael Kashirsky,"Flagstaff, AZ",J. Lawrence Walkup Skydome,7000,790,NA,NA,Northern Arizona,made,Carson Towt,NA,FALSE,FALSE,Northern Arizona,Eastern Washington,FALSE
401469680,2023-01-21,Northern Arizona,Eastern Washington,199,2,15:56,956,956,Steele Venters made Layup.,away,49,46,3,19,TRUE,FALSE,0.5009564184195083,0.6292510705119942,5,2,-4.5,147.5,Chad Shepherd/Jeff Flowers/Michael Kashirsky,"Flagstaff, AZ",J. Lawrence Walkup Skydome,7000,790,NA,NA,Eastern Washington,made,Steele Venters,NA,FALSE,FALSE,Eastern Washington,Northern Arizona,FALSE
401469680,2023-01-21,Northern Arizona,Eastern Washington,200,2,15:35,935,935,Nik Mains Turnover.,home,49,46,3,21,FALSE,FALSE,0.5034643411187555,0.6307687846021681,5,2,-4.5,147.5,Chad Shepherd/Jeff Flowers/Michael Kashirsky,"Flagstaff, AZ",J. Lawrence Walkup Skydome,7000,790,NA,NA,NA,NA,NA,NA,NA,NA,Northern Arizona,Eastern Washington,FALSE
401469680,2023-01-21,Northern Arizona,Eastern Washington,201,2,15:35,935,935,Ethan Price Steal.,away,49,46,3,0,FALSE,FALSE,0.5034643411187555,0.6307687846021681,5,2,-4.5,147.5,Chad Shepherd/Jeff Flowers/Michael Kashirsky,"Flagstaff, AZ",J. Lawrence Walkup Skydome,7000,790,NA,NA,NA,NA,NA,NA,NA,NA,Northern Arizona,Eastern Washington,FALSE
401469680,2023-01-21,Northern Arizona,Eastern Washington,202,2,15:25,925,925,Ethan Price made Jumper. Assisted by Angelo Allegri.,away,49,48,1,10,TRUE,FALSE,0.4156679677197823,0.5447471370252722,5,2,-4.5,147.5,Chad Shepherd/Jeff Flowers/Michael Kashirsky,"Flagstaff, AZ",J. Lawrence Walkup Skydome,7000,790,NA,NA,Eastern Washington,made,Ethan Price,Angelo Allegri,FALSE,FALSE,Eastern Washington,Northern Arizona,FALSE
401469680,2023-01-21,Northern Arizona,Eastern Washington,203,2,15:01,901,901,Nik Mains made Three Point Jumper. Assisted by Carson Towt.,home,52,48,4,24,TRUE,FALSE,0.5523810382537369,0.674063805541245,5,2,-4.5,147.5,Chad Shepherd/Jeff Flowers/Michael Kashirsky,"Flagstaff, AZ",J. Lawrence Walkup Skydome,7000,790,NA,NA,Northern Arizona,made,Nik Mains,Carson Towt,TRUE,FALSE,Northern Arizona,Eastern Washington,FALSE
401469680,2023-01-21,Northern Arizona,Eastern Washington,204,2,14:38,878,878,Angelo Allegri missed Three Point Jumper.,away,52,48,4,23,FALSE,FALSE,0.5552251908620441,0.6758304942802795,5,2,-4.5,147.5,Chad Shepherd/Jeff Flowers/Michael Kashirsky,"Flagstaff, AZ",J. Lawrence Walkup Skydome,7000,790,NA,NA,Eastern Washington,missed,Angelo Allegri,NA,TRUE,FALSE,Eastern Washington,Northern Arizona,FALSE
401469680,2023-01-21,Northern Arizona,Eastern Washington,205,2,14:35,875,875,Jalen Cone Defensive Rebound.,home,52,48,4,3,FALSE,FALSE,0.5555942082551818,0.6760599061483475,5,2,-4.5,147.5,Chad Shepherd/Jeff Flowers/Michael Kashirsky,"Flagstaff, AZ",J. Lawrence Walkup Skydome,7000,790,NA,NA,NA,NA,NA,NA,NA,NA,Eastern Washington,Northern Arizona,FALSE
401469680,2023-01-21,Northern Arizona,Eastern Washington,206,2,14:22,862,862,Foul on Ethan Price.,away,52,48,4,13,FALSE,TRUE,0.5572009130324256,0.6770607935781169,5,2,-4.5,147.5,Chad Shepherd/Jeff Flowers/Michael Kashirsky,"Flagstaff, AZ",J. Lawrence Walkup Skydome,7000,790,NA,NA,NA,NA,NA,NA,NA,NA,Northern Arizona,Northern Arizona,FALSE
401469680,2023-01-21,Northern Arizona,Eastern Washington,207,2,14:22,862,862, Official TV Timeout,NA,52,48,4,0,FALSE,FALSE,0.5572009130324256,0.6770607935781169,5,1,-4.5,147.5,Chad Shepherd/Jeff Flowers/Michael Kashirsky,"Flagstaff, AZ",J. Lawrence Walkup Skydome,7000,790,NA,NA,NA,NA,NA,NA,NA,NA,Northern Arizona,Northern Arizona,FALSE
401469680,2023-01-21,Northern Arizona,Eastern Washington,208,2,14:22,862,862,Liam Lloyd missed Free Throw.,home,52,48,4,0,FALSE,FALSE,0.5572009130324256,0.6770607935781169,5,1,-4.5,147.5,Chad Shepherd/Jeff Flowers/Michael Kashirsky,"Flagstaff, AZ",J. Lawrence Walkup Skydome,7000,790,NA,NA,Northern Arizona,missed,Liam Lloyd,NA,FALSE,TRUE,Northern Arizona,Northern Arizona,FALSE
401469680,2023-01-21,Northern Arizona,Eastern Washington,209,2,14:22,862,862,Northern Arizona Deadball Team Rebound.,home,52,48,4,0,FALSE,FALSE,0.5572009130324256,0.6770607935781169,5,1,-4.5,147.5,Chad Shepherd/Jeff Flowers/Michael Kashirsky,"Flagstaff, AZ",J. Lawrence Walkup Skydome,7000,790,NA,NA,NA,NA,NA,NA,NA,NA,Northern Arizona,Northern Arizona,FALSE
401469680,2023-01-21,Northern Arizona,Eastern Washington,210,2,14:22,862,862,Liam Lloyd made Free Throw.,home,53,48,5,0,TRUE,FALSE,0.6022583868392322,0.7161352638552284,5,1,-4.5,147.5,Chad Shepherd/Jeff Flowers/Michael Kashirsky,"Flagstaff, AZ",J. Lawrence Walkup Skydome,7000,790,NA,NA,Northern Arizona,made,Liam Lloyd,NA,FALSE,TRUE,Northern Arizona,Eastern Washington,FALSE
401469680,2023-01-21,Northern Arizona,Eastern Washington,211,2,14:06,846,846,Foul on Jack Wistrcill.,home,53,48,5,16,FALSE,TRUE,0.6045628360756735,0.7176037266986278,5,1,-4.5,147.5,Chad Shepherd/Jeff Flowers/Michael Kashirsky,"Flagstaff, AZ",J. Lawrence Walkup Skydome,7000,790,NA,NA,NA,NA,NA,NA,NA,NA,Eastern Washington,Eastern Washington,FALSE
401469680,2023-01-21,Northern Arizona,Eastern Washington,212,2,14:06,846,846,Dane Erikstrup made Free Throw.,away,53,49,4,0,TRUE,FALSE,0.5592188673437785,0.6783250329382781,5,1,-4.5,147.5,Chad Shepherd/Jeff Flowers/Michael Kashirsky,"Flagstaff, AZ",J. Lawrence Walkup Skydome,7000,790,NA,NA,Eastern Washington,made,Dane Erikstrup,NA,FALSE,TRUE,Eastern Washington,Eastern Washington,FALSE
401469680,2023-01-21,Northern Arizona,Eastern Washington,213,2,14:06,846,846,Dane Erikstrup made Free Throw.,away,53,50,3,0,TRUE,FALSE,0.512864969078463,0.6363515868061465,5,1,-4.5,147.5,Chad Shepherd/Jeff Flowers/Michael Kashirsky,"Flagstaff, AZ",J. Lawrence Walkup Skydome,7000,790,NA,NA,Eastern Washington,made,Dane Erikstrup,NA,FALSE,TRUE,Eastern Washington,Northern Arizona,FALSE
401469680,2023-01-21,Northern Arizona,Eastern Washington,214,2,13:37,817,817,Jalen Cone made Three Point Jumper. Assisted by Xavier Fuller.,home,56,50,6,29,TRUE,FALSE,0.6530570746644205,0.7569703465388525,5,1,-4.5,147.5,Chad Shepherd/Jeff Flowers/Michael Kashirsky,"Flagstaff, AZ",J. Lawrence Walkup Skydome,7000,790,NA,NA,Northern Arizona,made,Jalen Cone,Xavier Fuller,TRUE,FALSE,Northern Arizona,Eastern Washington,FALSE
401469680,2023-01-21,Northern Arizona,Eastern Washington,215,2,13:19,799,799,Angelo Allegri missed Three Point Jumper.,away,56,50,6,18,FALSE,FALSE,0.6563833110534459,0.7591374936991029,5,1,-4.5,147.5,Chad Shepherd/Jeff Flowers/Michael Kashirsky,"Flagstaff, AZ",J. Lawrence Walkup Skydome,7000,790,NA,NA,Eastern Washington,missed,Angelo Allegri,NA,TRUE,FALSE,Eastern Washington,Eastern Washington,FALSE
401469680,2023-01-21,Northern Arizona,Eastern Washington,216,2,13:19,799,799,Nik Mains Block.,home,56,50,6,0,FALSE,FALSE,0.6563833110534459,0.7591374936991029,5,1,-4.5,147.5,Chad Shepherd/Jeff Flowers/Michael Kashirsky,"Flagstaff, AZ",J. Lawrence Walkup Skydome,7000,790,NA,NA,NA,NA,NA,NA,NA,NA,Eastern Washington,Eastern Washington,FALSE
401469680,2023-01-21,Northern Arizona,Eastern Washington,217,2,13:14,794,794,Angelo Allegri Offensive Rebound.,away,56,50,6,5,FALSE,FALSE,0.6573593344378327,0.7597770683634278,5,1,-4.5,147.5,Chad Shepherd/Jeff Flowers/Michael Kashirsky,"Flagstaff, AZ",J. Lawrence Walkup Skydome,7000,790,NA,NA,NA,NA,NA,NA,NA,NA,Eastern Washington,Eastern Washington,FALSE
401469680,2023-01-21,Northern Arizona,Eastern Washington,218,2,13:12,792,792,Cedric Coward made Layup. Assisted by Angelo Allegri.,away,56,52,4,2,TRUE,FALSE,0.5668517125210057,0.683216170805568,5,1,-4.5,147.5,Chad Shepherd/Jeff Flowers/Michael Kashirsky,"Flagstaff, AZ",J. Lawrence Walkup Skydome,7000,790,NA,NA,Eastern Washington,made,Cedric Coward,Angelo Allegri,FALSE,FALSE,Eastern Washington,Northern Arizona,FALSE
401469680,2023-01-21,Northern Arizona,Eastern Washington,219,2,12:44,764,764,Jack Wistrcill missed Jumper.,home,56,52,4,28,FALSE,FALSE,0.5716585367501918,0.6863849750448061,5,1,-4.5,147.5,Chad Shepherd/Jeff Flowers/Michael Kashirsky,"Flagstaff, AZ",J. Lawrence Walkup Skydome,7000,790,NA,NA,Northern Arizona,missed,Jack Wistrcill,NA,FALSE,FALSE,Northern Arizona,Eastern Washington,FALSE
401469680,2023-01-21,Northern Arizona,Eastern Washington,220,2,12:44,764,764,Cedric Coward Block.,away,56,52,4,0,FALSE,FALSE,0.5716585367501918,0.6863849750448061,5,1,-4.5,147.5,Chad Shepherd/Jeff Flowers/Michael Kashirsky,"Flagstaff, AZ",J. Lawrence Walkup Skydome,7000,790,NA,NA,NA,NA,NA,NA,NA,NA,Northern Arizona,Eastern Washington,FALSE
401469680,2023-01-21,Northern Arizona,Eastern Washington,221,2,12:38,758,758,Ellis Magnuson Defensive Rebound.,away,56,52,4,6,FALSE,FALSE,0.5727915363674455,0.6871399431044057,5,1,-4.5,147.5,Chad Shepherd/Jeff Flowers/Michael Kashirsky,"Flagstaff, AZ",J. Lawrence Walkup Skydome,7000,790,NA,NA,NA,NA,NA,NA,NA,NA,Northern Arizona,Eastern Washington,FALSE
401469680,2023-01-21,Northern Arizona,Eastern Washington,222,2,12:34,754,754,Dane Erikstrup made Three Point Jumper. Assisted by Ellis Magnuson.,away,56,55,1,4,TRUE,FALSE,0.42666483025953694,0.5491656819752061,5,1,-4.5,147.5,Chad Shepherd/Jeff Flowers/Michael Kashirsky,"Flagstaff, AZ",J. Lawrence Walkup Skydome,7000,790,NA,NA,Eastern Washington,made,Dane Erikstrup,Ellis Magnuson,TRUE,FALSE,Eastern Washington,Northern Arizona,FALSE
401469680,2023-01-21,Northern Arizona,Eastern Washington,223,2,12:04,724,724,Jalen Cone made Three Point Jumper. Assisted by Xavier Fuller.,home,59,55,4,30,TRUE,FALSE,0.5799841751662111,0.6919814646448283,5,1,-4.5,147.5,Chad Shepherd/Jeff Flowers/Michael Kashirsky,"Flagstaff, AZ",J. Lawrence Walkup Skydome,7000,790,NA,NA,Northern Arizona,made,Jalen Cone,Xavier Fuller,TRUE,FALSE,Northern Arizona,Eastern Washington,FALSE
401469680,2023-01-21,Northern Arizona,Eastern Washington,224,2,11:40,700,700,Dane Erikstrup made Three Point Jumper. Assisted by Angelo Allegri.,away,59,58,1,24,TRUE,FALSE,0.43151284237587284,0.5513564629837687,5,1,-4.5,147.5,Chad Shepherd/Jeff Flowers/Michael Kashirsky,"Flagstaff, AZ",J. Lawrence Walkup Skydome,7000,790,NA,NA,Eastern Washington,made,Dane Erikstrup,Angelo Allegri,TRUE,FALSE,Eastern Washington,Northern Arizona,FALSE
401469680,2023-01-21,Northern Arizona,Eastern Washington,225,2,11:15,675,675,Jalen Cone missed Three Point Jumper.,home,59,58,1,25,FALSE,FALSE,0.43356852696041465,0.5522193472608232,5,1,-4.5,147.5,Chad Shepherd/Jeff Flowers/Michael Kashirsky,"Flagstaff, AZ",J. Lawrence Walkup Skydome,7000,790,NA,NA,Northern Arizona,missed,Jalen Cone,NA,TRUE,FALSE,Northern Arizona,Eastern Washington,FALSE
401469680,2023-01-21,Northern Arizona,Eastern Washington,226,2,11:15,675,675,Angelo Allegri Block.,away,59,58,1,0,FALSE,FALSE,0.43356852696041465,0.5522193472608232,5,1,-4.5,147.5,Chad Shepherd/Jeff Flowers/Michael Kashirsky,"Flagstaff, AZ",J. Lawrence Walkup Skydome,7000,790,NA,NA,NA,NA,NA,NA,NA,NA,Northern Arizona,Eastern Washington,FALSE
401469680,2023-01-21,Northern Arizona,Eastern Washington,227,2,11:10,670,670,Dane Erikstrup Defensive Rebound.,away,59,58,1,5,FALSE,FALSE,0.4339712746489975,0.552384935451032,5,1,-4.5,147.5,Chad Shepherd/Jeff Flowers/Michael Kashirsky,"Flagstaff, AZ",J. Lawrence Walkup Skydome,7000,790,NA,NA,NA,NA,NA,NA,NA,NA,Northern Arizona,Eastern Washington,FALSE
401469680,2023-01-21,Northern Arizona,Eastern Washington,228,2,11:07,667,667,Angelo Allegri missed Three Point Jumper.,away,59,58,1,3,FALSE,FALSE,0.43421262854342585,0.5524838899079085,5,1,-4.5,147.5,Chad Shepherd/Jeff Flowers/Michael Kashirsky,"Flagstaff, AZ",J. Lawrence Walkup Skydome,7000,790,NA,NA,Eastern Washington,missed,Angelo Allegri,NA,TRUE,FALSE,Eastern Washington,Northern Arizona,FALSE
401469680,2023-01-21,Northern Arizona,Eastern Washington,229,2,11:04,664,664,Liam Lloyd Defensive Rebound.,home,59,58,1,3,FALSE,FALSE,0.4344540237098294,0.5525827253624076,5,1,-4.5,147.5,Chad Shepherd/Jeff Flowers/Michael Kashirsky,"Flagstaff, AZ",J. Lawrence Walkup Skydome,7000,790,NA,NA,NA,NA,NA,NA,NA,NA,Eastern Washington,Northern Arizona,FALSE
401469680,2023-01-21,Northern Arizona,Eastern Washington,230,2,11:01,661,661,Xavier Fuller missed Layup.,home,59,58,1,3,FALSE,FALSE,0.4346956748959915,0.5526815889280128,5,1,-4.5,147.5,Chad Shepherd/Jeff Flowers/Michael Kashirsky,"Flagstaff, AZ",J. Lawrence Walkup Skydome,7000,790,NA,NA,Northern Arizona,missed,Xavier Fuller,NA,FALSE,FALSE,Northern Arizona,Eastern Washington,FALSE
401469680,2023-01-21,Northern Arizona,Eastern Washington,231,2,11:01,661,661,Cedric Coward Defensive Rebound.,away,59,58,1,0,FALSE,FALSE,0.4346956748959915,0.5526815889280128,5,1,-4.5,147.5,Chad Shepherd/Jeff Flowers/Michael Kashirsky,"Flagstaff, AZ",J. Lawrence Walkup Skydome,7000,790,NA,NA,NA,NA,NA,NA,NA,NA,Northern Arizona,Eastern Washington,FALSE
401469680,2023-01-21,Northern Arizona,Eastern Washington,232,2,11:01,661,661,Foul on Jack Wistrcill.,home,59,58,1,0,FALSE,TRUE,0.4346956748959915,0.5526815889280128,5,1,-4.5,147.5,Chad Shepherd/Jeff Flowers/Michael Kashirsky,"Flagstaff, AZ",J. Lawrence Walkup Skydome,7000,790,NA,NA,NA,NA,NA,NA,NA,NA,Northern Arizona,Eastern Washington,FALSE
401469680,2023-01-21,Northern Arizona,Eastern Washington,233,2,11:01,661,661, Official TV Timeout,NA,59,58,1,0,FALSE,FALSE,0.4346956748959915,0.5526815889280128,5,0,-4.5,147.5,Chad Shepherd/Jeff Flowers/Michael Kashirsky,"Flagstaff, AZ",J. Lawrence Walkup Skydome,7000,790,NA,NA,NA,NA,NA,NA,NA,NA,Northern Arizona,Eastern Washington,FALSE
401469680,2023-01-21,Northern Arizona,Eastern Washington,234,2,10:50,650,650,Cedric Coward missed Three Point Jumper.,away,59,58,1,11,FALSE,FALSE,0.4355873930259605,0.5530467059312002,5,0,-4.5,147.5,Chad Shepherd/Jeff Flowers/Michael Kashirsky,"Flagstaff, AZ",J. Lawrence Walkup Skydome,7000,790,NA,NA,Eastern Washington,missed,Cedric Coward,NA,TRUE,FALSE,Eastern Washington,Northern Arizona,FALSE
401469680,2023-01-21,Northern Arizona,Eastern Washington,235,2,10:47,647,647,Carson Towt Defensive Rebound.,home,59,58,1,3,FALSE,FALSE,0.43583308163758233,0.5531476451152163,5,0,-4.5,147.5,Chad Shepherd/Jeff Flowers/Michael Kashirsky,"Flagstaff, AZ",J. Lawrence Walkup Skydome,7000,790,NA,NA,NA,NA,NA,NA,NA,NA,Eastern Washington,Northern Arizona,FALSE
401469680,2023-01-21,Northern Arizona,Eastern Washington,236,2,10:33,633,633,Foul on Ellis Magnuson.,away,59,58,1,14,FALSE,TRUE,0.4370026145877976,0.5536324570128203,5,0,-4.5,147.5,Chad Shepherd/Jeff Flowers/Michael Kashirsky,"Flagstaff, AZ",J. Lawrence Walkup Skydome,7000,790,NA,NA,NA,NA,NA,NA,NA,NA,Northern Arizona,Eastern Washington,FALSE
401469680,2023-01-21,Northern Arizona,Eastern Washington,237,2,10:33,633,633,Nik Mains made Free Throw.,home,60,58,2,0,TRUE,FALSE,0.4905067723542837,0.6060447879572949,5,0,-4.5,147.5,Chad Shepherd/Jeff Flowers/Michael Kashirsky,"Flagstaff, AZ",J. Lawrence Walkup Skydome,7000,790,NA,NA,Northern Arizona,made,Nik Mains,NA,FALSE,TRUE,Northern Arizona,Northern Arizona,FALSE
401469680,2023-01-21,Northern Arizona,Eastern Washington,238,2,10:33,633,633,Nik Mains missed Free Throw.,home,60,58,2,0,FALSE,FALSE,0.4905067723542837,0.6060447879572949,5,0,-4.5,147.5,Chad Shepherd/Jeff Flowers/Michael Kashirsky,"Flagstaff, AZ",J. Lawrence Walkup Skydome,7000,790,NA,NA,Northern Arizona,missed,Nik Mains,NA,FALSE,TRUE,Northern Arizona,Eastern Washington,FALSE
401469680,2023-01-21,Northern Arizona,Eastern Washington,239,2,10:33,633,633,Dane Erikstrup Defensive Rebound.,away,60,58,2,0,FALSE,FALSE,0.4905067723542837,0.6060447879572949,5,0,-4.5,147.5,Chad Shepherd/Jeff Flowers/Michael Kashirsky,"Flagstaff, AZ",J. Lawrence Walkup Skydome,7000,790,NA,NA,NA,NA,NA,NA,NA,NA,Northern Arizona,Eastern Washington,FALSE
401469680,2023-01-21,Northern Arizona,Eastern Washington,240,2,10:21,621,621,Foul on Xavier Fuller.,home,60,58,2,12,FALSE,TRUE,0.49201450244207695,0.6068982163997042,5,0,-4.5,147.5,Chad Shepherd/Jeff Flowers/Michael Kashirsky,"Flagstaff, AZ",J. Lawrence Walkup Skydome,7000,790,NA,NA,NA,NA,NA,NA,NA,NA,Eastern Washington,Eastern Washington,FALSE
401469680,2023-01-21,Northern Arizona,Eastern Washington,241,2,10:08,608,608,Dane Erikstrup made Layup. Assisted by Cedric Coward.,away,60,60,0,13,TRUE,FALSE,0.3861585651829737,0.5,5,0,-4.5,147.5,Chad Shepherd/Jeff Flowers/Michael Kashirsky,"Flagstaff, AZ",J. Lawrence Walkup Skydome,7000,790,NA,NA,Eastern Washington,made,Dane Erikstrup,Cedric Coward,FALSE,FALSE,Eastern Washington,Northern Arizona,FALSE
401469680,2023-01-21,Northern Arizona,Eastern Washington,242,2,10:08,608,608,Foul on Carson Towt.,home,60,60,0,0,FALSE,TRUE,0.3861585651829737,0.5,5,0,-4.5,147.5,Chad Shepherd/Jeff Flowers/Michael Kashirsky,"Flagstaff, AZ",J. Lawrence Walkup Skydome,7000,790,NA,NA,NA,NA,NA,NA,NA,NA,Eastern Washington,Eastern Washington,FALSE
401469680,2023-01-21,Northern Arizona,Eastern Washington,243,2,10:08,608,608,Dane Erikstrup made Free Throw.,away,60,61,-1,0,TRUE,FALSE,0.3356524238356665,0.4454083119535701,5,0,-4.5,147.5,Chad Shepherd/Jeff Flowers/Michael Kashirsky,"Flagstaff, AZ",J. Lawrence Walkup Skydome,7000,790,NA,NA,Eastern Washington,made,Dane Erikstrup,NA,FALSE,TRUE,Eastern Washington,Northern Arizona,FALSE
401469680,2023-01-21,Northern Arizona,Eastern Washington,244,2,9:43,583,583,Xavier Fuller missed Jumper.,home,60,61,-1,25,FALSE,FALSE,0.3358663772238954,0.4442568036314174,5,0,-4.5,147.5,Chad Shepherd/Jeff Flowers/Michael Kashirsky,"Flagstaff, AZ",J. Lawrence Walkup Skydome,7000,790,NA,NA,Northern Arizona,missed,Xavier Fuller,NA,FALSE,FALSE,Northern Arizona,Eastern Washington,FALSE
401469680,2023-01-21,Northern Arizona,Eastern Washington,245,2,9:39,579,579,Deon Stroud Defensive Rebound.,away,60,61,-1,4,FALSE,FALSE,0.33589036079966617,0.44404905884389595,5,0,-4.5,147.5,Chad Shepherd/Jeff Flowers/Michael Kashirsky,"Flagstaff, AZ",J. Lawrence Walkup Skydome,7000,790,NA,NA,NA,NA,NA,NA,NA,NA,Northern Arizona,Eastern Washington,FALSE
401469680,2023-01-21,Northern Arizona,Eastern Washington,246,2,9:29,569,569,Cedric Coward missed Jumper.,away,60,61,-1,10,FALSE,FALSE,0.3359355716595517,0.44349640710614296,5,0,-4.5,147.5,Chad Shepherd/Jeff Flowers/Michael Kashirsky,"Flagstaff, AZ",J. Lawrence Walkup Skydome,7000,790,NA,NA,Eastern Washington,missed,Cedric Coward,NA,FALSE,FALSE,Eastern Washington,Northern Arizona,FALSE
401469680,2023-01-21,Northern Arizona,Eastern Washington,247,2,9:26,566,566,Carson Towt Defensive Rebound.,home,60,61,-1,3,FALSE,FALSE,0.33594473779048467,0.44332074114046544,5,0,-4.5,147.5,Chad Shepherd/Jeff Flowers/Michael Kashirsky,"Flagstaff, AZ",J. Lawrence Walkup Skydome,7000,790,NA,NA,NA,NA,NA,NA,NA,NA,Eastern Washington,Northern Arizona,FALSE
401469680,2023-01-21,Northern Arizona,Eastern Washington,248,2,9:03,543,543,Nik Mains missed Jumper.,home,60,61,-1,23,FALSE,FALSE,0.3359578260245301,0.4418390234989388,5,0,-4.5,147.5,Chad Shepherd/Jeff Flowers/Michael Kashirsky,"Flagstaff, AZ",J. Lawrence Walkup Skydome,7000,790,NA,NA,Northern Arizona,missed,Nik Mains,NA,FALSE,FALSE,Northern Arizona,Northern Arizona,FALSE
401469680,2023-01-21,Northern Arizona,Eastern Washington,249,2,9:00,540,540,Carson Towt Offensive Rebound.,home,60,61,-1,3,FALSE,FALSE,0.33596594949132175,0.4416533046439078,5,0,-4.5,147.5,Chad Shepherd/Jeff Flowers/Michael Kashirsky,"Flagstaff, AZ",J. Lawrence Walkup Skydome,7000,790,NA,NA,NA,NA,NA,NA,NA,NA,Northern Arizona,Northern Arizona,FALSE
401469680,2023-01-21,Northern Arizona,Eastern Washington,250,2,9:00,540,540,Foul on Dane Erikstrup.,away,60,61,-1,0,FALSE,TRUE,0.33596594949132175,0.4416533046439078,5,0,-4.5,147.5,Chad Shepherd/Jeff Flowers/Michael Kashirsky,"Flagstaff, AZ",J. Lawrence Walkup Skydome,7000,790,NA,NA,NA,NA,NA,NA,NA,NA,Northern Arizona,Northern Arizona,FALSE
401469680,2023-01-21,Northern Arizona,Eastern Washington,251,2,9:00,540,540,Xavier Fuller missed Free Throw.,home,60,61,-1,0,FALSE,FALSE,0.33596594949132175,0.4416533046439078,5,0,-4.5,147.5,Chad Shepherd/Jeff Flowers/Michael Kashirsky,"Flagstaff, AZ",J. Lawrence Walkup Skydome,7000,790,NA,NA,Northern Arizona,missed,Xavier Fuller,NA,FALSE,TRUE,Northern Arizona,Northern Arizona,FALSE
401469680,2023-01-21,Northern Arizona,Eastern Washington,252,2,9:00,540,540,Northern Arizona Deadball Team Rebound.,home,60,61,-1,0,FALSE,FALSE,0.33596594949132175,0.4416533046439078,5,0,-4.5,147.5,Chad Shepherd/Jeff Flowers/Michael Kashirsky,"Flagstaff, AZ",J. Lawrence Walkup Skydome,7000,790,NA,NA,NA,NA,NA,NA,NA,NA,Northern Arizona,Northern Arizona,FALSE
401469680,2023-01-21,Northern Arizona,Eastern Washington,253,2,9:00,540,540,Xavier Fuller made Free Throw.,home,61,61,0,0,TRUE,FALSE,0.39010551252319386,0.5,5,0,-4.5,147.5,Chad Shepherd/Jeff Flowers/Michael Kashirsky,"Flagstaff, AZ",J. Lawrence Walkup Skydome,7000,790,NA,NA,Northern Arizona,made,Xavier Fuller,NA,FALSE,TRUE,Northern Arizona,Eastern Washington,FALSE
401469680,2023-01-21,Northern Arizona,Eastern Washington,254,2,8:40,520,520,Dane Erikstrup made Jumper. Assisted by Tyreese Davis.,away,61,63,-2,20,TRUE,FALSE,0.2850282447989508,0.38274908851978334,5,0,-4.5,147.5,Chad Shepherd/Jeff Flowers/Michael Kashirsky,"Flagstaff, AZ",J. Lawrence Walkup Skydome,7000,790,NA,NA,Eastern Washington,made,Dane Erikstrup,Tyreese Davis,FALSE,FALSE,Eastern Washington,Northern Arizona,FALSE
401469680,2023-01-21,Northern Arizona,Eastern Washington,255,2,8:13,493,493,Jalen Cone missed Jumper.,home,61,63,-2,27,FALSE,FALSE,0.2841919838994296,0.3801828211887587,5,0,-4.5,147.5,Chad Shepherd/Jeff Flowers/Michael Kashirsky,"Flagstaff, AZ",J. Lawrence Walkup Skydome,7000,790,NA,NA,Northern Arizona,missed,Jalen Cone,NA,FALSE,FALSE,Northern Arizona,Northern Arizona,FALSE
401469680,2023-01-21,Northern Arizona,Eastern Washington,256,2,8:11,491,491,Carson Towt Offensive Rebound.,home,61,63,-2,2,FALSE,FALSE,0.2841281572417645,0.3799890314077251,5,0,-4.5,147.5,Chad Shepherd/Jeff Flowers/Michael Kashirsky,"Flagstaff, AZ",J. Lawrence Walkup Skydome,7000,790,NA,NA,NA,NA,NA,NA,NA,NA,Northern Arizona,Northern Arizona,FALSE
401469680,2023-01-21,Northern Arizona,Eastern Washington,257,2,8:09,489,489,Carson Towt made Layup.,home,63,63,0,2,TRUE,FALSE,0.3931786971308477,0.5,5,0,-4.5,147.5,Chad Shepherd/Jeff Flowers/Michael Kashirsky,"Flagstaff, AZ",J. Lawrence Walkup Skydome,7000,790,NA,NA,Northern Arizona,made,Carson Towt,NA,FALSE,FALSE,Northern Arizona,Eastern Washington,FALSE
401469680,2023-01-21,Northern Arizona,Eastern Washington,258,2,7:45,465,465,Deon Stroud missed Three Point Jumper.,away,63,63,0,24,FALSE,FALSE,0.39470168504653275,0.5,5,0,-4.5,147.5,Chad Shepherd/Jeff Flowers/Michael Kashirsky,"Flagstaff, AZ",J. Lawrence Walkup Skydome,7000,790,NA,NA,Eastern Washington,missed,Deon Stroud,NA,TRUE,FALSE,Eastern Washington,Northern Arizona,FALSE
401469680,2023-01-21,Northern Arizona,Eastern Washington,259,2,7:44,464,464,Northern Arizona Defensive Rebound.,home,63,63,0,1,FALSE,FALSE,0.39476831785180944,0.5,5,0,-4.5,147.5,Chad Shepherd/Jeff Flowers/Michael Kashirsky,"Flagstaff, AZ",J. Lawrence Walkup Skydome,7000,790,NA,NA,NA,NA,NA,NA,NA,NA,Eastern Washington,Northern Arizona,FALSE
401469680,2023-01-21,Northern Arizona,Eastern Washington,260,2,7:44,464,464, Official TV Timeout,NA,63,63,0,0,FALSE,FALSE,0.39476831785180944,0.5,5,-1,-4.5,147.5,Chad Shepherd/Jeff Flowers/Michael Kashirsky,"Flagstaff, AZ",J. Lawrence Walkup Skydome,7000,790,NA,NA,NA,NA,NA,NA,NA,NA,Eastern Washington,Northern Arizona,FALSE
401469680,2023-01-21,Northern Arizona,Eastern Washington,261,2,7:25,445,445,Nik Mains missed Layup.,home,63,63,0,19,FALSE,FALSE,0.3961012604987049,0.5,5,-1,-4.5,147.5,Chad Shepherd/Jeff Flowers/Michael Kashirsky,"Flagstaff, AZ",J. Lawrence Walkup Skydome,7000,790,NA,NA,Northern Arizona,missed,Nik Mains,NA,FALSE,FALSE,Northern Arizona,Eastern Washington,FALSE
401469680,2023-01-21,Northern Arizona,Eastern Washington,262,2,7:21,441,441,Steele Venters Defensive Rebound.,away,63,63,0,4,FALSE,FALSE,0.39640055367292243,0.5,5,-1,-4.5,147.5,Chad Shepherd/Jeff Flowers/Michael Kashirsky,"Flagstaff, AZ",J. Lawrence Walkup Skydome,7000,790,NA,NA,NA,NA,NA,NA,NA,NA,Northern Arizona,Eastern Washington,FALSE
401469680,2023-01-21,Northern Arizona,Eastern Washington,263,2,7:15,435,435,Tyreese Davis made Three Point Jumper. Assisted by Deon Stroud.,away,63,66,-3,6,TRUE,FALSE,0.23152761373779107,0.3140710416557718,5,-1,-4.5,147.5,Chad Shepherd/Jeff Flowers/Michael Kashirsky,"Flagstaff, AZ",J. Lawrence Walkup Skydome,7000,790,NA,NA,Eastern Washington,made,Tyreese Davis,Deon Stroud,TRUE,FALSE,Eastern Washington,Northern Arizona,FALSE
401469680,2023-01-21,Northern Arizona,Eastern Washington,264,2,6:50,410,410,Foul on Cedric Coward.,away,63,66,-3,25,FALSE,TRUE,0.22782714380279315,0.3077252204055627,5,-1,-4.5,147.5,Chad Shepherd/Jeff Flowers/Michael Kashirsky,"Flagstaff, AZ",J. Lawrence Walkup Skydome,7000,790,NA,NA,NA,NA,NA,NA,NA,NA,Northern Arizona,Northern Arizona,FALSE
401469680,2023-01-21,Northern Arizona,Eastern Washington,265,2,6:35,395,395,Jalen Cone made Three Point Jumper.,home,66,66,0,15,TRUE,FALSE,0.4002918040760626,0.5,5,-1,-4.5,147.5,Chad Shepherd/Jeff Flowers/Michael Kashirsky,"Flagstaff, AZ",J. Lawrence Walkup Skydome,7000,790,NA,NA,Northern Arizona,made,Jalen Cone,NA,TRUE,FALSE,Northern Arizona,Eastern Washington,FALSE
401469680,2023-01-21,Northern Arizona,Eastern Washington,266,2,6:17,377,377,Steele Venters missed Three Point Jumper.,away,66,66,0,18,FALSE,FALSE,0.40199041161825505,0.5,5,-1,-4.5,147.5,Chad Shepherd/Jeff Flowers/Michael Kashirsky,"Flagstaff, AZ",J. Lawrence Walkup Skydome,7000,790,NA,NA,Eastern Washington,missed,Steele Venters,NA,TRUE,FALSE,Eastern Washington,Eastern Washington,FALSE
401469680,2023-01-21,Northern Arizona,Eastern Washington,267,2,6:14,374,374,Ethan Price Offensive Rebound.,away,66,66,0,3,FALSE,FALSE,0.40228270244769565,0.5,5,-1,-4.5,147.5,Chad Shepherd/Jeff Flowers/Michael Kashirsky,"Flagstaff, AZ",J. Lawrence Walkup Skydome,7000,790,NA,NA,NA,NA,NA,NA,NA,NA,Eastern Washington,Eastern Washington,FALSE
401469680,2023-01-21,Northern Arizona,Eastern Washington,268,2,5:58,358,358,Tyreese Davis Turnover.,away,66,66,0,16,FALSE,FALSE,0.4038855120529502,0.5,5,-1,-4.5,147.5,Chad Shepherd/Jeff Flowers/Michael Kashirsky,"Flagstaff, AZ",J. Lawrence Walkup Skydome,7000,790,NA,NA,NA,NA,NA,NA,NA,NA,Eastern Washington,Northern Arizona,FALSE
401469680,2023-01-21,Northern Arizona,Eastern Washington,269,2,5:36,336,336,Jalen Cone missed Three Point Jumper.,home,66,66,0,22,FALSE,FALSE,0.40620889266839416,0.5,5,-1,-4.5,147.5,Chad Shepherd/Jeff Flowers/Michael Kashirsky,"Flagstaff, AZ",J. Lawrence Walkup Skydome,7000,790,NA,NA,Northern Arizona,missed,Jalen Cone,NA,TRUE,FALSE,Northern Arizona,Eastern Washington,FALSE
401469680,2023-01-21,Northern Arizona,Eastern Washington,270,2,5:35,335,335,Tyreese Davis Defensive Rebound.,away,66,66,0,1,FALSE,FALSE,0.40631775554691685,0.5,5,-1,-4.5,147.5,Chad Shepherd/Jeff Flowers/Michael Kashirsky,"Flagstaff, AZ",J. Lawrence Walkup Skydome,7000,790,NA,NA,NA,NA,NA,NA,NA,NA,Northern Arizona,Eastern Washington,FALSE
401469680,2023-01-21,Northern Arizona,Eastern Washington,271,2,5:35,335,335,Foul on Ethan Price.,away,66,66,0,0,FALSE,TRUE,0.40631775554691685,0.5,5,-1,-4.5,147.5,Chad Shepherd/Jeff Flowers/Michael Kashirsky,"Flagstaff, AZ",J. Lawrence Walkup Skydome,7000,790,NA,NA,NA,NA,NA,NA,NA,NA,Northern Arizona,Eastern Washington,FALSE
401469680,2023-01-21,Northern Arizona,Eastern Washington,272,2,5:25,325,325,Xavier Fuller missed Jumper.,home,66,66,0,10,FALSE,FALSE,0.4074218141531036,0.5,5,-1,-4.5,147.5,Chad Shepherd/Jeff Flowers/Michael Kashirsky,"Flagstaff, AZ",J. Lawrence Walkup Skydome,7000,790,NA,NA,Northern Arizona,missed,Xavier Fuller,NA,FALSE,FALSE,Northern Arizona,Eastern Washington,FALSE
401469680,2023-01-21,Northern Arizona,Eastern Washington,273,2,5:22,322,322,Dane Erikstrup Defensive Rebound.,away,66,66,0,3,FALSE,FALSE,0.4077584817913502,0.5,5,-1,-4.5,147.5,Chad Shepherd/Jeff Flowers/Michael Kashirsky,"Flagstaff, AZ",J. Lawrence Walkup Skydome,7000,790,NA,NA,NA,NA,NA,NA,NA,NA,Northern Arizona,Eastern Washington,FALSE
401469680,2023-01-21,Northern Arizona,Eastern Washington,274,2,4:53,293,293,Deon Stroud made Three Point Jumper.,away,66,69,-3,29,TRUE,FALSE,0.20863592075761533,0.2741503764623013,5,-1,-4.5,147.5,Chad Shepherd/Jeff Flowers/Michael Kashirsky,"Flagstaff, AZ",J. Lawrence Walkup Skydome,7000,790,NA,NA,Eastern Washington,made,Deon Stroud,NA,TRUE,FALSE,Eastern Washington,Northern Arizona,FALSE
401469680,2023-01-21,Northern Arizona,Eastern Washington,275,2,4:45,285,285,Northern Arizona  Timeout,home,66,69,-3,8,FALSE,FALSE,0.20916079717056132,0.27403443923863463,4,-1,-4.5,147.5,Chad Shepherd/Jeff Flowers/Michael Kashirsky,"Flagstaff, AZ",J. Lawrence Walkup Skydome,7000,790,NA,NA,NA,NA,NA,NA,NA,NA,Northern Arizona,Northern Arizona,FALSE
401469680,2023-01-21,Northern Arizona,Eastern Washington,276,2,4:45,285,285, Official TV Timeout,NA,66,69,-3,0,FALSE,FALSE,0.20916079717056132,0.27403443923863463,4,-2,-4.5,147.5,Chad Shepherd/Jeff Flowers/Michael Kashirsky,"Flagstaff, AZ",J. Lawrence Walkup Skydome,7000,790,NA,NA,NA,NA,NA,NA,NA,NA,Northern Arizona,Northern Arizona,FALSE
401469680,2023-01-21,Northern Arizona,Eastern Washington,277,2,4:23,263,263,Nik Mains made Layup.,home,68,69,-1,22,TRUE,FALSE,0.3395912284174579,0.42072873866590826,4,-2,-4.5,147.5,Chad Shepherd/Jeff Flowers/Michael Kashirsky,"Flagstaff, AZ",J. Lawrence Walkup Skydome,7000,790,NA,NA,Northern Arizona,made,Nik Mains,NA,FALSE,FALSE,Northern Arizona,Eastern Washington,FALSE
401469680,2023-01-21,Northern Arizona,Eastern Washington,278,2,4:00,240,240,Deon Stroud missed Three Point Jumper.,away,68,69,-1,23,FALSE,FALSE,0.3433579476751769,0.42205159872083775,4,-2,-4.5,147.5,Chad Shepherd/Jeff Flowers/Michael Kashirsky,"Flagstaff, AZ",J. Lawrence Walkup Skydome,7000,790,NA,NA,Eastern Washington,missed,Deon Stroud,NA,TRUE,FALSE,Eastern Washington,Northern Arizona,FALSE
401469680,2023-01-21,Northern Arizona,Eastern Washington,279,2,3:57,237,237,Carson Towt Defensive Rebound.,home,68,69,-1,3,FALSE,FALSE,0.3437380578664652,0.42208874949091946,4,-2,-4.5,147.5,Chad Shepherd/Jeff Flowers/Michael Kashirsky,"Flagstaff, AZ",J. Lawrence Walkup Skydome,7000,790,NA,NA,NA,NA,NA,NA,NA,NA,Eastern Washington,Northern Arizona,FALSE
401469680,2023-01-21,Northern Arizona,Eastern Washington,280,2,3:46,226,226,Jalen Cone made Jumper. Assisted by Carson Towt.,home,70,69,1,11,TRUE,FALSE,0.4972264483281733,0.5782551530810314,4,-2,-4.5,147.5,Chad Shepherd/Jeff Flowers/Michael Kashirsky,"Flagstaff, AZ",J. Lawrence Walkup Skydome,7000,790,NA,NA,Northern Arizona,made,Jalen Cone,Carson Towt,FALSE,FALSE,Northern Arizona,Eastern Washington,FALSE
401469680,2023-01-21,Northern Arizona,Eastern Washington,281,2,3:26,206,206,Dane Erikstrup missed Jumper.,away,70,69,1,20,FALSE,FALSE,0.5034534432171983,0.5815960937563488,4,-2,-4.5,147.5,Chad Shepherd/Jeff Flowers/Michael Kashirsky,"Flagstaff, AZ",J. Lawrence Walkup Skydome,7000,790,NA,NA,Eastern Washington,missed,Dane Erikstrup,NA,FALSE,FALSE,Eastern Washington,Northern Arizona,FALSE
401469680,2023-01-21,Northern Arizona,Eastern Washington,282,2,3:22,202,202,Xavier Fuller Defensive Rebound.,home,70,69,1,4,FALSE,FALSE,0.5052914244610759,0.5828083070771404,4,-2,-4.5,147.5,Chad Shepherd/Jeff Flowers/Michael Kashirsky,"Flagstaff, AZ",J. Lawrence Walkup Skydome,7000,790,NA,NA,NA,NA,NA,NA,NA,NA,Eastern Washington,Northern Arizona,FALSE
401469680,2023-01-21,Northern Arizona,Eastern Washington,283,2,3:16,196,196,Jalen Cone missed Jumper.,home,70,69,1,6,FALSE,FALSE,0.5084900039047269,0.5850316587868543,4,-2,-4.5,147.5,Chad Shepherd/Jeff Flowers/Michael Kashirsky,"Flagstaff, AZ",J. Lawrence Walkup Skydome,7000,790,NA,NA,Northern Arizona,missed,Jalen Cone,NA,FALSE,FALSE,Northern Arizona,Northern Arizona,FALSE
401469680,2023-01-21,Northern Arizona,Eastern Washington,284,2,3:12,192,192,Carson Towt Offensive Rebound.,home,70,69,1,4,FALSE,FALSE,0.5109388137708399,0.586803681016864,4,-2,-4.5,147.5,Chad Shepherd/Jeff Flowers/Michael Kashirsky,"Flagstaff, AZ",J. Lawrence Walkup Skydome,7000,790,NA,NA,NA,NA,NA,NA,NA,NA,Northern Arizona,Eastern Washington,FALSE
401469680,2023-01-21,Northern Arizona,Eastern Washington,285,2,3:12,192,192,Carson Towt made Layup.,home,72,69,3,0,TRUE,FALSE,0.678153124491182,0.741216791817137,4,-2,-4.5,147.5,Chad Shepherd/Jeff Flowers/Michael Kashirsky,"Flagstaff, AZ",J. Lawrence Walkup Skydome,7000,790,NA,NA,Northern Arizona,made,Carson Towt,NA,FALSE,FALSE,Northern Arizona,Eastern Washington,FALSE
401469680,2023-01-21,Northern Arizona,Eastern Washington,286,2,3:12,192,192,Eastern Washington  Timeout,away,72,69,3,0,FALSE,FALSE,0.678153124491182,0.741216791817137,4,-3,-4.5,147.5,Chad Shepherd/Jeff Flowers/Michael Kashirsky,"Flagstaff, AZ",J. Lawrence Walkup Skydome,7000,790,NA,NA,NA,NA,NA,NA,NA,NA,Northern Arizona,Eastern Washington,FALSE
401469680,2023-01-21,Northern Arizona,Eastern Washington,287,2,2:49,169,169,Angelo Allegri Turnover.,away,72,69,3,23,FALSE,FALSE,0.7122573411442943,0.7682525379897746,4,-3,-4.5,147.5,Chad Shepherd/Jeff Flowers/Michael Kashirsky,"Flagstaff, AZ",J. Lawrence Walkup Skydome,7000,790,NA,NA,NA,NA,NA,NA,NA,NA,Eastern Washington,Northern Arizona,FALSE
401469680,2023-01-21,Northern Arizona,Eastern Washington,288,2,2:49,169,169,Xavier Fuller Steal.,home,72,69,3,0,FALSE,FALSE,0.7122573411442943,0.7682525379897746,4,-3,-4.5,147.5,Chad Shepherd/Jeff Flowers/Michael Kashirsky,"Flagstaff, AZ",J. Lawrence Walkup Skydome,7000,790,NA,NA,NA,NA,NA,NA,NA,NA,Eastern Washington,Northern Arizona,FALSE
401469680,2023-01-21,Northern Arizona,Eastern Washington,289,2,2:45,165,165,Foul on Tyreese Davis.,away,72,69,3,4,FALSE,TRUE,0.7182582490820612,0.7729903928098447,4,-3,-4.5,147.5,Chad Shepherd/Jeff Flowers/Michael Kashirsky,"Flagstaff, AZ",J. Lawrence Walkup Skydome,7000,790,NA,NA,NA,NA,NA,NA,NA,NA,Northern Arizona,Northern Arizona,FALSE
401469680,2023-01-21,Northern Arizona,Eastern Washington,290,2,2:45,165,165,Xavier Fuller made Free Throw.,home,73,69,4,0,TRUE,FALSE,0.7931901273940386,0.8366757404450192,4,-3,-4.5,147.5,Chad Shepherd/Jeff Flowers/Michael Kashirsky,"Flagstaff, AZ",J. Lawrence Walkup Skydome,7000,790,NA,NA,Northern Arizona,made,Xavier Fuller,NA,FALSE,TRUE,Northern Arizona,Northern Arizona,FALSE
401469680,2023-01-21,Northern Arizona,Eastern Washington,291,2,2:45,165,165,Xavier Fuller made Free Throw.,home,74,69,5,0,TRUE,FALSE,0.8522914951532423,0.8851493502640877,4,-3,-4.5,147.5,Chad Shepherd/Jeff Flowers/Michael Kashirsky,"Flagstaff, AZ",J. Lawrence Walkup Skydome,7000,790,NA,NA,Northern Arizona,made,Xavier Fuller,NA,FALSE,TRUE,Northern Arizona,Eastern Washington,FALSE
401469680,2023-01-21,Northern Arizona,Eastern Washington,292,2,2:32,152,152,Steele Venters made Three Point Jumper. Assisted by Cedric Coward.,away,74,72,2,13,TRUE,FALSE,0.6451000770106777,0.7064481927010113,4,-3,-4.5,147.5,Chad Shepherd/Jeff Flowers/Michael Kashirsky,"Flagstaff, AZ",J. Lawrence Walkup Skydome,7000,790,NA,NA,Eastern Washington,made,Steele Venters,Cedric Coward,TRUE,FALSE,Eastern Washington,Northern Arizona,FALSE
401469680,2023-01-21,Northern Arizona,Eastern Washington,293,2,2:02,122,122,Xavier Fuller missed Jumper.,home,74,72,2,30,FALSE,FALSE,0.6877797799564546,0.7405791344064003,4,-3,-4.5,147.5,Chad Shepherd/Jeff Flowers/Michael Kashirsky,"Flagstaff, AZ",J. Lawrence Walkup Skydome,7000,790,NA,NA,Northern Arizona,missed,Xavier Fuller,NA,FALSE,FALSE,Northern Arizona,Eastern Washington,FALSE
401469680,2023-01-21,Northern Arizona,Eastern Washington,294,2,1:59,119,119,Steele Venters Defensive Rebound.,away,74,72,2,3,FALSE,FALSE,0.6925514530216172,0.7444184944788205,4,-3,-4.5,147.5,Chad Shepherd/Jeff Flowers/Michael Kashirsky,"Flagstaff, AZ",J. Lawrence Walkup Skydome,7000,790,NA,NA,NA,NA,NA,NA,NA,NA,Northern Arizona,Eastern Washington,FALSE
401469680,2023-01-21,Northern Arizona,Eastern Washington,295,2,1:45,105,105,Foul on Trenton McLaughlin.,home,74,72,2,14,FALSE,TRUE,0.7161710819235338,0.7634812340801415,4,-3,-4.5,147.5,Chad Shepherd/Jeff Flowers/Michael Kashirsky,"Flagstaff, AZ",J. Lawrence Walkup Skydome,7000,790,NA,NA,NA,NA,NA,NA,NA,NA,Eastern Washington,Eastern Washington,FALSE
401469680,2023-01-21,Northern Arizona,Eastern Washington,296,2,1:45,105,105,Angelo Allegri made Free Throw.,away,74,73,1,0,TRUE,FALSE,0.5840974671700623,0.6424308687487601,4,-3,-4.5,147.5,Chad Shepherd/Jeff Flowers/Michael Kashirsky,"Flagstaff, AZ",J. Lawrence Walkup Skydome,7000,790,NA,NA,Eastern Washington,made,Angelo Allegri,NA,FALSE,TRUE,Eastern Washington,Eastern Washington,FALSE
401469680,2023-01-21,Northern Arizona,Eastern Washington,297,2,1:45,105,105,Angelo Allegri made Free Throw.,away,74,74,0,0,TRUE,FALSE,0.43873106263810685,0.5,4,-3,-4.5,147.5,Chad Shepherd/Jeff Flowers/Michael Kashirsky,"Flagstaff, AZ",J. Lawrence Walkup Skydome,7000,790,NA,NA,Eastern Washington,made,Angelo Allegri,NA,FALSE,TRUE,Eastern Washington,Eastern Washington,FALSE
401469680,2023-01-21,Northern Arizona,Eastern Washington,298,2,1:45,105,105,Angelo Allegri made Free Throw.,away,74,75,-1,0,TRUE,FALSE,0.3031707837756786,0.35756913125123985,4,-3,-4.5,147.5,Chad Shepherd/Jeff Flowers/Michael Kashirsky,"Flagstaff, AZ",J. Lawrence Walkup Skydome,7000,790,NA,NA,Eastern Washington,made,Angelo Allegri,NA,FALSE,TRUE,Eastern Washington,Northern Arizona,FALSE
401469680,2023-01-21,Northern Arizona,Eastern Washington,299,2,1:26,86,86,Northern Arizona  Timeout,home,74,75,-1,19,FALSE,FALSE,0.2892272290529651,0.33895120774153426,3,-3,-4.5,147.5,Chad Shepherd/Jeff Flowers/Michael Kashirsky,"Flagstaff, AZ",J. Lawrence Walkup Skydome,7000,790,NA,NA,NA,NA,NA,NA,NA,NA,Northern Arizona,Northern Arizona,FALSE
401469680,2023-01-21,Northern Arizona,Eastern Washington,300,2,1:14,74,74,Carson Towt missed Layup.,home,74,75,-1,12,FALSE,FALSE,0.279721462074029,0.32639027271816046,3,-3,-4.5,147.5,Chad Shepherd/Jeff Flowers/Michael Kashirsky,"Flagstaff, AZ",J. Lawrence Walkup Skydome,7000,790,NA,NA,Northern Arizona,missed,Carson Towt,NA,FALSE,FALSE,Northern Arizona,Eastern Washington,FALSE
401469680,2023-01-21,Northern Arizona,Eastern Washington,301,2,1:11,71,71,Casey Jones Defensive Rebound.,away,74,75,-1,3,FALSE,FALSE,0.2772141710633066,0.32310087567366,3,-3,-4.5,147.5,Chad Shepherd/Jeff Flowers/Michael Kashirsky,"Flagstaff, AZ",J. Lawrence Walkup Skydome,7000,790,NA,NA,NA,NA,NA,NA,NA,NA,Northern Arizona,Eastern Washington,FALSE
401469680,2023-01-21,Northern Arizona,Eastern Washington,302,2,0:53,53,53,Tyreese Davis missed Three Point Jumper.,away,74,75,-1,18,FALSE,FALSE,0.2615124944841837,0.3026242488262776,3,-3,-4.5,147.5,Chad Shepherd/Jeff Flowers/Michael Kashirsky,"Flagstaff, AZ",J. Lawrence Walkup Skydome,7000,790,NA,NA,Eastern Washington,missed,Tyreese Davis,NA,TRUE,FALSE,Eastern Washington,Northern Arizona,FALSE
401469680,2023-01-21,Northern Arizona,Eastern Washington,303,2,0:49,49,49,Nik Mains Defensive Rebound.,home,74,75,-1,4,FALSE,FALSE,0.2578744944839997,0.29790826597683884,3,-3,-4.5,147.5,Chad Shepherd/Jeff Flowers/Michael Kashirsky,"Flagstaff, AZ",J. Lawrence Walkup Skydome,7000,790,NA,NA,NA,NA,NA,NA,NA,NA,Eastern Washington,Northern Arizona,FALSE
401469680,2023-01-21,Northern Arizona,Eastern Washington,304,2,0:43,43,43,Foul on Casey Jones.,away,74,75,-1,6,FALSE,TRUE,0.2522948226064641,0.2906986657227635,3,-3,-4.5,147.5,Chad Shepherd/Jeff Flowers/Michael Kashirsky,"Flagstaff, AZ",J. Lawrence Walkup Skydome,7000,790,NA,NA,NA,NA,NA,NA,NA,NA,Northern Arizona,Eastern Washington,FALSE
401469680,2023-01-21,Northern Arizona,Eastern Washington,305,2,0:43,43,43,Jalen Cone missed Free Throw.,home,74,75,-1,0,FALSE,FALSE,0.2522948226064641,0.2906986657227635,3,-3,-4.5,147.5,Chad Shepherd/Jeff Flowers/Michael Kashirsky,"Flagstaff, AZ",J. Lawrence Walkup Skydome,7000,790,NA,NA,Northern Arizona,missed,Jalen Cone,NA,FALSE,TRUE,Northern Arizona,Eastern Washington,FALSE
401469680,2023-01-21,Northern Arizona,Eastern Washington,306,2,0:43,43,43,Cedric Coward Defensive Rebound.,away,74,75,-1,0,FALSE,FALSE,0.2522948226064641,0.2906986657227635,3,-3,-4.5,147.5,Chad Shepherd/Jeff Flowers/Michael Kashirsky,"Flagstaff, AZ",J. Lawrence Walkup Skydome,7000,790,NA,NA,NA,NA,NA,NA,NA,NA,Northern Arizona,Eastern Washington,FALSE
401469680,2023-01-21,Northern Arizona,Eastern Washington,307,2,0:36,36,36,Eastern Washington  Timeout,away,74,75,-1,7,FALSE,FALSE,0.24560877406430306,0.2820949510125366,3,-4,-4.5,147.5,Chad Shepherd/Jeff Flowers/Michael Kashirsky,"Flagstaff, AZ",J. Lawrence Walkup Skydome,7000,790,NA,NA,NA,NA,NA,NA,NA,NA,Eastern Washington,Northern Arizona,FALSE
401469680,2023-01-21,Northern Arizona,Eastern Washington,308,2,0:28,28,28,Foul on Ethan Price.,away,74,75,-1,8,FALSE,TRUE,0.2378125933469739,0.2721001550322998,3,-4,-4.5,147.5,Chad Shepherd/Jeff Flowers/Michael Kashirsky,"Flagstaff, AZ",J. Lawrence Walkup Skydome,7000,790,NA,NA,NA,NA,NA,NA,NA,NA,Northern Arizona,Northern Arizona,FALSE
401469680,2023-01-21,Northern Arizona,Eastern Washington,309,2,0:28,28,28,Ethan Price Turnover.,away,74,75,-1,0,FALSE,FALSE,0.2378125933469739,0.2721001550322998,3,-4,-4.5,147.5,Chad Shepherd/Jeff Flowers/Michael Kashirsky,"Flagstaff, AZ",J. Lawrence Walkup Skydome,7000,790,NA,NA,NA,NA,NA,NA,NA,NA,Eastern Washington,Northern Arizona,FALSE
401469680,2023-01-21,Northern Arizona,Eastern Washington,310,2,0:13,13,13,Jalen Cone missed Layup.,home,74,75,-1,15,FALSE,FALSE,0.22277449225928642,0.2529382952860352,3,-4,-4.5,147.5,Chad Shepherd/Jeff Flowers/Michael Kashirsky,"Flagstaff, AZ",J. Lawrence Walkup Skydome,7000,790,NA,NA,Northern Arizona,missed,Jalen Cone,NA,FALSE,FALSE,Northern Arizona,Eastern Washington,FALSE
401469680,2023-01-21,Northern Arizona,Eastern Washington,311,2,0:11,11,11,Angelo Allegri Defensive Rebound.,away,74,75,-1,2,FALSE,FALSE,0.22070064361897287,0.25031207879760475,3,-4,-4.5,147.5,Chad Shepherd/Jeff Flowers/Michael Kashirsky,"Flagstaff, AZ",J. Lawrence Walkup Skydome,7000,790,NA,NA,NA,NA,NA,NA,NA,NA,Northern Arizona,Eastern Washington,FALSE
401469680,2023-01-21,Northern Arizona,Eastern Washington,312,2,0:11,11,11,Foul on Jack Wistrcill.,home,74,75,-1,0,FALSE,TRUE,0.22070064361897287,0.25031207879760475,3,-4,-4.5,147.5,Chad Shepherd/Jeff Flowers/Michael Kashirsky,"Flagstaff, AZ",J. Lawrence Walkup Skydome,7000,790,NA,NA,NA,NA,NA,NA,NA,NA,Northern Arizona,Eastern Washington,FALSE
401469680,2023-01-21,Northern Arizona,Eastern Washington,313,2,0:11,11,11,Angelo Allegri made Free Throw.,away,74,76,-2,0,TRUE,FALSE,0.08638962671097751,0.10029986994839347,3,-4,-4.5,147.5,Chad Shepherd/Jeff Flowers/Michael Kashirsky,"Flagstaff, AZ",J. Lawrence Walkup Skydome,7000,790,NA,NA,Eastern Washington,made,Angelo Allegri,NA,FALSE,TRUE,Eastern Washington,Eastern Washington,FALSE
401469680,2023-01-21,Northern Arizona,Eastern Washington,314,2,0:11,11,11,Angelo Allegri made Free Throw.,away,74,77,-3,0,TRUE,FALSE,0.03060570092803562,0.03588657491023283,3,-4,-4.5,147.5,Chad Shepherd/Jeff Flowers/Michael Kashirsky,"Flagstaff, AZ",J. Lawrence Walkup Skydome,7000,790,NA,NA,Eastern Washington,made,Angelo Allegri,NA,FALSE,TRUE,Eastern Washington,Northern Arizona,FALSE
401469680,2023-01-21,Northern Arizona,Eastern Washington,315,2,0:09,9,9,Foul on Cedric Coward.,away,74,77,-3,2,FALSE,TRUE,0.029430738225949767,0.03445157466119594,3,-4,-4.5,147.5,Chad Shepherd/Jeff Flowers/Michael Kashirsky,"Flagstaff, AZ",J. Lawrence Walkup Skydome,7000,790,NA,NA,NA,NA,NA,NA,NA,NA,Northern Arizona,Northern Arizona,FALSE
401469680,2023-01-21,Northern Arizona,Eastern Washington,316,2,0:09,9,9,Jalen Cone made Free Throw.,home,75,77,-2,0,TRUE,FALSE,0.08433945409153375,0.0977838788911445,3,-4,-4.5,147.5,Chad Shepherd/Jeff Flowers/Michael Kashirsky,"Flagstaff, AZ",J. Lawrence Walkup Skydome,7000,790,NA,NA,Northern Arizona,made,Jalen Cone,NA,FALSE,TRUE,Northern Arizona,Northern Arizona,FALSE
401469680,2023-01-21,Northern Arizona,Eastern Washington,317,2,0:09,9,9,Jalen Cone made Free Throw.,home,76,77,-1,0,TRUE,FALSE,0.21861620270997062,0.24767571268535712,3,-4,-4.5,147.5,Chad Shepherd/Jeff Flowers/Michael Kashirsky,"Flagstaff, AZ",J. Lawrence Walkup Skydome,7000,790,NA,NA,Northern Arizona,made,Jalen Cone,NA,FALSE,TRUE,Northern Arizona,Northern Arizona,FALSE
401469680,2023-01-21,Northern Arizona,Eastern Washington,318,2,0:09,9,9,Eastern Washington  Timeout,away,76,77,-1,0,FALSE,FALSE,0.21861620270997062,0.24767571268535712,3,-5,-4.5,147.5,Chad Shepherd/Jeff Flowers/Michael Kashirsky,"Flagstaff, AZ",J. Lawrence Walkup Skydome,7000,790,NA,NA,NA,NA,NA,NA,NA,NA,Northern Arizona,Eastern Washington,FALSE
401469680,2023-01-21,Northern Arizona,Eastern Washington,319,2,0:07,7,7,Foul on Jalen Cone.,home,76,77,-1,2,FALSE,TRUE,0.21652362306652834,0.24503207300114177,3,-5,-4.5,147.5,Chad Shepherd/Jeff Flowers/Michael Kashirsky,"Flagstaff, AZ",J. Lawrence Walkup Skydome,7000,790,NA,NA,NA,NA,NA,NA,NA,NA,Eastern Washington,Eastern Washington,FALSE
401469680,2023-01-21,Northern Arizona,Eastern Washington,320,2,0:07,7,7,Dane Erikstrup made Free Throw.,away,76,78,-2,0,TRUE,FALSE,0.08231299312038802,0.09530010998320411,3,-5,-4.5,147.5,Chad Shepherd/Jeff Flowers/Michael Kashirsky,"Flagstaff, AZ",J. Lawrence Walkup Skydome,7000,790,NA,NA,Eastern Washington,made,Dane Erikstrup,NA,FALSE,TRUE,Eastern Washington,Eastern Washington,FALSE
401469680,2023-01-21,Northern Arizona,Eastern Washington,321,2,0:07,7,7,Dane Erikstrup made Free Throw.,away,76,79,-3,0,TRUE,FALSE,0.02828822571370636,0.03305852595083273,3,-5,-4.5,147.5,Chad Shepherd/Jeff Flowers/Michael Kashirsky,"Flagstaff, AZ",J. Lawrence Walkup Skydome,7000,790,NA,NA,Eastern Washington,made,Dane Erikstrup,NA,FALSE,TRUE,Eastern Washington,Northern Arizona,FALSE
401469680,2023-01-21,Northern Arizona,Eastern Washington,322,2,0:07,7,7,Northern Arizona  Timeout,home,76,79,-3,0,FALSE,FALSE,0.02828822571370636,0.03305852595083273,2,-5,-4.5,147.5,Chad Shepherd/Jeff Flowers/Michael Kashirsky,"Flagstaff, AZ",J. Lawrence Walkup Skydome,7000,790,NA,NA,NA,NA,NA,NA,NA,NA,Northern Arizona,Eastern Washington,FALSE
401469680,2023-01-21,Northern Arizona,Eastern Washington,323,2,0:01,1,1,Xavier Fuller missed Three Point Jumper.,home,76,79,-3,6,FALSE,FALSE,0.02506137888150159,0.029136972928700006,2,-5,-4.5,147.5,Chad Shepherd/Jeff Flowers/Michael Kashirsky,"Flagstaff, AZ",J. Lawrence Walkup Skydome,7000,790,NA,NA,Northern Arizona,missed,Xavier Fuller,NA,TRUE,FALSE,Northern Arizona,Eastern Washington,FALSE
401469680,2023-01-21,Northern Arizona,Eastern Washington,324,2,0:00,0,0,Angelo Allegri Defensive Rebound.,away,76,79,-3,1,FALSE,FALSE,0,0,2,-5,-4.5,147.5,Chad Shepherd/Jeff Flowers/Michael Kashirsky,"Flagstaff, AZ",J. Lawrence Walkup Skydome,7000,790,NA,NA,NA,NA,NA,NA,NA,NA,Northern Arizona,Eastern Washington,FALSE
401469680,2023-01-21,Northern Arizona,Eastern Washington,325,2,0:00,0,0,End of 2nd half,NA,76,79,-3,0,FALSE,FALSE,0,0,2,-5,-4.5,147.5,Chad Shepherd/Jeff Flowers/Michael Kashirsky,"Flagstaff, AZ",J. Lawrence Walkup Skydome,7000,790,NA,NA,NA,NA,NA,NA,NA,NA,Eastern Washington,NA,FALSE
401469680,2023-01-21,Northern Arizona,Eastern Washington,326,2,0:00,0,0,End of Game,NA,76,79,-3,0,FALSE,FALSE,0,0,2,-5,-4.5,147.5,Chad Shepherd/Jeff Flowers/Michael Kashirsky,"Flagstaff, AZ",J. Lawrence Walkup Skydome,7000,790,NA,NA,NA,NA,NA,NA,NA,NA,Eastern Washington,NA,FALSE
