game_id,date,home,away,play_id,half,time_remaining_half,secs_remaining,secs_remaining_absolute,description,home_score,away_score,score_diff,play_length,win_prob,naive_win_prob,home_time_out_remaining,away_time_out_remaining,home_favored_by,total_line,referees,arena_location,arena,capacity,attendance,shot_x,shot_y,shot_team,shot_outcome,shooter,assist,three_pt,free_throw,possession_before,possession_after,wrong_time
401262974,2020-11-28,USC,Montana,1,1,20:00,2400,2400,PLAY,0,0,0,0,0.8538024751604798,0.5,4,4,11,138,"c(""Verne Harris"", "" Larry Spaulding"", "" Tom Nally"")","Los Angeles, CA",Galen Center,10258,NA,NA,NA,NA,NA,NA,NA,NA,NA,NA,USC,NA
401262974,2020-11-28,USC,Montana,2,1,19:27,2367,2367,Drew Peterson made Three Point Jumper. Assisted by Ethan Anderson.,3,0,3,33,0.8836972484004184,0.5668642200525459,4,4,11,138,"c(""Verne Harris"", "" Larry Spaulding"", "" Tom Nally"")","Los Angeles, CA",Galen Center,10258,NA,NA,NA,USC,made,Drew Peterson,Ethan Anderson,TRUE,FALSE,USC,Montana,FALSE
401262974,2020-11-28,USC,Montana,3,1,19:13,2353,2353,Derrick Carter-Hollinger Turnover.,3,0,3,14,0.8836201538575521,0.5673112256785492,4,4,11,138,"c(""Verne Harris"", "" Larry Spaulding"", "" Tom Nally"")","Los Angeles, CA",Galen Center,10258,NA,NA,NA,NA,NA,NA,NA,NA,NA,Montana,USC,FALSE
401262974,2020-11-28,USC,Montana,4,1,18:42,2322,2322,Ethan Anderson made Jumper.,5,0,5,31,0.9010300895390567,0.6126090528483839,4,4,11,138,"c(""Verne Harris"", "" Larry Spaulding"", "" Tom Nally"")","Los Angeles, CA",Galen Center,10258,NA,NA,NA,USC,made,Ethan Anderson,NA,FALSE,FALSE,USC,Montana,FALSE
401262974,2020-11-28,USC,Montana,5,1,18:21,2301,2301,Eddy Egun Turnover.,5,0,5,21,0.9010827418514923,0.6137186774736136,4,4,11,138,"c(""Verne Harris"", "" Larry Spaulding"", "" Tom Nally"")","Los Angeles, CA",Galen Center,10258,NA,NA,NA,NA,NA,NA,NA,NA,NA,Montana,USC,FALSE
401262974,2020-11-28,USC,Montana,6,1,18:13,2293,2293,Foul on Cameron Parker.,5,0,5,8,0.9011014660946234,0.6141440481562298,4,4,11,138,"c(""Verne Harris"", "" Larry Spaulding"", "" Tom Nally"")","Los Angeles, CA",Galen Center,10258,NA,NA,NA,NA,NA,NA,NA,NA,NA,USC,USC,FALSE
401262974,2020-11-28,USC,Montana,7,1,18:13,2293,2293,Tahj Eaddy missed Free Throw.,5,0,5,0,0.9011014660946234,0.6141440481562298,4,4,11,138,"c(""Verne Harris"", "" Larry Spaulding"", "" Tom Nally"")","Los Angeles, CA",Galen Center,10258,NA,NA,NA,USC,missed,Tahj Eaddy,NA,FALSE,TRUE,USC,USC,FALSE
401262974,2020-11-28,USC,Montana,8,1,18:13,2293,2293,Tahj Eaddy made Free Throw.,6,0,6,0,0.9090819365006718,0.6359244732664178,4,4,11,138,"c(""Verne Harris"", "" Larry Spaulding"", "" Tom Nally"")","Los Angeles, CA",Galen Center,10258,NA,NA,NA,USC,made,Tahj Eaddy,NA,FALSE,TRUE,USC,USC,FALSE
401262974,2020-11-28,USC,Montana,9,1,18:13,2293,2293,USC Deadball Team Rebound.,6,0,6,0,0.9090819365006718,0.6359244732664178,4,4,11,138,"c(""Verne Harris"", "" Larry Spaulding"", "" Tom Nally"")","Los Angeles, CA",Galen Center,10258,NA,NA,NA,NA,NA,NA,NA,NA,NA,USC,USC,FALSE
401262974,2020-11-28,USC,Montana,10,1,18:07,2287,2287,Eddy Egun missed Layup.,6,0,6,6,0.909116795131321,0.6362995359766949,4,4,11,138,"c(""Verne Harris"", "" Larry Spaulding"", "" Tom Nally"")","Los Angeles, CA",Galen Center,10258,NA,NA,NA,Montana,missed,Eddy Egun,NA,FALSE,FALSE,Montana,USC,FALSE
401262974,2020-11-28,USC,Montana,11,1,18:03,2283,2283,Isaiah Mobley Defensive Rebound.,6,0,6,4,0.9091398239139886,0.6365500332582396,4,4,11,138,"c(""Verne Harris"", "" Larry Spaulding"", "" Tom Nally"")","Los Angeles, CA",Galen Center,10258,NA,NA,NA,NA,NA,NA,NA,NA,NA,Montana,USC,FALSE
401262974,2020-11-28,USC,Montana,12,1,17:54,2274,2274,Drew Peterson missed Three Point Jumper.,6,0,6,9,0.9091909957096983,0.6371149273039428,4,4,11,138,"c(""Verne Harris"", "" Larry Spaulding"", "" Tom Nally"")","Los Angeles, CA",Galen Center,10258,NA,NA,NA,USC,missed,Drew Peterson,NA,TRUE,FALSE,USC,Montana,FALSE
401262974,2020-11-28,USC,Montana,13,1,17:50,2270,2270,Foul on Derrick Carter-Hollinger.,6,0,6,4,0.9092134419145813,0.6373665353874112,4,4,11,138,"c(""Verne Harris"", "" Larry Spaulding"", "" Tom Nally"")","Los Angeles, CA",Galen Center,10258,NA,NA,NA,NA,NA,NA,NA,NA,NA,USC,Montana,FALSE
401262974,2020-11-28,USC,Montana,14,1,17:50,2270,2270,Isaiah Mobley missed Free Throw.,6,0,6,0,0.9092134419145813,0.6373665353874112,4,4,11,138,"c(""Verne Harris"", "" Larry Spaulding"", "" Tom Nally"")","Los Angeles, CA",Galen Center,10258,NA,NA,NA,USC,missed,Isaiah Mobley,NA,FALSE,TRUE,USC,USC,FALSE
401262974,2020-11-28,USC,Montana,15,1,17:50,2270,2270,USC Deadball Team Rebound.,6,0,6,0,0.9092134419145813,0.6373665353874112,4,4,11,138,"c(""Verne Harris"", "" Larry Spaulding"", "" Tom Nally"")","Los Angeles, CA",Galen Center,10258,NA,NA,NA,NA,NA,NA,NA,NA,NA,USC,USC,FALSE
401262974,2020-11-28,USC,Montana,16,1,17:50,2270,2270,Isaiah Mobley made Free Throw.,7,0,7,0,0.9166793020311105,0.6587984678231986,4,4,11,138,"c(""Verne Harris"", "" Larry Spaulding"", "" Tom Nally"")","Los Angeles, CA",Galen Center,10258,NA,NA,NA,USC,made,Isaiah Mobley,NA,FALSE,TRUE,USC,USC,FALSE
401262974,2020-11-28,USC,Montana,17,1,17:49,2269,2269,Isaiah Mobley Offensive Rebound.,7,0,7,1,0.9166879342232369,0.658869894559131,4,4,11,138,"c(""Verne Harris"", "" Larry Spaulding"", "" Tom Nally"")","Los Angeles, CA",Galen Center,10258,NA,NA,NA,NA,NA,NA,NA,NA,NA,USC,USC,FALSE
401262974,2020-11-28,USC,Montana,18,1,17:33,2253,2253,Josh Bannan missed Jumper.,7,0,7,16,0.9168246106988204,0.6600154193704477,4,4,11,138,"c(""Verne Harris"", "" Larry Spaulding"", "" Tom Nally"")","Los Angeles, CA",Galen Center,10258,NA,NA,NA,Montana,missed,Josh Bannan,NA,FALSE,FALSE,Montana,Montana,FALSE
401262974,2020-11-28,USC,Montana,19,1,17:28,2248,2248,Michael Steadman Offensive Rebound.,7,0,7,5,0.9168667374194374,0.660374369121248,4,4,11,138,"c(""Verne Harris"", "" Larry Spaulding"", "" Tom Nally"")","Los Angeles, CA",Galen Center,10258,NA,NA,NA,NA,NA,NA,NA,NA,NA,Montana,Montana,FALSE
401262974,2020-11-28,USC,Montana,20,1,17:28,2248,2248,Michael Steadman made Layup.,7,2,5,0,0.9011909371512377,0.6165602522137568,4,4,11,138,"c(""Verne Harris"", "" Larry Spaulding"", "" Tom Nally"")","Los Angeles, CA",Galen Center,10258,NA,NA,NA,Montana,made,Michael Steadman,NA,FALSE,FALSE,Montana,USC,FALSE
401262974,2020-11-28,USC,Montana,21,1,17:24,2244,2244,Foul on Ethan Anderson.,7,2,5,4,0.9011974518315965,0.6167767158996416,4,4,11,138,"c(""Verne Harris"", "" Larry Spaulding"", "" Tom Nally"")","Los Angeles, CA",Galen Center,10258,NA,NA,NA,NA,NA,NA,NA,NA,NA,USC,Montana,FALSE
401262974,2020-11-28,USC,Montana,22,1,17:24,2244,2244,Ethan Anderson Turnover.,7,2,5,0,0.9011974518315965,0.6167767158996416,4,4,11,138,"c(""Verne Harris"", "" Larry Spaulding"", "" Tom Nally"")","Los Angeles, CA",Galen Center,10258,NA,NA,NA,NA,NA,NA,NA,NA,NA,USC,Montana,FALSE
401262974,2020-11-28,USC,Montana,23,1,17:03,2223,2223,Isaiah Mobley Defensive Rebound.,7,2,5,21,0.9012273554322237,0.6179168877947839,4,4,11,138,"c(""Verne Harris"", "" Larry Spaulding"", "" Tom Nally"")","Los Angeles, CA",Galen Center,10258,NA,NA,NA,NA,NA,NA,NA,NA,NA,Montana,USC,FALSE
401262974,2020-11-28,USC,Montana,24,1,16:51,2211,2211,Tahj Eaddy made Three Point Jumper. Assisted by Isaiah Mobley.,10,2,8,12,0.9242246810618869,0.684294608246517,4,4,11,138,"c(""Verne Harris"", "" Larry Spaulding"", "" Tom Nally"")","Los Angeles, CA",Galen Center,10258,NA,NA,NA,USC,made,Tahj Eaddy,Isaiah Mobley,TRUE,FALSE,USC,Montana,FALSE
401262974,2020-11-28,USC,Montana,25,1,16:30,2190,2190,Cameron Parker missed Layup.,10,2,8,21,0.92444274389779,0.6859752075874177,4,4,11,138,"c(""Verne Harris"", "" Larry Spaulding"", "" Tom Nally"")","Los Angeles, CA",Galen Center,10258,NA,NA,NA,Montana,missed,Cameron Parker,NA,FALSE,FALSE,Montana,USC,FALSE
401262974,2020-11-28,USC,Montana,26,1,16:28,2188,2188,USC Defensive Rebound.,10,2,8,2,0.9244631796130675,0.6861354113136483,4,4,11,138,"c(""Verne Harris"", "" Larry Spaulding"", "" Tom Nally"")","Los Angeles, CA",Galen Center,10258,NA,NA,NA,NA,NA,NA,NA,NA,NA,Montana,USC,FALSE
401262974,2020-11-28,USC,Montana,27,1,16:28,2188,2188,Montana  Timeout,10,2,8,0,0.9244631796130675,0.6861354113136483,3,4,11,138,"c(""Verne Harris"", "" Larry Spaulding"", "" Tom Nally"")","Los Angeles, CA",Galen Center,10258,NA,NA,NA,NA,NA,NA,NA,NA,NA,Montana,USC,FALSE
401262974,2020-11-28,USC,Montana,28,1,16:28,2188,2188,Official TV Timeout,10,2,8,0,0.9244631796130675,0.6861354113136483,3,4,11,138,"c(""Verne Harris"", "" Larry Spaulding"", "" Tom Nally"")","Los Angeles, CA",Galen Center,10258,NA,NA,NA,NA,NA,NA,NA,NA,NA,Montana,USC,FALSE
401262974,2020-11-28,USC,Montana,29,1,16:15,2175,2175,Isaiah Mobley missed Layup.,10,2,8,13,0.9245945163924612,0.6871771328053906,3,4,11,138,"c(""Verne Harris"", "" Larry Spaulding"", "" Tom Nally"")","Los Angeles, CA",Galen Center,10258,NA,NA,NA,USC,missed,Isaiah Mobley,NA,FALSE,FALSE,USC,USC,FALSE
401262974,2020-11-28,USC,Montana,30,1,16:09,2169,2169,Isaiah Mobley Offensive Rebound.,10,2,8,6,0.9246542322859838,0.6876580901282361,3,4,11,138,"c(""Verne Harris"", "" Larry Spaulding"", "" Tom Nally"")","Los Angeles, CA",Galen Center,10258,NA,NA,NA,NA,NA,NA,NA,NA,NA,USC,USC,FALSE
401262974,2020-11-28,USC,Montana,31,1,16:09,2169,2169,Isaiah Mobley made Layup.,12,2,10,0,0.9372993230018806,0.728394395809115,3,4,11,138,"c(""Verne Harris"", "" Larry Spaulding"", "" Tom Nally"")","Los Angeles, CA",Galen Center,10258,NA,NA,NA,USC,made,Isaiah Mobley,NA,FALSE,FALSE,USC,Montana,FALSE
401262974,2020-11-28,USC,Montana,32,1,15:47,2147,2147,Kyle Owens missed Jumper.,12,2,10,22,0.9376017348454639,0.7304279111056469,3,4,11,138,"c(""Verne Harris"", "" Larry Spaulding"", "" Tom Nally"")","Los Angeles, CA",Galen Center,10258,NA,NA,NA,Montana,missed,Kyle Owens,NA,FALSE,FALSE,Montana,USC,FALSE
401262974,2020-11-28,USC,Montana,33,1,15:44,2144,2144,Evan Mobley Defensive Rebound.,12,2,10,3,0.9376426601587339,0.7307056536708599,3,4,11,138,"c(""Verne Harris"", "" Larry Spaulding"", "" Tom Nally"")","Los Angeles, CA",Galen Center,10258,NA,NA,NA,NA,NA,NA,NA,NA,NA,Montana,USC,FALSE
401262974,2020-11-28,USC,Montana,34,1,15:38,2138,2138,Foul on Josh Vazquez.,12,2,10,6,0.9377243017135901,0.7312614900231498,3,4,11,138,"c(""Verne Harris"", "" Larry Spaulding"", "" Tom Nally"")","Los Angeles, CA",Galen Center,10258,NA,NA,NA,NA,NA,NA,NA,NA,NA,USC,USC,FALSE
401262974,2020-11-28,USC,Montana,35,1,15:30,2130,2130,Drew Peterson made Layup. Assisted by Tahj Eaddy.,14,2,12,8,0.9485686029461997,0.7695501479909287,3,4,11,138,"c(""Verne Harris"", "" Larry Spaulding"", "" Tom Nally"")","Los Angeles, CA",Galen Center,10258,NA,NA,NA,USC,made,Drew Peterson,Tahj Eaddy,FALSE,FALSE,USC,Montana,FALSE
401262974,2020-11-28,USC,Montana,36,1,15:12,2112,2112,Foul on Ethan Anderson.,14,2,12,18,0.9488544105279212,0.771363267842996,3,4,11,138,"c(""Verne Harris"", "" Larry Spaulding"", "" Tom Nally"")","Los Angeles, CA",Galen Center,10258,NA,NA,NA,NA,NA,NA,NA,NA,NA,Montana,Montana,FALSE
401262974,2020-11-28,USC,Montana,37,1,15:12,2112,2112,Brandon Whitney made Free Throw.,14,3,11,0,0.9437069018093502,0.7530023615687585,3,4,11,138,"c(""Verne Harris"", "" Larry Spaulding"", "" Tom Nally"")","Los Angeles, CA",Galen Center,10258,NA,NA,NA,Montana,made,Brandon Whitney,NA,FALSE,TRUE,Montana,Montana,FALSE
401262974,2020-11-28,USC,Montana,38,1,15:12,2112,2112,Brandon Whitney made Free Throw.,14,4,10,0,0.9380751365048456,0.7336760527010444,3,4,11,138,"c(""Verne Harris"", "" Larry Spaulding"", "" Tom Nally"")","Los Angeles, CA",Galen Center,10258,NA,NA,NA,Montana,made,Brandon Whitney,NA,FALSE,TRUE,Montana,USC,FALSE
401262974,2020-11-28,USC,Montana,39,1,14:58,2098,2098,Foul on Cameron Satterwhite.,14,4,10,14,0.938262306900467,0.7349806583527384,3,4,11,138,"c(""Verne Harris"", "" Larry Spaulding"", "" Tom Nally"")","Los Angeles, CA",Galen Center,10258,NA,NA,NA,NA,NA,NA,NA,NA,NA,USC,USC,FALSE
401262974,2020-11-28,USC,Montana,40,1,14:58,2098,2098,Isaiah White made Free Throw.,15,4,11,0,0.9439134814576654,0.7543679404591507,3,4,11,138,"c(""Verne Harris"", "" Larry Spaulding"", "" Tom Nally"")","Los Angeles, CA",Galen Center,10258,NA,NA,NA,USC,made,Isaiah White,NA,FALSE,TRUE,USC,USC,FALSE
401262974,2020-11-28,USC,Montana,41,1,14:58,2098,2098,Isaiah White made Free Throw.,16,4,12,0,0.9490754500554421,0.7727754268965927,3,4,11,138,"c(""Verne Harris"", "" Larry Spaulding"", "" Tom Nally"")","Los Angeles, CA",Galen Center,10258,NA,NA,NA,USC,made,Isaiah White,NA,FALSE,TRUE,USC,USC,FALSE
401262974,2020-11-28,USC,Montana,42,1,14:46,2086,2086,Foul on Mack Anderson.,16,4,12,12,0.9492641593093376,0.7739874500396217,3,4,11,138,"c(""Verne Harris"", "" Larry Spaulding"", "" Tom Nally"")","Los Angeles, CA",Galen Center,10258,NA,NA,NA,NA,NA,NA,NA,NA,NA,USC,USC,FALSE
401262974,2020-11-28,USC,Montana,43,1,14:26,2066,2066,Chevez Goodwin missed Jumper.,16,4,12,20,0.9495773844801892,0.7760112721533834,3,4,11,138,"c(""Verne Harris"", "" Larry Spaulding"", "" Tom Nally"")","Los Angeles, CA",Galen Center,10258,NA,NA,NA,USC,missed,Chevez Goodwin,NA,FALSE,FALSE,USC,Montana,FALSE
401262974,2020-11-28,USC,Montana,44,1,14:23,2063,2063,Kyle Owens Defensive Rebound.,16,4,12,3,0.9496242497558468,0.7763152933858614,3,4,11,138,"c(""Verne Harris"", "" Larry Spaulding"", "" Tom Nally"")","Los Angeles, CA",Galen Center,10258,NA,NA,NA,NA,NA,NA,NA,NA,NA,USC,Montana,FALSE
401262974,2020-11-28,USC,Montana,45,1,14:01,2041,2041,Foul on Tahj Eaddy.,16,4,12,22,0.9499671915754803,0.7785487512347643,3,4,11,138,"c(""Verne Harris"", "" Larry Spaulding"", "" Tom Nally"")","Los Angeles, CA",Galen Center,10258,NA,NA,NA,NA,NA,NA,NA,NA,NA,Montana,Montana,FALSE
401262974,2020-11-28,USC,Montana,46,1,13:56,2036,2036,Cameron Satterwhite Turnover.,16,4,12,5,0.9500449855206085,0.7790573929892141,3,4,11,138,"c(""Verne Harris"", "" Larry Spaulding"", "" Tom Nally"")","Los Angeles, CA",Galen Center,10258,NA,NA,NA,NA,NA,NA,NA,NA,NA,Montana,USC,FALSE
401262974,2020-11-28,USC,Montana,47,1,13:39,2019,2019,Foul on Josh Vazquez.,16,4,12,17,0.950309210833045,0.780789901461555,3,4,11,138,"c(""Verne Harris"", "" Larry Spaulding"", "" Tom Nally"")","Los Angeles, CA",Galen Center,10258,NA,NA,NA,NA,NA,NA,NA,NA,NA,USC,Montana,FALSE
401262974,2020-11-28,USC,Montana,48,1,13:39,2019,2019,Foul on Isaiah White.,16,4,12,0,0.950309210833045,0.780789901461555,3,4,11,138,"c(""Verne Harris"", "" Larry Spaulding"", "" Tom Nally"")","Los Angeles, CA",Galen Center,10258,NA,NA,NA,NA,NA,NA,NA,NA,NA,USC,Montana,FALSE
401262974,2020-11-28,USC,Montana,49,1,13:39,2019,2019,Isaiah White Turnover.,16,4,12,0,0.950309210833045,0.780789901461555,3,4,11,138,"c(""Verne Harris"", "" Larry Spaulding"", "" Tom Nally"")","Los Angeles, CA",Galen Center,10258,NA,NA,NA,NA,NA,NA,NA,NA,NA,USC,Montana,FALSE
401262974,2020-11-28,USC,Montana,50,1,13:22,2002,2002,Brandon Whitney made Layup.,16,6,10,17,0.9395260423876673,0.7440350425234603,3,4,11,138,"c(""Verne Harris"", "" Larry Spaulding"", "" Tom Nally"")","Los Angeles, CA",Galen Center,10258,NA,NA,NA,Montana,made,Brandon Whitney,NA,FALSE,FALSE,Montana,USC,FALSE
401262974,2020-11-28,USC,Montana,51,1,13:10,1990,1990,Foul on Derrick Carter-Hollinger.,16,6,10,12,0.9396829901971567,0.7451827182234069,3,4,11,138,"c(""Verne Harris"", "" Larry Spaulding"", "" Tom Nally"")","Los Angeles, CA",Galen Center,10258,NA,NA,NA,NA,NA,NA,NA,NA,NA,USC,USC,FALSE
401262974,2020-11-28,USC,Montana,52,1,13:10,1990,1990,Isaiah White missed Free Throw.,16,6,10,0,0.9396829901971567,0.7451827182234069,3,4,11,138,"c(""Verne Harris"", "" Larry Spaulding"", "" Tom Nally"")","Los Angeles, CA",Galen Center,10258,NA,NA,NA,USC,missed,Isaiah White,NA,FALSE,TRUE,USC,USC,FALSE
401262974,2020-11-28,USC,Montana,53,1,13:10,1990,1990,USC Deadball Team Rebound.,16,6,10,0,0.9396829901971567,0.7451827182234069,3,4,11,138,"c(""Verne Harris"", "" Larry Spaulding"", "" Tom Nally"")","Los Angeles, CA",Galen Center,10258,NA,NA,NA,NA,NA,NA,NA,NA,NA,USC,USC,FALSE
401262974,2020-11-28,USC,Montana,54,1,13:10,1990,1990,Isaiah White made Free Throw.,17,6,11,0,0.9454857506496761,0.7650180942054192,3,4,11,138,"c(""Verne Harris"", "" Larry Spaulding"", "" Tom Nally"")","Los Angeles, CA",Galen Center,10258,NA,NA,NA,USC,made,Isaiah White,NA,FALSE,TRUE,USC,Montana,FALSE
401262974,2020-11-28,USC,Montana,55,1,12:56,1976,1976,Foul on Isaiah White.,17,6,11,14,0.9456887784121764,0.766417343101864,3,4,11,138,"c(""Verne Harris"", "" Larry Spaulding"", "" Tom Nally"")","Los Angeles, CA",Galen Center,10258,NA,NA,NA,NA,NA,NA,NA,NA,NA,Montana,Montana,FALSE
401262974,2020-11-28,USC,Montana,56,1,12:48,1968,1968,Cameron Satterwhite missed Three Point Jumper.,17,6,11,8,0.9458049016582811,0.7672191762248681,3,4,11,138,"c(""Verne Harris"", "" Larry Spaulding"", "" Tom Nally"")","Los Angeles, CA",Galen Center,10258,NA,NA,NA,Montana,missed,Cameron Satterwhite,NA,TRUE,FALSE,Montana,USC,FALSE
401262974,2020-11-28,USC,Montana,57,1,12:44,1964,1964,Evan Mobley Defensive Rebound.,17,6,11,4,0.9458630024830449,0.7676207269670003,3,4,11,138,"c(""Verne Harris"", "" Larry Spaulding"", "" Tom Nally"")","Los Angeles, CA",Galen Center,10258,NA,NA,NA,NA,NA,NA,NA,NA,NA,Montana,USC,FALSE
401262974,2020-11-28,USC,Montana,58,1,12:33,1953,1953,Chevez Goodwin Turnover.,17,6,11,11,0.9460229443616169,0.7687272226609473,3,4,11,138,"c(""Verne Harris"", "" Larry Spaulding"", "" Tom Nally"")","Los Angeles, CA",Galen Center,10258,NA,NA,NA,NA,NA,NA,NA,NA,NA,USC,Montana,FALSE
401262974,2020-11-28,USC,Montana,59,1,12:16,1936,1936,Josh Bannan missed Jumper.,17,6,11,17,0.9462707206706444,0.7704438985244274,3,4,11,138,"c(""Verne Harris"", "" Larry Spaulding"", "" Tom Nally"")","Los Angeles, CA",Galen Center,10258,NA,NA,NA,Montana,missed,Josh Bannan,NA,FALSE,FALSE,Montana,USC,FALSE
401262974,2020-11-28,USC,Montana,60,1,12:13,1933,1933,Evan Mobley Defensive Rebound.,17,6,11,3,0.9463145350352812,0.7707477018965301,3,4,11,138,"c(""Verne Harris"", "" Larry Spaulding"", "" Tom Nally"")","Los Angeles, CA",Galen Center,10258,NA,NA,NA,NA,NA,NA,NA,NA,NA,Montana,USC,FALSE
401262974,2020-11-28,USC,Montana,61,1,12:08,1928,1928,Max Agbonkpolo made Layup. Assisted by Drew Peterson.,19,6,13,5,0.9565554982732035,0.8078952302366086,3,4,11,138,"c(""Verne Harris"", "" Larry Spaulding"", "" Tom Nally"")","Los Angeles, CA",Galen Center,10258,NA,NA,NA,USC,made,Max Agbonkpolo,Drew Peterson,FALSE,FALSE,USC,Montana,FALSE
401262974,2020-11-28,USC,Montana,62,1,12:01,1921,1921,Cameron Satterwhite Turnover.,19,6,13,7,0.9566688212784025,0.8086309079548185,3,4,11,138,"c(""Verne Harris"", "" Larry Spaulding"", "" Tom Nally"")","Los Angeles, CA",Galen Center,10258,NA,NA,NA,NA,NA,NA,NA,NA,NA,Montana,USC,FALSE
401262974,2020-11-28,USC,Montana,63,1,12:01,1921,1921,Evan Mobley Steal.,19,6,13,0,0.9566688212784025,0.8086309079548185,3,4,11,138,"c(""Verne Harris"", "" Larry Spaulding"", "" Tom Nally"")","Los Angeles, CA",Galen Center,10258,NA,NA,NA,NA,NA,NA,NA,NA,NA,Montana,USC,FALSE
401262974,2020-11-28,USC,Montana,64,1,11:54,1914,1914,Chevez Goodwin made Dunk. Assisted by Max Agbonkpolo.,21,6,15,7,0.965099784388566,0.8413522423407274,3,4,11,138,"c(""Verne Harris"", "" Larry Spaulding"", "" Tom Nally"")","Los Angeles, CA",Galen Center,10258,NA,NA,NA,USC,made,Chevez Goodwin,Max Agbonkpolo,FALSE,FALSE,USC,Montana,FALSE
401262974,2020-11-28,USC,Montana,65,1,11:25,1885,1885,Michael Steadman missed Jumper.,21,6,15,29,0.9655706891244572,0.8443513912906219,3,4,11,138,"c(""Verne Harris"", "" Larry Spaulding"", "" Tom Nally"")","Los Angeles, CA",Galen Center,10258,NA,NA,NA,Montana,missed,Michael Steadman,NA,FALSE,FALSE,Montana,Montana,FALSE
401262974,2020-11-28,USC,Montana,66,1,11:19,1879,1879,Josh Bannan Offensive Rebound.,21,6,15,6,0.9656664213437092,0.8449663387769794,3,4,11,138,"c(""Verne Harris"", "" Larry Spaulding"", "" Tom Nally"")","Los Angeles, CA",Galen Center,10258,NA,NA,NA,NA,NA,NA,NA,NA,NA,Montana,Montana,FALSE
401262974,2020-11-28,USC,Montana,67,1,11:19,1879,1879,Josh Bannan missed Layup.,21,6,15,0,0.9656664213437092,0.8449663387769794,3,4,11,138,"c(""Verne Harris"", "" Larry Spaulding"", "" Tom Nally"")","Los Angeles, CA",Galen Center,10258,NA,NA,NA,Montana,missed,Josh Bannan,NA,FALSE,FALSE,Montana,USC,FALSE
401262974,2020-11-28,USC,Montana,68,1,11:18,1878,1878,Noah Baumann Defensive Rebound.,21,6,15,1,0.9656823283688252,0.8450686705940401,3,4,11,138,"c(""Verne Harris"", "" Larry Spaulding"", "" Tom Nally"")","Los Angeles, CA",Galen Center,10258,NA,NA,NA,NA,NA,NA,NA,NA,NA,Montana,USC,FALSE
401262974,2020-11-28,USC,Montana,69,1,11:13,1873,1873,Evan Mobley made Dunk. Assisted by Chevez Goodwin.,23,6,17,5,0.9725160344940836,0.8729232885759847,3,4,11,138,"c(""Verne Harris"", "" Larry Spaulding"", "" Tom Nally"")","Los Angeles, CA",Galen Center,10258,NA,NA,NA,USC,made,Evan Mobley,Chevez Goodwin,FALSE,FALSE,USC,Montana,FALSE
401262974,2020-11-28,USC,Montana,70,1,10:26,1826,1826,Chevez Goodwin made Layup.,25,8,17,47,0.97323779748361,0.8774966744723054,3,4,11,138,"c(""Verne Harris"", "" Larry Spaulding"", "" Tom Nally"")","Los Angeles, CA",Galen Center,10258,NA,NA,NA,USC,made,Chevez Goodwin,NA,FALSE,FALSE,USC,Montana,FALSE
401262974,2020-11-28,USC,Montana,71,1,10:11,1811,1811,Cameron Satterwhite missed Three Point Jumper.,25,8,17,15,0.9734651452823668,0.878941824685832,3,4,11,138,"c(""Verne Harris"", "" Larry Spaulding"", "" Tom Nally"")","Los Angeles, CA",Galen Center,10258,NA,NA,NA,Montana,missed,Cameron Satterwhite,NA,TRUE,FALSE,Montana,USC,FALSE
401262974,2020-11-28,USC,Montana,72,1,10:07,1807,1807,Chevez Goodwin Defensive Rebound.,25,8,17,4,0.9735256576127169,0.8793264531107642,3,4,11,138,"c(""Verne Harris"", "" Larry Spaulding"", "" Tom Nally"")","Los Angeles, CA",Galen Center,10258,NA,NA,NA,NA,NA,NA,NA,NA,NA,Montana,USC,FALSE
401262974,2020-11-28,USC,Montana,73,1,9:56,1796,1796,Chevez Goodwin made Dunk. Assisted by Drew Peterson.,27,8,19,11,0.9790829256862937,0.9029895763778445,3,4,11,138,"c(""Verne Harris"", "" Larry Spaulding"", "" Tom Nally"")","Los Angeles, CA",Galen Center,10258,NA,NA,NA,USC,made,Chevez Goodwin,Drew Peterson,FALSE,FALSE,USC,Montana,FALSE
401262974,2020-11-28,USC,Montana,74,1,9:55,1795,1795,Montana  Timeout,27,8,19,1,0.9790972032668241,0.9030787975548124,2,4,11,138,"c(""Verne Harris"", "" Larry Spaulding"", "" Tom Nally"")","Los Angeles, CA",Galen Center,10258,NA,NA,NA,NA,NA,NA,NA,NA,NA,Montana,Montana,FALSE
401262974,2020-11-28,USC,Montana,75,1,9:55,1795,1795,Official TV Timeout,27,8,19,0,0.9790972032668241,0.9030787975548124,2,4,11,138,"c(""Verne Harris"", "" Larry Spaulding"", "" Tom Nally"")","Los Angeles, CA",Galen Center,10258,NA,NA,NA,NA,NA,NA,NA,NA,NA,Montana,Montana,FALSE
401262974,2020-11-28,USC,Montana,76,1,9:38,1778,1778,Brandon Whitney missed Jumper.,27,8,19,17,0.9793397885456784,0.9045927293496296,2,4,11,138,"c(""Verne Harris"", "" Larry Spaulding"", "" Tom Nally"")","Los Angeles, CA",Galen Center,10258,NA,NA,NA,Montana,missed,Brandon Whitney,NA,FALSE,FALSE,Montana,USC,FALSE
401262974,2020-11-28,USC,Montana,77,1,9:34,1774,1774,Max Agbonkpolo Defensive Rebound.,27,8,19,4,0.9793968688281895,0.9049483009087707,2,4,11,138,"c(""Verne Harris"", "" Larry Spaulding"", "" Tom Nally"")","Los Angeles, CA",Galen Center,10258,NA,NA,NA,NA,NA,NA,NA,NA,NA,Montana,USC,FALSE
401262974,2020-11-28,USC,Montana,78,1,9:13,1753,1753,Max Agbonkpolo missed Three Point Jumper.,27,8,19,21,0.9796969890774584,0.9068124750485945,2,4,11,138,"c(""Verne Harris"", "" Larry Spaulding"", "" Tom Nally"")","Los Angeles, CA",Galen Center,10258,NA,NA,NA,USC,missed,Max Agbonkpolo,NA,TRUE,FALSE,USC,Montana,FALSE
401262974,2020-11-28,USC,Montana,79,1,9:10,1750,1750,Kyle Owens Defensive Rebound.,27,8,19,3,0.9797399638235512,0.9070785607001386,2,4,11,138,"c(""Verne Harris"", "" Larry Spaulding"", "" Tom Nally"")","Los Angeles, CA",Galen Center,10258,NA,NA,NA,NA,NA,NA,NA,NA,NA,USC,Montana,FALSE
401262974,2020-11-28,USC,Montana,80,1,9:03,1743,1743,Kyle Owens missed Three Point Jumper.,27,8,19,7,0.9798403765783067,0.9076993416222903,2,4,11,138,"c(""Verne Harris"", "" Larry Spaulding"", "" Tom Nally"")","Los Angeles, CA",Galen Center,10258,NA,NA,NA,Montana,missed,Kyle Owens,NA,TRUE,FALSE,Montana,Montana,FALSE
401262974,2020-11-28,USC,Montana,81,1,8:59,1739,1739,Montana Offensive Rebound.,27,8,19,4,0.9798978534891566,0.9080540560960308,2,4,11,138,"c(""Verne Harris"", "" Larry Spaulding"", "" Tom Nally"")","Los Angeles, CA",Galen Center,10258,NA,NA,NA,NA,NA,NA,NA,NA,NA,Montana,Montana,FALSE
401262974,2020-11-28,USC,Montana,82,1,8:54,1734,1734,Foul on Mack Anderson.,27,8,19,5,0.9799698129756942,0.9084974728370918,2,4,11,138,"c(""Verne Harris"", "" Larry Spaulding"", "" Tom Nally"")","Los Angeles, CA",Galen Center,10258,NA,NA,NA,NA,NA,NA,NA,NA,NA,USC,USC,FALSE
401262974,2020-11-28,USC,Montana,83,1,8:54,1734,1734,Mack Anderson Turnover.,27,8,19,0,0.9799698129756942,0.9084974728370918,2,4,11,138,"c(""Verne Harris"", "" Larry Spaulding"", "" Tom Nally"")","Los Angeles, CA",Galen Center,10258,NA,NA,NA,NA,NA,NA,NA,NA,NA,Montana,USC,FALSE
401262974,2020-11-28,USC,Montana,84,1,8:24,1704,1704,Boubacar Coulibaly made Jumper.,29,8,21,30,0.9845978830320862,0.9290990839609904,2,4,11,138,"c(""Verne Harris"", "" Larry Spaulding"", "" Tom Nally"")","Los Angeles, CA",Galen Center,10258,NA,NA,NA,USC,made,Boubacar Coulibaly,NA,FALSE,FALSE,USC,Montana,FALSE
401262974,2020-11-28,USC,Montana,85,1,8:03,1683,1683,Brandon Whitney missed Three Point Jumper.,29,8,21,21,0.9848770038425069,0.9307735033423616,2,4,11,138,"c(""Verne Harris"", "" Larry Spaulding"", "" Tom Nally"")","Los Angeles, CA",Galen Center,10258,NA,NA,NA,Montana,missed,Brandon Whitney,NA,TRUE,FALSE,Montana,USC,FALSE
401262974,2020-11-28,USC,Montana,86,1,7:59,1679,1679,Isaiah Mobley Defensive Rebound.,29,8,21,4,0.9849287904452257,0.9310860266540308,2,4,11,138,"c(""Verne Harris"", "" Larry Spaulding"", "" Tom Nally"")","Los Angeles, CA",Galen Center,10258,NA,NA,NA,NA,NA,NA,NA,NA,NA,Montana,USC,FALSE
401262974,2020-11-28,USC,Montana,87,1,7:50,1670,1670,Boubacar Coulibaly missed Dunk.,29,8,21,9,0.9850427339288536,0.9317780406314354,2,4,11,138,"c(""Verne Harris"", "" Larry Spaulding"", "" Tom Nally"")","Los Angeles, CA",Galen Center,10258,NA,NA,NA,USC,missed,Boubacar Coulibaly,NA,FALSE,FALSE,USC,USC,FALSE
401262974,2020-11-28,USC,Montana,88,1,7:47,1667,1667,Isaiah Mobley Offensive Rebound.,29,8,21,3,0.9850799681109906,0.9320054574078185,2,4,11,138,"c(""Verne Harris"", "" Larry Spaulding"", "" Tom Nally"")","Los Angeles, CA",Galen Center,10258,NA,NA,NA,NA,NA,NA,NA,NA,NA,USC,USC,FALSE
401262974,2020-11-28,USC,Montana,89,1,7:47,1667,1667,Foul on Michael Steadman.,29,8,21,0,0.9850799681109906,0.9320054574078185,2,4,11,138,"c(""Verne Harris"", "" Larry Spaulding"", "" Tom Nally"")","Los Angeles, CA",Galen Center,10258,NA,NA,NA,NA,NA,NA,NA,NA,NA,USC,USC,FALSE
401262974,2020-11-28,USC,Montana,90,1,7:47,1667,1667,Official TV Timeout,29,8,21,0,0.9850799681109906,0.9320054574078185,2,4,11,138,"c(""Verne Harris"", "" Larry Spaulding"", "" Tom Nally"")","Los Angeles, CA",Galen Center,10258,NA,NA,NA,NA,NA,NA,NA,NA,NA,USC,USC,FALSE
401262974,2020-11-28,USC,Montana,91,1,7:47,1667,1667,Isaiah Mobley made Free Throw.,30,8,22,0,0.9868055995901986,0.9394925654866193,2,4,11,138,"c(""Verne Harris"", "" Larry Spaulding"", "" Tom Nally"")","Los Angeles, CA",Galen Center,10258,NA,NA,NA,USC,made,Isaiah Mobley,NA,FALSE,TRUE,USC,USC,FALSE
401262974,2020-11-28,USC,Montana,92,1,7:47,1667,1667,Isaiah Mobley made Free Throw.,31,8,23,0,0.9883340103908153,0.9462028306237074,2,4,11,138,"c(""Verne Harris"", "" Larry Spaulding"", "" Tom Nally"")","Los Angeles, CA",Galen Center,10258,NA,NA,NA,USC,made,Isaiah Mobley,NA,FALSE,TRUE,USC,Montana,FALSE
401262974,2020-11-28,USC,Montana,93,1,7:30,1650,1650,Josh Bannan Turnover.,31,8,23,17,0.988516307111333,0.9473108950315217,2,4,11,138,"c(""Verne Harris"", "" Larry Spaulding"", "" Tom Nally"")","Los Angeles, CA",Galen Center,10258,NA,NA,NA,NA,NA,NA,NA,NA,NA,Montana,USC,FALSE
401262974,2020-11-28,USC,Montana,94,1,7:21,1641,1641,Foul on Josh Bannan.,31,8,23,9,0.9886094184701174,0.9478814929932973,2,4,11,138,"c(""Verne Harris"", "" Larry Spaulding"", "" Tom Nally"")","Los Angeles, CA",Galen Center,10258,NA,NA,NA,NA,NA,NA,NA,NA,NA,USC,USC,FALSE
401262974,2020-11-28,USC,Montana,95,1,7:21,1641,1641,Isaiah Mobley missed Free Throw.,31,8,23,0,0.9886094184701174,0.9478814929932973,2,4,11,138,"c(""Verne Harris"", "" Larry Spaulding"", "" Tom Nally"")","Los Angeles, CA",Galen Center,10258,NA,NA,NA,USC,missed,Isaiah Mobley,NA,FALSE,TRUE,USC,USC,FALSE
401262974,2020-11-28,USC,Montana,96,1,7:21,1641,1641,USC Deadball Team Rebound.,31,8,23,0,0.9886094184701174,0.9478814929932973,2,4,11,138,"c(""Verne Harris"", "" Larry Spaulding"", "" Tom Nally"")","Los Angeles, CA",Galen Center,10258,NA,NA,NA,NA,NA,NA,NA,NA,NA,USC,USC,FALSE
401262974,2020-11-28,USC,Montana,97,1,7:21,1641,1641,Isaiah Mobley made Free Throw.,32,8,24,0,0.9899455069584192,0.9537714799706679,2,4,11,138,"c(""Verne Harris"", "" Larry Spaulding"", "" Tom Nally"")","Los Angeles, CA",Galen Center,10258,NA,NA,NA,USC,made,Isaiah Mobley,NA,FALSE,TRUE,USC,Montana,FALSE
401262974,2020-11-28,USC,Montana,98,1,7:09,1629,1629,Josh Bannan made Dunk. Assisted by Josh Vazquez.,32,10,22,12,0.9872267142595593,0.9420857957733537,2,4,11,138,"c(""Verne Harris"", "" Larry Spaulding"", "" Tom Nally"")","Los Angeles, CA",Galen Center,10258,NA,NA,NA,Montana,made,Josh Bannan,Josh Vazquez,FALSE,FALSE,Montana,USC,FALSE
401262974,2020-11-28,USC,Montana,99,1,6:57,1617,1617,Foul on Boubacar Coulibaly.,32,10,22,12,0.9873522459131151,0.9428692602328975,2,4,11,138,"c(""Verne Harris"", "" Larry Spaulding"", "" Tom Nally"")","Los Angeles, CA",Galen Center,10258,NA,NA,NA,NA,NA,NA,NA,NA,NA,USC,Montana,FALSE
401262974,2020-11-28,USC,Montana,100,1,6:57,1617,1617,Boubacar Coulibaly Turnover.,32,10,22,0,0.9873522459131151,0.9428692602328975,2,4,11,138,"c(""Verne Harris"", "" Larry Spaulding"", "" Tom Nally"")","Los Angeles, CA",Galen Center,10258,NA,NA,NA,NA,NA,NA,NA,NA,NA,USC,Montana,FALSE
401262974,2020-11-28,USC,Montana,101,1,6:42,1602,1602,Josh Bannan missed Jumper.,32,10,22,15,0.9875058089730218,0.9438312337518368,2,4,11,138,"c(""Verne Harris"", "" Larry Spaulding"", "" Tom Nally"")","Los Angeles, CA",Galen Center,10258,NA,NA,NA,Montana,missed,Josh Bannan,NA,FALSE,FALSE,Montana,USC,FALSE
401262974,2020-11-28,USC,Montana,102,1,6:38,1598,1598,Max Agbonkpolo Defensive Rebound.,32,10,22,4,0.9875462723659258,0.9440850515182128,2,4,11,138,"c(""Verne Harris"", "" Larry Spaulding"", "" Tom Nally"")","Los Angeles, CA",Galen Center,10258,NA,NA,NA,NA,NA,NA,NA,NA,NA,Montana,USC,FALSE
401262974,2020-11-28,USC,Montana,103,1,6:34,1594,1594,Max Agbonkpolo missed Jumper.,32,10,22,4,0.9875865740178671,0.9443378942495847,2,4,11,138,"c(""Verne Harris"", "" Larry Spaulding"", "" Tom Nally"")","Los Angeles, CA",Galen Center,10258,NA,NA,NA,USC,missed,Max Agbonkpolo,NA,FALSE,FALSE,USC,Montana,FALSE
401262974,2020-11-28,USC,Montana,104,1,6:31,1591,1591,Josh Bannan Defensive Rebound.,32,10,22,3,0.9876167074016633,0.9445269369667352,2,4,11,138,"c(""Verne Harris"", "" Larry Spaulding"", "" Tom Nally"")","Los Angeles, CA",Galen Center,10258,NA,NA,NA,NA,NA,NA,NA,NA,NA,USC,Montana,FALSE
401262974,2020-11-28,USC,Montana,105,1,6:26,1586,1586,Foul on Michael Steadman.,32,10,22,5,0.9876667801057272,0.9448409889006714,2,4,11,138,"c(""Verne Harris"", "" Larry Spaulding"", "" Tom Nally"")","Los Angeles, CA",Galen Center,10258,NA,NA,NA,NA,NA,NA,NA,NA,NA,USC,USC,FALSE
401262974,2020-11-28,USC,Montana,106,1,6:26,1586,1586,Michael Steadman Turnover.,32,10,22,0,0.9876667801057272,0.9448409889006714,2,4,11,138,"c(""Verne Harris"", "" Larry Spaulding"", "" Tom Nally"")","Los Angeles, CA",Galen Center,10258,NA,NA,NA,NA,NA,NA,NA,NA,NA,Montana,USC,FALSE
401262974,2020-11-28,USC,Montana,107,1,6:04,1564,1564,Isaiah Mobley Turnover.,32,10,22,22,0.9878858637186875,0.9462113803375789,2,4,11,138,"c(""Verne Harris"", "" Larry Spaulding"", "" Tom Nally"")","Los Angeles, CA",Galen Center,10258,NA,NA,NA,NA,NA,NA,NA,NA,NA,USC,Montana,FALSE
401262974,2020-11-28,USC,Montana,108,1,6:04,1564,1564,Josh Bannan Steal.,32,10,22,0,0.9878858637186875,0.9462113803375789,2,4,11,138,"c(""Verne Harris"", "" Larry Spaulding"", "" Tom Nally"")","Los Angeles, CA",Galen Center,10258,NA,NA,NA,NA,NA,NA,NA,NA,NA,USC,Montana,FALSE
401262974,2020-11-28,USC,Montana,109,1,5:49,1549,1549,Cameron Satterwhite missed Three Point Jumper.,32,10,22,15,0.9880353265514205,0.9471396593585867,2,4,11,138,"c(""Verne Harris"", "" Larry Spaulding"", "" Tom Nally"")","Los Angeles, CA",Galen Center,10258,NA,NA,NA,Montana,missed,Cameron Satterwhite,NA,TRUE,FALSE,Montana,USC,FALSE
401262974,2020-11-28,USC,Montana,110,1,5:45,1545,1545,Ethan Anderson Defensive Rebound.,32,10,22,4,0.9880753551538803,0.9473869525838575,2,4,11,138,"c(""Verne Harris"", "" Larry Spaulding"", "" Tom Nally"")","Los Angeles, CA",Galen Center,10258,NA,NA,NA,NA,NA,NA,NA,NA,NA,Montana,USC,FALSE
401262974,2020-11-28,USC,Montana,111,1,5:41,1541,1541,Ethan Anderson Turnover.,32,10,22,4,0.9881154924116652,0.9476342723167901,2,4,11,138,"c(""Verne Harris"", "" Larry Spaulding"", "" Tom Nally"")","Los Angeles, CA",Galen Center,10258,NA,NA,NA,NA,NA,NA,NA,NA,NA,USC,Montana,FALSE
401262974,2020-11-28,USC,Montana,112,1,5:41,1541,1541,Cameron Satterwhite Steal.,32,10,22,0,0.9881154924116652,0.9476342723167901,2,4,11,138,"c(""Verne Harris"", "" Larry Spaulding"", "" Tom Nally"")","Los Angeles, CA",Galen Center,10258,NA,NA,NA,NA,NA,NA,NA,NA,NA,USC,Montana,FALSE
401262974,2020-11-28,USC,Montana,113,1,5:30,1530,1530,Derrick Carter-Hollinger missed Jumper.,32,10,22,11,0.9882265799925266,0.9483150724827942,2,4,11,138,"c(""Verne Harris"", "" Larry Spaulding"", "" Tom Nally"")","Los Angeles, CA",Galen Center,10258,NA,NA,NA,Montana,missed,Derrick Carter-Hollinger,NA,FALSE,FALSE,Montana,USC,FALSE
401262974,2020-11-28,USC,Montana,114,1,5:27,1527,1527,Max Agbonkpolo Defensive Rebound.,32,10,22,3,0.9882570927539852,0.9485010412271201,2,4,11,138,"c(""Verne Harris"", "" Larry Spaulding"", "" Tom Nally"")","Los Angeles, CA",Galen Center,10258,NA,NA,NA,NA,NA,NA,NA,NA,NA,Montana,USC,FALSE
401262974,2020-11-28,USC,Montana,115,1,5:20,1520,1520,Foul on Max Agbonkpolo.,32,10,22,7,0.9883287165805134,0.9489356969749323,2,4,11,138,"c(""Verne Harris"", "" Larry Spaulding"", "" Tom Nally"")","Los Angeles, CA",Galen Center,10258,NA,NA,NA,NA,NA,NA,NA,NA,NA,USC,Montana,FALSE
401262974,2020-11-28,USC,Montana,116,1,5:20,1520,1520,Max Agbonkpolo Turnover.,32,10,22,0,0.9883287165805134,0.9489356969749323,2,4,11,138,"c(""Verne Harris"", "" Larry Spaulding"", "" Tom Nally"")","Los Angeles, CA",Galen Center,10258,NA,NA,NA,NA,NA,NA,NA,NA,NA,USC,Montana,FALSE
401262974,2020-11-28,USC,Montana,117,1,5:04,1504,1504,Josh Bannan made Jumper.,32,12,20,16,0.985018721148764,0.935565956455277,2,4,11,138,"c(""Verne Harris"", "" Larry Spaulding"", "" Tom Nally"")","Los Angeles, CA",Galen Center,10258,NA,NA,NA,Montana,made,Josh Bannan,NA,FALSE,FALSE,Montana,USC,FALSE
401262974,2020-11-28,USC,Montana,118,1,4:45,1485,1485,Isaiah White made Dunk. Assisted by Evan Mobley.,34,12,22,19,0.9886986570857372,0.9511340502747206,2,4,11,138,"c(""Verne Harris"", "" Larry Spaulding"", "" Tom Nally"")","Los Angeles, CA",Galen Center,10258,NA,NA,NA,USC,made,Isaiah White,Evan Mobley,FALSE,FALSE,USC,Montana,FALSE
401262974,2020-11-28,USC,Montana,119,1,4:19,1459,1459,Chevez Goodwin Defensive Rebound.,34,12,22,26,0.9889904836863709,0.9528083666677793,2,4,11,138,"c(""Verne Harris"", "" Larry Spaulding"", "" Tom Nally"")","Los Angeles, CA",Galen Center,10258,NA,NA,NA,NA,NA,NA,NA,NA,NA,Montana,USC,FALSE
401262974,2020-11-28,USC,Montana,120,1,4:13,1453,1453,Drew Peterson Turnover.,34,12,22,6,0.9890603458993665,0.953201214885876,2,4,11,138,"c(""Verne Harris"", "" Larry Spaulding"", "" Tom Nally"")","Los Angeles, CA",Galen Center,10258,NA,NA,NA,NA,NA,NA,NA,NA,NA,USC,Montana,FALSE
401262974,2020-11-28,USC,Montana,121,1,4:01,1441,1441,Josh Bannan made Three Point Jumper. Assisted by Cameron Satterwhite.,34,15,19,12,0.9837604992261768,0.9320249502635207,2,4,11,138,"c(""Verne Harris"", "" Larry Spaulding"", "" Tom Nally"")","Los Angeles, CA",Galen Center,10258,NA,NA,NA,Montana,made,Josh Bannan,Cameron Satterwhite,TRUE,FALSE,Montana,USC,FALSE
401262974,2020-11-28,USC,Montana,122,1,3:47,1427,1427,Ethan Anderson made Three Point Jumper. Assisted by Chevez Goodwin.,37,15,22,14,0.9893543186986391,0.9548558375933983,2,4,11,138,"c(""Verne Harris"", "" Larry Spaulding"", "" Tom Nally"")","Los Angeles, CA",Galen Center,10258,NA,NA,NA,USC,made,Ethan Anderson,Chevez Goodwin,TRUE,FALSE,USC,Montana,FALSE
401262974,2020-11-28,USC,Montana,123,1,3:28,1408,1408,Derrick Carter-Hollinger made Jumper.,37,17,20,19,0.9862241140236588,0.9425870486453747,2,4,11,138,"c(""Verne Harris"", "" Larry Spaulding"", "" Tom Nally"")","Los Angeles, CA",Galen Center,10258,NA,NA,NA,Montana,made,Derrick Carter-Hollinger,NA,FALSE,FALSE,Montana,USC,FALSE
401262974,2020-11-28,USC,Montana,124,1,3:18,1398,1398,Official TV Timeout,37,17,20,10,0.9863377969326118,0.9432566721312436,2,4,11,138,"c(""Verne Harris"", "" Larry Spaulding"", "" Tom Nally"")","Los Angeles, CA",Galen Center,10258,NA,NA,NA,NA,NA,NA,NA,NA,NA,USC,USC,FALSE
401262974,2020-11-28,USC,Montana,125,1,3:14,1394,1394,Evan Mobley Turnover.,37,17,20,4,0.9863824595600886,0.9435206891833839,2,4,11,138,"c(""Verne Harris"", "" Larry Spaulding"", "" Tom Nally"")","Los Angeles, CA",Galen Center,10258,NA,NA,NA,NA,NA,NA,NA,NA,NA,USC,Montana,FALSE
401262974,2020-11-28,USC,Montana,126,1,3:00,1380,1380,Brandon Whitney made Jumper.,37,19,18,14,0.9822048568184946,0.9275499097475606,2,4,11,138,"c(""Verne Harris"", "" Larry Spaulding"", "" Tom Nally"")","Los Angeles, CA",Galen Center,10258,NA,NA,NA,Montana,made,Brandon Whitney,NA,FALSE,FALSE,Montana,USC,FALSE
401262974,2020-11-28,USC,Montana,127,1,2:41,1361,1361,Foul on Derrick Carter-Hollinger.,37,19,18,19,0.9824320963122934,0.9289427821045076,2,4,11,138,"c(""Verne Harris"", "" Larry Spaulding"", "" Tom Nally"")","Los Angeles, CA",Galen Center,10258,NA,NA,NA,NA,NA,NA,NA,NA,NA,USC,USC,FALSE
401262974,2020-11-28,USC,Montana,128,1,2:41,1361,1361,Isaiah White made Free Throw.,38,19,19,0,0.9847343488857302,0.9378110227778762,2,4,11,138,"c(""Verne Harris"", "" Larry Spaulding"", "" Tom Nally"")","Los Angeles, CA",Galen Center,10258,NA,NA,NA,USC,made,Isaiah White,NA,FALSE,TRUE,USC,USC,FALSE
401262974,2020-11-28,USC,Montana,129,1,2:41,1361,1361,Isaiah White made Free Throw.,39,19,20,0,0.9867389665357339,0.9456372403905577,2,4,11,138,"c(""Verne Harris"", "" Larry Spaulding"", "" Tom Nally"")","Los Angeles, CA",Galen Center,10258,NA,NA,NA,USC,made,Isaiah White,NA,FALSE,TRUE,USC,Montana,FALSE
401262974,2020-11-28,USC,Montana,130,1,2:17,1337,1337,Foul on Evan Mobley.,39,19,20,24,0.9869927049481206,0.9471372167525616,2,4,11,138,"c(""Verne Harris"", "" Larry Spaulding"", "" Tom Nally"")","Los Angeles, CA",Galen Center,10258,NA,NA,NA,NA,NA,NA,NA,NA,NA,Montana,Montana,FALSE
401262974,2020-11-28,USC,Montana,131,1,2:17,1337,1337,Brandon Whitney missed Free Throw.,39,19,20,0,0.9869927049481206,0.9471372167525616,2,4,11,138,"c(""Verne Harris"", "" Larry Spaulding"", "" Tom Nally"")","Los Angeles, CA",Galen Center,10258,NA,NA,NA,Montana,missed,Brandon Whitney,NA,FALSE,TRUE,Montana,Montana,FALSE
401262974,2020-11-28,USC,Montana,132,1,2:17,1337,1337,Montana Deadball Team Rebound.,39,19,20,0,0.9869927049481206,0.9471372167525616,2,4,11,138,"c(""Verne Harris"", "" Larry Spaulding"", "" Tom Nally"")","Los Angeles, CA",Galen Center,10258,NA,NA,NA,NA,NA,NA,NA,NA,NA,Montana,Montana,FALSE
401262974,2020-11-28,USC,Montana,133,1,2:17,1337,1337,Brandon Whitney made Free Throw.,39,20,19,0,0.9850040423377974,0.9394290673643606,2,4,11,138,"c(""Verne Harris"", "" Larry Spaulding"", "" Tom Nally"")","Los Angeles, CA",Galen Center,10258,NA,NA,NA,Montana,made,Brandon Whitney,NA,FALSE,TRUE,Montana,USC,FALSE
401262974,2020-11-28,USC,Montana,134,1,2:00,1320,1320,Foul on Chevez Goodwin.,39,20,19,17,0.9851972822288666,0.940573478440078,2,4,11,138,"c(""Verne Harris"", "" Larry Spaulding"", "" Tom Nally"")","Los Angeles, CA",Galen Center,10258,NA,NA,NA,NA,NA,NA,NA,NA,NA,USC,Montana,FALSE
401262974,2020-11-28,USC,Montana,135,1,2:00,1320,1320,Chevez Goodwin Turnover.,39,20,19,0,0.9851972822288666,0.940573478440078,2,4,11,138,"c(""Verne Harris"", "" Larry Spaulding"", "" Tom Nally"")","Los Angeles, CA",Galen Center,10258,NA,NA,NA,NA,NA,NA,NA,NA,NA,USC,Montana,FALSE
401262974,2020-11-28,USC,Montana,136,1,1:41,1301,1301,Eddy Egun made Three Point Jumper. Assisted by Brandon Whitney.,39,23,16,19,0.9775466887475568,0.9125619585799257,2,4,11,138,"c(""Verne Harris"", "" Larry Spaulding"", "" Tom Nally"")","Los Angeles, CA",Galen Center,10258,NA,NA,NA,Montana,made,Eddy Egun,Brandon Whitney,TRUE,FALSE,Montana,USC,FALSE
401262974,2020-11-28,USC,Montana,137,1,1:07,1267,1267,Foul on Drew Peterson.,41,23,18,34,0.9836059992363713,0.9358595329997351,2,4,11,138,"c(""Verne Harris"", "" Larry Spaulding"", "" Tom Nally"")","Los Angeles, CA",Galen Center,10258,NA,NA,NA,NA,NA,NA,NA,NA,NA,Montana,Montana,TRUE
401262974,2020-11-28,USC,Montana,138,1,1:07,1267,1267,Kyle Owens missed Free Throw.,41,23,18,0,0.9836059992363713,0.9358595329997351,2,4,11,138,"c(""Verne Harris"", "" Larry Spaulding"", "" Tom Nally"")","Los Angeles, CA",Galen Center,10258,NA,NA,NA,Montana,missed,Kyle Owens,NA,FALSE,TRUE,Montana,Montana,FALSE
401262974,2020-11-28,USC,Montana,139,1,1:07,1267,1267,Montana Deadball Team Rebound.,41,23,18,0,0.9836059992363713,0.9358595329997351,2,4,11,138,"c(""Verne Harris"", "" Larry Spaulding"", "" Tom Nally"")","Los Angeles, CA",Galen Center,10258,NA,NA,NA,NA,NA,NA,NA,NA,NA,Montana,Montana,FALSE
401262974,2020-11-28,USC,Montana,140,1,1:07,1267,1267,Kyle Owens missed Free Throw.,41,23,18,0,0.9836059992363713,0.9358595329997351,2,4,11,138,"c(""Verne Harris"", "" Larry Spaulding"", "" Tom Nally"")","Los Angeles, CA",Galen Center,10258,NA,NA,NA,Montana,missed,Kyle Owens,NA,FALSE,TRUE,Montana,Montana,FALSE
401262974,2020-11-28,USC,Montana,141,1,1:07,1267,1267,Chevez Goodwin Defensive Rebound.,41,23,18,0,0.9836059992363713,0.9358595329997351,2,4,11,138,"c(""Verne Harris"", "" Larry Spaulding"", "" Tom Nally"")","Los Angeles, CA",Galen Center,10258,NA,NA,NA,NA,NA,NA,NA,NA,NA,Montana,Montana,FALSE
401262974,2020-11-28,USC,Montana,142,1,0:55,1255,1255,Ethan Anderson made Three Point Jumper. Assisted by Isaiah Mobley.,44,23,21,12,0.9895878227649317,0.9587295840506945,2,4,11,138,"c(""Verne Harris"", "" Larry Spaulding"", "" Tom Nally"")","Los Angeles, CA",Galen Center,10258,NA,NA,NA,USC,made,Ethan Anderson,Isaiah Mobley,TRUE,FALSE,USC,Montana,FALSE
401262974,2020-11-28,USC,Montana,143,1,0:34,1234,1234,Foul on Chevez Goodwin.,44,23,21,21,0.9898415450525486,0.9600458321439761,2,4,11,138,"c(""Verne Harris"", "" Larry Spaulding"", "" Tom Nally"")","Los Angeles, CA",Galen Center,10258,NA,NA,NA,NA,NA,NA,NA,NA,NA,Montana,Montana,FALSE
401262974,2020-11-28,USC,Montana,144,1,0:34,1234,1234,Brandon Whitney made Free Throw.,44,24,20,0,0.9882007017004056,0.9538167887354274,2,4,11,138,"c(""Verne Harris"", "" Larry Spaulding"", "" Tom Nally"")","Los Angeles, CA",Galen Center,10258,NA,NA,NA,Montana,made,Brandon Whitney,NA,FALSE,TRUE,Montana,Montana,FALSE
401262974,2020-11-28,USC,Montana,145,1,0:34,1234,1234,Brandon Whitney made Free Throw.,44,25,19,0,0.9862984899766196,0.9466705536131093,2,4,11,138,"c(""Verne Harris"", "" Larry Spaulding"", "" Tom Nally"")","Los Angeles, CA",Galen Center,10258,NA,NA,NA,Montana,made,Brandon Whitney,NA,FALSE,TRUE,Montana,USC,FALSE
401262974,2020-11-28,USC,Montana,146,1,0:17,1217,1217,Ethan Anderson Turnover.,44,25,19,17,0.9865558530448564,0.9479862393092773,2,4,11,138,"c(""Verne Harris"", "" Larry Spaulding"", "" Tom Nally"")","Los Angeles, CA",Galen Center,10258,NA,NA,NA,NA,NA,NA,NA,NA,NA,USC,Montana,FALSE
401262974,2020-11-28,USC,Montana,147,1,0:00,1200,1200,Cameron Satterwhite missed Three Point Jumper.,44,25,19,17,0.9868241700793597,0.9493274924441191,2,4,11,138,"c(""Verne Harris"", "" Larry Spaulding"", "" Tom Nally"")","Los Angeles, CA",Galen Center,10258,NA,NA,NA,Montana,missed,Cameron Satterwhite,NA,TRUE,FALSE,Montana,USC,FALSE
401262974,2020-11-28,USC,Montana,148,1,0:00,1200,1200,Isaiah Mobley Defensive Rebound.,44,25,19,0,0.9868241700793597,0.9493274924441191,2,4,11,138,"c(""Verne Harris"", "" Larry Spaulding"", "" Tom Nally"")","Los Angeles, CA",Galen Center,10258,NA,NA,NA,NA,NA,NA,NA,NA,NA,Montana,USC,FALSE
401262974,2020-11-28,USC,Montana,149,1,0:00,1200,1200,End of 1st half,44,25,19,0,0.9868241700793597,0.9493274924441191,2,4,11,138,"c(""Verne Harris"", "" Larry Spaulding"", "" Tom Nally"")","Los Angeles, CA",Galen Center,10258,NA,NA,NA,NA,NA,NA,NA,NA,NA,USC,NA,FALSE
401262974,2020-11-28,USC,Montana,150,2,20:00,1200,1200,PLAY,44,25,19,0,0.9868241700793597,0.9493274924441191,3,4,11,138,"c(""Verne Harris"", "" Larry Spaulding"", "" Tom Nally"")","Los Angeles, CA",Galen Center,10258,NA,NA,NA,NA,NA,NA,NA,NA,NA,NA,Montana,FALSE
401262974,2020-11-28,USC,Montana,151,2,19:45,1185,1185,Josh Bannan missed Jumper.,44,25,19,15,0.9870499627833266,0.9504571490836217,3,4,11,138,"c(""Verne Harris"", "" Larry Spaulding"", "" Tom Nally"")","Los Angeles, CA",Galen Center,10258,NA,NA,NA,Montana,missed,Josh Bannan,NA,FALSE,FALSE,Montana,Montana,FALSE
401262974,2020-11-28,USC,Montana,152,2,19:43,1183,1183,Michael Steadman Offensive Rebound.,44,25,19,2,0.9870792473632669,0.950603849168422,3,4,11,138,"c(""Verne Harris"", "" Larry Spaulding"", "" Tom Nally"")","Los Angeles, CA",Galen Center,10258,NA,NA,NA,NA,NA,NA,NA,NA,NA,Montana,Montana,FALSE
401262974,2020-11-28,USC,Montana,153,2,19:41,1181,1181,Michael Steadman missed Layup.,44,25,19,2,0.987108357669742,0.9507497049623784,3,4,11,138,"c(""Verne Harris"", "" Larry Spaulding"", "" Tom Nally"")","Los Angeles, CA",Galen Center,10258,NA,NA,NA,Montana,missed,Michael Steadman,NA,FALSE,FALSE,Montana,Montana,FALSE
401262974,2020-11-28,USC,Montana,154,2,19:41,1181,1181,Montana Offensive Rebound.,44,25,19,0,0.987108357669742,0.9507497049623784,3,4,11,138,"c(""Verne Harris"", "" Larry Spaulding"", "" Tom Nally"")","Los Angeles, CA",Galen Center,10258,NA,NA,NA,NA,NA,NA,NA,NA,NA,Montana,Montana,FALSE
401262974,2020-11-28,USC,Montana,155,2,19:41,1181,1181,Isaiah Mobley Block.,44,25,19,0,0.987108357669742,0.9507497049623784,3,4,11,138,"c(""Verne Harris"", "" Larry Spaulding"", "" Tom Nally"")","Los Angeles, CA",Galen Center,10258,NA,NA,NA,NA,NA,NA,NA,NA,NA,Montana,Montana,FALSE
401262974,2020-11-28,USC,Montana,156,2,19:28,1168,1168,Cameron Satterwhite missed Jumper.,44,25,19,13,0.9872937255157155,0.951678825415054,3,4,11,138,"c(""Verne Harris"", "" Larry Spaulding"", "" Tom Nally"")","Los Angeles, CA",Galen Center,10258,NA,NA,NA,Montana,missed,Cameron Satterwhite,NA,FALSE,FALSE,Montana,Montana,FALSE
401262974,2020-11-28,USC,Montana,157,2,19:25,1165,1165,Brandon Whitney Offensive Rebound.,44,25,19,3,0.98733565697373,0.9518889910917484,3,4,11,138,"c(""Verne Harris"", "" Larry Spaulding"", "" Tom Nally"")","Los Angeles, CA",Galen Center,10258,NA,NA,NA,NA,NA,NA,NA,NA,NA,Montana,Montana,FALSE
401262974,2020-11-28,USC,Montana,158,2,19:23,1163,1163,Cameron Satterwhite missed Three Point Jumper.,44,25,19,2,0.9873634558370401,0.9520283012724756,3,4,11,138,"c(""Verne Harris"", "" Larry Spaulding"", "" Tom Nally"")","Los Angeles, CA",Galen Center,10258,NA,NA,NA,Montana,missed,Cameron Satterwhite,NA,TRUE,FALSE,Montana,USC,FALSE
401262974,2020-11-28,USC,Montana,159,2,19:20,1160,1160,Tahj Eaddy Defensive Rebound.,44,25,19,3,0.987404934502032,0.9522361209521284,3,4,11,138,"c(""Verne Harris"", "" Larry Spaulding"", "" Tom Nally"")","Los Angeles, CA",Galen Center,10258,NA,NA,NA,NA,NA,NA,NA,NA,NA,Montana,USC,FALSE
401262974,2020-11-28,USC,Montana,160,2,19:15,1155,1155,Ethan Anderson missed Three Point Jumper.,44,25,19,5,0.987473524433761,0.9525796118816051,3,4,11,138,"c(""Verne Harris"", "" Larry Spaulding"", "" Tom Nally"")","Los Angeles, CA",Galen Center,10258,NA,NA,NA,USC,missed,Ethan Anderson,NA,TRUE,FALSE,USC,USC,FALSE
401262974,2020-11-28,USC,Montana,161,2,19:11,1151,1151,Isaiah Mobley Offensive Rebound.,44,25,19,4,0.9875279566894156,0.9528520075851497,3,4,11,138,"c(""Verne Harris"", "" Larry Spaulding"", "" Tom Nally"")","Los Angeles, CA",Galen Center,10258,NA,NA,NA,NA,NA,NA,NA,NA,NA,USC,USC,FALSE
401262974,2020-11-28,USC,Montana,162,2,19:10,1150,1150,Isaiah Mobley Turnover.,44,25,19,1,0.987541509094235,0.9529197952891483,3,4,11,138,"c(""Verne Harris"", "" Larry Spaulding"", "" Tom Nally"")","Los Angeles, CA",Galen Center,10258,NA,NA,NA,NA,NA,NA,NA,NA,NA,USC,Montana,FALSE
401262974,2020-11-28,USC,Montana,163,2,19:10,1150,1150,Cameron Satterwhite Steal.,44,25,19,0,0.987541509094235,0.9529197952891483,3,4,11,138,"c(""Verne Harris"", "" Larry Spaulding"", "" Tom Nally"")","Los Angeles, CA",Galen Center,10258,NA,NA,NA,NA,NA,NA,NA,NA,NA,USC,Montana,FALSE
401262974,2020-11-28,USC,Montana,164,2,19:01,1141,1141,Josh Bannan made Layup.,44,27,17,9,0.98312131384947965,0.9372164385956021,3,4,11,138,"c(""Verne Harris"", "" Larry Spaulding"", "" Tom Nally"")","Los Angeles, CA",Galen Center,10258,NA,NA,NA,Montana,made,Josh Bannan,NA,FALSE,FALSE,Montana,USC,FALSE
401262974,2020-11-28,USC,Montana,165,2,18:42,1122,1122,Foul on Michael Steadman.,44,27,17,19,0.9834155461487563,0.9387083685940172,3,4,11,138,"c(""Verne Harris"", "" Larry Spaulding"", "" Tom Nally"")","Los Angeles, CA",Galen Center,10258,NA,NA,NA,NA,NA,NA,NA,NA,NA,USC,USC,FALSE
401262974,2020-11-28,USC,Montana,166,2,18:42,1122,1122,Evan Mobley missed Free Throw.,44,27,17,0,0.9834155461487563,0.9387083685940172,3,4,11,138,"c(""Verne Harris"", "" Larry Spaulding"", "" Tom Nally"")","Los Angeles, CA",Galen Center,10258,NA,NA,NA,USC,missed,Evan Mobley,NA,FALSE,TRUE,USC,USC,FALSE
401262974,2020-11-28,USC,Montana,167,2,18:42,1122,1122,USC Deadball Team Rebound.,44,27,17,0,0.9834155461487563,0.9387083685940172,3,4,11,138,"c(""Verne Harris"", "" Larry Spaulding"", "" Tom Nally"")","Los Angeles, CA",Galen Center,10258,NA,NA,NA,NA,NA,NA,NA,NA,NA,USC,USC,FALSE
401262974,2020-11-28,USC,Montana,168,2,18:42,1122,1122,Evan Mobley made Free Throw.,45,27,18,0,0.9858401997242455,0.9473190886326773,3,4,11,138,"c(""Verne Harris"", "" Larry Spaulding"", "" Tom Nally"")","Los Angeles, CA",Galen Center,10258,NA,NA,NA,USC,made,Evan Mobley,NA,FALSE,TRUE,USC,Montana,FALSE
401262974,2020-11-28,USC,Montana,169,2,18:12,1092,1092,Cameron Satterwhite made Jumper.,45,29,16,30,0.9810818833659668,0.9313166357270569,3,4,11,138,"c(""Verne Harris"", "" Larry Spaulding"", "" Tom Nally"")","Los Angeles, CA",Galen Center,10258,NA,NA,NA,Montana,made,Cameron Satterwhite,NA,FALSE,FALSE,Montana,USC,FALSE
401262974,2020-11-28,USC,Montana,170,2,18:00,1080,1080,Foul on Josh Bannan.,45,29,16,12,0.9812853796666419,0.9323297155772339,3,4,11,138,"c(""Verne Harris"", "" Larry Spaulding"", "" Tom Nally"")","Los Angeles, CA",Galen Center,10258,NA,NA,NA,NA,NA,NA,NA,NA,NA,USC,USC,FALSE
401262974,2020-11-28,USC,Montana,171,2,17:53,1073,1073,Tahj Eaddy missed Jumper.,45,29,16,7,0.9814059518314083,0.9329246023783879,3,4,11,138,"c(""Verne Harris"", "" Larry Spaulding"", "" Tom Nally"")","Los Angeles, CA",Galen Center,10258,NA,NA,NA,USC,missed,Tahj Eaddy,NA,FALSE,FALSE,USC,USC,FALSE
401262974,2020-11-28,USC,Montana,172,2,17:52,1072,1072,Isaiah Mobley Offensive Rebound.,45,29,16,1,0.9814233057310046,0.9330098830224065,3,4,11,138,"c(""Verne Harris"", "" Larry Spaulding"", "" Tom Nally"")","Los Angeles, CA",Galen Center,10258,NA,NA,NA,NA,NA,NA,NA,NA,NA,USC,USC,FALSE
401262974,2020-11-28,USC,Montana,173,2,17:51,1071,1071,Foul on Drew Peterson.,45,29,16,1,0.9814406938319686,0.9330952445083207,3,4,11,138,"c(""Verne Harris"", "" Larry Spaulding"", "" Tom Nally"")","Los Angeles, CA",Galen Center,10258,NA,NA,NA,NA,NA,NA,NA,NA,NA,USC,Montana,FALSE
401262974,2020-11-28,USC,Montana,174,2,17:51,1071,1071,Drew Peterson Turnover.,45,29,16,0,0.9814406938319686,0.9330952445083207,3,4,11,138,"c(""Verne Harris"", "" Larry Spaulding"", "" Tom Nally"")","Los Angeles, CA",Galen Center,10258,NA,NA,NA,NA,NA,NA,NA,NA,NA,USC,Montana,FALSE
401262974,2020-11-28,USC,Montana,175,2,17:22,1042,1042,Foul on Derrick Carter-Hollinger.,45,29,16,29,0.9819625099797237,0.9356152753374807,3,4,11,138,"c(""Verne Harris"", "" Larry Spaulding"", "" Tom Nally"")","Los Angeles, CA",Galen Center,10258,NA,NA,NA,NA,NA,NA,NA,NA,NA,USC,USC,FALSE
401262974,2020-11-28,USC,Montana,176,2,17:22,1042,1042,Derrick Carter-Hollinger Turnover.,45,29,16,0,0.9819625099797237,0.9356152753374807,3,4,11,138,"c(""Verne Harris"", "" Larry Spaulding"", "" Tom Nally"")","Los Angeles, CA",Galen Center,10258,NA,NA,NA,NA,NA,NA,NA,NA,NA,Montana,USC,FALSE
401262974,2020-11-28,USC,Montana,177,2,17:08,1028,1028,Drew Peterson made Three Point Jumper. Assisted by Ethan Anderson.,48,29,19,14,0.9892071121034461,0.9609517244986843,3,4,11,138,"c(""Verne Harris"", "" Larry Spaulding"", "" Tom Nally"")","Los Angeles, CA",Galen Center,10258,NA,NA,NA,USC,made,Drew Peterson,Ethan Anderson,TRUE,FALSE,USC,Montana,FALSE
401262974,2020-11-28,USC,Montana,178,2,16:42,1002,1002,Michael Steadman Turnover.,48,29,19,26,0.9896096279160745,0.962767098321021,3,4,11,138,"c(""Verne Harris"", "" Larry Spaulding"", "" Tom Nally"")","Los Angeles, CA",Galen Center,10258,NA,NA,NA,NA,NA,NA,NA,NA,NA,Montana,USC,FALSE
401262974,2020-11-28,USC,Montana,179,2,16:38,998,998,Evan Mobley made Layup. Assisted by Ethan Anderson.,50,29,21,4,0.9926519669630653,0.9735027607564575,3,4,11,138,"c(""Verne Harris"", "" Larry Spaulding"", "" Tom Nally"")","Los Angeles, CA",Galen Center,10258,NA,NA,NA,USC,made,Evan Mobley,Ethan Anderson,FALSE,FALSE,USC,Montana,FALSE
401262974,2020-11-28,USC,Montana,180,2,16:08,968,968,Foul on Tahj Eaddy.,50,29,21,30,0.9930606263359567,0.9752683644126914,3,4,11,138,"c(""Verne Harris"", "" Larry Spaulding"", "" Tom Nally"")","Los Angeles, CA",Galen Center,10258,NA,NA,NA,NA,NA,NA,NA,NA,NA,Montana,Montana,FALSE
401262974,2020-11-28,USC,Montana,181,2,16:08,968,968,Brandon Whitney made Free Throw.,50,30,20,0,0.991744598014544,0.9706777266860029,3,4,11,138,"c(""Verne Harris"", "" Larry Spaulding"", "" Tom Nally"")","Los Angeles, CA",Galen Center,10258,NA,NA,NA,Montana,made,Brandon Whitney,NA,FALSE,TRUE,Montana,Montana,FALSE
401262974,2020-11-28,USC,Montana,182,2,16:08,968,968,Brandon Whitney made Free Throw.,50,31,19,0,0.9901814570915413,0.9652653319314758,3,4,11,138,"c(""Verne Harris"", "" Larry Spaulding"", "" Tom Nally"")","Los Angeles, CA",Galen Center,10258,NA,NA,NA,Montana,made,Brandon Whitney,NA,FALSE,TRUE,Montana,USC,FALSE
401262974,2020-11-28,USC,Montana,183,2,15:52,952,952,Evan Mobley made Jumper. Assisted by Ethan Anderson.,52,31,21,16,0.9932683751430544,0.9761560812808174,3,4,11,138,"c(""Verne Harris"", "" Larry Spaulding"", "" Tom Nally"")","Los Angeles, CA",Galen Center,10258,NA,NA,NA,USC,made,Evan Mobley,Ethan Anderson,FALSE,FALSE,USC,Montana,FALSE
401262974,2020-11-28,USC,Montana,184,2,15:40,940,940,Josh Bannan made Jumper. Assisted by Brandon Whitney.,52,33,19,12,0.9906160679448274,0.9671423142819215,3,4,11,138,"c(""Verne Harris"", "" Larry Spaulding"", "" Tom Nally"")","Los Angeles, CA",Galen Center,10258,NA,NA,NA,Montana,made,Josh Bannan,Brandon Whitney,FALSE,FALSE,Montana,USC,FALSE
401262974,2020-11-28,USC,Montana,185,2,15:27,927,927,Isaiah Mobley Turnover.,52,33,19,13,0.9907909511512241,0.9679009134702748,3,4,11,138,"c(""Verne Harris"", "" Larry Spaulding"", "" Tom Nally"")","Los Angeles, CA",Galen Center,10258,NA,NA,NA,NA,NA,NA,NA,NA,NA,USC,Montana,FALSE
401262974,2020-11-28,USC,Montana,186,2,15:27,927,927,Cameron Parker Steal.,52,33,19,0,0.9907909511512241,0.9679009134702748,3,4,11,138,"c(""Verne Harris"", "" Larry Spaulding"", "" Tom Nally"")","Los Angeles, CA",Galen Center,10258,NA,NA,NA,NA,NA,NA,NA,NA,NA,USC,Montana,FALSE
401262974,2020-11-28,USC,Montana,187,2,15:23,923,923,Cameron Parker made Layup.,52,35,17,4,0.986934524988999,0.954962164533316,3,4,11,138,"c(""Verne Harris"", "" Larry Spaulding"", "" Tom Nally"")","Los Angeles, CA",Galen Center,10258,NA,NA,NA,Montana,made,Cameron Parker,NA,FALSE,FALSE,Montana,USC,FALSE
401262974,2020-11-28,USC,Montana,188,2,15:15,915,915,Official TV Timeout,52,35,17,8,0.9870567716844054,0.9555006151540213,3,4,11,138,"c(""Verne Harris"", "" Larry Spaulding"", "" Tom Nally"")","Los Angeles, CA",Galen Center,10258,NA,NA,NA,NA,NA,NA,NA,NA,NA,USC,USC,FALSE
401262974,2020-11-28,USC,Montana,189,2,14:50,890,890,Evan Mobley missed Jumper.,52,35,17,25,0.9874158523259436,0.9570813869883584,3,4,11,138,"c(""Verne Harris"", "" Larry Spaulding"", "" Tom Nally"")","Los Angeles, CA",Galen Center,10258,NA,NA,NA,USC,missed,Evan Mobley,NA,FALSE,FALSE,USC,Montana,FALSE
401262974,2020-11-28,USC,Montana,190,2,14:46,886,886,Josh Bannan Defensive Rebound.,52,35,17,4,0.987471254424385,0.9573245141483154,3,4,11,138,"c(""Verne Harris"", "" Larry Spaulding"", "" Tom Nally"")","Los Angeles, CA",Galen Center,10258,NA,NA,NA,NA,NA,NA,NA,NA,NA,USC,Montana,FALSE
401262974,2020-11-28,USC,Montana,191,2,14:40,880,880,Cameron Satterwhite missed Three Point Jumper.,52,35,17,6,0.9875538451812702,0.9576862301139759,3,4,11,138,"c(""Verne Harris"", "" Larry Spaulding"", "" Tom Nally"")","Los Angeles, CA",Galen Center,10258,NA,NA,NA,Montana,missed,Cameron Satterwhite,NA,TRUE,FALSE,Montana,Montana,FALSE
401262974,2020-11-28,USC,Montana,192,2,14:36,876,876,Cameron Satterwhite Offensive Rebound.,52,35,17,4,0.9876087042630697,0.957925920500474,3,4,11,138,"c(""Verne Harris"", "" Larry Spaulding"", "" Tom Nally"")","Los Angeles, CA",Galen Center,10258,NA,NA,NA,NA,NA,NA,NA,NA,NA,Montana,Montana,FALSE
401262974,2020-11-28,USC,Montana,193,2,14:20,860,860,Cameron Parker missed Layup.,52,35,17,16,0.9878285445922497,0.9588806100204007,3,4,11,138,"c(""Verne Harris"", "" Larry Spaulding"", "" Tom Nally"")","Los Angeles, CA",Galen Center,10258,NA,NA,NA,Montana,missed,Cameron Parker,NA,FALSE,FALSE,Montana,Montana,FALSE
401262974,2020-11-28,USC,Montana,194,2,14:20,860,860,Montana Offensive Rebound.,52,35,17,0,0.9878285445922497,0.9588806100204007,3,4,11,138,"c(""Verne Harris"", "" Larry Spaulding"", "" Tom Nally"")","Los Angeles, CA",Galen Center,10258,NA,NA,NA,NA,NA,NA,NA,NA,NA,Montana,Montana,FALSE
401262974,2020-11-28,USC,Montana,195,2,14:20,860,860,Isaiah Mobley Block.,52,35,17,0,0.9878285445922497,0.9588806100204007,3,4,11,138,"c(""Verne Harris"", "" Larry Spaulding"", "" Tom Nally"")","Los Angeles, CA",Galen Center,10258,NA,NA,NA,NA,NA,NA,NA,NA,NA,Montana,Montana,FALSE
401262974,2020-11-28,USC,Montana,196,2,14:19,859,859,Kyle Owens missed Jumper.,52,35,17,1,0.9878423899645895,0.958940374115096,3,4,11,138,"c(""Verne Harris"", "" Larry Spaulding"", "" Tom Nally"")","Los Angeles, CA",Galen Center,10258,NA,NA,NA,Montana,missed,Kyle Owens,NA,FALSE,FALSE,Montana,USC,FALSE
401262974,2020-11-28,USC,Montana,197,2,14:15,855,855,Isaiah White Defensive Rebound.,52,35,17,4,0.9878979912505476,0.9591798979059545,3,4,11,138,"c(""Verne Harris"", "" Larry Spaulding"", "" Tom Nally"")","Los Angeles, CA",Galen Center,10258,NA,NA,NA,NA,NA,NA,NA,NA,NA,Montana,USC,FALSE
401262974,2020-11-28,USC,Montana,198,2,13:59,839,839,Isaiah Mobley missed Three Point Jumper.,52,35,17,16,0.9881253778813004,0.9601508324713712,3,4,11,138,"c(""Verne Harris"", "" Larry Spaulding"", "" Tom Nally"")","Los Angeles, CA",Galen Center,10258,NA,NA,NA,USC,missed,Isaiah Mobley,NA,TRUE,FALSE,USC,Montana,FALSE
401262974,2020-11-28,USC,Montana,199,2,13:56,836,836,Cameron Parker Defensive Rebound.,52,35,17,3,0.9881691769194861,0.96033617535883,3,4,11,138,"c(""Verne Harris"", "" Larry Spaulding"", "" Tom Nally"")","Los Angeles, CA",Galen Center,10258,NA,NA,NA,NA,NA,NA,NA,NA,NA,USC,Montana,FALSE
401262974,2020-11-28,USC,Montana,200,2,13:47,827,827,Foul on Max Agbonkpolo.,52,35,17,9,0.9883033889860476,0.9609006353929918,3,4,11,138,"c(""Verne Harris"", "" Larry Spaulding"", "" Tom Nally"")","Los Angeles, CA",Galen Center,10258,NA,NA,NA,NA,NA,NA,NA,NA,NA,Montana,Montana,FALSE
401262974,2020-11-28,USC,Montana,201,2,13:47,827,827,Josh Bannan missed Free Throw.,52,35,17,0,0.9883033889860476,0.9609006353929918,3,4,11,138,"c(""Verne Harris"", "" Larry Spaulding"", "" Tom Nally"")","Los Angeles, CA",Galen Center,10258,NA,NA,NA,Montana,missed,Josh Bannan,NA,FALSE,TRUE,Montana,Montana,FALSE
401262974,2020-11-28,USC,Montana,202,2,13:47,827,827,Montana Deadball Team Rebound.,52,35,17,0,0.9883033889860476,0.9609006353929918,3,4,11,138,"c(""Verne Harris"", "" Larry Spaulding"", "" Tom Nally"")","Los Angeles, CA",Galen Center,10258,NA,NA,NA,NA,NA,NA,NA,NA,NA,Montana,Montana,FALSE
401262974,2020-11-28,USC,Montana,203,2,13:47,827,827,Josh Bannan missed Free Throw.,52,35,17,0,0.9883033889860476,0.9609006353929918,3,4,11,138,"c(""Verne Harris"", "" Larry Spaulding"", "" Tom Nally"")","Los Angeles, CA",Galen Center,10258,NA,NA,NA,Montana,missed,Josh Bannan,NA,FALSE,TRUE,Montana,Montana,FALSE
401262974,2020-11-28,USC,Montana,204,2,13:47,827,827,Max Agbonkpolo Defensive Rebound.,52,35,17,0,0.9883033889860476,0.9609006353929918,3,4,11,138,"c(""Verne Harris"", "" Larry Spaulding"", "" Tom Nally"")","Los Angeles, CA",Galen Center,10258,NA,NA,NA,NA,NA,NA,NA,NA,NA,Montana,Montana,FALSE
401262974,2020-11-28,USC,Montana,205,2,13:33,813,813,Max Agbonkpolo missed Three Point Jumper.,52,35,17,14,0.9885221313259622,0.9618094094152153,3,4,11,138,"c(""Verne Harris"", "" Larry Spaulding"", "" Tom Nally"")","Los Angeles, CA",Galen Center,10258,NA,NA,NA,USC,missed,Max Agbonkpolo,NA,TRUE,FALSE,USC,Montana,FALSE
401262974,2020-11-28,USC,Montana,206,2,13:33,813,813,Montana Deadball Team Rebound.,52,35,17,0,0.9885221313259622,0.9618094094152153,3,4,11,138,"c(""Verne Harris"", "" Larry Spaulding"", "" Tom Nally"")","Los Angeles, CA",Galen Center,10258,NA,NA,NA,NA,NA,NA,NA,NA,NA,USC,Montana,FALSE
401262974,2020-11-28,USC,Montana,207,2,13:33,813,813,Foul on Isaiah White.,52,35,17,0,0.9885221313259622,0.9618094094152153,3,4,11,138,"c(""Verne Harris"", "" Larry Spaulding"", "" Tom Nally"")","Los Angeles, CA",Galen Center,10258,NA,NA,NA,NA,NA,NA,NA,NA,NA,USC,Montana,FALSE
401262974,2020-11-28,USC,Montana,208,2,13:19,799,799,Foul on Isaiah White.,52,35,17,14,0.9887555365834764,0.9627644149899802,3,4,11,138,"c(""Verne Harris"", "" Larry Spaulding"", "" Tom Nally"")","Los Angeles, CA",Galen Center,10258,NA,NA,NA,NA,NA,NA,NA,NA,NA,Montana,Montana,FALSE
401262974,2020-11-28,USC,Montana,209,2,13:19,799,799,Kyle Owens made Free Throw.,52,36,16,0,0.9864167985858644,0.9552643653972898,3,4,11,138,"c(""Verne Harris"", "" Larry Spaulding"", "" Tom Nally"")","Los Angeles, CA",Galen Center,10258,NA,NA,NA,Montana,made,Kyle Owens,NA,FALSE,TRUE,Montana,Montana,FALSE
401262974,2020-11-28,USC,Montana,210,2,13:19,799,799,Kyle Owens made Free Throw.,52,37,15,0,0.9835996944453776,0.9463378452988014,3,4,11,138,"c(""Verne Harris"", "" Larry Spaulding"", "" Tom Nally"")","Los Angeles, CA",Galen Center,10258,NA,NA,NA,Montana,made,Kyle Owens,NA,FALSE,TRUE,Montana,USC,FALSE
401262974,2020-11-28,USC,Montana,211,2,13:00,780,780,Foul on Kyle Owens.,52,37,15,19,0.984027334269661,0.9480740687988721,3,4,11,138,"c(""Verne Harris"", "" Larry Spaulding"", "" Tom Nally"")","Los Angeles, CA",Galen Center,10258,NA,NA,NA,NA,NA,NA,NA,NA,NA,USC,USC,FALSE
401262974,2020-11-28,USC,Montana,212,2,12:56,776,776,Ethan Anderson missed Jumper.,52,37,15,4,0.9841234319652719,0.9484591291170958,3,4,11,138,"c(""Verne Harris"", "" Larry Spaulding"", "" Tom Nally"")","Los Angeles, CA",Galen Center,10258,NA,NA,NA,USC,missed,Ethan Anderson,NA,FALSE,FALSE,USC,USC,FALSE
401262974,2020-11-28,USC,Montana,213,2,12:52,772,772,Evan Mobley Offensive Rebound.,52,37,15,4,0.984221779257144,0.9488514338522185,3,4,11,138,"c(""Verne Harris"", "" Larry Spaulding"", "" Tom Nally"")","Los Angeles, CA",Galen Center,10258,NA,NA,NA,NA,NA,NA,NA,NA,NA,USC,USC,FALSE
401262974,2020-11-28,USC,Montana,214,2,12:50,770,770,Noah Baumann missed Three Point Jumper.,52,37,15,2,0.9842718138958247,0.949050357541885,3,4,11,138,"c(""Verne Harris"", "" Larry Spaulding"", "" Tom Nally"")","Los Angeles, CA",Galen Center,10258,NA,NA,NA,USC,missed,Noah Baumann,NA,TRUE,FALSE,USC,USC,FALSE
401262974,2020-11-28,USC,Montana,215,2,12:47,767,767,Evan Mobley Offensive Rebound.,52,37,15,3,0.9843479606566743,0.9493522647453514,3,4,11,138,"c(""Verne Harris"", "" Larry Spaulding"", "" Tom Nally"")","Los Angeles, CA",Galen Center,10258,NA,NA,NA,NA,NA,NA,NA,NA,NA,USC,USC,FALSE
401262974,2020-11-28,USC,Montana,216,2,12:47,767,767,Foul on Kyle Owens.,52,37,15,0,0.9843479606566743,0.9493522647453514,3,4,11,138,"c(""Verne Harris"", "" Larry Spaulding"", "" Tom Nally"")","Los Angeles, CA",Galen Center,10258,NA,NA,NA,NA,NA,NA,NA,NA,NA,USC,USC,FALSE
401262974,2020-11-28,USC,Montana,217,2,12:47,767,767,Evan Mobley missed Free Throw.,52,37,15,0,0.9843479606566743,0.9493522647453514,3,4,11,138,"c(""Verne Harris"", "" Larry Spaulding"", "" Tom Nally"")","Los Angeles, CA",Galen Center,10258,NA,NA,NA,USC,missed,Evan Mobley,NA,FALSE,TRUE,USC,USC,FALSE
401262974,2020-11-28,USC,Montana,218,2,12:47,767,767,USC Deadball Team Rebound.,52,37,15,0,0.9843479606566743,0.9493522647453514,3,4,11,138,"c(""Verne Harris"", "" Larry Spaulding"", "" Tom Nally"")","Los Angeles, CA",Galen Center,10258,NA,NA,NA,NA,NA,NA,NA,NA,NA,USC,USC,FALSE
401262974,2020-11-28,USC,Montana,219,2,12:47,767,767,Evan Mobley made Free Throw.,53,37,16,0,0.9870901475659501,0.9579637569780473,3,4,11,138,"c(""Verne Harris"", "" Larry Spaulding"", "" Tom Nally"")","Los Angeles, CA",Galen Center,10258,NA,NA,NA,USC,made,Evan Mobley,NA,FALSE,TRUE,USC,Montana,FALSE
401262974,2020-11-28,USC,Montana,220,2,12:21,741,741,Eddy Egun missed Three Point Jumper.,53,37,16,26,0.9877321141038689,0.9604606927864252,3,4,11,138,"c(""Verne Harris"", "" Larry Spaulding"", "" Tom Nally"")","Los Angeles, CA",Galen Center,10258,NA,NA,NA,Montana,missed,Eddy Egun,NA,TRUE,FALSE,Montana,USC,FALSE
401262974,2020-11-28,USC,Montana,221,2,12:21,741,741,Evan Mobley Defensive Rebound.,53,37,16,0,0.9877321141038689,0.9604606927864252,3,4,11,138,"c(""Verne Harris"", "" Larry Spaulding"", "" Tom Nally"")","Los Angeles, CA",Galen Center,10258,NA,NA,NA,NA,NA,NA,NA,NA,NA,Montana,USC,FALSE
401262974,2020-11-28,USC,Montana,222,2,12:21,741,741,Max Agbonkpolo made Jumper. Assisted by Evan Mobley.,55,37,18,0,0.9917330743182968,0.973113658508386,3,4,11,138,"c(""Verne Harris"", "" Larry Spaulding"", "" Tom Nally"")","Los Angeles, CA",Galen Center,10258,NA,NA,NA,USC,made,Max Agbonkpolo,Evan Mobley,FALSE,FALSE,USC,Montana,FALSE
401262974,2020-11-28,USC,Montana,223,2,11:57,717,717,Foul on Josh Bannan.,55,37,18,24,0.992229218032285,0.9749965299656973,3,4,11,138,"c(""Verne Harris"", "" Larry Spaulding"", "" Tom Nally"")","Los Angeles, CA",Galen Center,10258,NA,NA,NA,NA,NA,NA,NA,NA,NA,USC,USC,FALSE
401262974,2020-11-28,USC,Montana,224,2,11:57,717,717,Josh Bannan Turnover.,55,37,18,0,0.992229218032285,0.9749965299656973,3,4,11,138,"c(""Verne Harris"", "" Larry Spaulding"", "" Tom Nally"")","Los Angeles, CA",Galen Center,10258,NA,NA,NA,NA,NA,NA,NA,NA,NA,USC,USC,FALSE
401262974,2020-11-28,USC,Montana,225,2,11:57,717,717,Official TV Timeout,55,37,18,0,0.992229218032285,0.9749965299656973,3,4,11,138,"c(""Verne Harris"", "" Larry Spaulding"", "" Tom Nally"")","Los Angeles, CA",Galen Center,10258,NA,NA,NA,NA,NA,NA,NA,NA,NA,USC,USC,FALSE
401262974,2020-11-28,USC,Montana,226,2,11:48,708,708,Foul on Kyle Owens.,55,37,18,9,0.9923912141484812,0.9756150350019543,3,4,11,138,"c(""Verne Harris"", "" Larry Spaulding"", "" Tom Nally"")","Los Angeles, CA",Galen Center,10258,NA,NA,NA,NA,NA,NA,NA,NA,NA,USC,Montana,FALSE
401262974,2020-11-28,USC,Montana,227,2,11:48,708,708,Evan Mobley missed Free Throw.,55,37,18,0,0.9923912141484812,0.9756150350019543,3,4,11,138,"c(""Verne Harris"", "" Larry Spaulding"", "" Tom Nally"")","Los Angeles, CA",Galen Center,10258,NA,NA,NA,USC,missed,Evan Mobley,NA,FALSE,TRUE,USC,USC,FALSE
401262974,2020-11-28,USC,Montana,228,2,11:48,708,708,Noah Baumann Offensive Rebound.,55,37,18,0,0.9923912141484812,0.9756150350019543,3,4,11,138,"c(""Verne Harris"", "" Larry Spaulding"", "" Tom Nally"")","Los Angeles, CA",Galen Center,10258,NA,NA,NA,NA,NA,NA,NA,NA,NA,USC,Montana,FALSE
401262974,2020-11-28,USC,Montana,229,2,11:48,708,708,Noah Baumann missed Three Point Jumper.,55,37,18,0,0.9923912141484812,0.9756150350019543,3,4,11,138,"c(""Verne Harris"", "" Larry Spaulding"", "" Tom Nally"")","Los Angeles, CA",Galen Center,10258,NA,NA,NA,USC,missed,Noah Baumann,NA,TRUE,FALSE,USC,Montana,FALSE
401262974,2020-11-28,USC,Montana,230,2,11:47,707,707,Montana Defensive Rebound.,55,37,18,1,0.9924083544883441,0.9756806648651605,3,4,11,138,"c(""Verne Harris"", "" Larry Spaulding"", "" Tom Nally"")","Los Angeles, CA",Galen Center,10258,NA,NA,NA,NA,NA,NA,NA,NA,NA,USC,Montana,FALSE
401262974,2020-11-28,USC,Montana,231,2,11:11,671,671,Brandon Whitney missed Jumper.,55,37,18,36,0.9929466787764629,0.9777563144309632,3,4,11,138,"c(""Verne Harris"", "" Larry Spaulding"", "" Tom Nally"")","Los Angeles, CA",Galen Center,10258,NA,NA,NA,Montana,missed,Brandon Whitney,NA,FALSE,FALSE,Montana,Montana,FALSE
401262974,2020-11-28,USC,Montana,232,2,11:11,671,671,Kyle Owens Offensive Rebound.,55,37,18,0,0.9929466787764629,0.9777563144309632,3,4,11,138,"c(""Verne Harris"", "" Larry Spaulding"", "" Tom Nally"")","Los Angeles, CA",Galen Center,10258,NA,NA,NA,NA,NA,NA,NA,NA,NA,Montana,Montana,FALSE
401262974,2020-11-28,USC,Montana,233,2,11:07,667,667,Kyle Owens made Layup.,55,39,16,4,0.9893708210481229,0.9667982673704495,3,4,11,138,"c(""Verne Harris"", "" Larry Spaulding"", "" Tom Nally"")","Los Angeles, CA",Galen Center,10258,NA,NA,NA,Montana,made,Kyle Owens,NA,FALSE,FALSE,Montana,USC,FALSE
401262974,2020-11-28,USC,Montana,234,2,10:51,651,651,Max Agbonkpolo Turnover.,55,39,16,16,0.9896472507935351,0.9678805391274943,3,4,11,138,"c(""Verne Harris"", "" Larry Spaulding"", "" Tom Nally"")","Los Angeles, CA",Galen Center,10258,NA,NA,NA,NA,NA,NA,NA,NA,NA,USC,Montana,FALSE
401262974,2020-11-28,USC,Montana,235,2,10:51,651,651,Josh Vazquez Steal.,55,39,16,0,0.9896472507935351,0.9678805391274943,3,4,11,138,"c(""Verne Harris"", "" Larry Spaulding"", "" Tom Nally"")","Los Angeles, CA",Galen Center,10258,NA,NA,NA,NA,NA,NA,NA,NA,NA,USC,Montana,FALSE
401262974,2020-11-28,USC,Montana,236,2,10:46,646,646,Cameron Parker missed Layup.,55,39,16,5,0.9897338071633757,0.9682173911938312,3,4,11,138,"c(""Verne Harris"", "" Larry Spaulding"", "" Tom Nally"")","Los Angeles, CA",Galen Center,10258,NA,NA,NA,Montana,missed,Cameron Parker,NA,FALSE,FALSE,Montana,USC,FALSE
401262974,2020-11-28,USC,Montana,237,2,10:45,645,645,Noah Baumann Defensive Rebound.,55,39,16,1,0.9897511988945612,0.9682849132201184,3,4,11,138,"c(""Verne Harris"", "" Larry Spaulding"", "" Tom Nally"")","Los Angeles, CA",Galen Center,10258,NA,NA,NA,NA,NA,NA,NA,NA,NA,Montana,USC,FALSE
401262974,2020-11-28,USC,Montana,238,2,10:36,636,636,Chevez Goodwin missed Layup.,55,39,16,9,0.9899096148302805,0.9688970758451817,3,4,11,138,"c(""Verne Harris"", "" Larry Spaulding"", "" Tom Nally"")","Los Angeles, CA",Galen Center,10258,NA,NA,NA,USC,missed,Chevez Goodwin,NA,FALSE,FALSE,USC,Montana,FALSE
401262974,2020-11-28,USC,Montana,239,2,10:35,635,635,Josh Bannan Defensive Rebound.,55,39,16,1,0.9899274806597075,0.9689657618518015,3,4,11,138,"c(""Verne Harris"", "" Larry Spaulding"", "" Tom Nally"")","Los Angeles, CA",Galen Center,10258,NA,NA,NA,NA,NA,NA,NA,NA,NA,USC,Montana,FALSE
401262974,2020-11-28,USC,Montana,240,2,10:23,623,623,Kyle Owens made Jumper. Assisted by Cameron Parker.,55,41,14,12,0.9848793729030448,0.9541635527603931,3,4,11,138,"c(""Verne Harris"", "" Larry Spaulding"", "" Tom Nally"")","Los Angeles, CA",Galen Center,10258,NA,NA,NA,Montana,made,Kyle Owens,Cameron Parker,FALSE,FALSE,Montana,USC,FALSE
401262974,2020-11-28,USC,Montana,241,2,10:19,619,619,USC  Timeout,55,41,14,4,0.9849774554495371,0.9545398680691081,3,3,11,138,"c(""Verne Harris"", "" Larry Spaulding"", "" Tom Nally"")","Los Angeles, CA",Galen Center,10258,NA,NA,NA,NA,NA,NA,NA,NA,NA,USC,USC,FALSE
401262974,2020-11-28,USC,Montana,242,2,10:19,619,619,Official TV Timeout,55,41,14,0,0.9849774554495371,0.9545398680691081,3,3,11,138,"c(""Verne Harris"", "" Larry Spaulding"", "" Tom Nally"")","Los Angeles, CA",Galen Center,10258,NA,NA,NA,NA,NA,NA,NA,NA,NA,USC,USC,FALSE
401262974,2020-11-28,USC,Montana,243,2,10:00,600,600,Noah Baumann made Three Point Jumper. Assisted by Tahj Eaddy.,58,41,17,19,0.9924560616430433,0.9770391102371526,3,3,11,138,"c(""Verne Harris"", "" Larry Spaulding"", "" Tom Nally"")","Los Angeles, CA",Galen Center,10258,NA,NA,NA,USC,made,Noah Baumann,Tahj Eaddy,TRUE,FALSE,USC,Montana,FALSE
401262974,2020-11-28,USC,Montana,244,2,9:42,582,582,Foul on Isaiah Mobley.,58,41,17,18,0.9928149516293958,0.9783293898164281,3,3,11,138,"c(""Verne Harris"", "" Larry Spaulding"", "" Tom Nally"")","Los Angeles, CA",Galen Center,10258,NA,NA,NA,NA,NA,NA,NA,NA,NA,Montana,Montana,FALSE
401262974,2020-11-28,USC,Montana,245,2,9:23,563,563,Kyle Owens missed Jumper.,58,41,17,19,0.9932436692485884,0.979831526924334,3,3,11,138,"c(""Verne Harris"", "" Larry Spaulding"", "" Tom Nally"")","Los Angeles, CA",Galen Center,10258,NA,NA,NA,Montana,missed,Kyle Owens,NA,FALSE,FALSE,Montana,USC,FALSE
401262974,2020-11-28,USC,Montana,246,2,9:19,559,559,Tahj Eaddy Defensive Rebound.,58,41,17,4,0.993340858824238,0.9801669315500193,3,3,11,138,"c(""Verne Harris"", "" Larry Spaulding"", "" Tom Nally"")","Los Angeles, CA",Galen Center,10258,NA,NA,NA,NA,NA,NA,NA,NA,NA,Montana,USC,FALSE
401262974,2020-11-28,USC,Montana,247,2,9:15,555,555,Isaiah Mobley missed Jumper.,58,41,17,4,0.9934404888832395,0.9805089772071502,3,3,11,138,"c(""Verne Harris"", "" Larry Spaulding"", "" Tom Nally"")","Los Angeles, CA",Galen Center,10258,NA,NA,NA,USC,missed,Isaiah Mobley,NA,FALSE,FALSE,USC,Montana,FALSE
401262974,2020-11-28,USC,Montana,248,2,9:12,552,552,Josh Vazquez Defensive Rebound.,58,41,17,3,0.9935168087496545,0.9807698235770652,3,3,11,138,"c(""Verne Harris"", "" Larry Spaulding"", "" Tom Nally"")","Los Angeles, CA",Galen Center,10258,NA,NA,NA,NA,NA,NA,NA,NA,NA,USC,Montana,FALSE
401262974,2020-11-28,USC,Montana,249,2,9:01,541,541,Michael Steadman made Jumper.,58,43,15,11,0.9901079980361074,0.9710582287718683,3,3,11,138,"c(""Verne Harris"", "" Larry Spaulding"", "" Tom Nally"")","Los Angeles, CA",Galen Center,10258,NA,NA,NA,Montana,made,Michael Steadman,NA,FALSE,FALSE,Montana,USC,FALSE
401262974,2020-11-28,USC,Montana,250,2,9:01,541,541,Foul on Isaiah Mobley.,58,43,15,0,0.9901079980361074,0.9710582287718683,3,3,11,138,"c(""Verne Harris"", "" Larry Spaulding"", "" Tom Nally"")","Los Angeles, CA",Galen Center,10258,NA,NA,NA,NA,NA,NA,NA,NA,NA,Montana,Montana,FALSE
401262974,2020-11-28,USC,Montana,251,2,9:01,541,541,Michael Steadman missed Free Throw.,58,43,15,0,0.9901079980361074,0.9710582287718683,3,3,11,138,"c(""Verne Harris"", "" Larry Spaulding"", "" Tom Nally"")","Los Angeles, CA",Galen Center,10258,NA,NA,NA,Montana,missed,Michael Steadman,NA,FALSE,TRUE,Montana,USC,FALSE
401262974,2020-11-28,USC,Montana,252,2,9:01,541,541,Isaiah Mobley Defensive Rebound.,58,43,15,0,0.9901079980361074,0.9710582287718683,3,3,11,138,"c(""Verne Harris"", "" Larry Spaulding"", "" Tom Nally"")","Los Angeles, CA",Galen Center,10258,NA,NA,NA,NA,NA,NA,NA,NA,NA,Montana,USC,FALSE
401262974,2020-11-28,USC,Montana,253,2,8:37,517,517,Isaiah Mobley missed Jumper.,58,43,15,24,0.9907286377889037,0.9732340275753631,3,3,11,138,"c(""Verne Harris"", "" Larry Spaulding"", "" Tom Nally"")","Los Angeles, CA",Galen Center,10258,NA,NA,NA,USC,missed,Isaiah Mobley,NA,FALSE,FALSE,USC,Montana,FALSE
401262974,2020-11-28,USC,Montana,254,2,8:34,514,514,Josh Vazquez Defensive Rebound.,58,43,15,3,0.9907955744017635,0.9734712763303898,3,3,11,138,"c(""Verne Harris"", "" Larry Spaulding"", "" Tom Nally"")","Los Angeles, CA",Galen Center,10258,NA,NA,NA,NA,NA,NA,NA,NA,NA,USC,Montana,FALSE
401262974,2020-11-28,USC,Montana,255,2,8:29,509,509,Michael Steadman missed Jumper.,58,43,15,5,0.9909043532198304,0.9738571905473794,3,3,11,138,"c(""Verne Harris"", "" Larry Spaulding"", "" Tom Nally"")","Los Angeles, CA",Galen Center,10258,NA,NA,NA,Montana,missed,Michael Steadman,NA,FALSE,FALSE,Montana,USC,FALSE
401262974,2020-11-28,USC,Montana,256,2,8:29,509,509,Evan Mobley Block.,58,43,15,0,0.9909043532198304,0.9738571905473794,3,3,11,138,"c(""Verne Harris"", "" Larry Spaulding"", "" Tom Nally"")","Los Angeles, CA",Galen Center,10258,NA,NA,NA,NA,NA,NA,NA,NA,NA,Montana,USC,FALSE
401262974,2020-11-28,USC,Montana,257,2,8:24,504,504,Max Agbonkpolo Defensive Rebound.,58,43,15,5,0.9910108008380509,0.9742347175780258,3,3,11,138,"c(""Verne Harris"", "" Larry Spaulding"", "" Tom Nally"")","Los Angeles, CA",Galen Center,10258,NA,NA,NA,NA,NA,NA,NA,NA,NA,Montana,USC,FALSE
401262974,2020-11-28,USC,Montana,258,2,8:17,497,497,Tahj Eaddy missed Three Point Jumper.,58,43,15,7,0.9911583166021939,0.9747564162997858,3,3,11,138,"c(""Verne Harris"", "" Larry Spaulding"", "" Tom Nally"")","Los Angeles, CA",Galen Center,10258,NA,NA,NA,USC,missed,Tahj Eaddy,NA,TRUE,FALSE,USC,Montana,FALSE
401262974,2020-11-28,USC,Montana,259,2,8:14,494,494,Josh Vazquez Defensive Rebound.,58,43,15,3,0.9912217214865356,0.9749797185228275,3,3,11,138,"c(""Verne Harris"", "" Larry Spaulding"", "" Tom Nally"")","Los Angeles, CA",Galen Center,10258,NA,NA,NA,NA,NA,NA,NA,NA,NA,USC,Montana,FALSE
401262974,2020-11-28,USC,Montana,260,2,8:09,489,489,Montana  Timeout,58,43,15,5,0.9913285602934027,0.9753542262871873,2,3,11,138,"c(""Verne Harris"", "" Larry Spaulding"", "" Tom Nally"")","Los Angeles, CA",Galen Center,10258,NA,NA,NA,NA,NA,NA,NA,NA,NA,Montana,Montana,FALSE
401262974,2020-11-28,USC,Montana,261,2,8:09,489,489,Official TV Timeout,58,43,15,0,0.9913285602934027,0.9753542262871873,2,3,11,138,"c(""Verne Harris"", "" Larry Spaulding"", "" Tom Nally"")","Los Angeles, CA",Galen Center,10258,NA,NA,NA,NA,NA,NA,NA,NA,NA,Montana,Montana,FALSE
401262974,2020-11-28,USC,Montana,262,2,7:55,475,475,Kyle Owens made Jumper. Assisted by Brandon Whitney.,58,45,13,14,0.9863430685489931,0.9618698992976294,2,3,11,138,"c(""Verne Harris"", "" Larry Spaulding"", "" Tom Nally"")","Los Angeles, CA",Galen Center,10258,NA,NA,NA,Montana,made,Kyle Owens,Brandon Whitney,FALSE,FALSE,Montana,USC,FALSE
401262974,2020-11-28,USC,Montana,263,2,7:28,448,448,Foul on Kyle Owens.,58,45,13,27,0.9873546764289473,0.9652626035267605,2,3,11,138,"c(""Verne Harris"", "" Larry Spaulding"", "" Tom Nally"")","Los Angeles, CA",Galen Center,10258,NA,NA,NA,NA,NA,NA,NA,NA,NA,USC,USC,FALSE
401262974,2020-11-28,USC,Montana,264,2,7:28,448,448,Isaiah White made Free Throw.,59,45,14,0,0.9901801304374647,0.9728887392584031,2,3,11,138,"c(""Verne Harris"", "" Larry Spaulding"", "" Tom Nally"")","Los Angeles, CA",Galen Center,10258,NA,NA,NA,USC,made,Isaiah White,NA,FALSE,TRUE,USC,USC,FALSE
401262974,2020-11-28,USC,Montana,265,2,7:28,448,448,Isaiah White made Free Throw.,60,45,15,0,0.9923791416058525,0.9788772944621079,2,3,11,138,"c(""Verne Harris"", "" Larry Spaulding"", "" Tom Nally"")","Los Angeles, CA",Galen Center,10258,NA,NA,NA,USC,made,Isaiah White,NA,FALSE,TRUE,USC,Montana,FALSE
401262974,2020-11-28,USC,Montana,266,2,7:04,424,424,Kyle Owens missed Jumper.,60,45,15,24,0.9932204712500055,0.9815312945940852,2,3,11,138,"c(""Verne Harris"", "" Larry Spaulding"", "" Tom Nally"")","Los Angeles, CA",Galen Center,10258,NA,NA,NA,Montana,missed,Kyle Owens,NA,FALSE,FALSE,Montana,Montana,FALSE
401262974,2020-11-28,USC,Montana,267,2,7:03,423,423,Montana Deadball Team Rebound.,60,45,15,1,0.993255027070285,0.9816396438317938,2,3,11,138,"c(""Verne Harris"", "" Larry Spaulding"", "" Tom Nally"")","Los Angeles, CA",Galen Center,10258,NA,NA,NA,NA,NA,NA,NA,NA,NA,Montana,Montana,FALSE
401262974,2020-11-28,USC,Montana,268,2,7:03,423,423,Foul on Isaiah Mobley.,60,45,15,0,0.993255027070285,0.9816396438317938,2,3,11,138,"c(""Verne Harris"", "" Larry Spaulding"", "" Tom Nally"")","Los Angeles, CA",Galen Center,10258,NA,NA,NA,NA,NA,NA,NA,NA,NA,Montana,Montana,FALSE
401262974,2020-11-28,USC,Montana,269,2,7:03,423,423,Michael Steadman made Free Throw.,60,46,14,0,0.9912240126990498,0.976194885592921,2,3,11,138,"c(""Verne Harris"", "" Larry Spaulding"", "" Tom Nally"")","Los Angeles, CA",Galen Center,10258,NA,NA,NA,Montana,made,Michael Steadman,NA,FALSE,TRUE,Montana,Montana,FALSE
401262974,2020-11-28,USC,Montana,270,2,7:03,423,423,Michael Steadman missed Free Throw.,60,46,14,0,0.9912240126990498,0.976194885592921,2,3,11,138,"c(""Verne Harris"", "" Larry Spaulding"", "" Tom Nally"")","Los Angeles, CA",Galen Center,10258,NA,NA,NA,Montana,missed,Michael Steadman,NA,FALSE,TRUE,Montana,USC,FALSE
401262974,2020-11-28,USC,Montana,271,2,7:03,423,423,Chevez Goodwin Defensive Rebound.,60,46,14,0,0.9912240126990498,0.976194885592921,2,3,11,138,"c(""Verne Harris"", "" Larry Spaulding"", "" Tom Nally"")","Los Angeles, CA",Galen Center,10258,NA,NA,NA,NA,NA,NA,NA,NA,NA,Montana,USC,FALSE
401262974,2020-11-28,USC,Montana,272,2,6:43,403,403,Chevez Goodwin missed Jumper.,60,46,14,20,0.9919600600527625,0.9785367823925057,2,3,11,138,"c(""Verne Harris"", "" Larry Spaulding"", "" Tom Nally"")","Los Angeles, CA",Galen Center,10258,NA,NA,NA,USC,missed,Chevez Goodwin,NA,FALSE,FALSE,USC,USC,FALSE
401262974,2020-11-28,USC,Montana,273,2,6:38,398,398,Isaiah Mobley Offensive Rebound.,60,46,14,5,0.9921250165109834,0.9790655795989877,2,3,11,138,"c(""Verne Harris"", "" Larry Spaulding"", "" Tom Nally"")","Los Angeles, CA",Galen Center,10258,NA,NA,NA,NA,NA,NA,NA,NA,NA,USC,USC,FALSE
401262974,2020-11-28,USC,Montana,274,2,6:37,397,397,Isaiah Mobley missed Layup.,60,46,14,1,0.99215744495136,0.9791695653581595,2,3,11,138,"c(""Verne Harris"", "" Larry Spaulding"", "" Tom Nally"")","Los Angeles, CA",Galen Center,10258,NA,NA,NA,USC,missed,Isaiah Mobley,NA,FALSE,FALSE,USC,Montana,FALSE
401262974,2020-11-28,USC,Montana,275,2,6:37,397,397,Montana Defensive Rebound.,60,46,14,0,0.99215744495136,0.9791695653581595,2,3,11,138,"c(""Verne Harris"", "" Larry Spaulding"", "" Tom Nally"")","Los Angeles, CA",Galen Center,10258,NA,NA,NA,NA,NA,NA,NA,NA,NA,USC,Montana,FALSE
401262974,2020-11-28,USC,Montana,276,2,6:08,368,368,Cameron Satterwhite missed Three Point Jumper.,60,46,14,29,0.9930715607125218,0.982071632626453,2,3,11,138,"c(""Verne Harris"", "" Larry Spaulding"", "" Tom Nally"")","Los Angeles, CA",Galen Center,10258,NA,NA,NA,Montana,missed,Cameron Satterwhite,NA,TRUE,FALSE,Montana,USC,FALSE
401262974,2020-11-28,USC,Montana,277,2,6:05,365,365,Chevez Goodwin Defensive Rebound.,60,46,14,3,0.9931681056334847,0.9823716073918366,2,3,11,138,"c(""Verne Harris"", "" Larry Spaulding"", "" Tom Nally"")","Los Angeles, CA",Galen Center,10258,NA,NA,NA,NA,NA,NA,NA,NA,NA,Montana,USC,FALSE
401262974,2020-11-28,USC,Montana,278,2,6:02,362,362,Foul on Brandon Whitney.,60,46,14,3,0.9932658307019417,0.9826734926322446,2,3,11,138,"c(""Verne Harris"", "" Larry Spaulding"", "" Tom Nally"")","Los Angeles, CA",Galen Center,10258,NA,NA,NA,NA,NA,NA,NA,NA,NA,USC,USC,FALSE
401262974,2020-11-28,USC,Montana,279,2,6:02,362,362,Drew Peterson made Free Throw.,61,46,15,0,0.9949446260369688,0.9869582340238947,2,3,11,138,"c(""Verne Harris"", "" Larry Spaulding"", "" Tom Nally"")","Los Angeles, CA",Galen Center,10258,NA,NA,NA,USC,made,Drew Peterson,NA,FALSE,TRUE,USC,USC,FALSE
401262974,2020-11-28,USC,Montana,280,2,6:02,362,362,Drew Peterson made Free Throw.,62,46,16,0,0.9962065043397822,0.9901939581541586,2,3,11,138,"c(""Verne Harris"", "" Larry Spaulding"", "" Tom Nally"")","Los Angeles, CA",Galen Center,10258,NA,NA,NA,USC,made,Drew Peterson,NA,FALSE,TRUE,USC,Montana,FALSE
401262974,2020-11-28,USC,Montana,281,2,5:51,351,351,Eddy Egun Turnover.,62,46,16,11,0.9964508009791314,0.9909258003043478,2,3,11,138,"c(""Verne Harris"", "" Larry Spaulding"", "" Tom Nally"")","Los Angeles, CA",Galen Center,10258,NA,NA,NA,NA,NA,NA,NA,NA,NA,Montana,USC,FALSE
401262974,2020-11-28,USC,Montana,282,2,5:43,343,343,Foul on Cameron Parker.,62,46,16,8,0.9966362345084806,0.991470190608931,2,3,11,138,"c(""Verne Harris"", "" Larry Spaulding"", "" Tom Nally"")","Los Angeles, CA",Galen Center,10258,NA,NA,NA,NA,NA,NA,NA,NA,NA,USC,USC,FALSE
401262974,2020-11-28,USC,Montana,283,2,5:43,343,343,Drew Peterson missed Free Throw.,62,46,16,0,0.9966362345084806,0.991470190608931,2,3,11,138,"c(""Verne Harris"", "" Larry Spaulding"", "" Tom Nally"")","Los Angeles, CA",Galen Center,10258,NA,NA,NA,USC,missed,Drew Peterson,NA,FALSE,TRUE,USC,USC,FALSE
401262974,2020-11-28,USC,Montana,284,2,5:43,343,343,USC Deadball Team Rebound.,62,46,16,0,0.9966362345084806,0.991470190608931,2,3,11,138,"c(""Verne Harris"", "" Larry Spaulding"", "" Tom Nally"")","Los Angeles, CA",Galen Center,10258,NA,NA,NA,NA,NA,NA,NA,NA,NA,USC,USC,FALSE
401262974,2020-11-28,USC,Montana,285,2,5:43,343,343,Drew Peterson made Free Throw.,63,46,17,0,0.9974989767667315,0.9936494826779013,2,3,11,138,"c(""Verne Harris"", "" Larry Spaulding"", "" Tom Nally"")","Los Angeles, CA",Galen Center,10258,NA,NA,NA,USC,made,Drew Peterson,NA,FALSE,TRUE,USC,Montana,FALSE
401262974,2020-11-28,USC,Montana,286,2,5:20,320,320,Brandon Whitney missed Jumper.,63,46,17,23,0.997953155526476,0.9949299902242232,2,3,11,138,"c(""Verne Harris"", "" Larry Spaulding"", "" Tom Nally"")","Los Angeles, CA",Galen Center,10258,NA,NA,NA,Montana,missed,Brandon Whitney,NA,FALSE,FALSE,Montana,Montana,FALSE
401262974,2020-11-28,USC,Montana,287,2,5:20,320,320,Ethan Anderson Block.,63,46,17,0,0.997953155526476,0.9949299902242232,2,3,11,138,"c(""Verne Harris"", "" Larry Spaulding"", "" Tom Nally"")","Los Angeles, CA",Galen Center,10258,NA,NA,NA,NA,NA,NA,NA,NA,NA,Montana,Montana,FALSE
401262974,2020-11-28,USC,Montana,288,2,5:20,320,320,Montana Offensive Rebound.,63,46,17,0,0.997953155526476,0.9949299902242232,2,3,11,138,"c(""Verne Harris"", "" Larry Spaulding"", "" Tom Nally"")","Los Angeles, CA",Galen Center,10258,NA,NA,NA,NA,NA,NA,NA,NA,NA,Montana,Montana,FALSE
401262974,2020-11-28,USC,Montana,289,2,5:18,318,318,Josh Bannan made Free Throw.,63,47,16,2,0.9972623241438977,0.993241170438469,2,3,11,138,"c(""Verne Harris"", "" Larry Spaulding"", "" Tom Nally"")","Los Angeles, CA",Galen Center,10258,NA,NA,NA,Montana,made,Josh Bannan,NA,FALSE,TRUE,Montana,Montana,FALSE
401262974,2020-11-28,USC,Montana,290,2,5:18,318,318,Josh Bannan made Free Throw.,63,48,15,0,0.9962640931169415,0.9907902580712609,2,3,11,138,"c(""Verne Harris"", "" Larry Spaulding"", "" Tom Nally"")","Los Angeles, CA",Galen Center,10258,NA,NA,NA,Montana,made,Josh Bannan,NA,FALSE,TRUE,Montana,USC,FALSE
401262974,2020-11-28,USC,Montana,291,2,5:18,318,318,Foul on Chevez Goodwin.,63,48,15,0,0.9962640931169415,0.9907902580712609,2,3,11,138,"c(""Verne Harris"", "" Larry Spaulding"", "" Tom Nally"")","Los Angeles, CA",Galen Center,10258,NA,NA,NA,NA,NA,NA,NA,NA,NA,USC,Montana,FALSE
401262974,2020-11-28,USC,Montana,292,2,4:58,298,298,Drew Peterson Turnover.,63,48,15,20,0.9967881800569874,0.9922567535820953,2,3,11,138,"c(""Verne Harris"", "" Larry Spaulding"", "" Tom Nally"")","Los Angeles, CA",Galen Center,10258,NA,NA,NA,NA,NA,NA,NA,NA,NA,USC,Montana,FALSE
401262974,2020-11-28,USC,Montana,293,2,4:58,298,298,Cameron Parker Steal.,63,48,15,0,0.9967881800569874,0.9922567535820953,2,3,11,138,"c(""Verne Harris"", "" Larry Spaulding"", "" Tom Nally"")","Los Angeles, CA",Galen Center,10258,NA,NA,NA,NA,NA,NA,NA,NA,NA,USC,Montana,FALSE
401262974,2020-11-28,USC,Montana,294,2,4:44,284,284,Max Agbonkpolo Defensive Rebound.,63,48,15,14,0.9967907187768653,0.9923854376510748,2,3,11,138,"c(""Verne Harris"", "" Larry Spaulding"", "" Tom Nally"")","Los Angeles, CA",Galen Center,10258,NA,NA,NA,NA,NA,NA,NA,NA,NA,Montana,USC,FALSE
401262974,2020-11-28,USC,Montana,295,2,4:37,277,277,Foul on Cameron Parker.,63,48,15,7,0.9967128367960972,0.9922635112399025,2,3,11,138,"c(""Verne Harris"", "" Larry Spaulding"", "" Tom Nally"")","Los Angeles, CA",Galen Center,10258,NA,NA,NA,NA,NA,NA,NA,NA,NA,USC,USC,FALSE
401262974,2020-11-28,USC,Montana,296,2,4:37,277,277,Isaiah White missed Free Throw.,63,48,15,0,0.9967128367960972,0.9922635112399025,2,3,11,138,"c(""Verne Harris"", "" Larry Spaulding"", "" Tom Nally"")","Los Angeles, CA",Galen Center,10258,NA,NA,NA,USC,missed,Isaiah White,NA,FALSE,TRUE,USC,USC,FALSE
401262974,2020-11-28,USC,Montana,297,2,4:37,277,277,USC Deadball Team Rebound.,63,48,15,0,0.9967128367960972,0.9922635112399025,2,3,11,138,"c(""Verne Harris"", "" Larry Spaulding"", "" Tom Nally"")","Los Angeles, CA",Galen Center,10258,NA,NA,NA,NA,NA,NA,NA,NA,NA,USC,USC,FALSE
401262974,2020-11-28,USC,Montana,298,2,4:37,277,277,Isaiah White made Free Throw.,64,48,16,0,0.9976194503254018,0.9943903610647312,2,3,11,138,"c(""Verne Harris"", "" Larry Spaulding"", "" Tom Nally"")","Los Angeles, CA",Galen Center,10258,NA,NA,NA,USC,made,Isaiah White,NA,FALSE,TRUE,USC,Montana,FALSE
401262974,2020-11-28,USC,Montana,299,2,4:21,261,261,Brandon Whitney made Jumper.,64,50,14,16,0.995082985027226,0.9886634694344867,2,3,11,138,"c(""Verne Harris"", "" Larry Spaulding"", "" Tom Nally"")","Los Angeles, CA",Galen Center,10258,NA,NA,NA,Montana,made,Brandon Whitney,NA,FALSE,FALSE,Montana,USC,FALSE
401262974,2020-11-28,USC,Montana,300,2,4:21,261,261,Foul on Tahj Eaddy.,64,50,14,0,0.995082985027226,0.9886634694344867,2,3,11,138,"c(""Verne Harris"", "" Larry Spaulding"", "" Tom Nally"")","Los Angeles, CA",Galen Center,10258,NA,NA,NA,NA,NA,NA,NA,NA,NA,Montana,Montana,FALSE
401262974,2020-11-28,USC,Montana,301,2,4:21,261,261,Brandon Whitney made Free Throw.,64,51,13,0,0.9932467719463351,0.9844673690166226,2,3,11,138,"c(""Verne Harris"", "" Larry Spaulding"", "" Tom Nally"")","Los Angeles, CA",Galen Center,10258,NA,NA,NA,Montana,made,Brandon Whitney,NA,FALSE,TRUE,Montana,USC,FALSE
401262974,2020-11-28,USC,Montana,302,2,4:09,249,249,Foul on Josh Bannan.,64,51,13,12,0.9928472684227584,0.9837868343160645,2,3,11,138,"c(""Verne Harris"", "" Larry Spaulding"", "" Tom Nally"")","Los Angeles, CA",Galen Center,10258,NA,NA,NA,NA,NA,NA,NA,NA,NA,USC,USC,FALSE
401262974,2020-11-28,USC,Montana,303,2,4:09,249,249,Drew Peterson made Free Throw.,65,51,14,0,0.9947741424023373,0.9881253057191745,2,3,11,138,"c(""Verne Harris"", "" Larry Spaulding"", "" Tom Nally"")","Los Angeles, CA",Galen Center,10258,NA,NA,NA,USC,made,Drew Peterson,NA,FALSE,TRUE,USC,USC,FALSE
401262974,2020-11-28,USC,Montana,304,2,4:09,249,249,Drew Peterson made Free Throw.,66,51,15,0,0.9961839310203828,0.9913130992063974,2,3,11,138,"c(""Verne Harris"", "" Larry Spaulding"", "" Tom Nally"")","Los Angeles, CA",Galen Center,10258,NA,NA,NA,USC,made,Drew Peterson,NA,FALSE,TRUE,USC,Montana,FALSE
401262974,2020-11-28,USC,Montana,305,2,3:54,234,234,Josh Vazquez missed Three Point Jumper.,66,51,15,15,0.9960213947838794,0.9911100731014951,2,3,11,138,"c(""Verne Harris"", "" Larry Spaulding"", "" Tom Nally"")","Los Angeles, CA",Galen Center,10258,NA,NA,NA,Montana,missed,Josh Vazquez,NA,TRUE,FALSE,Montana,USC,FALSE
401262974,2020-11-28,USC,Montana,306,2,3:52,232,232,Foul on Isaiah White.,66,51,15,2,0.9960211058070867,0.9911318510017981,2,3,11,138,"c(""Verne Harris"", "" Larry Spaulding"", "" Tom Nally"")","Los Angeles, CA",Galen Center,10258,NA,NA,NA,NA,NA,NA,NA,NA,NA,Montana,Montana,FALSE
401262974,2020-11-28,USC,Montana,307,2,3:52,232,232,Official TV Timeout,66,51,15,0,0.9960211058070867,0.9911318510017981,2,3,11,138,"c(""Verne Harris"", "" Larry Spaulding"", "" Tom Nally"")","Los Angeles, CA",Galen Center,10258,NA,NA,NA,NA,NA,NA,NA,NA,NA,Montana,USC,FALSE
401262974,2020-11-28,USC,Montana,308,2,3:52,232,232,Derrick Carter-Hollinger made Free Throw.,66,52,14,0,0.9945590136413245,0.9878949787387962,2,3,11,138,"c(""Verne Harris"", "" Larry Spaulding"", "" Tom Nally"")","Los Angeles, CA",Galen Center,10258,NA,NA,NA,Montana,made,Derrick Carter-Hollinger,NA,FALSE,TRUE,Montana,Montana,FALSE
401262974,2020-11-28,USC,Montana,309,2,3:52,232,232,Derrick Carter-Hollinger missed Free Throw.,66,52,14,0,0.9945590136413245,0.9878949787387962,2,3,11,138,"c(""Verne Harris"", "" Larry Spaulding"", "" Tom Nally"")","Los Angeles, CA",Galen Center,10258,NA,NA,NA,Montana,missed,Derrick Carter-Hollinger,NA,FALSE,TRUE,Montana,Montana,FALSE
401262974,2020-11-28,USC,Montana,310,2,3:52,232,232,Isaiah Mobley Defensive Rebound.,66,52,14,0,0.9945590136413245,0.9878949787387962,2,3,11,138,"c(""Verne Harris"", "" Larry Spaulding"", "" Tom Nally"")","Los Angeles, CA",Galen Center,10258,NA,NA,NA,NA,NA,NA,NA,NA,NA,Montana,Montana,FALSE
401262974,2020-11-28,USC,Montana,311,2,3:51,231,231,Montana Deadball Team Rebound.,66,52,14,1,0.9945614444358899,0.9879156527242638,2,3,11,138,"c(""Verne Harris"", "" Larry Spaulding"", "" Tom Nally"")","Los Angeles, CA",Galen Center,10258,NA,NA,NA,NA,NA,NA,NA,NA,NA,Montana,Montana,FALSE
401262974,2020-11-28,USC,Montana,312,2,3:34,214,214,Isaiah Mobley missed Jumper.,66,52,14,17,0.9949705824131307,0.9890662148336434,2,3,11,138,"c(""Verne Harris"", "" Larry Spaulding"", "" Tom Nally"")","Los Angeles, CA",Galen Center,10258,NA,NA,NA,USC,missed,Isaiah Mobley,NA,FALSE,FALSE,USC,USC,FALSE
401262974,2020-11-28,USC,Montana,313,2,3:32,212,212,Isaiah Mobley Offensive Rebound.,66,52,14,2,0.9950681166827886,0.9893063772546126,2,3,11,138,"c(""Verne Harris"", "" Larry Spaulding"", "" Tom Nally"")","Los Angeles, CA",Galen Center,10258,NA,NA,NA,NA,NA,NA,NA,NA,NA,USC,USC,FALSE
401262974,2020-11-28,USC,Montana,314,2,3:30,210,210,Foul on Josh Bannan.,66,52,14,2,0.9951760432678353,0.9895679864868958,2,3,11,138,"c(""Verne Harris"", "" Larry Spaulding"", "" Tom Nally"")","Los Angeles, CA",Galen Center,10258,NA,NA,NA,NA,NA,NA,NA,NA,NA,USC,USC,FALSE
401262974,2020-11-28,USC,Montana,315,2,3:30,210,210,Isaiah Mobley missed Free Throw.,66,52,14,0,0.9951760432678353,0.9895679864868958,2,3,11,138,"c(""Verne Harris"", "" Larry Spaulding"", "" Tom Nally"")","Los Angeles, CA",Galen Center,10258,NA,NA,NA,USC,missed,Isaiah Mobley,NA,FALSE,TRUE,USC,USC,FALSE
401262974,2020-11-28,USC,Montana,316,2,3:30,210,210,USC Deadball Team Rebound.,66,52,14,0,0.9951760432678353,0.9895679864868958,2,3,11,138,"c(""Verne Harris"", "" Larry Spaulding"", "" Tom Nally"")","Los Angeles, CA",Galen Center,10258,NA,NA,NA,NA,NA,NA,NA,NA,NA,USC,USC,FALSE
401262974,2020-11-28,USC,Montana,317,2,3:30,210,210,Isaiah Mobley missed Free Throw.,66,52,14,0,0.9951760432678353,0.9895679864868958,2,3,11,138,"c(""Verne Harris"", "" Larry Spaulding"", "" Tom Nally"")","Los Angeles, CA",Galen Center,10258,NA,NA,NA,USC,missed,Isaiah Mobley,NA,FALSE,TRUE,USC,USC,FALSE
401262974,2020-11-28,USC,Montana,318,2,3:30,210,210,Derrick Carter-Hollinger Defensive Rebound.,66,52,14,0,0.9951760432678353,0.9895679864868958,2,3,11,138,"c(""Verne Harris"", "" Larry Spaulding"", "" Tom Nally"")","Los Angeles, CA",Galen Center,10258,NA,NA,NA,NA,NA,NA,NA,NA,NA,USC,USC,FALSE
401262974,2020-11-28,USC,Montana,319,2,3:09,189,189,Kyle Owens Turnover.,66,52,14,21,0.9968025527106008,0.9932831829254486,2,3,11,138,"c(""Verne Harris"", "" Larry Spaulding"", "" Tom Nally"")","Los Angeles, CA",Galen Center,10258,NA,NA,NA,NA,NA,NA,NA,NA,NA,Montana,USC,FALSE
401262974,2020-11-28,USC,Montana,320,2,2:57,177,177,Foul on Mack Anderson.,66,52,14,12,0.9977095236984661,0.9952734895657611,2,3,11,138,"c(""Verne Harris"", "" Larry Spaulding"", "" Tom Nally"")","Los Angeles, CA",Galen Center,10258,NA,NA,NA,NA,NA,NA,NA,NA,NA,USC,Montana,FALSE
401262974,2020-11-28,USC,Montana,321,2,2:57,177,177,Evan Mobley made Free Throw.,67,52,15,0,0.9984358277775105,0.996769752768139,2,3,11,138,"c(""Verne Harris"", "" Larry Spaulding"", "" Tom Nally"")","Los Angeles, CA",Galen Center,10258,NA,NA,NA,USC,made,Evan Mobley,NA,FALSE,TRUE,USC,USC,FALSE
401262974,2020-11-28,USC,Montana,322,2,2:57,177,177,Evan Mobley missed Free Throw.,67,52,15,0,0.9984358277775105,0.996769752768139,2,3,11,138,"c(""Verne Harris"", "" Larry Spaulding"", "" Tom Nally"")","Los Angeles, CA",Galen Center,10258,NA,NA,NA,USC,missed,Evan Mobley,NA,FALSE,TRUE,USC,Montana,FALSE
401262974,2020-11-28,USC,Montana,323,2,2:57,177,177,Kyle Owens Defensive Rebound.,67,52,15,0,0.9984358277775105,0.996769752768139,2,3,11,138,"c(""Verne Harris"", "" Larry Spaulding"", "" Tom Nally"")","Los Angeles, CA",Galen Center,10258,NA,NA,NA,NA,NA,NA,NA,NA,NA,USC,Montana,FALSE
401262974,2020-11-28,USC,Montana,324,2,2:41,161,161,Cameron Parker made Layup.,67,54,13,16,0.9978268189548426,0.9956292419460031,2,3,11,138,"c(""Verne Harris"", "" Larry Spaulding"", "" Tom Nally"")","Los Angeles, CA",Galen Center,10258,NA,NA,NA,Montana,made,Cameron Parker,NA,FALSE,FALSE,Montana,USC,FALSE
401262974,2020-11-28,USC,Montana,325,2,2:12,132,132,Max Agbonkpolo made Jumper. Assisted by Isaiah Mobley.,69,54,15,29,0.9996809014088728,0.9993879925943502,2,3,11,138,"c(""Verne Harris"", "" Larry Spaulding"", "" Tom Nally"")","Los Angeles, CA",Galen Center,10258,NA,NA,NA,USC,made,Max Agbonkpolo,Isaiah Mobley,FALSE,FALSE,USC,Montana,FALSE
401262974,2020-11-28,USC,Montana,326,2,1:47,107,107,Derrick Carter-Hollinger made Free Throw.,69,55,14,25,0.9998333226332117,0.9996945420857524,2,3,11,138,"c(""Verne Harris"", "" Larry Spaulding"", "" Tom Nally"")","Los Angeles, CA",Galen Center,10258,NA,NA,NA,Montana,made,Derrick Carter-Hollinger,NA,FALSE,TRUE,Montana,Montana,FALSE
401262974,2020-11-28,USC,Montana,327,2,1:47,107,107,Foul on Evan Mobley.,69,54,15,0,0.9999064932444669,0.9998286262880494,2,3,11,138,"c(""Verne Harris"", "" Larry Spaulding"", "" Tom Nally"")","Los Angeles, CA",Galen Center,10258,NA,NA,NA,NA,NA,NA,NA,NA,NA,Montana,Montana,TRUE
401262974,2020-11-28,USC,Montana,328,2,1:47,107,107,Derrick Carter-Hollinger made Free Throw.,69,56,13,0,0.9997029117981857,0.9994556064216783,2,3,11,138,"c(""Verne Harris"", "" Larry Spaulding"", "" Tom Nally"")","Los Angeles, CA",Galen Center,10258,NA,NA,NA,Montana,made,Derrick Carter-Hollinger,NA,FALSE,TRUE,Montana,USC,FALSE
401262974,2020-11-28,USC,Montana,329,2,1:44,104,104,Foul on Eddy Egun.,69,56,13,3,0.9997437334678718,0.999533058762596,2,3,11,138,"c(""Verne Harris"", "" Larry Spaulding"", "" Tom Nally"")","Los Angeles, CA",Galen Center,10258,NA,NA,NA,NA,NA,NA,NA,NA,NA,USC,USC,FALSE
401262974,2020-11-28,USC,Montana,330,2,1:44,104,104,Max Agbonkpolo missed Free Throw.,69,56,13,0,0.9997437334678718,0.999533058762596,2,3,11,138,"c(""Verne Harris"", "" Larry Spaulding"", "" Tom Nally"")","Los Angeles, CA",Galen Center,10258,NA,NA,NA,USC,missed,Max Agbonkpolo,NA,FALSE,TRUE,USC,USC,FALSE
401262974,2020-11-28,USC,Montana,331,2,1:44,104,104,USC Deadball Team Rebound.,69,56,13,0,0.9997437334678718,0.999533058762596,2,3,11,138,"c(""Verne Harris"", "" Larry Spaulding"", "" Tom Nally"")","Los Angeles, CA",Galen Center,10258,NA,NA,NA,NA,NA,NA,NA,NA,NA,USC,USC,FALSE
401262974,2020-11-28,USC,Montana,332,2,1:44,104,104,Max Agbonkpolo missed Free Throw.,69,56,13,0,0.9997437334678718,0.999533058762596,2,3,11,138,"c(""Verne Harris"", "" Larry Spaulding"", "" Tom Nally"")","Los Angeles, CA",Galen Center,10258,NA,NA,NA,USC,missed,Max Agbonkpolo,NA,FALSE,TRUE,USC,USC,FALSE
401262974,2020-11-28,USC,Montana,333,2,1:44,104,104,USC Offensive Rebound.,69,56,13,0,0.9997437334678718,0.999533058762596,2,3,11,138,"c(""Verne Harris"", "" Larry Spaulding"", "" Tom Nally"")","Los Angeles, CA",Galen Center,10258,NA,NA,NA,NA,NA,NA,NA,NA,NA,USC,USC,FALSE
401262974,2020-11-28,USC,Montana,334,2,1:40,100,100,Max Agbonkpolo missed Layup.,69,56,13,4,0.9997912379925477,0.9996225070739488,2,3,11,138,"c(""Verne Harris"", "" Larry Spaulding"", "" Tom Nally"")","Los Angeles, CA",Galen Center,10258,NA,NA,NA,USC,missed,Max Agbonkpolo,NA,FALSE,FALSE,USC,Montana,FALSE
401262974,2020-11-28,USC,Montana,335,2,1:40,100,100,Mack Anderson Block.,69,56,13,0,0.9997912379925477,0.9996225070739488,2,3,11,138,"c(""Verne Harris"", "" Larry Spaulding"", "" Tom Nally"")","Los Angeles, CA",Galen Center,10258,NA,NA,NA,NA,NA,NA,NA,NA,NA,USC,Montana,FALSE
401262974,2020-11-28,USC,Montana,336,2,1:40,100,100,Montana Defensive Rebound.,69,56,13,0,0.9997912379925477,0.9996225070739488,2,3,11,138,"c(""Verne Harris"", "" Larry Spaulding"", "" Tom Nally"")","Los Angeles, CA",Galen Center,10258,NA,NA,NA,NA,NA,NA,NA,NA,NA,USC,Montana,FALSE
401262974,2020-11-28,USC,Montana,337,2,1:30,90,90,Brandon Whitney missed Layup.,69,56,13,10,0.9998793497052965,0.9997860390779616,2,3,11,138,"c(""Verne Harris"", "" Larry Spaulding"", "" Tom Nally"")","Los Angeles, CA",Galen Center,10258,NA,NA,NA,Montana,missed,Brandon Whitney,NA,FALSE,FALSE,Montana,Montana,FALSE
401262974,2020-11-28,USC,Montana,338,2,1:30,90,90,Noah Baumann Block.,69,56,13,0,0.9998793497052965,0.9997860390779616,2,3,11,138,"c(""Verne Harris"", "" Larry Spaulding"", "" Tom Nally"")","Los Angeles, CA",Galen Center,10258,NA,NA,NA,NA,NA,NA,NA,NA,NA,Montana,Montana,FALSE
401262974,2020-11-28,USC,Montana,339,2,1:30,90,90,Eddy Egun Offensive Rebound.,69,56,13,0,0.9998793497052965,0.9997860390779616,2,3,11,138,"c(""Verne Harris"", "" Larry Spaulding"", "" Tom Nally"")","Los Angeles, CA",Galen Center,10258,NA,NA,NA,NA,NA,NA,NA,NA,NA,Montana,Montana,FALSE
401262974,2020-11-28,USC,Montana,340,2,1:30,90,90,Cameron Parker missed Layup.,69,56,13,0,0.9998793497052965,0.9997860390779616,2,3,11,138,"c(""Verne Harris"", "" Larry Spaulding"", "" Tom Nally"")","Los Angeles, CA",Galen Center,10258,NA,NA,NA,Montana,missed,Cameron Parker,NA,FALSE,FALSE,Montana,Montana,FALSE
401262974,2020-11-28,USC,Montana,341,2,1:30,90,90,Kyle Owens Offensive Rebound.,69,56,13,0,0.9998793497052965,0.9997860390779616,2,3,11,138,"c(""Verne Harris"", "" Larry Spaulding"", "" Tom Nally"")","Los Angeles, CA",Galen Center,10258,NA,NA,NA,NA,NA,NA,NA,NA,NA,Montana,Montana,FALSE
401262974,2020-11-28,USC,Montana,342,2,1:24,84,84,Cameron Parker missed Layup.,69,56,13,6,0.9999141999157627,0.9998496364626128,2,3,11,138,"c(""Verne Harris"", "" Larry Spaulding"", "" Tom Nally"")","Los Angeles, CA",Galen Center,10258,NA,NA,NA,Montana,missed,Cameron Parker,NA,FALSE,FALSE,Montana,Montana,FALSE
401262974,2020-11-28,USC,Montana,343,2,1:24,84,84,Kyle Owens Offensive Rebound.,69,56,13,0,0.9999141999157627,0.9998496364626128,2,3,11,138,"c(""Verne Harris"", "" Larry Spaulding"", "" Tom Nally"")","Los Angeles, CA",Galen Center,10258,NA,NA,NA,NA,NA,NA,NA,NA,NA,Montana,Montana,FALSE
401262974,2020-11-28,USC,Montana,344,2,1:21,81,81,Foul on Cameron Parker.,69,56,13,3,0.9999279411466296,0.9998744718385072,2,3,11,138,"c(""Verne Harris"", "" Larry Spaulding"", "" Tom Nally"")","Los Angeles, CA",Galen Center,10258,NA,NA,NA,NA,NA,NA,NA,NA,NA,USC,USC,FALSE
401262974,2020-11-28,USC,Montana,345,2,1:21,81,81,Evan Mobley made Free Throw.,70,56,14,0,0.9999638914273291,0.9999370963670128,2,3,11,138,"c(""Verne Harris"", "" Larry Spaulding"", "" Tom Nally"")","Los Angeles, CA",Galen Center,10258,NA,NA,NA,USC,made,Evan Mobley,NA,FALSE,TRUE,USC,USC,FALSE
401262974,2020-11-28,USC,Montana,346,2,1:21,81,81,Evan Mobley made Free Throw.,71,56,15,0,0.9999819063782859,0.9999684792371585,2,3,11,138,"c(""Verne Harris"", "" Larry Spaulding"", "" Tom Nally"")","Los Angeles, CA",Galen Center,10258,NA,NA,NA,USC,made,Evan Mobley,NA,FALSE,TRUE,USC,Montana,FALSE
401262974,2020-11-28,USC,Montana,347,2,1:21,81,81,Kyle Owens missed Layup.,71,56,15,0,0.9999819063782859,0.9999684792371585,2,3,11,138,"c(""Verne Harris"", "" Larry Spaulding"", "" Tom Nally"")","Los Angeles, CA",Galen Center,10258,NA,NA,NA,Montana,missed,Kyle Owens,NA,FALSE,FALSE,Montana,USC,FALSE
401262974,2020-11-28,USC,Montana,348,2,1:21,81,81,Evan Mobley Defensive Rebound.,71,56,15,0,0.9999819063782859,0.9999684792371585,2,3,11,138,"c(""Verne Harris"", "" Larry Spaulding"", "" Tom Nally"")","Los Angeles, CA",Galen Center,10258,NA,NA,NA,NA,NA,NA,NA,NA,NA,Montana,USC,FALSE
401262974,2020-11-28,USC,Montana,349,2,1:10,70,70,Brandon Whitney made Three Point Jumper. Assisted by Cameron Parker.,71,59,12,11,0.9999227479544126,0.9998684073223894,2,3,11,138,"c(""Verne Harris"", "" Larry Spaulding"", "" Tom Nally"")","Los Angeles, CA",Galen Center,10258,NA,NA,NA,Montana,made,Brandon Whitney,Cameron Parker,TRUE,FALSE,Montana,USC,FALSE
401262974,2020-11-28,USC,Montana,350,2,1:10,70,70,Foul on Josh Vazquez.,71,59,12,0,0.9999227479544126,0.9998684073223894,2,3,11,138,"c(""Verne Harris"", "" Larry Spaulding"", "" Tom Nally"")","Los Angeles, CA",Galen Center,10258,NA,NA,NA,NA,NA,NA,NA,NA,NA,USC,USC,FALSE
401262974,2020-11-28,USC,Montana,351,2,1:10,70,70,Ethan Anderson made Free Throw.,72,59,13,0,0.9999633110728902,0.9999375015652774,2,3,11,138,"c(""Verne Harris"", "" Larry Spaulding"", "" Tom Nally"")","Los Angeles, CA",Galen Center,10258,NA,NA,NA,USC,made,Ethan Anderson,NA,FALSE,TRUE,USC,USC,FALSE
401262974,2020-11-28,USC,Montana,352,2,1:10,70,70,Ethan Anderson missed Free Throw.,72,59,13,0,0.9999633110728902,0.9999375015652774,2,3,11,138,"c(""Verne Harris"", "" Larry Spaulding"", "" Tom Nally"")","Los Angeles, CA",Galen Center,10258,NA,NA,NA,USC,missed,Ethan Anderson,NA,FALSE,TRUE,USC,USC,FALSE
401262974,2020-11-28,USC,Montana,353,2,1:10,70,70,Chevez Goodwin Offensive Rebound.,72,59,13,0,0.9999633110728902,0.9999375015652774,2,3,11,138,"c(""Verne Harris"", "" Larry Spaulding"", "" Tom Nally"")","Los Angeles, CA",Galen Center,10258,NA,NA,NA,NA,NA,NA,NA,NA,NA,USC,USC,FALSE
401262974,2020-11-28,USC,Montana,354,2,1:09,69,69,Chevez Goodwin missed Layup.,72,59,13,1,0.9999655948343591,0.9999415129767095,2,3,11,138,"c(""Verne Harris"", "" Larry Spaulding"", "" Tom Nally"")","Los Angeles, CA",Galen Center,10258,NA,NA,NA,USC,missed,Chevez Goodwin,NA,FALSE,FALSE,USC,USC,FALSE
401262974,2020-11-28,USC,Montana,355,2,1:04,64,64,Boubacar Coulibaly Offensive Rebound.,72,59,13,5,0.9999751613176118,0.9999582124574309,2,3,11,138,"c(""Verne Harris"", "" Larry Spaulding"", "" Tom Nally"")","Los Angeles, CA",Galen Center,10258,NA,NA,NA,NA,NA,NA,NA,NA,NA,USC,USC,FALSE
401262974,2020-11-28,USC,Montana,356,2,1:04,64,64,Boubacar Coulibaly made Layup.,74,59,15,0,0.9999947343165934,0.9999911411199279,2,3,11,138,"c(""Verne Harris"", "" Larry Spaulding"", "" Tom Nally"")","Los Angeles, CA",Galen Center,10258,NA,NA,NA,USC,made,Boubacar Coulibaly,NA,FALSE,FALSE,USC,Montana,FALSE
401262974,2020-11-28,USC,Montana,357,2,0:36,36,36,Brandon Whitney missed Three Point Jumper.,74,59,15,28,0.9999994808898139,0.9999991779008023,2,3,11,138,"c(""Verne Harris"", "" Larry Spaulding"", "" Tom Nally"")","Los Angeles, CA",Galen Center,10258,NA,NA,NA,Montana,missed,Brandon Whitney,NA,TRUE,FALSE,Montana,Montana,FALSE
401262974,2020-11-28,USC,Montana,358,2,0:32,32,32,Kyle Owens Offensive Rebound.,74,59,15,4,0.9999996385783818,0.9999994327339128,2,3,11,138,"c(""Verne Harris"", "" Larry Spaulding"", "" Tom Nally"")","Los Angeles, CA",Galen Center,10258,NA,NA,NA,NA,NA,NA,NA,NA,NA,Montana,Montana,FALSE
401262974,2020-11-28,USC,Montana,359,2,0:32,32,32,Foul on Noah Baumann.,74,59,15,0,0.9999996385783818,0.9999994327339128,2,3,11,138,"c(""Verne Harris"", "" Larry Spaulding"", "" Tom Nally"")","Los Angeles, CA",Galen Center,10258,NA,NA,NA,NA,NA,NA,NA,NA,NA,Montana,Montana,FALSE
401262974,2020-11-28,USC,Montana,360,2,0:32,32,32,Kyle Owens missed Free Throw.,74,59,15,0,0.9999996385783818,0.9999994327339128,2,3,11,138,"c(""Verne Harris"", "" Larry Spaulding"", "" Tom Nally"")","Los Angeles, CA",Galen Center,10258,NA,NA,NA,Montana,missed,Kyle Owens,NA,FALSE,TRUE,Montana,Montana,FALSE
401262974,2020-11-28,USC,Montana,361,2,0:32,32,32,Montana Deadball Team Rebound.,74,59,15,0,0.9999996385783818,0.9999994327339128,2,3,11,138,"c(""Verne Harris"", "" Larry Spaulding"", "" Tom Nally"")","Los Angeles, CA",Galen Center,10258,NA,NA,NA,NA,NA,NA,NA,NA,NA,Montana,Montana,FALSE
401262974,2020-11-28,USC,Montana,362,2,0:32,32,32,Kyle Owens missed Free Throw.,74,59,15,0,0.9999996385783818,0.9999994327339128,2,3,11,138,"c(""Verne Harris"", "" Larry Spaulding"", "" Tom Nally"")","Los Angeles, CA",Galen Center,10258,NA,NA,NA,Montana,missed,Kyle Owens,NA,FALSE,TRUE,Montana,Montana,FALSE
401262974,2020-11-28,USC,Montana,363,2,0:32,32,32,Josh Vazquez Offensive Rebound.,74,59,15,0,0.9999996385783818,0.9999994327339128,2,3,11,138,"c(""Verne Harris"", "" Larry Spaulding"", "" Tom Nally"")","Los Angeles, CA",Galen Center,10258,NA,NA,NA,NA,NA,NA,NA,NA,NA,Montana,Montana,FALSE
401262974,2020-11-28,USC,Montana,364,2,0:28,28,28,Kyle Owens made Three Point Jumper. Assisted by Josh Vazquez.,74,62,12,4,0.9999952133255595,0.999992554691209,2,3,11,138,"c(""Verne Harris"", "" Larry Spaulding"", "" Tom Nally"")","Los Angeles, CA",Galen Center,10258,NA,NA,NA,Montana,made,Kyle Owens,Josh Vazquez,TRUE,FALSE,Montana,USC,FALSE
401262974,2020-11-28,USC,Montana,365,2,0:19,19,19,Boubacar Coulibaly made Dunk. Assisted by Ethan Anderson.,76,62,14,9,0.9999996977207176,0.9999995394053394,2,3,11,138,"c(""Verne Harris"", "" Larry Spaulding"", "" Tom Nally"")","Los Angeles, CA",Galen Center,10258,NA,NA,NA,USC,made,Boubacar Coulibaly,Ethan Anderson,FALSE,FALSE,USC,Montana,FALSE
401262974,2020-11-28,USC,Montana,366,2,0:14,14,14,Josh Vazquez missed Three Point Jumper.,76,62,14,5,0.9999998097209778,0.9999997134230163,2,3,11,138,"c(""Verne Harris"", "" Larry Spaulding"", "" Tom Nally"")","Los Angeles, CA",Galen Center,10258,NA,NA,NA,Montana,missed,Josh Vazquez,NA,TRUE,FALSE,Montana,USC,FALSE
401262974,2020-11-28,USC,Montana,367,2,0:11,11,11,Chevez Goodwin Defensive Rebound.,76,62,14,3,0.9999998569014114,0.9999997859979106,2,3,11,138,"c(""Verne Harris"", "" Larry Spaulding"", "" Tom Nally"")","Los Angeles, CA",Galen Center,10258,NA,NA,NA,NA,NA,NA,NA,NA,NA,Montana,USC,FALSE
401262974,2020-11-28,USC,Montana,368,2,0:00,0,0,End of 2nd half,76,62,14,11,1,1,2,3,11,138,"c(""Verne Harris"", "" Larry Spaulding"", "" Tom Nally"")","Los Angeles, CA",Galen Center,10258,NA,NA,NA,NA,NA,NA,NA,NA,NA,USC,NA,FALSE
401262974,2020-11-28,USC,Montana,369,2,0:00,0,0,End of Game,76,62,14,0,1,1,2,3,11,138,"c(""Verne Harris"", "" Larry Spaulding"", "" Tom Nally"")","Los Angeles, CA",Galen Center,10258,NA,NA,NA,NA,NA,NA,NA,NA,NA,USC,NA,FALSE
