game_id,date,home,away,play_id,half,time_remaining_half,secs_remaining,secs_remaining_absolute,description,action_team,home_score,away_score,score_diff,play_length,scoring_play,foul,win_prob,naive_win_prob,home_time_out_remaining,away_time_out_remaining,home_favored_by,total_line,referees,arena_location,arena,capacity,attendance,shot_x,shot_y,shot_team,shot_outcome,shooter,assist,three_pt,free_throw,possession_before,possession_after,wrong_time
401714391,2025-03-01,Hawaiâ€™i,UC Davis,1,1,20:00,2400,2400,Start game,NA,0,0,0,0,FALSE,FALSE,0.636801525023893,0.5,4,4,3.5,132.5,Chris Hudson/Chance Wallesen/Jacob Hirz,"Honolulu, HI",Stan Sheriff Center,NA,5088,NA,NA,NA,NA,NA,NA,NA,NA,NA,Hawaiâ€™i,FALSE
401714391,2025-03-01,Hawaiâ€™i,UC Davis,2,1,20:00,2400,2400,Jump Ball won by Hawai'i,home,0,0,0,0,FALSE,FALSE,0.636801525023893,0.5,4,4,3.5,132.5,Chris Hudson/Chance Wallesen/Jacob Hirz,"Honolulu, HI",Stan Sheriff Center,NA,5088,NA,NA,NA,NA,NA,NA,NA,NA,Hawaiâ€™i,Hawaiâ€™i,FALSE
401714391,2025-03-01,Hawaiâ€™i,UC Davis,3,1,20:00,2400,2400,Jump Ball lost by UC Davis,away,0,0,0,0,FALSE,FALSE,0.636801525023893,0.5,4,4,3.5,132.5,Chris Hudson/Chance Wallesen/Jacob Hirz,"Honolulu, HI",Stan Sheriff Center,NA,5088,NA,NA,NA,NA,NA,NA,NA,NA,Hawaiâ€™i,Hawaiâ€™i,FALSE
401714391,2025-03-01,Hawaiâ€™i,UC Davis,4,1,19:40,2380,2380,Harry Rouhliadeff made Jumper.,home,2,0,2,20,TRUE,FALSE,0.6766990291241393,0.5444477880633797,4,4,3.5,132.5,Chris Hudson/Chance Wallesen/Jacob Hirz,"Honolulu, HI",Stan Sheriff Center,NA,5088,35.75,2,Hawaiâ€™i,made,Harry Rouhliadeff,NA,FALSE,FALSE,Hawaiâ€™i,UC Davis,FALSE
401714391,2025-03-01,Hawaiâ€™i,UC Davis,5,1,19:26,2366,2366,TY Johnson missed Jumper.,away,2,0,2,14,FALSE,FALSE,0.6767861709274621,0.5447463102877513,4,4,3.5,132.5,Chris Hudson/Chance Wallesen/Jacob Hirz,"Honolulu, HI",Stan Sheriff Center,NA,5088,-21.75,2,UC Davis,missed,TY Johnson,NA,FALSE,FALSE,UC Davis,Hawaiâ€™i,FALSE
401714391,2025-03-01,Hawaiâ€™i,UC Davis,6,1,19:21,2361,2361,Harry Rouhliadeff Defensive Rebound.,home,2,0,2,5,FALSE,FALSE,0.6768171595878468,0.5448535841976562,4,4,3.5,132.5,Chris Hudson/Chance Wallesen/Jacob Hirz,"Honolulu, HI",Stan Sheriff Center,NA,5088,NA,NA,NA,NA,NA,NA,NA,NA,UC Davis,Hawaiâ€™i,FALSE
401714391,2025-03-01,Hawaiâ€™i,UC Davis,7,1,19:12,2352,2352,Tom Beattie missed Three Point Jumper.,home,2,0,2,9,FALSE,FALSE,0.6768727229541166,0.5450475200660853,4,4,3.5,132.5,Chris Hudson/Chance Wallesen/Jacob Hirz,"Honolulu, HI",Stan Sheriff Center,NA,5088,28.75,-20,Hawaiâ€™i,missed,Tom Beattie,NA,TRUE,FALSE,Hawaiâ€™i,UC Davis,FALSE
401714391,2025-03-01,Hawaiâ€™i,UC Davis,8,1,19:07,2347,2347,Pablo Tamba Defensive Rebound.,away,2,0,2,5,FALSE,FALSE,0.6769034565658684,0.5451557187753678,4,4,3.5,132.5,Chris Hudson/Chance Wallesen/Jacob Hirz,"Honolulu, HI",Stan Sheriff Center,NA,5088,NA,NA,NA,NA,NA,NA,NA,NA,Hawaiâ€™i,UC Davis,FALSE
401714391,2025-03-01,Hawaiâ€™i,UC Davis,9,1,18:55,2335,2335,Connor Sevilla missed Three Point Jumper.,away,2,0,2,12,FALSE,FALSE,0.6769767650137488,0.5454166796565887,4,4,3.5,132.5,Chris Hudson/Chance Wallesen/Jacob Hirz,"Honolulu, HI",Stan Sheriff Center,NA,5088,-18.75,10,UC Davis,missed,Connor Sevilla,NA,TRUE,FALSE,UC Davis,Hawaiâ€™i,FALSE
401714391,2025-03-01,Hawaiâ€™i,UC Davis,10,1,18:53,2333,2333,Ryan Rapp Defensive Rebound.,home,2,0,2,2,FALSE,FALSE,0.6769889151017191,0.5454603446991073,4,4,3.5,132.5,Chris Hudson/Chance Wallesen/Jacob Hirz,"Honolulu, HI",Stan Sheriff Center,NA,5088,NA,NA,NA,NA,NA,NA,NA,NA,UC Davis,Hawaiâ€™i,FALSE
401714391,2025-03-01,Hawaiâ€™i,UC Davis,11,1,18:30,2310,2310,Tanner Christensen made Three Point Jumper.,home,5,0,5,23,TRUE,FALSE,0.7344220993082039,0.6132418476035681,4,4,3.5,132.5,Chris Hudson/Chance Wallesen/Jacob Hirz,"Honolulu, HI",Stan Sheriff Center,NA,5088,16.75,2,Hawaiâ€™i,made,Tanner Christensen,NA,TRUE,FALSE,Hawaiâ€™i,UC Davis,FALSE
401714391,2025-03-01,Hawaiâ€™i,UC Davis,12,1,18:10,2290,2290,Foul on Tom Beattie.,home,5,0,5,20,FALSE,TRUE,0.7350505155711388,0.6143039171620344,4,4,3.5,132.5,Chris Hudson/Chance Wallesen/Jacob Hirz,"Honolulu, HI",Stan Sheriff Center,NA,5088,NA,NA,NA,NA,NA,NA,NA,NA,UC Davis,UC Davis,FALSE
401714391,2025-03-01,Hawaiâ€™i,UC Davis,13,1,18:10,2290,2290,TY Johnson made Free Throw.,away,5,1,4,0,TRUE,FALSE,0.7165296360691055,0.5920271966709987,4,4,3.5,132.5,Chris Hudson/Chance Wallesen/Jacob Hirz,"Honolulu, HI",Stan Sheriff Center,NA,5088,28,0,UC Davis,made,TY Johnson,NA,FALSE,TRUE,UC Davis,UC Davis,FALSE
401714391,2025-03-01,Hawaiâ€™i,UC Davis,14,1,18:10,2290,2290,TY Johnson missed Free Throw.,away,5,1,4,0,FALSE,FALSE,0.7165296360691055,0.5920271966709987,4,4,3.5,132.5,Chris Hudson/Chance Wallesen/Jacob Hirz,"Honolulu, HI",Stan Sheriff Center,NA,5088,28,0,UC Davis,missed,TY Johnson,NA,FALSE,TRUE,UC Davis,Hawaiâ€™i,FALSE
401714391,2025-03-01,Hawaiâ€™i,UC Davis,15,1,18:08,2288,2288,Tanner Christensen Defensive Rebound.,home,5,1,4,2,FALSE,FALSE,0.7165769525648223,0.5921142012291807,4,4,3.5,132.5,Chris Hudson/Chance Wallesen/Jacob Hirz,"Honolulu, HI",Stan Sheriff Center,NA,5088,NA,NA,NA,NA,NA,NA,NA,NA,UC Davis,Hawaiâ€™i,FALSE
401714391,2025-03-01,Hawaiâ€™i,UC Davis,16,1,17:48,2268,2268,Harry Rouhliadeff made Layup.,home,7,1,6,20,TRUE,FALSE,0.7536250088818792,0.6374924603703037,4,4,3.5,132.5,Chris Hudson/Chance Wallesen/Jacob Hirz,"Honolulu, HI",Stan Sheriff Center,NA,5088,39.75,4,Hawaiâ€™i,made,Harry Rouhliadeff,NA,FALSE,FALSE,Hawaiâ€™i,UC Davis,FALSE
401714391,2025-03-01,Hawaiâ€™i,UC Davis,17,1,17:33,2253,2253,Foul on Niko Rocak.,away,7,1,6,15,FALSE,TRUE,0.7542023200713774,0.6384393307923633,4,4,3.5,132.5,Chris Hudson/Chance Wallesen/Jacob Hirz,"Honolulu, HI",Stan Sheriff Center,NA,5088,NA,NA,NA,NA,NA,NA,NA,NA,Hawaiâ€™i,Hawaiâ€™i,FALSE
401714391,2025-03-01,Hawaiâ€™i,UC Davis,18,1,17:33,2253,2253,Niko Rocak Turnover.,away,7,1,6,0,FALSE,FALSE,0.7542023200713774,0.6384393307923633,4,4,3.5,132.5,Chris Hudson/Chance Wallesen/Jacob Hirz,"Honolulu, HI",Stan Sheriff Center,NA,5088,NA,NA,NA,NA,NA,NA,NA,NA,UC Davis,Hawaiâ€™i,FALSE
401714391,2025-03-01,Hawaiâ€™i,UC Davis,19,1,17:07,2227,2227,Harry Rouhliadeff missed Three Point Jumper.,home,7,1,6,26,FALSE,FALSE,0.7552021674011518,0.6400895751870276,4,4,3.5,132.5,Chris Hudson/Chance Wallesen/Jacob Hirz,"Honolulu, HI",Stan Sheriff Center,NA,5088,17.75,-7,Hawaiâ€™i,missed,Harry Rouhliadeff,NA,TRUE,FALSE,Hawaiâ€™i,UC Davis,FALSE
401714391,2025-03-01,Hawaiâ€™i,UC Davis,20,1,17:03,2223,2223,Niko Rocak Defensive Rebound.,away,7,1,6,4,FALSE,FALSE,0.7553557752696005,0.6403443350664153,4,4,3.5,132.5,Chris Hudson/Chance Wallesen/Jacob Hirz,"Honolulu, HI",Stan Sheriff Center,NA,5088,NA,NA,NA,NA,NA,NA,NA,NA,Hawaiâ€™i,UC Davis,FALSE
401714391,2025-03-01,Hawaiâ€™i,UC Davis,21,1,16:58,2218,2218,TY Johnson missed Layup.,away,7,1,6,5,FALSE,FALSE,0.7555476691946903,0.6406630735591428,4,4,3.5,132.5,Chris Hudson/Chance Wallesen/Jacob Hirz,"Honolulu, HI",Stan Sheriff Center,NA,5088,-37.75,1,UC Davis,missed,TY Johnson,NA,FALSE,FALSE,UC Davis,Hawaiâ€™i,FALSE
401714391,2025-03-01,Hawaiâ€™i,UC Davis,22,1,16:58,2218,2218,Aaron Hunkin-Claytor Block.,home,7,1,6,0,FALSE,FALSE,0.7555476691946903,0.6406630735591428,4,4,3.5,132.5,Chris Hudson/Chance Wallesen/Jacob Hirz,"Honolulu, HI",Stan Sheriff Center,NA,5088,NA,NA,NA,NA,NA,NA,NA,NA,UC Davis,Hawaiâ€™i,FALSE
401714391,2025-03-01,Hawaiâ€™i,UC Davis,23,1,16:56,2216,2216,Aaron Hunkin-Claytor Defensive Rebound.,home,7,1,6,2,FALSE,FALSE,0.755624387259734,0.6407906548645244,4,4,3.5,132.5,Chris Hudson/Chance Wallesen/Jacob Hirz,"Honolulu, HI",Stan Sheriff Center,NA,5088,NA,NA,NA,NA,NA,NA,NA,NA,UC Davis,Hawaiâ€™i,FALSE
401714391,2025-03-01,Hawaiâ€™i,UC Davis,24,1,16:47,2207,2207,Ryan Rapp Turnover.,home,7,1,6,9,FALSE,FALSE,0.7559693038477806,0.641365338257466,4,4,3.5,132.5,Chris Hudson/Chance Wallesen/Jacob Hirz,"Honolulu, HI",Stan Sheriff Center,NA,5088,NA,NA,NA,NA,NA,NA,NA,NA,Hawaiâ€™i,UC Davis,FALSE
401714391,2025-03-01,Hawaiâ€™i,UC Davis,25,1,16:47,2207,2207,Niko Rocak Steal.,away,7,1,6,0,FALSE,FALSE,0.7559693038477806,0.641365338257466,4,4,3.5,132.5,Chris Hudson/Chance Wallesen/Jacob Hirz,"Honolulu, HI",Stan Sheriff Center,NA,5088,NA,NA,NA,NA,NA,NA,NA,NA,Hawaiâ€™i,UC Davis,FALSE
401714391,2025-03-01,Hawaiâ€™i,UC Davis,26,1,16:23,2183,2183,Pablo Tamba made Layup.,away,7,3,4,24,TRUE,FALSE,0.7190367029544384,0.5967609551023801,4,4,3.5,132.5,Chris Hudson/Chance Wallesen/Jacob Hirz,"Honolulu, HI",Stan Sheriff Center,NA,5088,-38.75,3,UC Davis,made,Pablo Tamba,NA,FALSE,FALSE,UC Davis,Hawaiâ€™i,FALSE
401714391,2025-03-01,Hawaiâ€™i,UC Davis,27,1,15:56,2156,2156,Harry Rouhliadeff missed Three Point Jumper.,home,7,3,4,27,FALSE,FALSE,0.719654010833217,0.5979734467601393,4,4,3.5,132.5,Chris Hudson/Chance Wallesen/Jacob Hirz,"Honolulu, HI",Stan Sheriff Center,NA,5088,41.75,-23,Hawaiâ€™i,missed,Harry Rouhliadeff,NA,TRUE,FALSE,Hawaiâ€™i,UC Davis,FALSE
401714391,2025-03-01,Hawaiâ€™i,UC Davis,28,1,15:53,2153,2153,Niko Rocak Defensive Rebound.,away,7,3,4,3,FALSE,FALSE,0.7197223015172676,0.5981086983071856,4,4,3.5,132.5,Chris Hudson/Chance Wallesen/Jacob Hirz,"Honolulu, HI",Stan Sheriff Center,NA,5088,NA,NA,NA,NA,NA,NA,NA,NA,Hawaiâ€™i,UC Davis,FALSE
401714391,2025-03-01,Hawaiâ€™i,UC Davis,29,1,15:28,2128,2128,Pablo Tamba made Layup.,away,7,5,2,25,TRUE,FALSE,0.6780334845732711,0.5501189748240702,4,4,3.5,132.5,Chris Hudson/Chance Wallesen/Jacob Hirz,"Honolulu, HI",Stan Sheriff Center,NA,5088,-36.75,-3,UC Davis,made,Pablo Tamba,NA,FALSE,FALSE,UC Davis,Hawaiâ€™i,FALSE
401714391,2025-03-01,Hawaiâ€™i,UC Davis,30,1,15:10,2110,2110,Harry Rouhliadeff missed Jumper.,home,7,5,2,18,FALSE,FALSE,0.6781020436567228,0.5505421479818391,4,4,3.5,132.5,Chris Hudson/Chance Wallesen/Jacob Hirz,"Honolulu, HI",Stan Sheriff Center,NA,5088,34.75,-1,Hawaiâ€™i,missed,Harry Rouhliadeff,NA,FALSE,FALSE,Hawaiâ€™i,UC Davis,FALSE
401714391,2025-03-01,Hawaiâ€™i,UC Davis,31,1,15:07,2107,2107,Pablo Tamba Defensive Rebound.,away,7,5,2,3,FALSE,FALSE,0.6781131874384786,0.5506129622145128,4,4,3.5,132.5,Chris Hudson/Chance Wallesen/Jacob Hirz,"Honolulu, HI",Stan Sheriff Center,NA,5088,NA,NA,NA,NA,NA,NA,NA,NA,Hawaiâ€™i,UC Davis,FALSE
401714391,2025-03-01,Hawaiâ€™i,UC Davis,32,1,15:01,2101,2101,TY Johnson missed Jumper.,away,7,5,2,6,FALSE,FALSE,0.6781352439042232,0.5507548434398758,4,4,3.5,132.5,Chris Hudson/Chance Wallesen/Jacob Hirz,"Honolulu, HI",Stan Sheriff Center,NA,5088,-38.75,-14,UC Davis,missed,TY Johnson,NA,FALSE,FALSE,UC Davis,Hawaiâ€™i,FALSE
401714391,2025-03-01,Hawaiâ€™i,UC Davis,33,1,14:58,2098,2098,Aaron Hunkin-Claytor Defensive Rebound.,home,7,5,2,3,FALSE,FALSE,0.6781461590862956,0.5508259122440118,4,4,3.5,132.5,Chris Hudson/Chance Wallesen/Jacob Hirz,"Honolulu, HI",Stan Sheriff Center,NA,5088,NA,NA,NA,NA,NA,NA,NA,NA,UC Davis,Hawaiâ€™i,FALSE
401714391,2025-03-01,Hawaiâ€™i,UC Davis,34,1,14:54,2094,2094,Tom Beattie made Layup. Assisted by Aaron Hunkin-Claytor.,home,9,5,4,4,TRUE,FALSE,0.7210595240520532,0.6007961820960135,4,4,3.5,132.5,Chris Hudson/Chance Wallesen/Jacob Hirz,"Honolulu, HI",Stan Sheriff Center,NA,5088,39.75,-4,Hawaiâ€™i,made,Tom Beattie,Aaron Hunkin-Claytor,FALSE,FALSE,Hawaiâ€™i,UC Davis,FALSE
401714391,2025-03-01,Hawaiâ€™i,UC Davis,35,1,14:38,2078,2078,Official TV Timeout,NA,9,5,4,16,FALSE,FALSE,0.7214213450179979,0.6015350091868868,4,4,3.5,132.5,Chris Hudson/Chance Wallesen/Jacob Hirz,"Honolulu, HI",Stan Sheriff Center,NA,5088,NA,NA,NA,NA,NA,NA,NA,NA,UC Davis,UC Davis,FALSE
401714391,2025-03-01,Hawaiâ€™i,UC Davis,36,1,14:38,2078,2078,Tom Beattie subbing out for Hawai'i,home,9,5,4,0,FALSE,FALSE,0.7214213450179979,0.6015350091868868,4,4,3.5,132.5,Chris Hudson/Chance Wallesen/Jacob Hirz,"Honolulu, HI",Stan Sheriff Center,NA,5088,NA,NA,NA,NA,NA,NA,NA,NA,UC Davis,UC Davis,FALSE
401714391,2025-03-01,Hawaiâ€™i,UC Davis,37,1,14:38,2078,2078,Harry Rouhliadeff subbing out for Hawai'i,home,9,5,4,0,FALSE,FALSE,0.7214213450179979,0.6015350091868868,4,4,3.5,132.5,Chris Hudson/Chance Wallesen/Jacob Hirz,"Honolulu, HI",Stan Sheriff Center,NA,5088,NA,NA,NA,NA,NA,NA,NA,NA,UC Davis,UC Davis,FALSE
401714391,2025-03-01,Hawaiâ€™i,UC Davis,38,1,14:38,2078,2078,Marcus Greene subbing in for Hawai'i,home,9,5,4,0,FALSE,FALSE,0.7214213450179979,0.6015350091868868,4,4,3.5,132.5,Chris Hudson/Chance Wallesen/Jacob Hirz,"Honolulu, HI",Stan Sheriff Center,NA,5088,NA,NA,NA,NA,NA,NA,NA,NA,UC Davis,UC Davis,FALSE
401714391,2025-03-01,Hawaiâ€™i,UC Davis,39,1,14:38,2078,2078,Gytis Nemeiksa subbing in for Hawai'i,home,9,5,4,0,FALSE,FALSE,0.7214213450179979,0.6015350091868868,4,4,3.5,132.5,Chris Hudson/Chance Wallesen/Jacob Hirz,"Honolulu, HI",Stan Sheriff Center,NA,5088,NA,NA,NA,NA,NA,NA,NA,NA,UC Davis,UC Davis,FALSE
401714391,2025-03-01,Hawaiâ€™i,UC Davis,40,1,14:38,2078,2078,Pablo Tamba subbing out for UC Davis,away,9,5,4,0,FALSE,FALSE,0.7214213450179979,0.6015350091868868,4,4,3.5,132.5,Chris Hudson/Chance Wallesen/Jacob Hirz,"Honolulu, HI",Stan Sheriff Center,NA,5088,NA,NA,NA,NA,NA,NA,NA,NA,UC Davis,UC Davis,FALSE
401714391,2025-03-01,Hawaiâ€™i,UC Davis,41,1,14:38,2078,2078,Nils Cooper subbing in for UC Davis,away,9,5,4,0,FALSE,FALSE,0.7214213450179979,0.6015350091868868,4,4,3.5,132.5,Chris Hudson/Chance Wallesen/Jacob Hirz,"Honolulu, HI",Stan Sheriff Center,NA,5088,NA,NA,NA,NA,NA,NA,NA,NA,UC Davis,UC Davis,FALSE
401714391,2025-03-01,Hawaiâ€™i,UC Davis,42,1,14:25,2065,2065,Leo DeBruhl missed Three Point Jumper.,away,9,5,4,13,FALSE,FALSE,0.7217154550497109,0.6021388008922158,4,4,3.5,132.5,Chris Hudson/Chance Wallesen/Jacob Hirz,"Honolulu, HI",Stan Sheriff Center,NA,5088,-19.75,-14,UC Davis,missed,Leo DeBruhl,NA,TRUE,FALSE,UC Davis,Hawaiâ€™i,FALSE
401714391,2025-03-01,Hawaiâ€™i,UC Davis,43,1,14:22,2062,2062,Aaron Hunkin-Claytor Defensive Rebound.,home,9,5,4,3,FALSE,FALSE,0.7217833610351033,0.602278598395699,4,4,3.5,132.5,Chris Hudson/Chance Wallesen/Jacob Hirz,"Honolulu, HI",Stan Sheriff Center,NA,5088,NA,NA,NA,NA,NA,NA,NA,NA,UC Davis,Hawaiâ€™i,FALSE
401714391,2025-03-01,Hawaiâ€™i,UC Davis,44,1,14:00,2040,2040,Foul on Leo DeBruhl.,away,9,5,4,22,FALSE,TRUE,0.7222819747569066,0.6033092790630997,4,4,3.5,132.5,Chris Hudson/Chance Wallesen/Jacob Hirz,"Honolulu, HI",Stan Sheriff Center,NA,5088,NA,NA,NA,NA,NA,NA,NA,NA,Hawaiâ€™i,Hawaiâ€™i,FALSE
401714391,2025-03-01,Hawaiâ€™i,UC Davis,45,1,14:00,2040,2040,Ryan Rapp subbing out for Hawai'i,home,9,5,4,0,FALSE,FALSE,0.7222819747569066,0.6033092790630997,4,4,3.5,132.5,Chris Hudson/Chance Wallesen/Jacob Hirz,"Honolulu, HI",Stan Sheriff Center,NA,5088,NA,NA,NA,NA,NA,NA,NA,NA,Hawaiâ€™i,Hawaiâ€™i,FALSE
401714391,2025-03-01,Hawaiâ€™i,UC Davis,46,1,14:00,2040,2040,Akira Jacobs subbing in for Hawai'i,home,9,5,4,0,FALSE,FALSE,0.7222819747569066,0.6033092790630997,4,4,3.5,132.5,Chris Hudson/Chance Wallesen/Jacob Hirz,"Honolulu, HI",Stan Sheriff Center,NA,5088,NA,NA,NA,NA,NA,NA,NA,NA,Hawaiâ€™i,Hawaiâ€™i,FALSE
401714391,2025-03-01,Hawaiâ€™i,UC Davis,47,1,13:57,2037,2037,Aaron Hunkin-Claytor made Three Point Jumper. Assisted by Tanner Christensen.,home,12,5,7,3,TRUE,FALSE,0.7809218409493204,0.6758492169697295,4,4,3.5,132.5,Chris Hudson/Chance Wallesen/Jacob Hirz,"Honolulu, HI",Stan Sheriff Center,NA,5088,38.75,-24,Hawaiâ€™i,made,Aaron Hunkin-Claytor,Tanner Christensen,TRUE,FALSE,Hawaiâ€™i,UC Davis,FALSE
401714391,2025-03-01,Hawaiâ€™i,UC Davis,48,1,13:34,2014,2014,Connor Sevilla missed Jumper.,away,12,5,7,23,FALSE,FALSE,0.7819514608094137,0.6775937335052449,4,4,3.5,132.5,Chris Hudson/Chance Wallesen/Jacob Hirz,"Honolulu, HI",Stan Sheriff Center,NA,5088,-26.75,-9,UC Davis,missed,Connor Sevilla,NA,FALSE,FALSE,UC Davis,Hawaiâ€™i,FALSE
401714391,2025-03-01,Hawaiâ€™i,UC Davis,49,1,13:31,2011,2011,Akira Jacobs Defensive Rebound.,home,12,5,7,3,FALSE,FALSE,0.7820861997882523,0.6778224202490324,4,4,3.5,132.5,Chris Hudson/Chance Wallesen/Jacob Hirz,"Honolulu, HI",Stan Sheriff Center,NA,5088,NA,NA,NA,NA,NA,NA,NA,NA,UC Davis,Hawaiâ€™i,FALSE
401714391,2025-03-01,Hawaiâ€™i,UC Davis,50,1,13:24,2004,2004,Tanner Christensen made Jumper. Assisted by Aaron Hunkin-Claytor.,home,14,5,9,7,TRUE,FALSE,0.8165165466728347,0.7230098553561365,4,4,3.5,132.5,Chris Hudson/Chance Wallesen/Jacob Hirz,"Honolulu, HI",Stan Sheriff Center,NA,5088,32.75,-1,Hawaiâ€™i,made,Tanner Christensen,Aaron Hunkin-Claytor,FALSE,FALSE,Hawaiâ€™i,UC Davis,FALSE
401714391,2025-03-01,Hawaiâ€™i,UC Davis,51,1,12:53,1973,1973,Foul on Akira Jacobs.,home,14,5,9,31,FALSE,TRUE,0.8182161846801707,0.7258225615069739,4,4,3.5,132.5,Chris Hudson/Chance Wallesen/Jacob Hirz,"Honolulu, HI",Stan Sheriff Center,NA,5088,NA,NA,NA,NA,NA,NA,NA,NA,UC Davis,UC Davis,FALSE
401714391,2025-03-01,Hawaiâ€™i,UC Davis,52,1,12:53,1973,1973,Tanner Christensen subbing out for Hawai'i,home,14,5,9,0,FALSE,FALSE,0.8182161846801707,0.7258225615069739,4,4,3.5,132.5,Chris Hudson/Chance Wallesen/Jacob Hirz,"Honolulu, HI",Stan Sheriff Center,NA,5088,NA,NA,NA,NA,NA,NA,NA,NA,UC Davis,UC Davis,FALSE
401714391,2025-03-01,Hawaiâ€™i,UC Davis,53,1,12:53,1973,1973,Jerome Palm subbing in for Hawai'i,home,14,5,9,0,FALSE,FALSE,0.8182161846801707,0.7258225615069739,4,4,3.5,132.5,Chris Hudson/Chance Wallesen/Jacob Hirz,"Honolulu, HI",Stan Sheriff Center,NA,5088,NA,NA,NA,NA,NA,NA,NA,NA,UC Davis,UC Davis,FALSE
401714391,2025-03-01,Hawaiâ€™i,UC Davis,54,1,12:53,1973,1973,Niko Rocak subbing out for UC Davis,away,14,5,9,0,FALSE,FALSE,0.8182161846801707,0.7258225615069739,4,4,3.5,132.5,Chris Hudson/Chance Wallesen/Jacob Hirz,"Honolulu, HI",Stan Sheriff Center,NA,5088,NA,NA,NA,NA,NA,NA,NA,NA,UC Davis,UC Davis,FALSE
401714391,2025-03-01,Hawaiâ€™i,UC Davis,55,1,12:53,1973,1973,Leo DeBruhl subbing out for UC Davis,away,14,5,9,0,FALSE,FALSE,0.8182161846801707,0.7258225615069739,4,4,3.5,132.5,Chris Hudson/Chance Wallesen/Jacob Hirz,"Honolulu, HI",Stan Sheriff Center,NA,5088,NA,NA,NA,NA,NA,NA,NA,NA,UC Davis,UC Davis,FALSE
401714391,2025-03-01,Hawaiâ€™i,UC Davis,56,1,12:53,1973,1973,Carl Daughtery Jr. subbing in for UC Davis,away,14,5,9,0,FALSE,FALSE,0.8182161846801707,0.7258225615069739,4,4,3.5,132.5,Chris Hudson/Chance Wallesen/Jacob Hirz,"Honolulu, HI",Stan Sheriff Center,NA,5088,NA,NA,NA,NA,NA,NA,NA,NA,UC Davis,UC Davis,FALSE
401714391,2025-03-01,Hawaiâ€™i,UC Davis,57,1,12:53,1973,1973,Jamaal Unuakhalu subbing in for UC Davis,away,14,5,9,0,FALSE,FALSE,0.8182161846801707,0.7258225615069739,4,4,3.5,132.5,Chris Hudson/Chance Wallesen/Jacob Hirz,"Honolulu, HI",Stan Sheriff Center,NA,5088,NA,NA,NA,NA,NA,NA,NA,NA,UC Davis,UC Davis,FALSE
401714391,2025-03-01,Hawaiâ€™i,UC Davis,58,1,12:42,1962,1962,Foul on Aaron Hunkin-Claytor.,home,14,5,9,11,FALSE,TRUE,0.8188226320107094,0.7268279105192383,4,4,3.5,132.5,Chris Hudson/Chance Wallesen/Jacob Hirz,"Honolulu, HI",Stan Sheriff Center,NA,5088,NA,NA,NA,NA,NA,NA,NA,NA,UC Davis,UC Davis,FALSE
401714391,2025-03-01,Hawaiâ€™i,UC Davis,59,1,12:42,1962,1962,Nils Cooper made Free Throw.,away,14,6,8,0,TRUE,FALSE,0.8021297767638166,0.704715692410372,4,4,3.5,132.5,Chris Hudson/Chance Wallesen/Jacob Hirz,"Honolulu, HI",Stan Sheriff Center,NA,5088,28,0,UC Davis,made,Nils Cooper,NA,FALSE,TRUE,UC Davis,UC Davis,FALSE
401714391,2025-03-01,Hawaiâ€™i,UC Davis,60,1,12:42,1962,1962,Nils Cooper made Free Throw.,away,14,7,7,0,TRUE,FALSE,0.7843040620946166,0.6815976789067041,4,4,3.5,132.5,Chris Hudson/Chance Wallesen/Jacob Hirz,"Honolulu, HI",Stan Sheriff Center,NA,5088,28,0,UC Davis,made,Nils Cooper,NA,FALSE,TRUE,UC Davis,Hawaiâ€™i,FALSE
401714391,2025-03-01,Hawaiâ€™i,UC Davis,61,1,12:29,1949,1949,Marcus Greene missed Layup.,home,14,7,7,13,FALSE,FALSE,0.784898628190197,0.6826126894394776,4,4,3.5,132.5,Chris Hudson/Chance Wallesen/Jacob Hirz,"Honolulu, HI",Stan Sheriff Center,NA,5088,39.75,1,Hawaiâ€™i,missed,Marcus Greene,NA,FALSE,FALSE,Hawaiâ€™i,Hawaiâ€™i,FALSE
401714391,2025-03-01,Hawaiâ€™i,UC Davis,62,1,12:29,1949,1949,Carl Daughtery Jr. Block.,away,14,7,7,0,FALSE,FALSE,0.784898628190197,0.6826126894394776,4,4,3.5,132.5,Chris Hudson/Chance Wallesen/Jacob Hirz,"Honolulu, HI",Stan Sheriff Center,NA,5088,NA,NA,NA,NA,NA,NA,NA,NA,Hawaiâ€™i,Hawaiâ€™i,FALSE
401714391,2025-03-01,Hawaiâ€™i,UC Davis,63,1,12:29,1949,1949,Hawai'i Offensive Rebound.,home,14,7,7,0,FALSE,FALSE,0.784898628190197,0.6826126894394776,4,4,3.5,132.5,Chris Hudson/Chance Wallesen/Jacob Hirz,"Honolulu, HI",Stan Sheriff Center,NA,5088,NA,NA,NA,NA,NA,NA,NA,NA,Hawaiâ€™i,Hawaiâ€™i,FALSE
401714391,2025-03-01,Hawaiâ€™i,UC Davis,64,1,12:14,1934,1934,Marcus Greene Turnover.,home,14,7,7,15,FALSE,FALSE,0.7855883204923234,0.6837912961788085,4,4,3.5,132.5,Chris Hudson/Chance Wallesen/Jacob Hirz,"Honolulu, HI",Stan Sheriff Center,NA,5088,NA,NA,NA,NA,NA,NA,NA,NA,Hawaiâ€™i,UC Davis,FALSE
401714391,2025-03-01,Hawaiâ€™i,UC Davis,65,1,12:14,1934,1934,TY Johnson Steal.,away,14,7,7,0,FALSE,FALSE,0.7855883204923234,0.6837912961788085,4,4,3.5,132.5,Chris Hudson/Chance Wallesen/Jacob Hirz,"Honolulu, HI",Stan Sheriff Center,NA,5088,NA,NA,NA,NA,NA,NA,NA,NA,Hawaiâ€™i,UC Davis,FALSE
401714391,2025-03-01,Hawaiâ€™i,UC Davis,66,1,12:09,1929,1929,TY Johnson made Layup.,away,14,9,5,5,TRUE,FALSE,0.7463097627722806,0.6346452190841645,4,4,3.5,132.5,Chris Hudson/Chance Wallesen/Jacob Hirz,"Honolulu, HI",Stan Sheriff Center,NA,5088,-38.75,-2,UC Davis,made,TY Johnson,NA,FALSE,FALSE,UC Davis,Hawaiâ€™i,FALSE
401714391,2025-03-01,Hawaiâ€™i,UC Davis,67,1,11:43,1903,1903,Akira Jacobs missed Three Point Jumper.,home,14,9,5,26,FALSE,FALSE,0.7471361856326778,0.6362145723514233,4,4,3.5,132.5,Chris Hudson/Chance Wallesen/Jacob Hirz,"Honolulu, HI",Stan Sheriff Center,NA,5088,39.75,-23,Hawaiâ€™i,missed,Akira Jacobs,NA,TRUE,FALSE,Hawaiâ€™i,UC Davis,FALSE
401714391,2025-03-01,Hawaiâ€™i,UC Davis,68,1,11:43,1903,1903,Nils Cooper Block.,away,14,9,5,0,FALSE,FALSE,0.7471361856326778,0.6362145723514233,4,4,3.5,132.5,Chris Hudson/Chance Wallesen/Jacob Hirz,"Honolulu, HI",Stan Sheriff Center,NA,5088,NA,NA,NA,NA,NA,NA,NA,NA,Hawaiâ€™i,UC Davis,FALSE
401714391,2025-03-01,Hawaiâ€™i,UC Davis,69,1,11:39,1899,1899,Nils Cooper Defensive Rebound.,away,14,9,5,4,FALSE,FALSE,0.7472618500095933,0.6364554532588336,4,4,3.5,132.5,Chris Hudson/Chance Wallesen/Jacob Hirz,"Honolulu, HI",Stan Sheriff Center,NA,5088,NA,NA,NA,NA,NA,NA,NA,NA,Hawaiâ€™i,UC Davis,FALSE
401714391,2025-03-01,Hawaiâ€™i,UC Davis,70,1,11:37,1897,1897,Carl Daughtery Jr. made Three Point Jumper. Assisted by TY Johnson.,away,14,12,2,2,TRUE,FALSE,0.6787588730035036,0.5558196522116189,4,4,3.5,132.5,Chris Hudson/Chance Wallesen/Jacob Hirz,"Honolulu, HI",Stan Sheriff Center,NA,5088,-40.75,-23,UC Davis,made,Carl Daughtery Jr.,TY Johnson,TRUE,FALSE,UC Davis,Hawaiâ€™i,FALSE
401714391,2025-03-01,Hawaiâ€™i,UC Davis,71,1,11:22,1882,1882,Foul on Nils Cooper.,away,14,12,2,15,FALSE,TRUE,0.678788795576192,0.5562051465402923,4,4,3.5,132.5,Chris Hudson/Chance Wallesen/Jacob Hirz,"Honolulu, HI",Stan Sheriff Center,NA,5088,NA,NA,NA,NA,NA,NA,NA,NA,Hawaiâ€™i,Hawaiâ€™i,FALSE
401714391,2025-03-01,Hawaiâ€™i,UC Davis,72,1,11:22,1882,1882,Official TV Timeout,NA,14,12,2,0,FALSE,FALSE,0.678788795576192,0.5562051465402923,4,4,3.5,132.5,Chris Hudson/Chance Wallesen/Jacob Hirz,"Honolulu, HI",Stan Sheriff Center,NA,5088,NA,NA,NA,NA,NA,NA,NA,NA,Hawaiâ€™i,Hawaiâ€™i,FALSE
401714391,2025-03-01,Hawaiâ€™i,UC Davis,73,1,11:22,1882,1882,Jerome Palm subbing out for Hawai'i,home,14,12,2,0,FALSE,FALSE,0.678788795576192,0.5562051465402923,4,4,3.5,132.5,Chris Hudson/Chance Wallesen/Jacob Hirz,"Honolulu, HI",Stan Sheriff Center,NA,5088,NA,NA,NA,NA,NA,NA,NA,NA,Hawaiâ€™i,Hawaiâ€™i,FALSE
401714391,2025-03-01,Hawaiâ€™i,UC Davis,74,1,11:22,1882,1882,Aaron Hunkin-Claytor subbing out for Hawai'i,home,14,12,2,0,FALSE,FALSE,0.678788795576192,0.5562051465402923,4,4,3.5,132.5,Chris Hudson/Chance Wallesen/Jacob Hirz,"Honolulu, HI",Stan Sheriff Center,NA,5088,NA,NA,NA,NA,NA,NA,NA,NA,Hawaiâ€™i,Hawaiâ€™i,FALSE
401714391,2025-03-01,Hawaiâ€™i,UC Davis,75,1,11:22,1882,1882,Tom Beattie subbing in for Hawai'i,home,14,12,2,0,FALSE,FALSE,0.678788795576192,0.5562051465402923,4,4,3.5,132.5,Chris Hudson/Chance Wallesen/Jacob Hirz,"Honolulu, HI",Stan Sheriff Center,NA,5088,NA,NA,NA,NA,NA,NA,NA,NA,Hawaiâ€™i,Hawaiâ€™i,FALSE
401714391,2025-03-01,Hawaiâ€™i,UC Davis,76,1,11:22,1882,1882,Tanner Christensen subbing in for Hawai'i,home,14,12,2,0,FALSE,FALSE,0.678788795576192,0.5562051465402923,4,4,3.5,132.5,Chris Hudson/Chance Wallesen/Jacob Hirz,"Honolulu, HI",Stan Sheriff Center,NA,5088,NA,NA,NA,NA,NA,NA,NA,NA,Hawaiâ€™i,Hawaiâ€™i,FALSE
401714391,2025-03-01,Hawaiâ€™i,UC Davis,77,1,11:22,1882,1882,Connor Sevilla subbing out for UC Davis,away,14,12,2,0,FALSE,FALSE,0.678788795576192,0.5562051465402923,4,4,3.5,132.5,Chris Hudson/Chance Wallesen/Jacob Hirz,"Honolulu, HI",Stan Sheriff Center,NA,5088,NA,NA,NA,NA,NA,NA,NA,NA,Hawaiâ€™i,Hawaiâ€™i,FALSE
401714391,2025-03-01,Hawaiâ€™i,UC Davis,78,1,11:22,1882,1882,Leo DeBruhl subbing in for UC Davis,away,14,12,2,0,FALSE,FALSE,0.678788795576192,0.5562051465402923,4,4,3.5,132.5,Chris Hudson/Chance Wallesen/Jacob Hirz,"Honolulu, HI",Stan Sheriff Center,NA,5088,NA,NA,NA,NA,NA,NA,NA,NA,Hawaiâ€™i,Hawaiâ€™i,FALSE
401714391,2025-03-01,Hawaiâ€™i,UC Davis,79,1,11:03,1863,1863,Foul on Jamaal Unuakhalu.,away,14,12,2,19,FALSE,TRUE,0.6788212255433124,0.5566941227763207,4,4,3.5,132.5,Chris Hudson/Chance Wallesen/Jacob Hirz,"Honolulu, HI",Stan Sheriff Center,NA,5088,NA,NA,NA,NA,NA,NA,NA,NA,Hawaiâ€™i,Hawaiâ€™i,FALSE
401714391,2025-03-01,Hawaiâ€™i,UC Davis,80,1,11:03,1863,1863,Tanner Christensen made Free Throw.,home,15,12,3,0,TRUE,FALSE,0.7031279980793467,0.5845873639208102,4,4,3.5,132.5,Chris Hudson/Chance Wallesen/Jacob Hirz,"Honolulu, HI",Stan Sheriff Center,NA,5088,-28,-0,Hawaiâ€™i,made,Tanner Christensen,NA,FALSE,TRUE,Hawaiâ€™i,Hawaiâ€™i,FALSE
401714391,2025-03-01,Hawaiâ€™i,UC Davis,81,1,11:03,1863,1863,Tanner Christensen made Free Throw.,home,16,12,4,0,TRUE,FALSE,0.7263368351159805,0.6119489300005183,4,4,3.5,132.5,Chris Hudson/Chance Wallesen/Jacob Hirz,"Honolulu, HI",Stan Sheriff Center,NA,5088,-28,-0,Hawaiâ€™i,made,Tanner Christensen,NA,FALSE,TRUE,Hawaiâ€™i,UC Davis,FALSE
401714391,2025-03-01,Hawaiâ€™i,UC Davis,82,1,10:46,1846,1846,TY Johnson made Three Point Jumper. Assisted by Carl Daughtery Jr..,away,16,15,1,17,TRUE,FALSE,0.6533293863744766,0.5286603974113568,4,4,3.5,132.5,Chris Hudson/Chance Wallesen/Jacob Hirz,"Honolulu, HI",Stan Sheriff Center,NA,5088,-15.75,-1,UC Davis,made,TY Johnson,Carl Daughtery Jr.,TRUE,FALSE,UC Davis,Hawaiâ€™i,FALSE
401714391,2025-03-01,Hawaiâ€™i,UC Davis,83,1,10:15,1815,1815,Gytis Nemeiksa made Jumper. Assisted by Marcus Greene.,home,18,15,3,31,TRUE,FALSE,0.7037148556080609,0.5864250632337537,4,4,3.5,132.5,Chris Hudson/Chance Wallesen/Jacob Hirz,"Honolulu, HI",Stan Sheriff Center,NA,5088,28.75,-0,Hawaiâ€™i,made,Gytis Nemeiksa,Marcus Greene,FALSE,FALSE,Hawaiâ€™i,UC Davis,FALSE
401714391,2025-03-01,Hawaiâ€™i,UC Davis,84,1,9:56,1796,1796,Leo DeBruhl missed Three Point Jumper.,away,18,15,3,19,FALSE,FALSE,0.7039460673355525,0.5871621695112834,4,4,3.5,132.5,Chris Hudson/Chance Wallesen/Jacob Hirz,"Honolulu, HI",Stan Sheriff Center,NA,5088,-40.75,23,UC Davis,missed,Leo DeBruhl,NA,TRUE,FALSE,UC Davis,UC Davis,FALSE
401714391,2025-03-01,Hawaiâ€™i,UC Davis,85,1,9:53,1793,1793,Carl Daughtery Jr. Offensive Rebound.,away,18,15,3,3,FALSE,FALSE,0.7039827072971546,0.5872792298969025,4,4,3.5,132.5,Chris Hudson/Chance Wallesen/Jacob Hirz,"Honolulu, HI",Stan Sheriff Center,NA,5088,NA,NA,NA,NA,NA,NA,NA,NA,UC Davis,UC Davis,FALSE
401714391,2025-03-01,Hawaiâ€™i,UC Davis,86,1,9:53,1793,1793,Carl Daughtery Jr. made Layup.,away,18,17,1,0,TRUE,FALSE,0.6527576923144046,0.5293602787187939,4,4,3.5,132.5,Chris Hudson/Chance Wallesen/Jacob Hirz,"Honolulu, HI",Stan Sheriff Center,NA,5088,-36.75,0,UC Davis,made,Carl Daughtery Jr.,NA,FALSE,FALSE,UC Davis,Hawaiâ€™i,FALSE
401714391,2025-03-01,Hawaiâ€™i,UC Davis,87,1,9:36,1776,1776,Akira Jacobs made Three Point Jumper. Assisted by Gytis Nemeiksa.,home,21,17,4,17,TRUE,FALSE,0.7282640083558696,0.6163246894878874,4,4,3.5,132.5,Chris Hudson/Chance Wallesen/Jacob Hirz,"Honolulu, HI",Stan Sheriff Center,NA,5088,42.75,23,Hawaiâ€™i,made,Akira Jacobs,Gytis Nemeiksa,TRUE,FALSE,Hawaiâ€™i,UC Davis,FALSE
401714391,2025-03-01,Hawaiâ€™i,UC Davis,88,1,9:20,1760,1760,Foul on Marcus Greene.,home,21,17,4,16,FALSE,TRUE,0.7286261083096063,0.6171508766093694,4,4,3.5,132.5,Chris Hudson/Chance Wallesen/Jacob Hirz,"Honolulu, HI",Stan Sheriff Center,NA,5088,NA,NA,NA,NA,NA,NA,NA,NA,UC Davis,UC Davis,FALSE
401714391,2025-03-01,Hawaiâ€™i,UC Davis,89,1,9:20,1760,1760,Leo DeBruhl made Free Throw.,away,21,18,3,0,TRUE,FALSE,0.7043908066822647,0.5885814882246803,4,4,3.5,132.5,Chris Hudson/Chance Wallesen/Jacob Hirz,"Honolulu, HI",Stan Sheriff Center,NA,5088,28,0,UC Davis,made,Leo DeBruhl,NA,FALSE,TRUE,UC Davis,UC Davis,FALSE
401714391,2025-03-01,Hawaiâ€™i,UC Davis,90,1,9:20,1760,1760,Marcus Greene subbing out for Hawai'i,home,21,18,3,0,FALSE,FALSE,0.7043908066822647,0.5885814882246803,4,4,3.5,132.5,Chris Hudson/Chance Wallesen/Jacob Hirz,"Honolulu, HI",Stan Sheriff Center,NA,5088,NA,NA,NA,NA,NA,NA,NA,NA,UC Davis,UC Davis,FALSE
401714391,2025-03-01,Hawaiâ€™i,UC Davis,91,1,9:20,1760,1760,Gytis Nemeiksa subbing out for Hawai'i,home,21,18,3,0,FALSE,FALSE,0.7043908066822647,0.5885814882246803,4,4,3.5,132.5,Chris Hudson/Chance Wallesen/Jacob Hirz,"Honolulu, HI",Stan Sheriff Center,NA,5088,NA,NA,NA,NA,NA,NA,NA,NA,UC Davis,UC Davis,FALSE
401714391,2025-03-01,Hawaiâ€™i,UC Davis,92,1,9:20,1760,1760,Akira Jacobs subbing out for Hawai'i,home,21,18,3,0,FALSE,FALSE,0.7043908066822647,0.5885814882246803,4,4,3.5,132.5,Chris Hudson/Chance Wallesen/Jacob Hirz,"Honolulu, HI",Stan Sheriff Center,NA,5088,NA,NA,NA,NA,NA,NA,NA,NA,UC Davis,UC Davis,FALSE
401714391,2025-03-01,Hawaiâ€™i,UC Davis,93,1,9:20,1760,1760,Harry Rouhliadeff subbing in for Hawai'i,home,21,18,3,0,FALSE,FALSE,0.7043908066822647,0.5885814882246803,4,4,3.5,132.5,Chris Hudson/Chance Wallesen/Jacob Hirz,"Honolulu, HI",Stan Sheriff Center,NA,5088,NA,NA,NA,NA,NA,NA,NA,NA,UC Davis,UC Davis,FALSE
401714391,2025-03-01,Hawaiâ€™i,UC Davis,94,1,9:20,1760,1760,Ryan Rapp subbing in for Hawai'i,home,21,18,3,0,FALSE,FALSE,0.7043908066822647,0.5885814882246803,4,4,3.5,132.5,Chris Hudson/Chance Wallesen/Jacob Hirz,"Honolulu, HI",Stan Sheriff Center,NA,5088,NA,NA,NA,NA,NA,NA,NA,NA,UC Davis,UC Davis,FALSE
401714391,2025-03-01,Hawaiâ€™i,UC Davis,95,1,9:20,1760,1760,Aaron Hunkin-Claytor subbing in for Hawai'i,home,21,18,3,0,FALSE,FALSE,0.7043908066822647,0.5885814882246803,4,4,3.5,132.5,Chris Hudson/Chance Wallesen/Jacob Hirz,"Honolulu, HI",Stan Sheriff Center,NA,5088,NA,NA,NA,NA,NA,NA,NA,NA,UC Davis,UC Davis,FALSE
401714391,2025-03-01,Hawaiâ€™i,UC Davis,96,1,9:20,1760,1760,TY Johnson subbing out for UC Davis,away,21,18,3,0,FALSE,FALSE,0.7043908066822647,0.5885814882246803,4,4,3.5,132.5,Chris Hudson/Chance Wallesen/Jacob Hirz,"Honolulu, HI",Stan Sheriff Center,NA,5088,NA,NA,NA,NA,NA,NA,NA,NA,UC Davis,UC Davis,FALSE
401714391,2025-03-01,Hawaiâ€™i,UC Davis,97,1,9:20,1760,1760,Nils Cooper subbing out for UC Davis,away,21,18,3,0,FALSE,FALSE,0.7043908066822647,0.5885814882246803,4,4,3.5,132.5,Chris Hudson/Chance Wallesen/Jacob Hirz,"Honolulu, HI",Stan Sheriff Center,NA,5088,NA,NA,NA,NA,NA,NA,NA,NA,UC Davis,UC Davis,FALSE
401714391,2025-03-01,Hawaiâ€™i,UC Davis,98,1,9:20,1760,1760,Jamaal Unuakhalu subbing out for UC Davis,away,21,18,3,0,FALSE,FALSE,0.7043908066822647,0.5885814882246803,4,4,3.5,132.5,Chris Hudson/Chance Wallesen/Jacob Hirz,"Honolulu, HI",Stan Sheriff Center,NA,5088,NA,NA,NA,NA,NA,NA,NA,NA,UC Davis,UC Davis,FALSE
401714391,2025-03-01,Hawaiâ€™i,UC Davis,99,1,9:20,1760,1760,Connor Sevilla subbing in for UC Davis,away,21,18,3,0,FALSE,FALSE,0.7043908066822647,0.5885814882246803,4,4,3.5,132.5,Chris Hudson/Chance Wallesen/Jacob Hirz,"Honolulu, HI",Stan Sheriff Center,NA,5088,NA,NA,NA,NA,NA,NA,NA,NA,UC Davis,UC Davis,FALSE
401714391,2025-03-01,Hawaiâ€™i,UC Davis,100,1,9:20,1760,1760,Niko Rocak subbing in for UC Davis,away,21,18,3,0,FALSE,FALSE,0.7043908066822647,0.5885814882246803,4,4,3.5,132.5,Chris Hudson/Chance Wallesen/Jacob Hirz,"Honolulu, HI",Stan Sheriff Center,NA,5088,NA,NA,NA,NA,NA,NA,NA,NA,UC Davis,UC Davis,FALSE
401714391,2025-03-01,Hawaiâ€™i,UC Davis,101,1,9:20,1760,1760,Pablo Tamba subbing in for UC Davis,away,21,18,3,0,FALSE,FALSE,0.7043908066822647,0.5885814882246803,4,4,3.5,132.5,Chris Hudson/Chance Wallesen/Jacob Hirz,"Honolulu, HI",Stan Sheriff Center,NA,5088,NA,NA,NA,NA,NA,NA,NA,NA,UC Davis,UC Davis,FALSE
401714391,2025-03-01,Hawaiâ€™i,UC Davis,102,1,9:20,1760,1760,Leo DeBruhl made Free Throw.,away,21,19,2,0,TRUE,FALSE,0.6789448308844133,0.5594022004905673,4,4,3.5,132.5,Chris Hudson/Chance Wallesen/Jacob Hirz,"Honolulu, HI",Stan Sheriff Center,NA,5088,28,0,UC Davis,made,Leo DeBruhl,NA,FALSE,TRUE,UC Davis,Hawaiâ€™i,FALSE
401714391,2025-03-01,Hawaiâ€™i,UC Davis,103,1,8:50,1730,1730,Ryan Rapp missed Three Point Jumper.,home,21,19,2,30,FALSE,FALSE,0.6789833584638183,0.5602246319229215,4,4,3.5,132.5,Chris Hudson/Chance Wallesen/Jacob Hirz,"Honolulu, HI",Stan Sheriff Center,NA,5088,20.75,-14,Hawaiâ€™i,missed,Ryan Rapp,NA,TRUE,FALSE,Hawaiâ€™i,UC Davis,FALSE
401714391,2025-03-01,Hawaiâ€™i,UC Davis,104,1,8:44,1724,1724,Carl Daughtery Jr. Defensive Rebound.,away,21,19,2,6,FALSE,FALSE,0.6789921459958933,0.560391705280329,4,4,3.5,132.5,Chris Hudson/Chance Wallesen/Jacob Hirz,"Honolulu, HI",Stan Sheriff Center,NA,5088,NA,NA,NA,NA,NA,NA,NA,NA,Hawaiâ€™i,UC Davis,FALSE
401714391,2025-03-01,Hawaiâ€™i,UC Davis,105,1,8:23,1703,1703,Pablo Tamba missed Layup.,away,21,19,2,21,FALSE,FALSE,0.6790267597758141,0.5609840737456567,4,4,3.5,132.5,Chris Hudson/Chance Wallesen/Jacob Hirz,"Honolulu, HI",Stan Sheriff Center,NA,5088,-40.75,4,UC Davis,missed,Pablo Tamba,NA,FALSE,FALSE,UC Davis,Hawaiâ€™i,FALSE
401714391,2025-03-01,Hawaiâ€™i,UC Davis,106,1,8:21,1701,1701,Tom Beattie Defensive Rebound.,home,21,19,2,2,FALSE,FALSE,0.6790304112478022,0.5610411411579501,4,4,3.5,132.5,Chris Hudson/Chance Wallesen/Jacob Hirz,"Honolulu, HI",Stan Sheriff Center,NA,5088,NA,NA,NA,NA,NA,NA,NA,NA,UC Davis,Hawaiâ€™i,FALSE
401714391,2025-03-01,Hawaiâ€™i,UC Davis,107,1,8:19,1699,1699,Foul on Tanner Christensen.,home,21,19,2,2,FALSE,TRUE,0.6790341307374056,0.5610983269221665,4,4,3.5,132.5,Chris Hudson/Chance Wallesen/Jacob Hirz,"Honolulu, HI",Stan Sheriff Center,NA,5088,NA,NA,NA,NA,NA,NA,NA,NA,Hawaiâ€™i,UC Davis,FALSE
401714391,2025-03-01,Hawaiâ€™i,UC Davis,108,1,8:19,1699,1699,Tanner Christensen Turnover.,home,21,19,2,0,FALSE,FALSE,0.6790341307374056,0.5610983269221665,4,4,3.5,132.5,Chris Hudson/Chance Wallesen/Jacob Hirz,"Honolulu, HI",Stan Sheriff Center,NA,5088,NA,NA,NA,NA,NA,NA,NA,NA,UC Davis,UC Davis,FALSE
401714391,2025-03-01,Hawaiâ€™i,UC Davis,109,1,8:19,1699,1699,Tanner Christensen subbing out for Hawai'i,home,21,19,2,0,FALSE,FALSE,0.6790341307374056,0.5610983269221665,4,4,3.5,132.5,Chris Hudson/Chance Wallesen/Jacob Hirz,"Honolulu, HI",Stan Sheriff Center,NA,5088,NA,NA,NA,NA,NA,NA,NA,NA,UC Davis,UC Davis,FALSE
401714391,2025-03-01,Hawaiâ€™i,UC Davis,110,1,8:19,1699,1699,Gytis Nemeiksa subbing in for Hawai'i,home,21,19,2,0,FALSE,FALSE,0.6790341307374056,0.5610983269221665,4,4,3.5,132.5,Chris Hudson/Chance Wallesen/Jacob Hirz,"Honolulu, HI",Stan Sheriff Center,NA,5088,NA,NA,NA,NA,NA,NA,NA,NA,UC Davis,UC Davis,FALSE
401714391,2025-03-01,Hawaiâ€™i,UC Davis,111,1,8:06,1686,1686,Carl Daughtery Jr. missed Jumper.,away,21,19,2,13,FALSE,FALSE,0.6790592724326054,0.5614723764621422,4,4,3.5,132.5,Chris Hudson/Chance Wallesen/Jacob Hirz,"Honolulu, HI",Stan Sheriff Center,NA,5088,-21.75,-1,UC Davis,missed,Carl Daughtery Jr.,NA,FALSE,FALSE,UC Davis,Hawaiâ€™i,FALSE
401714391,2025-03-01,Hawaiâ€™i,UC Davis,112,1,8:03,1683,1683,Aaron Hunkin-Claytor Defensive Rebound.,home,21,19,2,3,FALSE,FALSE,0.6790640874190905,0.56155830985955,4,4,3.5,132.5,Chris Hudson/Chance Wallesen/Jacob Hirz,"Honolulu, HI",Stan Sheriff Center,NA,5088,NA,NA,NA,NA,NA,NA,NA,NA,UC Davis,Hawaiâ€™i,FALSE
401714391,2025-03-01,Hawaiâ€™i,UC Davis,113,1,7:54,1674,1674,Ryan Rapp Turnover.,home,21,19,2,9,FALSE,FALSE,0.6790744819796171,0.5618138040590009,4,4,3.5,132.5,Chris Hudson/Chance Wallesen/Jacob Hirz,"Honolulu, HI",Stan Sheriff Center,NA,5088,NA,NA,NA,NA,NA,NA,NA,NA,Hawaiâ€™i,UC Davis,FALSE
401714391,2025-03-01,Hawaiâ€™i,UC Davis,114,1,7:54,1674,1674,Carl Daughtery Jr. Steal.,away,21,19,2,0,FALSE,FALSE,0.6790744819796171,0.5618138040590009,4,4,3.5,132.5,Chris Hudson/Chance Wallesen/Jacob Hirz,"Honolulu, HI",Stan Sheriff Center,NA,5088,NA,NA,NA,NA,NA,NA,NA,NA,Hawaiâ€™i,UC Davis,FALSE
401714391,2025-03-01,Hawaiâ€™i,UC Davis,115,1,7:44,1664,1664,Pablo Tamba made Layup. Assisted by Leo DeBruhl.,away,21,21,0,10,TRUE,FALSE,0.6224309905736083,0.5,4,4,3.5,132.5,Chris Hudson/Chance Wallesen/Jacob Hirz,"Honolulu, HI",Stan Sheriff Center,NA,5088,-39.75,-4,UC Davis,made,Pablo Tamba,Leo DeBruhl,FALSE,FALSE,UC Davis,Hawaiâ€™i,FALSE
401714391,2025-03-01,Hawaiâ€™i,UC Davis,116,1,7:30,1650,1650,Harry Rouhliadeff made Free Throw.,home,22,21,1,14,TRUE,FALSE,0.6511071887543337,0.5313633186529685,4,4,3.5,132.5,Chris Hudson/Chance Wallesen/Jacob Hirz,"Honolulu, HI",Stan Sheriff Center,NA,5088,-28,-0,Hawaiâ€™i,made,Harry Rouhliadeff,NA,FALSE,TRUE,Hawaiâ€™i,Hawaiâ€™i,FALSE
401714391,2025-03-01,Hawaiâ€™i,UC Davis,117,1,7:30,1650,1650,Harry Rouhliadeff made Free Throw.,home,23,21,2,0,TRUE,FALSE,0.6790757871144395,0.5624807984178459,4,4,3.5,132.5,Chris Hudson/Chance Wallesen/Jacob Hirz,"Honolulu, HI",Stan Sheriff Center,NA,5088,-28,-0,Hawaiâ€™i,made,Harry Rouhliadeff,NA,FALSE,TRUE,Hawaiâ€™i,Hawaiâ€™i,FALSE
401714391,2025-03-01,Hawaiâ€™i,UC Davis,118,1,7:30,1650,1650,Foul on Leo DeBruhl.,away,21,21,0,0,FALSE,TRUE,0.6220577047856221,0.5,4,4,3.5,132.5,Chris Hudson/Chance Wallesen/Jacob Hirz,"Honolulu, HI",Stan Sheriff Center,NA,5088,NA,NA,NA,NA,NA,NA,NA,NA,Hawaiâ€™i,Hawaiâ€™i,TRUE
401714391,2025-03-01,Hawaiâ€™i,UC Davis,119,1,7:30,1650,1650,Official TV Timeout,NA,21,21,0,0,FALSE,FALSE,0.6220577047856221,0.5,4,4,3.5,132.5,Chris Hudson/Chance Wallesen/Jacob Hirz,"Honolulu, HI",Stan Sheriff Center,NA,5088,NA,NA,NA,NA,NA,NA,NA,NA,Hawaiâ€™i,Hawaiâ€™i,FALSE
401714391,2025-03-01,Hawaiâ€™i,UC Davis,120,1,7:30,1650,1650,Carl Daughtery Jr. subbing out for UC Davis,away,21,21,0,0,FALSE,FALSE,0.6220577047856221,0.5,4,4,3.5,132.5,Chris Hudson/Chance Wallesen/Jacob Hirz,"Honolulu, HI",Stan Sheriff Center,NA,5088,NA,NA,NA,NA,NA,NA,NA,NA,Hawaiâ€™i,Hawaiâ€™i,FALSE
401714391,2025-03-01,Hawaiâ€™i,UC Davis,121,1,7:30,1650,1650,TY Johnson subbing in for UC Davis,away,21,21,0,0,FALSE,FALSE,0.6220577047856221,0.5,4,4,3.5,132.5,Chris Hudson/Chance Wallesen/Jacob Hirz,"Honolulu, HI",Stan Sheriff Center,NA,5088,NA,NA,NA,NA,NA,NA,NA,NA,Hawaiâ€™i,UC Davis,FALSE
401714391,2025-03-01,Hawaiâ€™i,UC Davis,122,1,7:08,1628,1628,TY Johnson Turnover.,away,23,21,2,22,FALSE,FALSE,0.6790496509527891,0.5630789539336988,4,4,3.5,132.5,Chris Hudson/Chance Wallesen/Jacob Hirz,"Honolulu, HI",Stan Sheriff Center,NA,5088,NA,NA,NA,NA,NA,NA,NA,NA,UC Davis,Hawaiâ€™i,TRUE
401714391,2025-03-01,Hawaiâ€™i,UC Davis,123,1,7:08,1628,1628,Ryan Rapp Steal.,home,23,21,2,0,FALSE,FALSE,0.6790496509527891,0.5630789539336988,4,4,3.5,132.5,Chris Hudson/Chance Wallesen/Jacob Hirz,"Honolulu, HI",Stan Sheriff Center,NA,5088,NA,NA,NA,NA,NA,NA,NA,NA,UC Davis,Hawaiâ€™i,FALSE
401714391,2025-03-01,Hawaiâ€™i,UC Davis,124,1,6:51,1611,1611,Leo DeBruhl subbing out for UC Davis,away,23,21,2,17,FALSE,FALSE,0.6790163633267863,0.5635362635931498,4,4,3.5,132.5,Chris Hudson/Chance Wallesen/Jacob Hirz,"Honolulu, HI",Stan Sheriff Center,NA,5088,NA,NA,NA,NA,NA,NA,NA,NA,Hawaiâ€™i,Hawaiâ€™i,FALSE
401714391,2025-03-01,Hawaiâ€™i,UC Davis,125,1,6:51,1611,1611,Nils Cooper subbing in for UC Davis,away,23,21,2,0,FALSE,FALSE,0.6790163633267863,0.5635362635931498,4,4,3.5,132.5,Chris Hudson/Chance Wallesen/Jacob Hirz,"Honolulu, HI",Stan Sheriff Center,NA,5088,NA,NA,NA,NA,NA,NA,NA,NA,Hawaiâ€™i,Hawaiâ€™i,FALSE
401714391,2025-03-01,Hawaiâ€™i,UC Davis,126,1,6:45,1605,1605,Aaron Hunkin-Claytor made Free Throw.,home,25,21,4,6,TRUE,FALSE,0.7321136081876596,0.6253599091356277,4,4,3.5,132.5,Chris Hudson/Chance Wallesen/Jacob Hirz,"Honolulu, HI",Stan Sheriff Center,NA,5088,-28,-0,Hawaiâ€™i,made,Aaron Hunkin-Claytor,NA,FALSE,TRUE,Hawaiâ€™i,Hawaiâ€™i,FALSE
401714391,2025-03-01,Hawaiâ€™i,UC Davis,127,1,6:45,1605,1605,Foul on TY Johnson.,away,23,21,2,0,FALSE,TRUE,0.6790026056605196,0.563697208710627,4,4,3.5,132.5,Chris Hudson/Chance Wallesen/Jacob Hirz,"Honolulu, HI",Stan Sheriff Center,NA,5088,NA,NA,NA,NA,NA,NA,NA,NA,Hawaiâ€™i,Hawaiâ€™i,TRUE
401714391,2025-03-01,Hawaiâ€™i,UC Davis,128,1,6:45,1605,1605,Aaron Hunkin-Claytor made Free Throw.,home,24,21,3,0,TRUE,FALSE,0.7062587392308899,0.5949028375599694,4,4,3.5,132.5,Chris Hudson/Chance Wallesen/Jacob Hirz,"Honolulu, HI",Stan Sheriff Center,NA,5088,-28,-0,Hawaiâ€™i,made,Aaron Hunkin-Claytor,NA,FALSE,TRUE,Hawaiâ€™i,UC Davis,FALSE
401714391,2025-03-01,Hawaiâ€™i,UC Davis,129,1,6:23,1583,1583,TY Johnson missed Three Point Jumper.,away,25,21,4,22,FALSE,FALSE,0.7325338470504322,0.6264845984717282,4,4,3.5,132.5,Chris Hudson/Chance Wallesen/Jacob Hirz,"Honolulu, HI",Stan Sheriff Center,NA,5088,-16.75,-11,UC Davis,missed,TY Johnson,NA,TRUE,FALSE,UC Davis,Hawaiâ€™i,TRUE
401714391,2025-03-01,Hawaiâ€™i,UC Davis,130,1,6:19,1579,1579,Gytis Nemeiksa Defensive Rebound.,home,25,21,4,4,FALSE,FALSE,0.7326099957102312,0.6266896982710872,4,4,3.5,132.5,Chris Hudson/Chance Wallesen/Jacob Hirz,"Honolulu, HI",Stan Sheriff Center,NA,5088,NA,NA,NA,NA,NA,NA,NA,NA,UC Davis,Hawaiâ€™i,FALSE
401714391,2025-03-01,Hawaiâ€™i,UC Davis,131,1,6:01,1561,1561,Tom Beattie missed Three Point Jumper.,home,25,21,4,18,FALSE,FALSE,0.732954740585494,0.6276179572889758,4,4,3.5,132.5,Chris Hudson/Chance Wallesen/Jacob Hirz,"Honolulu, HI",Stan Sheriff Center,NA,5088,25.75,-18,Hawaiâ€™i,missed,Tom Beattie,NA,TRUE,FALSE,Hawaiâ€™i,UC Davis,FALSE
401714391,2025-03-01,Hawaiâ€™i,UC Davis,132,1,5:58,1558,1558,Nils Cooper Defensive Rebound.,away,25,21,4,3,FALSE,FALSE,0.7330128043167188,0.6277737808975986,4,4,3.5,132.5,Chris Hudson/Chance Wallesen/Jacob Hirz,"Honolulu, HI",Stan Sheriff Center,NA,5088,NA,NA,NA,NA,NA,NA,NA,NA,Hawaiâ€™i,UC Davis,FALSE
401714391,2025-03-01,Hawaiâ€™i,UC Davis,133,1,5:34,1534,1534,Niko Rocak missed Layup.,away,25,21,4,24,FALSE,FALSE,0.7334886479519355,0.6290367917721682,4,4,3.5,132.5,Chris Hudson/Chance Wallesen/Jacob Hirz,"Honolulu, HI",Stan Sheriff Center,NA,5088,-39.75,-3,UC Davis,missed,Niko Rocak,NA,FALSE,FALSE,UC Davis,Hawaiâ€™i,FALSE
401714391,2025-03-01,Hawaiâ€™i,UC Davis,134,1,5:32,1532,1532,Harry Rouhliadeff Defensive Rebound.,home,25,21,4,2,FALSE,FALSE,0.7335294741266707,0.6291436165699875,4,4,3.5,132.5,Chris Hudson/Chance Wallesen/Jacob Hirz,"Honolulu, HI",Stan Sheriff Center,NA,5088,NA,NA,NA,NA,NA,NA,NA,NA,UC Davis,Hawaiâ€™i,FALSE
401714391,2025-03-01,Hawaiâ€™i,UC Davis,135,1,5:18,1518,1518,Gytis Nemeiksa subbing out for Hawai'i,home,25,21,4,14,FALSE,FALSE,0.7338218676580099,0.6298996873043567,4,4,3.5,132.5,Chris Hudson/Chance Wallesen/Jacob Hirz,"Honolulu, HI",Stan Sheriff Center,NA,5088,NA,NA,NA,NA,NA,NA,NA,NA,Hawaiâ€™i,Hawaiâ€™i,FALSE
401714391,2025-03-01,Hawaiâ€™i,UC Davis,136,1,5:18,1518,1518,Harry Rouhliadeff subbing out for Hawai'i,home,25,21,4,0,FALSE,FALSE,0.7338218676580099,0.6298996873043567,4,4,3.5,132.5,Chris Hudson/Chance Wallesen/Jacob Hirz,"Honolulu, HI",Stan Sheriff Center,NA,5088,NA,NA,NA,NA,NA,NA,NA,NA,Hawaiâ€™i,Hawaiâ€™i,FALSE
401714391,2025-03-01,Hawaiâ€™i,UC Davis,137,1,5:18,1518,1518,Tanner Christensen subbing in for Hawai'i,home,25,21,4,0,FALSE,FALSE,0.7338218676580099,0.6298996873043567,4,4,3.5,132.5,Chris Hudson/Chance Wallesen/Jacob Hirz,"Honolulu, HI",Stan Sheriff Center,NA,5088,NA,NA,NA,NA,NA,NA,NA,NA,Hawaiâ€™i,Hawaiâ€™i,FALSE
401714391,2025-03-01,Hawaiâ€™i,UC Davis,138,1,5:18,1518,1518,Akira Jacobs subbing in for Hawai'i,home,25,21,4,0,FALSE,FALSE,0.7338218676580099,0.6298996873043567,4,4,3.5,132.5,Chris Hudson/Chance Wallesen/Jacob Hirz,"Honolulu, HI",Stan Sheriff Center,NA,5088,NA,NA,NA,NA,NA,NA,NA,NA,Hawaiâ€™i,Hawaiâ€™i,FALSE
401714391,2025-03-01,Hawaiâ€™i,UC Davis,139,1,5:13,1513,1513,Aaron Hunkin-Claytor made Jumper.,home,27,21,6,5,TRUE,FALSE,0.7826424271515923,0.6898551585838371,4,4,3.5,132.5,Chris Hudson/Chance Wallesen/Jacob Hirz,"Honolulu, HI",Stan Sheriff Center,NA,5088,35.75,-3,Hawaiâ€™i,made,Aaron Hunkin-Claytor,NA,FALSE,FALSE,Hawaiâ€™i,UC Davis,FALSE
401714391,2025-03-01,Hawaiâ€™i,UC Davis,140,1,5:13,1513,1513,Foul on Niko Rocak.,away,27,21,6,0,FALSE,TRUE,0.7826424271515923,0.6898551585838371,4,4,3.5,132.5,Chris Hudson/Chance Wallesen/Jacob Hirz,"Honolulu, HI",Stan Sheriff Center,NA,5088,NA,NA,NA,NA,NA,NA,NA,NA,Hawaiâ€™i,UC Davis,FALSE
401714391,2025-03-01,Hawaiâ€™i,UC Davis,141,1,5:13,1513,1513,Aaron Hunkin-Claytor made Free Throw.,home,28,21,7,0,TRUE,FALSE,0.8044546852145055,0.7176192129173663,4,4,3.5,132.5,Chris Hudson/Chance Wallesen/Jacob Hirz,"Honolulu, HI",Stan Sheriff Center,NA,5088,-28,-0,Hawaiâ€™i,made,Aaron Hunkin-Claytor,NA,FALSE,TRUE,Hawaiâ€™i,UC Davis,FALSE
401714391,2025-03-01,Hawaiâ€™i,UC Davis,142,1,4:54,1494,1494,Pablo Tamba made Layup.,away,28,23,5,19,TRUE,FALSE,0.759733523925252,0.661928977915292,4,4,3.5,132.5,Chris Hudson/Chance Wallesen/Jacob Hirz,"Honolulu, HI",Stan Sheriff Center,NA,5088,-39.75,-2,UC Davis,made,Pablo Tamba,NA,FALSE,FALSE,UC Davis,Hawaiâ€™i,FALSE
401714391,2025-03-01,Hawaiâ€™i,UC Davis,143,1,4:36,1476,1476,Tanner Christensen made Layup. Assisted by Ryan Rapp.,home,30,23,7,18,TRUE,FALSE,0.8062108986132153,0.7208140880702066,4,4,3.5,132.5,Chris Hudson/Chance Wallesen/Jacob Hirz,"Honolulu, HI",Stan Sheriff Center,NA,5088,40.75,-3,Hawaiâ€™i,made,Tanner Christensen,Ryan Rapp,FALSE,FALSE,Hawaiâ€™i,UC Davis,FALSE
401714391,2025-03-01,Hawaiâ€™i,UC Davis,144,1,4:14,1454,1454,Niko Rocak made Layup. Assisted by Pablo Tamba.,away,30,25,5,22,TRUE,FALSE,0.7611506142460087,0.6647776563129599,4,4,3.5,132.5,Chris Hudson/Chance Wallesen/Jacob Hirz,"Honolulu, HI",Stan Sheriff Center,NA,5088,-40.75,2,UC Davis,made,Niko Rocak,Pablo Tamba,FALSE,FALSE,UC Davis,Hawaiâ€™i,FALSE
401714391,2025-03-01,Hawaiâ€™i,UC Davis,145,1,3:56,1436,1436,Akira Jacobs made Layup.,home,32,25,7,18,TRUE,FALSE,0.8083016361832781,0.7245028845508951,4,4,3.5,132.5,Chris Hudson/Chance Wallesen/Jacob Hirz,"Honolulu, HI",Stan Sheriff Center,NA,5088,39.75,2,Hawaiâ€™i,made,Akira Jacobs,NA,FALSE,FALSE,Hawaiâ€™i,UC Davis,FALSE
401714391,2025-03-01,Hawaiâ€™i,UC Davis,146,1,3:56,1436,1436,Foul on Niko Rocak.,away,32,25,7,0,FALSE,TRUE,0.8083016361832781,0.7245028845508951,4,4,3.5,132.5,Chris Hudson/Chance Wallesen/Jacob Hirz,"Honolulu, HI",Stan Sheriff Center,NA,5088,NA,NA,NA,NA,NA,NA,NA,NA,Hawaiâ€™i,UC Davis,FALSE
401714391,2025-03-01,Hawaiâ€™i,UC Davis,147,1,3:56,1436,1436,Official TV Timeout,NA,32,25,7,0,FALSE,FALSE,0.8083016361832781,0.7245028845508951,4,4,3.5,132.5,Chris Hudson/Chance Wallesen/Jacob Hirz,"Honolulu, HI",Stan Sheriff Center,NA,5088,NA,NA,NA,NA,NA,NA,NA,NA,Hawaiâ€™i,UC Davis,FALSE
401714391,2025-03-01,Hawaiâ€™i,UC Davis,148,1,3:56,1436,1436,Connor Sevilla subbing out for UC Davis,away,32,25,7,0,FALSE,FALSE,0.8083016361832781,0.7245028845508951,4,4,3.5,132.5,Chris Hudson/Chance Wallesen/Jacob Hirz,"Honolulu, HI",Stan Sheriff Center,NA,5088,NA,NA,NA,NA,NA,NA,NA,NA,Hawaiâ€™i,UC Davis,FALSE
401714391,2025-03-01,Hawaiâ€™i,UC Davis,149,1,3:56,1436,1436,Niko Rocak subbing out for UC Davis,away,32,25,7,0,FALSE,FALSE,0.8083016361832781,0.7245028845508951,4,4,3.5,132.5,Chris Hudson/Chance Wallesen/Jacob Hirz,"Honolulu, HI",Stan Sheriff Center,NA,5088,NA,NA,NA,NA,NA,NA,NA,NA,Hawaiâ€™i,UC Davis,FALSE
401714391,2025-03-01,Hawaiâ€™i,UC Davis,150,1,3:56,1436,1436,Carl Daughtery Jr. subbing in for UC Davis,away,32,25,7,0,FALSE,FALSE,0.8083016361832781,0.7245028845508951,4,4,3.5,132.5,Chris Hudson/Chance Wallesen/Jacob Hirz,"Honolulu, HI",Stan Sheriff Center,NA,5088,NA,NA,NA,NA,NA,NA,NA,NA,Hawaiâ€™i,UC Davis,FALSE
401714391,2025-03-01,Hawaiâ€™i,UC Davis,151,1,3:56,1436,1436,Jamaal Unuakhalu subbing in for UC Davis,away,32,25,7,0,FALSE,FALSE,0.8083016361832781,0.7245028845508951,4,4,3.5,132.5,Chris Hudson/Chance Wallesen/Jacob Hirz,"Honolulu, HI",Stan Sheriff Center,NA,5088,NA,NA,NA,NA,NA,NA,NA,NA,Hawaiâ€™i,UC Davis,FALSE
401714391,2025-03-01,Hawaiâ€™i,UC Davis,152,1,3:56,1436,1436,Akira Jacobs made Free Throw.,home,33,25,8,0,TRUE,FALSE,0.828799372292032,0.751202955920377,4,4,3.5,132.5,Chris Hudson/Chance Wallesen/Jacob Hirz,"Honolulu, HI",Stan Sheriff Center,NA,5088,-28,-0,Hawaiâ€™i,made,Akira Jacobs,NA,FALSE,TRUE,Hawaiâ€™i,UC Davis,FALSE
401714391,2025-03-01,Hawaiâ€™i,UC Davis,153,1,3:39,1419,1419,TY Johnson missed Jumper.,away,33,25,8,17,FALSE,FALSE,0.8297361368028658,0.7528366575407274,4,4,3.5,132.5,Chris Hudson/Chance Wallesen/Jacob Hirz,"Honolulu, HI",Stan Sheriff Center,NA,5088,-20.75,-2,UC Davis,missed,TY Johnson,NA,FALSE,FALSE,UC Davis,Hawaiâ€™i,FALSE
401714391,2025-03-01,Hawaiâ€™i,UC Davis,154,1,3:34,1414,1414,Aaron Hunkin-Claytor Defensive Rebound.,home,33,25,8,5,FALSE,FALSE,0.830003574792776,0.7533072291006062,4,4,3.5,132.5,Chris Hudson/Chance Wallesen/Jacob Hirz,"Honolulu, HI",Stan Sheriff Center,NA,5088,NA,NA,NA,NA,NA,NA,NA,NA,UC Davis,Hawaiâ€™i,FALSE
401714391,2025-03-01,Hawaiâ€™i,UC Davis,155,1,3:20,1400,1400,Ryan Rapp missed Jumper.,home,33,25,8,14,FALSE,FALSE,0.8307367086215524,0.7546056587538833,4,4,3.5,132.5,Chris Hudson/Chance Wallesen/Jacob Hirz,"Honolulu, HI",Stan Sheriff Center,NA,5088,36.75,-6,Hawaiâ€™i,missed,Ryan Rapp,NA,FALSE,FALSE,Hawaiâ€™i,UC Davis,FALSE
401714391,2025-03-01,Hawaiâ€™i,UC Davis,156,1,3:17,1397,1397,Carl Daughtery Jr. Defensive Rebound.,away,33,25,8,3,FALSE,FALSE,0.8308912464174201,0.7548807794534951,4,4,3.5,132.5,Chris Hudson/Chance Wallesen/Jacob Hirz,"Honolulu, HI",Stan Sheriff Center,NA,5088,NA,NA,NA,NA,NA,NA,NA,NA,Hawaiâ€™i,UC Davis,FALSE
401714391,2025-03-01,Hawaiâ€™i,UC Davis,157,1,2:54,1374,1374,TY Johnson missed Jumper.,away,33,25,8,23,FALSE,FALSE,0.832055403256227,0.7569653555888275,4,4,3.5,132.5,Chris Hudson/Chance Wallesen/Jacob Hirz,"Honolulu, HI",Stan Sheriff Center,NA,5088,-23.75,-7,UC Davis,missed,TY Johnson,NA,FALSE,FALSE,UC Davis,Hawaiâ€™i,FALSE
401714391,2025-03-01,Hawaiâ€™i,UC Davis,158,1,2:51,1371,1371,Akira Jacobs Defensive Rebound.,home,33,25,8,3,FALSE,FALSE,0.8322054393089822,0.7572351444279009,4,4,3.5,132.5,Chris Hudson/Chance Wallesen/Jacob Hirz,"Honolulu, HI",Stan Sheriff Center,NA,5088,NA,NA,NA,NA,NA,NA,NA,NA,UC Davis,Hawaiâ€™i,FALSE
401714391,2025-03-01,Hawaiâ€™i,UC Davis,159,1,2:36,1356,1356,Tom Beattie made Layup.,home,35,25,10,15,TRUE,FALSE,0.8690900304643616,0.8070807800303098,4,4,3.5,132.5,Chris Hudson/Chance Wallesen/Jacob Hirz,"Honolulu, HI",Stan Sheriff Center,NA,5088,37.75,-2,Hawaiâ€™i,made,Tom Beattie,NA,FALSE,FALSE,Hawaiâ€™i,UC Davis,FALSE
401714391,2025-03-01,Hawaiâ€™i,UC Davis,160,1,2:35,1355,1355,UC Davis Timeout,away,35,25,10,1,FALSE,FALSE,0.8691447611456169,0.8071762400518262,3,4,3.5,132.5,Chris Hudson/Chance Wallesen/Jacob Hirz,"Honolulu, HI",Stan Sheriff Center,NA,5088,NA,NA,NA,NA,NA,NA,NA,NA,UC Davis,UC Davis,FALSE
401714391,2025-03-01,Hawaiâ€™i,UC Davis,161,1,2:12,1332,1332,Carl Daughtery Jr. missed Three Point Jumper.,away,35,25,10,23,FALSE,FALSE,0.8704101579758697,0.8093804728241251,3,4,3.5,132.5,Chris Hudson/Chance Wallesen/Jacob Hirz,"Honolulu, HI",Stan Sheriff Center,NA,5088,-20.75,15,UC Davis,missed,Carl Daughtery Jr.,NA,TRUE,FALSE,UC Davis,Hawaiâ€™i,FALSE
401714391,2025-03-01,Hawaiâ€™i,UC Davis,162,1,2:09,1329,1329,Akira Jacobs Defensive Rebound.,home,35,25,10,3,FALSE,FALSE,0.8705769315853279,0.8096702422147571,3,4,3.5,132.5,Chris Hudson/Chance Wallesen/Jacob Hirz,"Honolulu, HI",Stan Sheriff Center,NA,5088,NA,NA,NA,NA,NA,NA,NA,NA,UC Davis,Hawaiâ€™i,FALSE
401714391,2025-03-01,Hawaiâ€™i,UC Davis,163,1,2:02,1322,1322,Tom Beattie missed Layup.,home,35,25,10,7,FALSE,FALSE,0.8709684712580049,0.8103495228663606,3,4,3.5,132.5,Chris Hudson/Chance Wallesen/Jacob Hirz,"Honolulu, HI",Stan Sheriff Center,NA,5088,39.75,2,Hawaiâ€™i,missed,Tom Beattie,NA,FALSE,FALSE,Hawaiâ€™i,Hawaiâ€™i,FALSE
401714391,2025-03-01,Hawaiâ€™i,UC Davis,164,1,2:00,1320,1320,Tanner Christensen Offensive Rebound.,home,35,25,10,2,FALSE,FALSE,0.871081036157588,0.8105445170873644,3,4,3.5,132.5,Chris Hudson/Chance Wallesen/Jacob Hirz,"Honolulu, HI",Stan Sheriff Center,NA,5088,NA,NA,NA,NA,NA,NA,NA,NA,Hawaiâ€™i,UC Davis,FALSE
401714391,2025-03-01,Hawaiâ€™i,UC Davis,165,1,2:00,1320,1320,Foul on Carl Daughtery Jr..,away,35,25,10,0,FALSE,TRUE,0.871081036157588,0.8105445170873644,3,4,3.5,132.5,Chris Hudson/Chance Wallesen/Jacob Hirz,"Honolulu, HI",Stan Sheriff Center,NA,5088,NA,NA,NA,NA,NA,NA,NA,NA,Hawaiâ€™i,UC Davis,FALSE
401714391,2025-03-01,Hawaiâ€™i,UC Davis,166,1,2:00,1320,1320,Jamaal Unuakhalu subbing out for UC Davis,away,35,25,10,0,FALSE,FALSE,0.871081036157588,0.8105445170873644,3,4,3.5,132.5,Chris Hudson/Chance Wallesen/Jacob Hirz,"Honolulu, HI",Stan Sheriff Center,NA,5088,NA,NA,NA,NA,NA,NA,NA,NA,Hawaiâ€™i,UC Davis,FALSE
401714391,2025-03-01,Hawaiâ€™i,UC Davis,167,1,2:00,1320,1320,Connor Sevilla subbing in for UC Davis,away,35,25,10,0,FALSE,FALSE,0.871081036157588,0.8105445170873644,3,4,3.5,132.5,Chris Hudson/Chance Wallesen/Jacob Hirz,"Honolulu, HI",Stan Sheriff Center,NA,5088,NA,NA,NA,NA,NA,NA,NA,NA,Hawaiâ€™i,UC Davis,FALSE
401714391,2025-03-01,Hawaiâ€™i,UC Davis,168,1,2:00,1320,1320,Tanner Christensen missed Free Throw.,home,35,25,10,0,FALSE,FALSE,0.871081036157588,0.8105445170873644,3,4,3.5,132.5,Chris Hudson/Chance Wallesen/Jacob Hirz,"Honolulu, HI",Stan Sheriff Center,NA,5088,-28,-0,Hawaiâ€™i,missed,Tanner Christensen,NA,FALSE,TRUE,Hawaiâ€™i,UC Davis,FALSE
401714391,2025-03-01,Hawaiâ€™i,UC Davis,169,1,2:00,1320,1320,UC Davis Defensive Rebound.,away,35,25,10,0,FALSE,FALSE,0.871081036157588,0.8105445170873644,3,4,3.5,132.5,Chris Hudson/Chance Wallesen/Jacob Hirz,"Honolulu, HI",Stan Sheriff Center,NA,5088,NA,NA,NA,NA,NA,NA,NA,NA,Hawaiâ€™i,UC Davis,FALSE
401714391,2025-03-01,Hawaiâ€™i,UC Davis,170,1,1:39,1299,1299,TY Johnson made Layup.,away,35,27,8,21,TRUE,FALSE,0.835882100362499,0.7638163033308892,3,4,3.5,132.5,Chris Hudson/Chance Wallesen/Jacob Hirz,"Honolulu, HI",Stan Sheriff Center,NA,5088,-39.75,-1,UC Davis,made,TY Johnson,NA,FALSE,FALSE,UC Davis,Hawaiâ€™i,FALSE
401714391,2025-03-01,Hawaiâ€™i,UC Davis,171,1,1:28,1288,1288,Tanner Christensen Turnover.,home,35,27,8,11,FALSE,FALSE,0.8364856654249005,0.7648760981249679,3,4,3.5,132.5,Chris Hudson/Chance Wallesen/Jacob Hirz,"Honolulu, HI",Stan Sheriff Center,NA,5088,NA,NA,NA,NA,NA,NA,NA,NA,Hawaiâ€™i,UC Davis,FALSE
401714391,2025-03-01,Hawaiâ€™i,UC Davis,172,1,1:28,1288,1288,Pablo Tamba Steal.,away,35,27,8,0,FALSE,FALSE,0.8364856654249005,0.7648760981249679,3,4,3.5,132.5,Chris Hudson/Chance Wallesen/Jacob Hirz,"Honolulu, HI",Stan Sheriff Center,NA,5088,NA,NA,NA,NA,NA,NA,NA,NA,Hawaiâ€™i,UC Davis,FALSE
401714391,2025-03-01,Hawaiâ€™i,UC Davis,173,1,1:17,1277,1277,Connor Sevilla missed Three Point Jumper.,away,35,27,8,11,FALSE,FALSE,0.8371085132437837,0.7659605379833782,3,4,3.5,132.5,Chris Hudson/Chance Wallesen/Jacob Hirz,"Honolulu, HI",Stan Sheriff Center,NA,5088,-24.75,-17,UC Davis,missed,Connor Sevilla,NA,TRUE,FALSE,UC Davis,UC Davis,FALSE
401714391,2025-03-01,Hawaiâ€™i,UC Davis,174,1,1:12,1272,1272,Nils Cooper Offensive Rebound.,away,35,27,8,5,FALSE,FALSE,0.8373987540478586,0.7664625533857204,3,4,3.5,132.5,Chris Hudson/Chance Wallesen/Jacob Hirz,"Honolulu, HI",Stan Sheriff Center,NA,5088,NA,NA,NA,NA,NA,NA,NA,NA,UC Davis,UC Davis,FALSE
401714391,2025-03-01,Hawaiâ€™i,UC Davis,175,1,1:11,1271,1271,Carl Daughtery Jr. missed Layup.,away,35,27,8,1,FALSE,FALSE,0.8374573720535692,0.76656368205754,3,4,3.5,132.5,Chris Hudson/Chance Wallesen/Jacob Hirz,"Honolulu, HI",Stan Sheriff Center,NA,5088,-39.75,0,UC Davis,missed,Carl Daughtery Jr.,NA,FALSE,FALSE,UC Davis,Hawaiâ€™i,FALSE
401714391,2025-03-01,Hawaiâ€™i,UC Davis,176,1,1:09,1269,1269,Tanner Christensen Defensive Rebound.,home,35,27,8,2,FALSE,FALSE,0.8375751943710936,0.766766685534824,3,4,3.5,132.5,Chris Hudson/Chance Wallesen/Jacob Hirz,"Honolulu, HI",Stan Sheriff Center,NA,5088,NA,NA,NA,NA,NA,NA,NA,NA,UC Davis,Hawaiâ€™i,FALSE
401714391,2025-03-01,Hawaiâ€™i,UC Davis,177,1,0:59,1259,1259,Ryan Rapp missed Three Point Jumper.,home,35,27,8,10,FALSE,FALSE,0.8381765632572554,0.7677972883578148,3,4,3.5,132.5,Chris Hudson/Chance Wallesen/Jacob Hirz,"Honolulu, HI",Stan Sheriff Center,NA,5088,23.75,-18,Hawaiâ€™i,missed,Ryan Rapp,NA,TRUE,FALSE,Hawaiâ€™i,UC Davis,FALSE
401714391,2025-03-01,Hawaiâ€™i,UC Davis,178,1,0:56,1256,1256,Pablo Tamba Defensive Rebound.,away,35,27,8,3,FALSE,FALSE,0.83836115542755,0.7681117813469495,3,4,3.5,132.5,Chris Hudson/Chance Wallesen/Jacob Hirz,"Honolulu, HI",Stan Sheriff Center,NA,5088,NA,NA,NA,NA,NA,NA,NA,NA,Hawaiâ€™i,UC Davis,FALSE
401714391,2025-03-01,Hawaiâ€™i,UC Davis,179,1,0:48,1248,1248,Carl Daughtery Jr. made Layup.,away,35,29,6,8,TRUE,FALSE,0.793995425886888,0.7113294332882297,3,4,3.5,132.5,Chris Hudson/Chance Wallesen/Jacob Hirz,"Honolulu, HI",Stan Sheriff Center,NA,5088,-38.75,4,UC Davis,made,Carl Daughtery Jr.,NA,FALSE,FALSE,UC Davis,Hawaiâ€™i,FALSE
401714391,2025-03-01,Hawaiâ€™i,UC Davis,180,1,0:28,1228,1228,Ryan Rapp missed Jumper.,home,35,29,6,20,FALSE,FALSE,0.7950905181829034,0.7132537664171525,3,4,3.5,132.5,Chris Hudson/Chance Wallesen/Jacob Hirz,"Honolulu, HI",Stan Sheriff Center,NA,5088,37.75,6,Hawaiâ€™i,missed,Ryan Rapp,NA,FALSE,FALSE,Hawaiâ€™i,UC Davis,FALSE
401714391,2025-03-01,Hawaiâ€™i,UC Davis,181,1,0:25,1225,1225,Pablo Tamba Defensive Rebound.,away,35,29,6,3,FALSE,FALSE,0.7952635866242025,0.7135530905777284,3,4,3.5,132.5,Chris Hudson/Chance Wallesen/Jacob Hirz,"Honolulu, HI",Stan Sheriff Center,NA,5088,NA,NA,NA,NA,NA,NA,NA,NA,Hawaiâ€™i,UC Davis,FALSE
401714391,2025-03-01,Hawaiâ€™i,UC Davis,182,1,0:05,1205,1205,TY Johnson missed Three Point Jumper.,away,35,29,6,20,FALSE,FALSE,0.7964760877148193,0.7156192112395019,3,4,3.5,132.5,Chris Hudson/Chance Wallesen/Jacob Hirz,"Honolulu, HI",Stan Sheriff Center,NA,5088,-25.75,-20,UC Davis,missed,TY Johnson,NA,TRUE,FALSE,UC Davis,Hawaiâ€™i,FALSE
401714391,2025-03-01,Hawaiâ€™i,UC Davis,183,1,0:01,1201,1201,Ryan Rapp Defensive Rebound.,home,35,29,6,4,FALSE,FALSE,0.7967204784110014,0.7160339662966754,3,4,3.5,132.5,Chris Hudson/Chance Wallesen/Jacob Hirz,"Honolulu, HI",Stan Sheriff Center,NA,5088,NA,NA,NA,NA,NA,NA,NA,NA,UC Davis,Hawaiâ€™i,FALSE
401714391,2025-03-01,Hawaiâ€™i,UC Davis,184,1,0:00,1200,1200,End of 1st half,NA,35,29,6,1,FALSE,FALSE,0.7967811496894257,0.716137069237059,3,4,3.5,132.5,Chris Hudson/Chance Wallesen/Jacob Hirz,"Honolulu, HI",Stan Sheriff Center,NA,5088,NA,NA,NA,NA,NA,NA,NA,NA,Hawaiâ€™i,NA,FALSE
401714391,2025-03-01,Hawaiâ€™i,UC Davis,185,2,20:00,1200,1200,Akira Jacobs subbing out for Hawai'i,home,35,29,6,0,FALSE,FALSE,0.7967811496894257,0.716137069237059,4,4,3.5,132.5,Chris Hudson/Chance Wallesen/Jacob Hirz,"Honolulu, HI",Stan Sheriff Center,NA,5088,NA,NA,NA,NA,NA,NA,NA,NA,Hawaiâ€™i,Hawaiâ€™i,FALSE
401714391,2025-03-01,Hawaiâ€™i,UC Davis,186,2,20:00,1200,1200,Harry Rouhliadeff subbing in for Hawai'i,home,35,29,6,0,FALSE,FALSE,0.7967811496894257,0.716137069237059,4,4,3.5,132.5,Chris Hudson/Chance Wallesen/Jacob Hirz,"Honolulu, HI",Stan Sheriff Center,NA,5088,NA,NA,NA,NA,NA,NA,NA,NA,Hawaiâ€™i,Hawaiâ€™i,FALSE
401714391,2025-03-01,Hawaiâ€™i,UC Davis,187,2,20:00,1200,1200,Carl Daughtery Jr. subbing out for UC Davis,away,35,29,6,0,FALSE,FALSE,0.7967811496894257,0.716137069237059,4,4,3.5,132.5,Chris Hudson/Chance Wallesen/Jacob Hirz,"Honolulu, HI",Stan Sheriff Center,NA,5088,NA,NA,NA,NA,NA,NA,NA,NA,Hawaiâ€™i,Hawaiâ€™i,FALSE
401714391,2025-03-01,Hawaiâ€™i,UC Davis,188,2,20:00,1200,1200,Nils Cooper subbing out for UC Davis,away,35,29,6,0,FALSE,FALSE,0.7967811496894257,0.716137069237059,4,4,3.5,132.5,Chris Hudson/Chance Wallesen/Jacob Hirz,"Honolulu, HI",Stan Sheriff Center,NA,5088,NA,NA,NA,NA,NA,NA,NA,NA,Hawaiâ€™i,Hawaiâ€™i,FALSE
401714391,2025-03-01,Hawaiâ€™i,UC Davis,189,2,20:00,1200,1200,Niko Rocak subbing in for UC Davis,away,35,29,6,0,FALSE,FALSE,0.7967811496894257,0.716137069237059,4,4,3.5,132.5,Chris Hudson/Chance Wallesen/Jacob Hirz,"Honolulu, HI",Stan Sheriff Center,NA,5088,NA,NA,NA,NA,NA,NA,NA,NA,Hawaiâ€™i,Hawaiâ€™i,FALSE
401714391,2025-03-01,Hawaiâ€™i,UC Davis,190,2,20:00,1200,1200,Leo DeBruhl subbing in for UC Davis,away,35,29,6,0,FALSE,FALSE,0.7967811496894257,0.716137069237059,4,4,3.5,132.5,Chris Hudson/Chance Wallesen/Jacob Hirz,"Honolulu, HI",Stan Sheriff Center,NA,5088,NA,NA,NA,NA,NA,NA,NA,NA,Hawaiâ€™i,Hawaiâ€™i,FALSE
401714391,2025-03-01,Hawaiâ€™i,UC Davis,191,2,19:51,1191,1191,Harry Rouhliadeff missed Layup.,home,35,29,6,9,FALSE,FALSE,0.7973200625143959,0.7170551771044251,4,4,3.5,132.5,Chris Hudson/Chance Wallesen/Jacob Hirz,"Honolulu, HI",Stan Sheriff Center,NA,5088,37.75,3,Hawaiâ€™i,missed,Harry Rouhliadeff,NA,FALSE,FALSE,Hawaiâ€™i,UC Davis,FALSE
401714391,2025-03-01,Hawaiâ€™i,UC Davis,192,2,19:50,1190,1190,UC Davis Defensive Rebound.,away,35,29,6,1,FALSE,FALSE,0.7973791971786189,0.7171561613243292,4,4,3.5,132.5,Chris Hudson/Chance Wallesen/Jacob Hirz,"Honolulu, HI",Stan Sheriff Center,NA,5088,NA,NA,NA,NA,NA,NA,NA,NA,Hawaiâ€™i,UC Davis,FALSE
401714391,2025-03-01,Hawaiâ€™i,UC Davis,193,2,19:38,1178,1178,Foul on Harry Rouhliadeff.,home,35,29,6,12,FALSE,TRUE,0.7980786736928719,0.7183539004128097,4,4,3.5,132.5,Chris Hudson/Chance Wallesen/Jacob Hirz,"Honolulu, HI",Stan Sheriff Center,NA,5088,NA,NA,NA,NA,NA,NA,NA,NA,UC Davis,UC Davis,FALSE
401714391,2025-03-01,Hawaiâ€™i,UC Davis,194,2,19:38,1178,1178,Pablo Tamba made Free Throw.,away,35,30,5,0,TRUE,FALSE,0.7717602257066648,0.6857359726861915,4,4,3.5,132.5,Chris Hudson/Chance Wallesen/Jacob Hirz,"Honolulu, HI",Stan Sheriff Center,NA,5088,28,0,UC Davis,made,Pablo Tamba,NA,FALSE,TRUE,UC Davis,UC Davis,FALSE
401714391,2025-03-01,Hawaiâ€™i,UC Davis,195,2,19:38,1178,1178,Pablo Tamba made Free Throw.,away,35,31,4,0,TRUE,FALSE,0.7431155842391431,0.6511748393402103,4,4,3.5,132.5,Chris Hudson/Chance Wallesen/Jacob Hirz,"Honolulu, HI",Stan Sheriff Center,NA,5088,28,0,UC Davis,made,Pablo Tamba,NA,FALSE,TRUE,UC Davis,Hawaiâ€™i,FALSE
401714391,2025-03-01,Hawaiâ€™i,UC Davis,196,2,19:32,1172,1172,Aaron Hunkin-Claytor Turnover.,home,35,31,4,6,FALSE,FALSE,0.7433370284308259,0.6516168055755642,4,4,3.5,132.5,Chris Hudson/Chance Wallesen/Jacob Hirz,"Honolulu, HI",Stan Sheriff Center,NA,5088,NA,NA,NA,NA,NA,NA,NA,NA,Hawaiâ€™i,UC Davis,FALSE
401714391,2025-03-01,Hawaiâ€™i,UC Davis,197,2,19:32,1172,1172,TY Johnson Steal.,away,35,31,4,0,FALSE,FALSE,0.7433370284308259,0.6516168055755642,4,4,3.5,132.5,Chris Hudson/Chance Wallesen/Jacob Hirz,"Honolulu, HI",Stan Sheriff Center,NA,5088,NA,NA,NA,NA,NA,NA,NA,NA,Hawaiâ€™i,UC Davis,FALSE
401714391,2025-03-01,Hawaiâ€™i,UC Davis,198,2,19:32,1172,1172,Foul on Aaron Hunkin-Claytor.,home,35,31,4,0,FALSE,TRUE,0.7433370284308259,0.6516168055755642,4,4,3.5,132.5,Chris Hudson/Chance Wallesen/Jacob Hirz,"Honolulu, HI",Stan Sheriff Center,NA,5088,NA,NA,NA,NA,NA,NA,NA,NA,Hawaiâ€™i,UC Davis,FALSE
401714391,2025-03-01,Hawaiâ€™i,UC Davis,199,2,19:16,1156,1156,Pablo Tamba made Layup.,away,35,33,2,16,TRUE,FALSE,0.6793499875509298,0.5782620324989933,4,4,3.5,132.5,Chris Hudson/Chance Wallesen/Jacob Hirz,"Honolulu, HI",Stan Sheriff Center,NA,5088,-39.75,4,UC Davis,made,Pablo Tamba,NA,FALSE,FALSE,UC Davis,Hawaiâ€™i,FALSE
401714391,2025-03-01,Hawaiâ€™i,UC Davis,200,2,19:03,1143,1143,Tanner Christensen made Dunk. Assisted by Tom Beattie.,home,37,33,4,13,TRUE,FALSE,0.7443818464682167,0.6537168837283852,4,4,3.5,132.5,Chris Hudson/Chance Wallesen/Jacob Hirz,"Honolulu, HI",Stan Sheriff Center,NA,5088,38.75,-3,Hawaiâ€™i,made,Tanner Christensen,Tom Beattie,FALSE,FALSE,Hawaiâ€™i,UC Davis,FALSE
401714391,2025-03-01,Hawaiâ€™i,UC Davis,201,2,18:37,1117,1117,Foul on Aaron Hunkin-Claytor.,home,37,33,4,26,FALSE,TRUE,0.7453104196234894,0.6555849656082003,4,4,3.5,132.5,Chris Hudson/Chance Wallesen/Jacob Hirz,"Honolulu, HI",Stan Sheriff Center,NA,5088,NA,NA,NA,NA,NA,NA,NA,NA,UC Davis,UC Davis,FALSE
401714391,2025-03-01,Hawaiâ€™i,UC Davis,202,2,18:37,1117,1117,Aaron Hunkin-Claytor subbing out for Hawai'i,home,37,33,4,0,FALSE,FALSE,0.7453104196234894,0.6555849656082003,4,4,3.5,132.5,Chris Hudson/Chance Wallesen/Jacob Hirz,"Honolulu, HI",Stan Sheriff Center,NA,5088,NA,NA,NA,NA,NA,NA,NA,NA,UC Davis,UC Davis,FALSE
401714391,2025-03-01,Hawaiâ€™i,UC Davis,203,2,18:37,1117,1117,Marcus Greene subbing in for Hawai'i,home,37,33,4,0,FALSE,FALSE,0.7453104196234894,0.6555849656082003,4,4,3.5,132.5,Chris Hudson/Chance Wallesen/Jacob Hirz,"Honolulu, HI",Stan Sheriff Center,NA,5088,NA,NA,NA,NA,NA,NA,NA,NA,UC Davis,UC Davis,FALSE
401714391,2025-03-01,Hawaiâ€™i,UC Davis,204,2,18:31,1111,1111,TY Johnson made Jumper.,away,37,35,2,6,TRUE,FALSE,0.6796354164441881,0.5800068315203989,4,4,3.5,132.5,Chris Hudson/Chance Wallesen/Jacob Hirz,"Honolulu, HI",Stan Sheriff Center,NA,5088,-34.75,3,UC Davis,made,TY Johnson,NA,FALSE,FALSE,UC Davis,Hawaiâ€™i,FALSE
401714391,2025-03-01,Hawaiâ€™i,UC Davis,205,2,18:05,1085,1085,Ryan Rapp made Jumper. Assisted by Tom Beattie.,home,39,35,4,26,TRUE,FALSE,0.7464936324618417,0.657931223365043,4,4,3.5,132.5,Chris Hudson/Chance Wallesen/Jacob Hirz,"Honolulu, HI",Stan Sheriff Center,NA,5088,41.75,-11,Hawaiâ€™i,made,Ryan Rapp,Tom Beattie,FALSE,FALSE,Hawaiâ€™i,UC Davis,FALSE
401714391,2025-03-01,Hawaiâ€™i,UC Davis,206,2,17:41,1061,1061,TY Johnson missed Jumper.,away,39,35,4,24,FALSE,FALSE,0.7474446587317589,0.6597696863838558,4,4,3.5,132.5,Chris Hudson/Chance Wallesen/Jacob Hirz,"Honolulu, HI",Stan Sheriff Center,NA,5088,-32.75,-11,UC Davis,missed,TY Johnson,NA,FALSE,FALSE,UC Davis,Hawaiâ€™i,FALSE
401714391,2025-03-01,Hawaiâ€™i,UC Davis,207,2,17:37,1057,1057,Tanner Christensen Defensive Rebound.,home,39,35,4,4,FALSE,FALSE,0.7476105421991097,0.660085358657916,4,4,3.5,132.5,Chris Hudson/Chance Wallesen/Jacob Hirz,"Honolulu, HI",Stan Sheriff Center,NA,5088,NA,NA,NA,NA,NA,NA,NA,NA,UC Davis,Hawaiâ€™i,FALSE
401714391,2025-03-01,Hawaiâ€™i,UC Davis,208,2,17:36,1056,1056,Tanner Christensen Turnover.,home,39,35,4,1,FALSE,FALSE,0.7476523869889987,0.6601647479639654,4,4,3.5,132.5,Chris Hudson/Chance Wallesen/Jacob Hirz,"Honolulu, HI",Stan Sheriff Center,NA,5088,NA,NA,NA,NA,NA,NA,NA,NA,Hawaiâ€™i,UC Davis,FALSE
401714391,2025-03-01,Hawaiâ€™i,UC Davis,209,2,17:36,1056,1056,Leo DeBruhl Steal.,away,39,35,4,0,FALSE,FALSE,0.7476523869889987,0.6601647479639654,4,4,3.5,132.5,Chris Hudson/Chance Wallesen/Jacob Hirz,"Honolulu, HI",Stan Sheriff Center,NA,5088,NA,NA,NA,NA,NA,NA,NA,NA,Hawaiâ€™i,UC Davis,FALSE
401714391,2025-03-01,Hawaiâ€™i,UC Davis,210,2,17:32,1052,1052,Connor Sevilla made Three Point Jumper. Assisted by Leo DeBruhl.,away,39,38,1,4,TRUE,FALSE,0.6428915264852879,0.5414951519299456,4,4,3.5,132.5,Chris Hudson/Chance Wallesen/Jacob Hirz,"Honolulu, HI",Stan Sheriff Center,NA,5088,-18.75,-6,UC Davis,made,Connor Sevilla,Leo DeBruhl,TRUE,FALSE,UC Davis,Hawaiâ€™i,FALSE
401714391,2025-03-01,Hawaiâ€™i,UC Davis,211,2,17:12,1032,1032,Tom Beattie made Layup.,home,41,38,3,20,TRUE,FALSE,0.715759424397543,0.6235426326789145,4,4,3.5,132.5,Chris Hudson/Chance Wallesen/Jacob Hirz,"Honolulu, HI",Stan Sheriff Center,NA,5088,36.75,-1,Hawaiâ€™i,made,Tom Beattie,NA,FALSE,FALSE,Hawaiâ€™i,UC Davis,FALSE
401714391,2025-03-01,Hawaiâ€™i,UC Davis,212,2,16:53,1013,1013,Leo DeBruhl missed Three Point Jumper.,away,41,38,3,19,FALSE,FALSE,0.7163708617445348,0.6248489481661139,4,4,3.5,132.5,Chris Hudson/Chance Wallesen/Jacob Hirz,"Honolulu, HI",Stan Sheriff Center,NA,5088,-17.75,2,UC Davis,missed,Leo DeBruhl,NA,TRUE,FALSE,UC Davis,Hawaiâ€™i,FALSE
401714391,2025-03-01,Hawaiâ€™i,UC Davis,213,2,16:49,1009,1009,Tom Beattie Defensive Rebound.,home,41,38,3,4,FALSE,FALSE,0.7165077733073089,0.625134377563082,4,4,3.5,132.5,Chris Hudson/Chance Wallesen/Jacob Hirz,"Honolulu, HI",Stan Sheriff Center,NA,5088,NA,NA,NA,NA,NA,NA,NA,NA,UC Davis,Hawaiâ€™i,FALSE
401714391,2025-03-01,Hawaiâ€™i,UC Davis,214,2,16:45,1005,1005,Harry Rouhliadeff made Three Point Jumper. Assisted by Marcus Greene.,home,44,38,6,4,TRUE,FALSE,0.8085363051073652,0.7359973981491774,4,4,3.5,132.5,Chris Hudson/Chance Wallesen/Jacob Hirz,"Honolulu, HI",Stan Sheriff Center,NA,5088,21.75,16,Hawaiâ€™i,made,Harry Rouhliadeff,Marcus Greene,TRUE,FALSE,Hawaiâ€™i,UC Davis,FALSE
401714391,2025-03-01,Hawaiâ€™i,UC Davis,215,2,16:24,984,984,Foul on Tom Beattie.,home,44,38,6,21,FALSE,TRUE,0.8101824443056325,0.7386245522542848,4,4,3.5,132.5,Chris Hudson/Chance Wallesen/Jacob Hirz,"Honolulu, HI",Stan Sheriff Center,NA,5088,NA,NA,NA,NA,NA,NA,NA,NA,UC Davis,UC Davis,FALSE
401714391,2025-03-01,Hawaiâ€™i,UC Davis,216,2,16:24,984,984,Pablo Tamba subbing out for UC Davis,away,44,38,6,0,FALSE,FALSE,0.8101824443056325,0.7386245522542848,4,4,3.5,132.5,Chris Hudson/Chance Wallesen/Jacob Hirz,"Honolulu, HI",Stan Sheriff Center,NA,5088,NA,NA,NA,NA,NA,NA,NA,NA,UC Davis,UC Davis,FALSE
401714391,2025-03-01,Hawaiâ€™i,UC Davis,217,2,16:24,984,984,Nils Cooper subbing in for UC Davis,away,44,38,6,0,FALSE,FALSE,0.8101824443056325,0.7386245522542848,4,4,3.5,132.5,Chris Hudson/Chance Wallesen/Jacob Hirz,"Honolulu, HI",Stan Sheriff Center,NA,5088,NA,NA,NA,NA,NA,NA,NA,NA,UC Davis,UC Davis,FALSE
401714391,2025-03-01,Hawaiâ€™i,UC Davis,218,2,16:21,981,981,Leo DeBruhl missed Jumper.,away,44,38,6,3,FALSE,FALSE,0.810429482905111,0.7390153795938172,4,4,3.5,132.5,Chris Hudson/Chance Wallesen/Jacob Hirz,"Honolulu, HI",Stan Sheriff Center,NA,5088,-36.75,4,UC Davis,missed,Leo DeBruhl,NA,FALSE,FALSE,UC Davis,Hawaiâ€™i,FALSE
401714391,2025-03-01,Hawaiâ€™i,UC Davis,219,2,16:19,979,979,Tanner Christensen Defensive Rebound.,home,44,38,6,2,FALSE,FALSE,0.810595912603023,0.7392782038235018,4,4,3.5,132.5,Chris Hudson/Chance Wallesen/Jacob Hirz,"Honolulu, HI",Stan Sheriff Center,NA,5088,NA,NA,NA,NA,NA,NA,NA,NA,UC Davis,Hawaiâ€™i,FALSE
401714391,2025-03-01,Hawaiâ€™i,UC Davis,220,2,16:11,971,971,Foul on Nils Cooper.,away,44,38,6,8,FALSE,TRUE,0.8112758743002139,0.7403481419138259,4,4,3.5,132.5,Chris Hudson/Chance Wallesen/Jacob Hirz,"Honolulu, HI",Stan Sheriff Center,NA,5088,NA,NA,NA,NA,NA,NA,NA,NA,Hawaiâ€™i,UC Davis,FALSE
401714391,2025-03-01,Hawaiâ€™i,UC Davis,221,2,16:11,971,971,Marcus Greene missed Free Throw.,home,44,38,6,0,FALSE,FALSE,0.8112758743002139,0.7403481419138259,4,4,3.5,132.5,Chris Hudson/Chance Wallesen/Jacob Hirz,"Honolulu, HI",Stan Sheriff Center,NA,5088,-28,-0,Hawaiâ€™i,missed,Marcus Greene,NA,FALSE,TRUE,Hawaiâ€™i,Hawaiâ€™i,FALSE
401714391,2025-03-01,Hawaiâ€™i,UC Davis,222,2,16:11,971,971,Hawai'i Deadball Team Rebound.,home,44,38,6,0,FALSE,FALSE,0.8112758743002139,0.7403481419138259,4,4,3.5,132.5,Chris Hudson/Chance Wallesen/Jacob Hirz,"Honolulu, HI",Stan Sheriff Center,NA,5088,NA,NA,NA,NA,NA,NA,NA,NA,Hawaiâ€™i,UC Davis,FALSE
401714391,2025-03-01,Hawaiâ€™i,UC Davis,223,2,16:11,971,971,Leo DeBruhl subbing out for UC Davis,away,44,38,6,0,FALSE,FALSE,0.8112758743002139,0.7403481419138259,4,4,3.5,132.5,Chris Hudson/Chance Wallesen/Jacob Hirz,"Honolulu, HI",Stan Sheriff Center,NA,5088,NA,NA,NA,NA,NA,NA,NA,NA,Hawaiâ€™i,UC Davis,FALSE
401714391,2025-03-01,Hawaiâ€™i,UC Davis,224,2,16:11,971,971,Carl Daughtery Jr. subbing in for UC Davis,away,44,38,6,0,FALSE,FALSE,0.8112758743002139,0.7403481419138259,4,4,3.5,132.5,Chris Hudson/Chance Wallesen/Jacob Hirz,"Honolulu, HI",Stan Sheriff Center,NA,5088,NA,NA,NA,NA,NA,NA,NA,NA,Hawaiâ€™i,UC Davis,FALSE
401714391,2025-03-01,Hawaiâ€™i,UC Davis,225,2,16:11,971,971,Marcus Greene made Free Throw.,home,45,38,7,0,TRUE,FALSE,0.8365735865013461,0.7724871428087142,4,4,3.5,132.5,Chris Hudson/Chance Wallesen/Jacob Hirz,"Honolulu, HI",Stan Sheriff Center,NA,5088,-28,-0,Hawaiâ€™i,made,Marcus Greene,NA,FALSE,TRUE,Hawaiâ€™i,UC Davis,FALSE
401714391,2025-03-01,Hawaiâ€™i,UC Davis,226,2,15:49,949,949,Niko Rocak made Layup.,away,45,40,5,22,TRUE,FALSE,0.78464788954857,0.7079440002859482,4,4,3.5,132.5,Chris Hudson/Chance Wallesen/Jacob Hirz,"Honolulu, HI",Stan Sheriff Center,NA,5088,-38.75,1,UC Davis,made,Niko Rocak,NA,FALSE,FALSE,UC Davis,Hawaiâ€™i,FALSE
401714391,2025-03-01,Hawaiâ€™i,UC Davis,227,2,15:27,927,927,Foul on Carl Daughtery Jr..,away,45,40,5,22,FALSE,TRUE,0.7860246443926381,0.7102081731457689,4,4,3.5,132.5,Chris Hudson/Chance Wallesen/Jacob Hirz,"Honolulu, HI",Stan Sheriff Center,NA,5088,NA,NA,NA,NA,NA,NA,NA,NA,Hawaiâ€™i,Hawaiâ€™i,FALSE
401714391,2025-03-01,Hawaiâ€™i,UC Davis,228,2,15:27,927,927,Official TV Timeout,NA,45,40,5,0,FALSE,FALSE,0.7860246443926381,0.7102081731457689,4,4,3.5,132.5,Chris Hudson/Chance Wallesen/Jacob Hirz,"Honolulu, HI",Stan Sheriff Center,NA,5088,NA,NA,NA,NA,NA,NA,NA,NA,Hawaiâ€™i,Hawaiâ€™i,FALSE
401714391,2025-03-01,Hawaiâ€™i,UC Davis,229,2,15:27,927,927,Harry Rouhliadeff subbing out for Hawai'i,home,45,40,5,0,FALSE,FALSE,0.7860246443926381,0.7102081731457689,4,4,3.5,132.5,Chris Hudson/Chance Wallesen/Jacob Hirz,"Honolulu, HI",Stan Sheriff Center,NA,5088,NA,NA,NA,NA,NA,NA,NA,NA,Hawaiâ€™i,Hawaiâ€™i,FALSE
401714391,2025-03-01,Hawaiâ€™i,UC Davis,230,2,15:27,927,927,Gytis Nemeiksa subbing in for Hawai'i,home,45,40,5,0,FALSE,FALSE,0.7860246443926381,0.7102081731457689,4,4,3.5,132.5,Chris Hudson/Chance Wallesen/Jacob Hirz,"Honolulu, HI",Stan Sheriff Center,NA,5088,NA,NA,NA,NA,NA,NA,NA,NA,Hawaiâ€™i,Hawaiâ€™i,FALSE
401714391,2025-03-01,Hawaiâ€™i,UC Davis,231,2,15:27,927,927,Niko Rocak subbing out for UC Davis,away,45,40,5,0,FALSE,FALSE,0.7860246443926381,0.7102081731457689,4,4,3.5,132.5,Chris Hudson/Chance Wallesen/Jacob Hirz,"Honolulu, HI",Stan Sheriff Center,NA,5088,NA,NA,NA,NA,NA,NA,NA,NA,Hawaiâ€™i,Hawaiâ€™i,FALSE
401714391,2025-03-01,Hawaiâ€™i,UC Davis,232,2,15:27,927,927,Jamaal Unuakhalu subbing in for UC Davis,away,45,40,5,0,FALSE,FALSE,0.7860246443926381,0.7102081731457689,4,4,3.5,132.5,Chris Hudson/Chance Wallesen/Jacob Hirz,"Honolulu, HI",Stan Sheriff Center,NA,5088,NA,NA,NA,NA,NA,NA,NA,NA,Hawaiâ€™i,Hawaiâ€™i,FALSE
401714391,2025-03-01,Hawaiâ€™i,UC Davis,233,2,15:27,927,927,Marcus Greene Turnover.,home,45,40,5,0,FALSE,FALSE,0.7860246443926381,0.7102081731457689,4,4,3.5,132.5,Chris Hudson/Chance Wallesen/Jacob Hirz,"Honolulu, HI",Stan Sheriff Center,NA,5088,NA,NA,NA,NA,NA,NA,NA,NA,Hawaiâ€™i,UC Davis,FALSE
401714391,2025-03-01,Hawaiâ€™i,UC Davis,234,2,15:14,914,914,Connor Sevilla missed Three Point Jumper.,away,45,40,5,13,FALSE,FALSE,0.7867735797224318,0.7114516551407074,4,4,3.5,132.5,Chris Hudson/Chance Wallesen/Jacob Hirz,"Honolulu, HI",Stan Sheriff Center,NA,5088,-43.75,23,UC Davis,missed,Connor Sevilla,NA,TRUE,FALSE,UC Davis,Hawaiâ€™i,FALSE
401714391,2025-03-01,Hawaiâ€™i,UC Davis,235,2,15:10,910,910,Marcus Greene Defensive Rebound.,home,45,40,5,4,FALSE,FALSE,0.7869970448842912,0.7118238954672665,4,4,3.5,132.5,Chris Hudson/Chance Wallesen/Jacob Hirz,"Honolulu, HI",Stan Sheriff Center,NA,5088,NA,NA,NA,NA,NA,NA,NA,NA,UC Davis,Hawaiâ€™i,FALSE
401714391,2025-03-01,Hawaiâ€™i,UC Davis,236,2,15:03,903,903,Ryan Rapp missed Layup.,home,45,40,5,7,FALSE,FALSE,0.7873820571823396,0.7124661583918354,4,4,3.5,132.5,Chris Hudson/Chance Wallesen/Jacob Hirz,"Honolulu, HI",Stan Sheriff Center,NA,5088,37.75,2,Hawaiâ€™i,missed,Ryan Rapp,NA,FALSE,FALSE,Hawaiâ€™i,UC Davis,FALSE
401714391,2025-03-01,Hawaiâ€™i,UC Davis,237,2,15:03,903,903,Jamaal Unuakhalu Block.,away,45,40,5,0,FALSE,FALSE,0.7873820571823396,0.7124661583918354,4,4,3.5,132.5,Chris Hudson/Chance Wallesen/Jacob Hirz,"Honolulu, HI",Stan Sheriff Center,NA,5088,NA,NA,NA,NA,NA,NA,NA,NA,Hawaiâ€™i,UC Davis,FALSE
401714391,2025-03-01,Hawaiâ€™i,UC Davis,238,2,15:00,900,900,Nils Cooper Defensive Rebound.,away,45,40,5,3,FALSE,FALSE,0.7875451224098804,0.7127384302444653,4,4,3.5,132.5,Chris Hudson/Chance Wallesen/Jacob Hirz,"Honolulu, HI",Stan Sheriff Center,NA,5088,NA,NA,NA,NA,NA,NA,NA,NA,Hawaiâ€™i,UC Davis,FALSE
401714391,2025-03-01,Hawaiâ€™i,UC Davis,239,2,14:57,897,897,TY Johnson made Jumper.,away,45,42,3,3,TRUE,FALSE,0.7205401667338285,0.6332132426138447,4,4,3.5,132.5,Chris Hudson/Chance Wallesen/Jacob Hirz,"Honolulu, HI",Stan Sheriff Center,NA,5088,-26.75,0,UC Davis,made,TY Johnson,NA,FALSE,FALSE,UC Davis,Hawaiâ€™i,FALSE
401714391,2025-03-01,Hawaiâ€™i,UC Davis,240,2,14:40,880,880,Gytis Nemeiksa made Layup. Assisted by Tanner Christensen.,home,47,42,5,17,TRUE,FALSE,0.7886161152557122,0.714526898522394,4,4,3.5,132.5,Chris Hudson/Chance Wallesen/Jacob Hirz,"Honolulu, HI",Stan Sheriff Center,NA,5088,38.75,-0,Hawaiâ€™i,made,Gytis Nemeiksa,Tanner Christensen,FALSE,FALSE,Hawaiâ€™i,UC Davis,FALSE
401714391,2025-03-01,Hawaiâ€™i,UC Davis,241,2,14:13,853,853,Nils Cooper missed Layup.,away,47,42,5,27,FALSE,FALSE,0.7900795645976666,0.7169544966219067,4,4,3.5,132.5,Chris Hudson/Chance Wallesen/Jacob Hirz,"Honolulu, HI",Stan Sheriff Center,NA,5088,-37.75,-2,UC Davis,missed,Nils Cooper,NA,FALSE,FALSE,UC Davis,UC Davis,FALSE
401714391,2025-03-01,Hawaiâ€™i,UC Davis,242,2,14:13,853,853,Hawai'i Deadball Team Rebound.,home,47,42,5,0,FALSE,FALSE,0.7900795645976666,0.7169544966219067,4,4,3.5,132.5,Chris Hudson/Chance Wallesen/Jacob Hirz,"Honolulu, HI",Stan Sheriff Center,NA,5088,NA,NA,NA,NA,NA,NA,NA,NA,UC Davis,UC Davis,FALSE
401714391,2025-03-01,Hawaiâ€™i,UC Davis,243,2,14:13,853,853,Ryan Rapp subbing out for Hawai'i,home,47,42,5,0,FALSE,FALSE,0.7900795645976666,0.7169544966219067,4,4,3.5,132.5,Chris Hudson/Chance Wallesen/Jacob Hirz,"Honolulu, HI",Stan Sheriff Center,NA,5088,NA,NA,NA,NA,NA,NA,NA,NA,UC Davis,UC Davis,FALSE
401714391,2025-03-01,Hawaiâ€™i,UC Davis,244,2,14:13,853,853,Tanner Christensen subbing out for Hawai'i,home,47,42,5,0,FALSE,FALSE,0.7900795645976666,0.7169544966219067,4,4,3.5,132.5,Chris Hudson/Chance Wallesen/Jacob Hirz,"Honolulu, HI",Stan Sheriff Center,NA,5088,NA,NA,NA,NA,NA,NA,NA,NA,UC Davis,UC Davis,FALSE
401714391,2025-03-01,Hawaiâ€™i,UC Davis,245,2,14:13,853,853,Harry Rouhliadeff subbing in for Hawai'i,home,47,42,5,0,FALSE,FALSE,0.7900795645976666,0.7169544966219067,4,4,3.5,132.5,Chris Hudson/Chance Wallesen/Jacob Hirz,"Honolulu, HI",Stan Sheriff Center,NA,5088,NA,NA,NA,NA,NA,NA,NA,NA,UC Davis,UC Davis,FALSE
401714391,2025-03-01,Hawaiâ€™i,UC Davis,246,2,14:13,853,853,Akira Jacobs subbing in for Hawai'i,home,47,42,5,0,FALSE,FALSE,0.7900795645976666,0.7169544966219067,4,4,3.5,132.5,Chris Hudson/Chance Wallesen/Jacob Hirz,"Honolulu, HI",Stan Sheriff Center,NA,5088,NA,NA,NA,NA,NA,NA,NA,NA,UC Davis,UC Davis,FALSE
401714391,2025-03-01,Hawaiâ€™i,UC Davis,247,2,13:59,839,839,Foul on Nils Cooper.,away,47,42,5,14,FALSE,TRUE,0.7908801811729048,0.7182664998486483,4,4,3.5,132.5,Chris Hudson/Chance Wallesen/Jacob Hirz,"Honolulu, HI",Stan Sheriff Center,NA,5088,NA,NA,NA,NA,NA,NA,NA,NA,Hawaiâ€™i,Hawaiâ€™i,FALSE
401714391,2025-03-01,Hawaiâ€™i,UC Davis,248,2,13:59,839,839,Nils Cooper subbing out for UC Davis,away,47,42,5,0,FALSE,FALSE,0.7908801811729048,0.7182664998486483,4,4,3.5,132.5,Chris Hudson/Chance Wallesen/Jacob Hirz,"Honolulu, HI",Stan Sheriff Center,NA,5088,NA,NA,NA,NA,NA,NA,NA,NA,Hawaiâ€™i,Hawaiâ€™i,FALSE
401714391,2025-03-01,Hawaiâ€™i,UC Davis,249,2,13:59,839,839,Pablo Tamba subbing in for UC Davis,away,47,42,5,0,FALSE,FALSE,0.7908801811729048,0.7182664998486483,4,4,3.5,132.5,Chris Hudson/Chance Wallesen/Jacob Hirz,"Honolulu, HI",Stan Sheriff Center,NA,5088,NA,NA,NA,NA,NA,NA,NA,NA,Hawaiâ€™i,Hawaiâ€™i,FALSE
401714391,2025-03-01,Hawaiâ€™i,UC Davis,250,2,13:47,827,827,Foul on Pablo Tamba.,away,47,42,5,12,FALSE,TRUE,0.7916048758439029,0.7194420186047848,4,4,3.5,132.5,Chris Hudson/Chance Wallesen/Jacob Hirz,"Honolulu, HI",Stan Sheriff Center,NA,5088,NA,NA,NA,NA,NA,NA,NA,NA,Hawaiâ€™i,UC Davis,FALSE
401714391,2025-03-01,Hawaiâ€™i,UC Davis,251,2,13:44,824,824,Gytis Nemeiksa Turnover.,home,47,42,5,3,FALSE,FALSE,0.791792821223918,0.7197449600779626,4,4,3.5,132.5,Chris Hudson/Chance Wallesen/Jacob Hirz,"Honolulu, HI",Stan Sheriff Center,NA,5088,NA,NA,NA,NA,NA,NA,NA,NA,UC Davis,UC Davis,FALSE
401714391,2025-03-01,Hawaiâ€™i,UC Davis,252,2,13:33,813,813,Carl Daughtery Jr. made Layup. Assisted by Pablo Tamba.,away,47,44,3,11,TRUE,FALSE,0.7232336814999576,0.6386095316174477,4,4,3.5,132.5,Chris Hudson/Chance Wallesen/Jacob Hirz,"Honolulu, HI",Stan Sheriff Center,NA,5088,-39.75,-3,UC Davis,made,Carl Daughtery Jr.,Pablo Tamba,FALSE,FALSE,UC Davis,Hawaiâ€™i,FALSE
401714391,2025-03-01,Hawaiâ€™i,UC Davis,253,2,13:16,796,796,Marcus Greene made Jumper.,home,49,44,5,17,TRUE,FALSE,0.793712101401115,0.7227954744188413,4,4,3.5,132.5,Chris Hudson/Chance Wallesen/Jacob Hirz,"Honolulu, HI",Stan Sheriff Center,NA,5088,35.75,-13,Hawaiâ€™i,made,Marcus Greene,NA,FALSE,FALSE,Hawaiâ€™i,UC Davis,FALSE
401714391,2025-03-01,Hawaiâ€™i,UC Davis,254,2,13:00,780,780,TY Johnson made Jumper.,away,49,46,3,16,TRUE,FALSE,0.7246973372840432,0.6412797300252033,4,4,3.5,132.5,Chris Hudson/Chance Wallesen/Jacob Hirz,"Honolulu, HI",Stan Sheriff Center,NA,5088,-31.75,1,UC Davis,made,TY Johnson,NA,FALSE,FALSE,UC Davis,Hawaiâ€™i,FALSE
401714391,2025-03-01,Hawaiâ€™i,UC Davis,255,2,12:38,758,758,Akira Jacobs missed Layup.,home,49,46,3,22,FALSE,FALSE,0.7259051016730211,0.6433849900251728,4,4,3.5,132.5,Chris Hudson/Chance Wallesen/Jacob Hirz,"Honolulu, HI",Stan Sheriff Center,NA,5088,39.75,-3,Hawaiâ€™i,missed,Akira Jacobs,NA,FALSE,FALSE,Hawaiâ€™i,UC Davis,FALSE
401714391,2025-03-01,Hawaiâ€™i,UC Davis,256,2,12:38,758,758,Jamaal Unuakhalu Block.,away,49,46,3,0,FALSE,FALSE,0.7259051016730211,0.6433849900251728,4,4,3.5,132.5,Chris Hudson/Chance Wallesen/Jacob Hirz,"Honolulu, HI",Stan Sheriff Center,NA,5088,NA,NA,NA,NA,NA,NA,NA,NA,Hawaiâ€™i,UC Davis,FALSE
401714391,2025-03-01,Hawaiâ€™i,UC Davis,257,2,12:38,758,758,UC Davis Defensive Rebound.,away,49,46,3,0,FALSE,FALSE,0.7259051016730211,0.6433849900251728,4,4,3.5,132.5,Chris Hudson/Chance Wallesen/Jacob Hirz,"Honolulu, HI",Stan Sheriff Center,NA,5088,NA,NA,NA,NA,NA,NA,NA,NA,Hawaiâ€™i,UC Davis,FALSE
401714391,2025-03-01,Hawaiâ€™i,UC Davis,258,2,12:38,758,758,TY Johnson subbing out for UC Davis,away,49,46,3,0,FALSE,FALSE,0.7259051016730211,0.6433849900251728,4,4,3.5,132.5,Chris Hudson/Chance Wallesen/Jacob Hirz,"Honolulu, HI",Stan Sheriff Center,NA,5088,NA,NA,NA,NA,NA,NA,NA,NA,Hawaiâ€™i,UC Davis,FALSE
401714391,2025-03-01,Hawaiâ€™i,UC Davis,259,2,12:38,758,758,Leo DeBruhl subbing in for UC Davis,away,49,46,3,0,FALSE,FALSE,0.7259051016730211,0.6433849900251728,4,4,3.5,132.5,Chris Hudson/Chance Wallesen/Jacob Hirz,"Honolulu, HI",Stan Sheriff Center,NA,5088,NA,NA,NA,NA,NA,NA,NA,NA,Hawaiâ€™i,UC Davis,FALSE
401714391,2025-03-01,Hawaiâ€™i,UC Davis,260,2,12:24,744,744,Foul on Gytis Nemeiksa.,home,49,46,3,14,FALSE,TRUE,0.7267914857283239,0.6448909923487224,4,4,3.5,132.5,Chris Hudson/Chance Wallesen/Jacob Hirz,"Honolulu, HI",Stan Sheriff Center,NA,5088,NA,NA,NA,NA,NA,NA,NA,NA,UC Davis,UC Davis,FALSE
401714391,2025-03-01,Hawaiâ€™i,UC Davis,261,2,12:17,737,737,Foul on Gytis Nemeiksa.,home,49,46,3,7,FALSE,TRUE,0.7272728189217735,0.6456980155569713,4,4,3.5,132.5,Chris Hudson/Chance Wallesen/Jacob Hirz,"Honolulu, HI",Stan Sheriff Center,NA,5088,NA,NA,NA,NA,NA,NA,NA,NA,UC Davis,UC Davis,FALSE
401714391,2025-03-01,Hawaiâ€™i,UC Davis,262,2,12:17,737,737,Pablo Tamba made Free Throw.,away,49,47,2,0,TRUE,FALSE,0.6858458152944953,0.5987168616020814,4,4,3.5,132.5,Chris Hudson/Chance Wallesen/Jacob Hirz,"Honolulu, HI",Stan Sheriff Center,NA,5088,28,0,UC Davis,made,Pablo Tamba,NA,FALSE,TRUE,UC Davis,UC Davis,FALSE
401714391,2025-03-01,Hawaiâ€™i,UC Davis,263,2,12:17,737,737,Tom Beattie subbing out for Hawai'i,home,49,47,2,0,FALSE,FALSE,0.6858458152944953,0.5987168616020814,4,4,3.5,132.5,Chris Hudson/Chance Wallesen/Jacob Hirz,"Honolulu, HI",Stan Sheriff Center,NA,5088,NA,NA,NA,NA,NA,NA,NA,NA,UC Davis,UC Davis,FALSE
401714391,2025-03-01,Hawaiâ€™i,UC Davis,264,2,12:17,737,737,Aaron Hunkin-Claytor subbing in for Hawai'i,home,49,47,2,0,FALSE,FALSE,0.6858458152944953,0.5987168616020814,4,4,3.5,132.5,Chris Hudson/Chance Wallesen/Jacob Hirz,"Honolulu, HI",Stan Sheriff Center,NA,5088,NA,NA,NA,NA,NA,NA,NA,NA,UC Davis,UC Davis,FALSE
401714391,2025-03-01,Hawaiâ€™i,UC Davis,265,2,12:17,737,737,Harry Rouhliadeff subbing out for Hawai'i,home,49,47,2,0,FALSE,FALSE,0.6858458152944953,0.5987168616020814,4,4,3.5,132.5,Chris Hudson/Chance Wallesen/Jacob Hirz,"Honolulu, HI",Stan Sheriff Center,NA,5088,NA,NA,NA,NA,NA,NA,NA,NA,UC Davis,UC Davis,FALSE
401714391,2025-03-01,Hawaiâ€™i,UC Davis,266,2,12:17,737,737,Tanner Christensen subbing in for Hawai'i,home,49,47,2,0,FALSE,FALSE,0.6858458152944953,0.5987168616020814,4,4,3.5,132.5,Chris Hudson/Chance Wallesen/Jacob Hirz,"Honolulu, HI",Stan Sheriff Center,NA,5088,NA,NA,NA,NA,NA,NA,NA,NA,UC Davis,UC Davis,FALSE
401714391,2025-03-01,Hawaiâ€™i,UC Davis,267,2,12:17,737,737,Jamaal Unuakhalu subbing out for UC Davis,away,49,47,2,0,FALSE,FALSE,0.6858458152944953,0.5987168616020814,4,4,3.5,132.5,Chris Hudson/Chance Wallesen/Jacob Hirz,"Honolulu, HI",Stan Sheriff Center,NA,5088,NA,NA,NA,NA,NA,NA,NA,NA,UC Davis,UC Davis,FALSE
401714391,2025-03-01,Hawaiâ€™i,UC Davis,268,2,12:17,737,737,Niko Rocak subbing in for UC Davis,away,49,47,2,0,FALSE,FALSE,0.6858458152944953,0.5987168616020814,4,4,3.5,132.5,Chris Hudson/Chance Wallesen/Jacob Hirz,"Honolulu, HI",Stan Sheriff Center,NA,5088,NA,NA,NA,NA,NA,NA,NA,NA,UC Davis,UC Davis,FALSE
401714391,2025-03-01,Hawaiâ€™i,UC Davis,269,2,12:17,737,737,Pablo Tamba made Free Throw.,away,49,48,1,0,TRUE,FALSE,0.6412303406008036,0.5498490391317773,4,4,3.5,132.5,Chris Hudson/Chance Wallesen/Jacob Hirz,"Honolulu, HI",Stan Sheriff Center,NA,5088,28,0,UC Davis,made,Pablo Tamba,NA,FALSE,TRUE,UC Davis,Hawaiâ€™i,FALSE
401714391,2025-03-01,Hawaiâ€™i,UC Davis,270,2,12:04,724,724,Akira Jacobs made Layup.,home,51,48,3,13,TRUE,FALSE,0.728215328085863,0.6472674384576348,4,4,3.5,132.5,Chris Hudson/Chance Wallesen/Jacob Hirz,"Honolulu, HI",Stan Sheriff Center,NA,5088,39.75,3,Hawaiâ€™i,made,Akira Jacobs,NA,FALSE,FALSE,Hawaiâ€™i,UC Davis,FALSE
401714391,2025-03-01,Hawaiâ€™i,UC Davis,271,2,11:45,705,705,Pablo Tamba missed Jumper.,away,51,48,3,19,FALSE,FALSE,0.7294345787998768,0.6493590513653271,4,4,3.5,132.5,Chris Hudson/Chance Wallesen/Jacob Hirz,"Honolulu, HI",Stan Sheriff Center,NA,5088,-34.75,-2,UC Davis,missed,Pablo Tamba,NA,FALSE,FALSE,UC Davis,Hawaiâ€™i,FALSE
401714391,2025-03-01,Hawaiâ€™i,UC Davis,272,2,11:45,705,705,Gytis Nemeiksa Block.,home,51,48,3,0,FALSE,FALSE,0.7294345787998768,0.6493590513653271,4,4,3.5,132.5,Chris Hudson/Chance Wallesen/Jacob Hirz,"Honolulu, HI",Stan Sheriff Center,NA,5088,NA,NA,NA,NA,NA,NA,NA,NA,UC Davis,Hawaiâ€™i,FALSE
401714391,2025-03-01,Hawaiâ€™i,UC Davis,273,2,11:41,701,701,Aaron Hunkin-Claytor Defensive Rebound.,home,51,48,3,4,FALSE,FALSE,0.7296663669989046,0.6497672830781365,4,4,3.5,132.5,Chris Hudson/Chance Wallesen/Jacob Hirz,"Honolulu, HI",Stan Sheriff Center,NA,5088,NA,NA,NA,NA,NA,NA,NA,NA,UC Davis,Hawaiâ€™i,FALSE
401714391,2025-03-01,Hawaiâ€™i,UC Davis,274,2,11:39,699,699,Akira Jacobs made Layup. Assisted by Aaron Hunkin-Claytor.,home,53,48,5,2,TRUE,FALSE,0.8031506519056442,0.7372060981774422,4,4,3.5,132.5,Chris Hudson/Chance Wallesen/Jacob Hirz,"Honolulu, HI",Stan Sheriff Center,NA,5088,37.75,2,Hawaiâ€™i,made,Akira Jacobs,Aaron Hunkin-Claytor,FALSE,FALSE,Hawaiâ€™i,UC Davis,FALSE
401714391,2025-03-01,Hawaiâ€™i,UC Davis,275,2,11:17,677,677,Foul on Tanner Christensen.,home,53,48,5,22,FALSE,TRUE,0.8050441710841687,0.7401719812862276,4,4,3.5,132.5,Chris Hudson/Chance Wallesen/Jacob Hirz,"Honolulu, HI",Stan Sheriff Center,NA,5088,NA,NA,NA,NA,NA,NA,NA,NA,UC Davis,UC Davis,FALSE
401714391,2025-03-01,Hawaiâ€™i,UC Davis,276,2,11:17,677,677,Official TV Timeout,NA,53,48,5,0,FALSE,FALSE,0.8050441710841687,0.7401719812862276,4,4,3.5,132.5,Chris Hudson/Chance Wallesen/Jacob Hirz,"Honolulu, HI",Stan Sheriff Center,NA,5088,NA,NA,NA,NA,NA,NA,NA,NA,UC Davis,UC Davis,FALSE
401714391,2025-03-01,Hawaiâ€™i,UC Davis,277,2,11:17,677,677,Leo DeBruhl made Free Throw.,away,53,49,4,0,TRUE,FALSE,0.7700779859625045,0.6979363381527769,4,4,3.5,132.5,Chris Hudson/Chance Wallesen/Jacob Hirz,"Honolulu, HI",Stan Sheriff Center,NA,5088,28,0,UC Davis,made,Leo DeBruhl,NA,FALSE,TRUE,UC Davis,UC Davis,FALSE
401714391,2025-03-01,Hawaiâ€™i,UC Davis,278,2,11:17,677,677,Leo DeBruhl missed Free Throw.,away,53,49,4,0,FALSE,FALSE,0.7700779859625045,0.6979363381527769,4,4,3.5,132.5,Chris Hudson/Chance Wallesen/Jacob Hirz,"Honolulu, HI",Stan Sheriff Center,NA,5088,28,0,UC Davis,missed,Leo DeBruhl,NA,FALSE,TRUE,UC Davis,Hawaiâ€™i,FALSE
401714391,2025-03-01,Hawaiâ€™i,UC Davis,279,2,11:16,676,676,Tanner Christensen Defensive Rebound.,home,53,49,4,1,FALSE,FALSE,0.7701467066965458,0.6980499853434913,4,4,3.5,132.5,Chris Hudson/Chance Wallesen/Jacob Hirz,"Honolulu, HI",Stan Sheriff Center,NA,5088,NA,NA,NA,NA,NA,NA,NA,NA,UC Davis,Hawaiâ€™i,FALSE
401714391,2025-03-01,Hawaiâ€™i,UC Davis,280,2,10:54,654,654,Gytis Nemeiksa made Jumper. Assisted by Aaron Hunkin-Claytor.,home,55,49,6,22,TRUE,FALSE,0.8378710499564627,0.7815444996905392,4,4,3.5,132.5,Chris Hudson/Chance Wallesen/Jacob Hirz,"Honolulu, HI",Stan Sheriff Center,NA,5088,31.75,2,Hawaiâ€™i,made,Gytis Nemeiksa,Aaron Hunkin-Claytor,FALSE,FALSE,Hawaiâ€™i,UC Davis,FALSE
401714391,2025-03-01,Hawaiâ€™i,UC Davis,281,2,10:37,637,637,Leo DeBruhl missed Jumper.,away,55,49,6,17,FALSE,FALSE,0.8394154807397738,0.783930349930416,4,4,3.5,132.5,Chris Hudson/Chance Wallesen/Jacob Hirz,"Honolulu, HI",Stan Sheriff Center,NA,5088,-38.75,6,UC Davis,missed,Leo DeBruhl,NA,FALSE,FALSE,UC Davis,Hawaiâ€™i,FALSE
401714391,2025-03-01,Hawaiâ€™i,UC Davis,282,2,10:33,633,633,Tanner Christensen Defensive Rebound.,home,55,49,6,4,FALSE,FALSE,0.8397931574140696,0.7845108748217469,4,4,3.5,132.5,Chris Hudson/Chance Wallesen/Jacob Hirz,"Honolulu, HI",Stan Sheriff Center,NA,5088,NA,NA,NA,NA,NA,NA,NA,NA,UC Davis,Hawaiâ€™i,FALSE
401714391,2025-03-01,Hawaiâ€™i,UC Davis,283,2,10:11,611,611,Marcus Greene made Three Point Jumper.,home,58,49,9,22,TRUE,FALSE,0.9113034875827438,0.877467521609624,4,4,3.5,132.5,Chris Hudson/Chance Wallesen/Jacob Hirz,"Honolulu, HI",Stan Sheriff Center,NA,5088,19.75,13,Hawaiâ€™i,made,Marcus Greene,NA,TRUE,FALSE,Hawaiâ€™i,UC Davis,FALSE
401714391,2025-03-01,Hawaiâ€™i,UC Davis,284,2,9:58,598,598,Foul on Marcus Greene.,home,58,49,9,13,FALSE,TRUE,0.9127531632027039,0.8796305532345521,4,4,3.5,132.5,Chris Hudson/Chance Wallesen/Jacob Hirz,"Honolulu, HI",Stan Sheriff Center,NA,5088,NA,NA,NA,NA,NA,NA,NA,NA,UC Davis,UC Davis,FALSE
401714391,2025-03-01,Hawaiâ€™i,UC Davis,285,2,9:58,598,598,Carl Daughtery Jr. subbing out for UC Davis,away,58,49,9,0,FALSE,FALSE,0.9127531632027039,0.8796305532345521,4,4,3.5,132.5,Chris Hudson/Chance Wallesen/Jacob Hirz,"Honolulu, HI",Stan Sheriff Center,NA,5088,NA,NA,NA,NA,NA,NA,NA,NA,UC Davis,UC Davis,FALSE
401714391,2025-03-01,Hawaiâ€™i,UC Davis,286,2,9:58,598,598,TY Johnson subbing in for UC Davis,away,58,49,9,0,FALSE,FALSE,0.9127531632027039,0.8796305532345521,4,4,3.5,132.5,Chris Hudson/Chance Wallesen/Jacob Hirz,"Honolulu, HI",Stan Sheriff Center,NA,5088,NA,NA,NA,NA,NA,NA,NA,NA,UC Davis,UC Davis,FALSE
401714391,2025-03-01,Hawaiâ€™i,UC Davis,287,2,9:58,598,598,Leo DeBruhl made Free Throw.,away,58,50,8,0,TRUE,FALSE,0.8934742964195919,0.85420171878681,4,4,3.5,132.5,Chris Hudson/Chance Wallesen/Jacob Hirz,"Honolulu, HI",Stan Sheriff Center,NA,5088,28,0,UC Davis,made,Leo DeBruhl,NA,FALSE,TRUE,UC Davis,UC Davis,FALSE
401714391,2025-03-01,Hawaiâ€™i,UC Davis,288,2,9:58,598,598,Leo DeBruhl made Free Throw.,away,58,51,7,0,TRUE,FALSE,0.8705396156450491,0.8244728415546076,4,4,3.5,132.5,Chris Hudson/Chance Wallesen/Jacob Hirz,"Honolulu, HI",Stan Sheriff Center,NA,5088,28,0,UC Davis,made,Leo DeBruhl,NA,FALSE,TRUE,UC Davis,Hawaiâ€™i,FALSE
401714391,2025-03-01,Hawaiâ€™i,UC Davis,289,2,9:32,572,572,Aaron Hunkin-Claytor missed Jumper.,home,58,51,7,26,FALSE,FALSE,0.8741429435119707,0.8297756122783092,4,4,3.5,132.5,Chris Hudson/Chance Wallesen/Jacob Hirz,"Honolulu, HI",Stan Sheriff Center,NA,5088,21.75,-4,Hawaiâ€™i,missed,Aaron Hunkin-Claytor,NA,FALSE,FALSE,Hawaiâ€™i,UC Davis,FALSE
401714391,2025-03-01,Hawaiâ€™i,UC Davis,290,2,9:31,571,571,UC Davis Defensive Rebound.,away,58,51,7,1,FALSE,FALSE,0.8742980056196011,0.8300017797611822,4,4,3.5,132.5,Chris Hudson/Chance Wallesen/Jacob Hirz,"Honolulu, HI",Stan Sheriff Center,NA,5088,NA,NA,NA,NA,NA,NA,NA,NA,Hawaiâ€™i,UC Davis,FALSE
401714391,2025-03-01,Hawaiâ€™i,UC Davis,291,2,9:23,563,563,TY Johnson made Layup.,away,58,53,5,8,TRUE,FALSE,0.8167434098437365,0.7580714657916108,4,4,3.5,132.5,Chris Hudson/Chance Wallesen/Jacob Hirz,"Honolulu, HI",Stan Sheriff Center,NA,5088,-38.75,-1,UC Davis,made,TY Johnson,NA,FALSE,FALSE,UC Davis,Hawaiâ€™i,FALSE
401714391,2025-03-01,Hawaiâ€™i,UC Davis,292,2,9:06,546,546,Gytis Nemeiksa missed Three Point Jumper.,home,58,53,5,17,FALSE,FALSE,0.819565837791926,0.7621693165399316,4,4,3.5,132.5,Chris Hudson/Chance Wallesen/Jacob Hirz,"Honolulu, HI",Stan Sheriff Center,NA,5088,17.75,-11,Hawaiâ€™i,missed,Gytis Nemeiksa,NA,TRUE,FALSE,Hawaiâ€™i,UC Davis,FALSE
401714391,2025-03-01,Hawaiâ€™i,UC Davis,293,2,9:03,543,543,Pablo Tamba Defensive Rebound.,away,58,53,5,3,FALSE,FALSE,0.8200501941237535,0.7628753989636861,4,4,3.5,132.5,Chris Hudson/Chance Wallesen/Jacob Hirz,"Honolulu, HI",Stan Sheriff Center,NA,5088,NA,NA,NA,NA,NA,NA,NA,NA,Hawaiâ€™i,UC Davis,FALSE
401714391,2025-03-01,Hawaiâ€™i,UC Davis,294,2,8:54,534,534,TY Johnson Turnover.,away,58,53,5,9,FALSE,FALSE,0.8213909185049802,0.7648482603251545,4,4,3.5,132.5,Chris Hudson/Chance Wallesen/Jacob Hirz,"Honolulu, HI",Stan Sheriff Center,NA,5088,NA,NA,NA,NA,NA,NA,NA,NA,UC Davis,Hawaiâ€™i,FALSE
401714391,2025-03-01,Hawaiâ€™i,UC Davis,295,2,8:54,534,534,Marcus Greene subbing out for Hawai'i,home,58,53,5,0,FALSE,FALSE,0.8213909185049802,0.7648482603251545,4,4,3.5,132.5,Chris Hudson/Chance Wallesen/Jacob Hirz,"Honolulu, HI",Stan Sheriff Center,NA,5088,NA,NA,NA,NA,NA,NA,NA,NA,UC Davis,Hawaiâ€™i,FALSE
401714391,2025-03-01,Hawaiâ€™i,UC Davis,296,2,8:54,534,534,Tom Beattie subbing in for Hawai'i,home,58,53,5,0,FALSE,FALSE,0.8213909185049802,0.7648482603251545,4,4,3.5,132.5,Chris Hudson/Chance Wallesen/Jacob Hirz,"Honolulu, HI",Stan Sheriff Center,NA,5088,NA,NA,NA,NA,NA,NA,NA,NA,UC Davis,Hawaiâ€™i,FALSE
401714391,2025-03-01,Hawaiâ€™i,UC Davis,297,2,8:54,534,534,Akira Jacobs subbing out for Hawai'i,home,58,53,5,0,FALSE,FALSE,0.8213909185049802,0.7648482603251545,4,4,3.5,132.5,Chris Hudson/Chance Wallesen/Jacob Hirz,"Honolulu, HI",Stan Sheriff Center,NA,5088,NA,NA,NA,NA,NA,NA,NA,NA,UC Davis,Hawaiâ€™i,FALSE
401714391,2025-03-01,Hawaiâ€™i,UC Davis,298,2,8:54,534,534,Ryan Rapp subbing in for Hawai'i,home,58,53,5,0,FALSE,FALSE,0.8213909185049802,0.7648482603251545,4,4,3.5,132.5,Chris Hudson/Chance Wallesen/Jacob Hirz,"Honolulu, HI",Stan Sheriff Center,NA,5088,NA,NA,NA,NA,NA,NA,NA,NA,UC Davis,Hawaiâ€™i,FALSE
401714391,2025-03-01,Hawaiâ€™i,UC Davis,299,2,8:38,518,518,Tanner Christensen missed Jumper.,home,58,53,5,16,FALSE,FALSE,0.8234656075870824,0.7679560786043846,4,4,3.5,132.5,Chris Hudson/Chance Wallesen/Jacob Hirz,"Honolulu, HI",Stan Sheriff Center,NA,5088,33.75,-2,Hawaiâ€™i,missed,Tanner Christensen,NA,FALSE,FALSE,Hawaiâ€™i,Hawaiâ€™i,FALSE
401714391,2025-03-01,Hawaiâ€™i,UC Davis,300,2,8:35,515,515,Gytis Nemeiksa Offensive Rebound.,home,58,53,5,3,FALSE,FALSE,0.8238255622719545,0.768501260730787,4,4,3.5,132.5,Chris Hudson/Chance Wallesen/Jacob Hirz,"Honolulu, HI",Stan Sheriff Center,NA,5088,NA,NA,NA,NA,NA,NA,NA,NA,Hawaiâ€™i,Hawaiâ€™i,FALSE
401714391,2025-03-01,Hawaiâ€™i,UC Davis,301,2,8:21,501,501,Tanner Christensen made Three Point Jumper. Assisted by Aaron Hunkin-Claytor.,home,61,53,8,14,TRUE,FALSE,0.9073816474126477,0.8745915784102807,4,4,3.5,132.5,Chris Hudson/Chance Wallesen/Jacob Hirz,"Honolulu, HI",Stan Sheriff Center,NA,5088,17.75,-8,Hawaiâ€™i,made,Tanner Christensen,Aaron Hunkin-Claytor,TRUE,FALSE,Hawaiâ€™i,UC Davis,FALSE
401714391,2025-03-01,Hawaiâ€™i,UC Davis,302,2,8:05,485,485,Foul on Tanner Christensen.,home,61,53,8,16,FALSE,TRUE,0.9093077512856222,0.8774477267165784,4,4,3.5,132.5,Chris Hudson/Chance Wallesen/Jacob Hirz,"Honolulu, HI",Stan Sheriff Center,NA,5088,NA,NA,NA,NA,NA,NA,NA,NA,UC Davis,UC Davis,FALSE
401714391,2025-03-01,Hawaiâ€™i,UC Davis,303,2,8:05,485,485,TY Johnson made Free Throw.,away,61,54,7,0,TRUE,FALSE,0.8868690898678895,0.8484402539413317,4,4,3.5,132.5,Chris Hudson/Chance Wallesen/Jacob Hirz,"Honolulu, HI",Stan Sheriff Center,NA,5088,28,0,UC Davis,made,TY Johnson,NA,FALSE,TRUE,UC Davis,UC Davis,FALSE
401714391,2025-03-01,Hawaiâ€™i,UC Davis,304,2,8:05,485,485,TY Johnson made Free Throw.,away,61,55,6,0,TRUE,FALSE,0.859735128055556,0.8140221191293271,4,4,3.5,132.5,Chris Hudson/Chance Wallesen/Jacob Hirz,"Honolulu, HI",Stan Sheriff Center,NA,5088,28,0,UC Davis,made,TY Johnson,NA,FALSE,TRUE,UC Davis,Hawaiâ€™i,FALSE
401714391,2025-03-01,Hawaiâ€™i,UC Davis,305,2,7:45,465,465,Aaron Hunkin-Claytor missed Jumper.,home,61,55,6,20,FALSE,FALSE,0.8626171109845345,0.8182637377376848,4,4,3.5,132.5,Chris Hudson/Chance Wallesen/Jacob Hirz,"Honolulu, HI",Stan Sheriff Center,NA,5088,36.75,8,Hawaiâ€™i,missed,Aaron Hunkin-Claytor,NA,FALSE,FALSE,Hawaiâ€™i,Hawaiâ€™i,FALSE
401714391,2025-03-01,Hawaiâ€™i,UC Davis,306,2,7:42,462,462,Tanner Christensen Offensive Rebound.,home,61,55,6,3,FALSE,FALSE,0.8631074096760887,0.8189760369301777,4,4,3.5,132.5,Chris Hudson/Chance Wallesen/Jacob Hirz,"Honolulu, HI",Stan Sheriff Center,NA,5088,NA,NA,NA,NA,NA,NA,NA,NA,Hawaiâ€™i,Hawaiâ€™i,FALSE
401714391,2025-03-01,Hawaiâ€™i,UC Davis,307,2,7:36,456,456,Tanner Christensen Turnover.,home,61,55,6,6,FALSE,FALSE,0.86414578445739,0.8204763860005605,4,4,3.5,132.5,Chris Hudson/Chance Wallesen/Jacob Hirz,"Honolulu, HI",Stan Sheriff Center,NA,5088,NA,NA,NA,NA,NA,NA,NA,NA,Hawaiâ€™i,UC Davis,FALSE
401714391,2025-03-01,Hawaiâ€™i,UC Davis,308,2,7:36,456,456,Leo DeBruhl Steal.,away,61,55,6,0,FALSE,FALSE,0.86414578445739,0.8204763860005605,4,4,3.5,132.5,Chris Hudson/Chance Wallesen/Jacob Hirz,"Honolulu, HI",Stan Sheriff Center,NA,5088,NA,NA,NA,NA,NA,NA,NA,NA,Hawaiâ€™i,UC Davis,FALSE
401714391,2025-03-01,Hawaiâ€™i,UC Davis,309,2,7:31,451,451,Foul on Gytis Nemeiksa.,home,61,55,6,5,FALSE,TRUE,0.8650757142508205,0.8218113880338559,4,4,3.5,132.5,Chris Hudson/Chance Wallesen/Jacob Hirz,"Honolulu, HI",Stan Sheriff Center,NA,5088,NA,NA,NA,NA,NA,NA,NA,NA,UC Davis,UC Davis,FALSE
401714391,2025-03-01,Hawaiâ€™i,UC Davis,310,2,7:31,451,451,Official TV Timeout,NA,61,55,6,0,FALSE,FALSE,0.8650757142508205,0.8218113880338559,4,4,3.5,132.5,Chris Hudson/Chance Wallesen/Jacob Hirz,"Honolulu, HI",Stan Sheriff Center,NA,5088,NA,NA,NA,NA,NA,NA,NA,NA,UC Davis,UC Davis,FALSE
401714391,2025-03-01,Hawaiâ€™i,UC Davis,311,2,7:31,451,451,TY Johnson missed Free Throw.,away,61,55,6,0,FALSE,FALSE,0.8650757142508205,0.8218113880338559,4,4,3.5,132.5,Chris Hudson/Chance Wallesen/Jacob Hirz,"Honolulu, HI",Stan Sheriff Center,NA,5088,28,0,UC Davis,missed,TY Johnson,NA,FALSE,TRUE,UC Davis,UC Davis,FALSE
401714391,2025-03-01,Hawaiâ€™i,UC Davis,312,2,7:31,451,451,UC Davis Deadball Team Rebound.,away,61,55,6,0,FALSE,FALSE,0.8650757142508205,0.8218113880338559,4,4,3.5,132.5,Chris Hudson/Chance Wallesen/Jacob Hirz,"Honolulu, HI",Stan Sheriff Center,NA,5088,NA,NA,NA,NA,NA,NA,NA,NA,UC Davis,UC Davis,FALSE
401714391,2025-03-01,Hawaiâ€™i,UC Davis,313,2,7:31,451,451,TY Johnson made Free Throw.,away,61,56,5,0,TRUE,FALSE,0.8324826158754709,0.7814079681491252,4,4,3.5,132.5,Chris Hudson/Chance Wallesen/Jacob Hirz,"Honolulu, HI",Stan Sheriff Center,NA,5088,28,0,UC Davis,made,TY Johnson,NA,FALSE,TRUE,UC Davis,Hawaiâ€™i,FALSE
401714391,2025-03-01,Hawaiâ€™i,UC Davis,314,2,7:06,426,426,Ryan Rapp missed Three Point Jumper.,home,61,56,5,25,FALSE,FALSE,0.8380084683985892,0.7892328311961243,4,4,3.5,132.5,Chris Hudson/Chance Wallesen/Jacob Hirz,"Honolulu, HI",Stan Sheriff Center,NA,5088,21.75,-15,Hawaiâ€™i,missed,Ryan Rapp,NA,TRUE,FALSE,Hawaiâ€™i,UC Davis,FALSE
401714391,2025-03-01,Hawaiâ€™i,UC Davis,315,2,7:03,423,423,Pablo Tamba Defensive Rebound.,away,61,56,5,3,FALSE,FALSE,0.8387169550798089,0.7902351633400573,4,4,3.5,132.5,Chris Hudson/Chance Wallesen/Jacob Hirz,"Honolulu, HI",Stan Sheriff Center,NA,5088,NA,NA,NA,NA,NA,NA,NA,NA,Hawaiâ€™i,UC Davis,FALSE
401714391,2025-03-01,Hawaiâ€™i,UC Davis,316,2,6:40,400,400,TY Johnson Turnover.,away,61,56,5,23,FALSE,FALSE,0.8436370323021822,0.7973238949107089,4,4,3.5,132.5,Chris Hudson/Chance Wallesen/Jacob Hirz,"Honolulu, HI",Stan Sheriff Center,NA,5088,NA,NA,NA,NA,NA,NA,NA,NA,UC Davis,Hawaiâ€™i,FALSE
401714391,2025-03-01,Hawaiâ€™i,UC Davis,317,2,6:31,391,391,Gytis Nemeiksa missed Jumper.,home,61,56,5,9,FALSE,FALSE,0.8454348361454239,0.7999553507168289,4,4,3.5,132.5,Chris Hudson/Chance Wallesen/Jacob Hirz,"Honolulu, HI",Stan Sheriff Center,NA,5088,33.75,-4,Hawaiâ€™i,missed,Gytis Nemeiksa,NA,FALSE,FALSE,Hawaiâ€™i,UC Davis,FALSE
401714391,2025-03-01,Hawaiâ€™i,UC Davis,318,2,6:29,389,389,TY Johnson Defensive Rebound.,away,61,56,5,2,FALSE,FALSE,0.8458330955492797,0.8005395452401894,4,4,3.5,132.5,Chris Hudson/Chance Wallesen/Jacob Hirz,"Honolulu, HI",Stan Sheriff Center,NA,5088,NA,NA,NA,NA,NA,NA,NA,NA,Hawaiâ€™i,UC Davis,FALSE
401714391,2025-03-01,Hawaiâ€™i,UC Davis,319,2,6:08,368,368,Pablo Tamba missed Jumper.,away,61,56,5,21,FALSE,FALSE,0.8501525692472284,0.8068612480742724,4,4,3.5,132.5,Chris Hudson/Chance Wallesen/Jacob Hirz,"Honolulu, HI",Stan Sheriff Center,NA,5088,-35.75,3,UC Davis,missed,Pablo Tamba,NA,FALSE,FALSE,UC Davis,Hawaiâ€™i,FALSE
401714391,2025-03-01,Hawaiâ€™i,UC Davis,320,2,6:06,366,366,Gytis Nemeiksa Defensive Rebound.,home,61,56,5,2,FALSE,FALSE,0.8505888849350937,0.8074954748118961,4,4,3.5,132.5,Chris Hudson/Chance Wallesen/Jacob Hirz,"Honolulu, HI",Stan Sheriff Center,NA,5088,NA,NA,NA,NA,NA,NA,NA,NA,UC Davis,Hawaiâ€™i,FALSE
401714391,2025-03-01,Hawaiâ€™i,UC Davis,321,2,5:52,352,352,Foul on Connor Sevilla.,away,61,56,5,14,FALSE,TRUE,0.8538453112433284,0.8121890092491484,4,4,3.5,132.5,Chris Hudson/Chance Wallesen/Jacob Hirz,"Honolulu, HI",Stan Sheriff Center,NA,5088,NA,NA,NA,NA,NA,NA,NA,NA,Hawaiâ€™i,Hawaiâ€™i,FALSE
401714391,2025-03-01,Hawaiâ€™i,UC Davis,322,2,5:52,352,352,Gytis Nemeiksa made Free Throw.,home,62,56,6,0,TRUE,FALSE,0.8867478448462662,0.852853160708915,4,4,3.5,132.5,Chris Hudson/Chance Wallesen/Jacob Hirz,"Honolulu, HI",Stan Sheriff Center,NA,5088,-28,-0,Hawaiâ€™i,made,Gytis Nemeiksa,NA,FALSE,TRUE,Hawaiâ€™i,Hawaiâ€™i,FALSE
401714391,2025-03-01,Hawaiâ€™i,UC Davis,323,2,5:52,352,352,Gytis Nemeiksa made Free Throw.,home,63,56,7,0,TRUE,FALSE,0.9129980543928045,0.8859492144097023,4,4,3.5,132.5,Chris Hudson/Chance Wallesen/Jacob Hirz,"Honolulu, HI",Stan Sheriff Center,NA,5088,-28,-0,Hawaiâ€™i,made,Gytis Nemeiksa,NA,FALSE,TRUE,Hawaiâ€™i,UC Davis,FALSE
401714391,2025-03-01,Hawaiâ€™i,UC Davis,324,2,5:37,337,337,Connor Sevilla missed Three Point Jumper.,away,63,56,7,15,FALSE,FALSE,0.9166957523396854,0.8911590038944978,4,4,3.5,132.5,Chris Hudson/Chance Wallesen/Jacob Hirz,"Honolulu, HI",Stan Sheriff Center,NA,5088,-16.75,-3,UC Davis,missed,Connor Sevilla,NA,TRUE,FALSE,UC Davis,Hawaiâ€™i,FALSE
401714391,2025-03-01,Hawaiâ€™i,UC Davis,325,2,5:32,332,332,Hawai'i Defensive Rebound.,home,63,56,7,5,FALSE,FALSE,0.9180424613011082,0.8930384821653465,4,4,3.5,132.5,Chris Hudson/Chance Wallesen/Jacob Hirz,"Honolulu, HI",Stan Sheriff Center,NA,5088,NA,NA,NA,NA,NA,NA,NA,NA,UC Davis,Hawaiâ€™i,FALSE
401714391,2025-03-01,Hawaiâ€™i,UC Davis,326,2,5:11,311,311,Tom Beattie made Three Point Jumper. Assisted by Aaron Hunkin-Claytor.,home,66,56,10,21,TRUE,FALSE,0.9693596866034717,0.9596146438182737,4,4,3.5,132.5,Chris Hudson/Chance Wallesen/Jacob Hirz,"Honolulu, HI",Stan Sheriff Center,NA,5088,15.75,3,Hawaiâ€™i,made,Tom Beattie,Aaron Hunkin-Claytor,TRUE,FALSE,Hawaiâ€™i,UC Davis,FALSE
401714391,2025-03-01,Hawaiâ€™i,UC Davis,327,2,4:48,288,288,TY Johnson made Three Point Jumper.,away,66,59,7,23,TRUE,FALSE,0.9276942574475636,0.9067019163975841,4,4,3.5,132.5,Chris Hudson/Chance Wallesen/Jacob Hirz,"Honolulu, HI",Stan Sheriff Center,NA,5088,-22.75,17,UC Davis,made,TY Johnson,NA,TRUE,FALSE,UC Davis,Hawaiâ€™i,FALSE
401714391,2025-03-01,Hawaiâ€™i,UC Davis,328,2,4:21,261,261,Tanner Christensen missed Three Point Jumper.,home,66,59,7,27,FALSE,FALSE,0.9242824375389677,0.9032755854372377,4,4,3.5,132.5,Chris Hudson/Chance Wallesen/Jacob Hirz,"Honolulu, HI",Stan Sheriff Center,NA,5088,17.75,8,Hawaiâ€™i,missed,Tanner Christensen,NA,TRUE,FALSE,Hawaiâ€™i,UC Davis,FALSE
401714391,2025-03-01,Hawaiâ€™i,UC Davis,329,2,4:21,261,261,UC Davis Defensive Rebound.,away,66,59,7,0,FALSE,FALSE,0.9242824375389677,0.9032755854372377,4,4,3.5,132.5,Chris Hudson/Chance Wallesen/Jacob Hirz,"Honolulu, HI",Stan Sheriff Center,NA,5088,NA,NA,NA,NA,NA,NA,NA,NA,Hawaiâ€™i,UC Davis,FALSE
401714391,2025-03-01,Hawaiâ€™i,UC Davis,330,2,4:03,243,243,Pablo Tamba Turnover.,away,66,59,7,18,FALSE,FALSE,0.9215657297259323,0.9005049702271388,4,4,3.5,132.5,Chris Hudson/Chance Wallesen/Jacob Hirz,"Honolulu, HI",Stan Sheriff Center,NA,5088,NA,NA,NA,NA,NA,NA,NA,NA,UC Davis,Hawaiâ€™i,FALSE
401714391,2025-03-01,Hawaiâ€™i,UC Davis,331,2,3:46,226,226,Foul on Niko Rocak.,away,66,59,7,17,FALSE,TRUE,0.9215365833804368,0.9010818152772654,4,4,3.5,132.5,Chris Hudson/Chance Wallesen/Jacob Hirz,"Honolulu, HI",Stan Sheriff Center,NA,5088,NA,NA,NA,NA,NA,NA,NA,NA,Hawaiâ€™i,Hawaiâ€™i,FALSE
401714391,2025-03-01,Hawaiâ€™i,UC Davis,332,2,3:46,226,226,Official TV Timeout,NA,66,59,7,0,FALSE,FALSE,0.9215365833804368,0.9010818152772654,4,4,3.5,132.5,Chris Hudson/Chance Wallesen/Jacob Hirz,"Honolulu, HI",Stan Sheriff Center,NA,5088,NA,NA,NA,NA,NA,NA,NA,NA,Hawaiâ€™i,Hawaiâ€™i,FALSE
401714391,2025-03-01,Hawaiâ€™i,UC Davis,333,2,3:46,226,226,Gytis Nemeiksa made Free Throw.,home,67,59,8,0,TRUE,FALSE,0.941531777602526,0.9258702847747867,4,4,3.5,132.5,Chris Hudson/Chance Wallesen/Jacob Hirz,"Honolulu, HI",Stan Sheriff Center,NA,5088,-28,-0,Hawaiâ€™i,made,Gytis Nemeiksa,NA,FALSE,TRUE,Hawaiâ€™i,Hawaiâ€™i,FALSE
401714391,2025-03-01,Hawaiâ€™i,UC Davis,334,2,3:46,226,226,Gytis Nemeiksa made Free Throw.,home,68,59,9,0,TRUE,FALSE,0.9566710835878289,0.9448272214063314,4,4,3.5,132.5,Chris Hudson/Chance Wallesen/Jacob Hirz,"Honolulu, HI",Stan Sheriff Center,NA,5088,-28,-0,Hawaiâ€™i,made,Gytis Nemeiksa,NA,FALSE,TRUE,Hawaiâ€™i,UC Davis,FALSE
401714391,2025-03-01,Hawaiâ€™i,UC Davis,335,2,3:19,199,199,TY Johnson missed Jumper.,away,68,59,9,27,FALSE,FALSE,0.9640770641369804,0.954680698507259,4,4,3.5,132.5,Chris Hudson/Chance Wallesen/Jacob Hirz,"Honolulu, HI",Stan Sheriff Center,NA,5088,-40.75,-16,UC Davis,missed,TY Johnson,NA,FALSE,FALSE,UC Davis,UC Davis,FALSE
401714391,2025-03-01,Hawaiâ€™i,UC Davis,336,2,3:15,195,195,Niko Rocak Offensive Rebound.,away,68,59,9,4,FALSE,FALSE,0.9660067028712161,0.957170980318068,4,4,3.5,132.5,Chris Hudson/Chance Wallesen/Jacob Hirz,"Honolulu, HI",Stan Sheriff Center,NA,5088,NA,NA,NA,NA,NA,NA,NA,NA,UC Davis,UC Davis,FALSE
401714391,2025-03-01,Hawaiâ€™i,UC Davis,337,2,3:05,185,185,TY Johnson missed Jumper.,away,68,59,9,10,FALSE,FALSE,0.9713197049825789,0.9639849565400751,4,4,3.5,132.5,Chris Hudson/Chance Wallesen/Jacob Hirz,"Honolulu, HI",Stan Sheriff Center,NA,5088,-28.75,2,UC Davis,missed,TY Johnson,NA,FALSE,FALSE,UC Davis,Hawaiâ€™i,FALSE
401714391,2025-03-01,Hawaiâ€™i,UC Davis,338,2,3:01,181,181,Tom Beattie Defensive Rebound.,home,68,59,9,4,FALSE,FALSE,0.973301248313406,0.9665207704724419,4,4,3.5,132.5,Chris Hudson/Chance Wallesen/Jacob Hirz,"Honolulu, HI",Stan Sheriff Center,NA,5088,NA,NA,NA,NA,NA,NA,NA,NA,UC Davis,Hawaiâ€™i,FALSE
401714391,2025-03-01,Hawaiâ€™i,UC Davis,339,2,2:44,164,164,Tanner Christensen Turnover.,home,68,59,9,17,FALSE,FALSE,0.9805603694818525,0.9757836715377524,4,4,3.5,132.5,Chris Hudson/Chance Wallesen/Jacob Hirz,"Honolulu, HI",Stan Sheriff Center,NA,5088,NA,NA,NA,NA,NA,NA,NA,NA,Hawaiâ€™i,UC Davis,FALSE
401714391,2025-03-01,Hawaiâ€™i,UC Davis,340,2,2:44,164,164,TY Johnson Steal.,away,68,59,9,0,FALSE,FALSE,0.9805603694818525,0.9757836715377524,4,4,3.5,132.5,Chris Hudson/Chance Wallesen/Jacob Hirz,"Honolulu, HI",Stan Sheriff Center,NA,5088,NA,NA,NA,NA,NA,NA,NA,NA,Hawaiâ€™i,UC Davis,FALSE
401714391,2025-03-01,Hawaiâ€™i,UC Davis,341,2,2:38,158,158,TY Johnson missed Three Point Jumper.,away,68,59,9,6,FALSE,FALSE,0.9827539690728166,0.9785705143223866,4,4,3.5,132.5,Chris Hudson/Chance Wallesen/Jacob Hirz,"Honolulu, HI",Stan Sheriff Center,NA,5088,-33.75,24,UC Davis,missed,TY Johnson,NA,TRUE,FALSE,UC Davis,Hawaiâ€™i,FALSE
401714391,2025-03-01,Hawaiâ€™i,UC Davis,342,2,2:34,154,154,Gytis Nemeiksa Defensive Rebound.,home,68,59,9,4,FALSE,FALSE,0.9841253385432033,0.9803088261698596,4,4,3.5,132.5,Chris Hudson/Chance Wallesen/Jacob Hirz,"Honolulu, HI",Stan Sheriff Center,NA,5088,NA,NA,NA,NA,NA,NA,NA,NA,UC Davis,Hawaiâ€™i,FALSE
401714391,2025-03-01,Hawaiâ€™i,UC Davis,343,2,2:30,150,150,Gytis Nemeiksa missed Layup.,home,68,59,9,4,FALSE,FALSE,0.9854279435311571,0.9819567850129735,4,4,3.5,132.5,Chris Hudson/Chance Wallesen/Jacob Hirz,"Honolulu, HI",Stan Sheriff Center,NA,5088,34.75,1,Hawaiâ€™i,missed,Gytis Nemeiksa,NA,FALSE,FALSE,Hawaiâ€™i,Hawaiâ€™i,FALSE
401714391,2025-03-01,Hawaiâ€™i,UC Davis,344,2,2:28,148,148,Gytis Nemeiksa Offensive Rebound.,home,68,59,9,2,FALSE,FALSE,0.9860542856850131,0.9827479823849496,4,4,3.5,132.5,Chris Hudson/Chance Wallesen/Jacob Hirz,"Honolulu, HI",Stan Sheriff Center,NA,5088,NA,NA,NA,NA,NA,NA,NA,NA,Hawaiâ€™i,Hawaiâ€™i,FALSE
401714391,2025-03-01,Hawaiâ€™i,UC Davis,345,2,2:26,146,146,Gytis Nemeiksa missed Jumper.,home,68,59,9,2,FALSE,FALSE,0.9866643401745794,0.9835178033416758,4,4,3.5,132.5,Chris Hudson/Chance Wallesen/Jacob Hirz,"Honolulu, HI",Stan Sheriff Center,NA,5088,38.75,-2,Hawaiâ€™i,missed,Gytis Nemeiksa,NA,FALSE,FALSE,Hawaiâ€™i,UC Davis,FALSE
401714391,2025-03-01,Hawaiâ€™i,UC Davis,346,2,2:21,141,141,TY Johnson Defensive Rebound.,away,68,59,9,5,FALSE,FALSE,0.9881195612079102,0.9853507079351366,4,4,3.5,132.5,Chris Hudson/Chance Wallesen/Jacob Hirz,"Honolulu, HI",Stan Sheriff Center,NA,5088,NA,NA,NA,NA,NA,NA,NA,NA,Hawaiâ€™i,UC Davis,FALSE
401714391,2025-03-01,Hawaiâ€™i,UC Davis,347,2,2:20,140,140,TY Johnson missed Layup.,away,68,59,9,1,FALSE,FALSE,0.9883987859821459,0.9857018162709544,4,4,3.5,132.5,Chris Hudson/Chance Wallesen/Jacob Hirz,"Honolulu, HI",Stan Sheriff Center,NA,5088,-37.75,3,UC Davis,missed,TY Johnson,NA,FALSE,FALSE,UC Davis,UC Davis,FALSE
401714391,2025-03-01,Hawaiâ€™i,UC Davis,348,2,2:18,138,138,Pablo Tamba Offensive Rebound.,away,68,59,9,2,FALSE,FALSE,0.988945549484547,0.9863887593154715,4,4,3.5,132.5,Chris Hudson/Chance Wallesen/Jacob Hirz,"Honolulu, HI",Stan Sheriff Center,NA,5088,NA,NA,NA,NA,NA,NA,NA,NA,UC Davis,UC Davis,FALSE
401714391,2025-03-01,Hawaiâ€™i,UC Davis,349,2,2:17,137,137,Pablo Tamba missed Layup.,away,68,59,9,1,FALSE,FALSE,0.9892131154232858,0.9867246363890054,4,4,3.5,132.5,Chris Hudson/Chance Wallesen/Jacob Hirz,"Honolulu, HI",Stan Sheriff Center,NA,5088,-40.75,1,UC Davis,missed,Pablo Tamba,NA,FALSE,FALSE,UC Davis,Hawaiâ€™i,FALSE
401714391,2025-03-01,Hawaiâ€™i,UC Davis,350,2,2:15,135,135,Tom Beattie Defensive Rebound.,home,68,59,9,2,FALSE,FALSE,0.9897366754291214,0.9873812977037311,4,4,3.5,132.5,Chris Hudson/Chance Wallesen/Jacob Hirz,"Honolulu, HI",Stan Sheriff Center,NA,5088,NA,NA,NA,NA,NA,NA,NA,NA,UC Davis,Hawaiâ€™i,FALSE
401714391,2025-03-01,Hawaiâ€™i,UC Davis,351,2,2:11,131,131,Hawai'i Timeout,home,68,59,9,4,FALSE,FALSE,0.9907377874215187,0.9886347221186965,4,3,3.5,132.5,Chris Hudson/Chance Wallesen/Jacob Hirz,"Honolulu, HI",Stan Sheriff Center,NA,5088,NA,NA,NA,NA,NA,NA,NA,NA,Hawaiâ€™i,Hawaiâ€™i,FALSE
401714391,2025-03-01,Hawaiâ€™i,UC Davis,352,2,2:11,131,131,Niko Rocak subbing out for UC Davis,away,68,59,9,0,FALSE,FALSE,0.9907377874215187,0.9886347221186965,4,3,3.5,132.5,Chris Hudson/Chance Wallesen/Jacob Hirz,"Honolulu, HI",Stan Sheriff Center,NA,5088,NA,NA,NA,NA,NA,NA,NA,NA,Hawaiâ€™i,Hawaiâ€™i,FALSE
401714391,2025-03-01,Hawaiâ€™i,UC Davis,353,2,2:11,131,131,Jamaal Unuakhalu subbing in for UC Davis,away,68,59,9,0,FALSE,FALSE,0.9907377874215187,0.9886347221186965,4,3,3.5,132.5,Chris Hudson/Chance Wallesen/Jacob Hirz,"Honolulu, HI",Stan Sheriff Center,NA,5088,NA,NA,NA,NA,NA,NA,NA,NA,Hawaiâ€™i,Hawaiâ€™i,FALSE
401714391,2025-03-01,Hawaiâ€™i,UC Davis,354,2,1:49,109,109,Aaron Hunkin-Claytor missed Three Point Jumper.,home,68,59,9,22,FALSE,FALSE,0.9951693125415992,0.9941412401302723,4,3,3.5,132.5,Chris Hudson/Chance Wallesen/Jacob Hirz,"Honolulu, HI",Stan Sheriff Center,NA,5088,24.75,19,Hawaiâ€™i,missed,Aaron Hunkin-Claytor,NA,TRUE,FALSE,Hawaiâ€™i,UC Davis,FALSE
401714391,2025-03-01,Hawaiâ€™i,UC Davis,355,2,1:47,107,107,Leo DeBruhl Defensive Rebound.,away,68,59,9,2,FALSE,FALSE,0.9954843441911749,0.9945294770817675,4,3,3.5,132.5,Chris Hudson/Chance Wallesen/Jacob Hirz,"Honolulu, HI",Stan Sheriff Center,NA,5088,NA,NA,NA,NA,NA,NA,NA,NA,Hawaiâ€™i,UC Davis,FALSE
401714391,2025-03-01,Hawaiâ€™i,UC Davis,356,2,1:39,99,99,Leo DeBruhl missed Layup.,away,68,59,9,8,FALSE,FALSE,0.9966056292188369,0.9959067747911998,4,3,3.5,132.5,Chris Hudson/Chance Wallesen/Jacob Hirz,"Honolulu, HI",Stan Sheriff Center,NA,5088,-36.75,2,UC Davis,missed,Leo DeBruhl,NA,FALSE,FALSE,UC Davis,Hawaiâ€™i,FALSE
401714391,2025-03-01,Hawaiâ€™i,UC Davis,357,2,1:36,96,96,Tanner Christensen Defensive Rebound.,home,68,59,9,3,FALSE,FALSE,0.9969708123861459,0.9963536133449915,4,3,3.5,132.5,Chris Hudson/Chance Wallesen/Jacob Hirz,"Honolulu, HI",Stan Sheriff Center,NA,5088,NA,NA,NA,NA,NA,NA,NA,NA,UC Davis,Hawaiâ€™i,FALSE
401714391,2025-03-01,Hawaiâ€™i,UC Davis,358,2,1:18,78,78,Foul on Jamaal Unuakhalu.,away,68,59,9,18,FALSE,TRUE,0.9985301020741795,0.9982500060461196,4,3,3.5,132.5,Chris Hudson/Chance Wallesen/Jacob Hirz,"Honolulu, HI",Stan Sheriff Center,NA,5088,NA,NA,NA,NA,NA,NA,NA,NA,Hawaiâ€™i,Hawaiâ€™i,FALSE
401714391,2025-03-01,Hawaiâ€™i,UC Davis,359,2,1:18,78,78,Tanner Christensen made Free Throw.,home,69,59,10,0,TRUE,FALSE,0.9992732826337384,0.9991346804655409,4,3,3.5,132.5,Chris Hudson/Chance Wallesen/Jacob Hirz,"Honolulu, HI",Stan Sheriff Center,NA,5088,-28,-0,Hawaiâ€™i,made,Tanner Christensen,NA,FALSE,TRUE,Hawaiâ€™i,Hawaiâ€™i,FALSE
401714391,2025-03-01,Hawaiâ€™i,UC Davis,360,2,1:18,78,78,Leo DeBruhl subbing out for UC Davis,away,69,59,10,0,FALSE,FALSE,0.9992732826337384,0.9991346804655409,4,3,3.5,132.5,Chris Hudson/Chance Wallesen/Jacob Hirz,"Honolulu, HI",Stan Sheriff Center,NA,5088,NA,NA,NA,NA,NA,NA,NA,NA,Hawaiâ€™i,Hawaiâ€™i,FALSE
401714391,2025-03-01,Hawaiâ€™i,UC Davis,361,2,1:18,78,78,Carl Daughtery Jr. subbing in for UC Davis,away,69,59,10,0,FALSE,FALSE,0.9992732826337384,0.9991346804655409,4,3,3.5,132.5,Chris Hudson/Chance Wallesen/Jacob Hirz,"Honolulu, HI",Stan Sheriff Center,NA,5088,NA,NA,NA,NA,NA,NA,NA,NA,Hawaiâ€™i,Hawaiâ€™i,FALSE
401714391,2025-03-01,Hawaiâ€™i,UC Davis,362,2,1:18,78,78,Tanner Christensen made Free Throw.,home,70,59,11,0,TRUE,FALSE,0.9996408461688024,0.9995723170456108,4,3,3.5,132.5,Chris Hudson/Chance Wallesen/Jacob Hirz,"Honolulu, HI",Stan Sheriff Center,NA,5088,-28,-0,Hawaiâ€™i,made,Tanner Christensen,NA,FALSE,TRUE,Hawaiâ€™i,UC Davis,FALSE
401714391,2025-03-01,Hawaiâ€™i,UC Davis,363,2,1:10,70,70,TY Johnson missed Layup.,away,70,59,11,8,FALSE,FALSE,0.9997661324254477,0.9997229481002977,4,3,3.5,132.5,Chris Hudson/Chance Wallesen/Jacob Hirz,"Honolulu, HI",Stan Sheriff Center,NA,5088,-37.75,-1,UC Davis,missed,TY Johnson,NA,FALSE,FALSE,UC Davis,Hawaiâ€™i,FALSE
401714391,2025-03-01,Hawaiâ€™i,UC Davis,364,2,1:08,68,68,Gytis Nemeiksa Defensive Rebound.,home,70,59,11,2,FALSE,FALSE,0.9997907388670502,0.9997524236367723,4,3,3.5,132.5,Chris Hudson/Chance Wallesen/Jacob Hirz,"Honolulu, HI",Stan Sheriff Center,NA,5088,NA,NA,NA,NA,NA,NA,NA,NA,UC Davis,Hawaiâ€™i,FALSE
401714391,2025-03-01,Hawaiâ€™i,UC Davis,365,2,1:07,67,67,Gytis Nemeiksa Turnover.,home,70,59,11,1,FALSE,FALSE,0.9998021277430961,0.9997660519835996,4,3,3.5,132.5,Chris Hudson/Chance Wallesen/Jacob Hirz,"Honolulu, HI",Stan Sheriff Center,NA,5088,NA,NA,NA,NA,NA,NA,NA,NA,Hawaiâ€™i,UC Davis,FALSE
401714391,2025-03-01,Hawaiâ€™i,UC Davis,366,2,1:07,67,67,Carl Daughtery Jr. Steal.,away,70,59,11,0,FALSE,FALSE,0.9998021277430961,0.9997660519835996,4,3,3.5,132.5,Chris Hudson/Chance Wallesen/Jacob Hirz,"Honolulu, HI",Stan Sheriff Center,NA,5088,NA,NA,NA,NA,NA,NA,NA,NA,Hawaiâ€™i,UC Davis,FALSE
401714391,2025-03-01,Hawaiâ€™i,UC Davis,367,2,1:03,63,63,Connor Sevilla missed Three Point Jumper.,away,70,59,11,4,FALSE,FALSE,0.9998422315592238,0.9998139610397253,4,3,3.5,132.5,Chris Hudson/Chance Wallesen/Jacob Hirz,"Honolulu, HI",Stan Sheriff Center,NA,5088,-17.75,9,UC Davis,missed,Connor Sevilla,NA,TRUE,FALSE,UC Davis,UC Davis,FALSE
401714391,2025-03-01,Hawaiâ€™i,UC Davis,368,2,0:59,59,59,TY Johnson Offensive Rebound.,away,70,59,11,4,FALSE,FALSE,0.9998747770768845,0.9998527325428985,4,3,3.5,132.5,Chris Hudson/Chance Wallesen/Jacob Hirz,"Honolulu, HI",Stan Sheriff Center,NA,5088,NA,NA,NA,NA,NA,NA,NA,NA,UC Davis,UC Davis,FALSE
401714391,2025-03-01,Hawaiâ€™i,UC Davis,369,2,0:56,56,56,TY Johnson missed Jumper.,away,70,59,11,3,FALSE,FALSE,0.9998950379255349,0.9998768093388247,4,3,3.5,132.5,Chris Hudson/Chance Wallesen/Jacob Hirz,"Honolulu, HI",Stan Sheriff Center,NA,5088,-35.75,5,UC Davis,missed,TY Johnson,NA,FALSE,FALSE,UC Davis,UC Davis,FALSE
401714391,2025-03-01,Hawaiâ€™i,UC Davis,370,2,0:56,56,56,Carl Daughtery Jr. Offensive Rebound.,away,70,59,11,0,FALSE,FALSE,0.9998950379255349,0.9998768093388247,4,3,3.5,132.5,Chris Hudson/Chance Wallesen/Jacob Hirz,"Honolulu, HI",Stan Sheriff Center,NA,5088,NA,NA,NA,NA,NA,NA,NA,NA,UC Davis,UC Davis,FALSE
401714391,2025-03-01,Hawaiâ€™i,UC Davis,371,2,0:56,56,56,Foul on Gytis Nemeiksa.,home,70,59,11,0,FALSE,TRUE,0.9998950379255349,0.9998768093388247,4,3,3.5,132.5,Chris Hudson/Chance Wallesen/Jacob Hirz,"Honolulu, HI",Stan Sheriff Center,NA,5088,NA,NA,NA,NA,NA,NA,NA,NA,UC Davis,UC Davis,FALSE
401714391,2025-03-01,Hawaiâ€™i,UC Davis,372,2,0:56,56,56,Carl Daughtery Jr. missed Free Throw.,away,70,59,11,0,FALSE,FALSE,0.9998950379255349,0.9998768093388247,4,3,3.5,132.5,Chris Hudson/Chance Wallesen/Jacob Hirz,"Honolulu, HI",Stan Sheriff Center,NA,5088,28,0,UC Davis,missed,Carl Daughtery Jr.,NA,FALSE,TRUE,UC Davis,UC Davis,FALSE
401714391,2025-03-01,Hawaiâ€™i,UC Davis,373,2,0:56,56,56,UC Davis Deadball Team Rebound.,away,70,59,11,0,FALSE,FALSE,0.9998950379255349,0.9998768093388247,4,3,3.5,132.5,Chris Hudson/Chance Wallesen/Jacob Hirz,"Honolulu, HI",Stan Sheriff Center,NA,5088,NA,NA,NA,NA,NA,NA,NA,NA,UC Davis,UC Davis,FALSE
401714391,2025-03-01,Hawaiâ€™i,UC Davis,374,2,0:56,56,56,Carl Daughtery Jr. made Free Throw.,away,70,60,10,0,TRUE,FALSE,0.9997621123904957,0.999720805295843,4,3,3.5,132.5,Chris Hudson/Chance Wallesen/Jacob Hirz,"Honolulu, HI",Stan Sheriff Center,NA,5088,28,0,UC Davis,made,Carl Daughtery Jr.,NA,FALSE,TRUE,UC Davis,UC Davis,FALSE
401714391,2025-03-01,Hawaiâ€™i,UC Davis,375,2,0:56,56,56,UC Davis Timeout,away,70,60,10,0,FALSE,FALSE,0.9997621123904957,0.999720805295843,3,3,3.5,132.5,Chris Hudson/Chance Wallesen/Jacob Hirz,"Honolulu, HI",Stan Sheriff Center,NA,5088,NA,NA,NA,NA,NA,NA,NA,NA,UC Davis,UC Davis,FALSE
401714391,2025-03-01,Hawaiâ€™i,UC Davis,376,2,0:56,56,56,Connor Sevilla subbing out for UC Davis,away,70,60,10,0,FALSE,FALSE,0.9997621123904957,0.999720805295843,3,3,3.5,132.5,Chris Hudson/Chance Wallesen/Jacob Hirz,"Honolulu, HI",Stan Sheriff Center,NA,5088,NA,NA,NA,NA,NA,NA,NA,NA,UC Davis,UC Davis,FALSE
401714391,2025-03-01,Hawaiâ€™i,UC Davis,377,2,0:56,56,56,Nils Cooper subbing in for UC Davis,away,70,60,10,0,FALSE,FALSE,0.9997621123904957,0.999720805295843,3,3,3.5,132.5,Chris Hudson/Chance Wallesen/Jacob Hirz,"Honolulu, HI",Stan Sheriff Center,NA,5088,NA,NA,NA,NA,NA,NA,NA,NA,UC Davis,UC Davis,FALSE
401714391,2025-03-01,Hawaiâ€™i,UC Davis,378,2,0:52,52,52,Foul on Nils Cooper.,away,70,60,10,4,FALSE,TRUE,0.9998086819416523,0.9997760693713876,3,3,3.5,132.5,Chris Hudson/Chance Wallesen/Jacob Hirz,"Honolulu, HI",Stan Sheriff Center,NA,5088,NA,NA,NA,NA,NA,NA,NA,NA,Hawaiâ€™i,Hawaiâ€™i,FALSE
401714391,2025-03-01,Hawaiâ€™i,UC Davis,379,2,0:52,52,52,Ryan Rapp made Free Throw.,home,71,60,11,0,TRUE,FALSE,0.999917429621417,0.9999033526695291,3,3,3.5,132.5,Chris Hudson/Chance Wallesen/Jacob Hirz,"Honolulu, HI",Stan Sheriff Center,NA,5088,-28,-0,Hawaiâ€™i,made,Ryan Rapp,NA,FALSE,TRUE,Hawaiâ€™i,Hawaiâ€™i,FALSE
401714391,2025-03-01,Hawaiâ€™i,UC Davis,380,2,0:52,52,52,Ryan Rapp made Free Throw.,home,72,60,12,0,TRUE,FALSE,0.9999643659046789,0.9999582905176627,3,3,3.5,132.5,Chris Hudson/Chance Wallesen/Jacob Hirz,"Honolulu, HI",Stan Sheriff Center,NA,5088,-28,-0,Hawaiâ€™i,made,Ryan Rapp,NA,FALSE,TRUE,Hawaiâ€™i,UC Davis,FALSE
401714391,2025-03-01,Hawaiâ€™i,UC Davis,381,2,0:47,47,47,TY Johnson made Jumper.,away,72,62,10,5,TRUE,FALSE,0.9998553462835303,0.9998312677872547,3,3,3.5,132.5,Chris Hudson/Chance Wallesen/Jacob Hirz,"Honolulu, HI",Stan Sheriff Center,NA,5088,-29.75,-14,UC Davis,made,TY Johnson,NA,FALSE,FALSE,UC Davis,Hawaiâ€™i,FALSE
401714391,2025-03-01,Hawaiâ€™i,UC Davis,382,2,0:47,47,47,UC Davis Timeout,away,72,62,10,0,FALSE,FALSE,0.9998553462835303,0.9998312677872547,2,3,3.5,132.5,Chris Hudson/Chance Wallesen/Jacob Hirz,"Honolulu, HI",Stan Sheriff Center,NA,5088,NA,NA,NA,NA,NA,NA,NA,NA,UC Davis,Hawaiâ€™i,FALSE
401714391,2025-03-01,Hawaiâ€™i,UC Davis,383,2,0:47,47,47,Hawai'i Timeout,home,72,62,10,0,FALSE,FALSE,0.9998553462835303,0.9998312677872547,2,2,3.5,132.5,Chris Hudson/Chance Wallesen/Jacob Hirz,"Honolulu, HI",Stan Sheriff Center,NA,5088,NA,NA,NA,NA,NA,NA,NA,NA,UC Davis,Hawaiâ€™i,FALSE
401714391,2025-03-01,Hawaiâ€™i,UC Davis,384,2,0:42,42,42,Gytis Nemeiksa Turnover.,home,72,62,10,5,FALSE,FALSE,0.9998916010765361,0.999873995906871,2,2,3.5,132.5,Chris Hudson/Chance Wallesen/Jacob Hirz,"Honolulu, HI",Stan Sheriff Center,NA,5088,NA,NA,NA,NA,NA,NA,NA,NA,Hawaiâ€™i,UC Davis,FALSE
401714391,2025-03-01,Hawaiâ€™i,UC Davis,385,2,0:42,42,42,Carl Daughtery Jr. Steal.,away,72,62,10,0,FALSE,FALSE,0.9998916010765361,0.999873995906871,2,2,3.5,132.5,Chris Hudson/Chance Wallesen/Jacob Hirz,"Honolulu, HI",Stan Sheriff Center,NA,5088,NA,NA,NA,NA,NA,NA,NA,NA,Hawaiâ€™i,UC Davis,FALSE
401714391,2025-03-01,Hawaiâ€™i,UC Davis,386,2,0:41,41,41,Foul on Gytis Nemeiksa.,home,72,62,10,1,FALSE,TRUE,0.999897789024761,0.9998812719967239,2,2,3.5,132.5,Chris Hudson/Chance Wallesen/Jacob Hirz,"Honolulu, HI",Stan Sheriff Center,NA,5088,NA,NA,NA,NA,NA,NA,NA,NA,UC Davis,Hawaiâ€™i,FALSE
401714391,2025-03-01,Hawaiâ€™i,UC Davis,387,2,0:41,41,41,Gytis Nemeiksa subbing out for Hawai'i,home,72,62,10,0,FALSE,FALSE,0.999897789024761,0.9998812719967239,2,2,3.5,132.5,Chris Hudson/Chance Wallesen/Jacob Hirz,"Honolulu, HI",Stan Sheriff Center,NA,5088,NA,NA,NA,NA,NA,NA,NA,NA,UC Davis,Hawaiâ€™i,FALSE
401714391,2025-03-01,Hawaiâ€™i,UC Davis,388,2,0:41,41,41,Harry Rouhliadeff subbing in for Hawai'i,home,72,62,10,0,FALSE,FALSE,0.999897789024761,0.9998812719967239,2,2,3.5,132.5,Chris Hudson/Chance Wallesen/Jacob Hirz,"Honolulu, HI",Stan Sheriff Center,NA,5088,NA,NA,NA,NA,NA,NA,NA,NA,UC Davis,Hawaiâ€™i,FALSE
401714391,2025-03-01,Hawaiâ€™i,UC Davis,389,2,0:41,41,41,Carl Daughtery Jr. made Free Throw.,away,72,63,9,0,TRUE,FALSE,0.9997476682783253,0.9997068992387976,2,2,3.5,132.5,Chris Hudson/Chance Wallesen/Jacob Hirz,"Honolulu, HI",Stan Sheriff Center,NA,5088,28,0,UC Davis,made,Carl Daughtery Jr.,NA,FALSE,TRUE,UC Davis,UC Davis,FALSE
401714391,2025-03-01,Hawaiâ€™i,UC Davis,390,2,0:41,41,41,Carl Daughtery Jr. missed Free Throw.,away,72,63,9,0,FALSE,FALSE,0.9997476682783253,0.9997068992387976,2,2,3.5,132.5,Chris Hudson/Chance Wallesen/Jacob Hirz,"Honolulu, HI",Stan Sheriff Center,NA,5088,28,0,UC Davis,missed,Carl Daughtery Jr.,NA,FALSE,TRUE,UC Davis,Hawaiâ€™i,FALSE
401714391,2025-03-01,Hawaiâ€™i,UC Davis,391,2,0:41,41,41,Harry Rouhliadeff Defensive Rebound.,home,72,63,9,0,FALSE,FALSE,0.9997476682783253,0.9997068992387976,2,2,3.5,132.5,Chris Hudson/Chance Wallesen/Jacob Hirz,"Honolulu, HI",Stan Sheriff Center,NA,5088,NA,NA,NA,NA,NA,NA,NA,NA,UC Davis,Hawaiâ€™i,FALSE
401714391,2025-03-01,Hawaiâ€™i,UC Davis,392,2,0:39,39,39,Foul on TY Johnson.,away,72,63,9,2,FALSE,TRUE,0.9997731725809839,0.9997368935951991,2,2,3.5,132.5,Chris Hudson/Chance Wallesen/Jacob Hirz,"Honolulu, HI",Stan Sheriff Center,NA,5088,NA,NA,NA,NA,NA,NA,NA,NA,Hawaiâ€™i,UC Davis,FALSE
401714391,2025-03-01,Hawaiâ€™i,UC Davis,393,2,0:39,39,39,Ryan Rapp missed Free Throw.,home,72,63,9,0,FALSE,FALSE,0.9997731725809839,0.9997368935951991,2,2,3.5,132.5,Chris Hudson/Chance Wallesen/Jacob Hirz,"Honolulu, HI",Stan Sheriff Center,NA,5088,-28,-0,Hawaiâ€™i,missed,Ryan Rapp,NA,FALSE,TRUE,Hawaiâ€™i,UC Davis,FALSE
401714391,2025-03-01,Hawaiâ€™i,UC Davis,394,2,0:39,39,39,Pablo Tamba Defensive Rebound.,away,72,63,9,0,FALSE,FALSE,0.9997731725809839,0.9997368935951991,2,2,3.5,132.5,Chris Hudson/Chance Wallesen/Jacob Hirz,"Honolulu, HI",Stan Sheriff Center,NA,5088,NA,NA,NA,NA,NA,NA,NA,NA,Hawaiâ€™i,UC Davis,FALSE
401714391,2025-03-01,Hawaiâ€™i,UC Davis,395,2,0:34,34,34,Pablo Tamba made Three Point Jumper. Assisted by TY Johnson.,away,72,66,6,5,TRUE,FALSE,0.9970508567403352,0.9965927181247126,2,2,3.5,132.5,Chris Hudson/Chance Wallesen/Jacob Hirz,"Honolulu, HI",Stan Sheriff Center,NA,5088,-26.75,21,UC Davis,made,Pablo Tamba,TY Johnson,TRUE,FALSE,UC Davis,Hawaiâ€™i,FALSE
401714391,2025-03-01,Hawaiâ€™i,UC Davis,396,2,0:29,29,29,Foul on Carl Daughtery Jr..,away,72,66,6,5,FALSE,TRUE,0.9975452358086625,0.9971737919323381,2,2,3.5,132.5,Chris Hudson/Chance Wallesen/Jacob Hirz,"Honolulu, HI",Stan Sheriff Center,NA,5088,NA,NA,NA,NA,NA,NA,NA,NA,Hawaiâ€™i,UC Davis,FALSE
401714391,2025-03-01,Hawaiâ€™i,UC Davis,397,2,0:29,29,29,Aaron Hunkin-Claytor missed Free Throw.,home,72,66,6,0,FALSE,FALSE,0.9975452358086625,0.9971737919323381,2,2,3.5,132.5,Chris Hudson/Chance Wallesen/Jacob Hirz,"Honolulu, HI",Stan Sheriff Center,NA,5088,-28,-0,Hawaiâ€™i,missed,Aaron Hunkin-Claytor,NA,FALSE,TRUE,Hawaiâ€™i,Hawaiâ€™i,FALSE
401714391,2025-03-01,Hawaiâ€™i,UC Davis,398,2,0:29,29,29,Hawai'i Deadball Team Rebound.,home,72,66,6,0,FALSE,FALSE,0.9975452358086625,0.9971737919323381,2,2,3.5,132.5,Chris Hudson/Chance Wallesen/Jacob Hirz,"Honolulu, HI",Stan Sheriff Center,NA,5088,NA,NA,NA,NA,NA,NA,NA,NA,Hawaiâ€™i,UC Davis,FALSE
401714391,2025-03-01,Hawaiâ€™i,UC Davis,399,2,0:29,29,29,Aaron Hunkin-Claytor missed Free Throw.,home,72,66,6,0,FALSE,FALSE,0.9975452358086625,0.9971737919323381,2,2,3.5,132.5,Chris Hudson/Chance Wallesen/Jacob Hirz,"Honolulu, HI",Stan Sheriff Center,NA,5088,-28,-0,Hawaiâ€™i,missed,Aaron Hunkin-Claytor,NA,FALSE,TRUE,Hawaiâ€™i,Hawaiâ€™i,FALSE
401714391,2025-03-01,Hawaiâ€™i,UC Davis,400,2,0:26,26,26,Aaron Hunkin-Claytor Offensive Rebound.,home,72,66,6,3,FALSE,FALSE,0.9978051219028732,0.9974783558486602,2,2,3.5,132.5,Chris Hudson/Chance Wallesen/Jacob Hirz,"Honolulu, HI",Stan Sheriff Center,NA,5088,NA,NA,NA,NA,NA,NA,NA,NA,Hawaiâ€™i,Hawaiâ€™i,FALSE
401714391,2025-03-01,Hawaiâ€™i,UC Davis,401,2,0:24,24,24,Foul on Nils Cooper.,away,72,66,6,2,FALSE,TRUE,0.9979642800887689,0.9976645342996981,2,2,3.5,132.5,Chris Hudson/Chance Wallesen/Jacob Hirz,"Honolulu, HI",Stan Sheriff Center,NA,5088,NA,NA,NA,NA,NA,NA,NA,NA,Hawaiâ€™i,UC Davis,FALSE
401714391,2025-03-01,Hawaiâ€™i,UC Davis,402,2,0:24,24,24,Nils Cooper subbing out for UC Davis,away,72,66,6,0,FALSE,FALSE,0.9979642800887689,0.9976645342996981,2,2,3.5,132.5,Chris Hudson/Chance Wallesen/Jacob Hirz,"Honolulu, HI",Stan Sheriff Center,NA,5088,NA,NA,NA,NA,NA,NA,NA,NA,Hawaiâ€™i,UC Davis,FALSE
401714391,2025-03-01,Hawaiâ€™i,UC Davis,403,2,0:24,24,24,Connor Sevilla subbing in for UC Davis,away,72,66,6,0,FALSE,FALSE,0.9979642800887689,0.9976645342996981,2,2,3.5,132.5,Chris Hudson/Chance Wallesen/Jacob Hirz,"Honolulu, HI",Stan Sheriff Center,NA,5088,NA,NA,NA,NA,NA,NA,NA,NA,Hawaiâ€™i,UC Davis,FALSE
401714391,2025-03-01,Hawaiâ€™i,UC Davis,404,2,0:24,24,24,Harry Rouhliadeff made Free Throw.,home,73,66,7,0,TRUE,FALSE,0.999257245724924,0.9991477176654747,2,2,3.5,132.5,Chris Hudson/Chance Wallesen/Jacob Hirz,"Honolulu, HI",Stan Sheriff Center,NA,5088,-28,-0,Hawaiâ€™i,made,Harry Rouhliadeff,NA,FALSE,TRUE,Hawaiâ€™i,Hawaiâ€™i,FALSE
401714391,2025-03-01,Hawaiâ€™i,UC Davis,405,2,0:24,24,24,Harry Rouhliadeff missed Free Throw.,home,72,66,6,0,FALSE,FALSE,0.9979642800887689,0.9976645342996981,2,2,3.5,132.5,Chris Hudson/Chance Wallesen/Jacob Hirz,"Honolulu, HI",Stan Sheriff Center,NA,5088,-28,-0,Hawaiâ€™i,missed,Harry Rouhliadeff,NA,FALSE,TRUE,Hawaiâ€™i,Hawaiâ€™i,TRUE
401714391,2025-03-01,Hawaiâ€™i,UC Davis,406,2,0:24,24,24,Hawai'i Deadball Team Rebound.,home,72,66,6,0,FALSE,FALSE,0.9979642800887689,0.9976645342996981,2,2,3.5,132.5,Chris Hudson/Chance Wallesen/Jacob Hirz,"Honolulu, HI",Stan Sheriff Center,NA,5088,NA,NA,NA,NA,NA,NA,NA,NA,Hawaiâ€™i,UC Davis,FALSE
401714391,2025-03-01,Hawaiâ€™i,UC Davis,407,2,0:22,22,22,Foul on Tom Beattie.,home,73,66,7,2,FALSE,TRUE,0.999320411792213,0.9992213242439689,2,2,3.5,132.5,Chris Hudson/Chance Wallesen/Jacob Hirz,"Honolulu, HI",Stan Sheriff Center,NA,5088,NA,NA,NA,NA,NA,NA,NA,NA,Hawaiâ€™i,UC Davis,TRUE
401714391,2025-03-01,Hawaiâ€™i,UC Davis,408,2,0:22,22,22,Pablo Tamba made Free Throw.,away,73,67,6,0,TRUE,FALSE,0.9981130326760438,0.9978382836910995,2,2,3.5,132.5,Chris Hudson/Chance Wallesen/Jacob Hirz,"Honolulu, HI",Stan Sheriff Center,NA,5088,28,0,UC Davis,made,Pablo Tamba,NA,FALSE,TRUE,UC Davis,UC Davis,FALSE
401714391,2025-03-01,Hawaiâ€™i,UC Davis,409,2,0:22,22,22,Pablo Tamba made Free Throw.,away,73,68,5,0,TRUE,FALSE,0.9947718059507455,0.9940134806826583,2,2,3.5,132.5,Chris Hudson/Chance Wallesen/Jacob Hirz,"Honolulu, HI",Stan Sheriff Center,NA,5088,28,0,UC Davis,made,Pablo Tamba,NA,FALSE,TRUE,UC Davis,Hawaiâ€™i,FALSE
401714391,2025-03-01,Hawaiâ€™i,UC Davis,410,2,0:22,22,22,Connor Sevilla subbing out for UC Davis,away,73,68,5,0,FALSE,FALSE,0.9947718059507455,0.9940134806826583,2,2,3.5,132.5,Chris Hudson/Chance Wallesen/Jacob Hirz,"Honolulu, HI",Stan Sheriff Center,NA,5088,NA,NA,NA,NA,NA,NA,NA,NA,Hawaiâ€™i,Hawaiâ€™i,FALSE
401714391,2025-03-01,Hawaiâ€™i,UC Davis,411,2,0:22,22,22,Sione Lose subbing in for UC Davis,away,73,68,5,0,FALSE,FALSE,0.9947718059507455,0.9940134806826583,2,2,3.5,132.5,Chris Hudson/Chance Wallesen/Jacob Hirz,"Honolulu, HI",Stan Sheriff Center,NA,5088,NA,NA,NA,NA,NA,NA,NA,NA,Hawaiâ€™i,Hawaiâ€™i,FALSE
401714391,2025-03-01,Hawaiâ€™i,UC Davis,412,2,0:22,22,22,Hawai'i Timeout,home,73,68,5,0,FALSE,FALSE,0.9947718059507455,0.9940134806826583,2,1,3.5,132.5,Chris Hudson/Chance Wallesen/Jacob Hirz,"Honolulu, HI",Stan Sheriff Center,NA,5088,NA,NA,NA,NA,NA,NA,NA,NA,Hawaiâ€™i,Hawaiâ€™i,FALSE
401714391,2025-03-01,Hawaiâ€™i,UC Davis,413,2,0:22,22,22,Tanner Christensen subbing out for Hawai'i,home,73,68,5,0,FALSE,FALSE,0.9947718059507455,0.9940134806826583,2,1,3.5,132.5,Chris Hudson/Chance Wallesen/Jacob Hirz,"Honolulu, HI",Stan Sheriff Center,NA,5088,NA,NA,NA,NA,NA,NA,NA,NA,Hawaiâ€™i,Hawaiâ€™i,FALSE
401714391,2025-03-01,Hawaiâ€™i,UC Davis,414,2,0:22,22,22,Akira Jacobs subbing in for Hawai'i,home,73,68,5,0,FALSE,FALSE,0.9947718059507455,0.9940134806826583,2,1,3.5,132.5,Chris Hudson/Chance Wallesen/Jacob Hirz,"Honolulu, HI",Stan Sheriff Center,NA,5088,NA,NA,NA,NA,NA,NA,NA,NA,Hawaiâ€™i,Hawaiâ€™i,FALSE
401714391,2025-03-01,Hawaiâ€™i,UC Davis,415,2,0:22,22,22,Foul on TY Johnson.,away,73,68,5,0,FALSE,TRUE,0.9947718059507455,0.9940134806826583,2,1,3.5,132.5,Chris Hudson/Chance Wallesen/Jacob Hirz,"Honolulu, HI",Stan Sheriff Center,NA,5088,NA,NA,NA,NA,NA,NA,NA,NA,Hawaiâ€™i,Hawaiâ€™i,FALSE
401714391,2025-03-01,Hawaiâ€™i,UC Davis,416,2,0:22,22,22,Akira Jacobs made Free Throw.,home,74,68,6,0,TRUE,FALSE,0.9981130326760438,0.9978382836910995,2,1,3.5,132.5,Chris Hudson/Chance Wallesen/Jacob Hirz,"Honolulu, HI",Stan Sheriff Center,NA,5088,-28,-0,Hawaiâ€™i,made,Akira Jacobs,NA,FALSE,TRUE,Hawaiâ€™i,Hawaiâ€™i,FALSE
401714391,2025-03-01,Hawaiâ€™i,UC Davis,417,2,0:22,22,22,Sione Lose subbing out for UC Davis,away,74,68,6,0,FALSE,FALSE,0.9981130326760438,0.9978382836910995,2,1,3.5,132.5,Chris Hudson/Chance Wallesen/Jacob Hirz,"Honolulu, HI",Stan Sheriff Center,NA,5088,NA,NA,NA,NA,NA,NA,NA,NA,Hawaiâ€™i,Hawaiâ€™i,FALSE
401714391,2025-03-01,Hawaiâ€™i,UC Davis,418,2,0:22,22,22,Connor Sevilla subbing in for UC Davis,away,74,68,6,0,FALSE,FALSE,0.9981130326760438,0.9978382836910995,2,1,3.5,132.5,Chris Hudson/Chance Wallesen/Jacob Hirz,"Honolulu, HI",Stan Sheriff Center,NA,5088,NA,NA,NA,NA,NA,NA,NA,NA,Hawaiâ€™i,Hawaiâ€™i,FALSE
401714391,2025-03-01,Hawaiâ€™i,UC Davis,419,2,0:22,22,22,Akira Jacobs made Free Throw.,home,75,68,7,0,TRUE,FALSE,0.999320411792213,0.9992213242439689,2,1,3.5,132.5,Chris Hudson/Chance Wallesen/Jacob Hirz,"Honolulu, HI",Stan Sheriff Center,NA,5088,-28,-0,Hawaiâ€™i,made,Akira Jacobs,NA,FALSE,TRUE,Hawaiâ€™i,UC Davis,FALSE
401714391,2025-03-01,Hawaiâ€™i,UC Davis,420,2,0:17,17,17,TY Johnson missed Jumper.,away,75,68,7,5,FALSE,FALSE,0.9994591511385049,0.9993825524408365,2,1,3.5,132.5,Chris Hudson/Chance Wallesen/Jacob Hirz,"Honolulu, HI",Stan Sheriff Center,NA,5088,-19.75,5,UC Davis,missed,TY Johnson,NA,FALSE,FALSE,UC Davis,UC Davis,FALSE
401714391,2025-03-01,Hawaiâ€™i,UC Davis,421,2,0:14,14,14,Pablo Tamba Offensive Rebound.,away,75,68,7,3,FALSE,FALSE,0.9995302920610433,0.9994649574914116,2,1,3.5,132.5,Chris Hudson/Chance Wallesen/Jacob Hirz,"Honolulu, HI",Stan Sheriff Center,NA,5088,NA,NA,NA,NA,NA,NA,NA,NA,UC Davis,UC Davis,FALSE
401714391,2025-03-01,Hawaiâ€™i,UC Davis,422,2,0:12,12,12,TY Johnson missed Three Point Jumper.,away,75,68,7,2,FALSE,FALSE,0.9995730826792996,0.9995144241014755,2,1,3.5,132.5,Chris Hudson/Chance Wallesen/Jacob Hirz,"Honolulu, HI",Stan Sheriff Center,NA,5088,-21.75,15,UC Davis,missed,TY Johnson,NA,TRUE,FALSE,UC Davis,Hawaiâ€™i,FALSE
401714391,2025-03-01,Hawaiâ€™i,UC Davis,423,2,0:09,9,9,Foul on Connor Sevilla.,away,75,68,7,3,FALSE,TRUE,0.9996308270014176,0.9995810459576618,2,1,3.5,132.5,Chris Hudson/Chance Wallesen/Jacob Hirz,"Honolulu, HI",Stan Sheriff Center,NA,5088,NA,NA,NA,NA,NA,NA,NA,NA,Hawaiâ€™i,Hawaiâ€™i,FALSE
401714391,2025-03-01,Hawaiâ€™i,UC Davis,424,2,0:09,9,9,Tom Beattie Defensive Rebound.,home,76,68,8,0,FALSE,FALSE,0.9998784329639114,0.9998620356782112,2,1,3.5,132.5,Chris Hudson/Chance Wallesen/Jacob Hirz,"Honolulu, HI",Stan Sheriff Center,NA,5088,NA,NA,NA,NA,NA,NA,NA,NA,UC Davis,Hawaiâ€™i,TRUE
401714391,2025-03-01,Hawaiâ€™i,UC Davis,425,2,0:09,9,9,Tom Beattie missed Free Throw.,home,75,68,7,0,FALSE,FALSE,0.9996308270014176,0.9995810459576618,2,1,3.5,132.5,Chris Hudson/Chance Wallesen/Jacob Hirz,"Honolulu, HI",Stan Sheriff Center,NA,5088,-28,-0,Hawaiâ€™i,missed,Tom Beattie,NA,FALSE,TRUE,Hawaiâ€™i,Hawaiâ€™i,TRUE
401714391,2025-03-01,Hawaiâ€™i,UC Davis,426,2,0:09,9,9,Hawai'i Deadball Team Rebound.,home,75,68,7,0,FALSE,FALSE,0.9996308270014176,0.9995810459576618,2,1,3.5,132.5,Chris Hudson/Chance Wallesen/Jacob Hirz,"Honolulu, HI",Stan Sheriff Center,NA,5088,NA,NA,NA,NA,NA,NA,NA,NA,Hawaiâ€™i,UC Davis,FALSE
401714391,2025-03-01,Hawaiâ€™i,UC Davis,427,2,0:09,9,9,Tom Beattie made Free Throw.,home,76,68,8,0,TRUE,FALSE,0.9998784329639114,0.9998620356782112,2,1,3.5,132.5,Chris Hudson/Chance Wallesen/Jacob Hirz,"Honolulu, HI",Stan Sheriff Center,NA,5088,-28,-0,Hawaiâ€™i,made,Tom Beattie,NA,FALSE,TRUE,Hawaiâ€™i,UC Davis,FALSE
401714391,2025-03-01,Hawaiâ€™i,UC Davis,428,2,0:05,5,5,TY Johnson made Layup.,away,76,70,6,4,TRUE,FALSE,0.9990531596556719,0.9989288184707279,2,1,3.5,132.5,Chris Hudson/Chance Wallesen/Jacob Hirz,"Honolulu, HI",Stan Sheriff Center,NA,5088,-35.75,2,UC Davis,made,TY Johnson,NA,FALSE,FALSE,UC Davis,Hawaiâ€™i,FALSE
401714391,2025-03-01,Hawaiâ€™i,UC Davis,429,2,0:05,5,5,Foul on Carl Daughtery Jr..,away,76,70,6,0,FALSE,TRUE,0.9990531596556719,0.9989288184707279,2,1,3.5,132.5,Chris Hudson/Chance Wallesen/Jacob Hirz,"Honolulu, HI",Stan Sheriff Center,NA,5088,NA,NA,NA,NA,NA,NA,NA,NA,UC Davis,Hawaiâ€™i,FALSE
401714391,2025-03-01,Hawaiâ€™i,UC Davis,430,2,0:05,5,5,Tom Beattie made Free Throw.,home,77,70,7,0,TRUE,FALSE,0.9996968823325961,0.9996570472257066,2,1,3.5,132.5,Chris Hudson/Chance Wallesen/Jacob Hirz,"Honolulu, HI",Stan Sheriff Center,NA,5088,-28,-0,Hawaiâ€™i,made,Tom Beattie,NA,FALSE,TRUE,Hawaiâ€™i,UC Davis,FALSE
401714391,2025-03-01,Hawaiâ€™i,UC Davis,431,2,0:05,5,5,Ryan Rapp subbing out for Hawai'i,home,77,70,7,0,FALSE,FALSE,0.9996968823325961,0.9996570472257066,2,1,3.5,132.5,Chris Hudson/Chance Wallesen/Jacob Hirz,"Honolulu, HI",Stan Sheriff Center,NA,5088,NA,NA,NA,NA,NA,NA,NA,NA,UC Davis,Hawaiâ€™i,FALSE
401714391,2025-03-01,Hawaiâ€™i,UC Davis,432,2,0:05,5,5,Osahon Obasohan subbing in for Hawai'i,home,77,70,7,0,FALSE,FALSE,0.9996968823325961,0.9996570472257066,2,1,3.5,132.5,Chris Hudson/Chance Wallesen/Jacob Hirz,"Honolulu, HI",Stan Sheriff Center,NA,5088,NA,NA,NA,NA,NA,NA,NA,NA,UC Davis,Hawaiâ€™i,FALSE
401714391,2025-03-01,Hawaiâ€™i,UC Davis,433,2,0:05,5,5,Tom Beattie made Free Throw.,home,78,70,8,0,TRUE,FALSE,0.9999030036167167,0.9998902535757336,2,1,3.5,132.5,Chris Hudson/Chance Wallesen/Jacob Hirz,"Honolulu, HI",Stan Sheriff Center,NA,5088,-28,-0,Hawaiâ€™i,made,Tom Beattie,NA,FALSE,TRUE,Hawaiâ€™i,UC Davis,FALSE
401714391,2025-03-01,Hawaiâ€™i,UC Davis,434,2,0:01,1,1,Pablo Tamba missed Jumper.,away,78,70,8,4,FALSE,FALSE,0.9999228946151972,0.9999130253264555,2,1,3.5,132.5,Chris Hudson/Chance Wallesen/Jacob Hirz,"Honolulu, HI",Stan Sheriff Center,NA,5088,-29.75,12,UC Davis,missed,Pablo Tamba,NA,FALSE,FALSE,UC Davis,Hawaiâ€™i,FALSE
401714391,2025-03-01,Hawaiâ€™i,UC Davis,435,2,0:00,0,0,Tom Beattie Defensive Rebound.,home,78,70,8,1,FALSE,FALSE,1,1,2,1,3.5,132.5,Chris Hudson/Chance Wallesen/Jacob Hirz,"Honolulu, HI",Stan Sheriff Center,NA,5088,NA,NA,NA,NA,NA,NA,NA,NA,UC Davis,Hawaiâ€™i,FALSE
401714391,2025-03-01,Hawaiâ€™i,UC Davis,436,2,0:00,0,0,End of 2nd half,NA,78,70,8,0,FALSE,FALSE,1,1,2,1,3.5,132.5,Chris Hudson/Chance Wallesen/Jacob Hirz,"Honolulu, HI",Stan Sheriff Center,NA,5088,NA,NA,NA,NA,NA,NA,NA,NA,Hawaiâ€™i,NA,FALSE
401714391,2025-03-01,Hawaiâ€™i,UC Davis,437,2,0:00,0,0,End of Game,NA,78,70,8,0,FALSE,FALSE,1,1,2,1,3.5,132.5,Chris Hudson/Chance Wallesen/Jacob Hirz,"Honolulu, HI",Stan Sheriff Center,NA,5088,NA,NA,NA,NA,NA,NA,NA,NA,Hawaiâ€™i,NA,FALSE
