game_id,date,home,away,play_id,half,time_remaining_half,secs_remaining,secs_remaining_absolute,description,home_score,away_score,score_diff,play_length,win_prob,naive_win_prob,home_time_out_remaining,away_time_out_remaining,home_favored_by,shot_x,shot_y,shot_team,shot_outcome,shooter,assist,three_pt,free_throw,possession_before,possession_after
401172385,2019-11-05,UNC Wilmington,Johnson & Wales (NC),1,1,20:00:00,2400,2400,PLAY,0,0,0,0,0.5,0.5,4,4,NA,NA,NA,NA,NA,NA,NA,NA,NA,NA,Johnson & Wales (NC)
401172385,2019-11-05,UNC Wilmington,Johnson & Wales (NC),2,1,19:39:00,2379,2379,Cj Miller Turnover.,0,0,0,21,0.5,0.5,4,4,NA,NA,NA,NA,NA,NA,NA,NA,NA,Johnson & Wales (NC),UNC Wilmington
401172385,2019-11-05,UNC Wilmington,Johnson & Wales (NC),3,1,19:39:00,2379,2379,Jaylen Sims Steal.,0,0,0,0,0.5,0.5,4,4,NA,NA,NA,NA,NA,NA,NA,NA,NA,Johnson & Wales (NC),UNC Wilmington
401172385,2019-11-05,UNC Wilmington,Johnson & Wales (NC),4,1,19:33:00,2373,2373,Jaylen Sims Turnover.,0,0,0,6,0.5,0.5,4,4,NA,NA,NA,NA,NA,NA,NA,NA,NA,UNC Wilmington,Johnson & Wales (NC)
401172385,2019-11-05,UNC Wilmington,Johnson & Wales (NC),5,1,19:33:00,2373,2373,Malik Bullock Steal.,0,0,0,0,0.5,0.5,4,4,NA,NA,NA,NA,NA,NA,NA,NA,NA,UNC Wilmington,Johnson & Wales (NC)
401172385,2019-11-05,UNC Wilmington,Johnson & Wales (NC),6,1,19:26:00,2366,2366,Malik Bullock made Jumper.,0,2,-2,7,0.4552536897122488,0.4552536897122488,4,4,NA,NA,NA,Johnson & Wales (NC),made,Malik Bullock,NA,FALSE,FALSE,Johnson & Wales (NC),UNC Wilmington
401172385,2019-11-05,UNC Wilmington,Johnson & Wales (NC),7,1,19:14:00,2354,2354,Jaylen Sims made Jumper.,2,2,0,12,0.5,0.5,4,4,NA,NA,NA,UNC Wilmington,made,Jaylen Sims,NA,FALSE,FALSE,UNC Wilmington,Johnson & Wales (NC)
401172385,2019-11-05,UNC Wilmington,Johnson & Wales (NC),8,1,18:52:00,2332,2332,Pj Gill Turnover.,2,2,0,22,0.5,0.5,4,4,NA,NA,NA,NA,NA,NA,NA,NA,NA,Johnson & Wales (NC),UNC Wilmington
401172385,2019-11-05,UNC Wilmington,Johnson & Wales (NC),9,1,18:52:00,2332,2332,Marten Linssen Steal.,2,2,0,0,0.5,0.5,4,4,NA,NA,NA,NA,NA,NA,NA,NA,NA,Johnson & Wales (NC),UNC Wilmington
401172385,2019-11-05,UNC Wilmington,Johnson & Wales (NC),10,1,18:42:00,2322,2322,Mike Okauru made Three Point Jumper. Assisted by Jaylen Sims.,5,2,3,10,0.5683139860077305,0.5683139860077305,4,4,NA,NA,NA,UNC Wilmington,made,Mike Okauru,Jaylen Sims,TRUE,FALSE,UNC Wilmington,Johnson & Wales (NC)
401172385,2019-11-05,UNC Wilmington,Johnson & Wales (NC),11,1,18:28:00,2308,2308,Majerle Poole missed Three Point Jumper.,5,2,3,14,0.5687722107427648,0.5687722107427648,4,4,NA,NA,NA,Johnson & Wales (NC),missed,Majerle Poole,NA,TRUE,FALSE,Johnson & Wales (NC),UNC Wilmington
401172385,2019-11-05,UNC Wilmington,Johnson & Wales (NC),12,1,18:23:00,2303,2303,Marten Linssen Defensive Rebound.,5,2,3,5,0.5689366090851553,0.5689366090851553,4,4,NA,NA,NA,NA,NA,NA,NA,NA,NA,Johnson & Wales (NC),UNC Wilmington
401172385,2019-11-05,UNC Wilmington,Johnson & Wales (NC),13,1,18:19:00,2299,2299,Foul on Majerle Poole.,5,2,3,4,0.569068399832925,0.569068399832925,4,4,NA,NA,NA,NA,NA,NA,NA,NA,NA,UNC Wilmington,UNC Wilmington
401172385,2019-11-05,UNC Wilmington,Johnson & Wales (NC),14,1,18:12:00,2292,2292,Marten Linssen Turnover.,5,2,3,7,0.5692995994139594,0.5692995994139594,4,4,NA,NA,NA,NA,NA,NA,NA,NA,NA,UNC Wilmington,Johnson & Wales (NC)
401172385,2019-11-05,UNC Wilmington,Johnson & Wales (NC),15,1,18:12:00,2292,2292,Majerle Poole Steal.,5,2,3,0,0.5692995994139594,0.5692995994139594,4,4,NA,NA,NA,NA,NA,NA,NA,NA,NA,UNC Wilmington,Johnson & Wales (NC)
401172385,2019-11-05,UNC Wilmington,Johnson & Wales (NC),16,1,18:05:00,2285,2285,Malik Bullock made Jumper.,5,4,1,7,0.5233114145205584,0.5233114145205584,4,4,NA,NA,NA,Johnson & Wales (NC),made,Malik Bullock,NA,FALSE,FALSE,Johnson & Wales (NC),UNC Wilmington
401172385,2019-11-05,UNC Wilmington,Johnson & Wales (NC),17,1,17:47:00,2267,2267,Mike Okauru missed Layup.,5,4,1,18,0.5235147142514571,0.5235147142514571,4,4,NA,NA,NA,UNC Wilmington,missed,Mike Okauru,NA,FALSE,FALSE,UNC Wilmington,Johnson & Wales (NC)
401172385,2019-11-05,UNC Wilmington,Johnson & Wales (NC),18,1,17:42:00,2262,2262,Majerle Poole Defensive Rebound.,5,4,1,5,0.5235714431572539,0.5235714431572539,4,4,NA,NA,NA,NA,NA,NA,NA,NA,NA,UNC Wilmington,Johnson & Wales (NC)
401172385,2019-11-05,UNC Wilmington,Johnson & Wales (NC),19,1,17:40:00,2260,2260,Majerle Poole missed Jumper.,5,4,1,2,0.5235941644404918,0.5235941644404918,4,4,NA,NA,NA,Johnson & Wales (NC),missed,Majerle Poole,NA,FALSE,FALSE,Johnson & Wales (NC),UNC Wilmington
401172385,2019-11-05,UNC Wilmington,Johnson & Wales (NC),20,1,17:36:00,2256,2256,Jaylen Sims Defensive Rebound.,5,4,1,4,0.523639656798127,0.523639656798127,4,4,NA,NA,NA,NA,NA,NA,NA,NA,NA,Johnson & Wales (NC),UNC Wilmington
401172385,2019-11-05,UNC Wilmington,Johnson & Wales (NC),21,1,17:33:00,2253,2253,Kai Toews missed Layup.,5,4,1,3,0.5236738188039088,0.5236738188039088,4,4,NA,NA,NA,UNC Wilmington,missed,Kai Toews,NA,FALSE,FALSE,UNC Wilmington,UNC Wilmington
401172385,2019-11-05,UNC Wilmington,Johnson & Wales (NC),22,1,17:30:00,2250,2250,Marten Linssen Offensive Rebound.,5,4,1,3,0.5237080166516996,0.5237080166516996,4,4,NA,NA,NA,NA,NA,NA,NA,NA,NA,UNC Wilmington,UNC Wilmington
401172385,2019-11-05,UNC Wilmington,Johnson & Wales (NC),23,1,17:29:00,2249,2249,Foul on Pj Gill.,5,4,1,1,0.5237194237762728,0.5237194237762728,4,4,NA,NA,NA,NA,NA,NA,NA,NA,NA,UNC Wilmington,UNC Wilmington
401172385,2019-11-05,UNC Wilmington,Johnson & Wales (NC),24,1,17:29:00,2249,2249,Marten Linssen made Free Throw.,6,4,2,0,0.5473323287850554,0.5473323287850554,4,4,NA,NA,NA,UNC Wilmington,made,Marten Linssen,NA,FALSE,TRUE,UNC Wilmington,UNC Wilmington
401172385,2019-11-05,UNC Wilmington,Johnson & Wales (NC),25,1,17:29:00,2249,2249,Marten Linssen made Free Throw.,7,4,3,0,0.5707341011149291,0.5707341011149291,4,4,NA,NA,NA,UNC Wilmington,made,Marten Linssen,NA,FALSE,TRUE,UNC Wilmington,Johnson & Wales (NC)
401172385,2019-11-05,UNC Wilmington,Johnson & Wales (NC),26,1,17:21:00,2241,2241,Robert Hobson missed Three Point Jumper.,7,4,3,8,0.5710033843260475,0.5710033843260475,4,4,NA,NA,NA,Johnson & Wales (NC),missed,Robert Hobson,NA,TRUE,FALSE,Johnson & Wales (NC),UNC Wilmington
401172385,2019-11-05,UNC Wilmington,Johnson & Wales (NC),27,1,17:18:00,2238,2238,Jay Estime' Defensive Rebound.,7,4,3,3,0.5711045362677699,0.5711045362677699,4,4,NA,NA,NA,NA,NA,NA,NA,NA,NA,Johnson & Wales (NC),UNC Wilmington
401172385,2019-11-05,UNC Wilmington,Johnson & Wales (NC),28,1,17:06:00,2226,2226,Jay Estime' made Three Point Jumper. Assisted by Jaylen Sims.,10,4,6,12,0.6401532453070269,0.6401532453070269,4,4,NA,NA,NA,UNC Wilmington,made,Jay Estime',Jaylen Sims,TRUE,FALSE,UNC Wilmington,Johnson & Wales (NC)
401172385,2019-11-05,UNC Wilmington,Johnson & Wales (NC),29,1,16:54:00,2214,2214,Pj Gill Turnover.,10,4,6,12,0.6409182834423984,0.6409182834423984,4,4,NA,NA,NA,NA,NA,NA,NA,NA,NA,Johnson & Wales (NC),UNC Wilmington
401172385,2019-11-05,UNC Wilmington,Johnson & Wales (NC),30,1,16:43:00,2203,2203,Jay Estime' missed Layup.,10,4,6,11,0.6416210315319734,0.6416210315319734,4,4,NA,NA,NA,UNC Wilmington,missed,Jay Estime',NA,FALSE,FALSE,UNC Wilmington,UNC Wilmington
401172385,2019-11-05,UNC Wilmington,Johnson & Wales (NC),31,1,16:39:00,2199,2199,Marten Linssen Offensive Rebound.,10,4,6,4,0.6418768824585637,0.6418768824585637,4,4,NA,NA,NA,NA,NA,NA,NA,NA,NA,UNC Wilmington,UNC Wilmington
401172385,2019-11-05,UNC Wilmington,Johnson & Wales (NC),32,1,16:37:00,2197,2197,Marten Linssen made Jumper.,12,4,8,2,0.6854146671169121,0.6854146671169121,4,4,NA,NA,NA,UNC Wilmington,made,Marten Linssen,NA,FALSE,FALSE,UNC Wilmington,Johnson & Wales (NC)
401172385,2019-11-05,UNC Wilmington,Johnson & Wales (NC),33,1,16:34:00,2194,2194,Pj Gill Turnover.,12,4,8,3,0.6856548635735769,0.6856548635735769,4,4,NA,NA,NA,NA,NA,NA,NA,NA,NA,Johnson & Wales (NC),UNC Wilmington
401172385,2019-11-05,UNC Wilmington,Johnson & Wales (NC),34,1,16:34:00,2194,2194,Shykeim Phillips Steal.,12,4,8,0,0.6856548635735769,0.6856548635735769,4,4,NA,NA,NA,NA,NA,NA,NA,NA,NA,Johnson & Wales (NC),UNC Wilmington
401172385,2019-11-05,UNC Wilmington,Johnson & Wales (NC),35,1,16:29:00,2189,2189,Shykeim Phillips made Layup.,14,4,10,5,0.7265476660931253,0.7265476660931253,4,4,NA,NA,NA,UNC Wilmington,made,Shykeim Phillips,NA,FALSE,FALSE,UNC Wilmington,Johnson & Wales (NC)
401172385,2019-11-05,UNC Wilmington,Johnson & Wales (NC),36,1,16:29:00,2189,2189,Foul on Robert Hobson.,14,4,10,0,0.7265476660931253,0.7265476660931253,4,4,NA,NA,NA,NA,NA,NA,NA,NA,NA,UNC Wilmington,Johnson & Wales (NC)
401172385,2019-11-05,UNC Wilmington,Johnson & Wales (NC),37,1,16:29:00,2189,2189,Shykeim Phillips made Free Throw.,15,4,11,0,0.7455265887801541,0.7455265887801541,4,4,NA,NA,NA,UNC Wilmington,made,Shykeim Phillips,NA,FALSE,TRUE,UNC Wilmington,Johnson & Wales (NC)
401172385,2019-11-05,UNC Wilmington,Johnson & Wales (NC),38,1,16:12:00,2172,2172,Robert Hobson made Three Point Jumper. Assisted by Majerle Poole.,15,7,8,17,0.6874176003840284,0.6874176003840284,4,4,NA,NA,NA,Johnson & Wales (NC),made,Robert Hobson,Majerle Poole,TRUE,FALSE,Johnson & Wales (NC),UNC Wilmington
401172385,2019-11-05,UNC Wilmington,Johnson & Wales (NC),39,1,16:00:00,2160,2160,Shykeim Phillips Turnover.,15,7,8,12,0.6883802832631631,0.6883802832631631,4,4,NA,NA,NA,NA,NA,NA,NA,NA,NA,UNC Wilmington,Johnson & Wales (NC)
401172385,2019-11-05,UNC Wilmington,Johnson & Wales (NC),40,1,16:00:00,2160,2160,Pj Gill Steal.,15,7,8,0,0.6883802832631631,0.6883802832631631,4,4,NA,NA,NA,NA,NA,NA,NA,NA,NA,UNC Wilmington,Johnson & Wales (NC)
401172385,2019-11-05,UNC Wilmington,Johnson & Wales (NC),41,1,15:50:00,2150,2150,Foul on Shykeim Phillips.,15,7,8,10,0.6891842027529433,0.6891842027529433,4,4,NA,NA,NA,NA,NA,NA,NA,NA,NA,Johnson & Wales (NC),Johnson & Wales (NC)
401172385,2019-11-05,UNC Wilmington,Johnson & Wales (NC),42,1,15:50:00,2150,2150,Official TV Timeout,15,7,8,0,0.6891842027529433,0.6891842027529433,4,4,NA,NA,NA,NA,NA,NA,NA,NA,NA,Johnson & Wales (NC),Johnson & Wales (NC)
401172385,2019-11-05,UNC Wilmington,Johnson & Wales (NC),43,1,15:37:00,2137,2137,Cj Miller made Layup.,15,9,6,13,0.6458627311999575,0.6458627311999575,4,4,NA,NA,NA,Johnson & Wales (NC),made,Cj Miller,NA,FALSE,FALSE,Johnson & Wales (NC),UNC Wilmington
401172385,2019-11-05,UNC Wilmington,Johnson & Wales (NC),44,1,15:33:00,2133,2133,Foul on Shykeim Phillips.,15,9,6,4,0.6461218563953547,0.6461218563953547,4,4,NA,NA,NA,NA,NA,NA,NA,NA,NA,UNC Wilmington,Johnson & Wales (NC)
401172385,2019-11-05,UNC Wilmington,Johnson & Wales (NC),45,1,15:33:00,2133,2133,Shykeim Phillips Turnover.,15,9,6,0,0.6461218563953547,0.6461218563953547,4,4,NA,NA,NA,NA,NA,NA,NA,NA,NA,UNC Wilmington,Johnson & Wales (NC)
401172385,2019-11-05,UNC Wilmington,Johnson & Wales (NC),46,1,15:32:00,2132,2132,Robert Hobson Turnover.,15,9,6,1,0.6461866841680749,0.6461866841680749,4,4,NA,NA,NA,NA,NA,NA,NA,NA,NA,Johnson & Wales (NC),UNC Wilmington
401172385,2019-11-05,UNC Wilmington,Johnson & Wales (NC),47,1,15:22:00,2122,2122,Imajae Dodd made Layup. Assisted by Brian Tolefree.,17,9,8,10,0.6914443330869844,0.6914443330869844,4,4,NA,NA,NA,UNC Wilmington,made,Imajae Dodd,Brian Tolefree,FALSE,FALSE,UNC Wilmington,Johnson & Wales (NC)
401172385,2019-11-05,UNC Wilmington,Johnson & Wales (NC),48,1,15:11:00,2111,2111,Majerle Poole missed Jumper.,17,9,8,11,0.6923362876072426,0.6923362876072426,4,4,NA,NA,NA,Johnson & Wales (NC),missed,Majerle Poole,NA,FALSE,FALSE,Johnson & Wales (NC),UNC Wilmington
401172385,2019-11-05,UNC Wilmington,Johnson & Wales (NC),49,1,15:05:00,2105,2105,Carter Skaggs Defensive Rebound.,17,9,8,6,0.6928238468991776,0.6928238468991776,4,4,NA,NA,NA,NA,NA,NA,NA,NA,NA,Johnson & Wales (NC),UNC Wilmington
401172385,2019-11-05,UNC Wilmington,Johnson & Wales (NC),50,1,15:02:00,2102,2102,Imajae Dodd missed Jumper.,17,9,8,3,0.6930679104093008,0.6930679104093008,4,4,NA,NA,NA,UNC Wilmington,missed,Imajae Dodd,NA,FALSE,FALSE,UNC Wilmington,UNC Wilmington
401172385,2019-11-05,UNC Wilmington,Johnson & Wales (NC),51,1,14:58:00,2098,2098,Brian Tolefree Offensive Rebound.,17,9,8,4,0.6933936287900982,0.6933936287900982,4,4,NA,NA,NA,NA,NA,NA,NA,NA,NA,UNC Wilmington,UNC Wilmington
401172385,2019-11-05,UNC Wilmington,Johnson & Wales (NC),52,1,14:57:00,2097,2097,Kai Toews missed Jumper.,17,9,8,1,0.6934751126786445,0.6934751126786445,4,4,NA,NA,NA,UNC Wilmington,missed,Kai Toews,NA,FALSE,FALSE,UNC Wilmington,Johnson & Wales (NC)
401172385,2019-11-05,UNC Wilmington,Johnson & Wales (NC),53,1,14:50:00,2090,2090,Malik Bullock Defensive Rebound.,17,9,8,7,0.6940461189763235,0.6940461189763235,4,4,NA,NA,NA,NA,NA,NA,NA,NA,NA,UNC Wilmington,Johnson & Wales (NC)
401172385,2019-11-05,UNC Wilmington,Johnson & Wales (NC),54,1,14:46:00,2086,2086,Majerle Poole missed Three Point Jumper.,17,9,8,4,0.6943729033158483,0.6943729033158483,4,4,NA,NA,NA,Johnson & Wales (NC),missed,Majerle Poole,NA,TRUE,FALSE,Johnson & Wales (NC),UNC Wilmington
401172385,2019-11-05,UNC Wilmington,Johnson & Wales (NC),55,1,14:46:00,2086,2086,UNC Wilmington Defensive Rebound.,17,9,8,0,0.6943729033158483,0.6943729033158483,4,4,NA,NA,NA,NA,NA,NA,NA,NA,NA,Johnson & Wales (NC),UNC Wilmington
401172385,2019-11-05,UNC Wilmington,Johnson & Wales (NC),56,1,14:42:00,2082,2082,Foul on De'Andre Williams.,17,9,8,4,0.6947000554742129,0.6947000554742129,4,4,NA,NA,NA,NA,NA,NA,NA,NA,NA,UNC Wilmington,UNC Wilmington
401172385,2019-11-05,UNC Wilmington,Johnson & Wales (NC),57,1,14:37:00,2077,2077,Brian Tolefree missed Three Point Jumper.,17,9,8,5,0.6951095223829747,0.6951095223829747,4,4,NA,NA,NA,UNC Wilmington,missed,Brian Tolefree,NA,TRUE,FALSE,UNC Wilmington,Johnson & Wales (NC)
401172385,2019-11-05,UNC Wilmington,Johnson & Wales (NC),58,1,14:32:00,2072,2072,Majerle Poole Defensive Rebound.,17,9,8,5,0.6955195858087813,0.6955195858087813,4,4,NA,NA,NA,NA,NA,NA,NA,NA,NA,UNC Wilmington,Johnson & Wales (NC)
401172385,2019-11-05,UNC Wilmington,Johnson & Wales (NC),59,1,14:24:00,2064,2064,De'Andre Williams made Three Point Jumper.,17,12,5,8,0.6267323910238489,0.6267323910238489,4,4,NA,NA,NA,Johnson & Wales (NC),made,De'Andre Williams,NA,TRUE,FALSE,Johnson & Wales (NC),UNC Wilmington
401172385,2019-11-05,UNC Wilmington,Johnson & Wales (NC),60,1,14:11:00,2051,2051,Kai Toews made Layup.,19,12,7,13,0.6747946105046861,0.6747946105046861,4,4,NA,NA,NA,UNC Wilmington,made,Kai Toews,NA,FALSE,FALSE,UNC Wilmington,Johnson & Wales (NC)
401172385,2019-11-05,UNC Wilmington,Johnson & Wales (NC),61,1,13:43:00,2023,2023,Antonio Smith missed Jumper.,19,12,7,28,0.676909275410053,0.676909275410053,4,4,NA,NA,NA,Johnson & Wales (NC),missed,Antonio Smith,NA,FALSE,FALSE,Johnson & Wales (NC),Johnson & Wales (NC)
401172385,2019-11-05,UNC Wilmington,Johnson & Wales (NC),62,1,13:36:00,2016,2016,Zyrion Wilkins Offensive Rebound.,19,12,7,7,0.6774414250429373,0.6774414250429373,4,4,NA,NA,NA,NA,NA,NA,NA,NA,NA,Johnson & Wales (NC),Johnson & Wales (NC)
401172385,2019-11-05,UNC Wilmington,Johnson & Wales (NC),63,1,13:35:00,2015,2015,Zyrion Wilkins made Jumper.,19,14,5,1,0.6295475499535355,0.6295475499535355,4,4,NA,NA,NA,Johnson & Wales (NC),made,Zyrion Wilkins,NA,FALSE,FALSE,Johnson & Wales (NC),UNC Wilmington
401172385,2019-11-05,UNC Wilmington,Johnson & Wales (NC),64,1,13:28:00,2008,2008,Kai Toews Turnover.,19,14,5,7,0.6299546360167523,0.6299546360167523,4,4,NA,NA,NA,NA,NA,NA,NA,NA,NA,UNC Wilmington,Johnson & Wales (NC)
401172385,2019-11-05,UNC Wilmington,Johnson & Wales (NC),65,1,13:28:00,2008,2008,Antonio Smith Steal.,19,14,5,0,0.6299546360167523,0.6299546360167523,4,4,NA,NA,NA,NA,NA,NA,NA,NA,NA,UNC Wilmington,Johnson & Wales (NC)
401172385,2019-11-05,UNC Wilmington,Johnson & Wales (NC),66,1,13:20:00,2000,2000,Antonio Smith made Layup.,19,16,3,8,0.5794254425950851,0.5794254425950851,4,4,NA,NA,NA,Johnson & Wales (NC),made,Antonio Smith,NA,FALSE,FALSE,Johnson & Wales (NC),UNC Wilmington
401172385,2019-11-05,UNC Wilmington,Johnson & Wales (NC),67,1,13:10:00,1990,1990,Mike Okauru missed Three Point Jumper.,19,16,3,10,0.5797932714414801,0.5797932714414801,4,4,NA,NA,NA,UNC Wilmington,missed,Mike Okauru,NA,TRUE,FALSE,UNC Wilmington,Johnson & Wales (NC)
401172385,2019-11-05,UNC Wilmington,Johnson & Wales (NC),68,1,13:05:00,1985,1985,Majerle Poole Defensive Rebound.,19,16,3,5,0.5799778985854955,0.5799778985854955,4,4,NA,NA,NA,NA,NA,NA,NA,NA,NA,UNC Wilmington,Johnson & Wales (NC)
401172385,2019-11-05,UNC Wilmington,Johnson & Wales (NC),69,1,13:00:00,1980,1980,Zyrion Wilkins missed Jumper.,19,16,3,5,0.5801630089214207,0.5801630089214207,4,4,NA,NA,NA,Johnson & Wales (NC),missed,Zyrion Wilkins,NA,FALSE,FALSE,Johnson & Wales (NC),UNC Wilmington
401172385,2019-11-05,UNC Wilmington,Johnson & Wales (NC),70,1,12:56:00,1976,1976,Carter Skaggs Defensive Rebound.,19,16,3,4,0.5803114491393832,0.5803114491393832,4,4,NA,NA,NA,NA,NA,NA,NA,NA,NA,Johnson & Wales (NC),UNC Wilmington
401172385,2019-11-05,UNC Wilmington,Johnson & Wales (NC),71,1,12:46:00,1966,1966,Brian Tolefree Turnover.,19,16,3,10,0.5806839397376166,0.5806839397376166,4,4,NA,NA,NA,NA,NA,NA,NA,NA,NA,UNC Wilmington,Johnson & Wales (NC)
401172385,2019-11-05,UNC Wilmington,Johnson & Wales (NC),72,1,12:35:00,1955,1955,Antonio Smith missed Jumper.,19,16,3,11,0.5810960193102671,0.5810960193102671,4,4,NA,NA,NA,Johnson & Wales (NC),missed,Antonio Smith,NA,FALSE,FALSE,Johnson & Wales (NC),UNC Wilmington
401172385,2019-11-05,UNC Wilmington,Johnson & Wales (NC),73,1,12:30:00,1950,1950,Jaylen Sims Defensive Rebound.,19,16,3,5,0.5812841552338529,0.5812841552338529,4,4,NA,NA,NA,NA,NA,NA,NA,NA,NA,Johnson & Wales (NC),UNC Wilmington
401172385,2019-11-05,UNC Wilmington,Johnson & Wales (NC),74,1,12:13:00,1933,1933,Foul on Brandon Kostyk.,19,16,3,17,0.5819277824584342,0.5819277824584342,4,4,NA,NA,NA,NA,NA,NA,NA,NA,NA,UNC Wilmington,UNC Wilmington
401172385,2019-11-05,UNC Wilmington,Johnson & Wales (NC),75,1,12:13:00,1933,1933,Jaylen Sims missed Free Throw.,19,16,3,0,0.5819277824584342,0.5819277824584342,4,4,NA,NA,NA,UNC Wilmington,missed,Jaylen Sims,NA,FALSE,TRUE,UNC Wilmington,UNC Wilmington
401172385,2019-11-05,UNC Wilmington,Johnson & Wales (NC),76,1,12:13:00,1933,1933,UNC Wilmington Offensive Rebound.,19,16,3,0,0.5819277824584342,0.5819277824584342,4,4,NA,NA,NA,NA,NA,NA,NA,NA,NA,UNC Wilmington,UNC Wilmington
401172385,2019-11-05,UNC Wilmington,Johnson & Wales (NC),77,1,12:13:00,1933,1933,Jaylen Sims missed Free Throw.,19,16,3,0,0.5819277824584342,0.5819277824584342,4,4,NA,NA,NA,UNC Wilmington,missed,Jaylen Sims,NA,FALSE,TRUE,UNC Wilmington,UNC Wilmington
401172385,2019-11-05,UNC Wilmington,Johnson & Wales (NC),78,1,12:13:00,1933,1933,Antonio Smith Defensive Rebound.,19,16,3,0,0.5819277824584342,0.5819277824584342,4,4,NA,NA,NA,NA,NA,NA,NA,NA,NA,UNC Wilmington,UNC Wilmington
401172385,2019-11-05,UNC Wilmington,Johnson & Wales (NC),79,1,12:05:00,1925,1925,De'Andre Williams missed Three Point Jumper.,19,16,3,8,0.5822324554233181,0.5822324554233181,4,4,NA,NA,NA,Johnson & Wales (NC),missed,De'Andre Williams,NA,TRUE,FALSE,Johnson & Wales (NC),Johnson & Wales (NC)
401172385,2019-11-05,UNC Wilmington,Johnson & Wales (NC),80,1,12:01:00,1921,1921,De'Andre Williams Offensive Rebound.,19,16,3,4,0.5823846741247521,0.5823846741247521,4,4,NA,NA,NA,NA,NA,NA,NA,NA,NA,Johnson & Wales (NC),Johnson & Wales (NC)
401172385,2019-11-05,UNC Wilmington,Johnson & Wales (NC),81,1,11:57:00,1917,1917,De'Andre Williams Turnover.,19,16,3,4,0.582536787551117,0.582536787551117,4,4,NA,NA,NA,NA,NA,NA,NA,NA,NA,Johnson & Wales (NC),UNC Wilmington
401172385,2019-11-05,UNC Wilmington,Johnson & Wales (NC),82,1,11:57:00,1917,1917,Mike Okauru Steal.,19,16,3,0,0.582536787551117,0.582536787551117,4,4,NA,NA,NA,NA,NA,NA,NA,NA,NA,Johnson & Wales (NC),UNC Wilmington
401172385,2019-11-05,UNC Wilmington,Johnson & Wales (NC),83,1,11:57:00,1917,1917,Foul on Brandon Kostyk.,19,16,3,0,0.582536787551117,0.582536787551117,4,4,NA,NA,NA,NA,NA,NA,NA,NA,NA,Johnson & Wales (NC),UNC Wilmington
401172385,2019-11-05,UNC Wilmington,Johnson & Wales (NC),84,1,11:55:00,1915,1915,Mike Okauru made Three Point Jumper.,22,16,6,2,0.6608349053540793,0.6608349053540793,4,4,NA,NA,NA,UNC Wilmington,made,Mike Okauru,NA,TRUE,FALSE,UNC Wilmington,Johnson & Wales (NC)
401172385,2019-11-05,UNC Wilmington,Johnson & Wales (NC),85,1,11:25:00,1885,1885,Antonio Smith made Jumper. Assisted by Brandon Kostyk.,22,18,4,30,0.6108590776173012,0.6108590776173012,4,4,NA,NA,NA,Johnson & Wales (NC),made,Antonio Smith,Brandon Kostyk,FALSE,FALSE,Johnson & Wales (NC),UNC Wilmington
401172385,2019-11-05,UNC Wilmington,Johnson & Wales (NC),86,1,11:06:00,1866,1866,Jay Estime' missed Three Point Jumper.,22,18,4,19,0.6118001680963009,0.6118001680963009,4,4,NA,NA,NA,UNC Wilmington,missed,Jay Estime',NA,TRUE,FALSE,UNC Wilmington,Johnson & Wales (NC)
401172385,2019-11-05,UNC Wilmington,Johnson & Wales (NC),87,1,11:02:00,1862,1862,Zyrion Wilkins Defensive Rebound.,22,18,4,4,0.6119985320335197,0.6119985320335197,4,4,NA,NA,NA,NA,NA,NA,NA,NA,NA,UNC Wilmington,Johnson & Wales (NC)
401172385,2019-11-05,UNC Wilmington,Johnson & Wales (NC),88,1,11:00:00,1860,1860,Zyrion Wilkins Turnover.,22,18,4,2,0.6120977599592489,0.6120977599592489,4,4,NA,NA,NA,NA,NA,NA,NA,NA,NA,Johnson & Wales (NC),UNC Wilmington
401172385,2019-11-05,UNC Wilmington,Johnson & Wales (NC),89,1,11:00:00,1860,1860,Jay Estime' Steal.,22,18,4,0,0.6120977599592489,0.6120977599592489,4,4,NA,NA,NA,NA,NA,NA,NA,NA,NA,Johnson & Wales (NC),UNC Wilmington
401172385,2019-11-05,UNC Wilmington,Johnson & Wales (NC),90,1,10:54:00,1854,1854,Jay Estime' missed Layup.,22,18,4,6,0.6123956557499932,0.6123956557499932,4,4,NA,NA,NA,UNC Wilmington,missed,Jay Estime',NA,FALSE,FALSE,UNC Wilmington,Johnson & Wales (NC)
401172385,2019-11-05,UNC Wilmington,Johnson & Wales (NC),91,1,10:54:00,1854,1854,Antonio Smith Block.,22,18,4,0,0.6123956557499932,0.6123956557499932,4,4,NA,NA,NA,NA,NA,NA,NA,NA,NA,UNC Wilmington,Johnson & Wales (NC)
401172385,2019-11-05,UNC Wilmington,Johnson & Wales (NC),92,1,10:52:00,1852,1852,Antonio Smith Defensive Rebound.,22,18,4,2,0.6124950328419694,0.6124950328419694,4,4,NA,NA,NA,NA,NA,NA,NA,NA,NA,UNC Wilmington,Johnson & Wales (NC)
401172385,2019-11-05,UNC Wilmington,Johnson & Wales (NC),93,1,10:52:00,1852,1852,Antonio Smith Turnover.,22,18,4,0,0.6124950328419694,0.6124950328419694,4,4,NA,NA,NA,NA,NA,NA,NA,NA,NA,UNC Wilmington,Johnson & Wales (NC)
401172385,2019-11-05,UNC Wilmington,Johnson & Wales (NC),94,1,10:45:00,1845,1845,Foul on De'Andre Williams.,22,18,4,7,0.6128432079096078,0.6128432079096078,4,4,NA,NA,NA,NA,NA,NA,NA,NA,NA,UNC Wilmington,Johnson & Wales (NC)
401172385,2019-11-05,UNC Wilmington,Johnson & Wales (NC),95,1,10:45:00,1845,1845,Jake Boggs made Free Throw.,23,18,5,0,0.6397085069645284,0.6397085069645284,4,4,NA,NA,NA,UNC Wilmington,made,Jake Boggs,NA,FALSE,TRUE,UNC Wilmington,UNC Wilmington
401172385,2019-11-05,UNC Wilmington,Johnson & Wales (NC),96,1,10:45:00,1845,1845,Jake Boggs missed Free Throw.,23,18,5,0,0.6397085069645284,0.6397085069645284,4,4,NA,NA,NA,UNC Wilmington,missed,Jake Boggs,NA,FALSE,TRUE,UNC Wilmington,Johnson & Wales (NC)
401172385,2019-11-05,UNC Wilmington,Johnson & Wales (NC),97,1,10:45:00,1845,1845,Zyrion Wilkins Defensive Rebound.,23,18,5,0,0.6397085069645284,0.6397085069645284,4,4,NA,NA,NA,NA,NA,NA,NA,NA,NA,UNC Wilmington,Johnson & Wales (NC)
401172385,2019-11-05,UNC Wilmington,Johnson & Wales (NC),98,1,10:38:00,1838,1838,Pj Gill missed Three Point Jumper.,23,18,5,7,0.6401320056808958,0.6401320056808958,4,4,NA,NA,NA,Johnson & Wales (NC),missed,Pj Gill,NA,TRUE,FALSE,Johnson & Wales (NC),UNC Wilmington
401172385,2019-11-05,UNC Wilmington,Johnson & Wales (NC),99,1,10:33:00,1833,1833,Jake Boggs Defensive Rebound.,23,18,5,5,0.6404349925531321,0.6404349925531321,4,4,NA,NA,NA,NA,NA,NA,NA,NA,NA,Johnson & Wales (NC),UNC Wilmington
401172385,2019-11-05,UNC Wilmington,Johnson & Wales (NC),100,1,10:31:00,1831,1831,Jaylen Sims made Three Point Jumper. Assisted by Jake Boggs.,26,18,8,2,0.7159473906477681,0.7159473906477681,4,4,NA,NA,NA,UNC Wilmington,made,Jaylen Sims,Jake Boggs,TRUE,FALSE,UNC Wilmington,Johnson & Wales (NC)
401172385,2019-11-05,UNC Wilmington,Johnson & Wales (NC),101,1,10:20:00,1820,1820,Brandon Kostyk missed Three Point Jumper.,26,18,8,11,0.7168918400355533,0.7168918400355533,4,4,NA,NA,NA,Johnson & Wales (NC),missed,Brandon Kostyk,NA,TRUE,FALSE,Johnson & Wales (NC),Johnson & Wales (NC)
401172385,2019-11-05,UNC Wilmington,Johnson & Wales (NC),102,1,10:16:00,1816,1816,Antonio Smith Offensive Rebound.,26,18,8,4,0.7172359279394539,0.7172359279394539,4,4,NA,NA,NA,NA,NA,NA,NA,NA,NA,Johnson & Wales (NC),Johnson & Wales (NC)
401172385,2019-11-05,UNC Wilmington,Johnson & Wales (NC),103,1,10:15:00,1815,1815,Antonio Smith missed Jumper.,26,18,8,1,0.7173220106498712,0.7173220106498712,4,4,NA,NA,NA,Johnson & Wales (NC),missed,Antonio Smith,NA,FALSE,FALSE,Johnson & Wales (NC),UNC Wilmington
401172385,2019-11-05,UNC Wilmington,Johnson & Wales (NC),104,1,10:15:00,1815,1815,Jake Boggs Block.,26,18,8,0,0.7173220106498712,0.7173220106498712,4,4,NA,NA,NA,NA,NA,NA,NA,NA,NA,Johnson & Wales (NC),UNC Wilmington
401172385,2019-11-05,UNC Wilmington,Johnson & Wales (NC),105,1,10:05:00,1805,1805,John Bowen Defensive Rebound.,26,18,8,10,0.7181843056483589,0.7181843056483589,4,4,NA,NA,NA,NA,NA,NA,NA,NA,NA,Johnson & Wales (NC),UNC Wilmington
401172385,2019-11-05,UNC Wilmington,Johnson & Wales (NC),106,1,09:54:00,1794,1794,Jake Boggs missed Jumper.,26,18,8,11,0.7191363163102348,0.7191363163102348,4,4,NA,NA,NA,UNC Wilmington,missed,Jake Boggs,NA,FALSE,FALSE,UNC Wilmington,Johnson & Wales (NC)
401172385,2019-11-05,UNC Wilmington,Johnson & Wales (NC),107,1,09:48:00,1788,1788,Zyrion Wilkins Defensive Rebound.,26,18,8,6,0.7196573516295803,0.7196573516295803,4,4,NA,NA,NA,NA,NA,NA,NA,NA,NA,UNC Wilmington,Johnson & Wales (NC)
401172385,2019-11-05,UNC Wilmington,Johnson & Wales (NC),108,1,09:29:00,1769,1769,Zyrion Wilkins missed Layup.,26,18,8,19,0.721316814693141,0.721316814693141,4,4,NA,NA,NA,Johnson & Wales (NC),missed,Zyrion Wilkins,NA,FALSE,FALSE,Johnson & Wales (NC),UNC Wilmington
401172385,2019-11-05,UNC Wilmington,Johnson & Wales (NC),109,1,09:23:00,1763,1763,Kai Toews Defensive Rebound.,26,18,8,6,0.721844221474433,0.721844221474433,4,4,NA,NA,NA,NA,NA,NA,NA,NA,NA,Johnson & Wales (NC),UNC Wilmington
401172385,2019-11-05,UNC Wilmington,Johnson & Wales (NC),110,1,09:21:00,1761,1761,Jake Boggs made Dunk.,28,18,10,2,0.7673007838563902,0.7673007838563902,4,4,NA,NA,NA,UNC Wilmington,made,Jake Boggs,NA,FALSE,FALSE,UNC Wilmington,Johnson & Wales (NC)
401172385,2019-11-05,UNC Wilmington,Johnson & Wales (NC),111,1,08:59:00,1739,1739,Foul on Jaylen Sims.,28,18,10,22,0.7694693695513053,0.7694693695513053,4,4,NA,NA,NA,NA,NA,NA,NA,NA,NA,Johnson & Wales (NC),Johnson & Wales (NC)
401172385,2019-11-05,UNC Wilmington,Johnson & Wales (NC),112,1,08:59:00,1739,1739,Antonio Smith made Free Throw.,28,19,9,0,0.7473985573315332,0.7473985573315332,4,4,NA,NA,NA,Johnson & Wales (NC),made,Antonio Smith,NA,FALSE,TRUE,Johnson & Wales (NC),Johnson & Wales (NC)
401172385,2019-11-05,UNC Wilmington,Johnson & Wales (NC),113,1,08:59:00,1739,1739,Antonio Smith made Free Throw.,28,20,8,0,0.7239727028726731,0.7239727028726731,4,4,NA,NA,NA,Johnson & Wales (NC),made,Antonio Smith,NA,FALSE,TRUE,Johnson & Wales (NC),UNC Wilmington
401172385,2019-11-05,UNC Wilmington,Johnson & Wales (NC),114,1,08:41:00,1721,1721,Jaylen Sims missed Jumper.,28,20,8,18,0.7255915920781181,0.7255915920781181,4,4,NA,NA,NA,UNC Wilmington,missed,Jaylen Sims,NA,FALSE,FALSE,UNC Wilmington,UNC Wilmington
401172385,2019-11-05,UNC Wilmington,Johnson & Wales (NC),115,1,08:34:00,1714,1714,Jake Boggs Offensive Rebound.,28,20,8,7,0.7262270114533889,0.7262270114533889,4,4,NA,NA,NA,NA,NA,NA,NA,NA,NA,UNC Wilmington,UNC Wilmington
401172385,2019-11-05,UNC Wilmington,Johnson & Wales (NC),116,1,08:32:00,1712,1712,Jake Boggs made Jumper.,30,20,10,2,0.7721691033074563,0.7721691033074563,4,4,NA,NA,NA,UNC Wilmington,made,Jake Boggs,NA,FALSE,FALSE,UNC Wilmington,Johnson & Wales (NC)
401172385,2019-11-05,UNC Wilmington,Johnson & Wales (NC),117,1,08:23:00,1703,1703,Foul on John Bowen.,30,20,10,9,0.7730798460115725,0.7730798460115725,4,4,NA,NA,NA,NA,NA,NA,NA,NA,NA,Johnson & Wales (NC),Johnson & Wales (NC)
401172385,2019-11-05,UNC Wilmington,Johnson & Wales (NC),118,1,08:19:00,1699,1699,Zyrion Wilkins Turnover.,30,20,10,4,0.7734865158719326,0.7734865158719326,4,4,NA,NA,NA,NA,NA,NA,NA,NA,NA,Johnson & Wales (NC),UNC Wilmington
401172385,2019-11-05,UNC Wilmington,Johnson & Wales (NC),119,1,08:18:00,1698,1698,Carter Skaggs missed Three Point Jumper.,30,20,10,1,0.7735883707680526,0.7735883707680526,4,4,NA,NA,NA,UNC Wilmington,missed,Carter Skaggs,NA,TRUE,FALSE,UNC Wilmington,UNC Wilmington
401172385,2019-11-05,UNC Wilmington,Johnson & Wales (NC),120,1,08:14:00,1694,1694,Jake Boggs Offensive Rebound.,30,20,10,4,0.773996553310037,0.773996553310037,4,4,NA,NA,NA,NA,NA,NA,NA,NA,NA,UNC Wilmington,UNC Wilmington
401172385,2019-11-05,UNC Wilmington,Johnson & Wales (NC),121,1,08:13:00,1693,1693,Jake Boggs made Dunk.,32,20,12,1,0.8142585177584964,0.8142585177584964,4,4,NA,NA,NA,UNC Wilmington,made,Jake Boggs,NA,FALSE,FALSE,UNC Wilmington,Johnson & Wales (NC)
401172385,2019-11-05,UNC Wilmington,Johnson & Wales (NC),122,1,08:06:00,1686,1686,Cj Miller made Layup. Assisted by Pj Gill.,32,22,10,7,0.7748144510303732,0.7748144510303732,4,4,NA,NA,NA,Johnson & Wales (NC),made,Cj Miller,Pj Gill,FALSE,FALSE,Johnson & Wales (NC),UNC Wilmington
401172385,2019-11-05,UNC Wilmington,Johnson & Wales (NC),123,1,07:45:00,1665,1665,Foul on Cj Miller.,32,22,10,21,0.7769115778957746,0.7769115778957746,4,4,NA,NA,NA,NA,NA,NA,NA,NA,NA,UNC Wilmington,UNC Wilmington
401172385,2019-11-05,UNC Wilmington,Johnson & Wales (NC),124,1,07:45:00,1665,1665,Official TV Timeout,32,22,10,0,0.7769115778957746,0.7769115778957746,4,4,NA,NA,NA,NA,NA,NA,NA,NA,NA,UNC Wilmington,UNC Wilmington
401172385,2019-11-05,UNC Wilmington,Johnson & Wales (NC),125,1,07:45:00,1665,1665,Kai Toews missed Free Throw.,32,22,10,0,0.7769115778957746,0.7769115778957746,4,4,NA,NA,NA,UNC Wilmington,missed,Kai Toews,NA,FALSE,TRUE,UNC Wilmington,UNC Wilmington
401172385,2019-11-05,UNC Wilmington,Johnson & Wales (NC),126,1,07:45:00,1665,1665,UNC Wilmington Offensive Rebound.,32,22,10,0,0.7769115778957746,0.7769115778957746,4,4,NA,NA,NA,NA,NA,NA,NA,NA,NA,UNC Wilmington,UNC Wilmington
401172385,2019-11-05,UNC Wilmington,Johnson & Wales (NC),127,1,07:45:00,1665,1665,Kai Toews made Free Throw.,33,22,11,0,0.7977892789589314,0.7977892789589314,4,4,NA,NA,NA,UNC Wilmington,made,Kai Toews,NA,FALSE,TRUE,UNC Wilmington,UNC Wilmington
401172385,2019-11-05,UNC Wilmington,Johnson & Wales (NC),128,1,07:35:00,1655,1655,Robert Hobson Turnover.,33,22,11,10,0.7987865982126191,0.7987865982126191,4,4,NA,NA,NA,NA,NA,NA,NA,NA,NA,UNC Wilmington,UNC Wilmington
401172385,2019-11-05,UNC Wilmington,Johnson & Wales (NC),129,1,07:28:00,1648,1648,Imajae Dodd made Jumper.,35,22,13,7,0.836783009070883,0.836783009070883,4,4,NA,NA,NA,UNC Wilmington,made,Imajae Dodd,NA,FALSE,FALSE,UNC Wilmington,Johnson & Wales (NC)
401172385,2019-11-05,UNC Wilmington,Johnson & Wales (NC),130,1,07:28:00,1648,1648,Foul on Cj Miller.,35,22,13,0,0.836783009070883,0.836783009070883,4,4,NA,NA,NA,NA,NA,NA,NA,NA,NA,UNC Wilmington,Johnson & Wales (NC)
401172385,2019-11-05,UNC Wilmington,Johnson & Wales (NC),131,1,07:28:00,1648,1648,Imajae Dodd made Free Throw.,36,22,14,0,0.8532364347661467,0.8532364347661467,4,4,NA,NA,NA,UNC Wilmington,made,Imajae Dodd,NA,FALSE,TRUE,UNC Wilmington,Johnson & Wales (NC)
401172385,2019-11-05,UNC Wilmington,Johnson & Wales (NC),132,1,07:14:00,1634,1634,Majerle Poole made Layup.,36,24,12,14,0.8202508479610657,0.8202508479610657,4,4,NA,NA,NA,Johnson & Wales (NC),made,Majerle Poole,NA,FALSE,FALSE,Johnson & Wales (NC),UNC Wilmington
401172385,2019-11-05,UNC Wilmington,Johnson & Wales (NC),133,1,06:58:00,1618,1618,Shykeim Phillips missed Jumper.,36,24,12,16,0.8217973995284175,0.8217973995284175,4,4,NA,NA,NA,UNC Wilmington,missed,Shykeim Phillips,NA,FALSE,FALSE,UNC Wilmington,UNC Wilmington
401172385,2019-11-05,UNC Wilmington,Johnson & Wales (NC),134,1,06:55:00,1615,1615,Shykeim Phillips Offensive Rebound.,36,24,12,3,0.8220851545881982,0.8220851545881982,4,4,NA,NA,NA,NA,NA,NA,NA,NA,NA,UNC Wilmington,UNC Wilmington
401172385,2019-11-05,UNC Wilmington,Johnson & Wales (NC),135,1,06:55:00,1615,1615,Foul on Cj Miller.,36,24,12,0,0.8220851545881982,0.8220851545881982,4,4,NA,NA,NA,NA,NA,NA,NA,NA,NA,UNC Wilmington,UNC Wilmington
401172385,2019-11-05,UNC Wilmington,Johnson & Wales (NC),136,1,06:55:00,1615,1615,Shykeim Phillips missed Free Throw.,36,24,12,0,0.8220851545881982,0.8220851545881982,4,4,NA,NA,NA,UNC Wilmington,missed,Shykeim Phillips,NA,FALSE,TRUE,UNC Wilmington,UNC Wilmington
401172385,2019-11-05,UNC Wilmington,Johnson & Wales (NC),137,1,06:55:00,1615,1615,UNC Wilmington Offensive Rebound.,36,24,12,0,0.8220851545881982,0.8220851545881982,4,4,NA,NA,NA,NA,NA,NA,NA,NA,NA,UNC Wilmington,UNC Wilmington
401172385,2019-11-05,UNC Wilmington,Johnson & Wales (NC),138,1,06:55:00,1615,1615,Shykeim Phillips made Free Throw.,37,24,13,0,0.8399806159196956,0.8399806159196956,4,4,NA,NA,NA,UNC Wilmington,made,Shykeim Phillips,NA,FALSE,TRUE,UNC Wilmington,Johnson & Wales (NC)
401172385,2019-11-05,UNC Wilmington,Johnson & Wales (NC),139,1,06:29:00,1589,1589,Malik Bullock missed Three Point Jumper.,37,24,13,26,0.8424433174008884,0.8424433174008884,4,4,NA,NA,NA,Johnson & Wales (NC),missed,Malik Bullock,NA,TRUE,FALSE,Johnson & Wales (NC),UNC Wilmington
401172385,2019-11-05,UNC Wilmington,Johnson & Wales (NC),140,1,06:26:00,1586,1586,Mike Okauru Defensive Rebound.,37,24,13,3,0.8427260162134509,0.8427260162134509,4,4,NA,NA,NA,NA,NA,NA,NA,NA,NA,Johnson & Wales (NC),UNC Wilmington
401172385,2019-11-05,UNC Wilmington,Johnson & Wales (NC),141,1,06:22:00,1582,1582,Carter Skaggs missed Three Point Jumper.,37,24,13,4,0.8431027691660736,0.8431027691660736,4,4,NA,NA,NA,UNC Wilmington,missed,Carter Skaggs,NA,TRUE,FALSE,UNC Wilmington,Johnson & Wales (NC)
401172385,2019-11-05,UNC Wilmington,Johnson & Wales (NC),142,1,06:17:00,1577,1577,Antonio Smith Defensive Rebound.,37,24,13,5,0.8435735897905208,0.8435735897905208,4,4,NA,NA,NA,NA,NA,NA,NA,NA,NA,UNC Wilmington,Johnson & Wales (NC)
401172385,2019-11-05,UNC Wilmington,Johnson & Wales (NC),143,1,05:58:00,1558,1558,Pj Gill made Jumper.,37,26,11,19,0.8080462377777434,0.8080462377777434,4,4,NA,NA,NA,Johnson & Wales (NC),made,Pj Gill,NA,FALSE,FALSE,Johnson & Wales (NC),UNC Wilmington
401172385,2019-11-05,UNC Wilmington,Johnson & Wales (NC),144,1,05:58:00,1558,1558,Foul on Mike Okauru.,37,26,11,0,0.8080462377777434,0.8080462377777434,4,4,NA,NA,NA,NA,NA,NA,NA,NA,NA,Johnson & Wales (NC),Johnson & Wales (NC)
401172385,2019-11-05,UNC Wilmington,Johnson & Wales (NC),145,1,05:57:00,1557,1557,Pj Gill missed Free Throw.,37,26,11,1,0.8081411919395998,0.8081411919395998,4,4,NA,NA,NA,Johnson & Wales (NC),missed,Pj Gill,NA,FALSE,TRUE,Johnson & Wales (NC),Johnson & Wales (NC)
401172385,2019-11-05,UNC Wilmington,Johnson & Wales (NC),146,1,05:51:00,1551,1551,Pj Gill Offensive Rebound.,37,26,11,6,0.8087120475923237,0.8087120475923237,4,4,NA,NA,NA,NA,NA,NA,NA,NA,NA,Johnson & Wales (NC),Johnson & Wales (NC)
401172385,2019-11-05,UNC Wilmington,Johnson & Wales (NC),147,1,05:50:00,1550,1550,Pj Gill missed Jumper.,37,26,11,1,0.8088073952280588,0.8088073952280588,4,4,NA,NA,NA,Johnson & Wales (NC),missed,Pj Gill,NA,FALSE,FALSE,Johnson & Wales (NC),UNC Wilmington
401172385,2019-11-05,UNC Wilmington,Johnson & Wales (NC),148,1,05:47:00,1547,1547,Carter Skaggs Defensive Rebound.,37,26,11,3,0.8090938249773703,0.8090938249773703,4,4,NA,NA,NA,NA,NA,NA,NA,NA,NA,Johnson & Wales (NC),UNC Wilmington
401172385,2019-11-05,UNC Wilmington,Johnson & Wales (NC),149,1,05:41:00,1541,1541,Jay Estime' made Three Point Jumper. Assisted by Shykeim Phillips.,40,26,14,6,0.8632710903176509,0.8632710903176509,4,4,NA,NA,NA,UNC Wilmington,made,Jay Estime',Shykeim Phillips,TRUE,FALSE,UNC Wilmington,Johnson & Wales (NC)
401172385,2019-11-05,UNC Wilmington,Johnson & Wales (NC),150,1,05:23:00,1523,1523,Majerle Poole made Layup.,40,28,12,18,0.8308780036388828,0.8308780036388828,4,4,NA,NA,NA,Johnson & Wales (NC),made,Majerle Poole,NA,FALSE,FALSE,Johnson & Wales (NC),UNC Wilmington
401172385,2019-11-05,UNC Wilmington,Johnson & Wales (NC),151,1,05:23:00,1523,1523,Foul on Carter Skaggs.,40,28,12,0,0.8308780036388828,0.8308780036388828,4,4,NA,NA,NA,NA,NA,NA,NA,NA,NA,Johnson & Wales (NC),Johnson & Wales (NC)
401172385,2019-11-05,UNC Wilmington,Johnson & Wales (NC),152,1,05:23:00,1523,1523,Majerle Poole missed Free Throw.,40,28,12,0,0.8308780036388828,0.8308780036388828,4,4,NA,NA,NA,Johnson & Wales (NC),missed,Majerle Poole,NA,FALSE,TRUE,Johnson & Wales (NC),UNC Wilmington
401172385,2019-11-05,UNC Wilmington,Johnson & Wales (NC),153,1,05:21:00,1521,1521,Carter Skaggs Defensive Rebound.,40,28,12,2,0.831074003011142,0.831074003011142,4,4,NA,NA,NA,NA,NA,NA,NA,NA,NA,Johnson & Wales (NC),UNC Wilmington
401172385,2019-11-05,UNC Wilmington,Johnson & Wales (NC),154,1,05:03:00,1503,1503,Jaylen Sims made Layup.,42,28,14,18,0.8668854138115606,0.8668854138115606,4,4,NA,NA,NA,UNC Wilmington,made,Jaylen Sims,NA,FALSE,FALSE,UNC Wilmington,Johnson & Wales (NC)
401172385,2019-11-05,UNC Wilmington,Johnson & Wales (NC),155,1,05:02:00,1502,1502,Johnson & Wales (NC)  Timeout,42,28,14,1,0.8669824741640723,0.8669824741640723,3,4,NA,NA,NA,NA,NA,NA,NA,NA,NA,Johnson & Wales (NC),Johnson & Wales (NC)
401172385,2019-11-05,UNC Wilmington,Johnson & Wales (NC),156,1,04:47:00,1487,1487,Robert Hobson made Three Point Jumper. Assisted by Malik Bullock.,42,31,11,15,0.8150134278585659,0.8150134278585659,3,4,NA,NA,NA,Johnson & Wales (NC),made,Robert Hobson,Malik Bullock,TRUE,FALSE,Johnson & Wales (NC),UNC Wilmington
401172385,2019-11-05,UNC Wilmington,Johnson & Wales (NC),157,1,04:31:00,1471,1471,Jay Estime' made Jumper.,44,31,13,16,0.8539161143716643,0.8539161143716643,3,4,NA,NA,NA,UNC Wilmington,made,Jay Estime',NA,FALSE,FALSE,UNC Wilmington,Johnson & Wales (NC)
401172385,2019-11-05,UNC Wilmington,Johnson & Wales (NC),158,1,04:15:00,1455,1455,Robert Hobson missed Jumper.,44,31,13,16,0.8556036576336434,0.8556036576336434,3,4,NA,NA,NA,Johnson & Wales (NC),missed,Robert Hobson,NA,FALSE,FALSE,Johnson & Wales (NC),UNC Wilmington
401172385,2019-11-05,UNC Wilmington,Johnson & Wales (NC),159,1,04:11:00,1451,1451,Jay Estime' Defensive Rebound.,44,31,13,4,0.8560331887609951,0.8560331887609951,3,4,NA,NA,NA,NA,NA,NA,NA,NA,NA,Johnson & Wales (NC),UNC Wilmington
401172385,2019-11-05,UNC Wilmington,Johnson & Wales (NC),160,1,04:06:00,1446,1446,Jaylen Sims made Layup.,46,31,15,5,0.8871575807206254,0.8871575807206254,3,4,NA,NA,NA,UNC Wilmington,made,Jaylen Sims,NA,FALSE,FALSE,UNC Wilmington,Johnson & Wales (NC)
401172385,2019-11-05,UNC Wilmington,Johnson & Wales (NC),161,1,03:35:00,1415,1415,De'Andre Williams missed Jumper.,46,31,15,31,0.8901399529603979,0.8901399529603979,3,4,NA,NA,NA,Johnson & Wales (NC),missed,De'Andre Williams,NA,FALSE,FALSE,Johnson & Wales (NC),UNC Wilmington
401172385,2019-11-05,UNC Wilmington,Johnson & Wales (NC),162,1,03:30:00,1410,1410,Marten Linssen Defensive Rebound.,46,31,15,5,0.8906005256419255,0.8906005256419255,3,4,NA,NA,NA,NA,NA,NA,NA,NA,NA,Johnson & Wales (NC),UNC Wilmington
401172385,2019-11-05,UNC Wilmington,Johnson & Wales (NC),163,1,03:28:00,1408,1408,Kai Toews made Layup.,48,31,17,2,0.9151811803257408,0.9151811803257408,3,4,NA,NA,NA,UNC Wilmington,made,Kai Toews,NA,FALSE,FALSE,UNC Wilmington,Johnson & Wales (NC)
401172385,2019-11-05,UNC Wilmington,Johnson & Wales (NC),164,1,03:11:00,1391,1391,Foul on Carter Skaggs.,48,31,17,17,0.9165619501932508,0.9165619501932508,3,4,NA,NA,NA,NA,NA,NA,NA,NA,NA,Johnson & Wales (NC),Johnson & Wales (NC)
401172385,2019-11-05,UNC Wilmington,Johnson & Wales (NC),165,1,03:11:00,1391,1391,Official TV Timeout,48,31,17,0,0.9165619501932508,0.9165619501932508,3,4,NA,NA,NA,NA,NA,NA,NA,NA,NA,Johnson & Wales (NC),Johnson & Wales (NC)
401172385,2019-11-05,UNC Wilmington,Johnson & Wales (NC),166,1,03:11:00,1391,1391,Majerle Poole made Free Throw.,48,32,16,0,0.9051284631850092,0.9051284631850092,3,4,NA,NA,NA,Johnson & Wales (NC),made,Majerle Poole,NA,FALSE,TRUE,Johnson & Wales (NC),Johnson & Wales (NC)
401172385,2019-11-05,UNC Wilmington,Johnson & Wales (NC),167,1,03:11:00,1391,1391,Majerle Poole missed Free Throw.,48,32,16,0,0.9051284631850092,0.9051284631850092,3,4,NA,NA,NA,Johnson & Wales (NC),missed,Majerle Poole,NA,FALSE,TRUE,Johnson & Wales (NC),Johnson & Wales (NC)
401172385,2019-11-05,UNC Wilmington,Johnson & Wales (NC),168,1,03:11:00,1391,1391,Antonio Smith Offensive Rebound.,48,32,16,0,0.9051284631850092,0.9051284631850092,3,4,NA,NA,NA,NA,NA,NA,NA,NA,NA,Johnson & Wales (NC),Johnson & Wales (NC)
401172385,2019-11-05,UNC Wilmington,Johnson & Wales (NC),169,1,03:10:00,1390,1390,Antonio Smith Turnover.,48,32,16,1,0.9052129809166534,0.9052129809166534,3,4,NA,NA,NA,NA,NA,NA,NA,NA,NA,Johnson & Wales (NC),UNC Wilmington
401172385,2019-11-05,UNC Wilmington,Johnson & Wales (NC),170,1,03:10:00,1390,1390,Jaylen Sims Steal.,48,32,16,0,0.9052129809166534,0.9052129809166534,3,4,NA,NA,NA,NA,NA,NA,NA,NA,NA,Johnson & Wales (NC),UNC Wilmington
401172385,2019-11-05,UNC Wilmington,Johnson & Wales (NC),171,1,02:55:00,1375,1375,Jake Boggs missed Three Point Jumper.,48,32,16,15,0.9064677127723922,0.9064677127723922,3,4,NA,NA,NA,UNC Wilmington,missed,Jake Boggs,NA,TRUE,FALSE,UNC Wilmington,Johnson & Wales (NC)
401172385,2019-11-05,UNC Wilmington,Johnson & Wales (NC),172,1,02:51:00,1371,1371,Antonio Smith Defensive Rebound.,48,32,16,4,0.9067988896781092,0.9067988896781092,3,4,NA,NA,NA,NA,NA,NA,NA,NA,NA,UNC Wilmington,Johnson & Wales (NC)
401172385,2019-11-05,UNC Wilmington,Johnson & Wales (NC),173,1,02:45:00,1365,1365,Majerle Poole missed Three Point Jumper.,48,32,16,6,0.9072936423214568,0.9072936423214568,3,4,NA,NA,NA,Johnson & Wales (NC),missed,Majerle Poole,NA,TRUE,FALSE,Johnson & Wales (NC),UNC Wilmington
401172385,2019-11-05,UNC Wilmington,Johnson & Wales (NC),174,1,02:41:00,1361,1361,UNC Wilmington Defensive Rebound.,48,32,16,4,0.9076223859261924,0.9076223859261924,3,4,NA,NA,NA,NA,NA,NA,NA,NA,NA,Johnson & Wales (NC),UNC Wilmington
401172385,2019-11-05,UNC Wilmington,Johnson & Wales (NC),175,1,02:24:00,1344,1344,Marten Linssen made Jumper. Assisted by Kai Toews.,50,32,18,17,0.9301737784869354,0.9301737784869354,3,4,NA,NA,NA,UNC Wilmington,made,Marten Linssen,Kai Toews,FALSE,FALSE,UNC Wilmington,Johnson & Wales (NC)
401172385,2019-11-05,UNC Wilmington,Johnson & Wales (NC),176,1,02:14:00,1334,1334,Foul on Antonio Smith.,50,32,18,10,0.9308958787317876,0.9308958787317876,3,4,NA,NA,NA,NA,NA,NA,NA,NA,NA,Johnson & Wales (NC),UNC Wilmington
401172385,2019-11-05,UNC Wilmington,Johnson & Wales (NC),177,1,02:14:00,1334,1334,Antonio Smith Turnover.,50,32,18,0,0.9308958787317876,0.9308958787317876,3,4,NA,NA,NA,NA,NA,NA,NA,NA,NA,UNC Wilmington,UNC Wilmington
401172385,2019-11-05,UNC Wilmington,Johnson & Wales (NC),178,1,02:00:00,1320,1320,Brian Tolefree Turnover.,50,32,18,14,0.9319092418738372,0.9319092418738372,3,4,NA,NA,NA,NA,NA,NA,NA,NA,NA,UNC Wilmington,Johnson & Wales (NC)
401172385,2019-11-05,UNC Wilmington,Johnson & Wales (NC),179,1,01:45:00,1305,1305,Zyrion Wilkins made Three Point Jumper. Assisted by Majerle Poole.,50,35,15,15,0.8997826416515606,0.8997826416515606,3,4,NA,NA,NA,Johnson & Wales (NC),made,Zyrion Wilkins,Majerle Poole,TRUE,FALSE,Johnson & Wales (NC),UNC Wilmington
401172385,2019-11-05,UNC Wilmington,Johnson & Wales (NC),180,1,01:31:00,1291,1291,Brian Tolefree made Layup.,52,35,17,14,0.9243666678012058,0.9243666678012058,3,4,NA,NA,NA,UNC Wilmington,made,Brian Tolefree,NA,FALSE,FALSE,UNC Wilmington,Johnson & Wales (NC)
401172385,2019-11-05,UNC Wilmington,Johnson & Wales (NC),181,1,01:08:00,1268,1268,Zyrion Wilkins missed Three Point Jumper.,52,35,17,23,0.9262364743118888,0.9262364743118888,3,4,NA,NA,NA,Johnson & Wales (NC),missed,Zyrion Wilkins,NA,TRUE,FALSE,Johnson & Wales (NC),Johnson & Wales (NC)
401172385,2019-11-05,UNC Wilmington,Johnson & Wales (NC),182,1,01:03:00,1263,1263,Majerle Poole Offensive Rebound.,52,35,17,5,0.9266525391557764,0.9266525391557764,3,4,NA,NA,NA,NA,NA,NA,NA,NA,NA,Johnson & Wales (NC),Johnson & Wales (NC)
401172385,2019-11-05,UNC Wilmington,Johnson & Wales (NC),183,1,01:02:00,1262,1262,Robert Hobson missed Three Point Jumper.,52,35,17,1,0.9267362112296622,0.9267362112296622,3,4,NA,NA,NA,Johnson & Wales (NC),missed,Robert Hobson,NA,TRUE,FALSE,Johnson & Wales (NC),UNC Wilmington
401172385,2019-11-05,UNC Wilmington,Johnson & Wales (NC),184,1,00:57:00,1257,1257,Imajae Dodd Defensive Rebound.,52,35,17,5,0.9271569539432832,0.9271569539432832,3,4,NA,NA,NA,NA,NA,NA,NA,NA,NA,Johnson & Wales (NC),UNC Wilmington
401172385,2019-11-05,UNC Wilmington,Johnson & Wales (NC),185,1,00:50:00,1250,1250,Kai Toews missed Jumper.,52,35,17,7,0.9277529429081426,0.9277529429081426,3,4,NA,NA,NA,UNC Wilmington,missed,Kai Toews,NA,FALSE,FALSE,UNC Wilmington,Johnson & Wales (NC)
401172385,2019-11-05,UNC Wilmington,Johnson & Wales (NC),186,1,00:46:00,1246,1246,Robert Hobson Defensive Rebound.,52,35,17,4,0.9280973222997636,0.9280973222997636,3,4,NA,NA,NA,NA,NA,NA,NA,NA,NA,UNC Wilmington,Johnson & Wales (NC)
401172385,2019-11-05,UNC Wilmington,Johnson & Wales (NC),187,1,00:42:00,1242,1242,Majerle Poole made Three Point Jumper. Assisted by Robert Hobson.,52,38,14,4,0.8919424504491676,0.8919424504491676,3,4,NA,NA,NA,Johnson & Wales (NC),made,Majerle Poole,Robert Hobson,TRUE,FALSE,Johnson & Wales (NC),UNC Wilmington
401172385,2019-11-05,UNC Wilmington,Johnson & Wales (NC),188,1,00:24:00,1224,1224,Kai Toews missed Jumper.,52,38,14,18,0.8938598307227761,0.8938598307227761,3,4,NA,NA,NA,UNC Wilmington,missed,Kai Toews,NA,FALSE,FALSE,UNC Wilmington,Johnson & Wales (NC)
401172385,2019-11-05,UNC Wilmington,Johnson & Wales (NC),189,1,00:20:00,1220,1220,Brandon Kostyk Defensive Rebound.,52,38,14,4,0.8942979995391596,0.8942979995391596,3,4,NA,NA,NA,NA,NA,NA,NA,NA,NA,UNC Wilmington,Johnson & Wales (NC)
401172385,2019-11-05,UNC Wilmington,Johnson & Wales (NC),190,1,00:14:00,1214,1214,Majerle Poole made Three Point Jumper. Assisted by Robert Hobson.,52,41,11,6,0.843351188623329,0.843351188623329,3,4,NA,NA,NA,Johnson & Wales (NC),made,Majerle Poole,Robert Hobson,TRUE,FALSE,Johnson & Wales (NC),UNC Wilmington
401172385,2019-11-05,UNC Wilmington,Johnson & Wales (NC),191,1,00:01:00,1201,1201,Kai Toews made Layup.,54,41,13,13,0.8812050494027552,0.8812050494027552,3,4,NA,NA,NA,UNC Wilmington,made,Kai Toews,NA,FALSE,FALSE,UNC Wilmington,Johnson & Wales (NC)
401172385,2019-11-05,UNC Wilmington,Johnson & Wales (NC),192,1,00:00:00,1200,1200,End of 1st half,54,41,13,1,0.881320024494264,0.881320024494264,3,4,NA,NA,NA,NA,NA,NA,NA,NA,NA,Johnson & Wales (NC),NA
401172385,2019-11-05,UNC Wilmington,Johnson & Wales (NC),193,2,20:00:00,1200,1200,PLAY,54,41,13,0,0.881320024494264,0.881320024494264,4,4,NA,NA,NA,NA,NA,NA,NA,NA,NA,NA,Johnson & Wales (NC)
401172385,2019-11-05,UNC Wilmington,Johnson & Wales (NC),194,2,19:49:00,1189,1189,Majerle Poole missed Three Point Jumper.,54,41,13,11,0.8825642811693014,0.8825642811693014,4,4,NA,NA,NA,Johnson & Wales (NC),missed,Majerle Poole,NA,TRUE,FALSE,Johnson & Wales (NC),UNC Wilmington
401172385,2019-11-05,UNC Wilmington,Johnson & Wales (NC),195,2,19:46:00,1186,1186,Marten Linssen Defensive Rebound.,54,41,13,3,0.8828975578167243,0.8828975578167243,4,4,NA,NA,NA,NA,NA,NA,NA,NA,NA,Johnson & Wales (NC),UNC Wilmington
401172385,2019-11-05,UNC Wilmington,Johnson & Wales (NC),196,2,19:46:00,1186,1186,Foul on Antonio Smith.,54,41,13,0,0.8828975578167243,0.8828975578167243,4,4,NA,NA,NA,NA,NA,NA,NA,NA,NA,Johnson & Wales (NC),UNC Wilmington
401172385,2019-11-05,UNC Wilmington,Johnson & Wales (NC),197,2,19:37:00,1177,1177,Jay Estime' missed Three Point Jumper.,54,41,13,9,0.8838835178316528,0.8838835178316528,4,4,NA,NA,NA,UNC Wilmington,missed,Jay Estime',NA,TRUE,FALSE,UNC Wilmington,UNC Wilmington
401172385,2019-11-05,UNC Wilmington,Johnson & Wales (NC),198,2,19:32:00,1172,1172,UNC Wilmington Offensive Rebound.,54,41,13,5,0.8844230935702526,0.8844230935702526,4,4,NA,NA,NA,NA,NA,NA,NA,NA,NA,UNC Wilmington,UNC Wilmington
401172385,2019-11-05,UNC Wilmington,Johnson & Wales (NC),199,2,19:22:00,1162,1162,Kai Toews Turnover.,54,41,13,10,0.885487115950203,0.885487115950203,4,4,NA,NA,NA,NA,NA,NA,NA,NA,NA,UNC Wilmington,Johnson & Wales (NC)
401172385,2019-11-05,UNC Wilmington,Johnson & Wales (NC),200,2,19:22:00,1162,1162,Antonio Smith Steal.,54,41,13,0,0.885487115950203,0.885487115950203,4,4,NA,NA,NA,NA,NA,NA,NA,NA,NA,UNC Wilmington,Johnson & Wales (NC)
401172385,2019-11-05,UNC Wilmington,Johnson & Wales (NC),201,2,19:12:00,1152,1152,Robert Hobson missed Jumper.,54,41,13,10,0.8865342114676446,0.8865342114676446,4,4,NA,NA,NA,Johnson & Wales (NC),missed,Robert Hobson,NA,FALSE,FALSE,Johnson & Wales (NC),UNC Wilmington
401172385,2019-11-05,UNC Wilmington,Johnson & Wales (NC),202,2,19:08:00,1148,1148,Jay Estime' Defensive Rebound.,54,41,13,4,0.8869491631074767,0.8869491631074767,4,4,NA,NA,NA,NA,NA,NA,NA,NA,NA,Johnson & Wales (NC),UNC Wilmington
401172385,2019-11-05,UNC Wilmington,Johnson & Wales (NC),203,2,19:02:00,1142,1142,Kai Toews missed Jumper.,54,41,13,6,0.8875681704313477,0.8875681704313477,4,4,NA,NA,NA,UNC Wilmington,missed,Kai Toews,NA,FALSE,FALSE,UNC Wilmington,UNC Wilmington
401172385,2019-11-05,UNC Wilmington,Johnson & Wales (NC),204,2,18:58:00,1138,1138,Mike Okauru Offensive Rebound.,54,41,13,4,0.8879789026774265,0.8879789026774265,4,4,NA,NA,NA,NA,NA,NA,NA,NA,NA,UNC Wilmington,UNC Wilmington
401172385,2019-11-05,UNC Wilmington,Johnson & Wales (NC),205,2,18:51:00,1131,1131,Mike Okauru missed Layup.,54,41,13,7,0.888694734538288,0.888694734538288,4,4,NA,NA,NA,UNC Wilmington,missed,Mike Okauru,NA,FALSE,FALSE,UNC Wilmington,Johnson & Wales (NC)
401172385,2019-11-05,UNC Wilmington,Johnson & Wales (NC),206,2,18:46:00,1126,1126,Majerle Poole Defensive Rebound.,54,41,13,5,0.8892043093998356,0.8892043093998356,4,4,NA,NA,NA,NA,NA,NA,NA,NA,NA,UNC Wilmington,Johnson & Wales (NC)
401172385,2019-11-05,UNC Wilmington,Johnson & Wales (NC),207,2,18:45:00,1125,1125,Cj Miller Turnover.,54,41,13,1,0.889306096277879,0.889306096277879,4,4,NA,NA,NA,NA,NA,NA,NA,NA,NA,Johnson & Wales (NC),UNC Wilmington
401172385,2019-11-05,UNC Wilmington,Johnson & Wales (NC),208,2,18:33:00,1113,1113,Mike Okauru missed Three Point Jumper.,54,41,13,12,0.8905258052704332,0.8905258052704332,4,4,NA,NA,NA,UNC Wilmington,missed,Mike Okauru,NA,TRUE,FALSE,UNC Wilmington,Johnson & Wales (NC)
401172385,2019-11-05,UNC Wilmington,Johnson & Wales (NC),209,2,18:29:00,1109,1109,Johnson & Wales (NC) Defensive Rebound.,54,41,13,4,0.8909322713396749,0.8909322713396749,4,4,NA,NA,NA,NA,NA,NA,NA,NA,NA,UNC Wilmington,Johnson & Wales (NC)
401172385,2019-11-05,UNC Wilmington,Johnson & Wales (NC),210,2,18:13:00,1093,1093,Cj Miller missed Jumper.,54,41,13,16,0.8925631783645688,0.8925631783645688,4,4,NA,NA,NA,Johnson & Wales (NC),missed,Cj Miller,NA,FALSE,FALSE,Johnson & Wales (NC),Johnson & Wales (NC)
401172385,2019-11-05,UNC Wilmington,Johnson & Wales (NC),211,2,18:08:00,1088,1088,Antonio Smith Offensive Rebound.,54,41,13,5,0.8930758711984307,0.8930758711984307,4,4,NA,NA,NA,NA,NA,NA,NA,NA,NA,Johnson & Wales (NC),Johnson & Wales (NC)
401172385,2019-11-05,UNC Wilmington,Johnson & Wales (NC),212,2,18:07:00,1087,1087,Antonio Smith made Jumper.,54,43,11,1,0.8577731909677991,0.8577731909677991,4,4,NA,NA,NA,Johnson & Wales (NC),made,Antonio Smith,NA,FALSE,FALSE,Johnson & Wales (NC),UNC Wilmington
401172385,2019-11-05,UNC Wilmington,Johnson & Wales (NC),213,2,18:01:00,1081,1081,Jaylen Sims made Three Point Jumper. Assisted by Mike Okauru.,57,43,14,6,0.9083776730508624,0.9083776730508624,4,4,NA,NA,NA,UNC Wilmington,made,Jaylen Sims,Mike Okauru,TRUE,FALSE,UNC Wilmington,Johnson & Wales (NC)
401172385,2019-11-05,UNC Wilmington,Johnson & Wales (NC),214,2,17:44:00,1064,1064,Robert Hobson missed Three Point Jumper.,57,43,14,17,0.9100525772204976,0.9100525772204976,4,4,NA,NA,NA,Johnson & Wales (NC),missed,Robert Hobson,NA,TRUE,FALSE,Johnson & Wales (NC),Johnson & Wales (NC)
401172385,2019-11-05,UNC Wilmington,Johnson & Wales (NC),215,2,17:39:00,1059,1059,Johnson & Wales (NC) Offensive Rebound.,57,43,14,5,0.9105520011520014,0.9105520011520014,4,4,NA,NA,NA,NA,NA,NA,NA,NA,NA,Johnson & Wales (NC),Johnson & Wales (NC)
401172385,2019-11-05,UNC Wilmington,Johnson & Wales (NC),216,2,17:21:00,1041,1041,Johnson & Wales (NC)  Turnover.,57,43,14,18,0.912382357336488,0.912382357336488,4,4,NA,NA,NA,NA,NA,NA,NA,NA,NA,Johnson & Wales (NC),UNC Wilmington
401172385,2019-11-05,UNC Wilmington,Johnson & Wales (NC),217,2,17:12:00,1032,1032,Jaylen Sims made Three Point Jumper. Assisted by Kai Toews.,60,43,17,9,0.9458061338646326,0.9458061338646326,4,4,NA,NA,NA,UNC Wilmington,made,Jaylen Sims,Kai Toews,TRUE,FALSE,UNC Wilmington,Johnson & Wales (NC)
401172385,2019-11-05,UNC Wilmington,Johnson & Wales (NC),218,2,16:48:00,1008,1008,Robert Hobson missed Three Point Jumper.,60,43,17,24,0.9478300168712026,0.9478300168712026,4,4,NA,NA,NA,Johnson & Wales (NC),missed,Robert Hobson,NA,TRUE,FALSE,Johnson & Wales (NC),UNC Wilmington
401172385,2019-11-05,UNC Wilmington,Johnson & Wales (NC),219,2,16:44:00,1004,1004,Mike Okauru Defensive Rebound.,60,43,17,4,0.9481761400509564,0.9481761400509564,4,4,NA,NA,NA,NA,NA,NA,NA,NA,NA,Johnson & Wales (NC),UNC Wilmington
401172385,2019-11-05,UNC Wilmington,Johnson & Wales (NC),220,2,16:40:00,1000,1000,Brian Tolefree missed Three Point Jumper.,60,43,17,4,0.9485249717377976,0.9485249717377976,4,4,NA,NA,NA,UNC Wilmington,missed,Brian Tolefree,NA,TRUE,FALSE,UNC Wilmington,Johnson & Wales (NC)
401172385,2019-11-05,UNC Wilmington,Johnson & Wales (NC),221,2,16:36:00,996,996,Zyrion Wilkins Defensive Rebound.,60,43,17,4,0.9488765748096076,0.9488765748096076,4,4,NA,NA,NA,NA,NA,NA,NA,NA,NA,UNC Wilmington,Johnson & Wales (NC)
401172385,2019-11-05,UNC Wilmington,Johnson & Wales (NC),222,2,16:36:00,996,996,Zyrion Wilkins Turnover.,60,43,17,0,0.9488765748096076,0.9488765748096076,4,4,NA,NA,NA,NA,NA,NA,NA,NA,NA,UNC Wilmington,Johnson & Wales (NC)
401172385,2019-11-05,UNC Wilmington,Johnson & Wales (NC),223,2,16:25:00,985,985,Jaylen Sims missed Layup.,60,43,17,11,0.9498582384955374,0.9498582384955374,4,4,NA,NA,NA,UNC Wilmington,missed,Jaylen Sims,NA,FALSE,FALSE,UNC Wilmington,Johnson & Wales (NC)
401172385,2019-11-05,UNC Wilmington,Johnson & Wales (NC),224,2,16:21:00,981,981,Malik Bullock Defensive Rebound.,60,43,17,4,0.9502207240917204,0.9502207240917204,4,4,NA,NA,NA,NA,NA,NA,NA,NA,NA,UNC Wilmington,Johnson & Wales (NC)
401172385,2019-11-05,UNC Wilmington,Johnson & Wales (NC),225,2,16:20:00,980,980,Malik Bullock Turnover.,60,43,17,1,0.9503118147687112,0.9503118147687112,4,4,NA,NA,NA,NA,NA,NA,NA,NA,NA,Johnson & Wales (NC),UNC Wilmington
401172385,2019-11-05,UNC Wilmington,Johnson & Wales (NC),226,2,16:01:00,961,961,Imajae Dodd made Dunk. Assisted by Carter Skaggs.,62,43,19,19,0.9657715306845368,0.9657715306845368,4,4,NA,NA,NA,UNC Wilmington,made,Imajae Dodd,Carter Skaggs,FALSE,FALSE,UNC Wilmington,Johnson & Wales (NC)
401172385,2019-11-05,UNC Wilmington,Johnson & Wales (NC),227,2,15:57:00,957,957,Foul on Zyrion Wilkins.,62,43,19,4,0.9660488035086012,0.9660488035086012,4,4,NA,NA,NA,NA,NA,NA,NA,NA,NA,Johnson & Wales (NC),UNC Wilmington
401172385,2019-11-05,UNC Wilmington,Johnson & Wales (NC),228,2,15:57:00,957,957,Official TV Timeout,62,43,19,0,0.9660488035086012,0.9660488035086012,4,4,NA,NA,NA,NA,NA,NA,NA,NA,NA,UNC Wilmington,UNC Wilmington
401172385,2019-11-05,UNC Wilmington,Johnson & Wales (NC),229,2,15:57:00,957,957,Imajae Dodd missed Free Throw.,62,43,19,0,0.9660488035086012,0.9660488035086012,4,4,NA,NA,NA,UNC Wilmington,missed,Imajae Dodd,NA,FALSE,TRUE,UNC Wilmington,Johnson & Wales (NC)
401172385,2019-11-05,UNC Wilmington,Johnson & Wales (NC),230,2,15:55:00,955,955,Zyrion Wilkins Defensive Rebound.,62,43,19,2,0.9661843698132712,0.9661843698132712,4,4,NA,NA,NA,NA,NA,NA,NA,NA,NA,UNC Wilmington,Johnson & Wales (NC)
401172385,2019-11-05,UNC Wilmington,Johnson & Wales (NC),231,2,15:51:00,951,951,Majerle Poole made Layup.,62,45,17,4,0.9528820290967112,0.9528820290967112,4,4,NA,NA,NA,Johnson & Wales (NC),made,Majerle Poole,NA,FALSE,FALSE,Johnson & Wales (NC),UNC Wilmington
401172385,2019-11-05,UNC Wilmington,Johnson & Wales (NC),232,2,15:38:00,938,938,Brian Tolefree Turnover.,62,45,17,13,0.953891190150156,0.953891190150156,4,4,NA,NA,NA,NA,NA,NA,NA,NA,NA,UNC Wilmington,Johnson & Wales (NC)
401172385,2019-11-05,UNC Wilmington,Johnson & Wales (NC),233,2,15:26:00,926,926,Cj Miller made Layup.,62,47,15,12,0.9364703371784768,0.9364703371784768,4,4,NA,NA,NA,Johnson & Wales (NC),made,Cj Miller,NA,FALSE,FALSE,Johnson & Wales (NC),UNC Wilmington
401172385,2019-11-05,UNC Wilmington,Johnson & Wales (NC),234,2,14:59:00,899,899,Carter Skaggs missed Three Point Jumper.,62,47,15,27,0.9386293474567912,0.9386293474567912,4,4,NA,NA,NA,UNC Wilmington,missed,Carter Skaggs,NA,TRUE,FALSE,UNC Wilmington,Johnson & Wales (NC)
401172385,2019-11-05,UNC Wilmington,Johnson & Wales (NC),235,2,14:57:00,897,897,Cj Miller Defensive Rebound.,62,47,15,2,0.9387814826642216,0.9387814826642216,4,4,NA,NA,NA,NA,NA,NA,NA,NA,NA,UNC Wilmington,Johnson & Wales (NC)
401172385,2019-11-05,UNC Wilmington,Johnson & Wales (NC),236,2,14:57:00,897,897,Foul on Imajae Dodd.,62,47,15,0,0.9387814826642216,0.9387814826642216,4,4,NA,NA,NA,NA,NA,NA,NA,NA,NA,UNC Wilmington,Johnson & Wales (NC)
401172385,2019-11-05,UNC Wilmington,Johnson & Wales (NC),237,2,14:45:00,885,885,Foul on Imajae Dodd.,62,47,15,12,0.9396803737291022,0.9396803737291022,4,4,NA,NA,NA,NA,NA,NA,NA,NA,NA,Johnson & Wales (NC),Johnson & Wales (NC)
401172385,2019-11-05,UNC Wilmington,Johnson & Wales (NC),238,2,14:39:00,879,879,Pj Gill Turnover.,62,47,15,6,0.9401234407073156,0.9401234407073156,4,4,NA,NA,NA,NA,NA,NA,NA,NA,NA,Johnson & Wales (NC),UNC Wilmington
401172385,2019-11-05,UNC Wilmington,Johnson & Wales (NC),239,2,14:39:00,879,879,Imajae Dodd Steal.,62,47,15,0,0.9401234407073156,0.9401234407073156,4,4,NA,NA,NA,NA,NA,NA,NA,NA,NA,Johnson & Wales (NC),UNC Wilmington
401172385,2019-11-05,UNC Wilmington,Johnson & Wales (NC),240,2,14:31:00,871,871,Shykeim Phillips missed Layup.,62,47,15,8,0.9407109387691288,0.9407109387691288,4,4,NA,NA,NA,UNC Wilmington,missed,Shykeim Phillips,NA,FALSE,FALSE,UNC Wilmington,Johnson & Wales (NC)
401172385,2019-11-05,UNC Wilmington,Johnson & Wales (NC),241,2,14:27:00,867,867,Loris Lawson Defensive Rebound.,62,47,15,4,0.9410042537816854,0.9410042537816854,4,4,NA,NA,NA,NA,NA,NA,NA,NA,NA,UNC Wilmington,Johnson & Wales (NC)
401172385,2019-11-05,UNC Wilmington,Johnson & Wales (NC),242,2,14:18:00,858,858,Zyrion Wilkins missed Jumper.,62,47,15,9,0.9416658052712892,0.9416658052712892,4,4,NA,NA,NA,Johnson & Wales (NC),missed,Zyrion Wilkins,NA,FALSE,FALSE,Johnson & Wales (NC),UNC Wilmington
401172385,2019-11-05,UNC Wilmington,Johnson & Wales (NC),243,2,14:15:00,855,855,Carter Skaggs Defensive Rebound.,62,47,15,3,0.9418874159838276,0.9418874159838276,4,4,NA,NA,NA,NA,NA,NA,NA,NA,NA,Johnson & Wales (NC),UNC Wilmington
401172385,2019-11-05,UNC Wilmington,Johnson & Wales (NC),244,2,14:12:00,852,852,Foul on Loris Lawson.,62,47,15,3,0.9421098496503963,0.9421098496503963,4,4,NA,NA,NA,NA,NA,NA,NA,NA,NA,UNC Wilmington,UNC Wilmington
401172385,2019-11-05,UNC Wilmington,Johnson & Wales (NC),245,2,14:12:00,852,852,Shykeim Phillips made Free Throw.,63,47,16,0,0.9514570820566904,0.9514570820566904,4,4,NA,NA,NA,UNC Wilmington,made,Shykeim Phillips,NA,FALSE,TRUE,UNC Wilmington,UNC Wilmington
401172385,2019-11-05,UNC Wilmington,Johnson & Wales (NC),246,2,14:12:00,852,852,Shykeim Phillips made Free Throw.,64,47,17,0,0.9593601683116032,0.9593601683116032,4,4,NA,NA,NA,UNC Wilmington,made,Shykeim Phillips,NA,FALSE,TRUE,UNC Wilmington,Johnson & Wales (NC)
401172385,2019-11-05,UNC Wilmington,Johnson & Wales (NC),247,2,13:53:00,833,833,Brandon Kostyk made Three Point Jumper. Assisted by Zyrion Wilkins.,64,50,14,19,0.9326737149648104,0.9326737149648104,4,4,NA,NA,NA,Johnson & Wales (NC),made,Brandon Kostyk,Zyrion Wilkins,TRUE,FALSE,Johnson & Wales (NC),UNC Wilmington
401172385,2019-11-05,UNC Wilmington,Johnson & Wales (NC),248,2,13:44:00,824,824,Jay Estime' missed Three Point Jumper.,64,50,14,9,0.9334510817616763,0.9334510817616763,4,4,NA,NA,NA,UNC Wilmington,missed,Jay Estime',NA,TRUE,FALSE,UNC Wilmington,Johnson & Wales (NC)
401172385,2019-11-05,UNC Wilmington,Johnson & Wales (NC),249,2,13:41:00,821,821,Brandon Kostyk Defensive Rebound.,64,50,14,3,0.9337153976477112,0.9337153976477112,4,4,NA,NA,NA,NA,NA,NA,NA,NA,NA,UNC Wilmington,Johnson & Wales (NC)
401172385,2019-11-05,UNC Wilmington,Johnson & Wales (NC),250,2,13:33:00,813,813,Loris Lawson made Jumper. Assisted by Brandon Kostyk.,64,52,12,8,0.9069826097746386,0.9069826097746386,4,4,NA,NA,NA,Johnson & Wales (NC),made,Loris Lawson,Brandon Kostyk,FALSE,FALSE,Johnson & Wales (NC),UNC Wilmington
401172385,2019-11-05,UNC Wilmington,Johnson & Wales (NC),251,2,13:20:00,800,800,Jake Boggs missed Three Point Jumper.,64,52,12,13,0.9084236144856016,0.9084236144856016,4,4,NA,NA,NA,UNC Wilmington,missed,Jake Boggs,NA,TRUE,FALSE,UNC Wilmington,UNC Wilmington
401172385,2019-11-05,UNC Wilmington,Johnson & Wales (NC),252,2,13:15:00,795,795,Carter Skaggs Offensive Rebound.,64,52,12,5,0.9090010534816908,0.9090010534816908,4,4,NA,NA,NA,NA,NA,NA,NA,NA,NA,UNC Wilmington,UNC Wilmington
401172385,2019-11-05,UNC Wilmington,Johnson & Wales (NC),253,2,13:14:00,794,794,Carter Skaggs Turnover.,64,52,12,1,0.9091182010453542,0.9091182010453542,4,4,NA,NA,NA,NA,NA,NA,NA,NA,NA,UNC Wilmington,Johnson & Wales (NC)
401172385,2019-11-05,UNC Wilmington,Johnson & Wales (NC),254,2,13:14:00,794,794,Zyrion Wilkins Steal.,64,52,12,0,0.9091182010453542,0.9091182010453542,4,4,NA,NA,NA,NA,NA,NA,NA,NA,NA,UNC Wilmington,Johnson & Wales (NC)
401172385,2019-11-05,UNC Wilmington,Johnson & Wales (NC),255,2,13:08:00,788,788,Majerle Poole missed Jumper.,64,52,12,6,0.9098331788254628,0.9098331788254628,4,4,NA,NA,NA,Johnson & Wales (NC),missed,Majerle Poole,NA,FALSE,FALSE,Johnson & Wales (NC),UNC Wilmington
401172385,2019-11-05,UNC Wilmington,Johnson & Wales (NC),256,2,13:05:00,785,785,Jake Boggs Defensive Rebound.,64,52,12,3,0.9101986872344286,0.9101986872344286,4,4,NA,NA,NA,NA,NA,NA,NA,NA,NA,Johnson & Wales (NC),UNC Wilmington
401172385,2019-11-05,UNC Wilmington,Johnson & Wales (NC),257,2,12:59:00,779,779,Foul on Loris Lawson.,64,52,12,6,0.9109464536577706,0.9109464536577706,4,4,NA,NA,NA,NA,NA,NA,NA,NA,NA,UNC Wilmington,UNC Wilmington
401172385,2019-11-05,UNC Wilmington,Johnson & Wales (NC),258,2,12:59:00,779,779,Jake Boggs made Free Throw.,65,52,13,0,0.9254642624976224,0.9254642624976224,4,4,NA,NA,NA,UNC Wilmington,made,Jake Boggs,NA,FALSE,TRUE,UNC Wilmington,UNC Wilmington
401172385,2019-11-05,UNC Wilmington,Johnson & Wales (NC),259,2,12:59:00,779,779,Jake Boggs made Free Throw.,66,52,14,0,0.9377769917025768,0.9377769917025768,4,4,NA,NA,NA,UNC Wilmington,made,Jake Boggs,NA,FALSE,TRUE,UNC Wilmington,Johnson & Wales (NC)
401172385,2019-11-05,UNC Wilmington,Johnson & Wales (NC),260,2,12:41:00,761,761,Brandon Kostyk missed Jumper.,66,52,14,18,0.9397739224082028,0.9397739224082028,4,4,NA,NA,NA,Johnson & Wales (NC),missed,Brandon Kostyk,NA,FALSE,FALSE,Johnson & Wales (NC),UNC Wilmington
401172385,2019-11-05,UNC Wilmington,Johnson & Wales (NC),261,2,12:37:00,757,757,Marten Linssen Defensive Rebound.,66,52,14,4,0.9402419000950644,0.9402419000950644,4,4,NA,NA,NA,NA,NA,NA,NA,NA,NA,Johnson & Wales (NC),UNC Wilmington
401172385,2019-11-05,UNC Wilmington,Johnson & Wales (NC),262,2,12:34:00,754,754,Jay Estime' made Jumper.,68,52,16,3,0.959176000632268,0.959176000632268,4,4,NA,NA,NA,UNC Wilmington,made,Jay Estime',NA,FALSE,FALSE,UNC Wilmington,Johnson & Wales (NC)
401172385,2019-11-05,UNC Wilmington,Johnson & Wales (NC),263,2,12:13:00,733,733,Brandon Kostyk made Three Point Jumper.,68,55,13,21,0.9314929609614158,0.9314929609614158,4,4,NA,NA,NA,Johnson & Wales (NC),made,Brandon Kostyk,NA,TRUE,FALSE,Johnson & Wales (NC),UNC Wilmington
401172385,2019-11-05,UNC Wilmington,Johnson & Wales (NC),264,2,12:05:00,725,725,Carter Skaggs missed Three Point Jumper.,68,55,13,8,0.9326610092536756,0.9326610092536756,4,4,NA,NA,NA,UNC Wilmington,missed,Carter Skaggs,NA,TRUE,FALSE,UNC Wilmington,Johnson & Wales (NC)
401172385,2019-11-05,UNC Wilmington,Johnson & Wales (NC),265,2,12:00:00,720,720,Pj Gill Defensive Rebound.,68,55,13,5,0.9333521949800638,0.9333521949800638,4,4,NA,NA,NA,NA,NA,NA,NA,NA,NA,UNC Wilmington,Johnson & Wales (NC)
401172385,2019-11-05,UNC Wilmington,Johnson & Wales (NC),266,2,11:56:00,716,716,De'Andre Williams Turnover.,68,55,13,4,0.93388266832772,0.93388266832772,4,4,NA,NA,NA,NA,NA,NA,NA,NA,NA,Johnson & Wales (NC),UNC Wilmington
401172385,2019-11-05,UNC Wilmington,Johnson & Wales (NC),267,2,11:56:00,716,716,Kai Toews Steal.,68,55,13,0,0.93388266832772,0.93388266832772,4,4,NA,NA,NA,NA,NA,NA,NA,NA,NA,Johnson & Wales (NC),UNC Wilmington
401172385,2019-11-05,UNC Wilmington,Johnson & Wales (NC),268,2,11:51:00,711,711,Foul on Brandon Kostyk.,68,55,13,5,0.934520124797646,0.934520124797646,4,4,NA,NA,NA,NA,NA,NA,NA,NA,NA,UNC Wilmington,UNC Wilmington
401172385,2019-11-05,UNC Wilmington,Johnson & Wales (NC),269,2,11:51:00,711,711,Official TV Timeout,68,55,13,0,0.934520124797646,0.934520124797646,4,4,NA,NA,NA,NA,NA,NA,NA,NA,NA,UNC Wilmington,UNC Wilmington
401172385,2019-11-05,UNC Wilmington,Johnson & Wales (NC),270,2,11:39:00,699,699,Carter Skaggs made Jumper.,70,55,15,12,0.9566649831295057,0.9566649831295057,4,4,NA,NA,NA,UNC Wilmington,made,Carter Skaggs,NA,FALSE,FALSE,UNC Wilmington,Johnson & Wales (NC)
401172385,2019-11-05,UNC Wilmington,Johnson & Wales (NC),271,2,11:32:00,692,692,Antonio Smith made Jumper. Assisted by Pj Gill.,70,57,13,7,0.9367295161737084,0.9367295161737084,4,4,NA,NA,NA,Johnson & Wales (NC),made,Antonio Smith,Pj Gill,FALSE,FALSE,Johnson & Wales (NC),UNC Wilmington
401172385,2019-11-05,UNC Wilmington,Johnson & Wales (NC),272,2,11:18:00,678,678,Kai Toews missed Layup.,70,57,13,14,0.9382015848801996,0.9382015848801996,4,4,NA,NA,NA,UNC Wilmington,missed,Kai Toews,NA,FALSE,FALSE,UNC Wilmington,UNC Wilmington
401172385,2019-11-05,UNC Wilmington,Johnson & Wales (NC),273,2,11:16:00,676,676,Marten Linssen Offensive Rebound.,70,57,13,2,0.9384046559725024,0.9384046559725024,4,4,NA,NA,NA,NA,NA,NA,NA,NA,NA,UNC Wilmington,UNC Wilmington
401172385,2019-11-05,UNC Wilmington,Johnson & Wales (NC),274,2,11:16:00,676,676,Foul on Antonio Smith.,70,57,13,0,0.9384046559725024,0.9384046559725024,4,4,NA,NA,NA,NA,NA,NA,NA,NA,NA,UNC Wilmington,UNC Wilmington
401172385,2019-11-05,UNC Wilmington,Johnson & Wales (NC),275,2,11:16:00,676,676,Marten Linssen made Free Throw.,71,57,14,0,0.9494587514470572,0.9494587514470572,4,4,NA,NA,NA,UNC Wilmington,made,Marten Linssen,NA,FALSE,TRUE,UNC Wilmington,UNC Wilmington
401172385,2019-11-05,UNC Wilmington,Johnson & Wales (NC),276,2,11:16:00,676,676,Marten Linssen made Free Throw.,72,57,15,0,0.95861652928816,0.95861652928816,4,4,NA,NA,NA,UNC Wilmington,made,Marten Linssen,NA,FALSE,TRUE,UNC Wilmington,Johnson & Wales (NC)
401172385,2019-11-05,UNC Wilmington,Johnson & Wales (NC),277,2,11:01:00,661,661,Brandon Kostyk missed Jumper.,72,57,15,15,0.9597927734708226,0.9597927734708226,4,4,NA,NA,NA,Johnson & Wales (NC),missed,Brandon Kostyk,NA,FALSE,FALSE,Johnson & Wales (NC),UNC Wilmington
401172385,2019-11-05,UNC Wilmington,Johnson & Wales (NC),278,2,10:58:00,658,658,Carter Skaggs Defensive Rebound.,72,57,15,3,0.9600240309988498,0.9600240309988498,4,4,NA,NA,NA,NA,NA,NA,NA,NA,NA,Johnson & Wales (NC),UNC Wilmington
401172385,2019-11-05,UNC Wilmington,Johnson & Wales (NC),279,2,10:51:00,651,651,Mike Okauru made Layup.,74,57,17,7,0.9738777788751574,0.9738777788751574,4,4,NA,NA,NA,UNC Wilmington,made,Mike Okauru,NA,FALSE,FALSE,UNC Wilmington,Johnson & Wales (NC)
401172385,2019-11-05,UNC Wilmington,Johnson & Wales (NC),280,2,10:38:00,638,638,Pj Gill Turnover.,74,57,17,13,0.9746418120842616,0.9746418120842616,4,4,NA,NA,NA,NA,NA,NA,NA,NA,NA,Johnson & Wales (NC),Johnson & Wales (NC)
401172385,2019-11-05,UNC Wilmington,Johnson & Wales (NC),281,2,10:38:00,638,638,Shykeim Phillips Steal.,74,57,17,0,0.9746418120842616,0.9746418120842616,4,4,NA,NA,NA,NA,NA,NA,NA,NA,NA,Johnson & Wales (NC),Johnson & Wales (NC)
401172385,2019-11-05,UNC Wilmington,Johnson & Wales (NC),282,2,10:38:00,638,638,Foul on Pj Gill.,74,57,17,0,0.9746418120842616,0.9746418120842616,4,4,NA,NA,NA,NA,NA,NA,NA,NA,NA,Johnson & Wales (NC),Johnson & Wales (NC)
401172385,2019-11-05,UNC Wilmington,Johnson & Wales (NC),283,2,10:38:00,638,638,Shykeim Phillips missed Free Throw.,74,57,17,0,0.9746418120842616,0.9746418120842616,4,4,NA,NA,NA,UNC Wilmington,missed,Shykeim Phillips,NA,FALSE,TRUE,UNC Wilmington,Johnson & Wales (NC)
401172385,2019-11-05,UNC Wilmington,Johnson & Wales (NC),284,2,10:38:00,638,638,Antonio Smith Defensive Rebound.,74,57,17,0,0.9746418120842616,0.9746418120842616,4,4,NA,NA,NA,NA,NA,NA,NA,NA,NA,Johnson & Wales (NC),Johnson & Wales (NC)
401172385,2019-11-05,UNC Wilmington,Johnson & Wales (NC),285,2,10:28:00,628,628,Brandon Kostyk missed Three Point Jumper.,74,57,17,10,0.9752413831740364,0.9752413831740364,4,4,NA,NA,NA,Johnson & Wales (NC),missed,Brandon Kostyk,NA,TRUE,FALSE,Johnson & Wales (NC),UNC Wilmington
401172385,2019-11-05,UNC Wilmington,Johnson & Wales (NC),286,2,10:24:00,624,624,Jay Estime' Defensive Rebound.,74,57,17,4,0.975486019185853,0.975486019185853,4,4,NA,NA,NA,NA,NA,NA,NA,NA,NA,Johnson & Wales (NC),UNC Wilmington
401172385,2019-11-05,UNC Wilmington,Johnson & Wales (NC),287,2,10:14:00,614,614,Carter Skaggs made Three Point Jumper. Assisted by Jay Estime'.,77,57,20,10,0.9874451664833176,0.9874451664833176,4,4,NA,NA,NA,UNC Wilmington,made,Carter Skaggs,Jay Estime',TRUE,FALSE,UNC Wilmington,Johnson & Wales (NC)
401172385,2019-11-05,UNC Wilmington,Johnson & Wales (NC),288,2,09:58:00,598,598,Majerle Poole missed Jumper.,77,57,20,16,0.988107203882716,0.988107203882716,4,4,NA,NA,NA,Johnson & Wales (NC),missed,Majerle Poole,NA,FALSE,FALSE,Johnson & Wales (NC),UNC Wilmington
401172385,2019-11-05,UNC Wilmington,Johnson & Wales (NC),289,2,09:54:00,594,594,Mike Okauru Defensive Rebound.,77,57,20,4,0.9882800527125444,0.9882800527125444,4,4,NA,NA,NA,NA,NA,NA,NA,NA,NA,Johnson & Wales (NC),UNC Wilmington
401172385,2019-11-05,UNC Wilmington,Johnson & Wales (NC),290,2,09:50:00,590,590,Jay Estime' made Three Point Jumper. Assisted by Carter Skaggs.,80,57,23,4,0.9940446120407708,0.9940446120407708,4,4,NA,NA,NA,UNC Wilmington,made,Jay Estime',Carter Skaggs,TRUE,FALSE,UNC Wilmington,Johnson & Wales (NC)
401172385,2019-11-05,UNC Wilmington,Johnson & Wales (NC),291,2,09:40:00,580,580,Robert Hobson missed Three Point Jumper.,80,57,23,10,0.9943150556757148,0.9943150556757148,4,4,NA,NA,NA,Johnson & Wales (NC),missed,Robert Hobson,NA,TRUE,FALSE,Johnson & Wales (NC),UNC Wilmington
401172385,2019-11-05,UNC Wilmington,Johnson & Wales (NC),292,2,09:36:00,576,576,Carter Skaggs Defensive Rebound.,80,57,23,4,0.9944262880795968,0.9944262880795968,4,4,NA,NA,NA,NA,NA,NA,NA,NA,NA,Johnson & Wales (NC),UNC Wilmington
401172385,2019-11-05,UNC Wilmington,Johnson & Wales (NC),293,2,09:30:00,570,570,Mike Okauru missed Jumper.,80,57,23,6,0.9945963964189716,0.9945963964189716,4,4,NA,NA,NA,UNC Wilmington,missed,Mike Okauru,NA,FALSE,FALSE,UNC Wilmington,Johnson & Wales (NC)
401172385,2019-11-05,UNC Wilmington,Johnson & Wales (NC),294,2,09:23:00,563,563,Majerle Poole Defensive Rebound.,80,57,23,7,0.9947996858136984,0.9947996858136984,4,4,NA,NA,NA,NA,NA,NA,NA,NA,NA,UNC Wilmington,Johnson & Wales (NC)
401172385,2019-11-05,UNC Wilmington,Johnson & Wales (NC),295,2,09:20:00,560,560,Brandon Kostyk missed Three Point Jumper.,80,57,23,3,0.9948883443662324,0.9948883443662324,4,4,NA,NA,NA,Johnson & Wales (NC),missed,Brandon Kostyk,NA,TRUE,FALSE,Johnson & Wales (NC),Johnson & Wales (NC)
401172385,2019-11-05,UNC Wilmington,Johnson & Wales (NC),296,2,09:16:00,556,556,Robert Hobson Offensive Rebound.,80,57,23,4,0.995007922931338,0.995007922931338,4,4,NA,NA,NA,NA,NA,NA,NA,NA,NA,Johnson & Wales (NC),Johnson & Wales (NC)
401172385,2019-11-05,UNC Wilmington,Johnson & Wales (NC),297,2,09:14:00,554,554,Robert Hobson missed Three Point Jumper.,80,57,23,2,0.9950682763149828,0.9950682763149828,4,4,NA,NA,NA,Johnson & Wales (NC),missed,Robert Hobson,NA,TRUE,FALSE,Johnson & Wales (NC),UNC Wilmington
401172385,2019-11-05,UNC Wilmington,Johnson & Wales (NC),298,2,09:10:00,550,550,Shykeim Phillips Defensive Rebound.,80,57,23,4,0.9951900558808544,0.9951900558808544,4,4,NA,NA,NA,NA,NA,NA,NA,NA,NA,Johnson & Wales (NC),UNC Wilmington
401172385,2019-11-05,UNC Wilmington,Johnson & Wales (NC),299,2,09:03:00,543,543,Shykeim Phillips made Layup.,82,57,25,7,0.9971069445576396,0.9971069445576396,4,4,NA,NA,NA,UNC Wilmington,made,Shykeim Phillips,NA,FALSE,FALSE,UNC Wilmington,Johnson & Wales (NC)
401172385,2019-11-05,UNC Wilmington,Johnson & Wales (NC),300,2,09:03:00,543,543,Foul on Malik Bullock.,82,57,25,0,0.9971069445576396,0.9971069445576396,4,4,NA,NA,NA,NA,NA,NA,NA,NA,NA,UNC Wilmington,Johnson & Wales (NC)
401172385,2019-11-05,UNC Wilmington,Johnson & Wales (NC),301,2,09:03:00,543,543,Shykeim Phillips made Free Throw.,83,57,26,0,0.997708481960391,0.997708481960391,4,4,NA,NA,NA,UNC Wilmington,made,Shykeim Phillips,NA,FALSE,TRUE,UNC Wilmington,Johnson & Wales (NC)
401172385,2019-11-05,UNC Wilmington,Johnson & Wales (NC),302,2,08:53:00,533,533,Malik Bullock Turnover.,83,57,26,10,0.9978478190689344,0.9978478190689344,4,4,NA,NA,NA,NA,NA,NA,NA,NA,NA,Johnson & Wales (NC),UNC Wilmington
401172385,2019-11-05,UNC Wilmington,Johnson & Wales (NC),303,2,08:53:00,533,533,Carter Skaggs Steal.,83,57,26,0,0.9978478190689344,0.9978478190689344,4,4,NA,NA,NA,NA,NA,NA,NA,NA,NA,Johnson & Wales (NC),UNC Wilmington
401172385,2019-11-05,UNC Wilmington,Johnson & Wales (NC),304,2,08:45:00,525,525,Shykeim Phillips Turnover.,83,57,26,8,0.9979445866123812,0.9979445866123812,4,4,NA,NA,NA,NA,NA,NA,NA,NA,NA,UNC Wilmington,Johnson & Wales (NC)
401172385,2019-11-05,UNC Wilmington,Johnson & Wales (NC),305,2,08:45:00,525,525,Cj Miller Steal.,83,57,26,0,0.9979445866123812,0.9979445866123812,4,4,NA,NA,NA,NA,NA,NA,NA,NA,NA,UNC Wilmington,Johnson & Wales (NC)
401172385,2019-11-05,UNC Wilmington,Johnson & Wales (NC),306,2,08:39:00,519,519,Majerle Poole made Layup. Assisted by Cj Miller.,83,59,24,6,0.996794648183445,0.996794648183445,4,4,NA,NA,NA,Johnson & Wales (NC),made,Majerle Poole,Cj Miller,FALSE,FALSE,Johnson & Wales (NC),UNC Wilmington
401172385,2019-11-05,UNC Wilmington,Johnson & Wales (NC),307,2,08:27:00,507,507,Carter Skaggs missed Three Point Jumper.,83,59,24,12,0.996975171982954,0.996975171982954,4,4,NA,NA,NA,UNC Wilmington,missed,Carter Skaggs,NA,TRUE,FALSE,UNC Wilmington,Johnson & Wales (NC)
401172385,2019-11-05,UNC Wilmington,Johnson & Wales (NC),308,2,08:20:00,500,500,Cj Miller Defensive Rebound.,83,59,24,7,0.9970744353682048,0.9970744353682048,4,4,NA,NA,NA,NA,NA,NA,NA,NA,NA,UNC Wilmington,Johnson & Wales (NC)
401172385,2019-11-05,UNC Wilmington,Johnson & Wales (NC),309,2,08:16:00,496,496,Malik Bullock made Jumper.,83,61,22,4,0.995335392024248,0.995335392024248,4,4,NA,NA,NA,Johnson & Wales (NC),made,Malik Bullock,NA,FALSE,FALSE,Johnson & Wales (NC),UNC Wilmington
401172385,2019-11-05,UNC Wilmington,Johnson & Wales (NC),310,2,08:07:00,487,487,Carter Skaggs made Three Point Jumper.,86,61,25,9,0.9978515153482695,0.9978515153482695,4,4,NA,NA,NA,UNC Wilmington,made,Carter Skaggs,NA,TRUE,FALSE,UNC Wilmington,Johnson & Wales (NC)
401172385,2019-11-05,UNC Wilmington,Johnson & Wales (NC),311,2,07:51:00,471,471,Majerle Poole made Three Point Jumper.,86,64,22,16,0.9958628629989472,0.9958628629989472,4,4,NA,NA,NA,Johnson & Wales (NC),made,Majerle Poole,NA,TRUE,FALSE,Johnson & Wales (NC),UNC Wilmington
401172385,2019-11-05,UNC Wilmington,Johnson & Wales (NC),312,2,07:21:00,441,441,Carter Skaggs made Three Point Jumper. Assisted by Mike Okauru.,89,64,25,30,0.9984272842082932,0.9984272842082932,4,4,NA,NA,NA,UNC Wilmington,made,Carter Skaggs,Mike Okauru,TRUE,FALSE,UNC Wilmington,Johnson & Wales (NC)
401172385,2019-11-05,UNC Wilmington,Johnson & Wales (NC),313,2,07:13:00,433,433,Majerle Poole made Three Point Jumper.,89,67,22,8,0.996814370125465,0.996814370125465,4,4,NA,NA,NA,Johnson & Wales (NC),made,Majerle Poole,NA,TRUE,FALSE,Johnson & Wales (NC),UNC Wilmington
401172385,2019-11-05,UNC Wilmington,Johnson & Wales (NC),314,2,07:03:00,423,423,Foul on Cj Miller.,89,67,22,10,0.9970877459097596,0.9970877459097596,4,4,NA,NA,NA,NA,NA,NA,NA,NA,NA,UNC Wilmington,UNC Wilmington
401172385,2019-11-05,UNC Wilmington,Johnson & Wales (NC),315,2,07:03:00,423,423,Jaylen Sims made Free Throw.,90,67,23,0,0.9977647848908894,0.9977647848908894,4,4,NA,NA,NA,UNC Wilmington,made,Jaylen Sims,NA,FALSE,TRUE,UNC Wilmington,UNC Wilmington
401172385,2019-11-05,UNC Wilmington,Johnson & Wales (NC),316,2,07:03:00,423,423,Jaylen Sims made Free Throw.,91,67,24,0,0.9982846970528332,0.9982846970528332,4,4,NA,NA,NA,UNC Wilmington,made,Jaylen Sims,NA,FALSE,TRUE,UNC Wilmington,Johnson & Wales (NC)
401172385,2019-11-05,UNC Wilmington,Johnson & Wales (NC),317,2,06:42:00,402,402,Malik Bullock made Jumper.,91,69,22,21,0.9975530009412586,0.9975530009412586,4,4,NA,NA,NA,Johnson & Wales (NC),made,Malik Bullock,NA,FALSE,FALSE,Johnson & Wales (NC),UNC Wilmington
401172385,2019-11-05,UNC Wilmington,Johnson & Wales (NC),318,2,06:30:00,390,390,UNC Wilmington  Turnover.,91,69,22,12,0.9977766185917788,0.9977766185917788,4,4,NA,NA,NA,NA,NA,NA,NA,NA,NA,UNC Wilmington,Johnson & Wales (NC)
401172385,2019-11-05,UNC Wilmington,Johnson & Wales (NC),319,2,06:14:00,374,374,Majerle Poole missed Jumper.,91,69,22,16,0.9980510863548538,0.9980510863548538,4,4,NA,NA,NA,Johnson & Wales (NC),missed,Majerle Poole,NA,FALSE,FALSE,Johnson & Wales (NC),Johnson & Wales (NC)
401172385,2019-11-05,UNC Wilmington,Johnson & Wales (NC),320,2,06:11:00,371,371,Cj Miller Offensive Rebound.,91,69,22,3,0.99810084396292,0.99810084396292,4,4,NA,NA,NA,NA,NA,NA,NA,NA,NA,Johnson & Wales (NC),Johnson & Wales (NC)
401172385,2019-11-05,UNC Wilmington,Johnson & Wales (NC),321,2,06:10:00,370,370,Cj Miller made Jumper.,91,71,20,1,0.9966748262242248,0.9966748262242248,4,4,NA,NA,NA,Johnson & Wales (NC),made,Cj Miller,NA,FALSE,FALSE,Johnson & Wales (NC),UNC Wilmington
401172385,2019-11-05,UNC Wilmington,Johnson & Wales (NC),322,2,06:03:00,363,363,UNC Wilmington  Timeout,91,71,20,7,0.996859378045032,0.996859378045032,4,3,NA,NA,NA,NA,NA,NA,NA,NA,NA,UNC Wilmington,UNC Wilmington
401172385,2019-11-05,UNC Wilmington,Johnson & Wales (NC),323,2,06:03:00,363,363,Official TV Timeout,91,71,20,0,0.996859378045032,0.996859378045032,4,3,NA,NA,NA,NA,NA,NA,NA,NA,NA,UNC Wilmington,UNC Wilmington
401172385,2019-11-05,UNC Wilmington,Johnson & Wales (NC),324,2,05:59:00,359,359,Jaylen Sims made Jumper. Assisted by Kai Toews.,93,71,22,4,0.99829725275894865,0.99829725275894865,4,3,NA,NA,NA,UNC Wilmington,made,Jaylen Sims,Kai Toews,FALSE,FALSE,UNC Wilmington,Johnson & Wales (NC)
401172385,2019-11-05,UNC Wilmington,Johnson & Wales (NC),325,2,05:48:00,348,348,Zyrion Wilkins made Three Point Jumper.,93,74,19,11,0.9963167418050776,0.9963167418050776,4,3,NA,NA,NA,Johnson & Wales (NC),made,Zyrion Wilkins,NA,TRUE,FALSE,Johnson & Wales (NC),UNC Wilmington
401172385,2019-11-05,UNC Wilmington,Johnson & Wales (NC),326,2,05:43:00,343,343,Foul on Jc Cooper.,93,74,19,5,0.9964853726809738,0.9964853726809738,4,3,NA,NA,NA,NA,NA,NA,NA,NA,NA,UNC Wilmington,UNC Wilmington
401172385,2019-11-05,UNC Wilmington,Johnson & Wales (NC),327,2,05:43:00,343,343,Shykeim Phillips missed Free Throw.,93,74,19,0,0.9964853726809738,0.9964853726809738,4,3,NA,NA,NA,UNC Wilmington,missed,Shykeim Phillips,NA,FALSE,TRUE,UNC Wilmington,UNC Wilmington
401172385,2019-11-05,UNC Wilmington,Johnson & Wales (NC),328,2,05:43:00,343,343,UNC Wilmington Offensive Rebound.,93,74,19,0,0.9964853726809738,0.9964853726809738,4,3,NA,NA,NA,NA,NA,NA,NA,NA,NA,UNC Wilmington,UNC Wilmington
401172385,2019-11-05,UNC Wilmington,Johnson & Wales (NC),329,2,05:43:00,343,343,Shykeim Phillips missed Free Throw.,93,74,19,0,0.9964853726809738,0.9964853726809738,4,3,NA,NA,NA,UNC Wilmington,missed,Shykeim Phillips,NA,FALSE,TRUE,UNC Wilmington,UNC Wilmington
401172385,2019-11-05,UNC Wilmington,Johnson & Wales (NC),330,2,05:41:00,341,341,Zyrion Wilkins Defensive Rebound.,93,74,19,2,0.9965530751577752,0.9965530751577752,4,3,NA,NA,NA,NA,NA,NA,NA,NA,NA,UNC Wilmington,Johnson & Wales (NC)
401172385,2019-11-05,UNC Wilmington,Johnson & Wales (NC),331,2,05:27:00,327,327,Foul on Jaylen Sims.,93,74,19,14,0.9970300710515694,0.9970300710515694,4,3,NA,NA,NA,NA,NA,NA,NA,NA,NA,Johnson & Wales (NC),Johnson & Wales (NC)
401172385,2019-11-05,UNC Wilmington,Johnson & Wales (NC),332,2,05:24:00,324,324,Cj Miller missed Jumper.,93,74,19,3,0.9971326155203906,0.9971326155203906,4,3,NA,NA,NA,Johnson & Wales (NC),missed,Cj Miller,NA,FALSE,FALSE,Johnson & Wales (NC),UNC Wilmington
401172385,2019-11-05,UNC Wilmington,Johnson & Wales (NC),333,2,05:24:00,324,324,Imajae Dodd Block.,93,74,19,0,0.9971326155203906,0.9971326155203906,4,3,NA,NA,NA,NA,NA,NA,NA,NA,NA,Johnson & Wales (NC),UNC Wilmington
401172385,2019-11-05,UNC Wilmington,Johnson & Wales (NC),334,2,05:19:00,319,319,Jay Estime' Defensive Rebound.,93,74,19,5,0.9973032976758496,0.9973032976758496,4,3,NA,NA,NA,NA,NA,NA,NA,NA,NA,Johnson & Wales (NC),UNC Wilmington
401172385,2019-11-05,UNC Wilmington,Johnson & Wales (NC),335,2,05:16:00,316,316,Shykeim Phillips missed Three Point Jumper.,93,74,19,3,0.9974053848096244,0.9974053848096244,4,3,NA,NA,NA,UNC Wilmington,missed,Shykeim Phillips,NA,TRUE,FALSE,UNC Wilmington,UNC Wilmington
401172385,2019-11-05,UNC Wilmington,Johnson & Wales (NC),336,2,05:12:00,312,312,Imajae Dodd Offensive Rebound.,93,74,19,4,0.997540860440967,0.997540860440967,4,3,NA,NA,NA,NA,NA,NA,NA,NA,NA,UNC Wilmington,UNC Wilmington
401172385,2019-11-05,UNC Wilmington,Johnson & Wales (NC),337,2,05:11:00,311,311,Imajae Dodd missed Jumper.,93,74,19,1,0.9975745810245922,0.9975745810245922,4,3,NA,NA,NA,UNC Wilmington,missed,Imajae Dodd,NA,FALSE,FALSE,UNC Wilmington,UNC Wilmington
401172385,2019-11-05,UNC Wilmington,Johnson & Wales (NC),338,2,05:07:00,307,307,Jay Estime' Offensive Rebound.,93,74,19,4,0.9976985572872796,0.9976985572872796,4,3,NA,NA,NA,NA,NA,NA,NA,NA,NA,UNC Wilmington,UNC Wilmington
401172385,2019-11-05,UNC Wilmington,Johnson & Wales (NC),339,2,05:06:00,306,306,Jay Estime' Turnover.,93,74,19,1,0.9977243023580924,0.9977243023580924,4,3,NA,NA,NA,NA,NA,NA,NA,NA,NA,UNC Wilmington,Johnson & Wales (NC)
401172385,2019-11-05,UNC Wilmington,Johnson & Wales (NC),340,2,05:06:00,306,306,Majerle Poole Steal.,93,74,19,0,0.9977243023580924,0.9977243023580924,4,3,NA,NA,NA,NA,NA,NA,NA,NA,NA,UNC Wilmington,Johnson & Wales (NC)
401172385,2019-11-05,UNC Wilmington,Johnson & Wales (NC),341,2,04:45:00,285,285,Robert Hobson Turnover.,93,74,19,21,0.9979136327185646,0.9979136327185646,4,3,NA,NA,NA,NA,NA,NA,NA,NA,NA,Johnson & Wales (NC),UNC Wilmington
401172385,2019-11-05,UNC Wilmington,Johnson & Wales (NC),342,2,04:45:00,285,285,Jaylen Sims Steal.,93,74,19,0,0.9979136327185646,0.9979136327185646,4,3,NA,NA,NA,NA,NA,NA,NA,NA,NA,Johnson & Wales (NC),UNC Wilmington
401172385,2019-11-05,UNC Wilmington,Johnson & Wales (NC),343,2,04:37:00,277,277,Jay Estime' missed Three Point Jumper.,93,74,19,8,0.9978677684099754,0.9978677684099754,4,3,NA,NA,NA,UNC Wilmington,missed,Jay Estime',NA,TRUE,FALSE,UNC Wilmington,Johnson & Wales (NC)
401172385,2019-11-05,UNC Wilmington,Johnson & Wales (NC),344,2,04:37:00,277,277,Cj Miller Block.,93,74,19,0,0.9978677684099754,0.9978677684099754,4,3,NA,NA,NA,NA,NA,NA,NA,NA,NA,UNC Wilmington,Johnson & Wales (NC)
401172385,2019-11-05,UNC Wilmington,Johnson & Wales (NC),345,2,04:32:00,272,272,Robert Hobson Defensive Rebound.,93,74,19,5,0.997819159061068,0.997819159061068,4,3,NA,NA,NA,NA,NA,NA,NA,NA,NA,UNC Wilmington,Johnson & Wales (NC)
401172385,2019-11-05,UNC Wilmington,Johnson & Wales (NC),346,2,04:27:00,267,267,Majerle Poole Turnover.,93,74,19,5,0.997759889161448,0.997759889161448,4,3,NA,NA,NA,NA,NA,NA,NA,NA,NA,Johnson & Wales (NC),UNC Wilmington
401172385,2019-11-05,UNC Wilmington,Johnson & Wales (NC),347,2,04:13:00,253,253,Jaylen Sims missed Three Point Jumper.,93,74,19,14,0.9975750331451244,0.9975750331451244,4,3,NA,NA,NA,UNC Wilmington,missed,Jaylen Sims,NA,TRUE,FALSE,UNC Wilmington,UNC Wilmington
401172385,2019-11-05,UNC Wilmington,Johnson & Wales (NC),348,2,04:10:00,250,250,Mike Okauru Offensive Rebound.,93,74,19,3,0.9975395061586868,0.9975395061586868,4,3,NA,NA,NA,NA,NA,NA,NA,NA,NA,UNC Wilmington,UNC Wilmington
401172385,2019-11-05,UNC Wilmington,Johnson & Wales (NC),349,2,04:07:00,247,247,Imajae Dodd Turnover.,93,74,19,3,0.9975082163797568,0.9975082163797568,4,3,NA,NA,NA,NA,NA,NA,NA,NA,NA,UNC Wilmington,Johnson & Wales (NC)
401172385,2019-11-05,UNC Wilmington,Johnson & Wales (NC),350,2,04:07:00,247,247,Brandon Kostyk Steal.,93,74,19,0,0.9975082163797568,0.9975082163797568,4,3,NA,NA,NA,NA,NA,NA,NA,NA,NA,UNC Wilmington,Johnson & Wales (NC)
401172385,2019-11-05,UNC Wilmington,Johnson & Wales (NC),351,2,04:00:00,240,240,Majerle Poole missed Layup.,93,74,19,7,0.9974593293342288,0.9974593293342288,4,3,NA,NA,NA,Johnson & Wales (NC),missed,Majerle Poole,NA,FALSE,FALSE,Johnson & Wales (NC),UNC Wilmington
401172385,2019-11-05,UNC Wilmington,Johnson & Wales (NC),352,2,03:56:00,236,236,Imajae Dodd Defensive Rebound.,93,74,19,4,0.9974517072009782,0.9974517072009782,4,3,NA,NA,NA,NA,NA,NA,NA,NA,NA,Johnson & Wales (NC),UNC Wilmington
401172385,2019-11-05,UNC Wilmington,Johnson & Wales (NC),353,2,03:56:00,236,236,Official TV Timeout,93,74,19,0,0.9974517072009782,0.9974517072009782,4,3,NA,NA,NA,NA,NA,NA,NA,NA,NA,Johnson & Wales (NC),UNC Wilmington
401172385,2019-11-05,UNC Wilmington,Johnson & Wales (NC),354,2,03:46:00,226,226,Foul on Carter Skaggs.,93,74,19,10,0.9975191732088,0.9975191732088,4,3,NA,NA,NA,NA,NA,NA,NA,NA,NA,UNC Wilmington,Johnson & Wales (NC)
401172385,2019-11-05,UNC Wilmington,Johnson & Wales (NC),355,2,03:46:00,226,226,Carter Skaggs Turnover.,93,74,19,0,0.9975191732088,0.9975191732088,4,3,NA,NA,NA,NA,NA,NA,NA,NA,NA,UNC Wilmington,Johnson & Wales (NC)
401172385,2019-11-05,UNC Wilmington,Johnson & Wales (NC),356,2,03:29:00,209,209,Foul on Imajae Dodd.,93,74,19,17,0.9979677663694736,0.9979677663694736,4,3,NA,NA,NA,NA,NA,NA,NA,NA,NA,Johnson & Wales (NC),Johnson & Wales (NC)
401172385,2019-11-05,UNC Wilmington,Johnson & Wales (NC),357,2,03:29:00,209,209,Cj Miller made Free Throw.,93,75,18,0,0.9971863340369876,0.9971863340369876,4,3,NA,NA,NA,Johnson & Wales (NC),made,Cj Miller,NA,FALSE,TRUE,Johnson & Wales (NC),Johnson & Wales (NC)
401172385,2019-11-05,UNC Wilmington,Johnson & Wales (NC),358,2,03:29:00,209,209,Cj Miller made Free Throw.,93,76,17,0,0.9961055987233044,0.9961055987233044,4,3,NA,NA,NA,Johnson & Wales (NC),made,Cj Miller,NA,FALSE,TRUE,Johnson & Wales (NC),UNC Wilmington
401172385,2019-11-05,UNC Wilmington,Johnson & Wales (NC),359,2,03:16:00,196,196,Jake Boggs made Jumper.,95,76,19,13,0.9985370128954064,0.9985370128954064,4,3,NA,NA,NA,UNC Wilmington,made,Jake Boggs,NA,FALSE,FALSE,UNC Wilmington,Johnson & Wales (NC)
401172385,2019-11-05,UNC Wilmington,Johnson & Wales (NC),360,2,03:03:00,183,183,Robert Hobson missed Three Point Jumper.,95,76,19,13,0.9991062530295,0.9991062530295,4,3,NA,NA,NA,Johnson & Wales (NC),missed,Robert Hobson,NA,TRUE,FALSE,Johnson & Wales (NC),UNC Wilmington
401172385,2019-11-05,UNC Wilmington,Johnson & Wales (NC),361,2,02:57:00,177,177,Jake Boggs Defensive Rebound.,95,76,19,6,0.9992977257878196,0.9992977257878196,4,3,NA,NA,NA,NA,NA,NA,NA,NA,NA,Johnson & Wales (NC),UNC Wilmington
401172385,2019-11-05,UNC Wilmington,Johnson & Wales (NC),362,2,02:47:00,167,167,Jake Boggs missed Three Point Jumper.,95,76,19,10,0.9995357967742629,0.9995357967742629,4,3,NA,NA,NA,UNC Wilmington,missed,Jake Boggs,NA,TRUE,FALSE,UNC Wilmington,Johnson & Wales (NC)
401172385,2019-11-05,UNC Wilmington,Johnson & Wales (NC),363,2,02:44:00,164,164,Robert Hobson Defensive Rebound.,95,76,19,3,0.9995917073464384,0.9995917073464384,4,3,NA,NA,NA,NA,NA,NA,NA,NA,NA,UNC Wilmington,Johnson & Wales (NC)
401172385,2019-11-05,UNC Wilmington,Johnson & Wales (NC),364,2,02:37:00,157,157,Majerle Poole missed Three Point Jumper.,95,76,19,7,0.9997002686824866,0.9997002686824866,4,3,NA,NA,NA,Johnson & Wales (NC),missed,Majerle Poole,NA,TRUE,FALSE,Johnson & Wales (NC),UNC Wilmington
401172385,2019-11-05,UNC Wilmington,Johnson & Wales (NC),365,2,02:32:00,152,152,Shykeim Phillips Defensive Rebound.,95,76,19,5,0.9997619661111276,0.9997619661111276,4,3,NA,NA,NA,NA,NA,NA,NA,NA,NA,Johnson & Wales (NC),UNC Wilmington
401172385,2019-11-05,UNC Wilmington,Johnson & Wales (NC),366,2,02:26:00,146,146,Foul on Antonio Smith.,95,76,19,6,0.9998217289414332,0.9998217289414332,4,3,NA,NA,NA,NA,NA,NA,NA,NA,NA,UNC Wilmington,UNC Wilmington
401172385,2019-11-05,UNC Wilmington,Johnson & Wales (NC),367,2,02:26:00,146,146,Mike Okauru missed Free Throw.,95,76,19,0,0.9998217289414332,0.9998217289414332,4,3,NA,NA,NA,UNC Wilmington,missed,Mike Okauru,NA,FALSE,TRUE,UNC Wilmington,UNC Wilmington
401172385,2019-11-05,UNC Wilmington,Johnson & Wales (NC),368,2,02:26:00,146,146,UNC Wilmington Offensive Rebound.,95,76,19,0,0.9998217289414332,0.9998217289414332,4,3,NA,NA,NA,NA,NA,NA,NA,NA,NA,UNC Wilmington,UNC Wilmington
401172385,2019-11-05,UNC Wilmington,Johnson & Wales (NC),369,2,02:26:00,146,146,Mike Okauru made Free Throw.,96,76,20,0,0.9998868116697804,0.9998868116697804,4,3,NA,NA,NA,UNC Wilmington,made,Mike Okauru,NA,FALSE,TRUE,UNC Wilmington,UNC Wilmington
401172385,2019-11-05,UNC Wilmington,Johnson & Wales (NC),370,2,02:15:00,135,135,Brandon Kostyk Turnover.,96,76,20,11,0.9999380185802268,0.9999380185802268,4,3,NA,NA,NA,NA,NA,NA,NA,NA,NA,UNC Wilmington,UNC Wilmington
401172385,2019-11-05,UNC Wilmington,Johnson & Wales (NC),371,2,02:01:00,121,121,Shykeim Phillips made Layup.,98,76,22,14,0.9999909400567406,0.9999909400567406,4,3,NA,NA,NA,UNC Wilmington,made,Shykeim Phillips,NA,FALSE,FALSE,UNC Wilmington,Johnson & Wales (NC)
401172385,2019-11-05,UNC Wilmington,Johnson & Wales (NC),372,2,01:49:00,109,109,Robert Hobson Turnover.,98,76,22,12,0.999996453814074,0.999996453814074,4,3,NA,NA,NA,NA,NA,NA,NA,NA,NA,Johnson & Wales (NC),UNC Wilmington
401172385,2019-11-05,UNC Wilmington,Johnson & Wales (NC),373,2,01:49:00,109,109,Brent Jenkins Steal.,98,76,22,0,0.999996453814074,0.999996453814074,4,3,NA,NA,NA,NA,NA,NA,NA,NA,NA,Johnson & Wales (NC),UNC Wilmington
401172385,2019-11-05,UNC Wilmington,Johnson & Wales (NC),374,2,01:44:00,104,104,Foul on Robert Hobson.,98,76,22,5,0.9999976894833082,0.9999976894833082,4,3,NA,NA,NA,NA,NA,NA,NA,NA,NA,UNC Wilmington,UNC Wilmington
401172385,2019-11-05,UNC Wilmington,Johnson & Wales (NC),375,2,01:44:00,104,104,Jake Boggs made Free Throw.,99,76,23,0,0.9999987191019554,0.9999987191019554,4,3,NA,NA,NA,UNC Wilmington,made,Jake Boggs,NA,FALSE,TRUE,UNC Wilmington,UNC Wilmington
401172385,2019-11-05,UNC Wilmington,Johnson & Wales (NC),376,2,01:44:00,104,104,Jake Boggs made Free Throw.,100,76,24,0,0.9999992898995044,0.9999992898995044,4,3,NA,NA,NA,UNC Wilmington,made,Jake Boggs,NA,FALSE,TRUE,UNC Wilmington,Johnson & Wales (NC)
401172385,2019-11-05,UNC Wilmington,Johnson & Wales (NC),377,2,01:33:00,93,93,Antonio Smith missed Jumper.,100,76,24,11,0.9999997685178312,0.9999997685178312,4,3,NA,NA,NA,Johnson & Wales (NC),missed,Antonio Smith,NA,FALSE,FALSE,Johnson & Wales (NC),UNC Wilmington
401172385,2019-11-05,UNC Wilmington,Johnson & Wales (NC),378,2,01:28:00,88,88,John Bowen Defensive Rebound.,100,76,24,5,0.9999998645037658,0.9999998645037658,4,3,NA,NA,NA,NA,NA,NA,NA,NA,NA,Johnson & Wales (NC),UNC Wilmington
401172385,2019-11-05,UNC Wilmington,Johnson & Wales (NC),379,2,01:19:00,79,79,Foul on Cj Miller.,100,76,24,9,0.999999949916462,0.999999949916462,4,3,NA,NA,NA,NA,NA,NA,NA,NA,NA,UNC Wilmington,UNC Wilmington
401172385,2019-11-05,UNC Wilmington,Johnson & Wales (NC),380,2,01:19:00,79,79,Brent Jenkins missed Free Throw.,100,76,24,0,0.999999949916462,0.999999949916462,4,3,NA,NA,NA,UNC Wilmington,missed,Brent Jenkins,NA,FALSE,TRUE,UNC Wilmington,UNC Wilmington
401172385,2019-11-05,UNC Wilmington,Johnson & Wales (NC),381,2,01:19:00,79,79,UNC Wilmington Offensive Rebound.,100,76,24,0,0.999999949916462,0.999999949916462,4,3,NA,NA,NA,NA,NA,NA,NA,NA,NA,UNC Wilmington,UNC Wilmington
401172385,2019-11-05,UNC Wilmington,Johnson & Wales (NC),382,2,01:19:00,79,79,Brent Jenkins made Free Throw.,101,76,25,0,0.9999999751391692,0.9999999751391692,4,3,NA,NA,NA,UNC Wilmington,made,Brent Jenkins,NA,FALSE,TRUE,UNC Wilmington,Johnson & Wales (NC)
401172385,2019-11-05,UNC Wilmington,Johnson & Wales (NC),383,2,01:04:00,64,64,Majerle Poole missed Layup.,101,76,25,15,0.9999999962071024,0.9999999962071024,4,3,NA,NA,NA,Johnson & Wales (NC),missed,Majerle Poole,NA,FALSE,FALSE,Johnson & Wales (NC),Johnson & Wales (NC)
401172385,2019-11-05,UNC Wilmington,Johnson & Wales (NC),384,2,00:59:00,59,59,Antonio Smith Offensive Rebound.,101,76,25,5,0.9999999980443228,0.9999999980443228,4,3,NA,NA,NA,NA,NA,NA,NA,NA,NA,Johnson & Wales (NC),Johnson & Wales (NC)
401172385,2019-11-05,UNC Wilmington,Johnson & Wales (NC),385,2,00:58:00,58,58,Antonio Smith made Jumper.,101,78,23,1,0.999999991405118,0.999999991405118,4,3,NA,NA,NA,Johnson & Wales (NC),made,Antonio Smith,NA,FALSE,FALSE,Johnson & Wales (NC),UNC Wilmington
401172385,2019-11-05,UNC Wilmington,Johnson & Wales (NC),386,2,00:50:00,50,50,Carter Skaggs missed Three Point Jumper.,101,78,23,8,0.9999999968855142,0.9999999968855142,4,3,NA,NA,NA,UNC Wilmington,missed,Carter Skaggs,NA,TRUE,FALSE,UNC Wilmington,Johnson & Wales (NC)
401172385,2019-11-05,UNC Wilmington,Johnson & Wales (NC),387,2,00:47:00,47,47,Antonio Smith Defensive Rebound.,101,78,23,3,0.9999999978975584,0.9999999978975584,4,3,NA,NA,NA,NA,NA,NA,NA,NA,NA,UNC Wilmington,Johnson & Wales (NC)
401172385,2019-11-05,UNC Wilmington,Johnson & Wales (NC),388,2,00:43:00,43,43,Robert Hobson made Layup. Assisted by Zyrion Wilkins.,101,80,21,4,0.999999992674159,0.999999992674159,4,3,NA,NA,NA,Johnson & Wales (NC),made,Robert Hobson,Zyrion Wilkins,FALSE,FALSE,Johnson & Wales (NC),UNC Wilmington
401172385,2019-11-05,UNC Wilmington,Johnson & Wales (NC),389,2,00:37:00,37,37,John Bowen made Layup. Assisted by Brian Tolefree.,103,80,23,6,0.9999999994622368,0.9999999994622368,4,3,NA,NA,NA,UNC Wilmington,made,John Bowen,Brian Tolefree,FALSE,FALSE,UNC Wilmington,Johnson & Wales (NC)
401172385,2019-11-05,UNC Wilmington,Johnson & Wales (NC),390,2,00:29:00,29,29,Robert Hobson made Three Point Jumper.,103,83,20,8,0.9999999967781084,0.9999999967781084,4,3,NA,NA,NA,Johnson & Wales (NC),made,Robert Hobson,NA,TRUE,FALSE,Johnson & Wales (NC),UNC Wilmington
401172385,2019-11-05,UNC Wilmington,Johnson & Wales (NC),391,2,00:00:00,0,0,End of 2nd half,103,83,20,29,1,1,4,3,NA,NA,NA,NA,NA,NA,NA,NA,NA,UNC Wilmington,NA
401172385,2019-11-05,UNC Wilmington,Johnson & Wales (NC),392,2,00:00:00,0,0,End of Game,103,83,20,0,1,1,4,3,NA,NA,NA,NA,NA,NA,NA,NA,NA,UNC Wilmington,NA
