game_id,date,home,away,play_id,half,time_remaining_half,secs_remaining,secs_remaining_absolute,description,home_score,away_score,score_diff,play_length,win_prob,naive_win_prob,home_time_out_remaining,away_time_out_remaining,home_favored_by,shot_x,shot_y,shot_team,shot_outcome,shooter,assist,three_pt,free_throw,possession_before,possession_after
401175866,2020-01-11,UTEP,Louisiana Tech,1,1,20:00,2400,2400,PLAY,0,0,0,0,0.4204656748757369,0.5,4,4,-2,NA,NA,NA,NA,NA,NA,NA,NA,NA,Louisiana Tech
401175866,2020-01-11,UTEP,Louisiana Tech,2,1,19:47,2387,2387,Foul on Efe Odigie.,0,0,0,13,0.4205672880232496,0.5,4,4,-2,NA,NA,NA,NA,NA,NA,NA,NA,Louisiana Tech,Louisiana Tech
401175866,2020-01-11,UTEP,Louisiana Tech,3,1,19:47,2387,2387,Isaiah Crawford made Free Throw.,0,1,-1,0,0.3990854612846734,0.47780657064502674,4,4,-2,NA,NA,Louisiana Tech,made,Isaiah Crawford,NA,FALSE,TRUE,Louisiana Tech,Louisiana Tech
401175866,2020-01-11,UTEP,Louisiana Tech,4,1,19:47,2387,2387,Isaiah Crawford made Free Throw.,0,2,-2,0,0.37798510949387765,0.4557004200224459,4,4,-2,NA,NA,Louisiana Tech,made,Isaiah Crawford,NA,FALSE,TRUE,Louisiana Tech,UTEP
401175866,2020-01-11,UTEP,Louisiana Tech,5,1,19:26,2366,2366,Bryson Williams missed Jumper.,0,2,-2,21,0.3777232781054606,0.4552536897122488,4,4,-2,NA,NA,UTEP,missed,Bryson Williams,NA,FALSE,FALSE,UTEP,Louisiana Tech
401175866,2020-01-11,UTEP,Louisiana Tech,6,1,19:26,2366,2366,Amorie Archibald Defensive Rebound.,0,2,-2,0,0.3777232781054606,0.4552536897122488,4,4,-2,NA,NA,NA,NA,NA,NA,NA,NA,UTEP,Louisiana Tech
401175866,2020-01-11,UTEP,Louisiana Tech,7,1,19:17,2357,2357,DaQuan Bracey missed Three Point Jumper.,0,2,-2,9,0.37761053616965845,0.4550603542849654,4,4,-2,NA,NA,Louisiana Tech,missed,DaQuan Bracey,NA,TRUE,FALSE,Louisiana Tech,UTEP
401175866,2020-01-11,UTEP,Louisiana Tech,8,1,19:17,2357,2357,Kaden Archie Block.,0,2,-2,0,0.37761053616965845,0.4550603542849654,4,4,-2,NA,NA,NA,NA,NA,NA,NA,NA,Louisiana Tech,UTEP
401175866,2020-01-11,UTEP,Louisiana Tech,9,1,19:13,2353,2353,Daryl Edwards Defensive Rebound.,0,2,-2,4,0.377560345269961,0.45497408096351394,4,4,-2,NA,NA,NA,NA,NA,NA,NA,NA,Louisiana Tech,UTEP
401175866,2020-01-11,UTEP,Louisiana Tech,10,1,19:01,2341,2341,Daryl Edwards made Three Point Jumper. Assisted by Nigel Hawkins.,3,2,1,12,0.4432220527409505,0.5226896161870556,4,4,-2,NA,NA,UTEP,made,Daryl Edwards,Nigel Hawkins,TRUE,FALSE,UTEP,Louisiana Tech
401175866,2020-01-11,UTEP,Louisiana Tech,11,1,18:47,2327,2327,Amorie Archibald missed Jumper.,3,2,1,14,0.4434931797347551,0.5228433940572399,4,4,-2,NA,NA,Louisiana Tech,missed,Amorie Archibald,NA,FALSE,FALSE,Louisiana Tech,UTEP
401175866,2020-01-11,UTEP,Louisiana Tech,12,1,18:47,2327,2327,Bryson Williams Defensive Rebound.,3,2,1,0,0.4434931797347551,0.5228433940572399,4,4,-2,NA,NA,NA,NA,NA,NA,NA,NA,Louisiana Tech,UTEP
401175866,2020-01-11,UTEP,Louisiana Tech,13,1,18:43,2323,2323,Bryson Williams Turnover.,3,2,1,4,0.4435712356742536,0.5228875473071123,4,4,-2,NA,NA,NA,NA,NA,NA,NA,NA,UTEP,Louisiana Tech
401175866,2020-01-11,UTEP,Louisiana Tech,14,1,18:37,2317,2317,Isaiah Crawford Steal.,3,2,1,6,0.4436888092096572,0.5229539514536978,4,4,-2,NA,NA,NA,NA,NA,NA,NA,NA,UTEP,Louisiana Tech
401175866,2020-01-11,UTEP,Louisiana Tech,15,1,18:33,2313,2313,Isaiah Crawford made Layup.,3,4,-1,4,0.3989116122359707,0.4770016653934843,4,4,-2,NA,NA,Louisiana Tech,made,Isaiah Crawford,NA,FALSE,FALSE,Louisiana Tech,UTEP
401175866,2020-01-11,UTEP,Louisiana Tech,16,1,18:30,2310,2310,Kaden Archie Turnover.,3,4,-1,3,0.39890501843376797,0.4769683195238842,4,4,-2,NA,NA,NA,NA,NA,NA,NA,NA,UTEP,Louisiana Tech
401175866,2020-01-11,UTEP,Louisiana Tech,17,1,18:19,2299,2299,Isaiah Crawford made Three Point Jumper. Assisted by DaQuan Bracey.,3,7,-4,11,0.33443804323887827,0.4083634282815735,4,4,-2,NA,NA,Louisiana Tech,made,Isaiah Crawford,DaQuan Bracey,TRUE,FALSE,Louisiana Tech,UTEP
401175866,2020-01-11,UTEP,Louisiana Tech,18,1,17:46,2266,2266,Efe Odigie Turnover.,3,7,-4,33,0.3333814678614053,0.40692427541239734,4,4,-2,NA,NA,NA,NA,NA,NA,NA,NA,UTEP,Louisiana Tech
401175866,2020-01-11,UTEP,Louisiana Tech,19,1,17:45,2265,2265,Isaiah Crawford Steal.,3,7,-4,1,0.3333493641924889,0.40688038494225204,4,4,-2,NA,NA,NA,NA,NA,NA,NA,NA,UTEP,Louisiana Tech
401175866,2020-01-11,UTEP,Louisiana Tech,20,1,17:25,2245,2245,Isaiah Crawford Turnover.,3,7,-4,20,0.33270662947657,0.4059995132609002,4,4,-2,NA,NA,NA,NA,NA,NA,NA,NA,Louisiana Tech,UTEP
401175866,2020-01-11,UTEP,Louisiana Tech,21,1,17:06,2226,2226,Foul on DaQuan Bracey.,3,7,-4,19,0.33209539073584754,0.40515779599702156,4,4,-2,NA,NA,NA,NA,NA,NA,NA,NA,UTEP,UTEP
401175866,2020-01-11,UTEP,Louisiana Tech,22,1,17:06,2226,2226,Kaden Archie made Free Throw.,4,7,-3,0,0.35372205331117235,0.4284899787725355,4,4,-2,NA,NA,UTEP,made,Kaden Archie,NA,FALSE,TRUE,UTEP,UTEP
401175866,2020-01-11,UTEP,Louisiana Tech,23,1,17:06,2226,2226,Kaden Archie made Free Throw.,5,7,-2,0,0.3759643118539586,0.45214449232456844,4,4,-2,NA,NA,UTEP,made,Kaden Archie,NA,FALSE,TRUE,UTEP,Louisiana Tech
401175866,2020-01-11,UTEP,Louisiana Tech,24,1,16:48,2208,2208,DaQuan Bracey missed Jumper.,5,7,-2,18,0.3757417470246216,0.45173267366113046,4,4,-2,NA,NA,Louisiana Tech,missed,DaQuan Bracey,NA,FALSE,FALSE,Louisiana Tech,UTEP
401175866,2020-01-11,UTEP,Louisiana Tech,25,1,16:48,2208,2208,Efe Odigie Defensive Rebound.,5,7,-2,0,0.3757417470246216,0.45173267366113046,4,4,-2,NA,NA,NA,NA,NA,NA,NA,NA,Louisiana Tech,UTEP
401175866,2020-01-11,UTEP,Louisiana Tech,26,1,16:27,2187,2187,Nigel Hawkins missed Three Point Jumper.,5,7,-2,21,0.3754846383040587,0.451250027875351,4,4,-2,NA,NA,UTEP,missed,Nigel Hawkins,NA,TRUE,FALSE,UTEP,Louisiana Tech
401175866,2020-01-11,UTEP,Louisiana Tech,27,1,16:27,2187,2187,Mubarak Muhammed Defensive Rebound.,5,7,-2,0,0.3754846383040587,0.451250027875351,4,4,-2,NA,NA,NA,NA,NA,NA,NA,NA,UTEP,Louisiana Tech
401175866,2020-01-11,UTEP,Louisiana Tech,28,1,16:06,2166,2166,Derric Jean made Three Point Jumper. Assisted by Isaiah Crawford.,5,10,-5,21,0.30869898745889623,0.37896441666971914,4,4,-2,NA,NA,Louisiana Tech,made,Derric Jean,Isaiah Crawford,TRUE,FALSE,Louisiana Tech,UTEP
401175866,2020-01-11,UTEP,Louisiana Tech,29,1,15:49,2149,2149,Efe Odigie made Jumper. Assisted by Daryl Edwards.,7,10,-3,17,0.3519917408057459,0.42586150624207686,4,4,-2,NA,NA,UTEP,made,Efe Odigie,Daryl Edwards,FALSE,FALSE,UTEP,Louisiana Tech
401175866,2020-01-11,UTEP,Louisiana Tech,30,1,15:27,2127,2127,Amorie Archibald missed Jumper.,7,10,-3,22,0.35149995595331185,0.4251006164256106,4,4,-2,NA,NA,Louisiana Tech,missed,Amorie Archibald,NA,FALSE,FALSE,Louisiana Tech,Louisiana Tech
401175866,2020-01-11,UTEP,Louisiana Tech,31,1,15:27,2127,2127,Mubarak Muhammed Offensive Rebound.,7,10,-3,0,0.35149995595331185,0.4251006164256106,4,4,-2,NA,NA,NA,NA,NA,NA,NA,NA,Louisiana Tech,Louisiana Tech
401175866,2020-01-11,UTEP,Louisiana Tech,32,1,15:24,2124,2124,Mubarak Muhammed missed Jumper.,7,10,-3,3,0.3514328601291744,0.4249964048904226,4,4,-2,NA,NA,Louisiana Tech,missed,Mubarak Muhammed,NA,FALSE,FALSE,Louisiana Tech,UTEP
401175866,2020-01-11,UTEP,Louisiana Tech,33,1,15:24,2124,2124,Daryl Edwards Defensive Rebound.,7,10,-3,0,0.3514328601291744,0.4249964048904226,4,4,-2,NA,NA,NA,NA,NA,NA,NA,NA,Louisiana Tech,UTEP
401175866,2020-01-11,UTEP,Louisiana Tech,34,1,15:23,2123,2123,Foul on Mubarak Muhammed.,7,10,-3,1,0.35141049205140584,0.4249616426561243,4,4,-2,NA,NA,NA,NA,NA,NA,NA,NA,UTEP,UTEP
401175866,2020-01-11,UTEP,Louisiana Tech,35,1,15:23,2123,2123,Official TV Timeout,7,10,-3,0,0.35141049205140584,0.4249616426561243,4,4,-2,NA,NA,NA,NA,NA,NA,NA,NA,UTEP,UTEP
401175866,2020-01-11,UTEP,Louisiana Tech,36,1,15:02,2102,2102,Daryl Edwards missed Three Point Jumper.,7,10,-3,21,0.3509403303998152,0.42422864733645244,4,4,-2,NA,NA,UTEP,missed,Daryl Edwards,NA,TRUE,FALSE,UTEP,Louisiana Tech
401175866,2020-01-11,UTEP,Louisiana Tech,37,1,15:02,2102,2102,Kalob Ledoux Defensive Rebound.,7,10,-3,0,0.3509403303998152,0.42422864733645244,4,4,-2,NA,NA,NA,NA,NA,NA,NA,NA,UTEP,Louisiana Tech
401175866,2020-01-11,UTEP,Louisiana Tech,38,1,14:42,2082,2082,Oliver Powell missed Layup.,7,10,-3,20,0.35049146821655913,0.42352497121186555,4,4,-2,NA,NA,Louisiana Tech,missed,Oliver Powell,NA,FALSE,FALSE,Louisiana Tech,UTEP
401175866,2020-01-11,UTEP,Louisiana Tech,39,1,14:42,2082,2082,Bryson Williams Defensive Rebound.,7,10,-3,0,0.35049146821655913,0.42352497121186555,4,4,-2,NA,NA,NA,NA,NA,NA,NA,NA,Louisiana Tech,UTEP
401175866,2020-01-11,UTEP,Louisiana Tech,40,1,14:29,2069,2069,Kaden Archie missed Jumper.,7,10,-3,13,0.35019892146857434,0.42306447075041204,4,4,-2,NA,NA,UTEP,missed,Kaden Archie,NA,FALSE,FALSE,UTEP,Louisiana Tech
401175866,2020-01-11,UTEP,Louisiana Tech,41,1,14:29,2069,2069,Andrew Gordon Defensive Rebound.,7,10,-3,0,0.35019892146857434,0.42306447075041204,4,4,-2,NA,NA,NA,NA,NA,NA,NA,NA,UTEP,Louisiana Tech
401175866,2020-01-11,UTEP,Louisiana Tech,42,1,14:07,2047,2047,Andrew Gordon missed Jumper.,7,10,-3,22,0.3497020361242967,0.42227923391959604,4,4,-2,NA,NA,Louisiana Tech,missed,Andrew Gordon,NA,FALSE,FALSE,Louisiana Tech,UTEP
401175866,2020-01-11,UTEP,Louisiana Tech,43,1,14:07,2047,2047,Eric Vila Defensive Rebound.,7,10,-3,0,0.3497020361242967,0.42227923391959604,4,4,-2,NA,NA,NA,NA,NA,NA,NA,NA,Louisiana Tech,UTEP
401175866,2020-01-11,UTEP,Louisiana Tech,44,1,14:00,2040,2040,Foul on Derric Jean.,7,10,-3,7,0.34954338070905333,0.4220277536717237,4,4,-2,NA,NA,NA,NA,NA,NA,NA,NA,UTEP,UTEP
401175866,2020-01-11,UTEP,Louisiana Tech,45,1,13:51,2031,2031,Eric Vila missed Jumper.,7,10,-3,9,0.34933895026052936,0.42170321976792846,4,4,-2,NA,NA,UTEP,missed,Eric Vila,NA,FALSE,FALSE,UTEP,Louisiana Tech
401175866,2020-01-11,UTEP,Louisiana Tech,46,1,13:51,2031,2031,Derric Jean Defensive Rebound.,7,10,-3,0,0.34933895026052936,0.42170321976792846,4,4,-2,NA,NA,NA,NA,NA,NA,NA,NA,UTEP,Louisiana Tech
401175866,2020-01-11,UTEP,Louisiana Tech,47,1,13:35,2015,2015,Kalob Ledoux Turnover.,7,10,-3,16,0.3489741637536979,0.42112282768487913,4,4,-2,NA,NA,NA,NA,NA,NA,NA,NA,Louisiana Tech,UTEP
401175866,2020-01-11,UTEP,Louisiana Tech,48,1,13:30,2010,2010,Kaden Archie Turnover.,7,10,-3,5,0.3488597832058002,0.420940525928552,4,4,-2,NA,NA,NA,NA,NA,NA,NA,NA,UTEP,Louisiana Tech
401175866,2020-01-11,UTEP,Louisiana Tech,49,1,13:04,1984,1984,Derric Jean made Jumper.,7,12,-5,26,0.3011322730008487,0.3686395791775881,4,4,-2,NA,NA,Louisiana Tech,made,Derric Jean,NA,FALSE,FALSE,Louisiana Tech,UTEP
401175866,2020-01-11,UTEP,Louisiana Tech,50,1,12:29,1949,1949,Daryl Edwards Turnover.,7,12,-5,35,0.2996251215746696,0.3665599157990863,4,4,-2,NA,NA,NA,NA,NA,NA,NA,NA,UTEP,Louisiana Tech
401175866,2020-01-11,UTEP,Louisiana Tech,51,1,12:18,1938,1938,JaColby Pemberton missed Three Point Jumper.,7,12,-5,11,0.29914651416726823,0.3658986422360943,4,4,-2,NA,NA,Louisiana Tech,missed,JaColby Pemberton,NA,TRUE,FALSE,Louisiana Tech,UTEP
401175866,2020-01-11,UTEP,Louisiana Tech,52,1,12:18,1938,1938,Jordan Lathon Defensive Rebound.,7,12,-5,0,0.29914651416726823,0.3658986422360943,4,4,-2,NA,NA,NA,NA,NA,NA,NA,NA,Louisiana Tech,UTEP
401175866,2020-01-11,UTEP,Louisiana Tech,53,1,12:05,1925,1925,Souley Boum missed Jumper.,7,12,-5,13,0.2985782130661578,0.36511279516299383,4,4,-2,NA,NA,UTEP,missed,Souley Boum,NA,FALSE,FALSE,UTEP,Louisiana Tech
401175866,2020-01-11,UTEP,Louisiana Tech,54,1,12:05,1925,1925,Kalob Ledoux Defensive Rebound.,7,12,-5,0,0.2985782130661578,0.36511279516299383,4,4,-2,NA,NA,NA,NA,NA,NA,NA,NA,UTEP,Louisiana Tech
401175866,2020-01-11,UTEP,Louisiana Tech,55,1,12:00,1920,1920,Kalob Ledoux made Jumper.,7,14,-7,5,0.25408617097443975,0.31510435005038934,4,4,-2,NA,NA,Louisiana Tech,made,Kalob Ledoux,NA,FALSE,FALSE,Louisiana Tech,UTEP
401175866,2020-01-11,UTEP,Louisiana Tech,56,1,11:41,1901,1901,Eric Vila made Three Point Jumper. Assisted by Jordan Lathon.,10,14,-4,19,0.3214409220617681,0.3899330333875773,4,4,-2,NA,NA,UTEP,made,Eric Vila,Jordan Lathon,TRUE,FALSE,UTEP,Louisiana Tech
401175866,2020-01-11,UTEP,Louisiana Tech,57,1,11:15,1875,1875,Amorie Archibald made Jumper.,10,16,-6,26,0.27335562379235223,0.3363701757989161,4,4,-2,NA,NA,Louisiana Tech,made,Amorie Archibald,NA,FALSE,FALSE,Louisiana Tech,UTEP
401175866,2020-01-11,UTEP,Louisiana Tech,58,1,10:50,1850,1850,Bryson Williams missed Jumper.,10,16,-6,25,0.27207738593923025,0.3346235937189171,4,4,-2,NA,NA,UTEP,missed,Bryson Williams,NA,FALSE,FALSE,UTEP,UTEP
401175866,2020-01-11,UTEP,Louisiana Tech,59,1,10:50,1850,1850,JaColby Pemberton Block.,10,16,-6,0,0.27207738593923025,0.3346235937189171,4,4,-2,NA,NA,NA,NA,NA,NA,NA,NA,UTEP,UTEP
401175866,2020-01-11,UTEP,Louisiana Tech,60,1,10:49,1849,1849,Jordan Lathon Offensive Rebound.,10,16,-6,1,0.2720262701542311,0.33455361651104376,4,4,-2,NA,NA,NA,NA,NA,NA,NA,NA,UTEP,UTEP
401175866,2020-01-11,UTEP,Louisiana Tech,61,1,10:47,1847,1847,Jordan Lathon missed Jumper.,10,16,-6,2,0.2719240306820253,0.3344136243547349,4,4,-2,NA,NA,UTEP,missed,Jordan Lathon,NA,FALSE,FALSE,UTEP,UTEP
401175866,2020-01-11,UTEP,Louisiana Tech,62,1,10:47,1847,1847,UTEP Offensive Rebound.,10,16,-6,0,0.2719240306820253,0.3344136243547349,4,4,-2,NA,NA,NA,NA,NA,NA,NA,NA,UTEP,UTEP
401175866,2020-01-11,UTEP,Louisiana Tech,63,1,10:46,1846,1846,Official TV Timeout,10,16,-6,1,0.2718729062067883,0.33434360859098455,4,4,-2,NA,NA,NA,NA,NA,NA,NA,NA,UTEP,UTEP
401175866,2020-01-11,UTEP,Louisiana Tech,64,1,10:44,1844,1844,Bryson Williams missed Three Point Jumper.,10,16,-6,2,0.27177064580938104,0.3342035356553415,4,4,-2,NA,NA,UTEP,missed,Bryson Williams,NA,TRUE,FALSE,UTEP,Louisiana Tech
401175866,2020-01-11,UTEP,Louisiana Tech,65,1,10:44,1844,1844,Louisiana Tech Defensive Rebound.,10,16,-6,0,0.27177064580938104,0.3342035356553415,4,4,-2,NA,NA,NA,NA,NA,NA,NA,NA,UTEP,Louisiana Tech
401175866,2020-01-11,UTEP,Louisiana Tech,66,1,10:29,1829,1829,Foul on Souley Boum.,10,16,-6,15,0.27100290585032655,0.3331509178242654,4,4,-2,NA,NA,NA,NA,NA,NA,NA,NA,Louisiana Tech,Louisiana Tech
401175866,2020-01-11,UTEP,Louisiana Tech,67,1,10:29,1829,1829,Cobe Williams made Free Throw.,10,17,-7,0,0.2487665474413561,0.3079694476833575,4,4,-2,NA,NA,Louisiana Tech,made,Cobe Williams,NA,FALSE,TRUE,Louisiana Tech,Louisiana Tech
401175866,2020-01-11,UTEP,Louisiana Tech,68,1,10:29,1829,1829,Cobe Williams made Free Throw.,10,18,-8,0,0.2277846277519223,0.2838810679769704,4,4,-2,NA,NA,Louisiana Tech,made,Cobe Williams,NA,FALSE,TRUE,Louisiana Tech,UTEP
401175866,2020-01-11,UTEP,Louisiana Tech,69,1,10:20,1820,1820,Daryl Edwards missed Three Point Jumper.,10,18,-8,9,0.22720654202727333,0.28310815996444677,4,4,-2,NA,NA,UTEP,missed,Daryl Edwards,NA,TRUE,FALSE,UTEP,Louisiana Tech
401175866,2020-01-11,UTEP,Louisiana Tech,70,1,10:20,1820,1820,Kalob Ledoux Defensive Rebound.,10,18,-8,0,0.22720654202727333,0.28310815996444677,4,4,-2,NA,NA,NA,NA,NA,NA,NA,NA,UTEP,Louisiana Tech
401175866,2020-01-11,UTEP,Louisiana Tech,71,1,10:09,1809,1809,JaColby Pemberton Turnover.,10,18,-8,11,0.2264984972960646,0.282160946001965,4,4,-2,NA,NA,NA,NA,NA,NA,NA,NA,Louisiana Tech,UTEP
401175866,2020-01-11,UTEP,Louisiana Tech,72,1,9:48,1788,1788,Eric Vila missed Three Point Jumper.,10,18,-8,21,0.22514017378233156,0.2803426483704196,4,4,-2,NA,NA,UTEP,missed,Eric Vila,NA,TRUE,FALSE,UTEP,Louisiana Tech
401175866,2020-01-11,UTEP,Louisiana Tech,73,1,9:48,1788,1788,Kalob Ledoux Defensive Rebound.,10,18,-8,0,0.22514017378233156,0.2803426483704196,4,4,-2,NA,NA,NA,NA,NA,NA,NA,NA,UTEP,Louisiana Tech
401175866,2020-01-11,UTEP,Louisiana Tech,74,1,9:21,1761,1761,Kalob Ledoux missed Three Point Jumper.,10,18,-8,27,0.22337546514190526,0.2779795840336913,4,4,-2,NA,NA,Louisiana Tech,missed,Kalob Ledoux,NA,TRUE,FALSE,Louisiana Tech,Louisiana Tech
401175866,2020-01-11,UTEP,Louisiana Tech,75,1,9:21,1761,1761,Mubarak Muhammed Offensive Rebound.,10,18,-8,0,0.22337546514190526,0.2779795840336913,4,4,-2,NA,NA,NA,NA,NA,NA,NA,NA,Louisiana Tech,Louisiana Tech
401175866,2020-01-11,UTEP,Louisiana Tech,76,1,9:17,1757,1757,Mubarak Muhammed Turnover.,10,18,-8,4,0.22311181431145471,0.27762658472042606,4,4,-2,NA,NA,NA,NA,NA,NA,NA,NA,Louisiana Tech,UTEP
401175866,2020-01-11,UTEP,Louisiana Tech,77,1,9:17,1757,1757,Bryson Williams Steal.,10,18,-8,0,0.22311181431145471,0.27762658472042606,4,4,-2,NA,NA,NA,NA,NA,NA,NA,NA,Louisiana Tech,UTEP
401175866,2020-01-11,UTEP,Louisiana Tech,78,1,9:04,1744,1744,Bryson Williams made Dunk. Assisted by Eric Vila.,12,18,-6,13,0.26657010735613973,0.3270590101854904,4,4,-2,NA,NA,UTEP,made,Bryson Williams,Eric Vila,FALSE,FALSE,UTEP,Louisiana Tech
401175866,2020-01-11,UTEP,Louisiana Tech,79,1,8:37,1717,1717,JaColby Pemberton Turnover.,12,18,-6,27,0.26510836339661376,0.3250534178694801,4,4,-2,NA,NA,NA,NA,NA,NA,NA,NA,Louisiana Tech,UTEP
401175866,2020-01-11,UTEP,Louisiana Tech,80,1,8:33,1713,1713,Eric Vila Steal.,12,18,-6,4,0.2648887099616258,0.32475247003142804,4,4,-2,NA,NA,NA,NA,NA,NA,NA,NA,Louisiana Tech,UTEP
401175866,2020-01-11,UTEP,Louisiana Tech,81,1,8:31,1711,1711,Jordan Lathon missed Jumper.,12,18,-6,2,0.2647785590833254,0.3246016009260688,4,4,-2,NA,NA,UTEP,missed,Jordan Lathon,NA,FALSE,FALSE,UTEP,UTEP
401175866,2020-01-11,UTEP,Louisiana Tech,82,1,8:31,1711,1711,Jordan Lathon Offensive Rebound.,12,18,-6,0,0.2647785590833254,0.3246016009260688,4,4,-2,NA,NA,NA,NA,NA,NA,NA,NA,UTEP,UTEP
401175866,2020-01-11,UTEP,Louisiana Tech,83,1,8:17,1697,1697,Foul on Derric Jean.,12,18,-6,14,0.2640011793408818,0.32353785721550876,4,4,-2,NA,NA,NA,NA,NA,NA,NA,NA,UTEP,Louisiana Tech
401175866,2020-01-11,UTEP,Louisiana Tech,84,1,8:17,1697,1697,Jordan Lathon made Free Throw.,13,18,-5,0,0.2885681765353769,0.35100293048644854,4,4,-2,NA,NA,UTEP,made,Jordan Lathon,NA,FALSE,TRUE,UTEP,UTEP
401175866,2020-01-11,UTEP,Louisiana Tech,85,1,8:17,1697,1697,Jordan Lathon missed Free Throw.,13,18,-5,0,0.2885681765353769,0.35100293048644854,4,4,-2,NA,NA,UTEP,missed,Jordan Lathon,NA,FALSE,TRUE,UTEP,Louisiana Tech
401175866,2020-01-11,UTEP,Louisiana Tech,86,1,8:17,1697,1697,Mubarak Muhammed Defensive Rebound.,13,18,-5,0,0.2885681765353769,0.35100293048644854,4,4,-2,NA,NA,NA,NA,NA,NA,NA,NA,UTEP,Louisiana Tech
401175866,2020-01-11,UTEP,Louisiana Tech,87,1,7:59,1679,1679,Isaiah Crawford missed Jumper.,13,18,-5,18,0.2877211974482928,0.34980892211110753,4,4,-2,NA,NA,Louisiana Tech,missed,Isaiah Crawford,NA,FALSE,FALSE,Louisiana Tech,UTEP
401175866,2020-01-11,UTEP,Louisiana Tech,88,1,7:59,1679,1679,Jordan Lathon Defensive Rebound.,13,18,-5,0,0.2877211974482928,0.34980892211110753,4,4,-2,NA,NA,NA,NA,NA,NA,NA,NA,Louisiana Tech,UTEP
401175866,2020-01-11,UTEP,Louisiana Tech,89,1,7:46,1666,1666,Efe Odigie made Jumper.,15,18,-3,13,0.3407550808607086,0.4075368029248485,4,4,-2,NA,NA,UTEP,made,Efe Odigie,NA,FALSE,FALSE,UTEP,Louisiana Tech
401175866,2020-01-11,UTEP,Louisiana Tech,90,1,7:27,1647,1647,Isaiah Crawford missed Three Point Jumper.,15,18,-3,19,0.3403136500002745,0.406764881279372,4,4,-2,NA,NA,Louisiana Tech,missed,Isaiah Crawford,NA,TRUE,FALSE,Louisiana Tech,UTEP
401175866,2020-01-11,UTEP,Louisiana Tech,91,1,7:27,1647,1647,Efe Odigie Defensive Rebound.,15,18,-3,0,0.3403136500002745,0.406764881279372,4,4,-2,NA,NA,NA,NA,NA,NA,NA,NA,Louisiana Tech,UTEP
401175866,2020-01-11,UTEP,Louisiana Tech,92,1,7:20,1640,1640,Foul on Daryl Edwards.,15,18,-3,7,0.3401559958770356,0.40648408335447606,4,4,-2,NA,NA,NA,NA,NA,NA,NA,NA,UTEP,Louisiana Tech
401175866,2020-01-11,UTEP,Louisiana Tech,93,1,7:20,1640,1640,Daryl Edwards Turnover.,15,18,-3,0,0.3401559958770356,0.40648408335447606,4,4,-2,NA,NA,NA,NA,NA,NA,NA,NA,UTEP,Louisiana Tech
401175866,2020-01-11,UTEP,Louisiana Tech,94,1,7:20,1640,1640,Official TV Timeout,15,18,-3,0,0.3401559958770356,0.40648408335447606,4,4,-2,NA,NA,NA,NA,NA,NA,NA,NA,UTEP,Louisiana Tech
401175866,2020-01-11,UTEP,Louisiana Tech,95,1,7:02,1622,1622,DaQuan Bracey missed Jumper.,15,18,-3,18,0.33976003253260656,0.40576827577848446,4,4,-2,NA,NA,Louisiana Tech,missed,DaQuan Bracey,NA,FALSE,FALSE,Louisiana Tech,UTEP
401175866,2020-01-11,UTEP,Louisiana Tech,96,1,7:02,1622,1622,Eric Vila Defensive Rebound.,15,18,-3,0,0.33976003253260656,0.40576827577848446,4,4,-2,NA,NA,NA,NA,NA,NA,NA,NA,Louisiana Tech,UTEP
401175866,2020-01-11,UTEP,Louisiana Tech,97,1,6:37,1597,1597,Jordan Lathon Turnover.,15,18,-3,25,0.33922482829517236,0.4047818566709793,4,4,-2,NA,NA,NA,NA,NA,NA,NA,NA,UTEP,Louisiana Tech
401175866,2020-01-11,UTEP,Louisiana Tech,98,1,6:36,1596,1596,Mubarak Muhammed Steal.,15,18,-3,1,0.33920361122440607,0.4047424354193056,4,4,-2,NA,NA,NA,NA,NA,NA,NA,NA,UTEP,Louisiana Tech
401175866,2020-01-11,UTEP,Louisiana Tech,99,1,6:12,1572,1572,Isaiah Crawford missed Three Point Jumper.,15,18,-3,24,0.3386944799967676,0.4037931640355101,4,4,-2,NA,NA,Louisiana Tech,missed,Isaiah Crawford,NA,TRUE,FALSE,Louisiana Tech,Louisiana Tech
401175866,2020-01-11,UTEP,Louisiana Tech,100,1,6:12,1572,1572,Mubarak Muhammed Offensive Rebound.,15,18,-3,0,0.3386944799967676,0.4037931640355101,4,4,-2,NA,NA,NA,NA,NA,NA,NA,NA,Louisiana Tech,Louisiana Tech
401175866,2020-01-11,UTEP,Louisiana Tech,101,1,6:07,1567,1567,Mubarak Muhammed made Jumper.,15,20,-5,5,0.28293787905057227,0.3427972753460882,4,4,-2,NA,NA,Louisiana Tech,made,Mubarak Muhammed,NA,FALSE,FALSE,Louisiana Tech,UTEP
401175866,2020-01-11,UTEP,Louisiana Tech,102,1,5:51,1551,1551,Efe Odigie made Jumper. Assisted by Eric Vila.,17,20,-3,16,0.33824285104109353,0.40295181721744616,4,4,-2,NA,NA,UTEP,made,Efe Odigie,Eric Vila,FALSE,FALSE,UTEP,Louisiana Tech
401175866,2020-01-11,UTEP,Louisiana Tech,103,1,5:34,1534,1534,Mubarak Muhammed made Layup. Assisted by Isaiah Crawford.,17,22,-5,17,0.2815358038890392,0.34071522238888796,4,4,-2,NA,NA,Louisiana Tech,made,Mubarak Muhammed,Isaiah Crawford,FALSE,FALSE,Louisiana Tech,UTEP
401175866,2020-01-11,UTEP,Louisiana Tech,104,1,5:19,1519,1519,Jordan Lathon missed Three Point Jumper.,17,22,-5,15,0.28087607398320497,0.3397427540296165,4,4,-2,NA,NA,UTEP,missed,Jordan Lathon,NA,TRUE,FALSE,UTEP,Louisiana Tech
401175866,2020-01-11,UTEP,Louisiana Tech,105,1,5:19,1519,1519,Mubarak Muhammed Defensive Rebound.,17,22,-5,0,0.28087607398320497,0.3397427540296165,4,4,-2,NA,NA,NA,NA,NA,NA,NA,NA,UTEP,Louisiana Tech
401175866,2020-01-11,UTEP,Louisiana Tech,106,1,5:12,1512,1512,DaQuan Bracey made Layup.,17,24,-7,7,0.2300062477638433,0.28229704160626645,4,4,-2,NA,NA,Louisiana Tech,made,DaQuan Bracey,NA,FALSE,FALSE,Louisiana Tech,UTEP
401175866,2020-01-11,UTEP,Louisiana Tech,107,1,5:06,1506,1506,UTEP  Timeout,17,24,-7,6,0.22964043779739468,0.2817918412757996,3,4,-2,NA,NA,NA,NA,NA,NA,NA,NA,UTEP,UTEP
401175866,2020-01-11,UTEP,Louisiana Tech,108,1,4:46,1486,1486,Bryson Williams made Jumper.,19,24,-5,20,0.2793496288787016,0.33752008257272376,3,4,-2,NA,NA,UTEP,made,Bryson Williams,NA,FALSE,FALSE,UTEP,Louisiana Tech
401175866,2020-01-11,UTEP,Louisiana Tech,109,1,4:27,1467,1467,Kalob Ledoux made Jumper.,19,26,-7,19,0.2271433493699105,0.2783743279281192,3,4,-2,NA,NA,Louisiana Tech,made,Kalob Ledoux,NA,FALSE,FALSE,Louisiana Tech,UTEP
401175866,2020-01-11,UTEP,Louisiana Tech,110,1,4:10,1450,1450,Foul on Andrew Gordon.,19,26,-7,17,0.22597678305524407,0.2767978979582569,3,4,-2,NA,NA,NA,NA,NA,NA,NA,NA,UTEP,UTEP
401175866,2020-01-11,UTEP,Louisiana Tech,111,1,4:00,1440,1440,Eric Vila Turnover.,19,26,-7,10,0.22528511311418456,0.2758644089636797,3,4,-2,NA,NA,NA,NA,NA,NA,NA,NA,UTEP,Louisiana Tech
401175866,2020-01-11,UTEP,Louisiana Tech,112,1,4:00,1440,1440,Andrew Gordon Steal.,19,26,-7,0,0.22528511311418456,0.2758644089636797,3,4,-2,NA,NA,NA,NA,NA,NA,NA,NA,UTEP,Louisiana Tech
401175866,2020-01-11,UTEP,Louisiana Tech,113,1,4:00,1440,1440,Foul on Eric Vila.,19,26,-7,0,0.22528511311418456,0.2758644089636797,3,4,-2,NA,NA,NA,NA,NA,NA,NA,NA,UTEP,Louisiana Tech
401175866,2020-01-11,UTEP,Louisiana Tech,114,1,4:00,1440,1440,Isaiah Crawford missed Free Throw.,19,26,-7,0,0.22528511311418456,0.2758644089636797,3,4,-2,NA,NA,Louisiana Tech,missed,Isaiah Crawford,NA,FALSE,TRUE,Louisiana Tech,Louisiana Tech
401175866,2020-01-11,UTEP,Louisiana Tech,115,1,4:00,1440,1440,Louisiana Tech Deadball Team Rebound.,19,26,-7,0,0.22528511311418456,0.2758644089636797,3,4,-2,NA,NA,NA,NA,NA,NA,NA,NA,UTEP,Louisiana Tech
401175866,2020-01-11,UTEP,Louisiana Tech,116,1,4:00,1440,1440,Isaiah Crawford missed Free Throw.,19,26,-7,0,0.22528511311418456,0.2758644089636797,3,4,-2,NA,NA,Louisiana Tech,missed,Isaiah Crawford,NA,FALSE,TRUE,Louisiana Tech,Louisiana Tech
401175866,2020-01-11,UTEP,Louisiana Tech,117,1,4:00,1440,1440,Eric Vila Defensive Rebound.,19,26,-7,0,0.22528511311418456,0.2758644089636797,3,4,-2,NA,NA,NA,NA,NA,NA,NA,NA,UTEP,Louisiana Tech
401175866,2020-01-11,UTEP,Louisiana Tech,118,1,3:54,1434,1434,Foul on Cobe Williams.,19,26,-7,6,0.2248796319259065,0.2753146845146568,3,4,-2,NA,NA,NA,NA,NA,NA,NA,NA,UTEP,Louisiana Tech
401175866,2020-01-11,UTEP,Louisiana Tech,119,1,3:54,1434,1434,Official TV Timeout,19,26,-7,0,0.2248796319259065,0.2753146845146568,3,4,-2,NA,NA,NA,NA,NA,NA,NA,NA,UTEP,Louisiana Tech
401175866,2020-01-11,UTEP,Louisiana Tech,120,1,3:54,1434,1434,Souley Boum made Free Throw.,20,26,-6,0,0.24989119869716567,0.30373761318761305,3,4,-2,NA,NA,UTEP,made,Souley Boum,NA,FALSE,TRUE,UTEP,UTEP
401175866,2020-01-11,UTEP,Louisiana Tech,121,1,3:54,1434,1434,Souley Boum missed Free Throw.,20,26,-6,0,0.24989119869716567,0.30373761318761305,3,4,-2,NA,NA,UTEP,missed,Souley Boum,NA,FALSE,TRUE,UTEP,Louisiana Tech
401175866,2020-01-11,UTEP,Louisiana Tech,122,1,3:54,1434,1434,Kalob Ledoux Defensive Rebound.,20,26,-6,0,0.24989119869716567,0.30373761318761305,3,4,-2,NA,NA,NA,NA,NA,NA,NA,NA,UTEP,Louisiana Tech
401175866,2020-01-11,UTEP,Louisiana Tech,123,1,3:38,1418,1418,Kalob Ledoux missed Three Point Jumper.,20,26,-6,16,0.24895273502669543,0.30243488972610455,3,4,-2,NA,NA,Louisiana Tech,missed,Kalob Ledoux,NA,TRUE,FALSE,Louisiana Tech,UTEP
401175866,2020-01-11,UTEP,Louisiana Tech,124,1,3:38,1418,1418,Kaden Archie Defensive Rebound.,20,26,-6,0,0.24895273502669543,0.30243488972610455,3,4,-2,NA,NA,NA,NA,NA,NA,NA,NA,Louisiana Tech,UTEP
401175866,2020-01-11,UTEP,Louisiana Tech,125,1,3:26,1406,1406,Foul on Andrew Gordon.,20,26,-6,12,0.2482705832259486,0.30148060567767465,3,4,-2,NA,NA,NA,NA,NA,NA,NA,NA,UTEP,UTEP
401175866,2020-01-11,UTEP,Louisiana Tech,126,1,3:26,1406,1406,Bryson Williams made Free Throw.,21,26,-5,0,0.2753163624426124,0.33176469874060266,3,4,-2,NA,NA,UTEP,made,Bryson Williams,NA,FALSE,TRUE,UTEP,UTEP
401175866,2020-01-11,UTEP,Louisiana Tech,127,1,3:26,1406,1406,Bryson Williams made Free Throw.,22,26,-4,0,0.3041164858824451,0.3635077779314111,3,4,-2,NA,NA,UTEP,made,Bryson Williams,NA,FALSE,TRUE,UTEP,Louisiana Tech
401175866,2020-01-11,UTEP,Louisiana Tech,128,1,3:10,1390,1390,Kalob Ledoux missed Three Point Jumper.,22,26,-4,16,0.30352771440780923,0.3625913694567498,3,4,-2,NA,NA,Louisiana Tech,missed,Kalob Ledoux,NA,TRUE,FALSE,Louisiana Tech,UTEP
401175866,2020-01-11,UTEP,Louisiana Tech,129,1,3:10,1390,1390,Kaden Archie Defensive Rebound.,22,26,-4,0,0.30352771440780923,0.3625913694567498,3,4,-2,NA,NA,NA,NA,NA,NA,NA,NA,Louisiana Tech,UTEP
401175866,2020-01-11,UTEP,Louisiana Tech,130,1,3:04,1384,1384,Kaden Archie Turnover.,22,26,-4,6,0.30331033904243176,0.36225079410988836,3,4,-2,NA,NA,NA,NA,NA,NA,NA,NA,UTEP,Louisiana Tech
401175866,2020-01-11,UTEP,Louisiana Tech,131,1,3:03,1383,1383,Cobe Williams Steal.,22,26,-4,1,0.3032742437360589,0.36219414578151116,3,4,-2,NA,NA,NA,NA,NA,NA,NA,NA,UTEP,Louisiana Tech
401175866,2020-01-11,UTEP,Louisiana Tech,132,1,3:01,1381,1381,DaQuan Bracey made Layup. Assisted by Cobe Williams.,22,28,-6,2,0.24689018309358485,0.2995345004481853,3,4,-2,NA,NA,Louisiana Tech,made,DaQuan Bracey,Cobe Williams,FALSE,FALSE,Louisiana Tech,UTEP
401175866,2020-01-11,UTEP,Louisiana Tech,133,1,2:47,1367,1367,Foul on Bryson Williams.,22,28,-6,14,0.2461305427865838,0.29845784210902776,3,4,-2,NA,NA,NA,NA,NA,NA,NA,NA,UTEP,Louisiana Tech
401175866,2020-01-11,UTEP,Louisiana Tech,134,1,2:47,1367,1367,Bryson Williams Turnover.,22,28,-6,0,0.2461305427865838,0.29845784210902776,3,4,-2,NA,NA,NA,NA,NA,NA,NA,NA,UTEP,Louisiana Tech
401175866,2020-01-11,UTEP,Louisiana Tech,135,1,2:19,1339,1339,Foul on Eric Vila.,22,28,-6,28,0.24461025240872145,0.29630036356820405,3,4,-2,NA,NA,NA,NA,NA,NA,NA,NA,Louisiana Tech,Louisiana Tech
401175866,2020-01-11,UTEP,Louisiana Tech,136,1,2:19,1339,1339,Isaiah Crawford missed Free Throw.,22,28,-6,0,0.24461025240872145,0.29630036356820405,3,4,-2,NA,NA,Louisiana Tech,missed,Isaiah Crawford,NA,FALSE,TRUE,Louisiana Tech,Louisiana Tech
401175866,2020-01-11,UTEP,Louisiana Tech,137,1,2:19,1339,1339,Louisiana Tech Deadball Team Rebound.,22,28,-6,0,0.24461025240872145,0.29630036356820405,3,4,-2,NA,NA,NA,NA,NA,NA,NA,NA,Louisiana Tech,Louisiana Tech
401175866,2020-01-11,UTEP,Louisiana Tech,138,1,2:19,1339,1339,Isaiah Crawford made Free Throw.,22,29,-7,0,0.21896113060576017,0.26714800791534343,3,4,-2,NA,NA,Louisiana Tech,made,Isaiah Crawford,NA,FALSE,TRUE,Louisiana Tech,UTEP
401175866,2020-01-11,UTEP,Louisiana Tech,139,1,1:56,1316,1316,Eric Vila missed Three Point Jumper.,22,29,-7,23,0.2175317792160971,0.2651692485489548,3,4,-2,NA,NA,UTEP,missed,Eric Vila,NA,TRUE,FALSE,UTEP,Louisiana Tech
401175866,2020-01-11,UTEP,Louisiana Tech,140,1,1:56,1316,1316,Amorie Archibald Defensive Rebound.,22,29,-7,0,0.2175317792160971,0.2651692485489548,3,4,-2,NA,NA,NA,NA,NA,NA,NA,NA,UTEP,Louisiana Tech
401175866,2020-01-11,UTEP,Louisiana Tech,141,1,1:43,1303,1303,Mubarak Muhammed missed Jumper.,22,29,-7,13,0.21669998679390606,0.2640233440475149,3,4,-2,NA,NA,Louisiana Tech,missed,Mubarak Muhammed,NA,FALSE,FALSE,Louisiana Tech,UTEP
401175866,2020-01-11,UTEP,Louisiana Tech,142,1,1:43,1303,1303,Eric Vila Defensive Rebound.,22,29,-7,0,0.21669998679390606,0.2640233440475149,3,4,-2,NA,NA,NA,NA,NA,NA,NA,NA,Louisiana Tech,UTEP
401175866,2020-01-11,UTEP,Louisiana Tech,143,1,1:25,1285,1285,Foul on Amorie Archibald.,22,29,-7,18,0.2155081197648207,0.262391008451138,3,4,-2,NA,NA,NA,NA,NA,NA,NA,NA,UTEP,UTEP
401175866,2020-01-11,UTEP,Louisiana Tech,144,1,1:25,1285,1285,Nigel Hawkins made Free Throw.,23,29,-6,0,0.24151643174350565,0.2919516735205738,3,4,-2,NA,NA,UTEP,made,Nigel Hawkins,NA,FALSE,TRUE,UTEP,UTEP
401175866,2020-01-11,UTEP,Louisiana Tech,145,1,1:25,1285,1285,Nigel Hawkins made Free Throw.,24,29,-5,0,0.26958490403805424,0.3233825515710729,3,4,-2,NA,NA,UTEP,made,Nigel Hawkins,NA,FALSE,TRUE,UTEP,Louisiana Tech
401175866,2020-01-11,UTEP,Louisiana Tech,146,1,1:20,1280,1280,DaQuan Bracey made Three Point Jumper. Assisted by Amorie Archibald.,24,32,-8,5,0.1912277105623954,0.23433786173430163,3,4,-2,NA,NA,Louisiana Tech,made,DaQuan Bracey,Amorie Archibald,TRUE,FALSE,Louisiana Tech,UTEP
401175866,2020-01-11,UTEP,Louisiana Tech,147,1,0:57,1257,1257,Foul on Mubarak Muhammed.,24,32,-8,23,0.18947918820009516,0.23199333213449416,3,4,-2,NA,NA,NA,NA,NA,NA,NA,NA,UTEP,UTEP
401175866,2020-01-11,UTEP,Louisiana Tech,148,1,0:57,1257,1257,Efe Odigie made Free Throw.,25,32,-7,0,0.21353262622655078,0.25971438659619167,3,4,-2,NA,NA,UTEP,made,Efe Odigie,NA,FALSE,TRUE,UTEP,UTEP
401175866,2020-01-11,UTEP,Louisiana Tech,149,1,0:57,1257,1257,Efe Odigie made Free Throw.,26,32,-6,0,0.23973637268944095,0.28949924140537076,3,4,-2,NA,NA,UTEP,made,Efe Odigie,NA,FALSE,TRUE,UTEP,Louisiana Tech
401175866,2020-01-11,UTEP,Louisiana Tech,150,1,0:49,1249,1249,DaQuan Bracey missed Layup.,26,32,-6,8,0.2391965063624263,0.28876372139938317,3,4,-2,NA,NA,Louisiana Tech,missed,DaQuan Bracey,NA,FALSE,FALSE,Louisiana Tech,UTEP
401175866,2020-01-11,UTEP,Louisiana Tech,151,1,0:49,1249,1249,Bryson Williams Block.,26,32,-6,0,0.2391965063624263,0.28876372139938317,3,4,-2,NA,NA,NA,NA,NA,NA,NA,NA,Louisiana Tech,UTEP
401175866,2020-01-11,UTEP,Louisiana Tech,152,1,0:48,1248,1248,Efe Odigie Defensive Rebound.,26,32,-6,1,0.23912792966387525,0.28867056671177,3,4,-2,NA,NA,NA,NA,NA,NA,NA,NA,Louisiana Tech,UTEP
401175866,2020-01-11,UTEP,Louisiana Tech,153,1,0:44,1244,1244,Nigel Hawkins made Layup.,28,32,-4,4,0.29780704161641675,0.35378283882289224,3,4,-2,NA,NA,UTEP,made,Nigel Hawkins,NA,FALSE,FALSE,UTEP,Louisiana Tech
401175866,2020-01-11,UTEP,Louisiana Tech,154,1,0:30,1230,1230,Amorie Archibald made Jumper.,28,34,-6,14,0.23784883186303674,0.28694416974424253,3,4,-2,NA,NA,Louisiana Tech,made,Amorie Archibald,NA,FALSE,FALSE,Louisiana Tech,UTEP
401175866,2020-01-11,UTEP,Louisiana Tech,155,1,0:06,1206,1206,Nigel Hawkins Turnover.,28,34,-6,24,0.23600131018506668,0.28448508069842743,3,4,-2,NA,NA,NA,NA,NA,NA,NA,NA,UTEP,Louisiana Tech
401175866,2020-01-11,UTEP,Louisiana Tech,156,1,0:06,1206,1206,Louisiana Tech  Timeout,28,34,-6,0,0.23600131018506668,0.28448508069842743,3,3,-2,NA,NA,NA,NA,NA,NA,NA,NA,UTEP,Louisiana Tech
401175866,2020-01-11,UTEP,Louisiana Tech,157,1,0:00,1200,1200,End of 1st half,28,34,-6,6,0.2355321822464725,0.28386293076294067,3,3,-2,NA,NA,NA,NA,NA,NA,NA,NA,Louisiana Tech,NA
401175866,2020-01-11,UTEP,Louisiana Tech,158,2,20:00,1200,1200,PLAY,28,34,-6,0,0.2355321822464725,0.28386293076294067,4,4,-2,NA,NA,NA,NA,NA,NA,NA,NA,NA,Louisiana Tech
401175866,2020-01-11,UTEP,Louisiana Tech,159,2,19:52,1192,1192,Derric Jean made Layup. Assisted by Amorie Archibald.,28,36,-8,8,0.1838390334989788,0.22457474871770738,4,4,-2,NA,NA,Louisiana Tech,made,Derric Jean,Amorie Archibald,FALSE,FALSE,Louisiana Tech,UTEP
401175866,2020-01-11,UTEP,Louisiana Tech,160,2,19:32,1172,1172,Efe Odigie Turnover.,28,36,-8,20,0.18210445077720178,0.22230098615907762,4,4,-2,NA,NA,NA,NA,NA,NA,NA,NA,UTEP,Louisiana Tech
401175866,2020-01-11,UTEP,Louisiana Tech,161,2,19:13,1153,1153,Foul on Efe Odigie.,28,36,-8,19,0.18050753228286082,0.22020319387320078,4,4,-2,NA,NA,NA,NA,NA,NA,NA,NA,Louisiana Tech,Louisiana Tech
401175866,2020-01-11,UTEP,Louisiana Tech,162,2,19:13,1153,1153,Mubarak Muhammed made Free Throw.,28,37,-9,0,0.15829449162160572,0.19426323349666003,4,4,-2,NA,NA,Louisiana Tech,made,Mubarak Muhammed,NA,FALSE,TRUE,Louisiana Tech,Louisiana Tech
401175866,2020-01-11,UTEP,Louisiana Tech,163,2,19:13,1153,1153,Mubarak Muhammed made Free Throw.,28,38,-10,0,0.13835346743203347,0.17071005484451132,4,4,-2,NA,NA,Louisiana Tech,made,Mubarak Muhammed,NA,FALSE,TRUE,Louisiana Tech,UTEP
401175866,2020-01-11,UTEP,Louisiana Tech,164,2,18:53,1133,1133,Daryl Edwards missed Three Point Jumper.,28,38,-10,20,0.13664766521791855,0.16847517368337409,4,4,-2,NA,NA,UTEP,missed,Daryl Edwards,NA,TRUE,FALSE,UTEP,Louisiana Tech
401175866,2020-01-11,UTEP,Louisiana Tech,165,2,18:53,1133,1133,Mubarak Muhammed Defensive Rebound.,28,38,-10,0,0.13664766521791855,0.16847517368337409,4,4,-2,NA,NA,NA,NA,NA,NA,NA,NA,UTEP,Louisiana Tech
401175866,2020-01-11,UTEP,Louisiana Tech,166,2,18:50,1130,1130,Foul on Bryson Williams.,28,38,-10,3,0.1363933151922434,0.16814198093820745,4,4,-2,NA,NA,NA,NA,NA,NA,NA,NA,Louisiana Tech,Louisiana Tech
401175866,2020-01-11,UTEP,Louisiana Tech,167,2,18:30,1110,1110,Isaiah Crawford missed Layup.,28,38,-10,20,0.13469745217125473,0.1659217894116129,4,4,-2,NA,NA,Louisiana Tech,missed,Isaiah Crawford,NA,FALSE,FALSE,Louisiana Tech,UTEP
401175866,2020-01-11,UTEP,Louisiana Tech,168,2,18:30,1110,1110,Eric Vila Defensive Rebound.,28,38,-10,0,0.13469745217125473,0.1659217894116129,4,4,-2,NA,NA,NA,NA,NA,NA,NA,NA,Louisiana Tech,UTEP
401175866,2020-01-11,UTEP,Louisiana Tech,169,2,18:16,1096,1096,Daryl Edwards made Three Point Jumper. Assisted by Kaden Archie.,31,38,-7,14,0.2006071394158055,0.2426312666605898,4,4,-2,NA,NA,UTEP,made,Daryl Edwards,Kaden Archie,TRUE,FALSE,UTEP,Louisiana Tech
401175866,2020-01-11,UTEP,Louisiana Tech,170,2,17:52,1072,1072,Amorie Archibald missed Three Point Jumper.,31,38,-7,24,0.19865482036853413,0.24006586750925996,4,4,-2,NA,NA,Louisiana Tech,missed,Amorie Archibald,NA,TRUE,FALSE,Louisiana Tech,Louisiana Tech
401175866,2020-01-11,UTEP,Louisiana Tech,171,2,17:52,1072,1072,Amorie Archibald Offensive Rebound.,31,38,-7,0,0.19865482036853413,0.24006586750925996,4,4,-2,NA,NA,NA,NA,NA,NA,NA,NA,Louisiana Tech,Louisiana Tech
401175866,2020-01-11,UTEP,Louisiana Tech,172,2,17:49,1069,1069,Foul on Daryl Edwards.,31,38,-7,3,0.19840461747353447,0.23973809986002972,4,4,-2,NA,NA,NA,NA,NA,NA,NA,NA,Louisiana Tech,Louisiana Tech
401175866,2020-01-11,UTEP,Louisiana Tech,173,2,17:29,1049,1049,DaQuan Bracey missed Three Point Jumper.,31,38,-7,20,0.19669161585296557,0.23750093569954506,4,4,-2,NA,NA,Louisiana Tech,missed,DaQuan Bracey,NA,TRUE,FALSE,Louisiana Tech,UTEP
401175866,2020-01-11,UTEP,Louisiana Tech,174,2,17:29,1049,1049,Bryson Williams Defensive Rebound.,31,38,-7,0,0.19669161585296557,0.23750093569954506,4,4,-2,NA,NA,NA,NA,NA,NA,NA,NA,Louisiana Tech,UTEP
401175866,2020-01-11,UTEP,Louisiana Tech,175,2,17:08,1028,1028,Nigel Hawkins missed Three Point Jumper.,31,38,-7,21,0.1947917466301139,0.23503442260964835,4,4,-2,NA,NA,UTEP,missed,Nigel Hawkins,NA,TRUE,FALSE,UTEP,Louisiana Tech
401175866,2020-01-11,UTEP,Louisiana Tech,176,2,17:08,1028,1028,Mubarak Muhammed Defensive Rebound.,31,38,-7,0,0.1947917466301139,0.23503442260964835,4,4,-2,NA,NA,NA,NA,NA,NA,NA,NA,UTEP,Louisiana Tech
401175866,2020-01-11,UTEP,Louisiana Tech,177,2,16:47,1007,1007,Derric Jean Turnover.,31,38,-7,21,0.1927643403896726,0.23241941123407103,4,4,-2,NA,NA,NA,NA,NA,NA,NA,NA,Louisiana Tech,UTEP
401175866,2020-01-11,UTEP,Louisiana Tech,178,2,16:34,994,994,Souley Boum missed Three Point Jumper.,31,38,-7,13,0.1914351715707326,0.2307141372814669,4,4,-2,NA,NA,UTEP,missed,Souley Boum,NA,TRUE,FALSE,UTEP,Louisiana Tech
401175866,2020-01-11,UTEP,Louisiana Tech,179,2,16:34,994,994,Mubarak Muhammed Defensive Rebound.,31,38,-7,0,0.1914351715707326,0.2307141372814669,4,4,-2,NA,NA,NA,NA,NA,NA,NA,NA,UTEP,Louisiana Tech
401175866,2020-01-11,UTEP,Louisiana Tech,180,2,15:55,955,955,DaQuan Bracey made Jumper.,31,40,-9,39,0.13927433039122936,0.1696663296286671,4,4,-2,NA,NA,Louisiana Tech,made,DaQuan Bracey,NA,FALSE,FALSE,Louisiana Tech,UTEP
401175866,2020-01-11,UTEP,Louisiana Tech,181,2,15:40,940,940,Jordan Lathon missed Three Point Jumper.,31,40,-9,15,0.13772822138182497,0.1676916962967245,4,4,-2,NA,NA,UTEP,missed,Jordan Lathon,NA,TRUE,FALSE,UTEP,Louisiana Tech
401175866,2020-01-11,UTEP,Louisiana Tech,182,2,15:40,940,940,Amorie Archibald Defensive Rebound.,31,40,-9,0,0.13772822138182497,0.1676916962967245,4,4,-2,NA,NA,NA,NA,NA,NA,NA,NA,UTEP,Louisiana Tech
401175866,2020-01-11,UTEP,Louisiana Tech,183,2,15:30,930,930,Amorie Archibald Turnover.,31,40,-9,10,0.13676583403322548,0.16645997621136577,4,4,-2,NA,NA,NA,NA,NA,NA,NA,NA,Louisiana Tech,UTEP
401175866,2020-01-11,UTEP,Louisiana Tech,184,2,15:30,930,930,Bryson Williams Steal.,31,40,-9,0,0.13676583403322548,0.16645997621136577,4,4,-2,NA,NA,NA,NA,NA,NA,NA,NA,Louisiana Tech,UTEP
401175866,2020-01-11,UTEP,Louisiana Tech,185,2,15:30,930,930,Official TV Timeout,31,40,-9,0,0.13676583403322548,0.16645997621136577,4,4,-2,NA,NA,NA,NA,NA,NA,NA,NA,Louisiana Tech,UTEP
401175866,2020-01-11,UTEP,Louisiana Tech,186,2,15:19,919,919,Souley Boum missed Layup.,31,40,-9,11,0.1357578513074567,0.16516803474923805,4,4,-2,NA,NA,UTEP,missed,Souley Boum,NA,FALSE,FALSE,UTEP,UTEP
401175866,2020-01-11,UTEP,Louisiana Tech,187,2,15:19,919,919,Mubarak Muhammed Block.,31,40,-9,0,0.1357578513074567,0.16516803474923805,4,4,-2,NA,NA,NA,NA,NA,NA,NA,NA,UTEP,UTEP
401175866,2020-01-11,UTEP,Louisiana Tech,188,2,15:18,918,918,UTEP Offensive Rebound.,31,40,-9,1,0.13566845932130733,0.16505338072613068,4,4,-2,NA,NA,NA,NA,NA,NA,NA,NA,UTEP,UTEP
401175866,2020-01-11,UTEP,Louisiana Tech,189,2,15:12,912,912,Eric Vila made Three Point Jumper. Assisted by Daryl Edwards.,34,40,-6,6,0.2117759386994128,0.25274507398897095,4,4,-2,NA,NA,UTEP,made,Eric Vila,Daryl Edwards,TRUE,FALSE,UTEP,Louisiana Tech
401175866,2020-01-11,UTEP,Louisiana Tech,190,2,14:46,886,886,Foul on Derric Jean.,34,40,-6,26,0.2097715083604221,0.25014674472798093,4,4,-2,NA,NA,NA,NA,NA,NA,NA,NA,UTEP,Louisiana Tech
401175866,2020-01-11,UTEP,Louisiana Tech,191,2,14:42,882,882,Derric Jean missed Three Point Jumper.,34,40,-6,4,0.2094689903931383,0.2497545822816173,4,4,-2,NA,NA,Louisiana Tech,missed,Derric Jean,NA,TRUE,FALSE,Louisiana Tech,UTEP
401175866,2020-01-11,UTEP,Louisiana Tech,192,2,14:42,882,882,Souley Boum Defensive Rebound.,34,40,-6,0,0.2094689903931383,0.2497545822816173,4,4,-2,NA,NA,NA,NA,NA,NA,NA,NA,Louisiana Tech,UTEP
401175866,2020-01-11,UTEP,Louisiana Tech,193,2,14:29,869,869,Daryl Edwards made Three Point Jumper. Assisted by Bryson Williams.,37,40,-3,13,0.3141657627280208,0.3650831984953505,4,4,-2,NA,NA,UTEP,made,Daryl Edwards,Bryson Williams,TRUE,FALSE,UTEP,Louisiana Tech
401175866,2020-01-11,UTEP,Louisiana Tech,194,2,14:14,854,854,Kalob Ledoux missed Three Point Jumper.,37,40,-3,15,0.31351786394564424,0.36415587994160364,4,4,-2,NA,NA,Louisiana Tech,missed,Kalob Ledoux,NA,TRUE,FALSE,Louisiana Tech,UTEP
401175866,2020-01-11,UTEP,Louisiana Tech,195,2,14:14,854,854,Daryl Edwards Defensive Rebound.,37,40,-3,0,0.31351786394564424,0.36415587994160364,4,4,-2,NA,NA,NA,NA,NA,NA,NA,NA,Louisiana Tech,UTEP
401175866,2020-01-11,UTEP,Louisiana Tech,196,2,14:05,845,845,Bryson Williams made Layup.,39,40,-1,9,0.39834499988346717,0.45348146836820047,4,4,-2,NA,NA,UTEP,made,Bryson Williams,NA,FALSE,FALSE,UTEP,Louisiana Tech
401175866,2020-01-11,UTEP,Louisiana Tech,197,2,13:41,821,821,Foul on Jordan Lathon.,39,40,-1,24,0.398178304552782,0.4529040610889558,4,4,-2,NA,NA,NA,NA,NA,NA,NA,NA,Louisiana Tech,Louisiana Tech
401175866,2020-01-11,UTEP,Louisiana Tech,198,2,13:41,821,821,JaColby Pemberton made Free Throw.,39,41,-2,0,0.3538850768420121,0.40663645381542746,4,4,-2,NA,NA,Louisiana Tech,made,JaColby Pemberton,NA,FALSE,TRUE,Louisiana Tech,Louisiana Tech
401175866,2020-01-11,UTEP,Louisiana Tech,199,2,13:41,821,821,JaColby Pemberton missed Free Throw.,39,41,-2,0,0.3538850768420121,0.40663645381542746,4,4,-2,NA,NA,Louisiana Tech,missed,JaColby Pemberton,NA,FALSE,TRUE,Louisiana Tech,UTEP
401175866,2020-01-11,UTEP,Louisiana Tech,200,2,13:41,821,821,Jordan Lathon Defensive Rebound.,39,41,-2,0,0.3538850768420121,0.40663645381542746,4,4,-2,NA,NA,NA,NA,NA,NA,NA,NA,Louisiana Tech,UTEP
401175866,2020-01-11,UTEP,Louisiana Tech,201,2,13:20,800,800,Souley Boum made Three Point Jumper. Assisted by Daryl Edwards.,42,41,1,21,0.4921476224830372,0.5476577457383023,4,4,-2,NA,NA,UTEP,made,Souley Boum,Daryl Edwards,TRUE,FALSE,UTEP,Louisiana Tech
401175866,2020-01-11,UTEP,Louisiana Tech,202,2,13:12,792,792,Cobe Williams Turnover.,42,41,1,8,0.4925293046139441,0.5478897276289604,4,4,-2,NA,NA,NA,NA,NA,NA,NA,NA,Louisiana Tech,UTEP
401175866,2020-01-11,UTEP,Louisiana Tech,203,2,13:12,792,792,Louisiana Tech  Timeout,42,41,1,0,0.4925293046139441,0.5478897276289604,4,3,-2,NA,NA,NA,NA,NA,NA,NA,NA,Louisiana Tech,UTEP
401175866,2020-01-11,UTEP,Louisiana Tech,204,2,13:12,792,792,Official TV Timeout,42,41,1,0,0.4925293046139441,0.5478897276289604,4,3,-2,NA,NA,NA,NA,NA,NA,NA,NA,Louisiana Tech,UTEP
401175866,2020-01-11,UTEP,Louisiana Tech,205,2,12:43,763,763,Jordan Lathon missed Three Point Jumper.,42,41,1,29,0.494050037318441,0.5488343064706346,4,3,-2,NA,NA,UTEP,missed,Jordan Lathon,NA,TRUE,FALSE,UTEP,Louisiana Tech
401175866,2020-01-11,UTEP,Louisiana Tech,206,2,12:43,763,763,Derric Jean Defensive Rebound.,42,41,1,0,0.494050037318441,0.5488343064706346,4,3,-2,NA,NA,NA,NA,NA,NA,NA,NA,UTEP,Louisiana Tech
401175866,2020-01-11,UTEP,Louisiana Tech,207,2,12:22,742,742,Cobe Williams missed Three Point Jumper.,42,41,1,21,0.49531309363084464,0.5496398414218167,4,3,-2,NA,NA,Louisiana Tech,missed,Cobe Williams,NA,TRUE,FALSE,Louisiana Tech,UTEP
401175866,2020-01-11,UTEP,Louisiana Tech,208,2,12:22,742,742,Jordan Lathon Defensive Rebound.,42,41,1,0,0.49531309363084464,0.5496398414218167,4,3,-2,NA,NA,NA,NA,NA,NA,NA,NA,Louisiana Tech,UTEP
401175866,2020-01-11,UTEP,Louisiana Tech,209,2,12:08,728,728,Foul on Mubarak Muhammed.,42,41,1,14,0.4962432300504381,0.550242600817184,4,3,-2,NA,NA,NA,NA,NA,NA,NA,NA,UTEP,UTEP
401175866,2020-01-11,UTEP,Louisiana Tech,210,2,12:08,728,728,Bryson Williams made Free Throw.,43,41,2,0,0.5465209541680967,0.5994807173992291,4,3,-2,NA,NA,UTEP,made,Bryson Williams,NA,FALSE,TRUE,UTEP,UTEP
401175866,2020-01-11,UTEP,Louisiana Tech,211,2,12:08,728,728,Bryson Williams made Free Throw.,44,41,3,0,0.5958672598649778,0.6467886203184244,4,3,-2,NA,NA,UTEP,made,Bryson Williams,NA,FALSE,TRUE,UTEP,Louisiana Tech
401175866,2020-01-11,UTEP,Louisiana Tech,212,2,11:42,702,702,Kalob Ledoux missed Jumper.,44,41,3,26,0.599467551554364,0.6496661035997736,4,3,-2,NA,NA,Louisiana Tech,missed,Kalob Ledoux,NA,FALSE,FALSE,Louisiana Tech,UTEP
401175866,2020-01-11,UTEP,Louisiana Tech,213,2,11:42,702,702,Eric Vila Defensive Rebound.,44,41,3,0,0.599467551554364,0.6496661035997736,4,3,-2,NA,NA,NA,NA,NA,NA,NA,NA,Louisiana Tech,UTEP
401175866,2020-01-11,UTEP,Louisiana Tech,214,2,11:36,696,696,Daryl Edwards missed Three Point Jumper.,44,41,3,6,0.6002260197877757,0.6502650825097257,4,3,-2,NA,NA,UTEP,missed,Daryl Edwards,NA,TRUE,FALSE,UTEP,UTEP
401175866,2020-01-11,UTEP,Louisiana Tech,215,2,11:36,696,696,Bryson Williams Offensive Rebound.,44,41,3,0,0.6002260197877757,0.6502650825097257,4,3,-2,NA,NA,NA,NA,NA,NA,NA,NA,UTEP,UTEP
401175866,2020-01-11,UTEP,Louisiana Tech,216,2,11:31,691,691,Bryson Williams made Jumper.,46,41,5,5,0.6950579693845746,0.7383161395274492,4,3,-2,NA,NA,UTEP,made,Bryson Williams,NA,FALSE,FALSE,UTEP,Louisiana Tech
401175866,2020-01-11,UTEP,Louisiana Tech,217,2,11:31,691,691,Foul on Andrew Gordon.,46,41,5,0,0.6950579693845746,0.7383161395274492,4,3,-2,NA,NA,NA,NA,NA,NA,NA,NA,UTEP,Louisiana Tech
401175866,2020-01-11,UTEP,Louisiana Tech,218,2,11:31,691,691,Official TV Timeout,46,41,5,0,0.6950579693845746,0.7383161395274492,4,3,-2,NA,NA,NA,NA,NA,NA,NA,NA,UTEP,Louisiana Tech
401175866,2020-01-11,UTEP,Louisiana Tech,219,2,11:31,691,691,Bryson Williams made Free Throw.,47,41,6,0,0.7371718319590148,0.77637792638358,4,3,-2,NA,NA,UTEP,made,Bryson Williams,NA,FALSE,TRUE,UTEP,Louisiana Tech
401175866,2020-01-11,UTEP,Louisiana Tech,220,2,11:08,668,668,Andrew Gordon missed Jumper.,47,41,6,23,0.7411774151209031,0.7796229513906509,4,3,-2,NA,NA,Louisiana Tech,missed,Andrew Gordon,NA,FALSE,FALSE,Louisiana Tech,UTEP
401175866,2020-01-11,UTEP,Louisiana Tech,221,2,11:08,668,668,Bryson Williams Defensive Rebound.,47,41,6,0,0.7411774151209031,0.7796229513906509,4,3,-2,NA,NA,NA,NA,NA,NA,NA,NA,Louisiana Tech,UTEP
401175866,2020-01-11,UTEP,Louisiana Tech,222,2,10:59,659,659,Foul on Kalob Ledoux.,47,41,6,9,0.7427047895239335,0.7808574195496293,4,3,-2,NA,NA,NA,NA,NA,NA,NA,NA,UTEP,UTEP
401175866,2020-01-11,UTEP,Louisiana Tech,223,2,10:59,659,659,Souley Boum missed Free Throw.,47,41,6,0,0.7427047895239335,0.7808574195496293,4,3,-2,NA,NA,UTEP,missed,Souley Boum,NA,FALSE,TRUE,UTEP,UTEP
401175866,2020-01-11,UTEP,Louisiana Tech,224,2,10:59,659,659,UTEP Deadball Team Rebound.,47,41,6,0,0.7427047895239335,0.7808574195496293,4,3,-2,NA,NA,NA,NA,NA,NA,NA,NA,UTEP,UTEP
401175866,2020-01-11,UTEP,Louisiana Tech,225,2,10:59,659,659,Souley Boum made Free Throw.,48,41,7,0,0.7810597641291206,0.8149421024760204,4,3,-2,NA,NA,UTEP,made,Souley Boum,NA,FALSE,TRUE,UTEP,Louisiana Tech
401175866,2020-01-11,UTEP,Louisiana Tech,226,2,10:25,625,625,JaColby Pemberton Turnover.,48,41,7,34,0.787207351926081,0.8199128864730034,4,3,-2,NA,NA,NA,NA,NA,NA,NA,NA,Louisiana Tech,UTEP
401175866,2020-01-11,UTEP,Louisiana Tech,227,2,10:12,612,612,Foul on UTEP.,48,41,7,13,0.789789440059371,0.8220110475994524,4,3,-2,NA,NA,NA,NA,NA,NA,NA,NA,UTEP,Louisiana Tech
401175866,2020-01-11,UTEP,Louisiana Tech,228,2,10:12,612,612,Amorie Archibald made Free Throw.,48,42,6,0,0.7512108523552271,0.7877567457675617,4,3,-2,NA,NA,Louisiana Tech,made,Amorie Archibald,NA,FALSE,TRUE,Louisiana Tech,UTEP
401175866,2020-01-11,UTEP,Louisiana Tech,229,2,10:12,612,612,Technical Foul on UTEP.,48,41,7,0,0.789789440059371,0.8220110475994524,4,3,-2,NA,NA,NA,NA,NA,NA,NA,NA,UTEP,Louisiana Tech
401175866,2020-01-11,UTEP,Louisiana Tech,230,2,10:12,612,612,Bryson Williams Turnover.,48,41,7,0,0.789789440059371,0.8220110475994524,4,3,-2,NA,NA,NA,NA,NA,NA,NA,NA,UTEP,Louisiana Tech
401175866,2020-01-11,UTEP,Louisiana Tech,231,2,10:12,612,612,Amorie Archibald made Free Throw.,48,43,5,0,0.7081683148907664,0.7489237035771013,4,3,-2,NA,NA,Louisiana Tech,made,Amorie Archibald,NA,FALSE,TRUE,Louisiana Tech,Louisiana Tech
401175866,2020-01-11,UTEP,Louisiana Tech,232,2,9:52,592,592,Amorie Archibald made Jumper.,48,45,3,20,0.613469177458774,0.6606831400002323,4,3,-2,NA,NA,Louisiana Tech,made,Amorie Archibald,NA,FALSE,FALSE,Louisiana Tech,UTEP
401175866,2020-01-11,UTEP,Louisiana Tech,233,2,9:37,577,577,Foul on Bryson Williams.,48,45,3,15,0.6160155081552541,0.6627405225644071,4,3,-2,NA,NA,NA,NA,NA,NA,NA,NA,UTEP,Louisiana Tech
401175866,2020-01-11,UTEP,Louisiana Tech,234,2,9:37,577,577,Bryson Williams Turnover.,48,45,3,0,0.6160155081552541,0.6627405225644071,4,3,-2,NA,NA,NA,NA,NA,NA,NA,NA,UTEP,Louisiana Tech
401175866,2020-01-11,UTEP,Louisiana Tech,235,2,9:14,554,554,DaQuan Bracey made Jumper.,48,47,1,23,0.5076177913788709,0.5574315242417194,4,3,-2,NA,NA,Louisiana Tech,made,DaQuan Bracey,NA,FALSE,FALSE,Louisiana Tech,UTEP
401175866,2020-01-11,UTEP,Louisiana Tech,236,2,8:57,537,537,Eric Vila missed Three Point Jumper.,48,47,1,17,0.5092296077748987,0.5585263230832301,4,3,-2,NA,NA,UTEP,missed,Eric Vila,NA,TRUE,FALSE,UTEP,Louisiana Tech
401175866,2020-01-11,UTEP,Louisiana Tech,237,2,8:57,537,537,Derric Jean Defensive Rebound.,48,47,1,0,0.5092296077748987,0.5585263230832301,4,3,-2,NA,NA,NA,NA,NA,NA,NA,NA,UTEP,Louisiana Tech
401175866,2020-01-11,UTEP,Louisiana Tech,238,2,8:26,506,506,DaQuan Bracey missed Three Point Jumper.,48,47,1,31,0.5117466454681919,0.5601515223108225,4,3,-2,NA,NA,Louisiana Tech,missed,DaQuan Bracey,NA,TRUE,FALSE,Louisiana Tech,UTEP
401175866,2020-01-11,UTEP,Louisiana Tech,239,2,8:26,506,506,UTEP Defensive Rebound.,48,47,1,0,0.5117466454681919,0.5601515223108225,4,3,-2,NA,NA,NA,NA,NA,NA,NA,NA,Louisiana Tech,UTEP
401175866,2020-01-11,UTEP,Louisiana Tech,240,2,8:12,492,492,Bryson Williams made Layup. Assisted by Souley Boum.,50,47,3,14,0.6319422080619275,0.675632858468437,4,3,-2,NA,NA,UTEP,made,Bryson Williams,Souley Boum,FALSE,FALSE,UTEP,Louisiana Tech
401175866,2020-01-11,UTEP,Louisiana Tech,241,2,7:50,470,470,Official TV Timeout,50,47,3,22,0.6359547416672936,0.6788520570232112,4,3,-2,NA,NA,NA,NA,NA,NA,NA,NA,Louisiana Tech,Louisiana Tech
401175866,2020-01-11,UTEP,Louisiana Tech,242,2,7:39,459,459,DaQuan Bracey missed Jumper.,50,47,3,11,0.6382817780734262,0.6807460129647177,4,3,-2,NA,NA,Louisiana Tech,missed,DaQuan Bracey,NA,FALSE,FALSE,Louisiana Tech,UTEP
401175866,2020-01-11,UTEP,Louisiana Tech,243,2,7:39,459,459,Bryson Williams Block.,50,47,3,0,0.6382817780734262,0.6807460129647177,4,3,-2,NA,NA,NA,NA,NA,NA,NA,NA,Louisiana Tech,UTEP
401175866,2020-01-11,UTEP,Louisiana Tech,244,2,7:37,457,457,Jordan Lathon Defensive Rebound.,50,47,3,2,0.6387362977660693,0.681118271087315,4,3,-2,NA,NA,NA,NA,NA,NA,NA,NA,Louisiana Tech,UTEP
401175866,2020-01-11,UTEP,Louisiana Tech,245,2,7:26,446,446,Souley Boum missed Three Point Jumper.,50,47,3,11,0.641440298550294,0.6833470333217594,4,3,-2,NA,NA,UTEP,missed,Souley Boum,NA,TRUE,FALSE,UTEP,Louisiana Tech
401175866,2020-01-11,UTEP,Louisiana Tech,246,2,7:26,446,446,Mubarak Muhammed Defensive Rebound.,50,47,3,0,0.641440298550294,0.6833470333217594,4,3,-2,NA,NA,NA,NA,NA,NA,NA,NA,UTEP,Louisiana Tech
401175866,2020-01-11,UTEP,Louisiana Tech,247,2,7:17,437,437,Amorie Archibald made Three Point Jumper. Assisted by DaQuan Bracey.,50,50,0,9,0.4535560810058558,0.5,4,3,-2,NA,NA,Louisiana Tech,made,Amorie Archibald,DaQuan Bracey,TRUE,FALSE,Louisiana Tech,UTEP
401175866,2020-01-11,UTEP,Louisiana Tech,248,2,6:50,410,410,Souley Boum missed Layup.,50,50,0,27,0.4545871060965695,0.5,4,3,-2,NA,NA,UTEP,missed,Souley Boum,NA,FALSE,FALSE,UTEP,Louisiana Tech
401175866,2020-01-11,UTEP,Louisiana Tech,249,2,6:50,410,410,Mubarak Muhammed Defensive Rebound.,50,50,0,0,0.4545871060965695,0.5,4,3,-2,NA,NA,NA,NA,NA,NA,NA,NA,UTEP,Louisiana Tech
401175866,2020-01-11,UTEP,Louisiana Tech,250,2,6:32,392,392,Derric Jean missed Layup.,50,50,0,18,0.4553307789261313,0.5,4,3,-2,NA,NA,Louisiana Tech,missed,Derric Jean,NA,FALSE,FALSE,Louisiana Tech,Louisiana Tech
401175866,2020-01-11,UTEP,Louisiana Tech,251,2,6:32,392,392,Bryson Williams Block.,50,50,0,0,0.4553307789261313,0.5,4,3,-2,NA,NA,NA,NA,NA,NA,NA,NA,Louisiana Tech,Louisiana Tech
401175866,2020-01-11,UTEP,Louisiana Tech,252,2,6:31,391,391,Derric Jean Offensive Rebound.,50,50,0,1,0.4553733579499333,0.5,4,3,-2,NA,NA,NA,NA,NA,NA,NA,NA,Louisiana Tech,Louisiana Tech
401175866,2020-01-11,UTEP,Louisiana Tech,253,2,6:27,387,387,Amorie Archibald missed Three Point Jumper.,50,50,0,4,0.4555449948942506,0.5,4,3,-2,NA,NA,Louisiana Tech,missed,Amorie Archibald,NA,TRUE,FALSE,Louisiana Tech,Louisiana Tech
401175866,2020-01-11,UTEP,Louisiana Tech,254,2,6:27,387,387,Louisiana Tech Offensive Rebound.,50,50,0,0,0.4555449948942506,0.5,4,3,-2,NA,NA,NA,NA,NA,NA,NA,NA,Louisiana Tech,Louisiana Tech
401175866,2020-01-11,UTEP,Louisiana Tech,255,2,6:24,384,384,Derric Jean made Jumper. Assisted by Amorie Archibald.,50,52,-2,3,0.3235906250976912,0.36365088593725775,4,3,-2,NA,NA,Louisiana Tech,made,Derric Jean,Amorie Archibald,FALSE,FALSE,Louisiana Tech,UTEP
401175866,2020-01-11,UTEP,Louisiana Tech,256,2,6:06,366,366,Foul on Amorie Archibald.,50,52,-2,18,0.32124704089375195,0.3604233602023815,4,3,-2,NA,NA,NA,NA,NA,NA,NA,NA,UTEP,UTEP
401175866,2020-01-11,UTEP,Louisiana Tech,257,2,6:06,366,366,Souley Boum made Free Throw.,51,52,-1,0,0.386681445974811,0.42879638561903133,4,3,-2,NA,NA,UTEP,made,Souley Boum,NA,FALSE,TRUE,UTEP,UTEP
401175866,2020-01-11,UTEP,Louisiana Tech,258,2,6:06,366,366,Souley Boum made Free Throw.,52,52,0,0,0.4564804781234451,0.5,4,3,-2,NA,NA,UTEP,made,Souley Boum,NA,FALSE,TRUE,UTEP,Louisiana Tech
401175866,2020-01-11,UTEP,Louisiana Tech,259,2,5:43,343,343,Derric Jean Turnover.,52,52,0,23,0.45757033697148825,0.5,4,3,-2,NA,NA,NA,NA,NA,NA,NA,NA,Louisiana Tech,UTEP
401175866,2020-01-11,UTEP,Louisiana Tech,260,2,5:42,342,342,Souley Boum Steal.,52,52,0,1,0.4576192479206635,0.5,4,3,-2,NA,NA,NA,NA,NA,NA,NA,NA,Louisiana Tech,UTEP
401175866,2020-01-11,UTEP,Louisiana Tech,261,2,5:40,340,340,Foul on Amorie Archibald.,52,52,0,2,0.45771744802625247,0.5,4,3,-2,NA,NA,NA,NA,NA,NA,NA,NA,UTEP,UTEP
401175866,2020-01-11,UTEP,Louisiana Tech,262,2,5:35,335,335,Bryson Williams made Jumper.,54,52,2,5,0.606926153396605,0.6463302071071549,4,3,-2,NA,NA,UTEP,made,Bryson Williams,NA,FALSE,FALSE,UTEP,Louisiana Tech
401175866,2020-01-11,UTEP,Louisiana Tech,263,2,5:08,308,308,Foul on Kaden Archie.,54,52,2,27,0.6165533382509074,0.654274020594685,4,3,-2,NA,NA,NA,NA,NA,NA,NA,NA,Louisiana Tech,Louisiana Tech
401175866,2020-01-11,UTEP,Louisiana Tech,264,2,5:08,308,308,DaQuan Bracey made Free Throw.,54,53,1,0,0.5389222002401228,0.5790658712221796,4,3,-2,NA,NA,Louisiana Tech,made,DaQuan Bracey,NA,FALSE,TRUE,Louisiana Tech,Louisiana Tech
401175866,2020-01-11,UTEP,Louisiana Tech,265,2,5:08,308,308,DaQuan Bracey missed Free Throw.,54,53,1,0,0.5389222002401228,0.5790658712221796,4,3,-2,NA,NA,Louisiana Tech,missed,DaQuan Bracey,NA,FALSE,TRUE,Louisiana Tech,UTEP
401175866,2020-01-11,UTEP,Louisiana Tech,266,2,5:08,308,308,Jordan Lathon Defensive Rebound.,54,53,1,0,0.5389222002401228,0.5790658712221796,4,3,-2,NA,NA,NA,NA,NA,NA,NA,NA,Louisiana Tech,UTEP
401175866,2020-01-11,UTEP,Louisiana Tech,267,2,4:54,294,294,Souley Boum made Three Point Jumper. Assisted by Jordan Lathon.,57,53,4,14,0.7572508562722421,0.7854398055292937,4,3,-2,NA,NA,UTEP,made,Souley Boum,Jordan Lathon,TRUE,FALSE,UTEP,Louisiana Tech
401175866,2020-01-11,UTEP,Louisiana Tech,268,2,4:44,284,284,Louisiana Tech  Timeout,57,53,4,10,0.7578229476825032,0.7856127034086154,4,2,-2,NA,NA,NA,NA,NA,NA,NA,NA,Louisiana Tech,Louisiana Tech
401175866,2020-01-11,UTEP,Louisiana Tech,269,2,4:32,272,272,Mubarak Muhammed missed Jumper.,57,53,4,12,0.7566257944636844,0.7840887976167275,4,2,-2,NA,NA,Louisiana Tech,missed,Mubarak Muhammed,NA,FALSE,FALSE,Louisiana Tech,Louisiana Tech
401175866,2020-01-11,UTEP,Louisiana Tech,270,2,4:32,272,272,JaColby Pemberton Offensive Rebound.,57,53,4,0,0.7566257944636844,0.7840887976167275,4,2,-2,NA,NA,NA,NA,NA,NA,NA,NA,Louisiana Tech,Louisiana Tech
401175866,2020-01-11,UTEP,Louisiana Tech,271,2,4:07,247,247,Foul on Cobe Williams.,57,53,4,25,0.7524116117059635,0.7792891633400169,4,2,-2,NA,NA,NA,NA,NA,NA,NA,NA,UTEP,UTEP
401175866,2020-01-11,UTEP,Louisiana Tech,272,2,4:07,247,247,Souley Boum made Free Throw.,58,53,5,0,0.8064175402264925,0.8287665884848566,4,2,-2,NA,NA,UTEP,made,Souley Boum,NA,FALSE,TRUE,UTEP,UTEP
401175866,2020-01-11,UTEP,Louisiana Tech,273,2,4:07,247,247,Souley Boum made Free Throw.,59,53,6,0,0.8509764703765437,0.8690167721899124,4,2,-2,NA,NA,UTEP,made,Souley Boum,NA,FALSE,TRUE,UTEP,Louisiana Tech
401175866,2020-01-11,UTEP,Louisiana Tech,274,2,3:43,223,223,Foul on Daryl Edwards.,59,53,6,24,0.8526309174602675,0.8698770562270444,4,2,-2,NA,NA,NA,NA,NA,NA,NA,NA,Louisiana Tech,UTEP
401175866,2020-01-11,UTEP,Louisiana Tech,275,2,3:43,223,223,Official TV Timeout,59,53,6,0,0.8526309174602675,0.8698770562270444,4,2,-2,NA,NA,NA,NA,NA,NA,NA,NA,Louisiana Tech,UTEP
401175866,2020-01-11,UTEP,Louisiana Tech,276,2,3:43,223,223,Amorie Archibald made Free Throw.,59,54,5,0,0.8082596433920153,0.8296610264581291,4,2,-2,NA,NA,Louisiana Tech,made,Amorie Archibald,NA,FALSE,TRUE,Louisiana Tech,Louisiana Tech
401175866,2020-01-11,UTEP,Louisiana Tech,277,2,3:43,223,223,Amorie Archibald missed Free Throw.,59,54,5,0,0.8082596433920153,0.8296610264581291,4,2,-2,NA,NA,Louisiana Tech,missed,Amorie Archibald,NA,FALSE,TRUE,Louisiana Tech,UTEP
401175866,2020-01-11,UTEP,Louisiana Tech,278,2,3:43,223,223,Jordan Lathon Defensive Rebound.,59,54,5,0,0.8082596433920153,0.8296610264581291,4,2,-2,NA,NA,NA,NA,NA,NA,NA,NA,Louisiana Tech,UTEP
401175866,2020-01-11,UTEP,Louisiana Tech,279,2,3:19,199,199,Foul on Derric Jean.,59,54,5,24,0.8256006374253203,0.8446360647516091,4,2,-2,NA,NA,NA,NA,NA,NA,NA,NA,UTEP,UTEP
401175866,2020-01-11,UTEP,Louisiana Tech,280,2,3:19,199,199,Jordan Lathon made Free Throw.,60,54,6,0,0.8691416200772408,0.8840918209617937,4,2,-2,NA,NA,UTEP,made,Jordan Lathon,NA,FALSE,TRUE,UTEP,UTEP
401175866,2020-01-11,UTEP,Louisiana Tech,281,2,3:19,199,199,Jordan Lathon made Free Throw.,61,54,7,0,0.9030880754498751,0.9145413235443175,4,2,-2,NA,NA,UTEP,made,Jordan Lathon,NA,FALSE,TRUE,UTEP,Louisiana Tech
401175866,2020-01-11,UTEP,Louisiana Tech,282,2,3:05,185,185,Derric Jean made Layup.,61,56,5,14,0.8444512095471005,0.8613070200488283,4,2,-2,NA,NA,Louisiana Tech,made,Derric Jean,NA,FALSE,FALSE,Louisiana Tech,UTEP
401175866,2020-01-11,UTEP,Louisiana Tech,283,2,2:49,169,169,Souley Boum missed Three Point Jumper.,61,56,5,16,0.8661837299686771,0.880529128367831,4,2,-2,NA,NA,UTEP,missed,Souley Boum,NA,TRUE,FALSE,UTEP,Louisiana Tech
401175866,2020-01-11,UTEP,Louisiana Tech,284,2,2:49,169,169,Mubarak Muhammed Defensive Rebound.,61,56,5,0,0.8661837299686771,0.880529128367831,4,2,-2,NA,NA,NA,NA,NA,NA,NA,NA,UTEP,Louisiana Tech
401175866,2020-01-11,UTEP,Louisiana Tech,285,2,2:26,146,146,Mubarak Muhammed made Layup.,61,58,3,23,0.7755771479033787,0.7962389984206267,4,2,-2,NA,NA,Louisiana Tech,made,Mubarak Muhammed,NA,FALSE,FALSE,Louisiana Tech,UTEP
401175866,2020-01-11,UTEP,Louisiana Tech,286,2,1:51,111,111,Bryson Williams missed Three Point Jumper.,61,58,3,35,0.828821301655033,0.8440696090618126,4,2,-2,NA,NA,UTEP,missed,Bryson Williams,NA,TRUE,FALSE,UTEP,Louisiana Tech
401175866,2020-01-11,UTEP,Louisiana Tech,287,2,1:51,111,111,Mubarak Muhammed Defensive Rebound.,61,58,3,0,0.828821301655033,0.8440696090618126,4,2,-2,NA,NA,NA,NA,NA,NA,NA,NA,UTEP,Louisiana Tech
401175866,2020-01-11,UTEP,Louisiana Tech,288,2,1:38,98,98,Foul on Souley Boum.,61,58,3,13,0.8503265410759104,0.8634438462978241,4,2,-2,NA,NA,NA,NA,NA,NA,NA,NA,Louisiana Tech,Louisiana Tech
401175866,2020-01-11,UTEP,Louisiana Tech,289,2,1:38,98,98,Cobe Williams made Free Throw.,61,59,2,0,0.7544398223774819,0.7737243922903321,4,2,-2,NA,NA,Louisiana Tech,made,Cobe Williams,NA,FALSE,TRUE,Louisiana Tech,Louisiana Tech
401175866,2020-01-11,UTEP,Louisiana Tech,290,2,1:38,98,98,Cobe Williams made Free Throw.,61,60,1,0,0.6242677308635955,0.6490192467191523,4,2,-2,NA,NA,Louisiana Tech,made,Cobe Williams,NA,FALSE,TRUE,Louisiana Tech,UTEP
401175866,2020-01-11,UTEP,Louisiana Tech,291,2,1:09,69,69,Souley Boum missed Jumper.,61,60,1,29,0.6577459157595852,0.6791224991750533,4,2,-2,NA,NA,UTEP,missed,Souley Boum,NA,FALSE,FALSE,UTEP,Louisiana Tech
401175866,2020-01-11,UTEP,Louisiana Tech,292,2,1:09,69,69,Derric Jean Defensive Rebound.,61,60,1,0,0.6577459157595852,0.6791224991750533,4,2,-2,NA,NA,NA,NA,NA,NA,NA,NA,UTEP,Louisiana Tech
401175866,2020-01-11,UTEP,Louisiana Tech,293,2,0:54,54,54,UTEP  Timeout,61,60,1,15,0.6766811908374374,0.6962072103003587,3,2,-2,NA,NA,NA,NA,NA,NA,NA,NA,Louisiana Tech,UTEP
401175866,2020-01-11,UTEP,Louisiana Tech,294,2,0:24,24,24,Eric Vila Turnover.,61,60,1,30,0.7172517933231,0.7329290000397786,3,2,-2,NA,NA,NA,NA,NA,NA,NA,NA,UTEP,Louisiana Tech
401175866,2020-01-11,UTEP,Louisiana Tech,295,2,0:23,23,23,Cobe Williams Steal.,61,60,1,1,0.7186396049052477,0.7341873282778076,3,2,-2,NA,NA,NA,NA,NA,NA,NA,NA,UTEP,Louisiana Tech
401175866,2020-01-11,UTEP,Louisiana Tech,296,2,0:20,20,20,Derric Jean made Layup.,61,62,-1,3,0.2473943972462825,0.26200730844051134,3,2,-2,NA,NA,Louisiana Tech,made,Derric Jean,NA,FALSE,FALSE,Louisiana Tech,UTEP
401175866,2020-01-11,UTEP,Louisiana Tech,297,2,0:17,17,17,UTEP  Timeout,61,62,-1,3,0.24391277561069316,0.2581484954637708,2,2,-2,NA,NA,NA,NA,NA,NA,NA,NA,UTEP,UTEP
401175866,2020-01-11,UTEP,Louisiana Tech,298,2,0:15,15,15,Jordan Lathon Turnover.,61,62,-1,2,0.24156775558893165,0.2555514296206448,2,2,-2,NA,NA,NA,NA,NA,NA,NA,NA,UTEP,Louisiana Tech
401175866,2020-01-11,UTEP,Louisiana Tech,299,2,0:13,13,13,Amorie Archibald Steal.,61,62,-1,2,0.23920689967199663,0.2529382952860352,2,2,-2,NA,NA,NA,NA,NA,NA,NA,NA,UTEP,Louisiana Tech
401175866,2020-01-11,UTEP,Louisiana Tech,300,2,0:10,10,10,Foul on Souley Boum.,61,62,-1,3,0.23564200667029667,0.24899498333728412,2,2,-2,NA,NA,NA,NA,NA,NA,NA,NA,Louisiana Tech,Louisiana Tech
401175866,2020-01-11,UTEP,Louisiana Tech,301,2,0:10,10,10,Amorie Archibald made Free Throw.,61,63,-2,0,0.0927338649187545,0.09903802686638556,2,2,-2,NA,NA,Louisiana Tech,made,Amorie Archibald,NA,FALSE,TRUE,Louisiana Tech,Louisiana Tech
401175866,2020-01-11,UTEP,Louisiana Tech,302,2,0:10,10,10,Amorie Archibald made Free Throw.,61,64,-3,0,0.032777644808972856,0.035163883243131466,2,2,-2,NA,NA,Louisiana Tech,made,Amorie Archibald,NA,FALSE,TRUE,Louisiana Tech,UTEP
401175866,2020-01-11,UTEP,Louisiana Tech,303,2,0:04,4,4,Bryson Williams missed Three Point Jumper.,61,64,-3,6,0.029006850895202208,0.03104907390872038,2,2,-2,NA,NA,UTEP,missed,Bryson Williams,NA,TRUE,FALSE,UTEP,UTEP
401175866,2020-01-11,UTEP,Louisiana Tech,304,2,0:04,4,4,Eric Vila Offensive Rebound.,61,64,-3,0,0.029006850895202208,0.03104907390872038,2,2,-2,NA,NA,NA,NA,NA,NA,NA,NA,UTEP,UTEP
401175866,2020-01-11,UTEP,Louisiana Tech,305,2,0:01,1,1,Eric Vila Turnover.,61,64,-3,3,0.02725173404889007,0.029136972928700006,2,2,-2,NA,NA,NA,NA,NA,NA,NA,NA,UTEP,Louisiana Tech
401175866,2020-01-11,UTEP,Louisiana Tech,306,2,0:01,1,1,Cobe Williams Steal.,61,64,-3,0,0.02725173404889007,0.029136972928700006,2,2,-2,NA,NA,NA,NA,NA,NA,NA,NA,UTEP,Louisiana Tech
401175866,2020-01-11,UTEP,Louisiana Tech,307,2,0:00,0,0,End of Game,61,64,-3,1,8.174068905763938e-27,8.75651076269652e-27,2,2,-2,NA,NA,NA,NA,NA,NA,NA,NA,Louisiana Tech,NA
