game_id,date,home,away,play_id,half,time_remaining_half,secs_remaining,secs_remaining_absolute,description,home_score,away_score,score_diff,play_length,win_prob,naive_win_prob,home_time_out_remaining,away_time_out_remaining,home_favored_by,total_line,referees,arena_location,arena,capacity,attendance,shot_x,shot_y,shot_team,shot_outcome,shooter,assist,three_pt,free_throw,possession_before,possession_after,wrong_time
401373309,2021-11-17,Army,Merrimack,1,1,20:00,2400,2400,PLAY,0,0,0,0,0.4204656748757369,0.5,4,4,-2,130.5,"c(""Nathan Farrell"", "" Nathan Hall"", "" Jack Loughran"")","West Point, NY",Christl Arena,5043,527,NA,NA,NA,NA,NA,NA,NA,NA,NA,Army,NA
401373309,2021-11-17,Army,Merrimack,2,1,19:31,2371,2371,Jalen Rucker missed Jumper.,0,0,0,29,0.4206945415040081,0.5,4,4,-2,130.5,"c(""Nathan Farrell"", "" Nathan Hall"", "" Jack Loughran"")","West Point, NY",Christl Arena,5043,527,NA,NA,Army,missed,Jalen Rucker,NA,FALSE,FALSE,Army,Army,FALSE
401373309,2021-11-17,Army,Merrimack,3,1,19:27,2367,2367,Army Offensive Rebound.,0,0,0,4,0.42072673853462544,0.5,4,4,-2,130.5,"c(""Nathan Farrell"", "" Nathan Hall"", "" Jack Loughran"")","West Point, NY",Christl Arena,5043,527,NA,NA,NA,NA,NA,NA,NA,NA,Army,Army,FALSE
401373309,2021-11-17,Army,Merrimack,4,1,19:24,2364,2364,Army  Turnover.,0,0,0,3,0.42075098809393424,0.5,4,4,-2,130.5,"c(""Nathan Farrell"", "" Nathan Hall"", "" Jack Loughran"")","West Point, NY",Christl Arena,5043,527,NA,NA,NA,NA,NA,NA,NA,NA,Army,Merrimack,FALSE
401373309,2021-11-17,Army,Merrimack,5,1,19:03,2343,2343,Jordan Minor made Layup.,0,2,-2,21,0.3774346770653644,0.45475749314437386,4,4,-2,130.5,"c(""Nathan Farrell"", "" Nathan Hall"", "" Jack Loughran"")","West Point, NY",Christl Arena,5043,527,NA,NA,Merrimack,made,Jordan Minor,NA,FALSE,FALSE,Merrimack,Army,FALSE
401373309,2021-11-17,Army,Merrimack,6,1,18:21,2301,2301,Foul on Jared Cross.,2,2,0,42,0.42128103108643944,0.5,4,4,-2,130.5,"c(""Nathan Farrell"", "" Nathan Hall"", "" Jack Loughran"")","West Point, NY",Christl Arena,5043,527,NA,NA,NA,NA,NA,NA,NA,NA,Army,Merrimack,TRUE
401373309,2021-11-17,Army,Merrimack,7,1,18:21,2301,2301,Ziggy Reid made Free Throw.,2,3,-1,0,0.39888550857615085,0.4768679886209129,4,4,-2,130.5,"c(""Nathan Farrell"", "" Nathan Hall"", "" Jack Loughran"")","West Point, NY",Christl Arena,5043,527,NA,NA,Merrimack,made,Ziggy Reid,NA,FALSE,TRUE,Merrimack,Merrimack,FALSE
401373309,2021-11-17,Army,Merrimack,8,1,18:21,2301,2301,Ziggy Reid made Free Throw.,2,4,-2,0,0.37690516341176444,0.4538347874070997,4,4,-2,130.5,"c(""Nathan Farrell"", "" Nathan Hall"", "" Jack Loughran"")","West Point, NY",Christl Arena,5043,527,NA,NA,Merrimack,made,Ziggy Reid,NA,FALSE,TRUE,Merrimack,Army,FALSE
401373309,2021-11-17,Army,Merrimack,9,1,18:09,2289,2289,Josh Caldwell missed Jumper.,2,4,-2,12,0.3767537981062046,0.4535676529863345,4,4,-2,130.5,"c(""Nathan Farrell"", "" Nathan Hall"", "" Jack Loughran"")","West Point, NY",Christl Arena,5043,527,NA,NA,Army,missed,Josh Caldwell,NA,FALSE,FALSE,Army,Merrimack,FALSE
401373309,2021-11-17,Army,Merrimack,10,1,18:05,2285,2285,Ziggy Reid Defensive Rebound.,2,4,-2,4,0.3767033740570841,0.45347829464029976,4,4,-2,130.5,"c(""Nathan Farrell"", "" Nathan Hall"", "" Jack Loughran"")","West Point, NY",Christl Arena,5043,527,NA,NA,NA,NA,NA,NA,NA,NA,Army,Merrimack,FALSE
401373309,2021-11-17,Army,Merrimack,11,1,17:51,2271,2271,Jared Cross Defensive Rebound.,2,4,-2,14,0.37652709054876954,0.4531643721419195,4,4,-2,130.5,"c(""Nathan Farrell"", "" Nathan Hall"", "" Jack Loughran"")","West Point, NY",Christl Arena,5043,527,NA,NA,NA,NA,NA,NA,NA,NA,Merrimack,Army,FALSE
401373309,2021-11-17,Army,Merrimack,12,1,17:49,2269,2269,Foul on Jordan Minor.,2,4,-2,2,0.3765019393052004,0.4531193833259757,4,4,-2,130.5,"c(""Nathan Farrell"", "" Nathan Hall"", "" Jack Loughran"")","West Point, NY",Christl Arena,5043,527,NA,NA,NA,NA,NA,NA,NA,NA,Army,Army,FALSE
401373309,2021-11-17,Army,Merrimack,13,1,17:49,2269,2269,Josh Caldwell missed Free Throw.,2,4,-2,0,0.3765019393052004,0.4531193833259757,4,4,-2,130.5,"c(""Nathan Farrell"", "" Nathan Hall"", "" Jack Loughran"")","West Point, NY",Christl Arena,5043,527,NA,NA,Army,missed,Josh Caldwell,NA,FALSE,TRUE,Army,Army,FALSE
401373309,2021-11-17,Army,Merrimack,14,1,17:49,2269,2269,Army Deadball Team Rebound.,2,4,-2,0,0.3765019393052004,0.4531193833259757,4,4,-2,130.5,"c(""Nathan Farrell"", "" Nathan Hall"", "" Jack Loughran"")","West Point, NY",Christl Arena,5043,527,NA,NA,NA,NA,NA,NA,NA,NA,Army,Army,FALSE
401373309,2021-11-17,Army,Merrimack,15,1,17:49,2269,2269,Josh Caldwell made Free Throw.,3,4,-1,0,0.39881980706386355,0.47650794703677646,4,4,-2,130.5,"c(""Nathan Farrell"", "" Nathan Hall"", "" Jack Loughran"")","West Point, NY",Christl Arena,5043,527,NA,NA,Army,made,Josh Caldwell,NA,FALSE,TRUE,Army,Merrimack,FALSE
401373309,2021-11-17,Army,Merrimack,16,1,17:32,2252,2252,Mykel Derring missed Three Point Jumper.,3,4,-1,17,0.39878753927269694,0.47631478586082104,4,4,-2,130.5,"c(""Nathan Farrell"", "" Nathan Hall"", "" Jack Loughran"")","West Point, NY",Christl Arena,5043,527,NA,NA,Merrimack,missed,Mykel Derring,NA,TRUE,FALSE,Merrimack,Army,FALSE
401373309,2021-11-17,Army,Merrimack,17,1,17:29,2249,2249,Josh Caldwell Defensive Rebound.,3,4,-1,3,0.3987820547236977,0.47628057622372727,4,4,-2,130.5,"c(""Nathan Farrell"", "" Nathan Hall"", "" Jack Loughran"")","West Point, NY",Christl Arena,5043,527,NA,NA,NA,NA,NA,NA,NA,NA,Merrimack,Army,FALSE
401373309,2021-11-17,Army,Merrimack,18,1,17:23,2243,2243,Jared Cross made Layup. Assisted by Aaron Duhart.,5,4,1,6,0.4451861751314375,0.5237879470207863,4,4,-2,130.5,"c(""Nathan Farrell"", "" Nathan Hall"", "" Jack Loughran"")","West Point, NY",Christl Arena,5043,527,NA,NA,Army,made,Jared Cross,Aaron Duhart,FALSE,FALSE,Army,Merrimack,FALSE
401373309,2021-11-17,Army,Merrimack,19,1,16:56,2216,2216,Jordan Minor Turnover.,5,4,1,27,0.4457536985712509,0.5240978763366215,4,4,-2,130.5,"c(""Nathan Farrell"", "" Nathan Hall"", "" Jack Loughran"")","West Point, NY",Christl Arena,5043,527,NA,NA,NA,NA,NA,NA,NA,NA,Merrimack,Army,FALSE
401373309,2021-11-17,Army,Merrimack,20,1,16:56,2216,2216,Aaron Duhart Steal.,5,4,1,0,0.4457536985712509,0.5240978763366215,4,4,-2,130.5,"c(""Nathan Farrell"", "" Nathan Hall"", "" Jack Loughran"")","West Point, NY",Christl Arena,5043,527,NA,NA,NA,NA,NA,NA,NA,NA,Merrimack,Army,FALSE
401373309,2021-11-17,Army,Merrimack,21,1,16:43,2203,2203,Charlie Peterson made Layup. Assisted by Josh Caldwell.,7,4,3,13,0.49435394275038896,0.5722907242908021,4,4,-2,130.5,"c(""Nathan Farrell"", "" Nathan Hall"", "" Jack Loughran"")","West Point, NY",Christl Arena,5043,527,NA,NA,Army,made,Charlie Peterson,Josh Caldwell,FALSE,FALSE,Army,Merrimack,FALSE
401373309,2021-11-17,Army,Merrimack,22,1,16:15,2175,2175,Ziggy Reid missed Three Point Jumper.,7,4,3,28,0.49561712840421424,0.5732462225230479,4,4,-2,130.5,"c(""Nathan Farrell"", "" Nathan Hall"", "" Jack Loughran"")","West Point, NY",Christl Arena,5043,527,NA,NA,Merrimack,missed,Ziggy Reid,NA,TRUE,FALSE,Merrimack,Army,FALSE
401373309,2021-11-17,Army,Merrimack,23,1,16:13,2173,2173,Jalen Rucker Defensive Rebound.,7,4,3,2,0.49570792690399407,0.5733146442942074,4,4,-2,130.5,"c(""Nathan Farrell"", "" Nathan Hall"", "" Jack Loughran"")","West Point, NY",Christl Arena,5043,527,NA,NA,NA,NA,NA,NA,NA,NA,Merrimack,Army,FALSE
401373309,2021-11-17,Army,Merrimack,24,1,16:09,2169,2169,Foul on Devin Jensen.,7,4,3,4,0.4958897457956165,0.5734515488149341,4,4,-2,130.5,"c(""Nathan Farrell"", "" Nathan Hall"", "" Jack Loughran"")","West Point, NY",Christl Arena,5043,527,NA,NA,NA,NA,NA,NA,NA,NA,Army,Army,FALSE
401373309,2021-11-17,Army,Merrimack,25,1,16:02,2162,2162,Charlie Peterson made Layup. Assisted by Nolan Naess.,9,4,5,7,0.5455699835152188,0.6212555506076182,4,4,-2,130.5,"c(""Nathan Farrell"", "" Nathan Hall"", "" Jack Loughran"")","West Point, NY",Christl Arena,5043,527,NA,NA,Army,made,Charlie Peterson,Nolan Naess,FALSE,FALSE,Army,Merrimack,FALSE
401373309,2021-11-17,Army,Merrimack,26,1,15:46,2146,2146,Devin Jensen missed Three Point Jumper.,9,4,5,16,0.5466693090585993,0.6221378942952883,4,4,-2,130.5,"c(""Nathan Farrell"", "" Nathan Hall"", "" Jack Loughran"")","West Point, NY",Christl Arena,5043,527,NA,NA,Merrimack,missed,Devin Jensen,NA,TRUE,FALSE,Merrimack,Army,FALSE
401373309,2021-11-17,Army,Merrimack,27,1,15:43,2143,2143,Nolan Naess Defensive Rebound.,9,4,5,3,0.5468762867319417,0.6223037911597032,4,4,-2,130.5,"c(""Nathan Farrell"", "" Nathan Hall"", "" Jack Loughran"")","West Point, NY",Christl Arena,5043,527,NA,NA,NA,NA,NA,NA,NA,NA,Merrimack,Army,FALSE
401373309,2021-11-17,Army,Merrimack,28,1,15:32,2132,2132,Jalen Rucker missed Three Point Jumper.,9,4,5,11,0.5476375659382341,0.622913373998929,4,4,-2,130.5,"c(""Nathan Farrell"", "" Nathan Hall"", "" Jack Loughran"")","West Point, NY",Christl Arena,5043,527,NA,NA,Army,missed,Jalen Rucker,NA,TRUE,FALSE,Army,Army,FALSE
401373309,2021-11-17,Army,Merrimack,29,1,15:27,2127,2127,Charlie Peterson Offensive Rebound.,9,4,5,5,0.5479848460080498,0.6231911486850658,4,4,-2,130.5,"c(""Nathan Farrell"", "" Nathan Hall"", "" Jack Loughran"")","West Point, NY",Christl Arena,5043,527,NA,NA,NA,NA,NA,NA,NA,NA,Army,Army,FALSE
401373309,2021-11-17,Army,Merrimack,30,1,15:15,2115,2115,Josh Caldwell Turnover.,9,4,5,12,0.5488215563259793,0.6238596434201479,4,4,-2,130.5,"c(""Nathan Farrell"", "" Nathan Hall"", "" Jack Loughran"")","West Point, NY",Christl Arena,5043,527,NA,NA,NA,NA,NA,NA,NA,NA,Army,Merrimack,FALSE
401373309,2021-11-17,Army,Merrimack,31,1,15:15,2115,2115,Devin Jensen Steal.,9,4,5,0,0.5488215563259793,0.6238596434201479,4,4,-2,130.5,"c(""Nathan Farrell"", "" Nathan Hall"", "" Jack Loughran"")","West Point, NY",Christl Arena,5043,527,NA,NA,NA,NA,NA,NA,NA,NA,Army,Merrimack,FALSE
401373309,2021-11-17,Army,Merrimack,32,1,14:59,2099,2099,Mykel Derring made Three Point Jumper. Assisted by Ziggy Reid.,9,7,2,16,0.4736687636714179,0.5508022130575281,4,4,-2,130.5,"c(""Nathan Farrell"", "" Nathan Hall"", "" Jack Loughran"")","West Point, NY",Christl Arena,5043,527,NA,NA,Merrimack,made,Mykel Derring,Ziggy Reid,TRUE,FALSE,Merrimack,Army,FALSE
401373309,2021-11-17,Army,Merrimack,33,1,14:38,2078,2078,Isaiah Caldwell missed Three Point Jumper.,9,7,2,21,0.4744115373769165,0.5513019628263349,4,4,-2,130.5,"c(""Nathan Farrell"", "" Nathan Hall"", "" Jack Loughran"")","West Point, NY",Christl Arena,5043,527,NA,NA,Army,missed,Isaiah Caldwell,NA,TRUE,FALSE,Army,Merrimack,FALSE
401373309,2021-11-17,Army,Merrimack,34,1,14:36,2076,2076,Ziggy Reid Defensive Rebound.,9,7,2,2,0.4744827729269831,0.5513497900652782,4,4,-2,130.5,"c(""Nathan Farrell"", "" Nathan Hall"", "" Jack Loughran"")","West Point, NY",Christl Arena,5043,527,NA,NA,NA,NA,NA,NA,NA,NA,Army,Merrimack,FALSE
401373309,2021-11-17,Army,Merrimack,35,1,14:31,2071,2071,Mikey Watkins Turnover.,9,7,2,5,0.4746612424607249,0.5514695401743815,4,4,-2,130.5,"c(""Nathan Farrell"", "" Nathan Hall"", "" Jack Loughran"")","West Point, NY",Christl Arena,5043,527,NA,NA,NA,NA,NA,NA,NA,NA,Merrimack,Army,FALSE
401373309,2021-11-17,Army,Merrimack,36,1,14:31,2071,2071,Jalen Rucker Steal.,9,7,2,0,0.4746612424607249,0.5514695401743815,4,4,-2,130.5,"c(""Nathan Farrell"", "" Nathan Hall"", "" Jack Loughran"")","West Point, NY",Christl Arena,5043,527,NA,NA,NA,NA,NA,NA,NA,NA,Merrimack,Army,FALSE
401373309,2021-11-17,Army,Merrimack,37,1,14:26,2066,2066,Isaiah Caldwell missed Layup.,9,7,2,5,0.4748402581665162,0.5515895536493832,4,4,-2,130.5,"c(""Nathan Farrell"", "" Nathan Hall"", "" Jack Loughran"")","West Point, NY",Christl Arena,5043,527,NA,NA,Army,missed,Isaiah Caldwell,NA,FALSE,FALSE,Army,Army,FALSE
401373309,2021-11-17,Army,Merrimack,38,1,14:26,2066,2066,Ziggy Reid Block.,9,7,2,0,0.4748402581665162,0.5515895536493832,4,4,-2,130.5,"c(""Nathan Farrell"", "" Nathan Hall"", "" Jack Loughran"")","West Point, NY",Christl Arena,5043,527,NA,NA,NA,NA,NA,NA,NA,NA,Army,Army,FALSE
401373309,2021-11-17,Army,Merrimack,39,1,14:26,2066,2066,Official TV Timeout,9,7,2,0,0.4748402581665162,0.5515895536493832,4,4,-2,130.5,"c(""Nathan Farrell"", "" Nathan Hall"", "" Jack Loughran"")","West Point, NY",Christl Arena,5043,527,NA,NA,NA,NA,NA,NA,NA,NA,Army,Army,FALSE
401373309,2021-11-17,Army,Merrimack,40,1,14:26,2066,2066,Army Offensive Rebound.,9,7,2,0,0.4748402581665162,0.5515895536493832,4,4,-2,130.5,"c(""Nathan Farrell"", "" Nathan Hall"", "" Jack Loughran"")","West Point, NY",Christl Arena,5043,527,NA,NA,NA,NA,NA,NA,NA,NA,Army,Army,FALSE
401373309,2021-11-17,Army,Merrimack,41,1,14:25,2065,2065,Aaron Duhart Turnover.,9,7,2,1,0.4748761271094568,0.5516135883166307,4,4,-2,130.5,"c(""Nathan Farrell"", "" Nathan Hall"", "" Jack Loughran"")","West Point, NY",Christl Arena,5043,527,NA,NA,NA,NA,NA,NA,NA,NA,Army,Merrimack,FALSE
401373309,2021-11-17,Army,Merrimack,42,1,14:25,2065,2065,Mikey Watkins Steal.,9,7,2,0,0.4748761271094568,0.5516135883166307,4,4,-2,130.5,"c(""Nathan Farrell"", "" Nathan Hall"", "" Jack Loughran"")","West Point, NY",Christl Arena,5043,527,NA,NA,NA,NA,NA,NA,NA,NA,Army,Merrimack,FALSE
401373309,2021-11-17,Army,Merrimack,43,1,14:17,2057,2057,Jordan McKoy missed Layup.,9,7,2,8,0.47516387226233875,0.5518062549456831,4,4,-2,130.5,"c(""Nathan Farrell"", "" Nathan Hall"", "" Jack Loughran"")","West Point, NY",Christl Arena,5043,527,NA,NA,Merrimack,missed,Jordan McKoy,NA,FALSE,FALSE,Merrimack,Merrimack,FALSE
401373309,2021-11-17,Army,Merrimack,44,1,14:09,2049,2049,Justin Connolly Offensive Rebound.,9,7,2,8,0.47545303688446083,0.5519996257850525,4,4,-2,130.5,"c(""Nathan Farrell"", "" Nathan Hall"", "" Jack Loughran"")","West Point, NY",Christl Arena,5043,527,NA,NA,NA,NA,NA,NA,NA,NA,Merrimack,Merrimack,FALSE
401373309,2021-11-17,Army,Merrimack,45,1,14:09,2049,2049,Justin Connolly made Dunk.,9,9,0,0,0.4238422521181859,0.5,4,4,-2,130.5,"c(""Nathan Farrell"", "" Nathan Hall"", "" Jack Loughran"")","West Point, NY",Christl Arena,5043,527,NA,NA,Merrimack,made,Justin Connolly,NA,FALSE,FALSE,Merrimack,Army,FALSE
401373309,2021-11-17,Army,Merrimack,46,1,13:53,2033,2033,Nolan Naess made Layup.,11,9,2,16,0.4760356731401267,0.5523885486035754,4,4,-2,130.5,"c(""Nathan Farrell"", "" Nathan Hall"", "" Jack Loughran"")","West Point, NY",Christl Arena,5043,527,NA,NA,Army,made,Nolan Naess,NA,FALSE,FALSE,Army,Merrimack,FALSE
401373309,2021-11-17,Army,Merrimack,47,1,13:30,2010,2010,Jordan McKoy Turnover.,11,9,2,23,0.47688344037746183,0.5529529550265885,4,4,-2,130.5,"c(""Nathan Farrell"", "" Nathan Hall"", "" Jack Loughran"")","West Point, NY",Christl Arena,5043,527,NA,NA,NA,NA,NA,NA,NA,NA,Merrimack,Army,FALSE
401373309,2021-11-17,Army,Merrimack,48,1,13:30,2010,2010,Matt Dove Steal.,11,9,2,0,0.47688344037746183,0.5529529550265885,4,4,-2,130.5,"c(""Nathan Farrell"", "" Nathan Hall"", "" Jack Loughran"")","West Point, NY",Christl Arena,5043,527,NA,NA,NA,NA,NA,NA,NA,NA,Merrimack,Army,FALSE
401373309,2021-11-17,Army,Merrimack,49,1,13:22,2002,2002,Nolan Naess missed Layup.,11,9,2,8,0.47718118971943824,0.5531508087749818,4,4,-2,130.5,"c(""Nathan Farrell"", "" Nathan Hall"", "" Jack Loughran"")","West Point, NY",Christl Arena,5043,527,NA,NA,Army,missed,Nolan Naess,NA,FALSE,FALSE,Army,Merrimack,FALSE
401373309,2021-11-17,Army,Merrimack,50,1,13:18,1998,1998,Justin Connolly Defensive Rebound.,11,9,2,4,0.477330627245468,0.5532500427623905,4,4,-2,130.5,"c(""Nathan Farrell"", "" Nathan Hall"", "" Jack Loughran"")","West Point, NY",Christl Arena,5043,527,NA,NA,NA,NA,NA,NA,NA,NA,Army,Merrimack,FALSE
401373309,2021-11-17,Army,Merrimack,51,1,13:12,1992,1992,Mikey Watkins missed Jumper.,11,9,2,6,0.4775554913703521,0.5533992836385713,4,4,-2,130.5,"c(""Nathan Farrell"", "" Nathan Hall"", "" Jack Loughran"")","West Point, NY",Christl Arena,5043,527,NA,NA,Merrimack,missed,Mikey Watkins,NA,FALSE,FALSE,Merrimack,Army,FALSE
401373309,2021-11-17,Army,Merrimack,52,1,13:08,1988,1988,Isaiah Caldwell Defensive Rebound.,11,9,2,4,0.47770587488971333,0.5534990405979654,4,4,-2,130.5,"c(""Nathan Farrell"", "" Nathan Hall"", "" Jack Loughran"")","West Point, NY",Christl Arena,5043,527,NA,NA,NA,NA,NA,NA,NA,NA,Merrimack,Army,FALSE
401373309,2021-11-17,Army,Merrimack,53,1,12:55,1975,1975,Aaron Duhart missed Jumper.,11,9,2,13,0.47819726082142705,0.5538247322567862,4,4,-2,130.5,"c(""Nathan Farrell"", "" Nathan Hall"", "" Jack Loughran"")","West Point, NY",Christl Arena,5043,527,NA,NA,Army,missed,Aaron Duhart,NA,FALSE,FALSE,Army,Army,FALSE
401373309,2021-11-17,Army,Merrimack,54,1,12:52,1972,1972,Nolan Naess Offensive Rebound.,11,9,2,3,0.47831123464954706,0.5539002189832,4,4,-2,130.5,"c(""Nathan Farrell"", "" Nathan Hall"", "" Jack Loughran"")","West Point, NY",Christl Arena,5043,527,NA,NA,NA,NA,NA,NA,NA,NA,Army,Army,FALSE
401373309,2021-11-17,Army,Merrimack,55,1,12:50,1970,1970,Jared Cross made Three Point Jumper. Assisted by Nolan Naess.,14,9,5,2,0.5593351491719952,0.6321879441078527,4,4,-2,130.5,"c(""Nathan Farrell"", "" Nathan Hall"", "" Jack Loughran"")","West Point, NY",Christl Arena,5043,527,NA,NA,Army,made,Jared Cross,Nolan Naess,TRUE,FALSE,Army,Merrimack,FALSE
401373309,2021-11-17,Army,Merrimack,56,1,12:29,1949,1949,Ziggy Reid missed Three Point Jumper.,14,9,5,21,0.5609265406159131,0.6334400842009137,4,4,-2,130.5,"c(""Nathan Farrell"", "" Nathan Hall"", "" Jack Loughran"")","West Point, NY",Christl Arena,5043,527,NA,NA,Merrimack,missed,Ziggy Reid,NA,TRUE,FALSE,Merrimack,Army,FALSE
401373309,2021-11-17,Army,Merrimack,57,1,12:24,1944,1944,Nolan Naess Defensive Rebound.,14,9,5,5,0.5613082524538453,0.633740194453431,4,4,-2,130.5,"c(""Nathan Farrell"", "" Nathan Hall"", "" Jack Loughran"")","West Point, NY",Christl Arena,5043,527,NA,NA,NA,NA,NA,NA,NA,NA,Merrimack,Army,FALSE
401373309,2021-11-17,Army,Merrimack,58,1,12:05,1925,1925,Foul on Ziggy Reid.,14,9,5,19,0.5627682558172084,0.6348872048370062,4,4,-2,130.5,"c(""Nathan Farrell"", "" Nathan Hall"", "" Jack Loughran"")","West Point, NY",Christl Arena,5043,527,NA,NA,NA,NA,NA,NA,NA,NA,Army,Army,FALSE
401373309,2021-11-17,Army,Merrimack,59,1,12:05,1925,1925,Isaiah Caldwell made Free Throw.,15,9,6,0,0.5897792202381116,0.6601335065627837,4,4,-2,130.5,"c(""Nathan Farrell"", "" Nathan Hall"", "" Jack Loughran"")","West Point, NY",Christl Arena,5043,527,NA,NA,Army,made,Isaiah Caldwell,NA,FALSE,TRUE,Army,Army,FALSE
401373309,2021-11-17,Army,Merrimack,60,1,12:05,1925,1925,Isaiah Caldwell made Free Throw.,16,9,7,0,0.6162593504422035,0.6845016119650218,4,4,-2,130.5,"c(""Nathan Farrell"", "" Nathan Hall"", "" Jack Loughran"")","West Point, NY",Christl Arena,5043,527,NA,NA,Army,made,Isaiah Caldwell,NA,FALSE,TRUE,Army,Merrimack,FALSE
401373309,2021-11-17,Army,Merrimack,61,1,11:41,1901,1901,Foul on Jared Cross.,16,9,7,24,0.6186270797553515,0.686388536624581,4,4,-2,130.5,"c(""Nathan Farrell"", "" Nathan Hall"", "" Jack Loughran"")","West Point, NY",Christl Arena,5043,527,NA,NA,NA,NA,NA,NA,NA,NA,Merrimack,Army,FALSE
401373309,2021-11-17,Army,Merrimack,62,1,11:41,1901,1901,Official TV Timeout,16,9,7,0,0.6186270797553515,0.686388536624581,4,4,-2,130.5,"c(""Nathan Farrell"", "" Nathan Hall"", "" Jack Loughran"")","West Point, NY",Christl Arena,5043,527,NA,NA,NA,NA,NA,NA,NA,NA,Merrimack,Army,FALSE
401373309,2021-11-17,Army,Merrimack,63,1,11:41,1901,1901,Malik Edmead made Free Throw.,16,10,6,0,0.5919002552815174,0.66181446247740106,4,4,-2,130.5,"c(""Nathan Farrell"", "" Nathan Hall"", "" Jack Loughran"")","West Point, NY",Christl Arena,5043,527,NA,NA,Merrimack,made,Malik Edmead,NA,FALSE,TRUE,Merrimack,Merrimack,FALSE
401373309,2021-11-17,Army,Merrimack,64,1,11:41,1901,1901,Malik Edmead missed Free Throw.,16,10,6,0,0.5919002552815174,0.66181446247740106,4,4,-2,130.5,"c(""Nathan Farrell"", "" Nathan Hall"", "" Jack Loughran"")","West Point, NY",Christl Arena,5043,527,NA,NA,Merrimack,missed,Malik Edmead,NA,FALSE,TRUE,Merrimack,Army,FALSE
401373309,2021-11-17,Army,Merrimack,65,1,11:41,1901,1901,Charlie Peterson Defensive Rebound.,16,10,6,0,0.5919002552815174,0.66181446247740106,4,4,-2,130.5,"c(""Nathan Farrell"", "" Nathan Hall"", "" Jack Loughran"")","West Point, NY",Christl Arena,5043,527,NA,NA,NA,NA,NA,NA,NA,NA,Merrimack,Army,FALSE
401373309,2021-11-17,Army,Merrimack,66,1,11:13,1873,1873,Army  Turnover.,16,10,6,28,0.594378628094756,0.6637694246626142,4,4,-2,130.5,"c(""Nathan Farrell"", "" Nathan Hall"", "" Jack Loughran"")","West Point, NY",Christl Arena,5043,527,NA,NA,NA,NA,NA,NA,NA,NA,Army,Merrimack,FALSE
401373309,2021-11-17,Army,Merrimack,67,1,10:51,1851,1851,Jordan Minor Turnover.,16,10,6,22,0.596334365274771,0.6653064411095575,4,4,-2,130.5,"c(""Nathan Farrell"", "" Nathan Hall"", "" Jack Loughran"")","West Point, NY",Christl Arena,5043,527,NA,NA,NA,NA,NA,NA,NA,NA,Merrimack,Army,FALSE
401373309,2021-11-17,Army,Merrimack,68,1,10:51,1851,1851,TJ Small Steal.,16,10,6,0,0.596334365274771,0.6653064411095575,4,4,-2,130.5,"c(""Nathan Farrell"", "" Nathan Hall"", "" Jack Loughran"")","West Point, NY",Christl Arena,5043,527,NA,NA,NA,NA,NA,NA,NA,NA,Merrimack,Army,FALSE
401373309,2021-11-17,Army,Merrimack,69,1,10:37,1837,1837,Jalen Rucker made Three Point Jumper. Assisted by Josh Caldwell.,19,10,9,14,0.6772434700026199,0.7383016699486222,4,4,-2,130.5,"c(""Nathan Farrell"", "" Nathan Hall"", "" Jack Loughran"")","West Point, NY",Christl Arena,5043,527,NA,NA,Army,made,Jalen Rucker,Josh Caldwell,TRUE,FALSE,Army,Merrimack,FALSE
401373309,2021-11-17,Army,Merrimack,70,1,10:14,1814,1814,Jordan Minor missed Layup.,19,10,9,23,0.6799159482486886,0.7404091656828574,4,4,-2,130.5,"c(""Nathan Farrell"", "" Nathan Hall"", "" Jack Loughran"")","West Point, NY",Christl Arena,5043,527,NA,NA,Merrimack,missed,Jordan Minor,NA,FALSE,FALSE,Merrimack,Army,FALSE
401373309,2021-11-17,Army,Merrimack,71,1,10:11,1811,1811,Chris Mann Defensive Rebound.,19,10,9,3,0.6802658228467862,0.7406848331988772,4,4,-2,130.5,"c(""Nathan Farrell"", "" Nathan Hall"", "" Jack Loughran"")","West Point, NY",Christl Arena,5043,527,NA,NA,NA,NA,NA,NA,NA,NA,Merrimack,Army,FALSE
401373309,2021-11-17,Army,Merrimack,72,1,10:04,1804,1804,Jalen Rucker Turnover.,19,10,9,7,0.6810835617579276,0.7413289495315527,4,4,-2,130.5,"c(""Nathan Farrell"", "" Nathan Hall"", "" Jack Loughran"")","West Point, NY",Christl Arena,5043,527,NA,NA,NA,NA,NA,NA,NA,NA,Army,Merrimack,FALSE
401373309,2021-11-17,Army,Merrimack,73,1,10:04,1804,1804,Mikey Watkins Steal.,19,10,9,0,0.6810835617579276,0.7413289495315527,4,4,-2,130.5,"c(""Nathan Farrell"", "" Nathan Hall"", "" Jack Loughran"")","West Point, NY",Christl Arena,5043,527,NA,NA,NA,NA,NA,NA,NA,NA,Army,Merrimack,FALSE
401373309,2021-11-17,Army,Merrimack,74,1,9:59,1799,1799,Mykel Derring made Three Point Jumper. Assisted by Mikey Watkins.,19,13,6,5,0.6010130564601828,0.6689695565139627,4,4,-2,130.5,"c(""Nathan Farrell"", "" Nathan Hall"", "" Jack Loughran"")","West Point, NY",Christl Arena,5043,527,NA,NA,Merrimack,made,Mykel Derring,Mikey Watkins,TRUE,FALSE,Merrimack,Army,FALSE
401373309,2021-11-17,Army,Merrimack,75,1,9:28,1768,1768,Matt Dove made Layup.,21,13,8,31,0.6591312851194983,0.7214045959293893,4,4,-2,130.5,"c(""Nathan Farrell"", "" Nathan Hall"", "" Jack Loughran"")","West Point, NY",Christl Arena,5043,527,NA,NA,Army,made,Matt Dove,NA,FALSE,FALSE,Army,Merrimack,FALSE
401373309,2021-11-17,Army,Merrimack,76,1,9:10,1750,1750,Jordan Minor missed Jumper.,21,13,8,18,0.6611490932101685,0.7229931982789857,4,4,-2,130.5,"c(""Nathan Farrell"", "" Nathan Hall"", "" Jack Loughran"")","West Point, NY",Christl Arena,5043,527,NA,NA,Merrimack,missed,Jordan Minor,NA,FALSE,FALSE,Merrimack,Army,FALSE
401373309,2021-11-17,Army,Merrimack,77,1,9:06,1746,1746,Josh Caldwell Defensive Rebound.,21,13,8,4,0.6616005042146197,0.7233485723389551,4,4,-2,130.5,"c(""Nathan Farrell"", "" Nathan Hall"", "" Jack Loughran"")","West Point, NY",Christl Arena,5043,527,NA,NA,NA,NA,NA,NA,NA,NA,Merrimack,Army,FALSE
401373309,2021-11-17,Army,Merrimack,78,1,9:02,1742,1742,TJ Small made Three Point Jumper. Assisted by Jalen Rucker.,24,13,11,4,0.737603487674113,0.7898475612354212,4,4,-2,130.5,"c(""Nathan Farrell"", "" Nathan Hall"", "" Jack Loughran"")","West Point, NY",Christl Arena,5043,527,NA,NA,Army,made,TJ Small,Jalen Rucker,TRUE,FALSE,Army,Merrimack,FALSE
401373309,2021-11-17,Army,Merrimack,79,1,8:59,1739,1739,Merrimack  Timeout,24,13,11,3,0.737994915791877,0.790153206108166,3,4,-2,130.5,"c(""Nathan Farrell"", "" Nathan Hall"", "" Jack Loughran"")","West Point, NY",Christl Arena,5043,527,NA,NA,NA,NA,NA,NA,NA,NA,Merrimack,Merrimack,FALSE
401373309,2021-11-17,Army,Merrimack,80,1,8:43,1723,1723,Jordan Minor missed Layup.,24,13,11,16,0.7400932398091938,0.7917916889778174,3,4,-2,130.5,"c(""Nathan Farrell"", "" Nathan Hall"", "" Jack Loughran"")","West Point, NY",Christl Arena,5043,527,NA,NA,Merrimack,missed,Jordan Minor,NA,FALSE,FALSE,Merrimack,Army,FALSE
401373309,2021-11-17,Army,Merrimack,81,1,8:40,1720,1720,Matt Dove Defensive Rebound.,24,13,11,3,0.7404887903494998,0.7921005725260326,3,4,-2,130.5,"c(""Nathan Farrell"", "" Nathan Hall"", "" Jack Loughran"")","West Point, NY",Christl Arena,5043,527,NA,NA,NA,NA,NA,NA,NA,NA,Merrimack,Army,FALSE
401373309,2021-11-17,Army,Merrimack,82,1,8:27,1707,1707,Matt Dove Turnover.,24,13,11,13,0.74221111925018,0.7934456626001178,3,4,-2,130.5,"c(""Nathan Farrell"", "" Nathan Hall"", "" Jack Loughran"")","West Point, NY",Christl Arena,5043,527,NA,NA,NA,NA,NA,NA,NA,NA,Army,Merrimack,FALSE
401373309,2021-11-17,Army,Merrimack,83,1,8:27,1707,1707,Mykel Derring Steal.,24,13,11,0,0.74221111925018,0.7934456626001178,3,4,-2,130.5,"c(""Nathan Farrell"", "" Nathan Hall"", "" Jack Loughran"")","West Point, NY",Christl Arena,5043,527,NA,NA,NA,NA,NA,NA,NA,NA,Army,Merrimack,FALSE
401373309,2021-11-17,Army,Merrimack,84,1,8:22,1702,1702,Mykel Derring missed Layup.,24,13,11,5,0.7428772906585365,0.7939659999660121,3,4,-2,130.5,"c(""Nathan Farrell"", "" Nathan Hall"", "" Jack Loughran"")","West Point, NY",Christl Arena,5043,527,NA,NA,Merrimack,missed,Mykel Derring,NA,FALSE,FALSE,Merrimack,Merrimack,FALSE
401373309,2021-11-17,Army,Merrimack,85,1,8:19,1699,1699,Mikey Watkins Offensive Rebound.,24,13,11,3,0.7432780311965035,0.7942790383380515,3,4,-2,130.5,"c(""Nathan Farrell"", "" Nathan Hall"", "" Jack Loughran"")","West Point, NY",Christl Arena,5043,527,NA,NA,NA,NA,NA,NA,NA,NA,Merrimack,Merrimack,FALSE
401373309,2021-11-17,Army,Merrimack,86,1,8:18,1698,1698,Jordan McKoy made Three Point Jumper. Assisted by Mikey Watkins.,24,16,8,1,0.6671164831369831,0.7276928039761393,3,4,-2,130.5,"c(""Nathan Farrell"", "" Nathan Hall"", "" Jack Loughran"")","West Point, NY",Christl Arena,5043,527,NA,NA,Merrimack,made,Jordan McKoy,Mikey Watkins,TRUE,FALSE,Merrimack,Army,FALSE
401373309,2021-11-17,Army,Merrimack,87,1,7:49,1669,1669,Jalen Rucker missed Three Point Jumper.,24,16,8,29,0.6704950146044726,0.7303482377569754,3,4,-2,130.5,"c(""Nathan Farrell"", "" Nathan Hall"", "" Jack Loughran"")","West Point, NY",Christl Arena,5043,527,NA,NA,Army,missed,Jalen Rucker,NA,TRUE,FALSE,Army,Merrimack,FALSE
401373309,2021-11-17,Army,Merrimack,88,1,7:46,1666,1666,Jordan Minor Defensive Rebound.,24,16,8,3,0.6708384639565655,0.7306166352181016,3,4,-2,130.5,"c(""Nathan Farrell"", "" Nathan Hall"", "" Jack Loughran"")","West Point, NY",Christl Arena,5043,527,NA,NA,NA,NA,NA,NA,NA,NA,Army,Merrimack,FALSE
401373309,2021-11-17,Army,Merrimack,89,1,7:42,1662,1662,Mikey Watkins missed Layup.,24,16,8,4,0.6712946856748083,0.7309727165729859,3,4,-2,130.5,"c(""Nathan Farrell"", "" Nathan Hall"", "" Jack Loughran"")","West Point, NY",Christl Arena,5043,527,NA,NA,Merrimack,missed,Mikey Watkins,NA,FALSE,FALSE,Merrimack,Army,FALSE
401373309,2021-11-17,Army,Merrimack,90,1,7:42,1662,1662,Josh Caldwell Block.,24,16,8,0,0.6712946856748083,0.7309727165729859,3,4,-2,130.5,"c(""Nathan Farrell"", "" Nathan Hall"", "" Jack Loughran"")","West Point, NY",Christl Arena,5043,527,NA,NA,NA,NA,NA,NA,NA,NA,Merrimack,Army,FALSE
401373309,2021-11-17,Army,Merrimack,91,1,7:42,1662,1662,Army Defensive Rebound.,24,16,8,0,0.6712946856748083,0.7309727165729859,3,4,-2,130.5,"c(""Nathan Farrell"", "" Nathan Hall"", "" Jack Loughran"")","West Point, NY",Christl Arena,5043,527,NA,NA,NA,NA,NA,NA,NA,NA,Merrimack,Army,FALSE
401373309,2021-11-17,Army,Merrimack,92,1,7:28,1648,1648,Jalen Rucker missed Three Point Jumper.,24,16,8,14,0.6728777092551166,0.7322045467745883,3,4,-2,130.5,"c(""Nathan Farrell"", "" Nathan Hall"", "" Jack Loughran"")","West Point, NY",Christl Arena,5043,527,NA,NA,Army,missed,Jalen Rucker,NA,TRUE,FALSE,Army,Army,FALSE
401373309,2021-11-17,Army,Merrimack,93,1,7:25,1645,1645,Charlie Peterson Offensive Rebound.,24,16,8,3,0.6732144767827272,0.7324659038082147,3,4,-2,130.5,"c(""Nathan Farrell"", "" Nathan Hall"", "" Jack Loughran"")","West Point, NY",Christl Arena,5043,527,NA,NA,NA,NA,NA,NA,NA,NA,Army,Army,FALSE
401373309,2021-11-17,Army,Merrimack,94,1,7:22,1642,1642,Charlie Peterson made Layup. Assisted by Aaron Duhart.,26,16,10,3,0.7263958186987413,0.7791336279343294,3,4,-2,130.5,"c(""Nathan Farrell"", "" Nathan Hall"", "" Jack Loughran"")","West Point, NY",Christl Arena,5043,527,NA,NA,Army,made,Charlie Peterson,Aaron Duhart,FALSE,FALSE,Army,Merrimack,FALSE
401373309,2021-11-17,Army,Merrimack,95,1,6:59,1619,1619,Mykel Derring missed Layup.,26,16,10,23,0.729204483536409,0.781301010303991,3,4,-2,130.5,"c(""Nathan Farrell"", "" Nathan Hall"", "" Jack Loughran"")","West Point, NY",Christl Arena,5043,527,NA,NA,Merrimack,missed,Mykel Derring,NA,FALSE,FALSE,Merrimack,Army,FALSE
401373309,2021-11-17,Army,Merrimack,96,1,6:56,1616,1616,Jalen Rucker Defensive Rebound.,26,16,10,3,0.7295680999725727,0.7815809241810682,3,4,-2,130.5,"c(""Nathan Farrell"", "" Nathan Hall"", "" Jack Loughran"")","West Point, NY",Christl Arena,5043,527,NA,NA,NA,NA,NA,NA,NA,NA,Merrimack,Army,FALSE
401373309,2021-11-17,Army,Merrimack,97,1,6:51,1611,1611,Jalen Rucker missed Jumper.,26,16,10,5,0.7301731577461474,0.7820464139290757,3,4,-2,130.5,"c(""Nathan Farrell"", "" Nathan Hall"", "" Jack Loughran"")","West Point, NY",Christl Arena,5043,527,NA,NA,Army,missed,Jalen Rucker,NA,FALSE,FALSE,Army,Army,FALSE
401373309,2021-11-17,Army,Merrimack,98,1,6:51,1611,1611,Jordan Minor Block.,26,16,10,0,0.7301731577461474,0.7820464139290757,3,4,-2,130.5,"c(""Nathan Farrell"", "" Nathan Hall"", "" Jack Loughran"")","West Point, NY",Christl Arena,5043,527,NA,NA,NA,NA,NA,NA,NA,NA,Army,Army,FALSE
401373309,2021-11-17,Army,Merrimack,99,1,6:46,1606,1606,Jalen Rucker Offensive Rebound.,26,16,10,5,0.730777227156996,0.7825108175090786,3,4,-2,130.5,"c(""Nathan Farrell"", "" Nathan Hall"", "" Jack Loughran"")","West Point, NY",Christl Arena,5043,527,NA,NA,NA,NA,NA,NA,NA,NA,Army,Army,FALSE
401373309,2021-11-17,Army,Merrimack,100,1,6:42,1602,1602,Josh Caldwell made Three Point Jumper. Assisted by Aaron Duhart.,29,16,13,4,0.7999186845753904,0.8412156601570839,3,4,-2,130.5,"c(""Nathan Farrell"", "" Nathan Hall"", "" Jack Loughran"")","West Point, NY",Christl Arena,5043,527,NA,NA,Army,made,Josh Caldwell,Aaron Duhart,TRUE,FALSE,Army,Merrimack,FALSE
401373309,2021-11-17,Army,Merrimack,101,1,6:11,1571,1571,Mikey Watkins Turnover.,29,16,13,31,0.8037640176005163,0.8441387007417078,3,4,-2,130.5,"c(""Nathan Farrell"", "" Nathan Hall"", "" Jack Loughran"")","West Point, NY",Christl Arena,5043,527,NA,NA,NA,NA,NA,NA,NA,NA,Merrimack,Army,FALSE
401373309,2021-11-17,Army,Merrimack,102,1,6:11,1571,1571,Aaron Duhart Steal.,29,16,13,0,0.8037640176005163,0.8441387007417078,3,4,-2,130.5,"c(""Nathan Farrell"", "" Nathan Hall"", "" Jack Loughran"")","West Point, NY",Christl Arena,5043,527,NA,NA,NA,NA,NA,NA,NA,NA,Merrimack,Army,FALSE
401373309,2021-11-17,Army,Merrimack,103,1,6:08,1568,1568,Josh Caldwell made Layup.,31,16,15,3,0.8419194453993911,0.8756353374945339,3,4,-2,130.5,"c(""Nathan Farrell"", "" Nathan Hall"", "" Jack Loughran"")","West Point, NY",Christl Arena,5043,527,NA,NA,Army,made,Josh Caldwell,NA,FALSE,FALSE,Army,Merrimack,FALSE
401373309,2021-11-17,Army,Merrimack,104,1,5:57,1557,1557,Foul on Aaron Duhart.,31,16,15,11,0.8432353088934363,0.8766279199590644,3,4,-2,130.5,"c(""Nathan Farrell"", "" Nathan Hall"", "" Jack Loughran"")","West Point, NY",Christl Arena,5043,527,NA,NA,NA,NA,NA,NA,NA,NA,Merrimack,Merrimack,FALSE
401373309,2021-11-17,Army,Merrimack,105,1,5:49,1549,1549,Ziggy Reid made Layup.,31,18,13,8,0.806500453337353,0.8462180578453099,3,4,-2,130.5,"c(""Nathan Farrell"", "" Nathan Hall"", "" Jack Loughran"")","West Point, NY",Christl Arena,5043,527,NA,NA,Merrimack,made,Ziggy Reid,NA,FALSE,FALSE,Merrimack,Army,FALSE
401373309,2021-11-17,Army,Merrimack,106,1,5:26,1526,1526,Josh Caldwell missed Jumper.,31,18,13,23,0.8093944965257888,0.8484195585261363,3,4,-2,130.5,"c(""Nathan Farrell"", "" Nathan Hall"", "" Jack Loughran"")","West Point, NY",Christl Arena,5043,527,NA,NA,Army,missed,Josh Caldwell,NA,FALSE,FALSE,Army,Merrimack,FALSE
401373309,2021-11-17,Army,Merrimack,107,1,5:23,1523,1523,Devin Jensen Defensive Rebound.,31,18,13,3,0.8097756961112713,0.8487098519484221,3,4,-2,130.5,"c(""Nathan Farrell"", "" Nathan Hall"", "" Jack Loughran"")","West Point, NY",Christl Arena,5043,527,NA,NA,NA,NA,NA,NA,NA,NA,Army,Merrimack,FALSE
401373309,2021-11-17,Army,Merrimack,108,1,5:14,1514,1514,Ziggy Reid missed Three Point Jumper.,31,18,13,9,0.8109256230031608,0.8495861152443737,3,4,-2,130.5,"c(""Nathan Farrell"", "" Nathan Hall"", "" Jack Loughran"")","West Point, NY",Christl Arena,5043,527,NA,NA,Merrimack,missed,Ziggy Reid,NA,TRUE,FALSE,Merrimack,Merrimack,FALSE
401373309,2021-11-17,Army,Merrimack,109,1,5:12,1512,1512,Justin Connolly Offensive Rebound.,31,18,13,2,0.811182545604875,0.8497820192567396,3,4,-2,130.5,"c(""Nathan Farrell"", "" Nathan Hall"", "" Jack Loughran"")","West Point, NY",Christl Arena,5043,527,NA,NA,NA,NA,NA,NA,NA,NA,Merrimack,Merrimack,FALSE
401373309,2021-11-17,Army,Merrimack,110,1,5:06,1506,1506,Malik Edmead missed Three Point Jumper.,31,18,13,6,0.8119565779260188,0.8503725184762313,3,4,-2,130.5,"c(""Nathan Farrell"", "" Nathan Hall"", "" Jack Loughran"")","West Point, NY",Christl Arena,5043,527,NA,NA,Merrimack,missed,Malik Edmead,NA,TRUE,FALSE,Merrimack,Army,FALSE
401373309,2021-11-17,Army,Merrimack,111,1,5:03,1503,1503,Isaiah Caldwell Defensive Rebound.,31,18,13,3,0.8123455188792051,0.8506694131444079,3,4,-2,130.5,"c(""Nathan Farrell"", "" Nathan Hall"", "" Jack Loughran"")","West Point, NY",Christl Arena,5043,527,NA,NA,NA,NA,NA,NA,NA,NA,Merrimack,Army,FALSE
401373309,2021-11-17,Army,Merrimack,112,1,4:27,1467,1467,Malik Edmead Turnover.,33,18,15,36,0.8543562072703584,0.8850510068304569,3,4,-2,130.5,"c(""Nathan Farrell"", "" Nathan Hall"", "" Jack Loughran"")","West Point, NY",Christl Arena,5043,527,NA,NA,NA,NA,NA,NA,NA,NA,Merrimack,Army,TRUE
401373309,2021-11-17,Army,Merrimack,113,1,4:14,1454,1454,TJ Small Turnover.,33,18,15,13,0.856057631257628,0.8863487379382624,3,4,-2,130.5,"c(""Nathan Farrell"", "" Nathan Hall"", "" Jack Loughran"")","West Point, NY",Christl Arena,5043,527,NA,NA,NA,NA,NA,NA,NA,NA,Army,Merrimack,FALSE
401373309,2021-11-17,Army,Merrimack,114,1,4:14,1454,1454,Mikey Watkins Steal.,33,18,15,0,0.856057631257628,0.8863487379382624,3,4,-2,130.5,"c(""Nathan Farrell"", "" Nathan Hall"", "" Jack Loughran"")","West Point, NY",Christl Arena,5043,527,NA,NA,NA,NA,NA,NA,NA,NA,Army,Merrimack,FALSE
401373309,2021-11-17,Army,Merrimack,115,1,4:07,1447,1447,Mikey Watkins missed Layup.,33,18,15,7,0.856984930854713,0.8870570776847502,3,4,-2,130.5,"c(""Nathan Farrell"", "" Nathan Hall"", "" Jack Loughran"")","West Point, NY",Christl Arena,5043,527,NA,NA,Merrimack,missed,Mikey Watkins,NA,FALSE,FALSE,Merrimack,Army,FALSE
401373309,2021-11-17,Army,Merrimack,116,1,4:03,1443,1443,Isaiah Caldwell Defensive Rebound.,33,18,15,4,0.8575092532887395,0.8874572860389259,3,4,-2,130.5,"c(""Nathan Farrell"", "" Nathan Hall"", "" Jack Loughran"")","West Point, NY",Christl Arena,5043,527,NA,NA,NA,NA,NA,NA,NA,NA,Merrimack,Army,FALSE
401373309,2021-11-17,Army,Merrimack,117,1,3:59,1439,1439,Foul on Justin Connolly.,33,18,15,4,0.8580278937966769,0.8878528147706001,3,4,-2,130.5,"c(""Nathan Farrell"", "" Nathan Hall"", "" Jack Loughran"")","West Point, NY",Christl Arena,5043,527,NA,NA,NA,NA,NA,NA,NA,NA,Army,Army,FALSE
401373309,2021-11-17,Army,Merrimack,118,1,3:59,1439,1439,Official TV Timeout,33,18,15,0,0.8580278937966769,0.8878528147706001,3,4,-2,130.5,"c(""Nathan Farrell"", "" Nathan Hall"", "" Jack Loughran"")","West Point, NY",Christl Arena,5043,527,NA,NA,NA,NA,NA,NA,NA,NA,Army,Army,FALSE
401373309,2021-11-17,Army,Merrimack,119,1,3:59,1439,1439,Matt Dove made Free Throw.,34,18,16,0,0.8740154670473618,0.9008698120964483,3,4,-2,130.5,"c(""Nathan Farrell"", "" Nathan Hall"", "" Jack Loughran"")","West Point, NY",Christl Arena,5043,527,NA,NA,Army,made,Matt Dove,NA,FALSE,TRUE,Army,Army,FALSE
401373309,2021-11-17,Army,Merrimack,120,1,3:59,1439,1439,Matt Dove made Free Throw.,35,18,17,0,0.8884367584679247,0.9125247777733266,3,4,-2,130.5,"c(""Nathan Farrell"", "" Nathan Hall"", "" Jack Loughran"")","West Point, NY",Christl Arena,5043,527,NA,NA,Army,made,Matt Dove,NA,FALSE,TRUE,Army,Merrimack,FALSE
401373309,2021-11-17,Army,Merrimack,121,1,3:35,1415,1415,Malik Edmead missed Jumper.,35,18,17,24,0.8911818275463979,0.9145989789035838,3,4,-2,130.5,"c(""Nathan Farrell"", "" Nathan Hall"", "" Jack Loughran"")","West Point, NY",Christl Arena,5043,527,NA,NA,Merrimack,missed,Malik Edmead,NA,FALSE,FALSE,Merrimack,Army,FALSE
401373309,2021-11-17,Army,Merrimack,122,1,3:32,1412,1412,Matt Dove Defensive Rebound.,35,18,17,3,0.8915141567612663,0.9148495903190521,3,4,-2,130.5,"c(""Nathan Farrell"", "" Nathan Hall"", "" Jack Loughran"")","West Point, NY",Christl Arena,5043,527,NA,NA,NA,NA,NA,NA,NA,NA,Merrimack,Army,FALSE
401373309,2021-11-17,Army,Merrimack,123,1,3:19,1399,1399,Jalen Rucker missed Jumper.,35,18,17,13,0.8929315849629675,0.9159174760255416,3,4,-2,130.5,"c(""Nathan Farrell"", "" Nathan Hall"", "" Jack Loughran"")","West Point, NY",Christl Arena,5043,527,NA,NA,Army,missed,Jalen Rucker,NA,FALSE,FALSE,Army,Merrimack,FALSE
401373309,2021-11-17,Army,Merrimack,124,1,3:15,1395,1395,Malik Edmead Defensive Rebound.,35,18,17,4,0.8933611066898327,0.9162407932665315,3,4,-2,130.5,"c(""Nathan Farrell"", "" Nathan Hall"", "" Jack Loughran"")","West Point, NY",Christl Arena,5043,527,NA,NA,NA,NA,NA,NA,NA,NA,Army,Merrimack,FALSE
401373309,2021-11-17,Army,Merrimack,125,1,2:54,1374,1374,Ziggy Reid missed Jumper.,35,18,17,21,0.8955763955206715,0.9179068362262787,3,4,-2,130.5,"c(""Nathan Farrell"", "" Nathan Hall"", "" Jack Loughran"")","West Point, NY",Christl Arena,5043,527,NA,NA,Merrimack,missed,Ziggy Reid,NA,FALSE,FALSE,Merrimack,Merrimack,FALSE
401373309,2021-11-17,Army,Merrimack,126,1,2:50,1370,1370,Malik Edmead Offensive Rebound.,35,18,17,4,0.8959923831653445,0.9182195014822014,3,4,-2,130.5,"c(""Nathan Farrell"", "" Nathan Hall"", "" Jack Loughran"")","West Point, NY",Christl Arena,5043,527,NA,NA,NA,NA,NA,NA,NA,NA,Merrimack,Merrimack,FALSE
401373309,2021-11-17,Army,Merrimack,127,1,2:50,1370,1370,Malik Edmead made Layup.,35,20,15,0,0.8663367838653926,0.8941528146541108,3,4,-2,130.5,"c(""Nathan Farrell"", "" Nathan Hall"", "" Jack Loughran"")","West Point, NY",Christl Arena,5043,527,NA,NA,Merrimack,made,Malik Edmead,NA,FALSE,FALSE,Merrimack,Army,FALSE
401373309,2021-11-17,Army,Merrimack,128,1,2:45,1365,1365,Foul on Justin Connolly.,35,20,15,5,0.8669100633545531,0.8945859236191115,3,4,-2,130.5,"c(""Nathan Farrell"", "" Nathan Hall"", "" Jack Loughran"")","West Point, NY",Christl Arena,5043,527,NA,NA,NA,NA,NA,NA,NA,NA,Army,Army,FALSE
401373309,2021-11-17,Army,Merrimack,129,1,2:44,1364,1364,Jalen Rucker Turnover.,35,20,15,1,0.8670245177637231,0.8946723867573091,3,4,-2,130.5,"c(""Nathan Farrell"", "" Nathan Hall"", "" Jack Loughran"")","West Point, NY",Christl Arena,5043,527,NA,NA,NA,NA,NA,NA,NA,NA,Army,Merrimack,FALSE
401373309,2021-11-17,Army,Merrimack,130,1,2:22,1342,1342,Mikey Watkins missed Three Point Jumper.,35,20,15,22,0.8695333233634194,0.8965676846137304,3,4,-2,130.5,"c(""Nathan Farrell"", "" Nathan Hall"", "" Jack Loughran"")","West Point, NY",Christl Arena,5043,527,NA,NA,Merrimack,missed,Mikey Watkins,NA,TRUE,FALSE,Merrimack,Army,FALSE
401373309,2021-11-17,Army,Merrimack,131,1,2:19,1339,1339,Matt Dove Defensive Rebound.,35,20,15,3,0.8698751200536078,0.8968259858242655,3,4,-2,130.5,"c(""Nathan Farrell"", "" Nathan Hall"", "" Jack Loughran"")","West Point, NY",Christl Arena,5043,527,NA,NA,NA,NA,NA,NA,NA,NA,Merrimack,Army,FALSE
401373309,2021-11-17,Army,Merrimack,132,1,2:16,1336,1336,Josh Caldwell made Layup. Assisted by Jalen Rucker.,37,20,17,3,0.899490712583051,0.9208491247481551,3,4,-2,130.5,"c(""Nathan Farrell"", "" Nathan Hall"", "" Jack Loughran"")","West Point, NY",Christl Arena,5043,527,NA,NA,Army,made,Josh Caldwell,Jalen Rucker,FALSE,FALSE,Army,Merrimack,FALSE
401373309,2021-11-17,Army,Merrimack,133,1,1:58,1318,1318,Mykel Derring missed Three Point Jumper.,37,20,17,18,0.9013409700361339,0.9222417837257197,3,4,-2,130.5,"c(""Nathan Farrell"", "" Nathan Hall"", "" Jack Loughran"")","West Point, NY",Christl Arena,5043,527,NA,NA,Merrimack,missed,Mykel Derring,NA,TRUE,FALSE,Merrimack,Army,FALSE
401373309,2021-11-17,Army,Merrimack,134,1,1:56,1316,1316,Josh Caldwell Defensive Rebound.,37,20,17,2,0.9015474686081341,0.9223973579144915,3,4,-2,130.5,"c(""Nathan Farrell"", "" Nathan Hall"", "" Jack Loughran"")","West Point, NY",Christl Arena,5043,527,NA,NA,NA,NA,NA,NA,NA,NA,Merrimack,Army,FALSE
401373309,2021-11-17,Army,Merrimack,135,1,1:27,1287,1287,TJ Small made Jumper.,39,20,19,29,0.9271847702407051,0.9428291491402163,3,4,-2,130.5,"c(""Nathan Farrell"", "" Nathan Hall"", "" Jack Loughran"")","West Point, NY",Christl Arena,5043,527,NA,NA,Army,made,TJ Small,NA,FALSE,FALSE,Army,Merrimack,FALSE
401373309,2021-11-17,Army,Merrimack,136,1,1:14,1274,1274,Ziggy Reid missed Three Point Jumper.,39,20,19,13,0.9283932244420819,0.9437406959270415,3,4,-2,130.5,"c(""Nathan Farrell"", "" Nathan Hall"", "" Jack Loughran"")","West Point, NY",Christl Arena,5043,527,NA,NA,Merrimack,missed,Ziggy Reid,NA,TRUE,FALSE,Merrimack,Army,FALSE
401373309,2021-11-17,Army,Merrimack,137,1,1:11,1271,1271,Josh Caldwell Defensive Rebound.,39,20,19,3,0.9286749594368319,0.9439534947576228,3,4,-2,130.5,"c(""Nathan Farrell"", "" Nathan Hall"", "" Jack Loughran"")","West Point, NY",Christl Arena,5043,527,NA,NA,NA,NA,NA,NA,NA,NA,Merrimack,Army,FALSE
401373309,2021-11-17,Army,Merrimack,138,1,1:07,1267,1267,Josh Caldwell Turnover.,39,20,19,4,0.9290524352477092,0.9442387819001635,3,4,-2,130.5,"c(""Nathan Farrell"", "" Nathan Hall"", "" Jack Loughran"")","West Point, NY",Christl Arena,5043,527,NA,NA,NA,NA,NA,NA,NA,NA,Army,Merrimack,FALSE
401373309,2021-11-17,Army,Merrimack,139,1,1:07,1267,1267,Mykel Derring Steal.,39,20,19,0,0.9290524352477092,0.9442387819001635,3,4,-2,130.5,"c(""Nathan Farrell"", "" Nathan Hall"", "" Jack Loughran"")","West Point, NY",Christl Arena,5043,527,NA,NA,NA,NA,NA,NA,NA,NA,Army,Merrimack,FALSE
401373309,2021-11-17,Army,Merrimack,140,1,0:57,1257,1257,Jordan Minor Turnover.,39,20,19,10,0.9300059144049785,0.9449603034241032,3,4,-2,130.5,"c(""Nathan Farrell"", "" Nathan Hall"", "" Jack Loughran"")","West Point, NY",Christl Arena,5043,527,NA,NA,NA,NA,NA,NA,NA,NA,Merrimack,Army,FALSE
401373309,2021-11-17,Army,Merrimack,141,1,0:57,1257,1257,Chris Mann Steal.,39,20,19,0,0.9300059144049785,0.9449603034241032,3,4,-2,130.5,"c(""Nathan Farrell"", "" Nathan Hall"", "" Jack Loughran"")","West Point, NY",Christl Arena,5043,527,NA,NA,NA,NA,NA,NA,NA,NA,Merrimack,Army,FALSE
401373309,2021-11-17,Army,Merrimack,142,1,0:54,1254,1254,Foul on Mikey Watkins.,39,20,19,3,0.9302948575701862,0.9451792141756306,3,4,-2,130.5,"c(""Nathan Farrell"", "" Nathan Hall"", "" Jack Loughran"")","West Point, NY",Christl Arena,5043,527,NA,NA,NA,NA,NA,NA,NA,NA,Army,Army,FALSE
401373309,2021-11-17,Army,Merrimack,143,1,0:37,1237,1237,Chris Mann missed Layup.,39,20,19,17,0.9319599410712556,0.9464431251370797,3,4,-2,130.5,"c(""Nathan Farrell"", "" Nathan Hall"", "" Jack Loughran"")","West Point, NY",Christl Arena,5043,527,NA,NA,Army,missed,Chris Mann,NA,FALSE,FALSE,Army,Merrimack,FALSE
401373309,2021-11-17,Army,Merrimack,144,1,0:37,1237,1237,Jordan McKoy Block.,39,20,19,0,0.9319599410712556,0.9464431251370797,3,4,-2,130.5,"c(""Nathan Farrell"", "" Nathan Hall"", "" Jack Loughran"")","West Point, NY",Christl Arena,5043,527,NA,NA,NA,NA,NA,NA,NA,NA,Army,Merrimack,FALSE
401373309,2021-11-17,Army,Merrimack,145,1,0:31,1231,1231,Jordan McKoy Defensive Rebound.,39,20,19,6,0.9325596701470255,0.9468993686757362,3,4,-2,130.5,"c(""Nathan Farrell"", "" Nathan Hall"", "" Jack Loughran"")","West Point, NY",Christl Arena,5043,527,NA,NA,NA,NA,NA,NA,NA,NA,Army,Army,FALSE
401373309,2021-11-17,Army,Merrimack,146,1,0:31,1231,1231,Foul on Ziggy Reid.,39,20,19,0,0.9325596701470255,0.9468993686757362,3,4,-2,130.5,"c(""Nathan Farrell"", "" Nathan Hall"", "" Jack Loughran"")","West Point, NY",Christl Arena,5043,527,NA,NA,NA,NA,NA,NA,NA,NA,Army,Army,FALSE
401373309,2021-11-17,Army,Merrimack,147,1,0:31,1231,1231,Ziggy Reid Turnover.,39,20,19,0,0.9325596701470255,0.9468993686757362,3,4,-2,130.5,"c(""Nathan Farrell"", "" Nathan Hall"", "" Jack Loughran"")","West Point, NY",Christl Arena,5043,527,NA,NA,NA,NA,NA,NA,NA,NA,Merrimack,Army,FALSE
401373309,2021-11-17,Army,Merrimack,148,1,0:00,1200,1200,Army  Turnover.,39,20,19,31,0.935741067407185,0.9493274924441191,3,4,-2,130.5,"c(""Nathan Farrell"", "" Nathan Hall"", "" Jack Loughran"")","West Point, NY",Christl Arena,5043,527,NA,NA,NA,NA,NA,NA,NA,NA,Army,Merrimack,FALSE
401373309,2021-11-17,Army,Merrimack,149,1,0:00,1200,1200,End of 1st half,39,20,19,0,0.935741067407185,0.9493274924441191,3,4,-2,130.5,"c(""Nathan Farrell"", "" Nathan Hall"", "" Jack Loughran"")","West Point, NY",Christl Arena,5043,527,NA,NA,NA,NA,NA,NA,NA,NA,Merrimack,NA,FALSE
401373309,2021-11-17,Army,Merrimack,150,2,20:00,1200,1200,PLAY,39,20,19,0,0.935741067407185,0.9493274924441191,4,4,-2,130.5,"c(""Nathan Farrell"", "" Nathan Hall"", "" Jack Loughran"")","West Point, NY",Christl Arena,5043,527,NA,NA,NA,NA,NA,NA,NA,NA,NA,Army,FALSE
401373309,2021-11-17,Army,Merrimack,151,2,19:49,1189,1189,Josh Caldwell Turnover.,39,20,19,11,0.9368324692336761,0.9501611186139297,4,4,-2,130.5,"c(""Nathan Farrell"", "" Nathan Hall"", "" Jack Loughran"")","West Point, NY",Christl Arena,5043,527,NA,NA,NA,NA,NA,NA,NA,NA,Army,Merrimack,FALSE
401373309,2021-11-17,Army,Merrimack,152,2,19:49,1189,1189,Mykel Derring Steal.,39,20,19,0,0.9368324692336761,0.9501611186139297,4,4,-2,130.5,"c(""Nathan Farrell"", "" Nathan Hall"", "" Jack Loughran"")","West Point, NY",Christl Arena,5043,527,NA,NA,NA,NA,NA,NA,NA,NA,Army,Merrimack,FALSE
401373309,2021-11-17,Army,Merrimack,153,2,19:33,1173,1173,Ziggy Reid missed Layup.,39,20,19,16,0.9383570714317394,0.9513251624300822,4,4,-2,130.5,"c(""Nathan Farrell"", "" Nathan Hall"", "" Jack Loughran"")","West Point, NY",Christl Arena,5043,527,NA,NA,Merrimack,missed,Ziggy Reid,NA,FALSE,FALSE,Merrimack,Army,FALSE
401373309,2021-11-17,Army,Merrimack,154,2,19:29,1169,1169,Jalen Rucker Defensive Rebound.,39,20,19,4,0.9387281571980625,0.95160843899185,4,4,-2,130.5,"c(""Nathan Farrell"", "" Nathan Hall"", "" Jack Loughran"")","West Point, NY",Christl Arena,5043,527,NA,NA,NA,NA,NA,NA,NA,NA,Merrimack,Army,FALSE
401373309,2021-11-17,Army,Merrimack,155,2,19:17,1157,1157,Jared Cross made Three Point Jumper. Assisted by Josh Caldwell.,42,20,22,12,0.9616387336843939,0.9698313343323155,4,4,-2,130.5,"c(""Nathan Farrell"", "" Nathan Hall"", "" Jack Loughran"")","West Point, NY",Christl Arena,5043,527,NA,NA,Army,made,Jared Cross,Josh Caldwell,TRUE,FALSE,Army,Merrimack,FALSE
401373309,2021-11-17,Army,Merrimack,156,2,18:57,1137,1137,Jordan Minor Turnover.,42,20,22,20,0.9629602722944663,0.9708371267140545,4,4,-2,130.5,"c(""Nathan Farrell"", "" Nathan Hall"", "" Jack Loughran"")","West Point, NY",Christl Arena,5043,527,NA,NA,NA,NA,NA,NA,NA,NA,Merrimack,Army,FALSE
401373309,2021-11-17,Army,Merrimack,157,2,18:57,1137,1137,Josh Caldwell Steal.,42,20,22,0,0.9629602722944663,0.9708371267140545,4,4,-2,130.5,"c(""Nathan Farrell"", "" Nathan Hall"", "" Jack Loughran"")","West Point, NY",Christl Arena,5043,527,NA,NA,NA,NA,NA,NA,NA,NA,Merrimack,Army,FALSE
401373309,2021-11-17,Army,Merrimack,158,2,18:50,1130,1130,Josh Caldwell Turnover.,42,20,22,7,0.963411794024298,0.9711809635841488,4,4,-2,130.5,"c(""Nathan Farrell"", "" Nathan Hall"", "" Jack Loughran"")","West Point, NY",Christl Arena,5043,527,NA,NA,NA,NA,NA,NA,NA,NA,Army,Merrimack,FALSE
401373309,2021-11-17,Army,Merrimack,159,2,18:41,1121,1121,Jordan Minor Turnover.,42,20,22,9,0.9639859203352155,0.9716183593211236,4,4,-2,130.5,"c(""Nathan Farrell"", "" Nathan Hall"", "" Jack Loughran"")","West Point, NY",Christl Arena,5043,527,NA,NA,NA,NA,NA,NA,NA,NA,Merrimack,Army,FALSE
401373309,2021-11-17,Army,Merrimack,160,2,18:20,1100,1100,Jalen Rucker made Three Point Jumper. Assisted by Charlie Peterson.,45,20,25,21,0.9783896857670029,0.9829972564785262,4,4,-2,130.5,"c(""Nathan Farrell"", "" Nathan Hall"", "" Jack Loughran"")","West Point, NY",Christl Arena,5043,527,NA,NA,Army,made,Jalen Rucker,Charlie Peterson,TRUE,FALSE,Army,Merrimack,FALSE
401373309,2021-11-17,Army,Merrimack,161,2,18:02,1082,1082,Mikey Watkins missed Layup.,45,20,25,18,0.9791872369689495,0.9836059897360065,4,4,-2,130.5,"c(""Nathan Farrell"", "" Nathan Hall"", "" Jack Loughran"")","West Point, NY",Christl Arena,5043,527,NA,NA,Merrimack,missed,Mikey Watkins,NA,FALSE,FALSE,Merrimack,Army,FALSE
401373309,2021-11-17,Army,Merrimack,162,2,17:58,1078,1078,Jared Cross Defensive Rebound.,45,20,25,4,0.9793636870215741,0.9837408178160066,4,4,-2,130.5,"c(""Nathan Farrell"", "" Nathan Hall"", "" Jack Loughran"")","West Point, NY",Christl Arena,5043,527,NA,NA,NA,NA,NA,NA,NA,NA,Merrimack,Army,FALSE
401373309,2021-11-17,Army,Merrimack,163,2,17:47,1067,1067,Jared Cross missed Three Point Jumper.,45,20,25,11,0.9798484437799231,0.9841115344958438,4,4,-2,130.5,"c(""Nathan Farrell"", "" Nathan Hall"", "" Jack Loughran"")","West Point, NY",Christl Arena,5043,527,NA,NA,Army,missed,Jared Cross,NA,TRUE,FALSE,Army,Merrimack,FALSE
401373309,2021-11-17,Army,Merrimack,164,2,17:44,1064,1064,Mikey Watkins Defensive Rebound.,45,20,25,3,0.9799806526431707,0.9842127218505826,4,4,-2,130.5,"c(""Nathan Farrell"", "" Nathan Hall"", "" Jack Loughran"")","West Point, NY",Christl Arena,5043,527,NA,NA,NA,NA,NA,NA,NA,NA,Army,Merrimack,FALSE
401373309,2021-11-17,Army,Merrimack,165,2,17:31,1051,1051,Jordan Minor missed Layup.,45,20,25,13,0.9805544191448798,0.9846522795824459,4,4,-2,130.5,"c(""Nathan Farrell"", "" Nathan Hall"", "" Jack Loughran"")","West Point, NY",Christl Arena,5043,527,NA,NA,Merrimack,missed,Jordan Minor,NA,FALSE,FALSE,Merrimack,Army,FALSE
401373309,2021-11-17,Army,Merrimack,166,2,17:31,1051,1051,Aaron Duhart Defensive Rebound.,45,20,25,0,0.9805544191448798,0.9846522795824459,4,4,-2,130.5,"c(""Nathan Farrell"", "" Nathan Hall"", "" Jack Loughran"")","West Point, NY",Christl Arena,5043,527,NA,NA,NA,NA,NA,NA,NA,NA,Merrimack,Army,FALSE
401373309,2021-11-17,Army,Merrimack,167,2,17:23,1043,1043,Foul on Charlie Peterson.,45,20,25,8,0.980908748068401,0.9849240796171943,4,4,-2,130.5,"c(""Nathan Farrell"", "" Nathan Hall"", "" Jack Loughran"")","West Point, NY",Christl Arena,5043,527,NA,NA,NA,NA,NA,NA,NA,NA,Army,Merrimack,FALSE
401373309,2021-11-17,Army,Merrimack,168,2,17:23,1043,1043,Charlie Peterson Turnover.,45,20,25,0,0.980908748068401,0.9849240796171943,4,4,-2,130.5,"c(""Nathan Farrell"", "" Nathan Hall"", "" Jack Loughran"")","West Point, NY",Christl Arena,5043,527,NA,NA,NA,NA,NA,NA,NA,NA,Army,Merrimack,FALSE
401373309,2021-11-17,Army,Merrimack,169,2,17:15,1035,1035,Mykel Derring made Jumper.,45,22,23,8,0.9739813414602896,0.9794108141997975,4,4,-2,130.5,"c(""Nathan Farrell"", "" Nathan Hall"", "" Jack Loughran"")","West Point, NY",Christl Arena,5043,527,NA,NA,Merrimack,made,Mykel Derring,NA,FALSE,FALSE,Merrimack,Army,FALSE
401373309,2021-11-17,Army,Merrimack,170,2,17:02,1022,1022,Foul on Jordan Minor.,45,22,23,13,0.9747222302079734,0.979980716100272,4,4,-2,130.5,"c(""Nathan Farrell"", "" Nathan Hall"", "" Jack Loughran"")","West Point, NY",Christl Arena,5043,527,NA,NA,NA,NA,NA,NA,NA,NA,Army,Army,FALSE
401373309,2021-11-17,Army,Merrimack,171,2,16:35,995,995,Jared Cross missed Jumper.,45,22,23,27,0.9762919818232774,0.981191442170715,4,4,-2,130.5,"c(""Nathan Farrell"", "" Nathan Hall"", "" Jack Loughran"")","West Point, NY",Christl Arena,5043,527,NA,NA,Army,missed,Jared Cross,NA,FALSE,FALSE,Army,Merrimack,FALSE
401373309,2021-11-17,Army,Merrimack,172,2,16:32,992,992,Mikey Watkins Defensive Rebound.,45,22,23,3,0.9764692878740074,0.9813284732206508,4,4,-2,130.5,"c(""Nathan Farrell"", "" Nathan Hall"", "" Jack Loughran"")","West Point, NY",Christl Arena,5043,527,NA,NA,NA,NA,NA,NA,NA,NA,Army,Merrimack,FALSE
401373309,2021-11-17,Army,Merrimack,173,2,16:24,984,984,Devin Jensen missed Three Point Jumper.,45,22,23,8,0.9769451005178031,0.9816964810658217,4,4,-2,130.5,"c(""Nathan Farrell"", "" Nathan Hall"", "" Jack Loughran"")","West Point, NY",Christl Arena,5043,527,NA,NA,Merrimack,missed,Devin Jensen,NA,TRUE,FALSE,Merrimack,Army,FALSE
401373309,2021-11-17,Army,Merrimack,174,2,16:21,981,981,Isaiah Caldwell Defensive Rebound.,45,22,23,3,0.9771246671394207,0.9818354671968008,4,4,-2,130.5,"c(""Nathan Farrell"", "" Nathan Hall"", "" Jack Loughran"")","West Point, NY",Christl Arena,5043,527,NA,NA,NA,NA,NA,NA,NA,NA,Merrimack,Army,FALSE
401373309,2021-11-17,Army,Merrimack,175,2,16:12,972,972,Isaiah Caldwell missed Three Point Jumper.,45,22,23,9,0.9776671217522654,0.9822556743880668,4,4,-2,130.5,"c(""Nathan Farrell"", "" Nathan Hall"", "" Jack Loughran"")","West Point, NY",Christl Arena,5043,527,NA,NA,Army,missed,Isaiah Caldwell,NA,TRUE,FALSE,Army,Army,FALSE
401373309,2021-11-17,Army,Merrimack,176,2,16:10,970,970,Jared Cross Offensive Rebound.,45,22,23,2,0.9777884331683369,0.9823497170238212,4,4,-2,130.5,"c(""Nathan Farrell"", "" Nathan Hall"", "" Jack Loughran"")","West Point, NY",Christl Arena,5043,527,NA,NA,NA,NA,NA,NA,NA,NA,Army,Army,FALSE
401373309,2021-11-17,Army,Merrimack,177,2,16:07,967,967,Jared Cross missed Three Point Jumper.,45,22,23,3,0.9779682991154334,0.9824891674204923,4,4,-2,130.5,"c(""Nathan Farrell"", "" Nathan Hall"", "" Jack Loughran"")","West Point, NY",Christl Arena,5043,527,NA,NA,Army,missed,Jared Cross,NA,TRUE,FALSE,Army,Army,FALSE
401373309,2021-11-17,Army,Merrimack,178,2,16:04,964,964,Josh Caldwell Offensive Rebound.,45,22,23,3,0.9781436749528531,0.9826251298151725,4,4,-2,130.5,"c(""Nathan Farrell"", "" Nathan Hall"", "" Jack Loughran"")","West Point, NY",Christl Arena,5043,527,NA,NA,NA,NA,NA,NA,NA,NA,Army,Army,FALSE
401373309,2021-11-17,Army,Merrimack,179,2,15:56,956,956,Josh Caldwell missed Three Point Jumper.,45,22,23,8,0.978590818271941,0.9829717533679238,4,4,-2,130.5,"c(""Nathan Farrell"", "" Nathan Hall"", "" Jack Loughran"")","West Point, NY",Christl Arena,5043,527,NA,NA,Army,missed,Josh Caldwell,NA,TRUE,FALSE,Army,Merrimack,FALSE
401373309,2021-11-17,Army,Merrimack,180,2,15:54,954,954,Mikey Watkins Defensive Rebound.,45,22,23,2,0.9786982284625028,0.9830550110534796,4,4,-2,130.5,"c(""Nathan Farrell"", "" Nathan Hall"", "" Jack Loughran"")","West Point, NY",Christl Arena,5043,527,NA,NA,NA,NA,NA,NA,NA,NA,Army,Merrimack,FALSE
401373309,2021-11-17,Army,Merrimack,181,2,15:51,951,951,Mikey Watkins made Layup.,45,24,21,3,0.9701508716466546,0.9762080305223552,4,4,-2,130.5,"c(""Nathan Farrell"", "" Nathan Hall"", "" Jack Loughran"")","West Point, NY",Christl Arena,5043,527,NA,NA,Merrimack,made,Mikey Watkins,NA,FALSE,FALSE,Merrimack,Army,FALSE
401373309,2021-11-17,Army,Merrimack,182,2,15:30,930,930,Josh Caldwell made Layup. Assisted by Matt Dove.,47,24,23,21,0.9798722755707515,0.9839649447275911,4,4,-2,130.5,"c(""Nathan Farrell"", "" Nathan Hall"", "" Jack Loughran"")","West Point, NY",Christl Arena,5043,527,NA,NA,Army,made,Josh Caldwell,Matt Dove,FALSE,FALSE,Army,Merrimack,FALSE
401373309,2021-11-17,Army,Merrimack,183,2,15:10,910,910,Mykel Derring missed Three Point Jumper.,47,24,23,20,0.9807253014813184,0.9846260948418213,4,4,-2,130.5,"c(""Nathan Farrell"", "" Nathan Hall"", "" Jack Loughran"")","West Point, NY",Christl Arena,5043,527,NA,NA,Merrimack,missed,Mykel Derring,NA,TRUE,FALSE,Merrimack,Army,FALSE
401373309,2021-11-17,Army,Merrimack,184,2,15:08,908,908,Josh Caldwell Defensive Rebound.,47,24,23,2,0.980805992656748,0.9846886478609631,4,4,-2,130.5,"c(""Nathan Farrell"", "" Nathan Hall"", "" Jack Loughran"")","West Point, NY",Christl Arena,5043,527,NA,NA,NA,NA,NA,NA,NA,NA,Merrimack,Army,FALSE
401373309,2021-11-17,Army,Merrimack,185,2,15:05,905,905,Jalen Rucker missed Three Point Jumper.,47,24,23,3,0.9809257347975058,0.9847814803408426,4,4,-2,130.5,"c(""Nathan Farrell"", "" Nathan Hall"", "" Jack Loughran"")","West Point, NY",Christl Arena,5043,527,NA,NA,Army,missed,Jalen Rucker,NA,TRUE,FALSE,Army,Merrimack,FALSE
401373309,2021-11-17,Army,Merrimack,186,2,15:02,902,902,Ziggy Reid Defensive Rebound.,47,24,23,3,0.9810440242393502,0.9848731954183917,4,4,-2,130.5,"c(""Nathan Farrell"", "" Nathan Hall"", "" Jack Loughran"")","West Point, NY",Christl Arena,5043,527,NA,NA,NA,NA,NA,NA,NA,NA,Army,Merrimack,FALSE
401373309,2021-11-17,Army,Merrimack,187,2,14:48,888,888,Mikey Watkins missed Jumper.,47,24,23,14,0.9815800312249545,0.9852889332536522,4,4,-2,130.5,"c(""Nathan Farrell"", "" Nathan Hall"", "" Jack Loughran"")","West Point, NY",Christl Arena,5043,527,NA,NA,Merrimack,missed,Mikey Watkins,NA,FALSE,FALSE,Merrimack,Merrimack,FALSE
401373309,2021-11-17,Army,Merrimack,188,2,14:44,884,884,Justin Connolly Offensive Rebound.,47,24,23,4,0.9817293031244819,0.98540476699175,4,4,-2,130.5,"c(""Nathan Farrell"", "" Nathan Hall"", "" Jack Loughran"")","West Point, NY",Christl Arena,5043,527,NA,NA,NA,NA,NA,NA,NA,NA,Merrimack,Merrimack,FALSE
401373309,2021-11-17,Army,Merrimack,189,2,14:44,884,884,Foul on Matt Dove.,47,24,23,0,0.9817293031244819,0.98540476699175,4,4,-2,130.5,"c(""Nathan Farrell"", "" Nathan Hall"", "" Jack Loughran"")","West Point, NY",Christl Arena,5043,527,NA,NA,NA,NA,NA,NA,NA,NA,Merrimack,Merrimack,FALSE
401373309,2021-11-17,Army,Merrimack,190,2,14:44,884,884,Justin Connolly missed Free Throw.,47,24,23,0,0.9817293031244819,0.98540476699175,4,4,-2,130.5,"c(""Nathan Farrell"", "" Nathan Hall"", "" Jack Loughran"")","West Point, NY",Christl Arena,5043,527,NA,NA,Merrimack,missed,Justin Connolly,NA,FALSE,TRUE,Merrimack,Merrimack,FALSE
401373309,2021-11-17,Army,Merrimack,191,2,14:44,884,884,Merrimack Deadball Team Rebound.,47,24,23,0,0.9817293031244819,0.98540476699175,4,4,-2,130.5,"c(""Nathan Farrell"", "" Nathan Hall"", "" Jack Loughran"")","West Point, NY",Christl Arena,5043,527,NA,NA,NA,NA,NA,NA,NA,NA,Merrimack,Merrimack,FALSE
401373309,2021-11-17,Army,Merrimack,192,2,14:44,884,884,Justin Connolly missed Free Throw.,47,24,23,0,0.9817293031244819,0.98540476699175,4,4,-2,130.5,"c(""Nathan Farrell"", "" Nathan Hall"", "" Jack Loughran"")","West Point, NY",Christl Arena,5043,527,NA,NA,Merrimack,missed,Justin Connolly,NA,FALSE,TRUE,Merrimack,Merrimack,FALSE
401373309,2021-11-17,Army,Merrimack,193,2,14:44,884,884,Official TV Timeout,47,24,23,0,0.9817293031244819,0.98540476699175,4,4,-2,130.5,"c(""Nathan Farrell"", "" Nathan Hall"", "" Jack Loughran"")","West Point, NY",Christl Arena,5043,527,NA,NA,NA,NA,NA,NA,NA,NA,Merrimack,Merrimack,FALSE
401373309,2021-11-17,Army,Merrimack,194,2,14:43,883,883,Isaiah Caldwell Defensive Rebound.,47,24,23,1,0.9817664106194857,0.9854335666325514,4,4,-2,130.5,"c(""Nathan Farrell"", "" Nathan Hall"", "" Jack Loughran"")","West Point, NY",Christl Arena,5043,527,NA,NA,NA,NA,NA,NA,NA,NA,Merrimack,Army,FALSE
401373309,2021-11-17,Army,Merrimack,195,2,14:19,859,859,TJ Small Turnover.,47,24,23,24,0.9826415931958163,0.9861134672997428,4,4,-2,130.5,"c(""Nathan Farrell"", "" Nathan Hall"", "" Jack Loughran"")","West Point, NY",Christl Arena,5043,527,NA,NA,NA,NA,NA,NA,NA,NA,Army,Merrimack,FALSE
401373309,2021-11-17,Army,Merrimack,196,2,14:19,859,859,Justin Connolly Steal.,47,24,23,0,0.9826415931958163,0.9861134672997428,4,4,-2,130.5,"c(""Nathan Farrell"", "" Nathan Hall"", "" Jack Loughran"")","West Point, NY",Christl Arena,5043,527,NA,NA,NA,NA,NA,NA,NA,NA,Army,Merrimack,FALSE
401373309,2021-11-17,Army,Merrimack,197,2,14:06,846,846,Jordan McKoy missed Three Point Jumper.,47,24,23,13,0.9831128280760524,0.9864802069396037,4,4,-2,130.5,"c(""Nathan Farrell"", "" Nathan Hall"", "" Jack Loughran"")","West Point, NY",Christl Arena,5043,527,NA,NA,Merrimack,missed,Jordan McKoy,NA,TRUE,FALSE,Merrimack,Army,FALSE
401373309,2021-11-17,Army,Merrimack,198,2,14:03,843,843,Nolan Naess Defensive Rebound.,47,24,23,3,0.9832222085395381,0.9865654092717439,4,4,-2,130.5,"c(""Nathan Farrell"", "" Nathan Hall"", "" Jack Loughran"")","West Point, NY",Christl Arena,5043,527,NA,NA,NA,NA,NA,NA,NA,NA,Merrimack,Army,FALSE
401373309,2021-11-17,Army,Merrimack,199,2,13:53,833,833,TJ Small missed Three Point Jumper.,47,24,23,10,0.9835899571624034,0.9868520946569589,4,4,-2,130.5,"c(""Nathan Farrell"", "" Nathan Hall"", "" Jack Loughran"")","West Point, NY",Christl Arena,5043,527,NA,NA,Army,missed,TJ Small,NA,TRUE,FALSE,Army,Merrimack,FALSE
401373309,2021-11-17,Army,Merrimack,200,2,13:51,831,831,Malik Edmead Defensive Rebound.,47,24,23,2,0.9836642291882325,0.9869100382534793,4,4,-2,130.5,"c(""Nathan Farrell"", "" Nathan Hall"", "" Jack Loughran"")","West Point, NY",Christl Arena,5043,527,NA,NA,NA,NA,NA,NA,NA,NA,Army,Merrimack,FALSE
401373309,2021-11-17,Army,Merrimack,201,2,13:31,811,811,Ziggy Reid missed Three Point Jumper.,47,24,23,20,0.9844251630178907,0.9875045502346127,4,4,-2,130.5,"c(""Nathan Farrell"", "" Nathan Hall"", "" Jack Loughran"")","West Point, NY",Christl Arena,5043,527,NA,NA,Merrimack,missed,Ziggy Reid,NA,TRUE,FALSE,Merrimack,Army,FALSE
401373309,2021-11-17,Army,Merrimack,202,2,13:28,808,808,TJ Small Defensive Rebound.,47,24,23,3,0.9845426983459163,0.9875965214250937,4,4,-2,130.5,"c(""Nathan Farrell"", "" Nathan Hall"", "" Jack Loughran"")","West Point, NY",Christl Arena,5043,527,NA,NA,NA,NA,NA,NA,NA,NA,Merrimack,Army,FALSE
401373309,2021-11-17,Army,Merrimack,203,2,13:15,795,795,Nolan Naess Offensive Rebound.,47,24,23,13,0.9850642490565182,0.9880050860111836,4,4,-2,130.5,"c(""Nathan Farrell"", "" Nathan Hall"", "" Jack Loughran"")","West Point, NY",Christl Arena,5043,527,NA,NA,NA,NA,NA,NA,NA,NA,Army,Army,FALSE
401373309,2021-11-17,Army,Merrimack,204,2,13:10,790,790,TJ Small missed Three Point Jumper.,47,24,23,5,0.9852705442079245,0.9881668905354705,4,4,-2,130.5,"c(""Nathan Farrell"", "" Nathan Hall"", "" Jack Loughran"")","West Point, NY",Christl Arena,5043,527,NA,NA,Army,missed,TJ Small,NA,TRUE,FALSE,Army,Army,FALSE
401373309,2021-11-17,Army,Merrimack,205,2,13:07,787,787,Charlie Peterson Offensive Rebound.,47,24,23,3,0.9853959335652113,0.9882652920345051,4,4,-2,130.5,"c(""Nathan Farrell"", "" Nathan Hall"", "" Jack Loughran"")","West Point, NY",Christl Arena,5043,527,NA,NA,NA,NA,NA,NA,NA,NA,Army,Army,FALSE
401373309,2021-11-17,Army,Merrimack,206,2,13:07,787,787,Foul on Justin Connolly.,47,24,23,0,0.9853959335652113,0.9882652920345051,4,4,-2,130.5,"c(""Nathan Farrell"", "" Nathan Hall"", "" Jack Loughran"")","West Point, NY",Christl Arena,5043,527,NA,NA,NA,NA,NA,NA,NA,NA,Army,Army,FALSE
401373309,2021-11-17,Army,Merrimack,207,2,12:50,770,770,Jalen Rucker made Jumper.,49,24,25,17,0.9905668004569974,0.9924180463435192,4,4,-2,130.5,"c(""Nathan Farrell"", "" Nathan Hall"", "" Jack Loughran"")","West Point, NY",Christl Arena,5043,527,NA,NA,Army,made,Jalen Rucker,NA,FALSE,FALSE,Army,Merrimack,FALSE
401373309,2021-11-17,Army,Merrimack,208,2,12:50,770,770,Foul on Justin Connolly.,49,24,25,0,0.9905668004569974,0.9924180463435192,4,4,-2,130.5,"c(""Nathan Farrell"", "" Nathan Hall"", "" Jack Loughran"")","West Point, NY",Christl Arena,5043,527,NA,NA,NA,NA,NA,NA,NA,NA,Army,Merrimack,FALSE
401373309,2021-11-17,Army,Merrimack,209,2,12:48,768,768,Jalen Rucker missed Free Throw.,49,24,25,2,0.9906328685399112,0.9924700440356949,4,4,-2,130.5,"c(""Nathan Farrell"", "" Nathan Hall"", "" Jack Loughran"")","West Point, NY",Christl Arena,5043,527,NA,NA,Army,missed,Jalen Rucker,NA,FALSE,TRUE,Army,Merrimack,FALSE
401373309,2021-11-17,Army,Merrimack,210,2,12:47,767,767,Mykel Derring Defensive Rebound.,49,24,25,1,0.9906660519144879,0.9924961656723287,4,4,-2,130.5,"c(""Nathan Farrell"", "" Nathan Hall"", "" Jack Loughran"")","West Point, NY",Christl Arena,5043,527,NA,NA,NA,NA,NA,NA,NA,NA,Army,Merrimack,FALSE
401373309,2021-11-17,Army,Merrimack,211,2,12:22,742,742,James Berry III missed Three Point Jumper.,49,24,25,25,0.9915275464070673,0.9931755139981957,4,4,-2,130.5,"c(""Nathan Farrell"", "" Nathan Hall"", "" Jack Loughran"")","West Point, NY",Christl Arena,5043,527,NA,NA,Merrimack,missed,James Berry III,NA,TRUE,FALSE,Merrimack,Army,FALSE
401373309,2021-11-17,Army,Merrimack,212,2,12:20,740,740,Aaron Duhart Defensive Rebound.,49,24,25,2,0.9915990287969755,0.9932319822296559,4,4,-2,130.5,"c(""Nathan Farrell"", "" Nathan Hall"", "" Jack Loughran"")","West Point, NY",Christl Arena,5043,527,NA,NA,NA,NA,NA,NA,NA,NA,Merrimack,Army,FALSE
401373309,2021-11-17,Army,Merrimack,213,2,12:12,732,732,Aaron Duhart made Three Point Jumper. Assisted by Jalen Rucker.,52,24,28,8,0.9955444115421938,0.9964106307586529,4,4,-2,130.5,"c(""Nathan Farrell"", "" Nathan Hall"", "" Jack Loughran"")","West Point, NY",Christl Arena,5043,527,NA,NA,Army,made,Aaron Duhart,Jalen Rucker,TRUE,FALSE,Army,Merrimack,FALSE
401373309,2021-11-17,Army,Merrimack,214,2,11:50,710,710,Foul on Aaron Duhart.,52,24,28,22,0.9959897842718125,0.996763197846179,4,4,-2,130.5,"c(""Nathan Farrell"", "" Nathan Hall"", "" Jack Loughran"")","West Point, NY",Christl Arena,5043,527,NA,NA,NA,NA,NA,NA,NA,NA,Merrimack,Merrimack,FALSE
401373309,2021-11-17,Army,Merrimack,215,2,11:50,710,710,Official TV Timeout,52,24,28,0,0.9959897842718125,0.996763197846179,4,4,-2,130.5,"c(""Nathan Farrell"", "" Nathan Hall"", "" Jack Loughran"")","West Point, NY",Christl Arena,5043,527,NA,NA,NA,NA,NA,NA,NA,NA,Merrimack,Merrimack,FALSE
401373309,2021-11-17,Army,Merrimack,216,2,11:35,695,695,Jordan Minor made Layup. Assisted by Jordan McKoy.,52,26,26,15,0.9943201424447216,0.9954080285543397,4,4,-2,130.5,"c(""Nathan Farrell"", "" Nathan Hall"", "" Jack Loughran"")","West Point, NY",Christl Arena,5043,527,NA,NA,Merrimack,made,Jordan Minor,Jordan McKoy,FALSE,FALSE,Merrimack,Army,FALSE
401373309,2021-11-17,Army,Merrimack,217,2,11:11,671,671,Jalen Rucker Turnover.,52,26,26,24,0.9947953963327036,0.9957839243736569,4,4,-2,130.5,"c(""Nathan Farrell"", "" Nathan Hall"", "" Jack Loughran"")","West Point, NY",Christl Arena,5043,527,NA,NA,NA,NA,NA,NA,NA,NA,Army,Merrimack,FALSE
401373309,2021-11-17,Army,Merrimack,218,2,11:11,671,671,Jordan Minor Steal.,52,26,26,0,0.9947953963327036,0.9957839243736569,4,4,-2,130.5,"c(""Nathan Farrell"", "" Nathan Hall"", "" Jack Loughran"")","West Point, NY",Christl Arena,5043,527,NA,NA,NA,NA,NA,NA,NA,NA,Army,Merrimack,FALSE
401373309,2021-11-17,Army,Merrimack,219,2,11:07,667,667,Jordan Minor made Layup.,52,28,24,4,0.9921999514950212,0.9936761408438565,4,4,-2,130.5,"c(""Nathan Farrell"", "" Nathan Hall"", "" Jack Loughran"")","West Point, NY",Christl Arena,5043,527,NA,NA,Merrimack,made,Jordan Minor,NA,FALSE,FALSE,Merrimack,Army,FALSE
401373309,2021-11-17,Army,Merrimack,220,2,11:06,666,666,Army  Timeout,52,28,24,1,0.9922253327794802,0.993696208537564,4,3,-2,130.5,"c(""Nathan Farrell"", "" Nathan Hall"", "" Jack Loughran"")","West Point, NY",Christl Arena,5043,527,NA,NA,NA,NA,NA,NA,NA,NA,Army,Army,FALSE
401373309,2021-11-17,Army,Merrimack,221,2,10:56,656,656,Josh Caldwell missed Layup.,52,28,24,10,0.9924750593577515,0.9938937301799994,4,3,-2,130.5,"c(""Nathan Farrell"", "" Nathan Hall"", "" Jack Loughran"")","West Point, NY",Christl Arena,5043,527,NA,NA,Army,missed,Josh Caldwell,NA,FALSE,FALSE,Army,Merrimack,FALSE
401373309,2021-11-17,Army,Merrimack,222,2,10:56,656,656,Jordan Minor Block.,52,28,24,0,0.9924750593577515,0.9938937301799994,4,3,-2,130.5,"c(""Nathan Farrell"", "" Nathan Hall"", "" Jack Loughran"")","West Point, NY",Christl Arena,5043,527,NA,NA,NA,NA,NA,NA,NA,NA,Army,Merrimack,FALSE
401373309,2021-11-17,Army,Merrimack,223,2,10:52,652,652,Jordan Minor Defensive Rebound.,52,28,24,4,0.9925734468861012,0.9939715963359264,4,3,-2,130.5,"c(""Nathan Farrell"", "" Nathan Hall"", "" Jack Loughran"")","West Point, NY",Christl Arena,5043,527,NA,NA,NA,NA,NA,NA,NA,NA,Army,Merrimack,FALSE
401373309,2021-11-17,Army,Merrimack,224,2,10:48,648,648,Malik Edmead Turnover.,52,28,24,4,0.9926713477841108,0.99404910920502,4,3,-2,130.5,"c(""Nathan Farrell"", "" Nathan Hall"", "" Jack Loughran"")","West Point, NY",Christl Arena,5043,527,NA,NA,NA,NA,NA,NA,NA,NA,Merrimack,Army,FALSE
401373309,2021-11-17,Army,Merrimack,225,2,10:48,648,648,Jared Cross Steal.,52,28,24,0,0.9926713477841108,0.99404910920502,4,3,-2,130.5,"c(""Nathan Farrell"", "" Nathan Hall"", "" Jack Loughran"")","West Point, NY",Christl Arena,5043,527,NA,NA,NA,NA,NA,NA,NA,NA,Merrimack,Army,FALSE
401373309,2021-11-17,Army,Merrimack,226,2,10:41,641,641,Isaiah Caldwell made Layup. Assisted by Josh Caldwell.,54,28,26,7,0.9953248906047768,0.9962033720325862,4,3,-2,130.5,"c(""Nathan Farrell"", "" Nathan Hall"", "" Jack Loughran"")","West Point, NY",Christl Arena,5043,527,NA,NA,Army,made,Isaiah Caldwell,Josh Caldwell,FALSE,FALSE,Army,Merrimack,FALSE
401373309,2021-11-17,Army,Merrimack,227,2,10:19,619,619,James Berry III made Three Point Jumper. Assisted by Malik Edmead.,54,31,23,22,0.9917925563291196,0.9933171398054588,4,3,-2,130.5,"c(""Nathan Farrell"", "" Nathan Hall"", "" Jack Loughran"")","West Point, NY",Christl Arena,5043,527,NA,NA,Merrimack,made,James Berry III,Malik Edmead,TRUE,FALSE,Merrimack,Army,FALSE
401373309,2021-11-17,Army,Merrimack,228,2,10:04,604,604,Foul on Jordan McKoy.,54,31,23,15,0.9922530155252356,0.9936836908496594,4,3,-2,130.5,"c(""Nathan Farrell"", "" Nathan Hall"", "" Jack Loughran"")","West Point, NY",Christl Arena,5043,527,NA,NA,NA,NA,NA,NA,NA,NA,Army,Army,FALSE
401373309,2021-11-17,Army,Merrimack,229,2,10:04,604,604,Charlie Peterson missed Free Throw.,54,31,23,0,0.9922530155252356,0.9936836908496594,4,3,-2,130.5,"c(""Nathan Farrell"", "" Nathan Hall"", "" Jack Loughran"")","West Point, NY",Christl Arena,5043,527,NA,NA,Army,missed,Charlie Peterson,NA,FALSE,TRUE,Army,Army,FALSE
401373309,2021-11-17,Army,Merrimack,230,2,10:04,604,604,Army Deadball Team Rebound.,54,31,23,0,0.9922530155252356,0.9936836908496594,4,3,-2,130.5,"c(""Nathan Farrell"", "" Nathan Hall"", "" Jack Loughran"")","West Point, NY",Christl Arena,5043,527,NA,NA,NA,NA,NA,NA,NA,NA,Army,Army,FALSE
401373309,2021-11-17,Army,Merrimack,231,2,10:04,604,604,Charlie Peterson made Free Throw.,55,31,24,0,0.9937729116030872,0.9949243357257618,4,3,-2,130.5,"c(""Nathan Farrell"", "" Nathan Hall"", "" Jack Loughran"")","West Point, NY",Christl Arena,5043,527,NA,NA,Army,made,Charlie Peterson,NA,FALSE,TRUE,Army,Merrimack,FALSE
401373309,2021-11-17,Army,Merrimack,232,2,9:55,595,595,Malik Edmead missed Jumper.,55,31,24,9,0.9940143456827056,0.9951170421691236,4,3,-2,130.5,"c(""Nathan Farrell"", "" Nathan Hall"", "" Jack Loughran"")","West Point, NY",Christl Arena,5043,527,NA,NA,Merrimack,missed,Malik Edmead,NA,FALSE,FALSE,Merrimack,Army,FALSE
401373309,2021-11-17,Army,Merrimack,233,2,9:52,592,592,Jared Cross Defensive Rebound.,55,31,24,3,0.99409655584122,0.9951827348076604,4,3,-2,130.5,"c(""Nathan Farrell"", "" Nathan Hall"", "" Jack Loughran"")","West Point, NY",Christl Arena,5043,527,NA,NA,NA,NA,NA,NA,NA,NA,Merrimack,Army,FALSE
401373309,2021-11-17,Army,Merrimack,234,2,9:33,573,573,Foul on James Berry III.,55,31,24,19,0.9946383865477392,0.9956166240405994,4,3,-2,130.5,"c(""Nathan Farrell"", "" Nathan Hall"", "" Jack Loughran"")","West Point, NY",Christl Arena,5043,527,NA,NA,NA,NA,NA,NA,NA,NA,Army,Army,FALSE
401373309,2021-11-17,Army,Merrimack,235,2,9:14,554,554,Matt Dove missed Jumper.,55,31,24,19,0.9952155883201899,0.9960805128126574,4,3,-2,130.5,"c(""Nathan Farrell"", "" Nathan Hall"", "" Jack Loughran"")","West Point, NY",Christl Arena,5043,527,NA,NA,Army,missed,Matt Dove,NA,FALSE,FALSE,Army,Merrimack,FALSE
401373309,2021-11-17,Army,Merrimack,236,2,9:12,552,552,Devin Jensen Defensive Rebound.,55,31,24,2,0.9952781619312223,0.996130901072308,4,3,-2,130.5,"c(""Nathan Farrell"", "" Nathan Hall"", "" Jack Loughran"")","West Point, NY",Christl Arena,5043,527,NA,NA,NA,NA,NA,NA,NA,NA,Army,Merrimack,FALSE
401373309,2021-11-17,Army,Merrimack,237,2,9:10,550,550,Foul on Jared Cross.,55,31,24,2,0.9953410366769201,0.9961815507816483,4,3,-2,130.5,"c(""Nathan Farrell"", "" Nathan Hall"", "" Jack Loughran"")","West Point, NY",Christl Arena,5043,527,NA,NA,NA,NA,NA,NA,NA,NA,Merrimack,Merrimack,FALSE
401373309,2021-11-17,Army,Merrimack,238,2,8:51,531,531,Malik Edmead missed Layup.,55,31,24,19,0.9958488975108747,0.9965905726520858,4,3,-2,130.5,"c(""Nathan Farrell"", "" Nathan Hall"", "" Jack Loughran"")","West Point, NY",Christl Arena,5043,527,NA,NA,Merrimack,missed,Malik Edmead,NA,FALSE,FALSE,Merrimack,Army,FALSE
401373309,2021-11-17,Army,Merrimack,239,2,8:51,531,531,Army Defensive Rebound.,55,31,24,0,0.9958488975108747,0.9965905726520858,4,3,-2,130.5,"c(""Nathan Farrell"", "" Nathan Hall"", "" Jack Loughran"")","West Point, NY",Christl Arena,5043,527,NA,NA,NA,NA,NA,NA,NA,NA,Merrimack,Army,FALSE
401373309,2021-11-17,Army,Merrimack,240,2,8:43,523,523,Josh Caldwell made Jumper.,57,31,26,8,0.9975264557490636,0.9979671854322787,4,3,-2,130.5,"c(""Nathan Farrell"", "" Nathan Hall"", "" Jack Loughran"")","West Point, NY",Christl Arena,5043,527,NA,NA,Army,made,Josh Caldwell,NA,FALSE,FALSE,Army,Merrimack,FALSE
401373309,2021-11-17,Army,Merrimack,241,2,8:26,506,506,Jordan Minor missed Layup.,57,31,26,17,0.9977429135211195,0.998141643360116,4,3,-2,130.5,"c(""Nathan Farrell"", "" Nathan Hall"", "" Jack Loughran"")","West Point, NY",Christl Arena,5043,527,NA,NA,Merrimack,missed,Jordan Minor,NA,FALSE,FALSE,Merrimack,Army,FALSE
401373309,2021-11-17,Army,Merrimack,242,2,8:22,502,502,Aaron Duhart Defensive Rebound.,57,31,26,4,0.9977900356790909,0.9981796480884279,4,3,-2,130.5,"c(""Nathan Farrell"", "" Nathan Hall"", "" Jack Loughran"")","West Point, NY",Christl Arena,5043,527,NA,NA,NA,NA,NA,NA,NA,NA,Merrimack,Army,FALSE
401373309,2021-11-17,Army,Merrimack,243,2,8:19,499,499,Isaiah Caldwell made Layup. Assisted by Aaron Duhart.,59,31,28,3,0.998661451037901,0.9988972357358789,4,3,-2,130.5,"c(""Nathan Farrell"", "" Nathan Hall"", "" Jack Loughran"")","West Point, NY",Christl Arena,5043,527,NA,NA,Army,made,Isaiah Caldwell,Aaron Duhart,FALSE,FALSE,Army,Merrimack,FALSE
401373309,2021-11-17,Army,Merrimack,244,2,8:08,488,488,Malik Edmead Turnover.,59,31,28,11,0.9987446355947666,0.9989645001062267,4,3,-2,130.5,"c(""Nathan Farrell"", "" Nathan Hall"", "" Jack Loughran"")","West Point, NY",Christl Arena,5043,527,NA,NA,NA,NA,NA,NA,NA,NA,Merrimack,Army,FALSE
401373309,2021-11-17,Army,Merrimack,245,2,8:08,488,488,Aaron Duhart Steal.,59,31,28,0,0.9987446355947666,0.9989645001062267,4,3,-2,130.5,"c(""Nathan Farrell"", "" Nathan Hall"", "" Jack Loughran"")","West Point, NY",Christl Arena,5043,527,NA,NA,NA,NA,NA,NA,NA,NA,Merrimack,Army,FALSE
401373309,2021-11-17,Army,Merrimack,246,2,8:03,483,483,Josh Caldwell made Layup. Assisted by Aaron Duhart.,61,31,30,5,0.9992558982070677,0.9993859230872002,4,3,-2,130.5,"c(""Nathan Farrell"", "" Nathan Hall"", "" Jack Loughran"")","West Point, NY",Christl Arena,5043,527,NA,NA,Army,made,Josh Caldwell,Aaron Duhart,FALSE,FALSE,Army,Merrimack,FALSE
401373309,2021-11-17,Army,Merrimack,247,2,7:55,475,475,Official TV Timeout,61,31,30,8,0.9992957632580458,0.9994182819199545,4,3,-2,130.5,"c(""Nathan Farrell"", "" Nathan Hall"", "" Jack Loughran"")","West Point, NY",Christl Arena,5043,527,NA,NA,NA,NA,NA,NA,NA,NA,Merrimack,Merrimack,FALSE
401373309,2021-11-17,Army,Merrimack,248,2,7:55,475,475,Foul on Chris Mann.,61,31,30,0,0.9992957632580458,0.9994182819199545,4,3,-2,130.5,"c(""Nathan Farrell"", "" Nathan Hall"", "" Jack Loughran"")","West Point, NY",Christl Arena,5043,527,NA,NA,NA,NA,NA,NA,NA,NA,Merrimack,Merrimack,FALSE
401373309,2021-11-17,Army,Merrimack,249,2,7:55,475,475,Ziggy Reid made Free Throw.,61,32,29,0,0.9990974589189654,0.9992544515783693,4,3,-2,130.5,"c(""Nathan Farrell"", "" Nathan Hall"", "" Jack Loughran"")","West Point, NY",Christl Arena,5043,527,NA,NA,Merrimack,made,Ziggy Reid,NA,FALSE,TRUE,Merrimack,Merrimack,FALSE
401373309,2021-11-17,Army,Merrimack,250,2,7:55,475,475,Ziggy Reid made Free Throw.,61,33,28,0,0.9988433791668172,0.9990445255049901,4,3,-2,130.5,"c(""Nathan Farrell"", "" Nathan Hall"", "" Jack Loughran"")","West Point, NY",Christl Arena,5043,527,NA,NA,Merrimack,made,Ziggy Reid,NA,FALSE,TRUE,Merrimack,Army,FALSE
401373309,2021-11-17,Army,Merrimack,251,2,7:34,454,454,Josh Caldwell Turnover.,61,33,28,21,0.9990125061615124,0.9991821356016668,4,3,-2,130.5,"c(""Nathan Farrell"", "" Nathan Hall"", "" Jack Loughran"")","West Point, NY",Christl Arena,5043,527,NA,NA,NA,NA,NA,NA,NA,NA,Army,Merrimack,FALSE
401373309,2021-11-17,Army,Merrimack,252,2,7:34,454,454,Mykel Derring Steal.,61,33,28,0,0.9990125061615124,0.9991821356016668,4,3,-2,130.5,"c(""Nathan Farrell"", "" Nathan Hall"", "" Jack Loughran"")","West Point, NY",Christl Arena,5043,527,NA,NA,NA,NA,NA,NA,NA,NA,Army,Merrimack,FALSE
401373309,2021-11-17,Army,Merrimack,253,2,7:24,444,444,Devin Jensen missed Three Point Jumper.,61,33,28,10,0.9990988241665415,0.9992526350788066,4,3,-2,130.5,"c(""Nathan Farrell"", "" Nathan Hall"", "" Jack Loughran"")","West Point, NY",Christl Arena,5043,527,NA,NA,Merrimack,missed,Devin Jensen,NA,TRUE,FALSE,Merrimack,Army,FALSE
401373309,2021-11-17,Army,Merrimack,254,2,7:21,441,441,Jalen Rucker Defensive Rebound.,61,33,28,3,0.9991254273107157,0.9992743977438336,4,3,-2,130.5,"c(""Nathan Farrell"", "" Nathan Hall"", "" Jack Loughran"")","West Point, NY",Christl Arena,5043,527,NA,NA,NA,NA,NA,NA,NA,NA,Merrimack,Army,FALSE
401373309,2021-11-17,Army,Merrimack,255,2,7:04,424,424,Matt Dove missed Layup.,61,33,28,17,0.9992774267942167,0.9993990118882192,4,3,-2,130.5,"c(""Nathan Farrell"", "" Nathan Hall"", "" Jack Loughran"")","West Point, NY",Christl Arena,5043,527,NA,NA,Army,missed,Matt Dove,NA,FALSE,FALSE,Army,Army,FALSE
401373309,2021-11-17,Army,Merrimack,256,2,6:59,419,419,Chris Mann Offensive Rebound.,61,33,28,5,0.9993167576077457,0.9994312865639772,4,3,-2,130.5,"c(""Nathan Farrell"", "" Nathan Hall"", "" Jack Loughran"")","West Point, NY",Christl Arena,5043,527,NA,NA,NA,NA,NA,NA,NA,NA,Army,Army,FALSE
401373309,2021-11-17,Army,Merrimack,257,2,6:59,419,419,Chris Mann missed Layup.,61,33,28,0,0.9993167576077457,0.9994312865639772,4,3,-2,130.5,"c(""Nathan Farrell"", "" Nathan Hall"", "" Jack Loughran"")","West Point, NY",Christl Arena,5043,527,NA,NA,Army,missed,Chris Mann,NA,FALSE,FALSE,Army,Merrimack,FALSE
401373309,2021-11-17,Army,Merrimack,258,2,6:58,418,418,Ziggy Reid Defensive Rebound.,61,33,28,1,0.9993242288117555,0.9994374177457643,4,3,-2,130.5,"c(""Nathan Farrell"", "" Nathan Hall"", "" Jack Loughran"")","West Point, NY",Christl Arena,5043,527,NA,NA,NA,NA,NA,NA,NA,NA,Army,Merrimack,FALSE
401373309,2021-11-17,Army,Merrimack,259,2,6:49,409,409,Ziggy Reid made Layup.,61,35,26,9,0.9989462991463298,0.9991214720742153,4,3,-2,130.5,"c(""Nathan Farrell"", "" Nathan Hall"", "" Jack Loughran"")","West Point, NY",Christl Arena,5043,527,NA,NA,Merrimack,made,Ziggy Reid,NA,FALSE,FALSE,Merrimack,Army,FALSE
401373309,2021-11-17,Army,Merrimack,260,2,6:34,394,394,Josh Caldwell Turnover.,61,35,26,15,0.9990883856913619,0.9992380579680601,4,3,-2,130.5,"c(""Nathan Farrell"", "" Nathan Hall"", "" Jack Loughran"")","West Point, NY",Christl Arena,5043,527,NA,NA,NA,NA,NA,NA,NA,NA,Army,Merrimack,FALSE
401373309,2021-11-17,Army,Merrimack,261,2,6:34,394,394,Mykel Derring Steal.,61,35,26,0,0.9990883856913619,0.9992380579680601,4,3,-2,130.5,"c(""Nathan Farrell"", "" Nathan Hall"", "" Jack Loughran"")","West Point, NY",Christl Arena,5043,527,NA,NA,NA,NA,NA,NA,NA,NA,Army,Merrimack,FALSE
401373309,2021-11-17,Army,Merrimack,262,2,6:23,383,383,Mikey Watkins missed Layup.,61,35,26,11,0.9991807232893641,0.9993139401350912,4,3,-2,130.5,"c(""Nathan Farrell"", "" Nathan Hall"", "" Jack Loughran"")","West Point, NY",Christl Arena,5043,527,NA,NA,Merrimack,missed,Mikey Watkins,NA,FALSE,FALSE,Merrimack,Army,FALSE
401373309,2021-11-17,Army,Merrimack,263,2,6:19,379,379,Josh Caldwell Defensive Rebound.,61,35,26,4,0.9992126430892327,0.9993402058420655,4,3,-2,130.5,"c(""Nathan Farrell"", "" Nathan Hall"", "" Jack Loughran"")","West Point, NY",Christl Arena,5043,527,NA,NA,NA,NA,NA,NA,NA,NA,Merrimack,Army,FALSE
401373309,2021-11-17,Army,Merrimack,264,2,6:12,372,372,TJ Small made Three Point Jumper. Assisted by Jalen Rucker.,64,35,29,7,0.9996875019325386,0.9997378208700012,4,3,-2,130.5,"c(""Nathan Farrell"", "" Nathan Hall"", "" Jack Loughran"")","West Point, NY",Christl Arena,5043,527,NA,NA,Army,made,TJ Small,Jalen Rucker,TRUE,FALSE,Army,Merrimack,FALSE
401373309,2021-11-17,Army,Merrimack,265,2,5:59,359,359,Mykel Derring made Three Point Jumper. Assisted by Devin Jensen.,64,38,26,13,0.9993638695686793,0.999464985906581,4,3,-2,130.5,"c(""Nathan Farrell"", "" Nathan Hall"", "" Jack Loughran"")","West Point, NY",Christl Arena,5043,527,NA,NA,Merrimack,made,Mykel Derring,Devin Jensen,TRUE,FALSE,Merrimack,Army,FALSE
401373309,2021-11-17,Army,Merrimack,266,2,5:32,332,332,Jalen Rucker missed Layup.,64,38,26,27,0.9995538362043386,0.9996227822315513,4,3,-2,130.5,"c(""Nathan Farrell"", "" Nathan Hall"", "" Jack Loughran"")","West Point, NY",Christl Arena,5043,527,NA,NA,Army,missed,Jalen Rucker,NA,FALSE,FALSE,Army,Army,FALSE
401373309,2021-11-17,Army,Merrimack,267,2,5:29,329,329,Jalen Rucker Offensive Rebound.,64,38,26,3,0.9995739439430736,0.9996395643758946,4,3,-2,130.5,"c(""Nathan Farrell"", "" Nathan Hall"", "" Jack Loughran"")","West Point, NY",Christl Arena,5043,527,NA,NA,NA,NA,NA,NA,NA,NA,Army,Army,FALSE
401373309,2021-11-17,Army,Merrimack,268,2,5:27,327,327,Josh Caldwell Turnover.,64,38,26,2,0.9995872083465884,0.9996506438437003,4,3,-2,130.5,"c(""Nathan Farrell"", "" Nathan Hall"", "" Jack Loughran"")","West Point, NY",Christl Arena,5043,527,NA,NA,NA,NA,NA,NA,NA,NA,Army,Merrimack,FALSE
401373309,2021-11-17,Army,Merrimack,269,2,5:18,318,318,Mikey Watkins missed Jumper.,64,38,26,9,0.999645305904148,0.9996992562299972,4,3,-2,130.5,"c(""Nathan Farrell"", "" Nathan Hall"", "" Jack Loughran"")","West Point, NY",Christl Arena,5043,527,NA,NA,Merrimack,missed,Mikey Watkins,NA,FALSE,FALSE,Merrimack,Army,FALSE
401373309,2021-11-17,Army,Merrimack,270,2,5:16,316,316,Charlie Peterson Defensive Rebound.,64,38,26,2,0.9996578182117251,0.9997097442072442,4,3,-2,130.5,"c(""Nathan Farrell"", "" Nathan Hall"", "" Jack Loughran"")","West Point, NY",Christl Arena,5043,527,NA,NA,NA,NA,NA,NA,NA,NA,Merrimack,Army,FALSE
401373309,2021-11-17,Army,Merrimack,271,2,5:01,301,301,Foul on Ziggy Reid.,64,38,26,15,0.9997321572164931,0.999772082347928,4,3,-2,130.5,"c(""Nathan Farrell"", "" Nathan Hall"", "" Jack Loughran"")","West Point, NY",Christl Arena,5043,527,NA,NA,NA,NA,NA,NA,NA,NA,Army,Army,FALSE
401373309,2021-11-17,Army,Merrimack,272,2,5:01,301,301,Jared Cross made Free Throw.,65,38,27,0,0.999805987208015,0.9998349089242672,4,3,-2,130.5,"c(""Nathan Farrell"", "" Nathan Hall"", "" Jack Loughran"")","West Point, NY",Christl Arena,5043,527,NA,NA,Army,made,Jared Cross,NA,FALSE,TRUE,Army,Army,FALSE
401373309,2021-11-17,Army,Merrimack,273,2,5:01,301,301,Jared Cross made Free Throw.,66,38,28,0,0.9998594690633802,0.9998804191297858,4,3,-2,130.5,"c(""Nathan Farrell"", "" Nathan Hall"", "" Jack Loughran"")","West Point, NY",Christl Arena,5043,527,NA,NA,Army,made,Jared Cross,NA,FALSE,TRUE,Army,Army,FALSE
401373309,2021-11-17,Army,Merrimack,274,2,5:01,301,301,Jared Cross made Free Throw.,67,38,29,0,0.9998982095317711,0.9999133847481917,4,3,-2,130.5,"c(""Nathan Farrell"", "" Nathan Hall"", "" Jack Loughran"")","West Point, NY",Christl Arena,5043,527,NA,NA,Army,made,Jared Cross,NA,FALSE,TRUE,Army,Army,FALSE
401373309,2021-11-17,Army,Merrimack,275,2,4:37,277,277,Jalen Rucker Defensive Rebound.,67,38,29,24,0.99990176433798,0.9999159890021451,4,3,-2,130.5,"c(""Nathan Farrell"", "" Nathan Hall"", "" Jack Loughran"")","West Point, NY",Christl Arena,5043,527,NA,NA,NA,NA,NA,NA,NA,NA,Army,Army,FALSE
401373309,2021-11-17,Army,Merrimack,276,2,4:34,274,274,Foul on Mikey Watkins.,67,38,29,3,0.9998998714211639,0.9999143162820083,4,3,-2,130.5,"c(""Nathan Farrell"", "" Nathan Hall"", "" Jack Loughran"")","West Point, NY",Christl Arena,5043,527,NA,NA,NA,NA,NA,NA,NA,NA,Army,Army,FALSE
401373309,2021-11-17,Army,Merrimack,277,2,4:34,274,274,TJ Small missed Free Throw.,67,38,29,0,0.9998998714211639,0.9999143162820083,4,3,-2,130.5,"c(""Nathan Farrell"", "" Nathan Hall"", "" Jack Loughran"")","West Point, NY",Christl Arena,5043,527,NA,NA,Army,missed,TJ Small,NA,FALSE,TRUE,Army,Army,FALSE
401373309,2021-11-17,Army,Merrimack,278,2,4:31,271,271,Jared Cross Offensive Rebound.,67,38,29,3,0.9998976526810857,0.9999123623341182,4,3,-2,130.5,"c(""Nathan Farrell"", "" Nathan Hall"", "" Jack Loughran"")","West Point, NY",Christl Arena,5043,527,NA,NA,NA,NA,NA,NA,NA,NA,Army,Army,FALSE
401373309,2021-11-17,Army,Merrimack,279,2,4:24,264,264,Charlie Peterson missed Layup.,67,38,29,7,0.9998915291742988,0.9999069811569792,4,3,-2,130.5,"c(""Nathan Farrell"", "" Nathan Hall"", "" Jack Loughran"")","West Point, NY",Christl Arena,5043,527,NA,NA,Army,missed,Charlie Peterson,NA,FALSE,FALSE,Army,Army,FALSE
401373309,2021-11-17,Army,Merrimack,280,2,4:21,261,261,Charlie Peterson Offensive Rebound.,67,38,29,3,0.99988865421611,0.9999044545892943,4,3,-2,130.5,"c(""Nathan Farrell"", "" Nathan Hall"", "" Jack Loughran"")","West Point, NY",Christl Arena,5043,527,NA,NA,NA,NA,NA,NA,NA,NA,Army,Army,FALSE
401373309,2021-11-17,Army,Merrimack,281,2,4:20,260,260,Charlie Peterson made Layup.,69,38,31,1,0.9999406372108113,0.9999490504764164,4,3,-2,130.5,"c(""Nathan Farrell"", "" Nathan Hall"", "" Jack Loughran"")","West Point, NY",Christl Arena,5043,527,NA,NA,Army,made,Charlie Peterson,NA,FALSE,FALSE,Army,Merrimack,FALSE
401373309,2021-11-17,Army,Merrimack,282,2,4:07,247,247,James Berry III made Three Point Jumper. Assisted by Mykel Derring.,69,41,28,13,0.9998301947350331,0.9998538456784026,4,3,-2,130.5,"c(""Nathan Farrell"", "" Nathan Hall"", "" Jack Loughran"")","West Point, NY",Christl Arena,5043,527,NA,NA,Merrimack,made,James Berry III,Mykel Derring,TRUE,FALSE,Merrimack,Army,FALSE
401373309,2021-11-17,Army,Merrimack,283,2,3:49,229,229,Charlie Peterson Turnover.,69,41,28,18,0.9998285093330168,0.9998517887785874,4,3,-2,130.5,"c(""Nathan Farrell"", "" Nathan Hall"", "" Jack Loughran"")","West Point, NY",Christl Arena,5043,527,NA,NA,NA,NA,NA,NA,NA,NA,Army,Merrimack,FALSE
401373309,2021-11-17,Army,Merrimack,284,2,3:49,229,229,Ryan Isaacson Steal.,69,41,28,0,0.9998285093330168,0.9998517887785874,4,3,-2,130.5,"c(""Nathan Farrell"", "" Nathan Hall"", "" Jack Loughran"")","West Point, NY",Christl Arena,5043,527,NA,NA,NA,NA,NA,NA,NA,NA,Army,Merrimack,FALSE
401373309,2021-11-17,Army,Merrimack,285,2,3:49,229,229,Official TV Timeout,69,41,28,0,0.9998285093330168,0.9998517887785874,4,3,-2,130.5,"c(""Nathan Farrell"", "" Nathan Hall"", "" Jack Loughran"")","West Point, NY",Christl Arena,5043,527,NA,NA,NA,NA,NA,NA,NA,NA,Army,Merrimack,FALSE
401373309,2021-11-17,Army,Merrimack,286,2,3:39,219,219,Foul on Ryan Isaacson.,69,41,28,10,0.9998455142853899,0.9998661648410485,4,3,-2,130.5,"c(""Nathan Farrell"", "" Nathan Hall"", "" Jack Loughran"")","West Point, NY",Christl Arena,5043,527,NA,NA,NA,NA,NA,NA,NA,NA,Army,Army,FALSE
401373309,2021-11-17,Army,Merrimack,287,2,3:39,219,219,Ryan Isaacson Turnover.,69,41,28,0,0.9998455142853899,0.9998661648410485,4,3,-2,130.5,"c(""Nathan Farrell"", "" Nathan Hall"", "" Jack Loughran"")","West Point, NY",Christl Arena,5043,527,NA,NA,NA,NA,NA,NA,NA,NA,Merrimack,Army,FALSE
401373309,2021-11-17,Army,Merrimack,288,2,3:08,188,188,Jordan Coleman made Jumper.,71,41,30,31,0.9999759127229925,0.9999789611422494,4,3,-2,130.5,"c(""Nathan Farrell"", "" Nathan Hall"", "" Jack Loughran"")","West Point, NY",Christl Arena,5043,527,NA,NA,Army,made,Jordan Coleman,NA,FALSE,FALSE,Army,Merrimack,FALSE
401373309,2021-11-17,Army,Merrimack,289,2,2:44,164,164,Malik Edmead made Layup.,71,43,28,24,0.9999884751195359,0.9999898632375084,4,3,-2,130.5,"c(""Nathan Farrell"", "" Nathan Hall"", "" Jack Loughran"")","West Point, NY",Christl Arena,5043,527,NA,NA,Merrimack,made,Malik Edmead,NA,FALSE,FALSE,Merrimack,Army,FALSE
401373309,2021-11-17,Army,Merrimack,290,2,2:44,164,164,Foul on TJ Small.,71,43,28,0,0.9999884751195359,0.9999898632375084,4,3,-2,130.5,"c(""Nathan Farrell"", "" Nathan Hall"", "" Jack Loughran"")","West Point, NY",Christl Arena,5043,527,NA,NA,NA,NA,NA,NA,NA,NA,Merrimack,Merrimack,FALSE
401373309,2021-11-17,Army,Merrimack,291,2,2:44,164,164,Malik Edmead made Free Throw.,71,44,27,0,0.9999826222129599,0.9999847152753916,4,3,-2,130.5,"c(""Nathan Farrell"", "" Nathan Hall"", "" Jack Loughran"")","West Point, NY",Christl Arena,5043,527,NA,NA,Merrimack,made,Malik Edmead,NA,FALSE,TRUE,Merrimack,Army,FALSE
401373309,2021-11-17,Army,Merrimack,292,2,2:35,155,155,Kwabena Davis Turnover.,71,44,27,9,0.9999901885245075,0.9999913469015888,4,3,-2,130.5,"c(""Nathan Farrell"", "" Nathan Hall"", "" Jack Loughran"")","West Point, NY",Christl Arena,5043,527,NA,NA,NA,NA,NA,NA,NA,NA,Army,Merrimack,FALSE
401373309,2021-11-17,Army,Merrimack,293,2,2:35,155,155,Malik Edmead Steal.,71,44,27,0,0.9999901885245075,0.9999913469015888,4,3,-2,130.5,"c(""Nathan Farrell"", "" Nathan Hall"", "" Jack Loughran"")","West Point, NY",Christl Arena,5043,527,NA,NA,NA,NA,NA,NA,NA,NA,Army,Merrimack,FALSE
401373309,2021-11-17,Army,Merrimack,294,2,2:29,149,149,Malik Edmead missed Three Point Jumper.,71,44,27,6,0.9999934412985425,0.9999942050277518,4,3,-2,130.5,"c(""Nathan Farrell"", "" Nathan Hall"", "" Jack Loughran"")","West Point, NY",Christl Arena,5043,527,NA,NA,Merrimack,missed,Malik Edmead,NA,TRUE,FALSE,Merrimack,Army,FALSE
401373309,2021-11-17,Army,Merrimack,295,2,2:26,146,146,Jordan Coleman Defensive Rebound.,71,44,27,3,0.9999946781731854,0.9999952935163583,4,3,-2,130.5,"c(""Nathan Farrell"", "" Nathan Hall"", "" Jack Loughran"")","West Point, NY",Christl Arena,5043,527,NA,NA,NA,NA,NA,NA,NA,NA,Merrimack,Army,FALSE
401373309,2021-11-17,Army,Merrimack,296,2,2:23,143,143,Ryan Isaacson made Dunk. Assisted by James Berry III.,71,46,25,3,0.9999891762882887,0.9999904188510744,4,3,-2,130.5,"c(""Nathan Farrell"", "" Nathan Hall"", "" Jack Loughran"")","West Point, NY",Christl Arena,5043,527,NA,NA,Merrimack,made,Ryan Isaacson,James Berry III,FALSE,FALSE,Merrimack,Army,FALSE
401373309,2021-11-17,Army,Merrimack,297,2,2:23,143,143,Jordan Coleman Turnover.,71,46,25,0,0.9999891762882887,0.9999904188510744,4,3,-2,130.5,"c(""Nathan Farrell"", "" Nathan Hall"", "" Jack Loughran"")","West Point, NY",Christl Arena,5043,527,NA,NA,NA,NA,NA,NA,NA,NA,Army,Merrimack,FALSE
401373309,2021-11-17,Army,Merrimack,298,2,2:23,143,143,James Berry III Steal.,71,46,25,0,0.9999891762882887,0.9999904188510744,4,3,-2,130.5,"c(""Nathan Farrell"", "" Nathan Hall"", "" Jack Loughran"")","West Point, NY",Christl Arena,5043,527,NA,NA,NA,NA,NA,NA,NA,NA,Army,Merrimack,FALSE
401373309,2021-11-17,Army,Merrimack,299,2,1:53,113,113,Foul on Jordan McKoy.,71,46,25,30,0.9999989617452864,0.9999990719457295,4,3,-2,130.5,"c(""Nathan Farrell"", "" Nathan Hall"", "" Jack Loughran"")","West Point, NY",Christl Arena,5043,527,NA,NA,NA,NA,NA,NA,NA,NA,Army,Army,FALSE
401373309,2021-11-17,Army,Merrimack,300,2,1:53,113,113,Kwabena Davis made Free Throw.,72,46,26,0,0.9999994043281804,0.9999994675528627,4,3,-2,130.5,"c(""Nathan Farrell"", "" Nathan Hall"", "" Jack Loughran"")","West Point, NY",Christl Arena,5043,527,NA,NA,Army,made,Kwabena Davis,NA,FALSE,TRUE,Army,Army,FALSE
401373309,2021-11-17,Army,Merrimack,301,2,1:53,113,113,Kwabena Davis made Free Throw.,73,46,27,0,0.9999996582487466,0.9999996945222761,4,3,-2,130.5,"c(""Nathan Farrell"", "" Nathan Hall"", "" Jack Loughran"")","West Point, NY",Christl Arena,5043,527,NA,NA,Army,made,Kwabena Davis,NA,FALSE,TRUE,Army,Merrimack,FALSE
401373309,2021-11-17,Army,Merrimack,302,2,1:44,104,104,Jordan McKoy missed Three Point Jumper.,73,46,27,9,0.9999998650639019,0.9999998790140088,4,3,-2,130.5,"c(""Nathan Farrell"", "" Nathan Hall"", "" Jack Loughran"")","West Point, NY",Christl Arena,5043,527,NA,NA,Merrimack,missed,Jordan McKoy,NA,TRUE,FALSE,Merrimack,Army,FALSE
401373309,2021-11-17,Army,Merrimack,303,2,1:41,101,101,Isaiah Caldwell Defensive Rebound.,73,46,27,3,0.999999903050005,0.9999999129821555,4,3,-2,130.5,"c(""Nathan Farrell"", "" Nathan Hall"", "" Jack Loughran"")","West Point, NY",Christl Arena,5043,527,NA,NA,NA,NA,NA,NA,NA,NA,Merrimack,Army,FALSE
401373309,2021-11-17,Army,Merrimack,304,2,1:41,101,101,Foul on Jordan McKoy.,73,46,27,0,0.999999903050005,0.9999999129821555,4,3,-2,130.5,"c(""Nathan Farrell"", "" Nathan Hall"", "" Jack Loughran"")","West Point, NY",Christl Arena,5043,527,NA,NA,NA,NA,NA,NA,NA,NA,Army,Army,FALSE
401373309,2021-11-17,Army,Merrimack,305,2,1:41,101,101,TJ Small missed Free Throw.,73,46,27,0,0.999999903050005,0.9999999129821555,4,3,-2,130.5,"c(""Nathan Farrell"", "" Nathan Hall"", "" Jack Loughran"")","West Point, NY",Christl Arena,5043,527,NA,NA,Army,missed,TJ Small,NA,FALSE,TRUE,Army,Army,FALSE
401373309,2021-11-17,Army,Merrimack,306,2,1:41,101,101,Army Deadball Team Rebound.,73,46,27,0,0.999999903050005,0.9999999129821555,4,3,-2,130.5,"c(""Nathan Farrell"", "" Nathan Hall"", "" Jack Loughran"")","West Point, NY",Christl Arena,5043,527,NA,NA,NA,NA,NA,NA,NA,NA,Army,Army,FALSE
401373309,2021-11-17,Army,Merrimack,307,2,1:41,101,101,TJ Small made Free Throw.,74,46,28,0,0.9999999469052203,0.9999999523445745,4,3,-2,130.5,"c(""Nathan Farrell"", "" Nathan Hall"", "" Jack Loughran"")","West Point, NY",Christl Arena,5043,527,NA,NA,Army,made,TJ Small,NA,FALSE,TRUE,Army,Merrimack,FALSE
401373309,2021-11-17,Army,Merrimack,308,2,1:26,86,86,Ryan Miller made Jumper.,74,48,26,15,0.999999968222808,0.9999999713255301,4,3,-2,130.5,"c(""Nathan Farrell"", "" Nathan Hall"", "" Jack Loughran"")","West Point, NY",Christl Arena,5043,527,NA,NA,Merrimack,made,Ryan Miller,NA,FALSE,FALSE,Merrimack,Army,FALSE
401373309,2021-11-17,Army,Merrimack,309,2,0:55,55,55,Kwabena Davis Turnover.,74,48,26,31,0.9999999994536236,0.9999999995012127,4,3,-2,130.5,"c(""Nathan Farrell"", "" Nathan Hall"", "" Jack Loughran"")","West Point, NY",Christl Arena,5043,527,NA,NA,NA,NA,NA,NA,NA,NA,Army,Merrimack,FALSE
401373309,2021-11-17,Army,Merrimack,310,2,0:48,48,48,James Berry III made Three Point Jumper. Assisted by Malik Edmead.,74,51,23,7,0.9999999973797523,0.9999999976014189,4,3,-2,130.5,"c(""Nathan Farrell"", "" Nathan Hall"", "" Jack Loughran"")","West Point, NY",Christl Arena,5043,527,NA,NA,Merrimack,made,James Berry III,Malik Edmead,TRUE,FALSE,Merrimack,Army,FALSE
401373309,2021-11-17,Army,Merrimack,311,2,0:43,43,43,John Scully missed Three Point Jumper.,74,51,23,5,0.9999999986584454,0.9999999987694989,4,3,-2,130.5,"c(""Nathan Farrell"", "" Nathan Hall"", "" Jack Loughran"")","West Point, NY",Christl Arena,5043,527,NA,NA,Army,missed,John Scully,NA,TRUE,FALSE,Army,Merrimack,FALSE
401373309,2021-11-17,Army,Merrimack,312,2,0:41,41,41,Thomas Hall Defensive Rebound.,74,51,23,2,0.9999999989796019,0.9999999990633208,4,3,-2,130.5,"c(""Nathan Farrell"", "" Nathan Hall"", "" Jack Loughran"")","West Point, NY",Christl Arena,5043,527,NA,NA,NA,NA,NA,NA,NA,NA,Army,Merrimack,FALSE
401373309,2021-11-17,Army,Merrimack,313,2,0:32,32,32,Malik Edmead missed Layup.,74,51,23,9,0.9999999997128767,0.9999999997354708,4,3,-2,130.5,"c(""Nathan Farrell"", "" Nathan Hall"", "" Jack Loughran"")","West Point, NY",Christl Arena,5043,527,NA,NA,Merrimack,missed,Malik Edmead,NA,FALSE,FALSE,Merrimack,Army,FALSE
401373309,2021-11-17,Army,Merrimack,314,2,0:28,28,28,Jordan Coleman Defensive Rebound.,74,51,23,4,0.9999999998393071,0.9999999998517091,4,3,-2,130.5,"c(""Nathan Farrell"", "" Nathan Hall"", "" Jack Loughran"")","West Point, NY",Christl Arena,5043,527,NA,NA,NA,NA,NA,NA,NA,NA,Merrimack,Army,FALSE
401373309,2021-11-17,Army,Merrimack,315,2,0:00,0,0,End of 2nd half,74,51,23,28,1,1,4,3,-2,130.5,"c(""Nathan Farrell"", "" Nathan Hall"", "" Jack Loughran"")","West Point, NY",Christl Arena,5043,527,NA,NA,NA,NA,NA,NA,NA,NA,Army,NA,FALSE
401373309,2021-11-17,Army,Merrimack,316,2,0:00,0,0,End of Game,74,51,23,0,1,1,4,3,-2,130.5,"c(""Nathan Farrell"", "" Nathan Hall"", "" Jack Loughran"")","West Point, NY",Christl Arena,5043,527,NA,NA,NA,NA,NA,NA,NA,NA,Army,NA,FALSE
