game_id,date,home,away,play_id,half,time_remaining_half,secs_remaining,secs_remaining_absolute,description,home_score,away_score,score_diff,play_length,win_prob,naive_win_prob,home_time_out_remaining,away_time_out_remaining,home_favored_by,total_line,referees,arena_location,arena,capacity,attendance,shot_x,shot_y,shot_team,shot_outcome,shooter,assist,three_pt,free_throw,possession_before,possession_after,wrong_time
401372013,2021-11-17,Indiana,St. John's,1,1,20:00,2400,2400,PLAY,0,0,0,0,0.6730339881822752,0.5,4,4,4.5,151,"c(""Lamar Simpson"", "" James Breeding"", "" Paul Szelc"")","Bloomington, IN",Simon Skjodt Assembly Hall,17472,17222,NA,NA,NA,NA,NA,NA,NA,NA,NA,Indiana,NA
401372013,2021-11-17,Indiana,St. John's,2,1,19:41,2381,2381,Race Thompson Turnover.,0,0,0,19,0.672731074525323,0.5,4,4,4.5,151,"c(""Lamar Simpson"", "" James Breeding"", "" Paul Szelc"")","Bloomington, IN",Simon Skjodt Assembly Hall,17472,17222,NA,NA,NA,NA,NA,NA,NA,NA,Indiana,St. John's,FALSE
401372013,2021-11-17,Indiana,St. John's,3,1,19:41,2381,2381,Stef Smith Steal.,0,0,0,0,0.672731074525323,0.5,4,4,4.5,151,"c(""Lamar Simpson"", "" James Breeding"", "" Paul Szelc"")","Bloomington, IN",Simon Skjodt Assembly Hall,17472,17222,NA,NA,NA,NA,NA,NA,NA,NA,Indiana,St. John's,FALSE
401372013,2021-11-17,Indiana,St. John's,4,1,19:36,2376,2376,Julian Champagnie made Three Point Jumper. Assisted by Stef Smith.,0,3,-3,5,0.6111834121778745,0.43342107021462245,4,4,4.5,151,"c(""Lamar Simpson"", "" James Breeding"", "" Paul Szelc"")","Bloomington, IN",Simon Skjodt Assembly Hall,17472,17222,NA,NA,St. John's,made,Julian Champagnie,Stef Smith,TRUE,FALSE,St. John's,Indiana,FALSE
401372013,2021-11-17,Indiana,St. John's,5,1,19:27,2367,2367,Miller Kopp missed Three Point Jumper.,0,3,-3,9,0.6107487631972952,0.43313577994745406,4,4,4.5,151,"c(""Lamar Simpson"", "" James Breeding"", "" Paul Szelc"")","Bloomington, IN",Simon Skjodt Assembly Hall,17472,17222,NA,NA,Indiana,missed,Miller Kopp,NA,TRUE,FALSE,Indiana,St. John's,FALSE
401372013,2021-11-17,Indiana,St. John's,6,1,19:22,2362,2362,Joel Soriano Defensive Rebound.,0,3,-3,5,0.61050577012727,0.43297657689473573,4,4,4.5,151,"c(""Lamar Simpson"", "" James Breeding"", "" Paul Szelc"")","Bloomington, IN",Simon Skjodt Assembly Hall,17472,17222,NA,NA,NA,NA,NA,NA,NA,NA,Indiana,St. John's,FALSE
401372013,2021-11-17,Indiana,St. John's,7,1,19:11,2351,2351,Stef Smith missed Jumper.,0,3,-3,11,0.60996739053406,0.432624606828588,4,4,4.5,151,"c(""Lamar Simpson"", "" James Breeding"", "" Paul Szelc"")","Bloomington, IN",Simon Skjodt Assembly Hall,17472,17222,NA,NA,St. John's,missed,Stef Smith,NA,FALSE,FALSE,St. John's,Indiana,FALSE
401372013,2021-11-17,Indiana,St. John's,8,1,19:06,2346,2346,Race Thompson Defensive Rebound.,0,3,-3,5,0.6097209592466576,0.4324638592009416,4,4,4.5,151,"c(""Lamar Simpson"", "" James Breeding"", "" Paul Szelc"")","Bloomington, IN",Simon Skjodt Assembly Hall,17472,17222,NA,NA,NA,NA,NA,NA,NA,NA,St. John's,Indiana,FALSE
401372013,2021-11-17,Indiana,St. John's,9,1,19:05,2345,2345,Xavier Johnson made Three Point Jumper. Assisted by Race Thompson.,3,3,0,1,0.6721375117039143,0.5,4,4,4.5,151,"c(""Lamar Simpson"", "" James Breeding"", "" Paul Szelc"")","Bloomington, IN",Simon Skjodt Assembly Hall,17472,17222,NA,NA,Indiana,made,Xavier Johnson,Race Thompson,TRUE,FALSE,Indiana,St. John's,FALSE
401372013,2021-11-17,Indiana,St. John's,10,1,18:45,2325,2325,Posh Alexander missed Three Point Jumper.,3,3,0,20,0.6717962585335472,0.5,4,4,4.5,151,"c(""Lamar Simpson"", "" James Breeding"", "" Paul Szelc"")","Bloomington, IN",Simon Skjodt Assembly Hall,17472,17222,NA,NA,St. John's,missed,Posh Alexander,NA,TRUE,FALSE,St. John's,Indiana,FALSE
401372013,2021-11-17,Indiana,St. John's,11,1,18:42,2322,2322,Trayce Jackson-Davis Defensive Rebound.,3,3,0,3,0.6717443430099093,0.5,4,4,4.5,151,"c(""Lamar Simpson"", "" James Breeding"", "" Paul Szelc"")","Bloomington, IN",Simon Skjodt Assembly Hall,17472,17222,NA,NA,NA,NA,NA,NA,NA,NA,St. John's,Indiana,FALSE
401372013,2021-11-17,Indiana,St. John's,12,1,18:30,2310,2310,Trayce Jackson-Davis made Jumper. Assisted by Race Thompson.,5,3,2,12,0.7108505766302452,0.5459658291288992,4,4,4.5,151,"c(""Lamar Simpson"", "" James Breeding"", "" Paul Szelc"")","Bloomington, IN",Simon Skjodt Assembly Hall,17472,17222,NA,NA,Indiana,made,Trayce Jackson-Davis,Race Thompson,FALSE,FALSE,Indiana,St. John's,FALSE
401372013,2021-11-17,Indiana,St. John's,13,1,18:07,2287,2287,Julian Champagnie missed Three Point Jumper.,5,3,2,23,0.7108920886780039,0.5464770070814524,4,4,4.5,151,"c(""Lamar Simpson"", "" James Breeding"", "" Paul Szelc"")","Bloomington, IN",Simon Skjodt Assembly Hall,17472,17222,NA,NA,St. John's,missed,Julian Champagnie,NA,TRUE,FALSE,St. John's,St. John's,FALSE
401372013,2021-11-17,Indiana,St. John's,14,1,18:03,2283,2283,Posh Alexander Offensive Rebound.,5,3,2,4,0.7108986696823885,0.5465664414276336,4,4,4.5,151,"c(""Lamar Simpson"", "" James Breeding"", "" Paul Szelc"")","Bloomington, IN",Simon Skjodt Assembly Hall,17472,17222,NA,NA,NA,NA,NA,NA,NA,NA,St. John's,St. John's,FALSE
401372013,2021-11-17,Indiana,St. John's,15,1,18:00,2280,2280,Posh Alexander Turnover.,5,3,2,3,0.7109034741160111,0.5466336154648032,4,4,4.5,151,"c(""Lamar Simpson"", "" James Breeding"", "" Paul Szelc"")","Bloomington, IN",Simon Skjodt Assembly Hall,17472,17222,NA,NA,NA,NA,NA,NA,NA,NA,St. John's,Indiana,FALSE
401372013,2021-11-17,Indiana,St. John's,16,1,18:00,2280,2280,Xavier Johnson Steal.,5,3,2,0,0.7109034741160111,0.5466336154648032,4,4,4.5,151,"c(""Lamar Simpson"", "" James Breeding"", "" Paul Szelc"")","Bloomington, IN",Simon Skjodt Assembly Hall,17472,17222,NA,NA,NA,NA,NA,NA,NA,NA,St. John's,Indiana,FALSE
401372013,2021-11-17,Indiana,St. John's,17,1,18:00,2280,2280,Foul on Posh Alexander.,5,3,2,0,0.7109034741160111,0.5466336154648032,4,4,4.5,151,"c(""Lamar Simpson"", "" James Breeding"", "" Paul Szelc"")","Bloomington, IN",Simon Skjodt Assembly Hall,17472,17222,NA,NA,NA,NA,NA,NA,NA,NA,Indiana,Indiana,FALSE
401372013,2021-11-17,Indiana,St. John's,18,1,17:44,2264,2264,Race Thompson made Jumper.,7,3,4,16,0.7480841673412256,0.5931635207693176,4,4,4.5,151,"c(""Lamar Simpson"", "" James Breeding"", "" Paul Szelc"")","Bloomington, IN",Simon Skjodt Assembly Hall,17472,17222,NA,NA,Indiana,made,Race Thompson,NA,FALSE,FALSE,Indiana,St. John's,FALSE
401372013,2021-11-17,Indiana,St. John's,19,1,17:30,2250,2250,Stef Smith Turnover.,7,3,4,14,0.7483410677997545,0.5937797427901017,4,4,4.5,151,"c(""Lamar Simpson"", "" James Breeding"", "" Paul Szelc"")","Bloomington, IN",Simon Skjodt Assembly Hall,17472,17222,NA,NA,NA,NA,NA,NA,NA,NA,St. John's,Indiana,FALSE
401372013,2021-11-17,Indiana,St. John's,20,1,17:30,2250,2250,Race Thompson Steal.,7,3,4,0,0.7483410677997545,0.5937797427901017,4,4,4.5,151,"c(""Lamar Simpson"", "" James Breeding"", "" Paul Szelc"")","Bloomington, IN",Simon Skjodt Assembly Hall,17472,17222,NA,NA,NA,NA,NA,NA,NA,NA,St. John's,Indiana,FALSE
401372013,2021-11-17,Indiana,St. John's,21,1,17:27,2247,2247,Race Thompson made Dunk.,9,3,6,3,0.7824763808103035,0.6388192071863054,4,4,4.5,151,"c(""Lamar Simpson"", "" James Breeding"", "" Paul Szelc"")","Bloomington, IN",Simon Skjodt Assembly Hall,17472,17222,NA,NA,Indiana,made,Race Thompson,NA,FALSE,FALSE,Indiana,St. John's,FALSE
401372013,2021-11-17,Indiana,St. John's,22,1,17:10,2230,2230,Joel Soriano made Dunk. Assisted by Posh Alexander.,9,5,4,17,0.7487051110767967,0.5946646408323303,4,4,4.5,151,"c(""Lamar Simpson"", "" James Breeding"", "" Paul Szelc"")","Bloomington, IN",Simon Skjodt Assembly Hall,17472,17222,NA,NA,St. John's,made,Joel Soriano,Posh Alexander,FALSE,FALSE,St. John's,Indiana,FALSE
401372013,2021-11-17,Indiana,St. John's,23,1,16:40,2200,2200,Xavier Johnson missed Three Point Jumper.,9,5,4,30,0.7492430354463667,0.5960004322513307,4,4,4.5,151,"c(""Lamar Simpson"", "" James Breeding"", "" Paul Szelc"")","Bloomington, IN",Simon Skjodt Assembly Hall,17472,17222,NA,NA,Indiana,missed,Xavier Johnson,NA,TRUE,FALSE,Indiana,St. John's,FALSE
401372013,2021-11-17,Indiana,St. John's,24,1,16:38,2198,2198,Julian Champagnie Defensive Rebound.,9,5,4,2,0.7492784938605794,0.5960897878572667,4,4,4.5,151,"c(""Lamar Simpson"", "" James Breeding"", "" Paul Szelc"")","Bloomington, IN",Simon Skjodt Assembly Hall,17472,17222,NA,NA,NA,NA,NA,NA,NA,NA,Indiana,St. John's,FALSE
401372013,2021-11-17,Indiana,St. John's,25,1,16:20,2180,2180,Montez Mathis made Jumper.,9,7,2,18,0.7109866671054184,0.548911299485386,4,4,4.5,151,"c(""Lamar Simpson"", "" James Breeding"", "" Paul Szelc"")","Bloomington, IN",Simon Skjodt Assembly Hall,17472,17222,NA,NA,St. John's,made,Montez Mathis,NA,FALSE,FALSE,St. John's,Indiana,FALSE
401372013,2021-11-17,Indiana,St. John's,26,1,16:00,2160,2160,Trayce Jackson-Davis missed Layup.,9,7,2,20,0.7109822612704942,0.5493734399338808,4,4,4.5,151,"c(""Lamar Simpson"", "" James Breeding"", "" Paul Szelc"")","Bloomington, IN",Simon Skjodt Assembly Hall,17472,17222,NA,NA,Indiana,missed,Trayce Jackson-Davis,NA,FALSE,FALSE,Indiana,St. John's,FALSE
401372013,2021-11-17,Indiana,St. John's,27,1,15:55,2155,2155,Montez Mathis Defensive Rebound.,9,7,2,5,0.7109801431726419,0.5494893923142233,4,4,4.5,151,"c(""Lamar Simpson"", "" James Breeding"", "" Paul Szelc"")","Bloomington, IN",Simon Skjodt Assembly Hall,17472,17222,NA,NA,NA,NA,NA,NA,NA,NA,Indiana,St. John's,FALSE
401372013,2021-11-17,Indiana,St. John's,28,1,15:42,2142,2142,Stef Smith missed Three Point Jumper.,9,7,2,13,0.7109729019509293,0.5497917817235468,4,4,4.5,151,"c(""Lamar Simpson"", "" James Breeding"", "" Paul Szelc"")","Bloomington, IN",Simon Skjodt Assembly Hall,17472,17222,NA,NA,St. John's,missed,Stef Smith,NA,TRUE,FALSE,St. John's,Indiana,FALSE
401372013,2021-11-17,Indiana,St. John's,29,1,15:38,2138,2138,Race Thompson Defensive Rebound.,9,7,2,4,0.7109701818324148,0.549885098381004,4,4,4.5,151,"c(""Lamar Simpson"", "" James Breeding"", "" Paul Szelc"")","Bloomington, IN",Simon Skjodt Assembly Hall,17472,17222,NA,NA,NA,NA,NA,NA,NA,NA,St. John's,Indiana,FALSE
401372013,2021-11-17,Indiana,St. John's,30,1,15:22,2122,2122,Parker Stewart made Three Point Jumper. Assisted by Trayce Jackson-Davis.,12,7,5,16,0.7689899996841488,0.6234693688430759,4,4,4.5,151,"c(""Lamar Simpson"", "" James Breeding"", "" Paul Szelc"")","Bloomington, IN",Simon Skjodt Assembly Hall,17472,17222,NA,NA,Indiana,made,Parker Stewart,Trayce Jackson-Davis,TRUE,FALSE,Indiana,St. John's,FALSE
401372013,2021-11-17,Indiana,St. John's,31,1,14:58,2098,2098,Julian Champagnie missed Jumper.,12,7,5,24,0.7695767023320791,0.6248113238578489,4,4,4.5,151,"c(""Lamar Simpson"", "" James Breeding"", "" Paul Szelc"")","Bloomington, IN",Simon Skjodt Assembly Hall,17472,17222,NA,NA,St. John's,missed,Julian Champagnie,NA,FALSE,FALSE,St. John's,Indiana,FALSE
401372013,2021-11-17,Indiana,St. John's,32,1,14:55,2095,2095,Trayce Jackson-Davis Defensive Rebound.,12,7,5,3,0.7696499467201195,0.6249798569674797,4,4,4.5,151,"c(""Lamar Simpson"", "" James Breeding"", "" Paul Szelc"")","Bloomington, IN",Simon Skjodt Assembly Hall,17472,17222,NA,NA,NA,NA,NA,NA,NA,NA,St. John's,Indiana,FALSE
401372013,2021-11-17,Indiana,St. John's,33,1,14:38,2078,2078,Race Thompson missed Three Point Jumper.,12,7,5,17,0.7700647996450363,0.6259383753352543,4,4,4.5,151,"c(""Lamar Simpson"", "" James Breeding"", "" Paul Szelc"")","Bloomington, IN",Simon Skjodt Assembly Hall,17472,17222,NA,NA,Indiana,missed,Race Thompson,NA,TRUE,FALSE,Indiana,St. John's,FALSE
401372013,2021-11-17,Indiana,St. John's,34,1,14:36,2076,2076,Posh Alexander Defensive Rebound.,12,7,5,2,0.7701135944573597,0.626051543483149,4,4,4.5,151,"c(""Lamar Simpson"", "" James Breeding"", "" Paul Szelc"")","Bloomington, IN",Simon Skjodt Assembly Hall,17472,17222,NA,NA,NA,NA,NA,NA,NA,NA,Indiana,St. John's,FALSE
401372013,2021-11-17,Indiana,St. John's,35,1,14:27,2067,2067,Montez Mathis made Three Point Jumper. Assisted by Posh Alexander.,12,10,2,9,0.7108870924211188,0.5515655296841933,4,4,4.5,151,"c(""Lamar Simpson"", "" James Breeding"", "" Paul Szelc"")","Bloomington, IN",Simon Skjodt Assembly Hall,17472,17222,NA,NA,St. John's,made,Montez Mathis,Posh Alexander,TRUE,FALSE,St. John's,Indiana,FALSE
401372013,2021-11-17,Indiana,St. John's,36,1,14:05,2045,2045,Trayce Jackson-Davis Turnover.,12,10,2,22,0.7108495494609156,0.5520965806367524,4,4,4.5,151,"c(""Lamar Simpson"", "" James Breeding"", "" Paul Szelc"")","Bloomington, IN",Simon Skjodt Assembly Hall,17472,17222,NA,NA,NA,NA,NA,NA,NA,NA,Indiana,St. John's,FALSE
401372013,2021-11-17,Indiana,St. John's,37,1,14:05,2045,2045,Official TV Timeout,12,10,2,0,0.7108495494609156,0.5520965806367524,4,4,4.5,151,"c(""Lamar Simpson"", "" James Breeding"", "" Paul Szelc"")","Bloomington, IN",Simon Skjodt Assembly Hall,17472,17222,NA,NA,NA,NA,NA,NA,NA,NA,Indiana,St. John's,FALSE
401372013,2021-11-17,Indiana,St. John's,38,1,13:54,2034,2034,Foul on Montez Mathis.,12,10,2,11,0.7108289848876534,0.5523641538040125,4,4,4.5,151,"c(""Lamar Simpson"", "" James Breeding"", "" Paul Szelc"")","Bloomington, IN",Simon Skjodt Assembly Hall,17472,17222,NA,NA,NA,NA,NA,NA,NA,NA,Indiana,Indiana,FALSE
401372013,2021-11-17,Indiana,St. John's,39,1,13:54,2034,2034,Montez Mathis Turnover.,12,10,2,0,0.7108289848876534,0.5523641538040125,4,4,4.5,151,"c(""Lamar Simpson"", "" James Breeding"", "" Paul Szelc"")","Bloomington, IN",Simon Skjodt Assembly Hall,17472,17222,NA,NA,NA,NA,NA,NA,NA,NA,St. John's,Indiana,FALSE
401372013,2021-11-17,Indiana,St. John's,40,1,13:26,2006,2006,Trayce Jackson-Davis made Dunk. Assisted by Rob Phinisee.,14,10,4,28,0.7525286371650886,0.6049223483005075,4,4,4.5,151,"c(""Lamar Simpson"", "" James Breeding"", "" Paul Szelc"")","Bloomington, IN",Simon Skjodt Assembly Hall,17472,17222,NA,NA,Indiana,made,Trayce Jackson-Davis,Rob Phinisee,FALSE,FALSE,Indiana,St. John's,FALSE
401372013,2021-11-17,Indiana,St. John's,41,1,13:05,1985,1985,Aaron Wheeler missed Three Point Jumper.,14,10,4,21,0.7528793758655079,0.6059318250976432,4,4,4.5,151,"c(""Lamar Simpson"", "" James Breeding"", "" Paul Szelc"")","Bloomington, IN",Simon Skjodt Assembly Hall,17472,17222,NA,NA,St. John's,missed,Aaron Wheeler,NA,TRUE,FALSE,St. John's,Indiana,FALSE
401372013,2021-11-17,Indiana,St. John's,42,1,13:04,1984,1984,Xavier Johnson Defensive Rebound.,14,10,4,1,0.7528961095910108,0.6059801588978633,4,4,4.5,151,"c(""Lamar Simpson"", "" James Breeding"", "" Paul Szelc"")","Bloomington, IN",Simon Skjodt Assembly Hall,17472,17222,NA,NA,NA,NA,NA,NA,NA,NA,St. John's,St. John's,FALSE
401372013,2021-11-17,Indiana,St. John's,43,1,13:04,1984,1984,Foul on Posh Alexander.,14,10,4,0,0.7528961095910108,0.6059801588978633,4,4,4.5,151,"c(""Lamar Simpson"", "" James Breeding"", "" Paul Szelc"")","Bloomington, IN",Simon Skjodt Assembly Hall,17472,17222,NA,NA,NA,NA,NA,NA,NA,NA,Indiana,St. John's,FALSE
401372013,2021-11-17,Indiana,St. John's,44,1,13:04,1984,1984,Race Thompson Turnover.,14,10,4,0,0.7528961095910108,0.6059801588978633,4,4,4.5,151,"c(""Lamar Simpson"", "" James Breeding"", "" Paul Szelc"")","Bloomington, IN",Simon Skjodt Assembly Hall,17472,17222,NA,NA,NA,NA,NA,NA,NA,NA,Indiana,St. John's,FALSE
401372013,2021-11-17,Indiana,St. John's,45,1,12:58,1978,1978,Foul on Parker Stewart.,14,10,4,6,0.7529965861819949,0.6062706767112735,4,4,4.5,151,"c(""Lamar Simpson"", "" James Breeding"", "" Paul Szelc"")","Bloomington, IN",Simon Skjodt Assembly Hall,17472,17222,NA,NA,NA,NA,NA,NA,NA,NA,St. John's,St. John's,FALSE
401372013,2021-11-17,Indiana,St. John's,46,1,12:43,1963,1963,Tareq Coburn Turnover.,14,10,4,15,0.7532484130809619,0.6070009044208484,4,4,4.5,151,"c(""Lamar Simpson"", "" James Breeding"", "" Paul Szelc"")","Bloomington, IN",Simon Skjodt Assembly Hall,17472,17222,NA,NA,NA,NA,NA,NA,NA,NA,St. John's,Indiana,FALSE
401372013,2021-11-17,Indiana,St. John's,47,1,12:43,1963,1963,Race Thompson Steal.,14,10,4,0,0.7532484130809619,0.6070009044208484,4,4,4.5,151,"c(""Lamar Simpson"", "" James Breeding"", "" Paul Szelc"")","Bloomington, IN",Simon Skjodt Assembly Hall,17472,17222,NA,NA,NA,NA,NA,NA,NA,NA,St. John's,Indiana,FALSE
401372013,2021-11-17,Indiana,St. John's,48,1,12:43,1963,1963,Foul on Tareq Coburn.,14,10,4,0,0.7532484130809619,0.6070009044208484,4,4,4.5,151,"c(""Lamar Simpson"", "" James Breeding"", "" Paul Szelc"")","Bloomington, IN",Simon Skjodt Assembly Hall,17472,17222,NA,NA,NA,NA,NA,NA,NA,NA,Indiana,Indiana,FALSE
401372013,2021-11-17,Indiana,St. John's,49,1,12:22,1942,1942,Trayce Jackson-Davis missed Layup.,14,10,4,21,0.7536028553222027,0.608032985325151,4,4,4.5,151,"c(""Lamar Simpson"", "" James Breeding"", "" Paul Szelc"")","Bloomington, IN",Simon Skjodt Assembly Hall,17472,17222,NA,NA,Indiana,missed,Trayce Jackson-Davis,NA,FALSE,FALSE,Indiana,St. John's,FALSE
401372013,2021-11-17,Indiana,St. John's,50,1,12:19,1939,1939,Julian Champagnie Defensive Rebound.,14,10,4,3,0.753653701143036,0.6081813836118145,4,4,4.5,151,"c(""Lamar Simpson"", "" James Breeding"", "" Paul Szelc"")","Bloomington, IN",Simon Skjodt Assembly Hall,17472,17222,NA,NA,NA,NA,NA,NA,NA,NA,Indiana,St. John's,FALSE
401372013,2021-11-17,Indiana,St. John's,51,1,11:59,1919,1919,Julian Champagnie missed Jumper.,14,10,4,20,0.7539919178723662,0.6091746669909176,4,4,4.5,151,"c(""Lamar Simpson"", "" James Breeding"", "" Paul Szelc"")","Bloomington, IN",Simon Skjodt Assembly Hall,17472,17222,NA,NA,St. John's,missed,Julian Champagnie,NA,FALSE,FALSE,St. John's,St. John's,FALSE
401372013,2021-11-17,Indiana,St. John's,52,1,11:57,1917,1917,Stef Smith Offensive Rebound.,14,10,4,2,0.754025223378853,0.609273923347929,4,4,4.5,151,"c(""Lamar Simpson"", "" James Breeding"", "" Paul Szelc"")","Bloomington, IN",Simon Skjodt Assembly Hall,17472,17222,NA,NA,NA,NA,NA,NA,NA,NA,St. John's,St. John's,FALSE
401372013,2021-11-17,Indiana,St. John's,53,1,11:54,1914,1914,Tareq Coburn missed Three Point Jumper.,14,10,4,3,0.7540749686839835,0.6094227457695932,4,4,4.5,151,"c(""Lamar Simpson"", "" James Breeding"", "" Paul Szelc"")","Bloomington, IN",Simon Skjodt Assembly Hall,17472,17222,NA,NA,St. John's,missed,Tareq Coburn,NA,TRUE,FALSE,St. John's,Indiana,FALSE
401372013,2021-11-17,Indiana,St. John's,54,1,11:51,1911,1911,Tamar Bates Defensive Rebound.,14,10,4,3,0.7541244654738883,0.6095715007730128,4,4,4.5,151,"c(""Lamar Simpson"", "" James Breeding"", "" Paul Szelc"")","Bloomington, IN",Simon Skjodt Assembly Hall,17472,17222,NA,NA,NA,NA,NA,NA,NA,NA,St. John's,Indiana,FALSE
401372013,2021-11-17,Indiana,St. John's,55,1,11:34,1894,1894,Tamar Bates made Jumper.,16,10,6,17,0.793597362461178,0.6623035080513534,4,4,4.5,151,"c(""Lamar Simpson"", "" James Breeding"", "" Paul Szelc"")","Bloomington, IN",Simon Skjodt Assembly Hall,17472,17222,NA,NA,Indiana,made,Tamar Bates,NA,FALSE,FALSE,Indiana,St. John's,FALSE
401372013,2021-11-17,Indiana,St. John's,56,1,11:11,1871,1871,Dylan Addae-Wusu Turnover.,16,10,6,23,0.7943107240528587,0.6639090355464442,4,4,4.5,151,"c(""Lamar Simpson"", "" James Breeding"", "" Paul Szelc"")","Bloomington, IN",Simon Skjodt Assembly Hall,17472,17222,NA,NA,NA,NA,NA,NA,NA,NA,St. John's,Indiana,FALSE
401372013,2021-11-17,Indiana,St. John's,57,1,11:11,1871,1871,Official TV Timeout,16,10,6,0,0.7943107240528587,0.6639090355464442,4,4,4.5,151,"c(""Lamar Simpson"", "" James Breeding"", "" Paul Szelc"")","Bloomington, IN",Simon Skjodt Assembly Hall,17472,17222,NA,NA,NA,NA,NA,NA,NA,NA,St. John's,Indiana,FALSE
401372013,2021-11-17,Indiana,St. John's,58,1,10:55,1855,1855,Trayce Jackson-Davis made Layup.,18,10,8,16,0.8295883650023492,0.713893248264578,4,4,4.5,151,"c(""Lamar Simpson"", "" James Breeding"", "" Paul Szelc"")","Bloomington, IN",Simon Skjodt Assembly Hall,17472,17222,NA,NA,Indiana,made,Trayce Jackson-Davis,NA,FALSE,FALSE,Indiana,St. John's,FALSE
401372013,2021-11-17,Indiana,St. John's,59,1,10:34,1834,1834,Stef Smith missed Jumper.,18,10,8,21,0.8304558304072798,0.7156902088686244,4,4,4.5,151,"c(""Lamar Simpson"", "" James Breeding"", "" Paul Szelc"")","Bloomington, IN",Simon Skjodt Assembly Hall,17472,17222,NA,NA,St. John's,missed,Stef Smith,NA,FALSE,FALSE,St. John's,Indiana,FALSE
401372013,2021-11-17,Indiana,St. John's,60,1,10:30,1830,1830,Trayce Jackson-Davis Defensive Rebound.,18,10,8,4,0.8306209567398405,0.7160331523260889,4,4,4.5,151,"c(""Lamar Simpson"", "" James Breeding"", "" Paul Szelc"")","Bloomington, IN",Simon Skjodt Assembly Hall,17472,17222,NA,NA,NA,NA,NA,NA,NA,NA,St. John's,Indiana,FALSE
401372013,2021-11-17,Indiana,St. John's,61,1,10:17,1817,1817,Rob Phinisee missed Three Point Jumper.,18,10,8,13,0.831157932080564,0.7171498700030252,4,4,4.5,151,"c(""Lamar Simpson"", "" James Breeding"", "" Paul Szelc"")","Bloomington, IN",Simon Skjodt Assembly Hall,17472,17222,NA,NA,Indiana,missed,Rob Phinisee,NA,TRUE,FALSE,Indiana,St. John's,FALSE
401372013,2021-11-17,Indiana,St. John's,62,1,10:13,1813,1813,Tareq Coburn Defensive Rebound.,18,10,8,4,0.8313233443900858,0.7174942523107972,4,4,4.5,151,"c(""Lamar Simpson"", "" James Breeding"", "" Paul Szelc"")","Bloomington, IN",Simon Skjodt Assembly Hall,17472,17222,NA,NA,NA,NA,NA,NA,NA,NA,Indiana,St. John's,FALSE
401372013,2021-11-17,Indiana,St. John's,63,1,9:53,1793,1793,Tareq Coburn missed Three Point Jumper.,18,10,8,20,0.8321528792552305,0.7192230646985899,4,4,4.5,151,"c(""Lamar Simpson"", "" James Breeding"", "" Paul Szelc"")","Bloomington, IN",Simon Skjodt Assembly Hall,17472,17222,NA,NA,St. John's,missed,Tareq Coburn,NA,TRUE,FALSE,St. John's,St. John's,FALSE
401372013,2021-11-17,Indiana,St. John's,64,1,9:48,1788,1788,Joel Soriano Offensive Rebound.,18,10,8,5,0.8323611374296883,0.7196573516295803,4,4,4.5,151,"c(""Lamar Simpson"", "" James Breeding"", "" Paul Szelc"")","Bloomington, IN",Simon Skjodt Assembly Hall,17472,17222,NA,NA,NA,NA,NA,NA,NA,NA,St. John's,St. John's,FALSE
401372013,2021-11-17,Indiana,St. John's,65,1,9:47,1787,1787,Joel Soriano missed Jumper.,18,10,8,1,0.8324028408910418,0.7197443213014025,4,4,4.5,151,"c(""Lamar Simpson"", "" James Breeding"", "" Paul Szelc"")","Bloomington, IN",Simon Skjodt Assembly Hall,17472,17222,NA,NA,St. John's,missed,Joel Soriano,NA,FALSE,FALSE,St. John's,Indiana,FALSE
401372013,2021-11-17,Indiana,St. John's,66,1,9:47,1787,1787,Trayce Jackson-Davis Block.,18,10,8,0,0.8324028408910418,0.7197443213014025,4,4,4.5,151,"c(""Lamar Simpson"", "" James Breeding"", "" Paul Szelc"")","Bloomington, IN",Simon Skjodt Assembly Hall,17472,17222,NA,NA,NA,NA,NA,NA,NA,NA,St. John's,Indiana,FALSE
401372013,2021-11-17,Indiana,St. John's,67,1,9:43,1783,1783,Jordan Geronimo Defensive Rebound.,18,10,8,4,0.8325698400436623,0.7200925898928009,4,4,4.5,151,"c(""Lamar Simpson"", "" James Breeding"", "" Paul Szelc"")","Bloomington, IN",Simon Skjodt Assembly Hall,17472,17222,NA,NA,NA,NA,NA,NA,NA,NA,St. John's,Indiana,FALSE
401372013,2021-11-17,Indiana,St. John's,68,1,9:42,1782,1782,Tamar Bates missed Three Point Jumper.,18,10,8,1,0.8326116380370876,0.7201797568538455,4,4,4.5,151,"c(""Lamar Simpson"", "" James Breeding"", "" Paul Szelc"")","Bloomington, IN",Simon Skjodt Assembly Hall,17472,17222,NA,NA,Indiana,missed,Tamar Bates,NA,TRUE,FALSE,Indiana,St. John's,FALSE
401372013,2021-11-17,Indiana,St. John's,69,1,9:38,1778,1778,Aaron Wheeler Defensive Rebound.,18,10,8,4,0.8327790340786825,0.7205288379428834,4,4,4.5,151,"c(""Lamar Simpson"", "" James Breeding"", "" Paul Szelc"")","Bloomington, IN",Simon Skjodt Assembly Hall,17472,17222,NA,NA,NA,NA,NA,NA,NA,NA,Indiana,St. John's,FALSE
401372013,2021-11-17,Indiana,St. John's,70,1,9:26,1766,1766,Aaron Wheeler missed Dunk.,18,10,8,12,0.8332833842776683,0.7215803008955989,4,4,4.5,151,"c(""Lamar Simpson"", "" James Breeding"", "" Paul Szelc"")","Bloomington, IN",Simon Skjodt Assembly Hall,17472,17222,NA,NA,St. John's,missed,Aaron Wheeler,NA,FALSE,FALSE,St. John's,Indiana,FALSE
401372013,2021-11-17,Indiana,St. John's,71,1,9:23,1763,1763,Trey Galloway Defensive Rebound.,18,10,8,3,0.8334100315137931,0.721844221474433,4,4,4.5,151,"c(""Lamar Simpson"", "" James Breeding"", "" Paul Szelc"")","Bloomington, IN",Simon Skjodt Assembly Hall,17472,17222,NA,NA,NA,NA,NA,NA,NA,NA,St. John's,Indiana,FALSE
401372013,2021-11-17,Indiana,St. John's,72,1,9:16,1756,1756,Foul on Dylan Addae-Wusu.,18,10,8,7,0.833706507180851,0.722461794923148,4,4,4.5,151,"c(""Lamar Simpson"", "" James Breeding"", "" Paul Szelc"")","Bloomington, IN",Simon Skjodt Assembly Hall,17472,17222,NA,NA,NA,NA,NA,NA,NA,NA,Indiana,Indiana,FALSE
401372013,2021-11-17,Indiana,St. John's,73,1,9:16,1756,1756,Tamar Bates missed Free Throw.,18,10,8,0,0.833706507180851,0.722461794923148,4,4,4.5,151,"c(""Lamar Simpson"", "" James Breeding"", "" Paul Szelc"")","Bloomington, IN",Simon Skjodt Assembly Hall,17472,17222,NA,NA,Indiana,missed,Tamar Bates,NA,FALSE,TRUE,Indiana,Indiana,FALSE
401372013,2021-11-17,Indiana,St. John's,74,1,9:16,1756,1756,Indiana Offensive Rebound.,18,10,8,0,0.833706507180851,0.722461794923148,4,4,4.5,151,"c(""Lamar Simpson"", "" James Breeding"", "" Paul Szelc"")","Bloomington, IN",Simon Skjodt Assembly Hall,17472,17222,NA,NA,NA,NA,NA,NA,NA,NA,Indiana,Indiana,FALSE
401372013,2021-11-17,Indiana,St. John's,75,1,9:16,1756,1756,Tamar Bates missed Free Throw.,18,10,8,0,0.833706507180851,0.722461794923148,4,4,4.5,151,"c(""Lamar Simpson"", "" James Breeding"", "" Paul Szelc"")","Bloomington, IN",Simon Skjodt Assembly Hall,17472,17222,NA,NA,Indiana,missed,Tamar Bates,NA,FALSE,TRUE,Indiana,Indiana,FALSE
401372013,2021-11-17,Indiana,St. John's,76,1,9:14,1754,1754,Jordan Geronimo Offensive Rebound.,18,10,8,2,0.8337914760016109,0.7226387131776877,4,4,4.5,151,"c(""Lamar Simpson"", "" James Breeding"", "" Paul Szelc"")","Bloomington, IN",Simon Skjodt Assembly Hall,17472,17222,NA,NA,NA,NA,NA,NA,NA,NA,Indiana,Indiana,FALSE
401372013,2021-11-17,Indiana,St. John's,77,1,9:13,1753,1753,Jordan Geronimo missed Jumper.,18,10,8,1,0.8338340058251343,0.7227272526980725,4,4,4.5,151,"c(""Lamar Simpson"", "" James Breeding"", "" Paul Szelc"")","Bloomington, IN",Simon Skjodt Assembly Hall,17472,17222,NA,NA,Indiana,missed,Jordan Geronimo,NA,FALSE,FALSE,Indiana,Indiana,FALSE
401372013,2021-11-17,Indiana,St. John's,78,1,9:11,1751,1751,Michael Durr Offensive Rebound.,18,10,8,2,0.8339191581253605,0.72290449479533,4,4,4.5,151,"c(""Lamar Simpson"", "" James Breeding"", "" Paul Szelc"")","Bloomington, IN",Simon Skjodt Assembly Hall,17472,17222,NA,NA,NA,NA,NA,NA,NA,NA,Indiana,Indiana,FALSE
401372013,2021-11-17,Indiana,St. John's,79,1,9:11,1751,1751,Foul on Michael Durr.,18,10,8,0,0.8339191581253605,0.72290449479533,4,4,4.5,151,"c(""Lamar Simpson"", "" James Breeding"", "" Paul Szelc"")","Bloomington, IN",Simon Skjodt Assembly Hall,17472,17222,NA,NA,NA,NA,NA,NA,NA,NA,Indiana,St. John's,FALSE
401372013,2021-11-17,Indiana,St. John's,80,1,9:11,1751,1751,Michael Durr Turnover.,18,10,8,0,0.8339191581253605,0.72290449479533,4,4,4.5,151,"c(""Lamar Simpson"", "" James Breeding"", "" Paul Szelc"")","Bloomington, IN",Simon Skjodt Assembly Hall,17472,17222,NA,NA,NA,NA,NA,NA,NA,NA,Indiana,St. John's,FALSE
401372013,2021-11-17,Indiana,St. John's,81,1,8:58,1738,1738,Tareq Coburn missed Three Point Jumper.,18,10,8,13,0.8344758485089715,0.7240621028346973,4,4,4.5,151,"c(""Lamar Simpson"", "" James Breeding"", "" Paul Szelc"")","Bloomington, IN",Simon Skjodt Assembly Hall,17472,17222,NA,NA,St. John's,missed,Tareq Coburn,NA,TRUE,FALSE,St. John's,St. John's,FALSE
401372013,2021-11-17,Indiana,St. John's,82,1,8:54,1734,1734,Joel Soriano Offensive Rebound.,18,10,8,4,0.8346483318875371,0.7244203167332264,4,4,4.5,151,"c(""Lamar Simpson"", "" James Breeding"", "" Paul Szelc"")","Bloomington, IN",Simon Skjodt Assembly Hall,17472,17222,NA,NA,NA,NA,NA,NA,NA,NA,St. John's,St. John's,FALSE
401372013,2021-11-17,Indiana,St. John's,83,1,8:38,1718,1718,Posh Alexander Turnover.,18,10,8,16,0.8353445163901422,0.7258634949456154,4,4,4.5,151,"c(""Lamar Simpson"", "" James Breeding"", "" Paul Szelc"")","Bloomington, IN",Simon Skjodt Assembly Hall,17472,17222,NA,NA,NA,NA,NA,NA,NA,NA,St. John's,Indiana,FALSE
401372013,2021-11-17,Indiana,St. John's,84,1,8:38,1718,1718,Rob Phinisee Steal.,18,10,8,0,0.8353445163901422,0.7258634949456154,4,4,4.5,151,"c(""Lamar Simpson"", "" James Breeding"", "" Paul Szelc"")","Bloomington, IN",Simon Skjodt Assembly Hall,17472,17222,NA,NA,NA,NA,NA,NA,NA,NA,St. John's,Indiana,FALSE
401372013,2021-11-17,Indiana,St. John's,85,1,8:19,1699,1699,Tamar Bates missed Three Point Jumper.,18,10,8,19,0.83618575804945094,0.7276006217172444,4,4,4.5,151,"c(""Lamar Simpson"", "" James Breeding"", "" Paul Szelc"")","Bloomington, IN",Simon Skjodt Assembly Hall,17472,17222,NA,NA,Indiana,missed,Tamar Bates,NA,TRUE,FALSE,Indiana,St. John's,FALSE
401372013,2021-11-17,Indiana,St. John's,86,1,8:16,1696,1696,Julian Champagnie Defensive Rebound.,18,10,8,3,0.836320173583962,0.7278774043216898,4,4,4.5,151,"c(""Lamar Simpson"", "" James Breeding"", "" Paul Szelc"")","Bloomington, IN",Simon Skjodt Assembly Hall,17472,17222,NA,NA,NA,NA,NA,NA,NA,NA,Indiana,St. John's,FALSE
401372013,2021-11-17,Indiana,St. John's,87,1,7:56,1676,1676,Foul on Jordan Geronimo.,18,10,8,20,0.8372093931423786,0.729717227370393,4,4,4.5,151,"c(""Lamar Simpson"", "" James Breeding"", "" Paul Szelc"")","Bloomington, IN",Simon Skjodt Assembly Hall,17472,17222,NA,NA,NA,NA,NA,NA,NA,NA,St. John's,St. John's,FALSE
401372013,2021-11-17,Indiana,St. John's,88,1,7:56,1676,1676,Official TV Timeout,18,10,8,0,0.8372093931423786,0.729717227370393,4,4,4.5,151,"c(""Lamar Simpson"", "" James Breeding"", "" Paul Szelc"")","Bloomington, IN",Simon Skjodt Assembly Hall,17472,17222,NA,NA,NA,NA,NA,NA,NA,NA,St. John's,St. John's,FALSE
401372013,2021-11-17,Indiana,St. John's,89,1,7:43,1663,1663,Foul on Trey Galloway.,18,10,8,13,0.8377619320108367,0.7308838817545174,4,4,4.5,151,"c(""Lamar Simpson"", "" James Breeding"", "" Paul Szelc"")","Bloomington, IN",Simon Skjodt Assembly Hall,17472,17222,NA,NA,NA,NA,NA,NA,NA,NA,St. John's,St. John's,FALSE
401372013,2021-11-17,Indiana,St. John's,90,1,7:43,1663,1663,Dylan Addae-Wusu made Free Throw.,18,11,7,0,0.820063859501145,0.7056235916631274,4,4,4.5,151,"c(""Lamar Simpson"", "" James Breeding"", "" Paul Szelc"")","Bloomington, IN",Simon Skjodt Assembly Hall,17472,17222,NA,NA,St. John's,made,Dylan Addae-Wusu,NA,FALSE,TRUE,St. John's,St. John's,FALSE
401372013,2021-11-17,Indiana,St. John's,91,1,7:43,1663,1663,Dylan Addae-Wusu missed Free Throw.,18,11,7,0,0.820063859501145,0.7056235916631274,4,4,4.5,151,"c(""Lamar Simpson"", "" James Breeding"", "" Paul Szelc"")","Bloomington, IN",Simon Skjodt Assembly Hall,17472,17222,NA,NA,St. John's,missed,Dylan Addae-Wusu,NA,FALSE,TRUE,St. John's,Indiana,FALSE
401372013,2021-11-17,Indiana,St. John's,92,1,7:41,1661,1661,Jordan Geronimo Defensive Rebound.,18,11,7,2,0.820137663362177,0.7057876635425343,4,4,4.5,151,"c(""Lamar Simpson"", "" James Breeding"", "" Paul Szelc"")","Bloomington, IN",Simon Skjodt Assembly Hall,17472,17222,NA,NA,NA,NA,NA,NA,NA,NA,St. John's,Indiana,FALSE
401372013,2021-11-17,Indiana,St. John's,93,1,7:29,1649,1649,Tamar Bates made Jumper. Assisted by Rob Phinisee.,20,11,9,12,0.8546538226095933,0.7560354135506394,4,4,4.5,151,"c(""Lamar Simpson"", "" James Breeding"", "" Paul Szelc"")","Bloomington, IN",Simon Skjodt Assembly Hall,17472,17222,NA,NA,Indiana,made,Tamar Bates,Rob Phinisee,FALSE,FALSE,Indiana,St. John's,FALSE
401372013,2021-11-17,Indiana,St. John's,94,1,7:10,1630,1630,Julian Champagnie made Three Point Jumper. Assisted by Posh Alexander.,20,14,6,19,0.8018703746679647,0.681428288732989,4,4,4.5,151,"c(""Lamar Simpson"", "" James Breeding"", "" Paul Szelc"")","Bloomington, IN",Simon Skjodt Assembly Hall,17472,17222,NA,NA,St. John's,made,Julian Champagnie,Posh Alexander,TRUE,FALSE,St. John's,Indiana,FALSE
401372013,2021-11-17,Indiana,St. John's,95,1,6:52,1612,1612,Tamar Bates made Three Point Jumper.,23,14,9,18,0.8562301046578531,0.7593972452079366,4,4,4.5,151,"c(""Lamar Simpson"", "" James Breeding"", "" Paul Szelc"")","Bloomington, IN",Simon Skjodt Assembly Hall,17472,17222,NA,NA,Indiana,made,Tamar Bates,NA,TRUE,FALSE,Indiana,St. John's,FALSE
401372013,2021-11-17,Indiana,St. John's,96,1,6:46,1606,1606,Montez Mathis Turnover.,23,14,9,6,0.8564789932136064,0.7599349245442413,4,4,4.5,151,"c(""Lamar Simpson"", "" James Breeding"", "" Paul Szelc"")","Bloomington, IN",Simon Skjodt Assembly Hall,17472,17222,NA,NA,NA,NA,NA,NA,NA,NA,St. John's,Indiana,FALSE
401372013,2021-11-17,Indiana,St. John's,97,1,6:46,1606,1606,Trey Galloway Steal.,23,14,9,0,0.8564789932136064,0.7599349245442413,4,4,4.5,151,"c(""Lamar Simpson"", "" James Breeding"", "" Paul Szelc"")","Bloomington, IN",Simon Skjodt Assembly Hall,17472,17222,NA,NA,NA,NA,NA,NA,NA,NA,St. John's,Indiana,FALSE
401372013,2021-11-17,Indiana,St. John's,98,1,6:45,1605,1605,Foul on Montez Mathis.,23,14,9,1,0.8565203642865247,0.7600244289408555,4,4,4.5,151,"c(""Lamar Simpson"", "" James Breeding"", "" Paul Szelc"")","Bloomington, IN",Simon Skjodt Assembly Hall,17472,17222,NA,NA,NA,NA,NA,NA,NA,NA,Indiana,Indiana,FALSE
401372013,2021-11-17,Indiana,St. John's,99,1,6:45,1605,1605,Miller Kopp made Free Throw.,24,14,10,0,0.8715546851288294,0.7826035886680968,4,4,4.5,151,"c(""Lamar Simpson"", "" James Breeding"", "" Paul Szelc"")","Bloomington, IN",Simon Skjodt Assembly Hall,17472,17222,NA,NA,Indiana,made,Miller Kopp,NA,FALSE,TRUE,Indiana,Indiana,FALSE
401372013,2021-11-17,Indiana,St. John's,100,1,6:45,1605,1605,Miller Kopp made Free Throw.,25,14,11,0,0.8852247547002352,0.8036072558041336,4,4,4.5,151,"c(""Lamar Simpson"", "" James Breeding"", "" Paul Szelc"")","Bloomington, IN",Simon Skjodt Assembly Hall,17472,17222,NA,NA,Indiana,made,Miller Kopp,NA,FALSE,TRUE,Indiana,Indiana,FALSE
401372013,2021-11-17,Indiana,St. John's,101,1,6:26,1586,1586,Tamar Bates made Jumper.,27,14,13,19,0.909666850521366,0.8427260162134509,4,4,4.5,151,"c(""Lamar Simpson"", "" James Breeding"", "" Paul Szelc"")","Bloomington, IN",Simon Skjodt Assembly Hall,17472,17222,NA,NA,Indiana,made,Tamar Bates,NA,FALSE,FALSE,Indiana,St. John's,FALSE
401372013,2021-11-17,Indiana,St. John's,102,1,6:13,1573,1573,Foul on Xavier Johnson.,27,14,13,13,0.9102588817906171,0.8439502932331009,4,4,4.5,151,"c(""Lamar Simpson"", "" James Breeding"", "" Paul Szelc"")","Bloomington, IN",Simon Skjodt Assembly Hall,17472,17222,NA,NA,NA,NA,NA,NA,NA,NA,St. John's,St. John's,FALSE
401372013,2021-11-17,Indiana,St. John's,103,1,6:13,1573,1573,Foul on Tamar Bates.,27,14,13,0,0.9102588817906171,0.8439502932331009,4,4,4.5,151,"c(""Lamar Simpson"", "" James Breeding"", "" Paul Szelc"")","Bloomington, IN",Simon Skjodt Assembly Hall,17472,17222,NA,NA,NA,NA,NA,NA,NA,NA,St. John's,St. John's,FALSE
401372013,2021-11-17,Indiana,St. John's,104,1,6:03,1563,1563,Julian Champagnie missed Three Point Jumper.,27,14,13,10,0.9107149853474057,0.8448930399755373,4,4,4.5,151,"c(""Lamar Simpson"", "" James Breeding"", "" Paul Szelc"")","Bloomington, IN",Simon Skjodt Assembly Hall,17472,17222,NA,NA,St. John's,missed,Julian Champagnie,NA,TRUE,FALSE,St. John's,St. John's,FALSE
401372013,2021-11-17,Indiana,St. John's,105,1,5:59,1559,1559,Joel Soriano Offensive Rebound.,27,14,13,4,0.9108979071999834,0.8452708356007204,4,4,4.5,151,"c(""Lamar Simpson"", "" James Breeding"", "" Paul Szelc"")","Bloomington, IN",Simon Skjodt Assembly Hall,17472,17222,NA,NA,NA,NA,NA,NA,NA,NA,St. John's,St. John's,FALSE
401372013,2021-11-17,Indiana,St. John's,106,1,5:56,1556,1556,Foul on Michael Durr.,27,14,13,3,0.9110353511937201,0.8455545493399098,4,4,4.5,151,"c(""Lamar Simpson"", "" James Breeding"", "" Paul Szelc"")","Bloomington, IN",Simon Skjodt Assembly Hall,17472,17222,NA,NA,NA,NA,NA,NA,NA,NA,St. John's,St. John's,FALSE
401372013,2021-11-17,Indiana,St. John's,107,1,5:56,1556,1556,Joel Soriano made Free Throw.,27,15,12,0,0.8998502426711189,0.8276938949222913,4,4,4.5,151,"c(""Lamar Simpson"", "" James Breeding"", "" Paul Szelc"")","Bloomington, IN",Simon Skjodt Assembly Hall,17472,17222,NA,NA,St. John's,made,Joel Soriano,NA,FALSE,TRUE,St. John's,St. John's,FALSE
401372013,2021-11-17,Indiana,St. John's,108,1,5:56,1556,1556,Joel Soriano made Free Throw.,27,16,11,0,0.8874326390050702,0.8082361969754174,4,4,4.5,151,"c(""Lamar Simpson"", "" James Breeding"", "" Paul Szelc"")","Bloomington, IN",Simon Skjodt Assembly Hall,17472,17222,NA,NA,St. John's,made,Joel Soriano,NA,FALSE,TRUE,St. John's,Indiana,FALSE
401372013,2021-11-17,Indiana,St. John's,109,1,5:50,1550,1550,Xavier Johnson Turnover.,27,16,11,6,0.8877055923631385,0.8088073952280588,4,4,4.5,151,"c(""Lamar Simpson"", "" James Breeding"", "" Paul Szelc"")","Bloomington, IN",Simon Skjodt Assembly Hall,17472,17222,NA,NA,NA,NA,NA,NA,NA,NA,Indiana,St. John's,FALSE
401372013,2021-11-17,Indiana,St. John's,110,1,5:32,1532,1532,Joel Soriano missed Layup.,27,16,11,18,0.8885346657958955,0.8105361737646233,4,4,4.5,151,"c(""Lamar Simpson"", "" James Breeding"", "" Paul Szelc"")","Bloomington, IN",Simon Skjodt Assembly Hall,17472,17222,NA,NA,St. John's,missed,Joel Soriano,NA,FALSE,FALSE,St. John's,Indiana,FALSE
401372013,2021-11-17,Indiana,St. John's,111,1,5:32,1532,1532,Miller Kopp Block.,27,16,11,0,0.8885346657958955,0.8105361737646233,4,4,4.5,151,"c(""Lamar Simpson"", "" James Breeding"", "" Paul Szelc"")","Bloomington, IN",Simon Skjodt Assembly Hall,17472,17222,NA,NA,NA,NA,NA,NA,NA,NA,St. John's,Indiana,FALSE
401372013,2021-11-17,Indiana,St. John's,112,1,5:27,1527,1527,Miller Kopp Defensive Rebound.,27,16,11,5,0.888768381983458,0.8110213983184865,4,4,4.5,151,"c(""Lamar Simpson"", "" James Breeding"", "" Paul Szelc"")","Bloomington, IN",Simon Skjodt Assembly Hall,17472,17222,NA,NA,NA,NA,NA,NA,NA,NA,St. John's,Indiana,FALSE
401372013,2021-11-17,Indiana,St. John's,113,1,5:26,1526,1526,Race Thompson made Dunk. Assisted by Trayce Jackson-Davis.,29,16,13,1,0.9124289618544001,0.8484195585261363,4,4,4.5,151,"c(""Lamar Simpson"", "" James Breeding"", "" Paul Szelc"")","Bloomington, IN",Simon Skjodt Assembly Hall,17472,17222,NA,NA,Indiana,made,Race Thompson,Trayce Jackson-Davis,FALSE,FALSE,Indiana,St. John's,FALSE
401372013,2021-11-17,Indiana,St. John's,114,1,5:13,1513,1513,Foul on Xavier Johnson.,29,16,13,13,0.9130486516107955,0.8496840110178479,4,4,4.5,151,"c(""Lamar Simpson"", "" James Breeding"", "" Paul Szelc"")","Bloomington, IN",Simon Skjodt Assembly Hall,17472,17222,NA,NA,NA,NA,NA,NA,NA,NA,St. John's,St. John's,FALSE
401372013,2021-11-17,Indiana,St. John's,115,1,5:13,1513,1513,Stef Smith made Free Throw.,29,17,12,0,0.9018720168709791,0.8318624185612784,4,4,4.5,151,"c(""Lamar Simpson"", "" James Breeding"", "" Paul Szelc"")","Bloomington, IN",Simon Skjodt Assembly Hall,17472,17222,NA,NA,St. John's,made,Stef Smith,NA,FALSE,TRUE,St. John's,St. John's,FALSE
401372013,2021-11-17,Indiana,St. John's,116,1,5:13,1513,1513,Stef Smith made Free Throw.,29,18,11,0,0.8894327209297491,0.8123944091711787,4,4,4.5,151,"c(""Lamar Simpson"", "" James Breeding"", "" Paul Szelc"")","Bloomington, IN",Simon Skjodt Assembly Hall,17472,17222,NA,NA,St. John's,made,Stef Smith,NA,FALSE,TRUE,St. John's,Indiana,FALSE
401372013,2021-11-17,Indiana,St. John's,117,1,4:55,1495,1495,Rob Phinisee Turnover.,29,18,11,18,0.8903126685313216,0.8141967549100071,4,4,4.5,151,"c(""Lamar Simpson"", "" James Breeding"", "" Paul Szelc"")","Bloomington, IN",Simon Skjodt Assembly Hall,17472,17222,NA,NA,NA,NA,NA,NA,NA,NA,Indiana,St. John's,FALSE
401372013,2021-11-17,Indiana,St. John's,118,1,4:55,1495,1495,O'Mar Stanley Steal.,29,18,11,0,0.8903126685313216,0.8141967549100071,4,4,4.5,151,"c(""Lamar Simpson"", "" James Breeding"", "" Paul Szelc"")","Bloomington, IN",Simon Skjodt Assembly Hall,17472,17222,NA,NA,NA,NA,NA,NA,NA,NA,Indiana,St. John's,FALSE
401372013,2021-11-17,Indiana,St. John's,119,1,4:49,1489,1489,Foul on Rob Phinisee.,29,18,11,6,0.8906135126966231,0.8148082814530717,4,4,4.5,151,"c(""Lamar Simpson"", "" James Breeding"", "" Paul Szelc"")","Bloomington, IN",Simon Skjodt Assembly Hall,17472,17222,NA,NA,NA,NA,NA,NA,NA,NA,St. John's,St. John's,FALSE
401372013,2021-11-17,Indiana,St. John's,120,1,4:49,1489,1489,Stef Smith made Free Throw.,29,19,10,0,0.8767855187979988,0.7936180721882823,4,4,4.5,151,"c(""Lamar Simpson"", "" James Breeding"", "" Paul Szelc"")","Bloomington, IN",Simon Skjodt Assembly Hall,17472,17222,NA,NA,St. John's,made,Stef Smith,NA,FALSE,TRUE,St. John's,St. John's,FALSE
401372013,2021-11-17,Indiana,St. John's,121,1,4:48,1488,1488,Stef Smith missed Free Throw.,29,19,10,1,0.8768348952266672,0.7937192088344324,4,4,4.5,151,"c(""Lamar Simpson"", "" James Breeding"", "" Paul Szelc"")","Bloomington, IN",Simon Skjodt Assembly Hall,17472,17222,NA,NA,St. John's,missed,Stef Smith,NA,FALSE,TRUE,St. John's,Indiana,FALSE
401372013,2021-11-17,Indiana,St. John's,122,1,4:47,1487,1487,Race Thompson Defensive Rebound.,29,19,10,1,0.8768843937359356,0.7938205165698764,4,4,4.5,151,"c(""Lamar Simpson"", "" James Breeding"", "" Paul Szelc"")","Bloomington, IN",Simon Skjodt Assembly Hall,17472,17222,NA,NA,NA,NA,NA,NA,NA,NA,St. John's,Indiana,FALSE
401372013,2021-11-17,Indiana,St. John's,123,1,4:29,1469,1469,Race Thompson made Layup.,31,19,12,18,0.904099922255202,0.836357974204558,4,4,4.5,151,"c(""Lamar Simpson"", "" James Breeding"", "" Paul Szelc"")","Bloomington, IN",Simon Skjodt Assembly Hall,17472,17222,NA,NA,Indiana,made,Race Thompson,NA,FALSE,FALSE,Indiana,St. John's,FALSE
401372013,2021-11-17,Indiana,St. John's,124,1,4:29,1469,1469,Foul on O'Mar Stanley.,31,19,12,0,0.904099922255202,0.836357974204558,4,4,4.5,151,"c(""Lamar Simpson"", "" James Breeding"", "" Paul Szelc"")","Bloomington, IN",Simon Skjodt Assembly Hall,17472,17222,NA,NA,NA,NA,NA,NA,NA,NA,Indiana,St. John's,FALSE
401372013,2021-11-17,Indiana,St. John's,125,1,4:29,1469,1469,Race Thompson made Free Throw.,32,19,13,0,0.9152569453945807,0.8541244940358266,4,4,4.5,151,"c(""Lamar Simpson"", "" James Breeding"", "" Paul Szelc"")","Bloomington, IN",Simon Skjodt Assembly Hall,17472,17222,NA,NA,Indiana,made,Race Thompson,NA,FALSE,TRUE,Indiana,St. John's,FALSE
401372013,2021-11-17,Indiana,St. John's,126,1,4:16,1456,1456,Julian Champagnie made Layup. Assisted by Stef Smith.,32,21,11,13,0.8923493853991286,0.8182868286074285,4,4,4.5,151,"c(""Lamar Simpson"", "" James Breeding"", "" Paul Szelc"")","Bloomington, IN",Simon Skjodt Assembly Hall,17472,17222,NA,NA,St. John's,made,Julian Champagnie,Stef Smith,FALSE,FALSE,St. John's,Indiana,FALSE
401372013,2021-11-17,Indiana,St. John's,127,1,3:59,1439,1439,Rob Phinisee missed Three Point Jumper.,32,21,11,17,0.8932841191574661,0.8201349618903081,4,4,4.5,151,"c(""Lamar Simpson"", "" James Breeding"", "" Paul Szelc"")","Bloomington, IN",Simon Skjodt Assembly Hall,17472,17222,NA,NA,Indiana,missed,Rob Phinisee,NA,TRUE,FALSE,Indiana,St. John's,FALSE
401372013,2021-11-17,Indiana,St. John's,128,1,3:56,1436,1436,O'Mar Stanley Defensive Rebound.,32,21,11,3,0.8934444885199594,0.8204542022821447,4,4,4.5,151,"c(""Lamar Simpson"", "" James Breeding"", "" Paul Szelc"")","Bloomington, IN",Simon Skjodt Assembly Hall,17472,17222,NA,NA,NA,NA,NA,NA,NA,NA,Indiana,St. John's,FALSE
401372013,2021-11-17,Indiana,St. John's,129,1,3:46,1426,1426,Rafael Pinzon made Jumper.,32,23,9,10,0.8646399102458867,0.7771268802542937,4,4,4.5,151,"c(""Lamar Simpson"", "" James Breeding"", "" Paul Szelc"")","Bloomington, IN",Simon Skjodt Assembly Hall,17472,17222,NA,NA,St. John's,made,Rafael Pinzon,NA,FALSE,FALSE,St. John's,Indiana,FALSE
401372013,2021-11-17,Indiana,St. John's,130,1,3:22,1402,1402,Miller Kopp made Three Point Jumper. Assisted by Trayce Jackson-Davis.,35,23,12,24,0.9076222997282889,0.8433678871255318,4,4,4.5,151,"c(""Lamar Simpson"", "" James Breeding"", "" Paul Szelc"")","Bloomington, IN",Simon Skjodt Assembly Hall,17472,17222,NA,NA,Indiana,made,Miller Kopp,Trayce Jackson-Davis,TRUE,FALSE,Indiana,St. John's,FALSE
401372013,2021-11-17,Indiana,St. John's,131,1,3:02,1382,1382,Dylan Addae-Wusu missed Jumper.,35,23,12,20,0.9085788946893872,0.8453120489281717,4,4,4.5,151,"c(""Lamar Simpson"", "" James Breeding"", "" Paul Szelc"")","Bloomington, IN",Simon Skjodt Assembly Hall,17472,17222,NA,NA,St. John's,missed,Dylan Addae-Wusu,NA,FALSE,FALSE,St. John's,Indiana,FALSE
401372013,2021-11-17,Indiana,St. John's,132,1,3:02,1382,1382,Miller Kopp Block.,35,23,12,0,0.9085788946893872,0.8453120489281717,4,4,4.5,151,"c(""Lamar Simpson"", "" James Breeding"", "" Paul Szelc"")","Bloomington, IN",Simon Skjodt Assembly Hall,17472,17222,NA,NA,NA,NA,NA,NA,NA,NA,St. John's,Indiana,FALSE
401372013,2021-11-17,Indiana,St. John's,133,1,3:01,1381,1381,Trayce Jackson-Davis Defensive Rebound.,35,23,12,1,0.9086260188252697,0.8454081379176489,4,4,4.5,151,"c(""Lamar Simpson"", "" James Breeding"", "" Paul Szelc"")","Bloomington, IN",Simon Skjodt Assembly Hall,17472,17222,NA,NA,NA,NA,NA,NA,NA,NA,St. John's,Indiana,FALSE
401372013,2021-11-17,Indiana,St. John's,134,1,2:57,1377,1377,Tamar Bates made Layup. Assisted by Trayce Jackson-Davis.,37,23,14,4,0.9297529610515066,0.8792800697778795,4,4,4.5,151,"c(""Lamar Simpson"", "" James Breeding"", "" Paul Szelc"")","Bloomington, IN",Simon Skjodt Assembly Hall,17472,17222,NA,NA,Indiana,made,Tamar Bates,Trayce Jackson-Davis,FALSE,FALSE,Indiana,St. John's,FALSE
401372013,2021-11-17,Indiana,St. John's,135,1,2:37,1357,1357,Stef Smith Turnover.,37,23,14,20,0.9306455306135278,0.8810860297374586,4,4,4.5,151,"c(""Lamar Simpson"", "" James Breeding"", "" Paul Szelc"")","Bloomington, IN",Simon Skjodt Assembly Hall,17472,17222,NA,NA,NA,NA,NA,NA,NA,NA,St. John's,Indiana,FALSE
401372013,2021-11-17,Indiana,St. John's,136,1,2:37,1357,1357,Race Thompson Steal.,37,23,14,0,0.9306455306135278,0.8810860297374586,4,4,4.5,151,"c(""Lamar Simpson"", "" James Breeding"", "" Paul Szelc"")","Bloomington, IN",Simon Skjodt Assembly Hall,17472,17222,NA,NA,NA,NA,NA,NA,NA,NA,St. John's,Indiana,FALSE
401372013,2021-11-17,Indiana,St. John's,137,1,2:34,1354,1354,Foul on Stef Smith.,37,23,14,3,0.9307787668834645,0.881355610969537,4,4,4.5,151,"c(""Lamar Simpson"", "" James Breeding"", "" Paul Szelc"")","Bloomington, IN",Simon Skjodt Assembly Hall,17472,17222,NA,NA,NA,NA,NA,NA,NA,NA,Indiana,Indiana,FALSE
401372013,2021-11-17,Indiana,St. John's,138,1,2:34,1354,1354,Official TV Timeout,37,23,14,0,0.9307787668834645,0.881355610969537,4,4,4.5,151,"c(""Lamar Simpson"", "" James Breeding"", "" Paul Szelc"")","Bloomington, IN",Simon Skjodt Assembly Hall,17472,17222,NA,NA,NA,NA,NA,NA,NA,NA,Indiana,Indiana,FALSE
401372013,2021-11-17,Indiana,St. John's,139,1,2:34,1354,1354,Rob Phinisee missed Free Throw.,37,23,14,0,0.9307787668834645,0.881355610969537,4,4,4.5,151,"c(""Lamar Simpson"", "" James Breeding"", "" Paul Szelc"")","Bloomington, IN",Simon Skjodt Assembly Hall,17472,17222,NA,NA,Indiana,missed,Rob Phinisee,NA,FALSE,TRUE,Indiana,Indiana,FALSE
401372013,2021-11-17,Indiana,St. John's,140,1,2:34,1354,1354,Indiana Offensive Rebound.,37,23,14,0,0.9307787668834645,0.881355610969537,4,4,4.5,151,"c(""Lamar Simpson"", "" James Breeding"", "" Paul Szelc"")","Bloomington, IN",Simon Skjodt Assembly Hall,17472,17222,NA,NA,NA,NA,NA,NA,NA,NA,Indiana,Indiana,FALSE
401372013,2021-11-17,Indiana,St. John's,141,1,2:34,1354,1354,Rob Phinisee missed Free Throw.,37,23,14,0,0.9307787668834645,0.881355610969537,4,4,4.5,151,"c(""Lamar Simpson"", "" James Breeding"", "" Paul Szelc"")","Bloomington, IN",Simon Skjodt Assembly Hall,17472,17222,NA,NA,Indiana,missed,Rob Phinisee,NA,FALSE,TRUE,Indiana,Indiana,FALSE
401372013,2021-11-17,Indiana,St. John's,142,1,2:32,1352,1352,Julian Champagnie Defensive Rebound.,37,23,14,2,0.9308675732048521,0.8815352607403818,4,4,4.5,151,"c(""Lamar Simpson"", "" James Breeding"", "" Paul Szelc"")","Bloomington, IN",Simon Skjodt Assembly Hall,17472,17222,NA,NA,NA,NA,NA,NA,NA,NA,Indiana,St. John's,FALSE
401372013,2021-11-17,Indiana,St. John's,143,1,2:15,1335,1335,Posh Alexander Turnover.,37,23,14,17,0.9316239626828564,0.8830632836576817,4,4,4.5,151,"c(""Lamar Simpson"", "" James Breeding"", "" Paul Szelc"")","Bloomington, IN",Simon Skjodt Assembly Hall,17472,17222,NA,NA,NA,NA,NA,NA,NA,NA,St. John's,Indiana,FALSE
401372013,2021-11-17,Indiana,St. John's,144,1,2:15,1335,1335,Race Thompson Steal.,37,23,14,0,0.9316239626828564,0.8830632836576817,4,4,4.5,151,"c(""Lamar Simpson"", "" James Breeding"", "" Paul Szelc"")","Bloomington, IN",Simon Skjodt Assembly Hall,17472,17222,NA,NA,NA,NA,NA,NA,NA,NA,St. John's,Indiana,FALSE
401372013,2021-11-17,Indiana,St. John's,145,1,2:08,1328,1328,Race Thompson missed Layup.,37,23,14,7,0.9319374915257842,0.8836949750462421,4,4,4.5,151,"c(""Lamar Simpson"", "" James Breeding"", "" Paul Szelc"")","Bloomington, IN",Simon Skjodt Assembly Hall,17472,17222,NA,NA,Indiana,missed,Race Thompson,NA,FALSE,FALSE,Indiana,St. John's,FALSE
401372013,2021-11-17,Indiana,St. John's,146,1,2:06,1326,1326,Julian Champagnie Defensive Rebound.,37,23,14,2,0.9320274277169758,0.8838759353177394,4,4,4.5,151,"c(""Lamar Simpson"", "" James Breeding"", "" Paul Szelc"")","Bloomington, IN",Simon Skjodt Assembly Hall,17472,17222,NA,NA,NA,NA,NA,NA,NA,NA,Indiana,St. John's,FALSE
401372013,2021-11-17,Indiana,St. John's,147,1,2:01,1321,1321,Posh Alexander made Layup. Assisted by Julian Champagnie.,37,25,12,5,0.9114316648593264,0.851131143827642,4,4,4.5,151,"c(""Lamar Simpson"", "" James Breeding"", "" Paul Szelc"")","Bloomington, IN",Simon Skjodt Assembly Hall,17472,17222,NA,NA,St. John's,made,Posh Alexander,Julian Champagnie,FALSE,FALSE,St. John's,Indiana,FALSE
401372013,2021-11-17,Indiana,St. John's,148,1,1:34,1294,1294,Trayce Jackson-Davis missed Layup.,37,25,12,27,0.9127472447302143,0.8537799567851895,4,4,4.5,151,"c(""Lamar Simpson"", "" James Breeding"", "" Paul Szelc"")","Bloomington, IN",Simon Skjodt Assembly Hall,17472,17222,NA,NA,Indiana,missed,Trayce Jackson-Davis,NA,FALSE,FALSE,Indiana,Indiana,FALSE
401372013,2021-11-17,Indiana,St. John's,149,1,1:34,1294,1294,O'Mar Stanley Block.,37,25,12,0,0.9127472447302143,0.8537799567851895,4,4,4.5,151,"c(""Lamar Simpson"", "" James Breeding"", "" Paul Szelc"")","Bloomington, IN",Simon Skjodt Assembly Hall,17472,17222,NA,NA,NA,NA,NA,NA,NA,NA,Indiana,Indiana,FALSE
401372013,2021-11-17,Indiana,St. John's,150,1,1:29,1289,1289,Miller Kopp Offensive Rebound.,37,25,12,5,0.912999034633104,0.8542822778650606,4,4,4.5,151,"c(""Lamar Simpson"", "" James Breeding"", "" Paul Szelc"")","Bloomington, IN",Simon Skjodt Assembly Hall,17472,17222,NA,NA,NA,NA,NA,NA,NA,NA,Indiana,Indiana,FALSE
401372013,2021-11-17,Indiana,St. John's,151,1,1:28,1288,1288,Miller Kopp missed Layup.,37,25,12,1,0.9130497568207501,0.8543832707916614,4,4,4.5,151,"c(""Lamar Simpson"", "" James Breeding"", "" Paul Szelc"")","Bloomington, IN",Simon Skjodt Assembly Hall,17472,17222,NA,NA,Indiana,missed,Miller Kopp,NA,FALSE,FALSE,Indiana,St. John's,FALSE
401372013,2021-11-17,Indiana,St. John's,152,1,1:28,1288,1288,Julian Champagnie Block.,37,25,12,0,0.9130497568207501,0.8543832707916614,4,4,4.5,151,"c(""Lamar Simpson"", "" James Breeding"", "" Paul Szelc"")","Bloomington, IN",Simon Skjodt Assembly Hall,17472,17222,NA,NA,NA,NA,NA,NA,NA,NA,Indiana,St. John's,FALSE
401372013,2021-11-17,Indiana,St. John's,153,1,1:24,1284,1284,Tareq Coburn Defensive Rebound.,37,25,12,4,0.9132539168596967,0.854789089700477,4,4,4.5,151,"c(""Lamar Simpson"", "" James Breeding"", "" Paul Szelc"")","Bloomington, IN",Simon Skjodt Assembly Hall,17472,17222,NA,NA,NA,NA,NA,NA,NA,NA,Indiana,St. John's,FALSE
401372013,2021-11-17,Indiana,St. John's,154,1,1:16,1276,1276,Julian Champagnie missed Jumper.,37,25,12,8,0.913668692067492,0.8556101163786983,4,4,4.5,151,"c(""Lamar Simpson"", "" James Breeding"", "" Paul Szelc"")","Bloomington, IN",Simon Skjodt Assembly Hall,17472,17222,NA,NA,St. John's,missed,Julian Champagnie,NA,FALSE,FALSE,St. John's,Indiana,FALSE
401372013,2021-11-17,Indiana,St. John's,155,1,1:13,1273,1273,Rob Phinisee Defensive Rebound.,37,25,12,3,0.9138265901286193,0.8559214334194662,4,4,4.5,151,"c(""Lamar Simpson"", "" James Breeding"", "" Paul Szelc"")","Bloomington, IN",Simon Skjodt Assembly Hall,17472,17222,NA,NA,NA,NA,NA,NA,NA,NA,St. John's,Indiana,FALSE
401372013,2021-11-17,Indiana,St. John's,156,1,1:10,1270,1270,Miller Kopp missed Three Point Jumper.,37,25,12,3,0.9139858435567766,0.8562347251656955,4,4,4.5,151,"c(""Lamar Simpson"", "" James Breeding"", "" Paul Szelc"")","Bloomington, IN",Simon Skjodt Assembly Hall,17472,17222,NA,NA,Indiana,missed,Miller Kopp,NA,TRUE,FALSE,Indiana,Indiana,FALSE
401372013,2021-11-17,Indiana,St. John's,157,1,1:06,1266,1266,Indiana Offensive Rebound.,37,25,12,4,0.9142003660149248,0.856655631670855,4,4,4.5,151,"c(""Lamar Simpson"", "" James Breeding"", "" Paul Szelc"")","Bloomington, IN",Simon Skjodt Assembly Hall,17472,17222,NA,NA,NA,NA,NA,NA,NA,NA,Indiana,Indiana,FALSE
401372013,2021-11-17,Indiana,St. John's,158,1,1:06,1266,1266,Indiana  Timeout,37,25,12,0,0.9142003660149248,0.856655631670855,3,4,4.5,151,"c(""Lamar Simpson"", "" James Breeding"", "" Paul Szelc"")","Bloomington, IN",Simon Skjodt Assembly Hall,17472,17222,NA,NA,NA,NA,NA,NA,NA,NA,Indiana,Indiana,FALSE
401372013,2021-11-17,Indiana,St. John's,159,1,1:00,1260,1260,Trayce Jackson-Davis made Layup.,39,25,14,6,0.9351748294327876,0.8901063545423706,3,4,4.5,151,"c(""Lamar Simpson"", "" James Breeding"", "" Paul Szelc"")","Bloomington, IN",Simon Skjodt Assembly Hall,17472,17222,NA,NA,Indiana,made,Trayce Jackson-Davis,NA,FALSE,FALSE,Indiana,St. John's,FALSE
401372013,2021-11-17,Indiana,St. John's,160,1,0:43,1243,1243,Rafael Pinzon missed Three Point Jumper.,39,25,14,17,0.9360719378044763,0.891838412024124,3,4,4.5,151,"c(""Lamar Simpson"", "" James Breeding"", "" Paul Szelc"")","Bloomington, IN",Simon Skjodt Assembly Hall,17472,17222,NA,NA,St. John's,missed,Rafael Pinzon,NA,TRUE,FALSE,St. John's,Indiana,FALSE
401372013,2021-11-17,Indiana,St. John's,161,1,0:40,1240,1240,Parker Stewart Defensive Rebound.,39,25,14,3,0.9362351113903458,0.892151282642269,3,4,4.5,151,"c(""Lamar Simpson"", "" James Breeding"", "" Paul Szelc"")","Bloomington, IN",Simon Skjodt Assembly Hall,17472,17222,NA,NA,NA,NA,NA,NA,NA,NA,St. John's,Indiana,FALSE
401372013,2021-11-17,Indiana,St. John's,162,1,0:28,1228,1228,Rob Phinisee missed Layup.,39,25,14,12,0.936903566903502,0.8934261826157144,3,4,4.5,151,"c(""Lamar Simpson"", "" James Breeding"", "" Paul Szelc"")","Bloomington, IN",Simon Skjodt Assembly Hall,17472,17222,NA,NA,Indiana,missed,Rob Phinisee,NA,FALSE,FALSE,Indiana,St. John's,FALSE
401372013,2021-11-17,Indiana,St. John's,163,1,0:28,1228,1228,O'Mar Stanley Block.,39,25,14,0,0.936903566903502,0.8934261826157144,3,4,4.5,151,"c(""Lamar Simpson"", "" James Breeding"", "" Paul Szelc"")","Bloomington, IN",Simon Skjodt Assembly Hall,17472,17222,NA,NA,NA,NA,NA,NA,NA,NA,Indiana,St. John's,FALSE
401372013,2021-11-17,Indiana,St. John's,164,1,0:24,1224,1224,Rafael Pinzon Defensive Rebound.,39,25,14,4,0.9371322260985931,0.8938598307227761,3,4,4.5,151,"c(""Lamar Simpson"", "" James Breeding"", "" Paul Szelc"")","Bloomington, IN",Simon Skjodt Assembly Hall,17472,17222,NA,NA,NA,NA,NA,NA,NA,NA,Indiana,St. John's,FALSE
401372013,2021-11-17,Indiana,St. John's,165,1,0:23,1223,1223,Julian Champagnie made Layup. Assisted by O'Mar Stanley.,39,27,12,1,0.916690453192902,0.8614488725359654,3,4,4.5,151,"c(""Lamar Simpson"", "" James Breeding"", "" Paul Szelc"")","Bloomington, IN",Simon Skjodt Assembly Hall,17472,17222,NA,NA,St. John's,made,Julian Champagnie,O'Mar Stanley,FALSE,FALSE,St. John's,Indiana,FALSE
401372013,2021-11-17,Indiana,St. John's,166,1,0:00,1200,1200,Rob Phinisee Turnover.,39,27,12,23,0.9181635511634436,0.8642163350891481,3,4,4.5,151,"c(""Lamar Simpson"", "" James Breeding"", "" Paul Szelc"")","Bloomington, IN",Simon Skjodt Assembly Hall,17472,17222,NA,NA,NA,NA,NA,NA,NA,NA,Indiana,St. John's,FALSE
401372013,2021-11-17,Indiana,St. John's,167,1,0:00,1200,1200,End of 1st half,39,27,12,0,0.9181635511634436,0.8642163350891481,3,4,4.5,151,"c(""Lamar Simpson"", "" James Breeding"", "" Paul Szelc"")","Bloomington, IN",Simon Skjodt Assembly Hall,17472,17222,NA,NA,NA,NA,NA,NA,NA,NA,St. John's,NA,FALSE
401372013,2021-11-17,Indiana,St. John's,168,2,20:00,1200,1200,PLAY,39,27,12,0,0.9181635511634436,0.8642163350891481,4,4,4.5,151,"c(""Lamar Simpson"", "" James Breeding"", "" Paul Szelc"")","Bloomington, IN",Simon Skjodt Assembly Hall,17472,17222,NA,NA,NA,NA,NA,NA,NA,NA,NA,Indiana,FALSE
401372013,2021-11-17,Indiana,St. John's,169,2,19:49,1189,1189,Foul on Joel Soriano.,39,27,12,11,0.9188494286271072,0.8655055957037852,4,4,4.5,151,"c(""Lamar Simpson"", "" James Breeding"", "" Paul Szelc"")","Bloomington, IN",Simon Skjodt Assembly Hall,17472,17222,NA,NA,NA,NA,NA,NA,NA,NA,Indiana,Indiana,FALSE
401372013,2021-11-17,Indiana,St. John's,170,2,19:49,1189,1189,Trayce Jackson-Davis missed Free Throw.,39,27,12,0,0.9188494286271072,0.8655055957037852,4,4,4.5,151,"c(""Lamar Simpson"", "" James Breeding"", "" Paul Szelc"")","Bloomington, IN",Simon Skjodt Assembly Hall,17472,17222,NA,NA,Indiana,missed,Trayce Jackson-Davis,NA,FALSE,TRUE,Indiana,Indiana,FALSE
401372013,2021-11-17,Indiana,St. John's,171,2,19:49,1189,1189,Indiana Offensive Rebound.,39,27,12,0,0.9188494286271072,0.8655055957037852,4,4,4.5,151,"c(""Lamar Simpson"", "" James Breeding"", "" Paul Szelc"")","Bloomington, IN",Simon Skjodt Assembly Hall,17472,17222,NA,NA,NA,NA,NA,NA,NA,NA,Indiana,Indiana,FALSE
401372013,2021-11-17,Indiana,St. John's,172,2,19:49,1189,1189,Trayce Jackson-Davis made Free Throw.,40,27,13,0,0.9296918329097363,0.8825642811693014,4,4,4.5,151,"c(""Lamar Simpson"", "" James Breeding"", "" Paul Szelc"")","Bloomington, IN",Simon Skjodt Assembly Hall,17472,17222,NA,NA,Indiana,made,Trayce Jackson-Davis,NA,FALSE,TRUE,Indiana,St. John's,FALSE
401372013,2021-11-17,Indiana,St. John's,173,2,19:30,1170,1170,Stef Smith made Three Point Jumper.,40,30,10,19,0.8936727061255195,0.8273552947546607,4,4,4.5,151,"c(""Lamar Simpson"", "" James Breeding"", "" Paul Szelc"")","Bloomington, IN",Simon Skjodt Assembly Hall,17472,17222,NA,NA,St. John's,made,Stef Smith,NA,TRUE,FALSE,St. John's,Indiana,FALSE
401372013,2021-11-17,Indiana,St. John's,174,2,19:10,1150,1150,Foul on Parker Stewart.,40,30,10,20,0.8948674843034831,0.829627343123567,4,4,4.5,151,"c(""Lamar Simpson"", "" James Breeding"", "" Paul Szelc"")","Bloomington, IN",Simon Skjodt Assembly Hall,17472,17222,NA,NA,NA,NA,NA,NA,NA,NA,Indiana,St. John's,FALSE
401372013,2021-11-17,Indiana,St. John's,175,2,19:10,1150,1150,Parker Stewart Turnover.,40,30,10,0,0.8948674843034831,0.829627343123567,4,4,4.5,151,"c(""Lamar Simpson"", "" James Breeding"", "" Paul Szelc"")","Bloomington, IN",Simon Skjodt Assembly Hall,17472,17222,NA,NA,NA,NA,NA,NA,NA,NA,Indiana,St. John's,FALSE
401372013,2021-11-17,Indiana,St. John's,176,2,18:43,1123,1123,Stef Smith made Layup.,40,32,8,27,0.8626513803133815,0.783050594505768,4,4,4.5,151,"c(""Lamar Simpson"", "" James Breeding"", "" Paul Szelc"")","Bloomington, IN",Simon Skjodt Assembly Hall,17472,17222,NA,NA,St. John's,made,Stef Smith,NA,FALSE,FALSE,St. John's,Indiana,FALSE
401372013,2021-11-17,Indiana,St. John's,177,2,18:34,1114,1114,Race Thompson Turnover.,40,32,8,9,0.8631535737246099,0.7840254577277883,4,4,4.5,151,"c(""Lamar Simpson"", "" James Breeding"", "" Paul Szelc"")","Bloomington, IN",Simon Skjodt Assembly Hall,17472,17222,NA,NA,NA,NA,NA,NA,NA,NA,Indiana,St. John's,FALSE
401372013,2021-11-17,Indiana,St. John's,178,2,18:34,1114,1114,Posh Alexander Steal.,40,32,8,0,0.8631535737246099,0.7840254577277883,4,4,4.5,151,"c(""Lamar Simpson"", "" James Breeding"", "" Paul Szelc"")","Bloomington, IN",Simon Skjodt Assembly Hall,17472,17222,NA,NA,NA,NA,NA,NA,NA,NA,Indiana,St. John's,FALSE
401372013,2021-11-17,Indiana,St. John's,179,2,18:30,1110,1110,Julian Champagnie made Dunk. Assisted by Posh Alexander.,40,34,6,4,0.8206371985577912,0.7248974756320855,4,4,4.5,151,"c(""Lamar Simpson"", "" James Breeding"", "" Paul Szelc"")","Bloomington, IN",Simon Skjodt Assembly Hall,17472,17222,NA,NA,St. John's,made,Julian Champagnie,Posh Alexander,FALSE,FALSE,St. John's,Indiana,FALSE
401372013,2021-11-17,Indiana,St. John's,180,2,18:13,1093,1093,Miller Kopp made Jumper.,42,34,8,17,0.8643416822167233,0.7863207650140769,4,4,4.5,151,"c(""Lamar Simpson"", "" James Breeding"", "" Paul Szelc"")","Bloomington, IN",Simon Skjodt Assembly Hall,17472,17222,NA,NA,Indiana,made,Miller Kopp,NA,FALSE,FALSE,Indiana,St. John's,FALSE
401372013,2021-11-17,Indiana,St. John's,181,2,18:01,1081,1081,Julian Champagnie made Three Point Jumper. Assisted by Posh Alexander.,42,37,5,12,0.7967665385810084,0.6940835771819632,4,4,4.5,151,"c(""Lamar Simpson"", "" James Breeding"", "" Paul Szelc"")","Bloomington, IN",Simon Skjodt Assembly Hall,17472,17222,NA,NA,St. John's,made,Julian Champagnie,Posh Alexander,TRUE,FALSE,St. John's,Indiana,FALSE
401372013,2021-11-17,Indiana,St. John's,182,2,17:47,1067,1067,Foul on Xavier Johnson.,42,37,5,14,0.7973470961856707,0.6953452182175692,4,4,4.5,151,"c(""Lamar Simpson"", "" James Breeding"", "" Paul Szelc"")","Bloomington, IN",Simon Skjodt Assembly Hall,17472,17222,NA,NA,NA,NA,NA,NA,NA,NA,Indiana,St. John's,FALSE
401372013,2021-11-17,Indiana,St. John's,183,2,17:47,1067,1067,Xavier Johnson Turnover.,42,37,5,0,0.7973470961856707,0.6953452182175692,4,4,4.5,151,"c(""Lamar Simpson"", "" James Breeding"", "" Paul Szelc"")","Bloomington, IN",Simon Skjodt Assembly Hall,17472,17222,NA,NA,NA,NA,NA,NA,NA,NA,Indiana,St. John's,FALSE
401372013,2021-11-17,Indiana,St. John's,184,2,17:36,1056,1056,Posh Alexander missed Jumper.,42,37,5,11,0.7978222096048924,0.6963624557918254,4,4,4.5,151,"c(""Lamar Simpson"", "" James Breeding"", "" Paul Szelc"")","Bloomington, IN",Simon Skjodt Assembly Hall,17472,17222,NA,NA,St. John's,missed,Posh Alexander,NA,FALSE,FALSE,St. John's,Indiana,FALSE
401372013,2021-11-17,Indiana,St. John's,185,2,17:33,1053,1053,Trayce Jackson-Davis Defensive Rebound.,42,37,5,3,0.7979550620959643,0.6966443916549729,4,4,4.5,151,"c(""Lamar Simpson"", "" James Breeding"", "" Paul Szelc"")","Bloomington, IN",Simon Skjodt Assembly Hall,17472,17222,NA,NA,NA,NA,NA,NA,NA,NA,St. John's,Indiana,FALSE
401372013,2021-11-17,Indiana,St. John's,186,2,17:25,1045,1045,Miller Kopp missed Jumper.,42,37,5,8,0.7983168210466958,0.6974065542734255,4,4,4.5,151,"c(""Lamar Simpson"", "" James Breeding"", "" Paul Szelc"")","Bloomington, IN",Simon Skjodt Assembly Hall,17472,17222,NA,NA,Indiana,missed,Miller Kopp,NA,FALSE,FALSE,Indiana,Indiana,FALSE
401372013,2021-11-17,Indiana,St. John's,187,2,17:24,1044,1044,Trayce Jackson-Davis Offensive Rebound.,42,37,5,1,0.7983628409871901,0.6975029308196204,4,4,4.5,151,"c(""Lamar Simpson"", "" James Breeding"", "" Paul Szelc"")","Bloomington, IN",Simon Skjodt Assembly Hall,17472,17222,NA,NA,NA,NA,NA,NA,NA,NA,Indiana,Indiana,FALSE
401372013,2021-11-17,Indiana,St. John's,188,2,17:24,1044,1044,Foul on Joel Soriano.,42,37,5,0,0.7983628409871901,0.6975029308196204,4,4,4.5,151,"c(""Lamar Simpson"", "" James Breeding"", "" Paul Szelc"")","Bloomington, IN",Simon Skjodt Assembly Hall,17472,17222,NA,NA,NA,NA,NA,NA,NA,NA,Indiana,Indiana,FALSE
401372013,2021-11-17,Indiana,St. John's,189,2,17:21,1041,1041,Parker Stewart missed Three Point Jumper.,42,37,5,3,0.7985020134085814,0.6977936010141114,4,4,4.5,151,"c(""Lamar Simpson"", "" James Breeding"", "" Paul Szelc"")","Bloomington, IN",Simon Skjodt Assembly Hall,17472,17222,NA,NA,Indiana,missed,Parker Stewart,NA,TRUE,FALSE,Indiana,St. John's,FALSE
401372013,2021-11-17,Indiana,St. John's,190,2,17:18,1038,1038,Stef Smith Defensive Rebound.,42,37,5,3,0.7986428946980628,0.6980866392368743,4,4,4.5,151,"c(""Lamar Simpson"", "" James Breeding"", "" Paul Szelc"")","Bloomington, IN",Simon Skjodt Assembly Hall,17472,17222,NA,NA,NA,NA,NA,NA,NA,NA,Indiana,St. John's,FALSE
401372013,2021-11-17,Indiana,St. John's,191,2,17:12,1032,1032,Joel Soriano Turnover.,42,37,5,6,0.7989299887879684,0.698680112978548,4,4,4.5,151,"c(""Lamar Simpson"", "" James Breeding"", "" Paul Szelc"")","Bloomington, IN",Simon Skjodt Assembly Hall,17472,17222,NA,NA,NA,NA,NA,NA,NA,NA,St. John's,Indiana,FALSE
401372013,2021-11-17,Indiana,St. John's,192,2,17:04,1024,1024,Miller Kopp made Three Point Jumper. Assisted by Parker Stewart.,45,37,8,8,0.8686406583807327,0.7944195961038963,4,4,4.5,151,"c(""Lamar Simpson"", "" James Breeding"", "" Paul Szelc"")","Bloomington, IN",Simon Skjodt Assembly Hall,17472,17222,NA,NA,Indiana,made,Miller Kopp,Parker Stewart,TRUE,FALSE,Indiana,St. John's,FALSE
401372013,2021-11-17,Indiana,St. John's,193,2,16:53,1013,1013,Stef Smith missed Three Point Jumper.,45,37,8,11,0.8694142236662591,0.7958382138825913,4,4,4.5,151,"c(""Lamar Simpson"", "" James Breeding"", "" Paul Szelc"")","Bloomington, IN",Simon Skjodt Assembly Hall,17472,17222,NA,NA,St. John's,missed,Stef Smith,NA,TRUE,FALSE,St. John's,Indiana,FALSE
401372013,2021-11-17,Indiana,St. John's,194,2,16:47,1007,1007,Trayce Jackson-Davis Defensive Rebound.,45,37,8,6,0.8698493929073804,0.7966312956692384,4,4,4.5,151,"c(""Lamar Simpson"", "" James Breeding"", "" Paul Szelc"")","Bloomington, IN",Simon Skjodt Assembly Hall,17472,17222,NA,NA,NA,NA,NA,NA,NA,NA,St. John's,Indiana,FALSE
401372013,2021-11-17,Indiana,St. John's,195,2,16:32,992,992,Foul on Julian Champagnie.,45,37,8,15,0.8709813733950267,0.7986784085126071,4,4,4.5,151,"c(""Lamar Simpson"", "" James Breeding"", "" Paul Szelc"")","Bloomington, IN",Simon Skjodt Assembly Hall,17472,17222,NA,NA,NA,NA,NA,NA,NA,NA,Indiana,Indiana,FALSE
401372013,2021-11-17,Indiana,St. John's,196,2,16:32,992,992,Trayce Jackson-Davis made Free Throw.,46,37,9,0,0.8891335034544814,0.8249587368045772,4,4,4.5,151,"c(""Lamar Simpson"", "" James Breeding"", "" Paul Szelc"")","Bloomington, IN",Simon Skjodt Assembly Hall,17472,17222,NA,NA,Indiana,made,Trayce Jackson-Davis,NA,FALSE,TRUE,Indiana,Indiana,FALSE
401372013,2021-11-17,Indiana,St. John's,197,2,16:32,992,992,Trayce Jackson-Davis made Free Throw.,47,37,10,0,0.9050102691543902,0.8484593772259924,4,4,4.5,151,"c(""Lamar Simpson"", "" James Breeding"", "" Paul Szelc"")","Bloomington, IN",Simon Skjodt Assembly Hall,17472,17222,NA,NA,Indiana,made,Trayce Jackson-Davis,NA,FALSE,TRUE,Indiana,St. John's,FALSE
401372013,2021-11-17,Indiana,St. John's,198,2,16:10,970,970,Stef Smith made Layup.,47,39,8,22,0.8727661315143576,0.8018633182936629,4,4,4.5,151,"c(""Lamar Simpson"", "" James Breeding"", "" Paul Szelc"")","Bloomington, IN",Simon Skjodt Assembly Hall,17472,17222,NA,NA,St. John's,made,Stef Smith,NA,FALSE,FALSE,St. John's,Indiana,FALSE
401372013,2021-11-17,Indiana,St. John's,199,2,16:00,960,960,Foul on Joel Soriano.,47,39,8,10,0.8735845194389557,0.8033167751858524,4,4,4.5,151,"c(""Lamar Simpson"", "" James Breeding"", "" Paul Szelc"")","Bloomington, IN",Simon Skjodt Assembly Hall,17472,17222,NA,NA,NA,NA,NA,NA,NA,NA,Indiana,Indiana,FALSE
401372013,2021-11-17,Indiana,St. John's,200,2,16:00,960,960,Official TV Timeout,47,39,8,0,0.8735845194389557,0.8033167751858524,4,4,4.5,151,"c(""Lamar Simpson"", "" James Breeding"", "" Paul Szelc"")","Bloomington, IN",Simon Skjodt Assembly Hall,17472,17222,NA,NA,NA,NA,NA,NA,NA,NA,Indiana,Indiana,FALSE
401372013,2021-11-17,Indiana,St. John's,201,2,16:00,960,960,Race Thompson made Free Throw.,48,39,9,0,0.8917676463131653,0.8296359006557315,4,4,4.5,151,"c(""Lamar Simpson"", "" James Breeding"", "" Paul Szelc"")","Bloomington, IN",Simon Skjodt Assembly Hall,17472,17222,NA,NA,Indiana,made,Race Thompson,NA,FALSE,TRUE,Indiana,Indiana,FALSE
401372013,2021-11-17,Indiana,St. John's,202,2,16:00,960,960,Race Thompson made Free Throw.,49,39,10,0,0.9076119777600407,0.8530772739725394,4,4,4.5,151,"c(""Lamar Simpson"", "" James Breeding"", "" Paul Szelc"")","Bloomington, IN",Simon Skjodt Assembly Hall,17472,17222,NA,NA,Indiana,made,Race Thompson,NA,FALSE,TRUE,Indiana,St. John's,FALSE
401372013,2021-11-17,Indiana,St. John's,203,2,15:51,951,951,Posh Alexander made Layup.,49,41,8,9,0.8742755665242534,0.804550537995418,4,4,4.5,151,"c(""Lamar Simpson"", "" James Breeding"", "" Paul Szelc"")","Bloomington, IN",Simon Skjodt Assembly Hall,17472,17222,NA,NA,St. John's,made,Posh Alexander,NA,FALSE,FALSE,St. John's,Indiana,FALSE
401372013,2021-11-17,Indiana,St. John's,204,2,15:26,926,926,Trayce Jackson-Davis Turnover.,49,41,8,25,0.8760128479454281,0.807678011917457,4,4,4.5,151,"c(""Lamar Simpson"", "" James Breeding"", "" Paul Szelc"")","Bloomington, IN",Simon Skjodt Assembly Hall,17472,17222,NA,NA,NA,NA,NA,NA,NA,NA,Indiana,St. John's,FALSE
401372013,2021-11-17,Indiana,St. John's,205,2,15:26,926,926,Stef Smith Steal.,49,41,8,0,0.8760128479454281,0.807678011917457,4,4,4.5,151,"c(""Lamar Simpson"", "" James Breeding"", "" Paul Szelc"")","Bloomington, IN",Simon Skjodt Assembly Hall,17472,17222,NA,NA,NA,NA,NA,NA,NA,NA,Indiana,St. John's,FALSE
401372013,2021-11-17,Indiana,St. John's,206,2,15:22,922,922,Julian Champagnie made Layup. Assisted by Stef Smith.,49,43,6,4,0.8317498858176574,0.7462107351666192,4,4,4.5,151,"c(""Lamar Simpson"", "" James Breeding"", "" Paul Szelc"")","Bloomington, IN",Simon Skjodt Assembly Hall,17472,17222,NA,NA,St. John's,made,Julian Champagnie,Stef Smith,FALSE,FALSE,St. John's,Indiana,FALSE
401372013,2021-11-17,Indiana,St. John's,207,2,14:59,899,899,Miller Kopp missed Jumper.,49,43,6,23,0.8329971232487691,0.7485691472553773,4,4,4.5,151,"c(""Lamar Simpson"", "" James Breeding"", "" Paul Szelc"")","Bloomington, IN",Simon Skjodt Assembly Hall,17472,17222,NA,NA,Indiana,missed,Miller Kopp,NA,FALSE,FALSE,Indiana,St. John's,FALSE
401372013,2021-11-17,Indiana,St. John's,208,2,14:56,896,896,Aaron Wheeler Defensive Rebound.,49,43,6,3,0.8331544142816988,0.7488674180592338,4,4,4.5,151,"c(""Lamar Simpson"", "" James Breeding"", "" Paul Szelc"")","Bloomington, IN",Simon Skjodt Assembly Hall,17472,17222,NA,NA,NA,NA,NA,NA,NA,NA,Indiana,St. John's,FALSE
401372013,2021-11-17,Indiana,St. John's,209,2,14:45,885,885,Posh Alexander missed Three Point Jumper.,49,43,6,11,0.8337260933636595,0.7499513623400997,4,4,4.5,151,"c(""Lamar Simpson"", "" James Breeding"", "" Paul Szelc"")","Bloomington, IN",Simon Skjodt Assembly Hall,17472,17222,NA,NA,St. John's,missed,Posh Alexander,NA,TRUE,FALSE,St. John's,St. John's,FALSE
401372013,2021-11-17,Indiana,St. John's,210,2,14:42,882,882,Aaron Wheeler Offensive Rebound.,49,43,6,3,0.833881320836809,0.7502454177183828,4,4,4.5,151,"c(""Lamar Simpson"", "" James Breeding"", "" Paul Szelc"")","Bloomington, IN",Simon Skjodt Assembly Hall,17472,17222,NA,NA,NA,NA,NA,NA,NA,NA,St. John's,St. John's,FALSE
401372013,2021-11-17,Indiana,St. John's,211,2,14:39,879,879,Julian Champagnie made Three Point Jumper. Assisted by Aaron Wheeler.,49,46,3,3,0.7434092750609421,0.6343084699326449,4,4,4.5,151,"c(""Lamar Simpson"", "" James Breeding"", "" Paul Szelc"")","Bloomington, IN",Simon Skjodt Assembly Hall,17472,17222,NA,NA,St. John's,made,Julian Champagnie,Aaron Wheeler,TRUE,FALSE,St. John's,Indiana,FALSE
401372013,2021-11-17,Indiana,St. John's,212,2,14:18,858,858,Miller Kopp made Jumper.,51,46,5,21,0.8079965871854939,0.7164975364554617,4,4,4.5,151,"c(""Lamar Simpson"", "" James Breeding"", "" Paul Szelc"")","Bloomington, IN",Simon Skjodt Assembly Hall,17472,17222,NA,NA,Indiana,made,Miller Kopp,NA,FALSE,FALSE,Indiana,St. John's,FALSE
401372013,2021-11-17,Indiana,St. John's,213,2,14:03,843,843,Stef Smith missed Three Point Jumper.,51,46,5,15,0.8087083805274572,0.7178859549440925,4,4,4.5,151,"c(""Lamar Simpson"", "" James Breeding"", "" Paul Szelc"")","Bloomington, IN",Simon Skjodt Assembly Hall,17472,17222,NA,NA,St. John's,missed,Stef Smith,NA,TRUE,FALSE,St. John's,Indiana,FALSE
401372013,2021-11-17,Indiana,St. John's,214,2,14:01,841,841,Race Thompson Defensive Rebound.,51,46,5,2,0.8088064532404057,0.718075595163301,4,4,4.5,151,"c(""Lamar Simpson"", "" James Breeding"", "" Paul Szelc"")","Bloomington, IN",Simon Skjodt Assembly Hall,17472,17222,NA,NA,NA,NA,NA,NA,NA,NA,St. John's,Indiana,FALSE
401372013,2021-11-17,Indiana,St. John's,215,2,13:51,831,831,Foul on Aaron Wheeler.,51,46,5,10,0.8093107450822861,0.7190440276636143,4,4,4.5,151,"c(""Lamar Simpson"", "" James Breeding"", "" Paul Szelc"")","Bloomington, IN",Simon Skjodt Assembly Hall,17472,17222,NA,NA,NA,NA,NA,NA,NA,NA,Indiana,Indiana,FALSE
401372013,2021-11-17,Indiana,St. John's,216,2,13:51,831,831,Trayce Jackson-Davis missed Free Throw.,51,46,5,0,0.8093107450822861,0.7190440276636143,4,4,4.5,151,"c(""Lamar Simpson"", "" James Breeding"", "" Paul Szelc"")","Bloomington, IN",Simon Skjodt Assembly Hall,17472,17222,NA,NA,Indiana,missed,Trayce Jackson-Davis,NA,FALSE,TRUE,Indiana,Indiana,FALSE
401372013,2021-11-17,Indiana,St. John's,217,2,13:51,831,831,Indiana Offensive Rebound.,51,46,5,0,0.8093107450822861,0.7190440276636143,4,4,4.5,151,"c(""Lamar Simpson"", "" James Breeding"", "" Paul Szelc"")","Bloomington, IN",Simon Skjodt Assembly Hall,17472,17222,NA,NA,NA,NA,NA,NA,NA,NA,Indiana,Indiana,FALSE
401372013,2021-11-17,Indiana,St. John's,218,2,13:51,831,831,Trayce Jackson-Davis made Free Throw.,52,46,6,0,0.8366461768576837,0.7554085643060805,4,4,4.5,151,"c(""Lamar Simpson"", "" James Breeding"", "" Paul Szelc"")","Bloomington, IN",Simon Skjodt Assembly Hall,17472,17222,NA,NA,Indiana,made,Trayce Jackson-Davis,NA,FALSE,TRUE,Indiana,St. John's,FALSE
401372013,2021-11-17,Indiana,St. John's,219,2,13:38,818,818,Foul on Trayce Jackson-Davis.,52,46,6,13,0.8374410927495778,0.7568555403115776,4,4,4.5,151,"c(""Lamar Simpson"", "" James Breeding"", "" Paul Szelc"")","Bloomington, IN",Simon Skjodt Assembly Hall,17472,17222,NA,NA,NA,NA,NA,NA,NA,NA,St. John's,St. John's,FALSE
401372013,2021-11-17,Indiana,St. John's,220,2,13:38,818,818,Dylan Addae-Wusu made Free Throw.,52,47,5,0,0.8100073149238134,0.7203631931546027,4,4,4.5,151,"c(""Lamar Simpson"", "" James Breeding"", "" Paul Szelc"")","Bloomington, IN",Simon Skjodt Assembly Hall,17472,17222,NA,NA,St. John's,made,Dylan Addae-Wusu,NA,FALSE,TRUE,St. John's,St. John's,FALSE
401372013,2021-11-17,Indiana,St. John's,221,2,13:38,818,818,Dylan Addae-Wusu missed Free Throw.,52,47,5,0,0.8100073149238134,0.7203631931546027,4,4,4.5,151,"c(""Lamar Simpson"", "" James Breeding"", "" Paul Szelc"")","Bloomington, IN",Simon Skjodt Assembly Hall,17472,17222,NA,NA,St. John's,missed,Dylan Addae-Wusu,NA,FALSE,TRUE,St. John's,Indiana,FALSE
401372013,2021-11-17,Indiana,St. John's,222,2,13:36,816,816,Trayce Jackson-Davis Defensive Rebound.,52,47,5,2,0.8101192184602973,0.7205731577522684,4,4,4.5,151,"c(""Lamar Simpson"", "" James Breeding"", "" Paul Szelc"")","Bloomington, IN",Simon Skjodt Assembly Hall,17472,17222,NA,NA,NA,NA,NA,NA,NA,NA,St. John's,Indiana,FALSE
401372013,2021-11-17,Indiana,St. John's,223,2,13:20,800,800,Miller Kopp missed Jumper.,52,47,5,16,0.8110673051579405,0.722331704110308,4,4,4.5,151,"c(""Lamar Simpson"", "" James Breeding"", "" Paul Szelc"")","Bloomington, IN",Simon Skjodt Assembly Hall,17472,17222,NA,NA,Indiana,missed,Miller Kopp,NA,FALSE,FALSE,Indiana,St. John's,FALSE
401372013,2021-11-17,Indiana,St. John's,224,2,13:17,797,797,Posh Alexander Defensive Rebound.,52,47,5,3,0.8112565093050974,0.7226785549259157,4,4,4.5,151,"c(""Lamar Simpson"", "" James Breeding"", "" Paul Szelc"")","Bloomington, IN",Simon Skjodt Assembly Hall,17472,17222,NA,NA,NA,NA,NA,NA,NA,NA,Indiana,St. John's,FALSE
401372013,2021-11-17,Indiana,St. John's,225,2,13:16,796,796,Aaron Wheeler Turnover.,52,47,5,1,0.8113204447459996,0.7227954744188415,4,4,4.5,151,"c(""Lamar Simpson"", "" James Breeding"", "" Paul Szelc"")","Bloomington, IN",Simon Skjodt Assembly Hall,17472,17222,NA,NA,NA,NA,NA,NA,NA,NA,St. John's,Indiana,FALSE
401372013,2021-11-17,Indiana,St. John's,226,2,13:05,785,785,Trayce Jackson-Davis Turnover.,52,47,5,11,0.8120539410669293,0.724127041267177,4,4,4.5,151,"c(""Lamar Simpson"", "" James Breeding"", "" Paul Szelc"")","Bloomington, IN",Simon Skjodt Assembly Hall,17472,17222,NA,NA,NA,NA,NA,NA,NA,NA,Indiana,St. John's,FALSE
401372013,2021-11-17,Indiana,St. John's,227,2,13:05,785,785,O'Mar Stanley Steal.,52,47,5,0,0.8120539410669293,0.724127041267177,4,4,4.5,151,"c(""Lamar Simpson"", "" James Breeding"", "" Paul Szelc"")","Bloomington, IN",Simon Skjodt Assembly Hall,17472,17222,NA,NA,NA,NA,NA,NA,NA,NA,Indiana,St. John's,FALSE
401372013,2021-11-17,Indiana,St. John's,228,2,12:59,779,779,Posh Alexander made Layup. Assisted by Stef Smith.,52,49,3,6,0.7462397555017338,0.641369142984614,4,4,4.5,151,"c(""Lamar Simpson"", "" James Breeding"", "" Paul Szelc"")","Bloomington, IN",Simon Skjodt Assembly Hall,17472,17222,NA,NA,St. John's,made,Posh Alexander,Stef Smith,FALSE,FALSE,St. John's,Indiana,FALSE
401372013,2021-11-17,Indiana,St. John's,229,2,12:36,756,756,Tamar Bates Turnover.,52,49,3,23,0.7472768576876283,0.6435917092063403,4,4,4.5,151,"c(""Lamar Simpson"", "" James Breeding"", "" Paul Szelc"")","Bloomington, IN",Simon Skjodt Assembly Hall,17472,17222,NA,NA,NA,NA,NA,NA,NA,NA,Indiana,St. John's,FALSE
401372013,2021-11-17,Indiana,St. John's,230,2,12:36,756,756,Stef Smith Steal.,52,49,3,0,0.7472768576876283,0.6435917092063403,4,4,4.5,151,"c(""Lamar Simpson"", "" James Breeding"", "" Paul Szelc"")","Bloomington, IN",Simon Skjodt Assembly Hall,17472,17222,NA,NA,NA,NA,NA,NA,NA,NA,Indiana,St. John's,FALSE
401372013,2021-11-17,Indiana,St. John's,231,2,12:23,743,743,O'Mar Stanley Turnover.,52,49,3,13,0.7479613737688309,0.6450039985253034,4,4,4.5,151,"c(""Lamar Simpson"", "" James Breeding"", "" Paul Szelc"")","Bloomington, IN",Simon Skjodt Assembly Hall,17472,17222,NA,NA,NA,NA,NA,NA,NA,NA,St. John's,Indiana,FALSE
401372013,2021-11-17,Indiana,St. John's,232,2,12:07,727,727,Xavier Johnson made Layup.,54,49,5,16,0.8170451588106554,0.7328515195122575,4,4,4.5,151,"c(""Lamar Simpson"", "" James Breeding"", "" Paul Szelc"")","Bloomington, IN",Simon Skjodt Assembly Hall,17472,17222,NA,NA,Indiana,made,Xavier Johnson,NA,FALSE,FALSE,Indiana,St. John's,FALSE
401372013,2021-11-17,Indiana,St. John's,233,2,11:52,712,712,Official TV Timeout,54,49,5,15,0.818447644693881,0.7352904260218737,4,4,4.5,151,"c(""Lamar Simpson"", "" James Breeding"", "" Paul Szelc"")","Bloomington, IN",Simon Skjodt Assembly Hall,17472,17222,NA,NA,NA,NA,NA,NA,NA,NA,St. John's,St. John's,FALSE
401372013,2021-11-17,Indiana,St. John's,234,2,11:41,701,701,Stef Smith missed Three Point Jumper.,54,49,5,11,0.8193662672570491,0.7369212058334468,4,4,4.5,151,"c(""Lamar Simpson"", "" James Breeding"", "" Paul Szelc"")","Bloomington, IN",Simon Skjodt Assembly Hall,17472,17222,NA,NA,St. John's,missed,Stef Smith,NA,TRUE,FALSE,St. John's,St. John's,FALSE
401372013,2021-11-17,Indiana,St. John's,235,2,11:38,698,698,Posh Alexander Offensive Rebound.,54,49,5,3,0.8196038283654643,0.7373473599039542,4,4,4.5,151,"c(""Lamar Simpson"", "" James Breeding"", "" Paul Szelc"")","Bloomington, IN",Simon Skjodt Assembly Hall,17472,17222,NA,NA,NA,NA,NA,NA,NA,NA,St. John's,St. John's,FALSE
401372013,2021-11-17,Indiana,St. John's,236,2,11:28,688,688,Julian Champagnie missed Three Point Jumper.,54,49,5,10,0.8203635135005013,0.7387217949637036,4,4,4.5,151,"c(""Lamar Simpson"", "" James Breeding"", "" Paul Szelc"")","Bloomington, IN",Simon Skjodt Assembly Hall,17472,17222,NA,NA,St. John's,missed,Julian Champagnie,NA,TRUE,FALSE,St. John's,St. John's,FALSE
401372013,2021-11-17,Indiana,St. John's,237,2,11:27,687,687,Posh Alexander Offensive Rebound.,54,49,5,1,0.8204371481789813,0.738855902188789,4,4,4.5,151,"c(""Lamar Simpson"", "" James Breeding"", "" Paul Szelc"")","Bloomington, IN",Simon Skjodt Assembly Hall,17472,17222,NA,NA,NA,NA,NA,NA,NA,NA,St. John's,St. John's,FALSE
401372013,2021-11-17,Indiana,St. John's,238,2,11:27,687,687,Foul on Xavier Johnson.,54,49,5,0,0.8204371481789813,0.738855902188789,4,4,4.5,151,"c(""Lamar Simpson"", "" James Breeding"", "" Paul Szelc"")","Bloomington, IN",Simon Skjodt Assembly Hall,17472,17222,NA,NA,NA,NA,NA,NA,NA,NA,St. John's,St. John's,FALSE
401372013,2021-11-17,Indiana,St. John's,239,2,11:22,682,682,Julian Champagnie missed Layup.,54,49,5,5,0.8208001625449468,0.7395190814676108,4,4,4.5,151,"c(""Lamar Simpson"", "" James Breeding"", "" Paul Szelc"")","Bloomington, IN",Simon Skjodt Assembly Hall,17472,17222,NA,NA,St. John's,missed,Julian Champagnie,NA,FALSE,FALSE,St. John's,Indiana,FALSE
401372013,2021-11-17,Indiana,St. John's,240,2,11:22,682,682,Miller Kopp Block.,54,49,5,0,0.8208001625449468,0.7395190814676108,4,4,4.5,151,"c(""Lamar Simpson"", "" James Breeding"", "" Paul Szelc"")","Bloomington, IN",Simon Skjodt Assembly Hall,17472,17222,NA,NA,NA,NA,NA,NA,NA,NA,St. John's,Indiana,FALSE
401372013,2021-11-17,Indiana,St. John's,241,2,11:22,682,682,Khristian Lander Defensive Rebound.,54,49,5,0,0.8208001625449468,0.7395190814676108,4,4,4.5,151,"c(""Lamar Simpson"", "" James Breeding"", "" Paul Szelc"")","Bloomington, IN",Simon Skjodt Assembly Hall,17472,17222,NA,NA,NA,NA,NA,NA,NA,NA,St. John's,Indiana,FALSE
401372013,2021-11-17,Indiana,St. John's,242,2,11:22,682,682,Foul on Posh Alexander.,54,49,5,0,0.8208001625449468,0.7395190814676108,4,4,4.5,151,"c(""Lamar Simpson"", "" James Breeding"", "" Paul Szelc"")","Bloomington, IN",Simon Skjodt Assembly Hall,17472,17222,NA,NA,NA,NA,NA,NA,NA,NA,Indiana,Indiana,FALSE
401372013,2021-11-17,Indiana,St. John's,243,2,11:05,665,665,Trayce Jackson-Davis made Layup.,56,49,7,17,0.8756487784067113,0.8140959852475987,4,4,4.5,151,"c(""Lamar Simpson"", "" James Breeding"", "" Paul Szelc"")","Bloomington, IN",Simon Skjodt Assembly Hall,17472,17222,NA,NA,Indiana,made,Trayce Jackson-Davis,NA,FALSE,FALSE,Indiana,St. John's,FALSE
401372013,2021-11-17,Indiana,St. John's,244,2,10:53,653,653,Foul on Khristian Lander.,56,49,7,12,0.8766138365607045,0.8157899622454146,4,4,4.5,151,"c(""Lamar Simpson"", "" James Breeding"", "" Paul Szelc"")","Bloomington, IN",Simon Skjodt Assembly Hall,17472,17222,NA,NA,NA,NA,NA,NA,NA,NA,St. John's,St. John's,FALSE
401372013,2021-11-17,Indiana,St. John's,245,2,10:53,653,653,Foul on Khristian Lander.,56,49,7,0,0.8766138365607045,0.8157899622454146,4,4,4.5,151,"c(""Lamar Simpson"", "" James Breeding"", "" Paul Szelc"")","Bloomington, IN",Simon Skjodt Assembly Hall,17472,17222,NA,NA,NA,NA,NA,NA,NA,NA,St. John's,St. John's,FALSE
401372013,2021-11-17,Indiana,St. John's,246,2,10:50,650,650,Julian Champagnie made Jumper. Assisted by Dylan Addae-Wusu.,56,51,5,3,0.823031138340898,0.7436337922566414,4,4,4.5,151,"c(""Lamar Simpson"", "" James Breeding"", "" Paul Szelc"")","Bloomington, IN",Simon Skjodt Assembly Hall,17472,17222,NA,NA,St. John's,made,Julian Champagnie,Dylan Addae-Wusu,FALSE,FALSE,St. John's,Indiana,FALSE
401372013,2021-11-17,Indiana,St. John's,247,2,10:35,635,635,Foul on Dylan Addae-Wusu.,56,51,5,15,0.8241111463062621,0.7456140861545605,4,4,4.5,151,"c(""Lamar Simpson"", "" James Breeding"", "" Paul Szelc"")","Bloomington, IN",Simon Skjodt Assembly Hall,17472,17222,NA,NA,NA,NA,NA,NA,NA,NA,Indiana,Indiana,FALSE
401372013,2021-11-17,Indiana,St. John's,248,2,10:34,634,634,Trayce Jackson-Davis missed Free Throw.,56,51,5,1,0.8241857616290795,0.7457499239833566,4,4,4.5,151,"c(""Lamar Simpson"", "" James Breeding"", "" Paul Szelc"")","Bloomington, IN",Simon Skjodt Assembly Hall,17472,17222,NA,NA,Indiana,missed,Trayce Jackson-Davis,NA,FALSE,TRUE,Indiana,St. John's,FALSE
401372013,2021-11-17,Indiana,St. John's,249,2,10:33,633,633,O'Mar Stanley Defensive Rebound.,56,51,5,1,0.8242607838194005,0.74588635431009,4,4,4.5,151,"c(""Lamar Simpson"", "" James Breeding"", "" Paul Szelc"")","Bloomington, IN",Simon Skjodt Assembly Hall,17472,17222,NA,NA,NA,NA,NA,NA,NA,NA,Indiana,St. John's,FALSE
401372013,2021-11-17,Indiana,St. John's,250,2,10:17,617,617,O'Mar Stanley missed Layup.,56,51,5,16,0.8255278479409617,0.7481661878807242,4,4,4.5,151,"c(""Lamar Simpson"", "" James Breeding"", "" Paul Szelc"")","Bloomington, IN",Simon Skjodt Assembly Hall,17472,17222,NA,NA,St. John's,missed,O'Mar Stanley,NA,FALSE,FALSE,St. John's,Indiana,FALSE
401372013,2021-11-17,Indiana,St. John's,251,2,10:14,614,614,Trayce Jackson-Davis Defensive Rebound.,56,51,5,3,0.8257820264965222,0.7486177484546087,4,4,4.5,151,"c(""Lamar Simpson"", "" James Breeding"", "" Paul Szelc"")","Bloomington, IN",Simon Skjodt Assembly Hall,17472,17222,NA,NA,NA,NA,NA,NA,NA,NA,St. John's,Indiana,FALSE
401372013,2021-11-17,Indiana,St. John's,252,2,10:04,604,604,Miller Kopp Turnover.,56,51,5,10,0.8266757120637342,0.7501901976881149,4,4,4.5,151,"c(""Lamar Simpson"", "" James Breeding"", "" Paul Szelc"")","Bloomington, IN",Simon Skjodt Assembly Hall,17472,17222,NA,NA,NA,NA,NA,NA,NA,NA,Indiana,St. John's,FALSE
401372013,2021-11-17,Indiana,St. John's,253,2,9:44,584,584,Julian Champagnie missed Three Point Jumper.,56,51,5,20,0.8287210257107788,0.7537082536744679,4,4,4.5,151,"c(""Lamar Simpson"", "" James Breeding"", "" Paul Szelc"")","Bloomington, IN",Simon Skjodt Assembly Hall,17472,17222,NA,NA,St. John's,missed,Julian Champagnie,NA,TRUE,FALSE,St. John's,St. John's,FALSE
401372013,2021-11-17,Indiana,St. John's,254,2,9:43,583,583,Dylan Addae-Wusu Offensive Rebound.,56,51,5,1,0.8288337221169687,0.7538992333370138,4,4,4.5,151,"c(""Lamar Simpson"", "" James Breeding"", "" Paul Szelc"")","Bloomington, IN",Simon Skjodt Assembly Hall,17472,17222,NA,NA,NA,NA,NA,NA,NA,NA,St. John's,St. John's,FALSE
401372013,2021-11-17,Indiana,St. John's,255,2,9:26,566,566,Posh Alexander missed Three Point Jumper.,56,51,5,17,0.8309256175882086,0.7574001880625639,4,4,4.5,151,"c(""Lamar Simpson"", "" James Breeding"", "" Paul Szelc"")","Bloomington, IN",Simon Skjodt Assembly Hall,17472,17222,NA,NA,St. John's,missed,Posh Alexander,NA,TRUE,FALSE,St. John's,St. John's,FALSE
401372013,2021-11-17,Indiana,St. John's,256,2,9:21,561,561,Rafael Pinzon Offensive Rebound.,56,51,5,5,0.8316091790702351,0.7585285064228021,4,4,4.5,151,"c(""Lamar Simpson"", "" James Breeding"", "" Paul Szelc"")","Bloomington, IN",Simon Skjodt Assembly Hall,17472,17222,NA,NA,NA,NA,NA,NA,NA,NA,St. John's,St. John's,FALSE
401372013,2021-11-17,Indiana,St. John's,257,2,9:18,558,558,Rafael Pinzon made Three Point Jumper. Assisted by Julian Champagnie.,56,54,2,3,0.713214626907685,0.6128675956758848,4,4,4.5,151,"c(""Lamar Simpson"", "" James Breeding"", "" Paul Szelc"")","Bloomington, IN",Simon Skjodt Assembly Hall,17472,17222,NA,NA,St. John's,made,Rafael Pinzon,Julian Champagnie,TRUE,FALSE,St. John's,Indiana,FALSE
401372013,2021-11-17,Indiana,St. John's,258,2,8:58,538,538,Tamar Bates missed Three Point Jumper.,56,54,2,20,0.7142738979747966,0.615356839736443,4,4,4.5,151,"c(""Lamar Simpson"", "" James Breeding"", "" Paul Szelc"")","Bloomington, IN",Simon Skjodt Assembly Hall,17472,17222,NA,NA,Indiana,missed,Tamar Bates,NA,TRUE,FALSE,Indiana,St. John's,FALSE
401372013,2021-11-17,Indiana,St. John's,259,2,8:54,534,534,Julian Champagnie Defensive Rebound.,56,54,2,4,0.7144487628811581,0.6158046364254884,4,4,4.5,151,"c(""Lamar Simpson"", "" James Breeding"", "" Paul Szelc"")","Bloomington, IN",Simon Skjodt Assembly Hall,17472,17222,NA,NA,NA,NA,NA,NA,NA,NA,Indiana,St. John's,FALSE
401372013,2021-11-17,Indiana,St. John's,260,2,8:51,531,531,Posh Alexander missed Layup.,56,54,2,3,0.7145714740736058,0.616128962546355,4,4,4.5,151,"c(""Lamar Simpson"", "" James Breeding"", "" Paul Szelc"")","Bloomington, IN",Simon Skjodt Assembly Hall,17472,17222,NA,NA,St. John's,missed,Posh Alexander,NA,FALSE,FALSE,St. John's,St. John's,FALSE
401372013,2021-11-17,Indiana,St. John's,261,2,8:49,529,529,Posh Alexander Offensive Rebound.,56,54,2,2,0.7146496606721456,0.6163402540253146,4,4,4.5,151,"c(""Lamar Simpson"", "" James Breeding"", "" Paul Szelc"")","Bloomington, IN",Simon Skjodt Assembly Hall,17472,17222,NA,NA,NA,NA,NA,NA,NA,NA,St. John's,St. John's,FALSE
401372013,2021-11-17,Indiana,St. John's,262,2,8:49,529,529,Foul on Khristian Lander.,56,54,2,0,0.7146496606721456,0.6163402540253146,4,4,4.5,151,"c(""Lamar Simpson"", "" James Breeding"", "" Paul Szelc"")","Bloomington, IN",Simon Skjodt Assembly Hall,17472,17222,NA,NA,NA,NA,NA,NA,NA,NA,St. John's,St. John's,FALSE
401372013,2021-11-17,Indiana,St. John's,263,2,8:49,529,529,Posh Alexander made Free Throw.,56,55,1,0,0.6639737216213479,0.5589795258133083,4,4,4.5,151,"c(""Lamar Simpson"", "" James Breeding"", "" Paul Szelc"")","Bloomington, IN",Simon Skjodt Assembly Hall,17472,17222,NA,NA,St. John's,made,Posh Alexander,NA,FALSE,TRUE,St. John's,St. John's,FALSE
401372013,2021-11-17,Indiana,St. John's,264,2,8:49,529,529,Posh Alexander made Free Throw.,56,56,0,0,0.6092192745698187,0.5,4,4,4.5,151,"c(""Lamar Simpson"", "" James Breeding"", "" Paul Szelc"")","Bloomington, IN",Simon Skjodt Assembly Hall,17472,17222,NA,NA,St. John's,made,Posh Alexander,NA,FALSE,TRUE,St. John's,Indiana,FALSE
401372013,2021-11-17,Indiana,St. John's,265,2,8:28,508,508,Jordan Geronimo made Three Point Jumper. Assisted by Khristian Lander.,59,56,3,21,0.7618583623110332,0.6735172237336794,4,4,4.5,151,"c(""Lamar Simpson"", "" James Breeding"", "" Paul Szelc"")","Bloomington, IN",Simon Skjodt Assembly Hall,17472,17222,NA,NA,Indiana,made,Jordan Geronimo,Khristian Lander,TRUE,FALSE,Indiana,St. John's,FALSE
401372013,2021-11-17,Indiana,St. John's,266,2,8:04,484,484,Dylan Addae-Wusu missed Layup.,59,56,3,24,0.7634175673010992,0.6767391433886247,4,4,4.5,151,"c(""Lamar Simpson"", "" James Breeding"", "" Paul Szelc"")","Bloomington, IN",Simon Skjodt Assembly Hall,17472,17222,NA,NA,St. John's,missed,Dylan Addae-Wusu,NA,FALSE,FALSE,St. John's,Indiana,FALSE
401372013,2021-11-17,Indiana,St. John's,267,2,8:04,484,484,Trayce Jackson-Davis Block.,59,56,3,0,0.7634175673010992,0.6767391433886247,4,4,4.5,151,"c(""Lamar Simpson"", "" James Breeding"", "" Paul Szelc"")","Bloomington, IN",Simon Skjodt Assembly Hall,17472,17222,NA,NA,NA,NA,NA,NA,NA,NA,St. John's,Indiana,FALSE
401372013,2021-11-17,Indiana,St. John's,268,2,7:59,479,479,Jordan Geronimo Defensive Rebound.,59,56,3,5,0.7637794008308736,0.6774629875284436,4,4,4.5,151,"c(""Lamar Simpson"", "" James Breeding"", "" Paul Szelc"")","Bloomington, IN",Simon Skjodt Assembly Hall,17472,17222,NA,NA,NA,NA,NA,NA,NA,NA,St. John's,Indiana,FALSE
401372013,2021-11-17,Indiana,St. John's,269,2,7:55,475,475,Khristian Lander made Layup.,61,56,5,4,0.8418164275039426,0.7758233432312858,4,4,4.5,151,"c(""Lamar Simpson"", "" James Breeding"", "" Paul Szelc"")","Bloomington, IN",Simon Skjodt Assembly Hall,17472,17222,NA,NA,Indiana,made,Khristian Lander,NA,FALSE,FALSE,Indiana,St. John's,FALSE
401372013,2021-11-17,Indiana,St. John's,270,2,7:49,469,469,St. John's  Timeout,61,56,5,6,0.8425650524386491,0.7770823883352987,4,3,4.5,151,"c(""Lamar Simpson"", "" James Breeding"", "" Paul Szelc"")","Bloomington, IN",Simon Skjodt Assembly Hall,17472,17222,NA,NA,NA,NA,NA,NA,NA,NA,St. John's,St. John's,FALSE
401372013,2021-11-17,Indiana,St. John's,271,2,7:49,469,469,Official TV Timeout,61,56,5,0,0.8425650524386491,0.7770823883352987,4,3,4.5,151,"c(""Lamar Simpson"", "" James Breeding"", "" Paul Szelc"")","Bloomington, IN",Simon Skjodt Assembly Hall,17472,17222,NA,NA,NA,NA,NA,NA,NA,NA,St. John's,St. John's,FALSE
401372013,2021-11-17,Indiana,St. John's,272,2,7:34,454,454,Stef Smith Turnover.,61,56,5,15,0.844714431050728,0.7806203212714662,4,3,4.5,151,"c(""Lamar Simpson"", "" James Breeding"", "" Paul Szelc"")","Bloomington, IN",Simon Skjodt Assembly Hall,17472,17222,NA,NA,NA,NA,NA,NA,NA,NA,St. John's,Indiana,FALSE
401372013,2021-11-17,Indiana,St. John's,273,2,7:34,454,454,Jordan Geronimo Steal.,61,56,5,0,0.844714431050728,0.7806203212714662,4,3,4.5,151,"c(""Lamar Simpson"", "" James Breeding"", "" Paul Szelc"")","Bloomington, IN",Simon Skjodt Assembly Hall,17472,17222,NA,NA,NA,NA,NA,NA,NA,NA,St. John's,Indiana,FALSE
401372013,2021-11-17,Indiana,St. John's,274,2,7:34,454,454,Official TV Timeout,61,56,5,0,0.844714431050728,0.7806203212714662,4,3,4.5,151,"c(""Lamar Simpson"", "" James Breeding"", "" Paul Szelc"")","Bloomington, IN",Simon Skjodt Assembly Hall,17472,17222,NA,NA,NA,NA,NA,NA,NA,NA,St. John's,Indiana,FALSE
401372013,2021-11-17,Indiana,St. John's,275,2,7:21,441,441,Khristian Lander missed Three Point Jumper.,61,56,5,13,0.8469868222627138,0.7842614991148076,4,3,4.5,151,"c(""Lamar Simpson"", "" James Breeding"", "" Paul Szelc"")","Bloomington, IN",Simon Skjodt Assembly Hall,17472,17222,NA,NA,Indiana,missed,Khristian Lander,NA,TRUE,FALSE,Indiana,Indiana,FALSE
401372013,2021-11-17,Indiana,St. John's,276,2,7:18,438,438,Indiana Offensive Rebound.,61,56,5,3,0.8475753295092969,0.7851917245314605,4,3,4.5,151,"c(""Lamar Simpson"", "" James Breeding"", "" Paul Szelc"")","Bloomington, IN",Simon Skjodt Assembly Hall,17472,17222,NA,NA,NA,NA,NA,NA,NA,NA,Indiana,Indiana,FALSE
401372013,2021-11-17,Indiana,St. John's,277,2,7:16,436,436,Jordan Geronimo made Jumper. Assisted by Tamar Bates.,63,56,7,2,0.9036848691948871,0.860563376071169,4,3,4.5,151,"c(""Lamar Simpson"", "" James Breeding"", "" Paul Szelc"")","Bloomington, IN",Simon Skjodt Assembly Hall,17472,17222,NA,NA,Indiana,made,Jordan Geronimo,Tamar Bates,FALSE,FALSE,Indiana,St. John's,FALSE
401372013,2021-11-17,Indiana,St. John's,278,2,6:48,408,408,Stef Smith made Jumper.,63,58,5,28,0.853724600523338,0.7949462607042325,4,3,4.5,151,"c(""Lamar Simpson"", "" James Breeding"", "" Paul Szelc"")","Bloomington, IN",Simon Skjodt Assembly Hall,17472,17222,NA,NA,St. John's,made,Stef Smith,NA,FALSE,FALSE,St. John's,Indiana,FALSE
401372013,2021-11-17,Indiana,St. John's,279,2,6:28,388,388,Trayce Jackson-Davis missed Jumper.,63,58,5,20,0.857300581014994,0.800832041605951,4,3,4.5,151,"c(""Lamar Simpson"", "" James Breeding"", "" Paul Szelc"")","Bloomington, IN",Simon Skjodt Assembly Hall,17472,17222,NA,NA,Indiana,missed,Trayce Jackson-Davis,NA,FALSE,FALSE,Indiana,St. John's,FALSE
401372013,2021-11-17,Indiana,St. John's,280,2,6:28,388,388,Rafael Pinzon Defensive Rebound.,63,58,5,0,0.857300581014994,0.800832041605951,4,3,4.5,151,"c(""Lamar Simpson"", "" James Breeding"", "" Paul Szelc"")","Bloomington, IN",Simon Skjodt Assembly Hall,17472,17222,NA,NA,NA,NA,NA,NA,NA,NA,Indiana,St. John's,FALSE
401372013,2021-11-17,Indiana,St. John's,281,2,6:28,388,388,Foul on Jordan Geronimo.,63,58,5,0,0.857300581014994,0.800832041605951,4,3,4.5,151,"c(""Lamar Simpson"", "" James Breeding"", "" Paul Szelc"")","Bloomington, IN",Simon Skjodt Assembly Hall,17472,17222,NA,NA,NA,NA,NA,NA,NA,NA,Indiana,St. John's,FALSE
401372013,2021-11-17,Indiana,St. John's,282,2,6:28,388,388,Rafael Pinzon missed Free Throw.,63,58,5,0,0.857300581014994,0.800832041605951,4,3,4.5,151,"c(""Lamar Simpson"", "" James Breeding"", "" Paul Szelc"")","Bloomington, IN",Simon Skjodt Assembly Hall,17472,17222,NA,NA,St. John's,missed,Rafael Pinzon,NA,FALSE,TRUE,St. John's,Indiana,FALSE
401372013,2021-11-17,Indiana,St. John's,283,2,6:26,386,386,Parker Stewart Defensive Rebound.,63,58,5,2,0.8576544870009412,0.8014182240874405,4,3,4.5,151,"c(""Lamar Simpson"", "" James Breeding"", "" Paul Szelc"")","Bloomington, IN",Simon Skjodt Assembly Hall,17472,17222,NA,NA,NA,NA,NA,NA,NA,NA,St. John's,Indiana,FALSE
401372013,2021-11-17,Indiana,St. John's,284,2,6:06,366,366,Jordan Geronimo made Layup.,65,58,7,20,0.9168283869662468,0.8815660916980794,4,3,4.5,151,"c(""Lamar Simpson"", "" James Breeding"", "" Paul Szelc"")","Bloomington, IN",Simon Skjodt Assembly Hall,17472,17222,NA,NA,Indiana,made,Jordan Geronimo,NA,FALSE,FALSE,Indiana,St. John's,FALSE
401372013,2021-11-17,Indiana,St. John's,285,2,5:51,351,351,Foul on Parker Stewart.,65,58,7,15,0.9197954157277005,0.8862783182877155,4,3,4.5,151,"c(""Lamar Simpson"", "" James Breeding"", "" Paul Szelc"")","Bloomington, IN",Simon Skjodt Assembly Hall,17472,17222,NA,NA,NA,NA,NA,NA,NA,NA,St. John's,St. John's,FALSE
401372013,2021-11-17,Indiana,St. John's,286,2,5:51,351,351,Stef Smith made Free Throw.,65,59,6,0,0.8953173944417365,0.8532036078641606,4,3,4.5,151,"c(""Lamar Simpson"", "" James Breeding"", "" Paul Szelc"")","Bloomington, IN",Simon Skjodt Assembly Hall,17472,17222,NA,NA,St. John's,made,Stef Smith,NA,FALSE,TRUE,St. John's,St. John's,FALSE
401372013,2021-11-17,Indiana,St. John's,287,2,5:51,351,351,Stef Smith made Free Throw.,65,60,5,0,0.8644695845820097,0.8125440733165918,4,3,4.5,151,"c(""Lamar Simpson"", "" James Breeding"", "" Paul Szelc"")","Bloomington, IN",Simon Skjodt Assembly Hall,17472,17222,NA,NA,St. John's,made,Stef Smith,NA,FALSE,TRUE,St. John's,Indiana,FALSE
401372013,2021-11-17,Indiana,St. John's,288,2,5:33,333,333,Parker Stewart missed Three Point Jumper.,65,60,5,18,0.8689013114344283,0.8195018966418011,4,3,4.5,151,"c(""Lamar Simpson"", "" James Breeding"", "" Paul Szelc"")","Bloomington, IN",Simon Skjodt Assembly Hall,17472,17222,NA,NA,Indiana,missed,Parker Stewart,NA,TRUE,FALSE,Indiana,St. John's,FALSE
401372013,2021-11-17,Indiana,St. John's,289,2,5:29,329,329,Stef Smith Defensive Rebound.,65,60,5,4,0.8700115845405061,0.8212125032399834,4,3,4.5,151,"c(""Lamar Simpson"", "" James Breeding"", "" Paul Szelc"")","Bloomington, IN",Simon Skjodt Assembly Hall,17472,17222,NA,NA,NA,NA,NA,NA,NA,NA,Indiana,St. John's,FALSE
401372013,2021-11-17,Indiana,St. John's,290,2,5:21,321,321,Foul on Tamar Bates.,65,60,5,8,0.8723879970299099,0.8248367880314769,4,3,4.5,151,"c(""Lamar Simpson"", "" James Breeding"", "" Paul Szelc"")","Bloomington, IN",Simon Skjodt Assembly Hall,17472,17222,NA,NA,NA,NA,NA,NA,NA,NA,St. John's,St. John's,FALSE
401372013,2021-11-17,Indiana,St. John's,291,2,5:21,321,321,Julian Champagnie made Free Throw.,65,61,4,0,0.8337368943841943,0.7754898338979982,4,3,4.5,151,"c(""Lamar Simpson"", "" James Breeding"", "" Paul Szelc"")","Bloomington, IN",Simon Skjodt Assembly Hall,17472,17222,NA,NA,St. John's,made,Julian Champagnie,NA,FALSE,TRUE,St. John's,St. John's,FALSE
401372013,2021-11-17,Indiana,St. John's,292,2,5:21,321,321,Julian Champagnie made Free Throw.,65,62,3,0,0.7862475126597712,0.7170104437175672,4,3,4.5,151,"c(""Lamar Simpson"", "" James Breeding"", "" Paul Szelc"")","Bloomington, IN",Simon Skjodt Assembly Hall,17472,17222,NA,NA,St. John's,made,Julian Champagnie,NA,FALSE,TRUE,St. John's,Indiana,FALSE
401372013,2021-11-17,Indiana,St. John's,293,2,4:51,291,291,Xavier Johnson missed Jumper.,65,62,3,30,0.7913078683939776,0.7259689997244143,4,3,4.5,151,"c(""Lamar Simpson"", "" James Breeding"", "" Paul Szelc"")","Bloomington, IN",Simon Skjodt Assembly Hall,17472,17222,NA,NA,Indiana,missed,Xavier Johnson,NA,FALSE,FALSE,Indiana,Indiana,FALSE
401372013,2021-11-17,Indiana,St. John's,294,2,4:49,289,289,Race Thompson Offensive Rebound.,65,62,3,2,0.7911992988159701,0.726025180540179,4,3,4.5,151,"c(""Lamar Simpson"", "" James Breeding"", "" Paul Szelc"")","Bloomington, IN",Simon Skjodt Assembly Hall,17472,17222,NA,NA,NA,NA,NA,NA,NA,NA,Indiana,Indiana,FALSE
401372013,2021-11-17,Indiana,St. John's,295,2,4:49,289,289,Race Thompson missed Layup.,65,62,3,0,0.7911992988159701,0.726025180540179,4,3,4.5,151,"c(""Lamar Simpson"", "" James Breeding"", "" Paul Szelc"")","Bloomington, IN",Simon Skjodt Assembly Hall,17472,17222,NA,NA,Indiana,missed,Race Thompson,NA,FALSE,FALSE,Indiana,Indiana,FALSE
401372013,2021-11-17,Indiana,St. John's,296,2,4:49,289,289,Joel Soriano Block.,65,62,3,0,0.7911992988159701,0.726025180540179,4,3,4.5,151,"c(""Lamar Simpson"", "" James Breeding"", "" Paul Szelc"")","Bloomington, IN",Simon Skjodt Assembly Hall,17472,17222,NA,NA,NA,NA,NA,NA,NA,NA,Indiana,Indiana,FALSE
401372013,2021-11-17,Indiana,St. John's,297,2,4:49,289,289,Indiana Offensive Rebound.,65,62,3,0,0.7911992988159701,0.726025180540179,4,3,4.5,151,"c(""Lamar Simpson"", "" James Breeding"", "" Paul Szelc"")","Bloomington, IN",Simon Skjodt Assembly Hall,17472,17222,NA,NA,NA,NA,NA,NA,NA,NA,Indiana,Indiana,FALSE
401372013,2021-11-17,Indiana,St. John's,298,2,4:49,289,289,Indiana  Turnover.,65,62,3,0,0.7911992988159701,0.726025180540179,4,3,4.5,151,"c(""Lamar Simpson"", "" James Breeding"", "" Paul Szelc"")","Bloomington, IN",Simon Skjodt Assembly Hall,17472,17222,NA,NA,NA,NA,NA,NA,NA,NA,Indiana,St. John's,FALSE
401372013,2021-11-17,Indiana,St. John's,299,2,4:25,265,265,Julian Champagnie made Three Point Jumper. Assisted by Joel Soriano.,65,65,0,24,0.5857179085157137,0.5,4,3,4.5,151,"c(""Lamar Simpson"", "" James Breeding"", "" Paul Szelc"")","Bloomington, IN",Simon Skjodt Assembly Hall,17472,17222,NA,NA,St. John's,made,Julian Champagnie,Joel Soriano,TRUE,FALSE,St. John's,Indiana,FALSE
401372013,2021-11-17,Indiana,St. John's,300,2,4:05,245,245,Trayce Jackson-Davis made Jumper.,67,65,2,20,0.7244298020123342,0.6524921101664152,4,3,4.5,151,"c(""Lamar Simpson"", "" James Breeding"", "" Paul Szelc"")","Bloomington, IN",Simon Skjodt Assembly Hall,17472,17222,NA,NA,Indiana,made,Trayce Jackson-Davis,NA,FALSE,FALSE,Indiana,St. John's,FALSE
401372013,2021-11-17,Indiana,St. John's,301,2,3:46,226,226,Posh Alexander Turnover.,67,65,2,19,0.7227088585021484,0.6527681769597209,4,3,4.5,151,"c(""Lamar Simpson"", "" James Breeding"", "" Paul Szelc"")","Bloomington, IN",Simon Skjodt Assembly Hall,17472,17222,NA,NA,NA,NA,NA,NA,NA,NA,St. John's,Indiana,FALSE
401372013,2021-11-17,Indiana,St. John's,302,2,3:46,226,226,Parker Stewart Steal.,67,65,2,0,0.7227088585021484,0.6527681769597209,4,3,4.5,151,"c(""Lamar Simpson"", "" James Breeding"", "" Paul Szelc"")","Bloomington, IN",Simon Skjodt Assembly Hall,17472,17222,NA,NA,NA,NA,NA,NA,NA,NA,St. John's,Indiana,FALSE
401372013,2021-11-17,Indiana,St. John's,303,2,3:39,219,219,Race Thompson made Dunk. Assisted by Xavier Johnson.,69,65,4,7,0.8316007535458004,0.7814454472868476,4,3,4.5,151,"c(""Lamar Simpson"", "" James Breeding"", "" Paul Szelc"")","Bloomington, IN",Simon Skjodt Assembly Hall,17472,17222,NA,NA,Indiana,made,Race Thompson,Xavier Johnson,FALSE,FALSE,Indiana,St. John's,FALSE
401372013,2021-11-17,Indiana,St. John's,304,2,3:21,201,201,Rafael Pinzon missed Jumper.,69,65,4,18,0.8396092002651097,0.7929462384171362,4,3,4.5,151,"c(""Lamar Simpson"", "" James Breeding"", "" Paul Szelc"")","Bloomington, IN",Simon Skjodt Assembly Hall,17472,17222,NA,NA,St. John's,missed,Rafael Pinzon,NA,FALSE,FALSE,St. John's,St. John's,FALSE
401372013,2021-11-17,Indiana,St. John's,305,2,3:18,198,198,Joel Soriano Offensive Rebound.,69,65,4,3,0.8417688680708479,0.7958767453064896,4,3,4.5,151,"c(""Lamar Simpson"", "" James Breeding"", "" Paul Szelc"")","Bloomington, IN",Simon Skjodt Assembly Hall,17472,17222,NA,NA,NA,NA,NA,NA,NA,NA,St. John's,Indiana,FALSE
401372013,2021-11-17,Indiana,St. John's,306,2,3:18,198,198,Foul on Posh Alexander.,69,65,4,0,0.8417688680708479,0.7958767453064896,4,3,4.5,151,"c(""Lamar Simpson"", "" James Breeding"", "" Paul Szelc"")","Bloomington, IN",Simon Skjodt Assembly Hall,17472,17222,NA,NA,NA,NA,NA,NA,NA,NA,St. John's,Indiana,FALSE
401372013,2021-11-17,Indiana,St. John's,307,2,3:18,198,198,Posh Alexander Turnover.,69,65,4,0,0.8417688680708479,0.7958767453064896,4,3,4.5,151,"c(""Lamar Simpson"", "" James Breeding"", "" Paul Szelc"")","Bloomington, IN",Simon Skjodt Assembly Hall,17472,17222,NA,NA,NA,NA,NA,NA,NA,NA,St. John's,Indiana,FALSE
401372013,2021-11-17,Indiana,St. John's,308,2,3:18,198,198,Official TV Timeout,69,65,4,0,0.8417688680708479,0.7958767453064896,4,3,4.5,151,"c(""Lamar Simpson"", "" James Breeding"", "" Paul Szelc"")","Bloomington, IN",Simon Skjodt Assembly Hall,17472,17222,NA,NA,NA,NA,NA,NA,NA,NA,St. John's,Indiana,FALSE
401372013,2021-11-17,Indiana,St. John's,309,2,2:57,177,177,Trayce Jackson-Davis missed Jumper.,69,65,4,21,0.8612701492951577,0.8217901038783516,4,3,4.5,151,"c(""Lamar Simpson"", "" James Breeding"", "" Paul Szelc"")","Bloomington, IN",Simon Skjodt Assembly Hall,17472,17222,NA,NA,Indiana,missed,Trayce Jackson-Davis,NA,FALSE,FALSE,Indiana,Indiana,FALSE
401372013,2021-11-17,Indiana,St. John's,310,2,2:57,177,177,Joel Soriano Block.,69,65,4,0,0.8612701492951577,0.8217901038783516,4,3,4.5,151,"c(""Lamar Simpson"", "" James Breeding"", "" Paul Szelc"")","Bloomington, IN",Simon Skjodt Assembly Hall,17472,17222,NA,NA,NA,NA,NA,NA,NA,NA,Indiana,Indiana,FALSE
401372013,2021-11-17,Indiana,St. John's,311,2,2:57,177,177,Indiana Offensive Rebound.,69,65,4,0,0.8612701492951577,0.8217901038783516,4,3,4.5,151,"c(""Lamar Simpson"", "" James Breeding"", "" Paul Szelc"")","Bloomington, IN",Simon Skjodt Assembly Hall,17472,17222,NA,NA,NA,NA,NA,NA,NA,NA,Indiana,Indiana,FALSE
401372013,2021-11-17,Indiana,St. John's,312,2,2:49,169,169,Tamar Bates missed Jumper.,69,65,4,8,0.8687621255150204,0.8317331208062391,4,3,4.5,151,"c(""Lamar Simpson"", "" James Breeding"", "" Paul Szelc"")","Bloomington, IN",Simon Skjodt Assembly Hall,17472,17222,NA,NA,Indiana,missed,Tamar Bates,NA,FALSE,FALSE,Indiana,St. John's,FALSE
401372013,2021-11-17,Indiana,St. John's,313,2,2:46,166,166,Julian Champagnie Defensive Rebound.,69,65,4,3,0.8715566618414233,0.8354408668356433,4,3,4.5,151,"c(""Lamar Simpson"", "" James Breeding"", "" Paul Szelc"")","Bloomington, IN",Simon Skjodt Assembly Hall,17472,17222,NA,NA,NA,NA,NA,NA,NA,NA,Indiana,St. John's,FALSE
401372013,2021-11-17,Indiana,St. John's,314,2,2:32,152,152,Julian Champagnie made Three Point Jumper. Assisted by Rafael Pinzon.,69,68,1,14,0.6725462317717321,0.608044049140897,4,3,4.5,151,"c(""Lamar Simpson"", "" James Breeding"", "" Paul Szelc"")","Bloomington, IN",Simon Skjodt Assembly Hall,17472,17222,NA,NA,St. John's,made,Julian Champagnie,Rafael Pinzon,TRUE,FALSE,St. John's,Indiana,FALSE
401372013,2021-11-17,Indiana,St. John's,315,2,2:05,125,125,Tamar Bates missed Jumper.,69,68,1,27,0.6848605013209955,0.6259224464632573,4,3,4.5,151,"c(""Lamar Simpson"", "" James Breeding"", "" Paul Szelc"")","Bloomington, IN",Simon Skjodt Assembly Hall,17472,17222,NA,NA,Indiana,missed,Tamar Bates,NA,FALSE,FALSE,Indiana,Indiana,FALSE
401372013,2021-11-17,Indiana,St. John's,316,2,2:02,122,122,Trayce Jackson-Davis Offensive Rebound.,69,68,1,3,0.6864794224864303,0.6281971696563706,4,3,4.5,151,"c(""Lamar Simpson"", "" James Breeding"", "" Paul Szelc"")","Bloomington, IN",Simon Skjodt Assembly Hall,17472,17222,NA,NA,NA,NA,NA,NA,NA,NA,Indiana,Indiana,FALSE
401372013,2021-11-17,Indiana,St. John's,317,2,2:01,121,121,Trayce Jackson-Davis made Layup.,71,68,3,1,0.8631713261428104,0.8296862466353395,4,3,4.5,151,"c(""Lamar Simpson"", "" James Breeding"", "" Paul Szelc"")","Bloomington, IN",Simon Skjodt Assembly Hall,17472,17222,NA,NA,Indiana,made,Trayce Jackson-Davis,NA,FALSE,FALSE,Indiana,St. John's,FALSE
401372013,2021-11-17,Indiana,St. John's,318,2,1:40,100,100,Stef Smith made Layup.,71,70,1,21,0.7002885660825642,0.6470907199658983,4,3,4.5,151,"c(""Lamar Simpson"", "" James Breeding"", "" Paul Szelc"")","Bloomington, IN",Simon Skjodt Assembly Hall,17472,17222,NA,NA,St. John's,made,Stef Smith,NA,FALSE,FALSE,St. John's,Indiana,FALSE
401372013,2021-11-17,Indiana,St. John's,319,2,1:14,74,74,Xavier Johnson made Layup.,73,70,3,26,0.9164420039380184,0.8978601389358194,4,3,4.5,151,"c(""Lamar Simpson"", "" James Breeding"", "" Paul Szelc"")","Bloomington, IN",Simon Skjodt Assembly Hall,17472,17222,NA,NA,Indiana,made,Xavier Johnson,NA,FALSE,FALSE,Indiana,St. John's,FALSE
401372013,2021-11-17,Indiana,St. John's,320,2,1:14,74,74,Foul on Joel Soriano.,73,70,3,0,0.9164420039380184,0.8978601389358194,4,3,4.5,151,"c(""Lamar Simpson"", "" James Breeding"", "" Paul Szelc"")","Bloomington, IN",Simon Skjodt Assembly Hall,17472,17222,NA,NA,NA,NA,NA,NA,NA,NA,Indiana,St. John's,FALSE
401372013,2021-11-17,Indiana,St. John's,321,2,1:14,74,74,Xavier Johnson missed Free Throw.,73,70,3,0,0.9164420039380184,0.8978601389358194,4,3,4.5,151,"c(""Lamar Simpson"", "" James Breeding"", "" Paul Szelc"")","Bloomington, IN",Simon Skjodt Assembly Hall,17472,17222,NA,NA,Indiana,missed,Xavier Johnson,NA,FALSE,TRUE,Indiana,St. John's,FALSE
401372013,2021-11-17,Indiana,St. John's,322,2,1:12,72,72,Joel Soriano Defensive Rebound.,73,70,3,2,0.9185750270161231,0.9005663705991794,4,3,4.5,151,"c(""Lamar Simpson"", "" James Breeding"", "" Paul Szelc"")","Bloomington, IN",Simon Skjodt Assembly Hall,17472,17222,NA,NA,NA,NA,NA,NA,NA,NA,Indiana,St. John's,FALSE
401372013,2021-11-17,Indiana,St. John's,323,2,1:02,62,62,Julian Champagnie missed Three Point Jumper.,73,70,3,10,0.9288707293446555,0.9135973333741522,4,3,4.5,151,"c(""Lamar Simpson"", "" James Breeding"", "" Paul Szelc"")","Bloomington, IN",Simon Skjodt Assembly Hall,17472,17222,NA,NA,St. John's,missed,Julian Champagnie,NA,TRUE,FALSE,St. John's,Indiana,FALSE
401372013,2021-11-17,Indiana,St. John's,324,2,0:59,59,59,Xavier Johnson Defensive Rebound.,73,70,3,3,0.9318090883145973,0.9173067172495034,4,3,4.5,151,"c(""Lamar Simpson"", "" James Breeding"", "" Paul Szelc"")","Bloomington, IN",Simon Skjodt Assembly Hall,17472,17222,NA,NA,NA,NA,NA,NA,NA,NA,St. John's,Indiana,FALSE
401372013,2021-11-17,Indiana,St. John's,325,2,0:57,57,57,Xavier Johnson Turnover.,73,70,3,2,0.9337304878795978,0.9197295518563419,4,3,4.5,151,"c(""Lamar Simpson"", "" James Breeding"", "" Paul Szelc"")","Bloomington, IN",Simon Skjodt Assembly Hall,17472,17222,NA,NA,NA,NA,NA,NA,NA,NA,Indiana,St. John's,FALSE
401372013,2021-11-17,Indiana,St. John's,326,2,0:57,57,57,Posh Alexander Steal.,73,70,3,0,0.9337304878795978,0.9197295518563419,4,3,4.5,151,"c(""Lamar Simpson"", "" James Breeding"", "" Paul Szelc"")","Bloomington, IN",Simon Skjodt Assembly Hall,17472,17222,NA,NA,NA,NA,NA,NA,NA,NA,Indiana,St. John's,FALSE
401372013,2021-11-17,Indiana,St. John's,327,2,0:54,54,54,Foul on Trayce Jackson-Davis.,73,70,3,3,0.9365570659605779,0.9232895132408648,4,3,4.5,151,"c(""Lamar Simpson"", "" James Breeding"", "" Paul Szelc"")","Bloomington, IN",Simon Skjodt Assembly Hall,17472,17222,NA,NA,NA,NA,NA,NA,NA,NA,St. John's,St. John's,FALSE
401372013,2021-11-17,Indiana,St. John's,328,2,0:54,54,54,Posh Alexander made Free Throw.,73,71,2,0,0.8656192728211658,0.8400503767786163,4,3,4.5,151,"c(""Lamar Simpson"", "" James Breeding"", "" Paul Szelc"")","Bloomington, IN",Simon Skjodt Assembly Hall,17472,17222,NA,NA,St. John's,made,Posh Alexander,NA,FALSE,TRUE,St. John's,St. John's,FALSE
401372013,2021-11-17,Indiana,St. John's,329,2,0:54,54,54,Indiana  Timeout,73,71,2,0,0.8656192728211658,0.8400503767786163,3,3,4.5,151,"c(""Lamar Simpson"", "" James Breeding"", "" Paul Szelc"")","Bloomington, IN",Simon Skjodt Assembly Hall,17472,17222,NA,NA,NA,NA,NA,NA,NA,NA,St. John's,St. John's,FALSE
401372013,2021-11-17,Indiana,St. John's,330,2,0:54,54,54,Posh Alexander made Free Throw.,73,72,1,0,0.7375874315527972,0.6962072103003587,3,3,4.5,151,"c(""Lamar Simpson"", "" James Breeding"", "" Paul Szelc"")","Bloomington, IN",Simon Skjodt Assembly Hall,17472,17222,NA,NA,St. John's,made,Posh Alexander,NA,FALSE,TRUE,St. John's,Indiana,FALSE
401372013,2021-11-17,Indiana,St. John's,331,2,0:25,25,25,Race Thompson made Jumper.,75,72,3,29,0.9603526607354292,0.9529947263900633,3,3,4.5,151,"c(""Lamar Simpson"", "" James Breeding"", "" Paul Szelc"")","Bloomington, IN",Simon Skjodt Assembly Hall,17472,17222,NA,NA,Indiana,made,Race Thompson,NA,FALSE,FALSE,Indiana,St. John's,FALSE
401372013,2021-11-17,Indiana,St. John's,332,2,0:21,21,21,St. John's  Timeout,75,72,3,4,0.9630705897258008,0.9563505975448044,3,2,4.5,151,"c(""Lamar Simpson"", "" James Breeding"", "" Paul Szelc"")","Bloomington, IN",Simon Skjodt Assembly Hall,17472,17222,NA,NA,NA,NA,NA,NA,NA,NA,St. John's,St. John's,FALSE
401372013,2021-11-17,Indiana,St. John's,333,2,0:21,21,21,Indiana  Timeout,75,72,3,0,0.9630705897258008,0.9563505975448044,2,2,4.5,151,"c(""Lamar Simpson"", "" James Breeding"", "" Paul Szelc"")","Bloomington, IN",Simon Skjodt Assembly Hall,17472,17222,NA,NA,NA,NA,NA,NA,NA,NA,St. John's,St. John's,FALSE
401372013,2021-11-17,Indiana,St. John's,334,2,0:11,11,11,Julian Champagnie made Jumper. Assisted by Posh Alexander.,75,74,1,10,0.7792993563810271,0.7496879212023952,2,2,4.5,151,"c(""Lamar Simpson"", "" James Breeding"", "" Paul Szelc"")","Bloomington, IN",Simon Skjodt Assembly Hall,17472,17222,NA,NA,St. John's,made,Julian Champagnie,Posh Alexander,FALSE,FALSE,St. John's,Indiana,FALSE
401372013,2021-11-17,Indiana,St. John's,335,2,0:11,11,11,St. John's  Timeout,75,74,1,0,0.7792993563810271,0.7496879212023952,2,1,4.5,151,"c(""Lamar Simpson"", "" James Breeding"", "" Paul Szelc"")","Bloomington, IN",Simon Skjodt Assembly Hall,17472,17222,NA,NA,NA,NA,NA,NA,NA,NA,St. John's,Indiana,FALSE
401372013,2021-11-17,Indiana,St. John's,336,2,0:08,8,8,Foul on Stef Smith.,75,74,1,3,0.7824292211606112,0.7536453754375314,2,1,4.5,151,"c(""Lamar Simpson"", "" James Breeding"", "" Paul Szelc"")","Bloomington, IN",Simon Skjodt Assembly Hall,17472,17222,NA,NA,NA,NA,NA,NA,NA,NA,Indiana,Indiana,FALSE
401372013,2021-11-17,Indiana,St. John's,337,2,0:08,8,8,Xavier Johnson missed Free Throw.,75,74,1,0,0.7824292211606112,0.7536453754375314,2,1,4.5,151,"c(""Lamar Simpson"", "" James Breeding"", "" Paul Szelc"")","Bloomington, IN",Simon Skjodt Assembly Hall,17472,17222,NA,NA,Indiana,missed,Xavier Johnson,NA,FALSE,TRUE,Indiana,Indiana,FALSE
401372013,2021-11-17,Indiana,St. John's,338,2,0:08,8,8,Indiana Offensive Rebound.,75,74,1,0,0.7824292211606112,0.7536453754375314,2,1,4.5,151,"c(""Lamar Simpson"", "" James Breeding"", "" Paul Szelc"")","Bloomington, IN",Simon Skjodt Assembly Hall,17472,17222,NA,NA,NA,NA,NA,NA,NA,NA,Indiana,Indiana,FALSE
401372013,2021-11-17,Indiana,St. John's,339,2,0:08,8,8,Xavier Johnson made Free Throw.,76,74,2,0,0.9166768905712092,0.9034622098895941,2,1,4.5,151,"c(""Lamar Simpson"", "" James Breeding"", "" Paul Szelc"")","Bloomington, IN",Simon Skjodt Assembly Hall,17472,17222,NA,NA,Indiana,made,Xavier Johnson,NA,FALSE,TRUE,Indiana,St. John's,FALSE
401372013,2021-11-17,Indiana,St. John's,340,2,0:01,1,1,Julian Champagnie missed Three Point Jumper.,76,74,2,7,0.9236017173004739,0.9119316362211413,2,1,4.5,151,"c(""Lamar Simpson"", "" James Breeding"", "" Paul Szelc"")","Bloomington, IN",Simon Skjodt Assembly Hall,17472,17222,NA,NA,St. John's,missed,Julian Champagnie,NA,TRUE,FALSE,St. John's,Indiana,FALSE
401372013,2021-11-17,Indiana,St. John's,341,2,0:00,0,0,Jordan Geronimo Defensive Rebound.,76,74,2,1,1,1,2,1,4.5,151,"c(""Lamar Simpson"", "" James Breeding"", "" Paul Szelc"")","Bloomington, IN",Simon Skjodt Assembly Hall,17472,17222,NA,NA,NA,NA,NA,NA,NA,NA,St. John's,Indiana,FALSE
401372013,2021-11-17,Indiana,St. John's,342,2,0:00,0,0,End of 2nd half,76,74,2,0,1,1,2,1,4.5,151,"c(""Lamar Simpson"", "" James Breeding"", "" Paul Szelc"")","Bloomington, IN",Simon Skjodt Assembly Hall,17472,17222,NA,NA,NA,NA,NA,NA,NA,NA,Indiana,NA,FALSE
401372013,2021-11-17,Indiana,St. John's,343,2,0:00,0,0,End of Game,76,74,2,0,1,1,2,1,4.5,151,"c(""Lamar Simpson"", "" James Breeding"", "" Paul Szelc"")","Bloomington, IN",Simon Skjodt Assembly Hall,17472,17222,NA,NA,NA,NA,NA,NA,NA,NA,Indiana,NA,FALSE
