game_id,date,home,away,play_id,half,time_remaining_half,secs_remaining,secs_remaining_absolute,description,home_score,away_score,score_diff,play_length,win_prob,naive_win_prob,home_time_out_remaining,away_time_out_remaining,home_favored_by,total_line,referees,arena_location,arena,capacity,attendance,shot_x,shot_y,shot_team,shot_outcome,shooter,assist,three_pt,free_throw,possession_before,possession_after,wrong_time
401280296,2021-02-16,Southeast Missouri State,Austin Peay,1,1,20:00,2400,2700,PLAY,0,0,0,0,0.2763607055161716,0.5,6,6,-6,138,"c(""Andrew Walton"", "" Scott Tierney"", "" Kevin Driver"")","Cape Girardeau, MO",Show Me Center,7000,279,NA,NA,NA,NA,NA,NA,NA,NA,NA,Austin Peay,NA
401280296,2021-02-16,Southeast Missouri State,Austin Peay,2,1,19:44,2384,2684,Mike Peake Turnover.,0,0,0,16,0.27666927297457894,0.5,6,6,-6,138,"c(""Andrew Walton"", "" Scott Tierney"", "" Kevin Driver"")","Cape Girardeau, MO",Show Me Center,7000,279,NA,NA,NA,NA,NA,NA,NA,NA,Austin Peay,Southeast Missouri State,FALSE
401280296,2021-02-16,Southeast Missouri State,Austin Peay,3,1,19:44,2384,2684,Foul on Mike Peake.,0,0,0,0,0.27666927297457894,0.5,6,6,-6,138,"c(""Andrew Walton"", "" Scott Tierney"", "" Kevin Driver"")","Cape Girardeau, MO",Show Me Center,7000,279,NA,NA,NA,NA,NA,NA,NA,NA,Southeast Missouri State,Southeast Missouri State,FALSE
401280296,2021-02-16,Southeast Missouri State,Austin Peay,4,1,19:25,2365,2665,Eric Reed Jr. made Layup.,2,0,2,19,0.3144014314398579,0.5447677378565356,6,6,-6,138,"c(""Andrew Walton"", "" Scott Tierney"", "" Kevin Driver"")","Cape Girardeau, MO",Show Me Center,7000,279,NA,NA,Southeast Missouri State,made,Eric Reed Jr.,NA,FALSE,FALSE,Southeast Missouri State,Austin Peay,FALSE
401280296,2021-02-16,Southeast Missouri State,Austin Peay,5,1,19:15,2355,2655,Reginald Gee missed Layup.,2,0,2,10,0.31480435899856796,0.5449827561110013,6,6,-6,138,"c(""Andrew Walton"", "" Scott Tierney"", "" Kevin Driver"")","Cape Girardeau, MO",Show Me Center,7000,279,NA,NA,Austin Peay,missed,Reginald Gee,NA,FALSE,FALSE,Austin Peay,Southeast Missouri State,FALSE
401280296,2021-02-16,Southeast Missouri State,Austin Peay,6,1,19:15,2355,2655,Manny Patterson Block.,2,0,2,0,0.31480435899856796,0.5449827561110013,6,6,-6,138,"c(""Andrew Walton"", "" Scott Tierney"", "" Kevin Driver"")","Cape Girardeau, MO",Show Me Center,7000,279,NA,NA,NA,NA,NA,NA,NA,NA,Austin Peay,Southeast Missouri State,FALSE
401280296,2021-02-16,Southeast Missouri State,Austin Peay,7,1,19:14,2354,2654,Nana Akenten Defensive Rebound.,2,0,2,1,0.3148448742530478,0.5450043310338967,6,6,-6,138,"c(""Andrew Walton"", "" Scott Tierney"", "" Kevin Driver"")","Cape Girardeau, MO",Show Me Center,7000,279,NA,NA,NA,NA,NA,NA,NA,NA,Austin Peay,Southeast Missouri State,FALSE
401280296,2021-02-16,Southeast Missouri State,Austin Peay,8,1,19:06,2346,2646,Nana Akenten Turnover.,2,0,2,8,0.31517045196584176,0.5451773968607259,6,6,-6,138,"c(""Andrew Walton"", "" Scott Tierney"", "" Kevin Driver"")","Cape Girardeau, MO",Show Me Center,7000,279,NA,NA,NA,NA,NA,NA,NA,NA,Southeast Missouri State,Austin Peay,FALSE
401280296,2021-02-16,Southeast Missouri State,Austin Peay,9,1,19:04,2344,2644,Mike Peake Steal.,2,0,2,2,0.31525225064014434,0.5452207909535292,6,6,-6,138,"c(""Andrew Walton"", "" Scott Tierney"", "" Kevin Driver"")","Cape Girardeau, MO",Show Me Center,7000,279,NA,NA,NA,NA,NA,NA,NA,NA,Southeast Missouri State,Austin Peay,FALSE
401280296,2021-02-16,Southeast Missouri State,Austin Peay,10,1,18:48,2328,2628,Tai'Reon Joseph made Three Point Jumper. Assisted by Carlos Paez.,2,3,-1,16,0.25984008409304604,0.477167629491024,6,6,-6,138,"c(""Andrew Walton"", "" Scott Tierney"", "" Kevin Driver"")","Cape Girardeau, MO",Show Me Center,7000,279,NA,NA,Austin Peay,made,Tai'Reon Joseph,Carlos Paez,TRUE,FALSE,Austin Peay,Southeast Missouri State,FALSE
401280296,2021-02-16,Southeast Missouri State,Austin Peay,11,1,18:29,2309,2609,Manny Patterson made Layup. Assisted by Chris Harris.,4,3,1,19,0.2970949601637765,0.5230428067692577,6,6,-6,138,"c(""Andrew Walton"", "" Scott Tierney"", "" Kevin Driver"")","Cape Girardeau, MO",Show Me Center,7000,279,NA,NA,Southeast Missouri State,made,Manny Patterson,Chris Harris,FALSE,FALSE,Southeast Missouri State,Austin Peay,FALSE
401280296,2021-02-16,Southeast Missouri State,Austin Peay,12,1,18:01,2281,2581,Terry Taylor missed Jumper.,4,3,1,28,0.2979915902784334,0.5233564625369095,6,6,-6,138,"c(""Andrew Walton"", "" Scott Tierney"", "" Kevin Driver"")","Cape Girardeau, MO",Show Me Center,7000,279,NA,NA,Austin Peay,missed,Terry Taylor,NA,FALSE,FALSE,Austin Peay,Southeast Missouri State,FALSE
401280296,2021-02-16,Southeast Missouri State,Austin Peay,13,1,18:01,2281,2581,DQ Nicholas Defensive Rebound.,4,3,1,0,0.2979915902784334,0.5233564625369095,6,6,-6,138,"c(""Andrew Walton"", "" Scott Tierney"", "" Kevin Driver"")","Cape Girardeau, MO",Show Me Center,7000,279,NA,NA,NA,NA,NA,NA,NA,NA,Austin Peay,Southeast Missouri State,FALSE
401280296,2021-02-16,Southeast Missouri State,Austin Peay,14,1,17:49,2269,2569,Nana Akenten missed Three Point Jumper.,4,3,1,12,0.29838395169729376,0.5234920529632237,6,6,-6,138,"c(""Andrew Walton"", "" Scott Tierney"", "" Kevin Driver"")","Cape Girardeau, MO",Show Me Center,7000,279,NA,NA,Southeast Missouri State,missed,Nana Akenten,NA,TRUE,FALSE,Southeast Missouri State,Southeast Missouri State,FALSE
401280296,2021-02-16,Southeast Missouri State,Austin Peay,15,1,17:49,2269,2569,DQ Nicholas Offensive Rebound.,4,3,1,0,0.29838395169729376,0.5234920529632237,6,6,-6,138,"c(""Andrew Walton"", "" Scott Tierney"", "" Kevin Driver"")","Cape Girardeau, MO",Show Me Center,7000,279,NA,NA,NA,NA,NA,NA,NA,NA,Southeast Missouri State,Southeast Missouri State,FALSE
401280296,2021-02-16,Southeast Missouri State,Austin Peay,16,1,17:45,2265,2565,Chris Harris missed Three Point Jumper.,4,3,1,4,0.2985158260173274,0.5235373929445338,6,6,-6,138,"c(""Andrew Walton"", "" Scott Tierney"", "" Kevin Driver"")","Cape Girardeau, MO",Show Me Center,7000,279,NA,NA,Southeast Missouri State,missed,Chris Harris,NA,TRUE,FALSE,Southeast Missouri State,Austin Peay,FALSE
401280296,2021-02-16,Southeast Missouri State,Austin Peay,17,1,17:45,2265,2565,Terry Taylor Defensive Rebound.,4,3,1,0,0.2985158260173274,0.5235373929445338,6,6,-6,138,"c(""Andrew Walton"", "" Scott Tierney"", "" Kevin Driver"")","Cape Girardeau, MO",Show Me Center,7000,279,NA,NA,NA,NA,NA,NA,NA,NA,Southeast Missouri State,Austin Peay,FALSE
401280296,2021-02-16,Southeast Missouri State,Austin Peay,18,1,17:33,2253,2553,Carlos Paez Turnover.,4,3,1,12,0.2989147265191288,0.5236738188039088,6,6,-6,138,"c(""Andrew Walton"", "" Scott Tierney"", "" Kevin Driver"")","Cape Girardeau, MO",Show Me Center,7000,279,NA,NA,NA,NA,NA,NA,NA,NA,Austin Peay,Southeast Missouri State,FALSE
401280296,2021-02-16,Southeast Missouri State,Austin Peay,19,1,17:31,2251,2551,Nana Akenten Steal.,4,3,1,2,0.29898168941579284,0.5236966134305555,6,6,-6,138,"c(""Andrew Walton"", "" Scott Tierney"", "" Kevin Driver"")","Cape Girardeau, MO",Show Me Center,7000,279,NA,NA,NA,NA,NA,NA,NA,NA,Austin Peay,Southeast Missouri State,FALSE
401280296,2021-02-16,Southeast Missouri State,Austin Peay,20,1,17:27,2247,2547,DQ Nicholas made Layup. Assisted by Chris Harris.,6,3,3,4,0.340418486545661,0.5708013584194437,6,6,-6,138,"c(""Andrew Walton"", "" Scott Tierney"", "" Kevin Driver"")","Cape Girardeau, MO",Show Me Center,7000,279,NA,NA,Southeast Missouri State,made,DQ Nicholas,Chris Harris,FALSE,FALSE,Southeast Missouri State,Austin Peay,FALSE
401280296,2021-02-16,Southeast Missouri State,Austin Peay,21,1,17:08,2228,2528,Carlos Paez Turnover.,6,3,3,19,0.34150210941899983,0.5714423463315346,6,6,-6,138,"c(""Andrew Walton"", "" Scott Tierney"", "" Kevin Driver"")","Cape Girardeau, MO",Show Me Center,7000,279,NA,NA,NA,NA,NA,NA,NA,NA,Austin Peay,Southeast Missouri State,FALSE
401280296,2021-02-16,Southeast Missouri State,Austin Peay,22,1,17:06,2226,2526,Chris Harris Steal.,6,3,3,2,0.34161713415316475,0.5715100212274645,6,6,-6,138,"c(""Andrew Walton"", "" Scott Tierney"", "" Kevin Driver"")","Cape Girardeau, MO",Show Me Center,7000,279,NA,NA,NA,NA,NA,NA,NA,NA,Austin Peay,Southeast Missouri State,FALSE
401280296,2021-02-16,Southeast Missouri State,Austin Peay,23,1,17:05,2225,2525,Foul on Reginald Gee.,6,3,3,1,0.34167471474740974,0.5715438722764842,6,6,-6,138,"c(""Andrew Walton"", "" Scott Tierney"", "" Kevin Driver"")","Cape Girardeau, MO",Show Me Center,7000,279,NA,NA,NA,NA,NA,NA,NA,NA,Southeast Missouri State,Southeast Missouri State,FALSE
401280296,2021-02-16,Southeast Missouri State,Austin Peay,24,1,17:05,2225,2525,Chris Harris made Free Throw.,7,3,4,0,0.36359627343330503,0.5948866230282157,6,6,-6,138,"c(""Andrew Walton"", "" Scott Tierney"", "" Kevin Driver"")","Cape Girardeau, MO",Show Me Center,7000,279,NA,NA,Southeast Missouri State,made,Chris Harris,NA,FALSE,TRUE,Southeast Missouri State,Southeast Missouri State,FALSE
401280296,2021-02-16,Southeast Missouri State,Austin Peay,25,1,17:05,2225,2525,Chris Harris made Free Throw.,8,3,5,0,0.38609942470818986,0.6178080481794679,6,6,-6,138,"c(""Andrew Walton"", "" Scott Tierney"", "" Kevin Driver"")","Cape Girardeau, MO",Show Me Center,7000,279,NA,NA,Southeast Missouri State,made,Chris Harris,NA,FALSE,TRUE,Southeast Missouri State,Austin Peay,FALSE
401280296,2021-02-16,Southeast Missouri State,Austin Peay,26,1,16:48,2208,2508,Foul on Nana Akenten.,8,3,5,17,0.3875107088828194,0.6187346785661759,6,6,-6,138,"c(""Andrew Walton"", "" Scott Tierney"", "" Kevin Driver"")","Cape Girardeau, MO",Show Me Center,7000,279,NA,NA,NA,NA,NA,NA,NA,NA,Austin Peay,Austin Peay,FALSE
401280296,2021-02-16,Southeast Missouri State,Austin Peay,27,1,16:48,2208,2508,Reginald Gee made Free Throw.,8,4,4,0,0.36479223046825215,0.5956433580423564,6,6,-6,138,"c(""Andrew Walton"", "" Scott Tierney"", "" Kevin Driver"")","Cape Girardeau, MO",Show Me Center,7000,279,NA,NA,Austin Peay,made,Reginald Gee,NA,FALSE,TRUE,Austin Peay,Austin Peay,FALSE
401280296,2021-02-16,Southeast Missouri State,Austin Peay,28,1,16:48,2208,2508,Reginald Gee made Free Throw.,8,5,3,0,0.34266051750214044,0.572120647531657,6,6,-6,138,"c(""Andrew Walton"", "" Scott Tierney"", "" Kevin Driver"")","Cape Girardeau, MO",Show Me Center,7000,279,NA,NA,Austin Peay,made,Reginald Gee,NA,FALSE,TRUE,Austin Peay,Southeast Missouri State,FALSE
401280296,2021-02-16,Southeast Missouri State,Austin Peay,29,1,16:26,2186,2486,Manny Patterson missed Layup.,8,5,3,22,0.34395555151332363,0.572870280824908,6,6,-6,138,"c(""Andrew Walton"", "" Scott Tierney"", "" Kevin Driver"")","Cape Girardeau, MO",Show Me Center,7000,279,NA,NA,Southeast Missouri State,missed,Manny Patterson,NA,FALSE,FALSE,Southeast Missouri State,Austin Peay,FALSE
401280296,2021-02-16,Southeast Missouri State,Austin Peay,30,1,16:26,2186,2486,Terry Taylor Block.,8,5,3,0,0.34395555151332363,0.572870280824908,6,6,-6,138,"c(""Andrew Walton"", "" Scott Tierney"", "" Kevin Driver"")","Cape Girardeau, MO",Show Me Center,7000,279,NA,NA,NA,NA,NA,NA,NA,NA,Southeast Missouri State,Austin Peay,FALSE
401280296,2021-02-16,Southeast Missouri State,Austin Peay,31,1,16:23,2183,2483,Reginald Gee Defensive Rebound.,8,5,3,3,0.3441338194170086,0.5729727438081019,6,6,-6,138,"c(""Andrew Walton"", "" Scott Tierney"", "" Kevin Driver"")","Cape Girardeau, MO",Show Me Center,7000,279,NA,NA,NA,NA,NA,NA,NA,NA,Southeast Missouri State,Austin Peay,FALSE
401280296,2021-02-16,Southeast Missouri State,Austin Peay,32,1,16:19,2179,2479,Tai'Reon Joseph missed Three Point Jumper.,8,5,3,4,0.34437213073543016,0.5731094402425919,6,6,-6,138,"c(""Andrew Walton"", "" Scott Tierney"", "" Kevin Driver"")","Cape Girardeau, MO",Show Me Center,7000,279,NA,NA,Austin Peay,missed,Tai'Reon Joseph,NA,TRUE,FALSE,Austin Peay,Southeast Missouri State,FALSE
401280296,2021-02-16,Southeast Missouri State,Austin Peay,33,1,16:19,2179,2479,Chris Harris Defensive Rebound.,8,5,3,0,0.34437213073543016,0.5731094402425919,6,6,-6,138,"c(""Andrew Walton"", "" Scott Tierney"", "" Kevin Driver"")","Cape Girardeau, MO",Show Me Center,7000,279,NA,NA,NA,NA,NA,NA,NA,NA,Austin Peay,Southeast Missouri State,FALSE
401280296,2021-02-16,Southeast Missouri State,Austin Peay,34,1,16:04,2164,2464,Manny Patterson made Layup. Assisted by DQ Nicholas.,10,5,5,15,0.39123559695727184,0.6211455369518836,6,6,-6,138,"c(""Andrew Walton"", "" Scott Tierney"", "" Kevin Driver"")","Cape Girardeau, MO",Show Me Center,7000,279,NA,NA,Southeast Missouri State,made,Manny Patterson,DQ Nicholas,FALSE,FALSE,Southeast Missouri State,Austin Peay,FALSE
401280296,2021-02-16,Southeast Missouri State,Austin Peay,35,1,15:45,2145,2445,Terry Taylor made Jumper.,10,7,3,19,0.3464272970552596,0.574276414067759,6,6,-6,138,"c(""Andrew Walton"", "" Scott Tierney"", "" Kevin Driver"")","Cape Girardeau, MO",Show Me Center,7000,279,NA,NA,Austin Peay,made,Terry Taylor,NA,FALSE,FALSE,Austin Peay,Southeast Missouri State,FALSE
401280296,2021-02-16,Southeast Missouri State,Austin Peay,36,1,15:33,2133,2433,Manny Patterson missed Jumper.,10,7,3,12,0.3471657412510564,0.574691294339453,6,6,-6,138,"c(""Andrew Walton"", "" Scott Tierney"", "" Kevin Driver"")","Cape Girardeau, MO",Show Me Center,7000,279,NA,NA,Southeast Missouri State,missed,Manny Patterson,NA,FALSE,FALSE,Southeast Missouri State,Austin Peay,FALSE
401280296,2021-02-16,Southeast Missouri State,Austin Peay,37,1,15:33,2133,2433,Elton Walker Defensive Rebound.,10,7,3,0,0.3471657412510564,0.574691294339453,6,6,-6,138,"c(""Andrew Walton"", "" Scott Tierney"", "" Kevin Driver"")","Cape Girardeau, MO",Show Me Center,7000,279,NA,NA,NA,NA,NA,NA,NA,NA,Southeast Missouri State,Austin Peay,FALSE
401280296,2021-02-16,Southeast Missouri State,Austin Peay,38,1,15:25,2125,2425,Foul on DQ Nicholas.,10,7,3,8,0.34766188283951316,0.5749688454359582,6,6,-6,138,"c(""Andrew Walton"", "" Scott Tierney"", "" Kevin Driver"")","Cape Girardeau, MO",Show Me Center,7000,279,NA,NA,NA,NA,NA,NA,NA,NA,Austin Peay,Austin Peay,FALSE
401280296,2021-02-16,Southeast Missouri State,Austin Peay,39,1,15:25,2125,2425,Official TV Timeout,10,7,3,0,0.34766188283951316,0.5749688454359582,6,6,-6,138,"c(""Andrew Walton"", "" Scott Tierney"", "" Kevin Driver"")","Cape Girardeau, MO",Show Me Center,7000,279,NA,NA,NA,NA,NA,NA,NA,NA,Austin Peay,Austin Peay,FALSE
401280296,2021-02-16,Southeast Missouri State,Austin Peay,40,1,15:21,2121,2421,Carlos Paez missed Three Point Jumper.,10,7,3,4,0.3479111124404482,0.575107919690846,6,6,-6,138,"c(""Andrew Walton"", "" Scott Tierney"", "" Kevin Driver"")","Cape Girardeau, MO",Show Me Center,7000,279,NA,NA,Austin Peay,missed,Carlos Paez,NA,TRUE,FALSE,Austin Peay,Southeast Missouri State,FALSE
401280296,2021-02-16,Southeast Missouri State,Austin Peay,41,1,15:21,2121,2421,Chris Harris Defensive Rebound.,10,7,3,0,0.3479111124404482,0.575107919690846,6,6,-6,138,"c(""Andrew Walton"", "" Scott Tierney"", "" Kevin Driver"")","Cape Girardeau, MO",Show Me Center,7000,279,NA,NA,NA,NA,NA,NA,NA,NA,Austin Peay,Southeast Missouri State,FALSE
401280296,2021-02-16,Southeast Missouri State,Austin Peay,42,1,14:56,2096,2396,Darrious Agnew made Layup.,12,7,5,25,0.39721150155370044,0.6249236591395559,6,6,-6,138,"c(""Andrew Walton"", "" Scott Tierney"", "" Kevin Driver"")","Cape Girardeau, MO",Show Me Center,7000,279,NA,NA,Southeast Missouri State,made,Darrious Agnew,NA,FALSE,FALSE,Southeast Missouri State,Austin Peay,FALSE
401280296,2021-02-16,Southeast Missouri State,Austin Peay,43,1,14:32,2072,2372,Tai'Reon Joseph missed Jumper.,12,7,5,24,0.3993888299067335,0.6262781400678504,6,6,-6,138,"c(""Andrew Walton"", "" Scott Tierney"", "" Kevin Driver"")","Cape Girardeau, MO",Show Me Center,7000,279,NA,NA,Austin Peay,missed,Tai'Reon Joseph,NA,FALSE,FALSE,Austin Peay,Southeast Missouri State,FALSE
401280296,2021-02-16,Southeast Missouri State,Austin Peay,44,1,14:32,2072,2372,Dylan Branson Defensive Rebound.,12,7,5,0,0.3993888299067335,0.6262781400678504,6,6,-6,138,"c(""Andrew Walton"", "" Scott Tierney"", "" Kevin Driver"")","Cape Girardeau, MO",Show Me Center,7000,279,NA,NA,NA,NA,NA,NA,NA,NA,Austin Peay,Southeast Missouri State,FALSE
401280296,2021-02-16,Southeast Missouri State,Austin Peay,45,1,14:16,2056,2356,Darrious Agnew missed Layup.,12,7,5,16,0.40086082587943744,0.6271880839810767,6,6,-6,138,"c(""Andrew Walton"", "" Scott Tierney"", "" Kevin Driver"")","Cape Girardeau, MO",Show Me Center,7000,279,NA,NA,Southeast Missouri State,missed,Darrious Agnew,NA,FALSE,FALSE,Southeast Missouri State,Austin Peay,FALSE
401280296,2021-02-16,Southeast Missouri State,Austin Peay,46,1,14:16,2056,2356,Terry Taylor Block.,12,7,5,0,0.40086082587943744,0.6271880839810767,6,6,-6,138,"c(""Andrew Walton"", "" Scott Tierney"", "" Kevin Driver"")","Cape Girardeau, MO",Show Me Center,7000,279,NA,NA,NA,NA,NA,NA,NA,NA,Southeast Missouri State,Austin Peay,FALSE
401280296,2021-02-16,Southeast Missouri State,Austin Peay,47,1,14:14,2054,2354,Terry Taylor Defensive Rebound.,12,7,5,2,0.40104599021481546,0.6273022369711612,6,6,-6,138,"c(""Andrew Walton"", "" Scott Tierney"", "" Kevin Driver"")","Cape Girardeau, MO",Show Me Center,7000,279,NA,NA,NA,NA,NA,NA,NA,NA,Southeast Missouri State,Austin Peay,FALSE
401280296,2021-02-16,Southeast Missouri State,Austin Peay,48,1,14:07,2047,2347,Reginald Gee missed Three Point Jumper.,12,7,5,7,0.40169611935475025,0.6277025093261908,6,6,-6,138,"c(""Andrew Walton"", "" Scott Tierney"", "" Kevin Driver"")","Cape Girardeau, MO",Show Me Center,7000,279,NA,NA,Austin Peay,missed,Reginald Gee,NA,TRUE,FALSE,Austin Peay,Southeast Missouri State,FALSE
401280296,2021-02-16,Southeast Missouri State,Austin Peay,49,1,14:07,2047,2347,Chris Harris Defensive Rebound.,12,7,5,0,0.40169611935475025,0.6277025093261908,6,6,-6,138,"c(""Andrew Walton"", "" Scott Tierney"", "" Kevin Driver"")","Cape Girardeau, MO",Show Me Center,7000,279,NA,NA,NA,NA,NA,NA,NA,NA,Austin Peay,Southeast Missouri State,FALSE
401280296,2021-02-16,Southeast Missouri State,Austin Peay,50,1,13:58,2038,2338,Chris Harris missed Three Point Jumper.,12,7,5,9,0.4025367199602124,0.6282188613431704,6,6,-6,138,"c(""Andrew Walton"", "" Scott Tierney"", "" Kevin Driver"")","Cape Girardeau, MO",Show Me Center,7000,279,NA,NA,Southeast Missouri State,missed,Chris Harris,NA,TRUE,FALSE,Southeast Missouri State,Southeast Missouri State,FALSE
401280296,2021-02-16,Southeast Missouri State,Austin Peay,51,1,13:58,2038,2338,Dylan Branson Offensive Rebound.,12,7,5,0,0.4025367199602124,0.6282188613431704,6,6,-6,138,"c(""Andrew Walton"", "" Scott Tierney"", "" Kevin Driver"")","Cape Girardeau, MO",Show Me Center,7000,279,NA,NA,NA,NA,NA,NA,NA,NA,Southeast Missouri State,Southeast Missouri State,FALSE
401280296,2021-02-16,Southeast Missouri State,Austin Peay,52,1,13:38,2018,2318,Chris Harris missed Three Point Jumper.,12,7,5,20,0.40442393895201645,0.6293734778663188,6,6,-6,138,"c(""Andrew Walton"", "" Scott Tierney"", "" Kevin Driver"")","Cape Girardeau, MO",Show Me Center,7000,279,NA,NA,Southeast Missouri State,missed,Chris Harris,NA,TRUE,FALSE,Southeast Missouri State,Austin Peay,FALSE
401280296,2021-02-16,Southeast Missouri State,Austin Peay,53,1,13:38,2018,2318,Austin Peay Defensive Rebound.,12,7,5,0,0.40442393895201645,0.6293734778663188,6,6,-6,138,"c(""Andrew Walton"", "" Scott Tierney"", "" Kevin Driver"")","Cape Girardeau, MO",Show Me Center,7000,279,NA,NA,NA,NA,NA,NA,NA,NA,Southeast Missouri State,Austin Peay,FALSE
401280296,2021-02-16,Southeast Missouri State,Austin Peay,54,1,13:37,2017,2317,Foul on Darrious Agnew.,12,7,5,1,0.40451900190850615,0.6294314758889934,6,6,-6,138,"c(""Andrew Walton"", "" Scott Tierney"", "" Kevin Driver"")","Cape Girardeau, MO",Show Me Center,7000,279,NA,NA,NA,NA,NA,NA,NA,NA,Austin Peay,Austin Peay,FALSE
401280296,2021-02-16,Southeast Missouri State,Austin Peay,55,1,13:19,1999,2299,Reginald Gee missed Jumper.,12,7,5,18,0.4062416989124685,0.630479953656391,6,6,-6,138,"c(""Andrew Walton"", "" Scott Tierney"", "" Kevin Driver"")","Cape Girardeau, MO",Show Me Center,7000,279,NA,NA,Austin Peay,missed,Reginald Gee,NA,FALSE,FALSE,Austin Peay,Southeast Missouri State,FALSE
401280296,2021-02-16,Southeast Missouri State,Austin Peay,56,1,13:19,1999,2299,DQ Nicholas Defensive Rebound.,12,7,5,0,0.4062416989124685,0.630479953656391,6,6,-6,138,"c(""Andrew Walton"", "" Scott Tierney"", "" Kevin Driver"")","Cape Girardeau, MO",Show Me Center,7000,279,NA,NA,NA,NA,NA,NA,NA,NA,Austin Peay,Southeast Missouri State,FALSE
401280296,2021-02-16,Southeast Missouri State,Austin Peay,57,1,13:14,1994,2294,DQ Nicholas made Layup.,14,7,7,5,0.45926275593223387,0.679123498762556,6,6,-6,138,"c(""Andrew Walton"", "" Scott Tierney"", "" Kevin Driver"")","Cape Girardeau, MO",Show Me Center,7000,279,NA,NA,Southeast Missouri State,made,DQ Nicholas,NA,FALSE,FALSE,Southeast Missouri State,Austin Peay,FALSE
401280296,2021-02-16,Southeast Missouri State,Austin Peay,58,1,13:12,1992,2292,Austin Peay  Timeout,14,7,7,2,0.45951189211710286,0.6792771586117347,5,6,-6,138,"c(""Andrew Walton"", "" Scott Tierney"", "" Kevin Driver"")","Cape Girardeau, MO",Show Me Center,7000,279,NA,NA,NA,NA,NA,NA,NA,NA,Austin Peay,Austin Peay,FALSE
401280296,2021-02-16,Southeast Missouri State,Austin Peay,59,1,12:42,1962,2262,Carlos Paez missed Three Point Jumper.,14,7,7,30,0.46328861195544646,0.6815976789067042,5,6,-6,138,"c(""Andrew Walton"", "" Scott Tierney"", "" Kevin Driver"")","Cape Girardeau, MO",Show Me Center,7000,279,NA,NA,Austin Peay,missed,Carlos Paez,NA,TRUE,FALSE,Austin Peay,Austin Peay,FALSE
401280296,2021-02-16,Southeast Missouri State,Austin Peay,60,1,12:42,1962,2262,Terry Taylor Offensive Rebound.,14,7,7,0,0.46328861195544646,0.6815976789067042,5,6,-6,138,"c(""Andrew Walton"", "" Scott Tierney"", "" Kevin Driver"")","Cape Girardeau, MO",Show Me Center,7000,279,NA,NA,NA,NA,NA,NA,NA,NA,Austin Peay,Austin Peay,FALSE
401280296,2021-02-16,Southeast Missouri State,Austin Peay,61,1,12:36,1956,2256,Terry Taylor Turnover.,14,7,7,6,0.46405299402418326,0.6820654139997155,5,6,-6,138,"c(""Andrew Walton"", "" Scott Tierney"", "" Kevin Driver"")","Cape Girardeau, MO",Show Me Center,7000,279,NA,NA,NA,NA,NA,NA,NA,NA,Austin Peay,Southeast Missouri State,FALSE
401280296,2021-02-16,Southeast Missouri State,Austin Peay,62,1,12:18,1938,2238,DQ Nicholas missed Jumper.,14,7,7,18,0.4663645288405323,0.6834762070098407,5,6,-6,138,"c(""Andrew Walton"", "" Scott Tierney"", "" Kevin Driver"")","Cape Girardeau, MO",Show Me Center,7000,279,NA,NA,Southeast Missouri State,missed,DQ Nicholas,NA,FALSE,FALSE,Southeast Missouri State,Austin Peay,FALSE
401280296,2021-02-16,Southeast Missouri State,Austin Peay,63,1,12:18,1938,2238,Elton Walker Defensive Rebound.,14,7,7,0,0.4663645288405323,0.6834762070098407,5,6,-6,138,"c(""Andrew Walton"", "" Scott Tierney"", "" Kevin Driver"")","Cape Girardeau, MO",Show Me Center,7000,279,NA,NA,NA,NA,NA,NA,NA,NA,Southeast Missouri State,Austin Peay,FALSE
401280296,2021-02-16,Southeast Missouri State,Austin Peay,64,1,12:17,1937,2237,Foul on Darrious Agnew.,14,7,7,1,0.4664937625107809,0.6835549246704739,5,6,-6,138,"c(""Andrew Walton"", "" Scott Tierney"", "" Kevin Driver"")","Cape Girardeau, MO",Show Me Center,7000,279,NA,NA,NA,NA,NA,NA,NA,NA,Austin Peay,Austin Peay,FALSE
401280296,2021-02-16,Southeast Missouri State,Austin Peay,65,1,11:56,1916,2216,DJ Peavy missed Jumper.,14,7,7,21,0.4692221799904126,0.6852104860158439,5,6,-6,138,"c(""Andrew Walton"", "" Scott Tierney"", "" Kevin Driver"")","Cape Girardeau, MO",Show Me Center,7000,279,NA,NA,Austin Peay,missed,DJ Peavy,NA,FALSE,FALSE,Austin Peay,Southeast Missouri State,FALSE
401280296,2021-02-16,Southeast Missouri State,Austin Peay,66,1,11:56,1916,2216,Nate Johnson Defensive Rebound.,14,7,7,0,0.4692221799904126,0.6852104860158439,5,6,-6,138,"c(""Andrew Walton"", "" Scott Tierney"", "" Kevin Driver"")","Cape Girardeau, MO",Show Me Center,7000,279,NA,NA,NA,NA,NA,NA,NA,NA,Austin Peay,Southeast Missouri State,FALSE
401280296,2021-02-16,Southeast Missouri State,Austin Peay,67,1,11:36,1896,2196,Foul on Elton Walker.,14,7,7,20,0.47183615959462183,0.6867805009883797,5,6,-6,138,"c(""Andrew Walton"", "" Scott Tierney"", "" Kevin Driver"")","Cape Girardeau, MO",Show Me Center,7000,279,NA,NA,NA,NA,NA,NA,NA,NA,Southeast Missouri State,Southeast Missouri State,FALSE
401280296,2021-02-16,Southeast Missouri State,Austin Peay,68,1,11:36,1896,2196,Official TV Timeout,14,7,7,0,0.47183615959462183,0.6867805009883797,5,6,-6,138,"c(""Andrew Walton"", "" Scott Tierney"", "" Kevin Driver"")","Cape Girardeau, MO",Show Me Center,7000,279,NA,NA,NA,NA,NA,NA,NA,NA,Southeast Missouri State,Southeast Missouri State,FALSE
401280296,2021-02-16,Southeast Missouri State,Austin Peay,69,1,11:17,1877,2177,Nate Johnson made Jumper. Assisted by Chris Harris.,16,7,9,19,0.5308474480871721,0.7346472588666324,5,6,-6,138,"c(""Andrew Walton"", "" Scott Tierney"", "" Kevin Driver"")","Cape Girardeau, MO",Show Me Center,7000,279,NA,NA,Southeast Missouri State,made,Nate Johnson,Chris Harris,FALSE,FALSE,Southeast Missouri State,Austin Peay,FALSE
401280296,2021-02-16,Southeast Missouri State,Austin Peay,70,1,10:59,1859,2159,DJ Peavy Turnover.,16,7,9,18,0.5336954273931679,0.7362915963620126,5,6,-6,138,"c(""Andrew Walton"", "" Scott Tierney"", "" Kevin Driver"")","Cape Girardeau, MO",Show Me Center,7000,279,NA,NA,NA,NA,NA,NA,NA,NA,Austin Peay,Southeast Missouri State,FALSE
401280296,2021-02-16,Southeast Missouri State,Austin Peay,71,1,10:57,1857,2157,Dylan Branson Steal.,16,7,9,2,0.5340128970846719,0.7364742451612092,5,6,-6,138,"c(""Andrew Walton"", "" Scott Tierney"", "" Kevin Driver"")","Cape Girardeau, MO",Show Me Center,7000,279,NA,NA,NA,NA,NA,NA,NA,NA,Austin Peay,Southeast Missouri State,FALSE
401280296,2021-02-16,Southeast Missouri State,Austin Peay,72,1,10:55,1855,2155,Nygal Russell Turnover.,16,7,9,2,0.5343305885664409,0.7366568984095874,5,6,-6,138,"c(""Andrew Walton"", "" Scott Tierney"", "" Kevin Driver"")","Cape Girardeau, MO",Show Me Center,7000,279,NA,NA,NA,NA,NA,NA,NA,NA,Southeast Missouri State,Austin Peay,FALSE
401280296,2021-02-16,Southeast Missouri State,Austin Peay,73,1,10:53,1853,2153,Alec Woodard Steal.,16,7,9,2,0.5346485062705033,0.7368395603172849,5,6,-6,138,"c(""Andrew Walton"", "" Scott Tierney"", "" Kevin Driver"")","Cape Girardeau, MO",Show Me Center,7000,279,NA,NA,NA,NA,NA,NA,NA,NA,Southeast Missouri State,Austin Peay,FALSE
401280296,2021-02-16,Southeast Missouri State,Austin Peay,74,1,10:52,1852,2152,Alec Woodard missed Jumper.,16,7,9,1,0.5348075513401231,0.7369308958319133,5,6,-6,138,"c(""Andrew Walton"", "" Scott Tierney"", "" Kevin Driver"")","Cape Girardeau, MO",Show Me Center,7000,279,NA,NA,Austin Peay,missed,Alec Woodard,NA,FALSE,FALSE,Austin Peay,Southeast Missouri State,FALSE
401280296,2021-02-16,Southeast Missouri State,Austin Peay,75,1,10:52,1852,2152,Nygal Russell Defensive Rebound.,16,7,9,0,0.5348075513401231,0.7369308958319133,5,6,-6,138,"c(""Andrew Walton"", "" Scott Tierney"", "" Kevin Driver"")","Cape Girardeau, MO",Show Me Center,7000,279,NA,NA,NA,NA,NA,NA,NA,NA,Austin Peay,Southeast Missouri State,FALSE
401280296,2021-02-16,Southeast Missouri State,Austin Peay,76,1,10:35,1835,2135,Dylan Branson missed Layup.,16,7,9,17,0.5375206754470321,0.7384845979536,5,6,-6,138,"c(""Andrew Walton"", "" Scott Tierney"", "" Kevin Driver"")","Cape Girardeau, MO",Show Me Center,7000,279,NA,NA,Southeast Missouri State,missed,Dylan Branson,NA,FALSE,FALSE,Southeast Missouri State,Southeast Missouri State,FALSE
401280296,2021-02-16,Southeast Missouri State,Austin Peay,77,1,10:35,1835,2135,Nate Johnson Offensive Rebound.,16,7,9,0,0.5375206754470321,0.7384845979536,5,6,-6,138,"c(""Andrew Walton"", "" Scott Tierney"", "" Kevin Driver"")","Cape Girardeau, MO",Show Me Center,7000,279,NA,NA,NA,NA,NA,NA,NA,NA,Southeast Missouri State,Southeast Missouri State,FALSE
401280296,2021-02-16,Southeast Missouri State,Austin Peay,78,1,10:32,1832,2132,Nate Johnson Turnover.,16,7,9,3,0.5380014127718141,0.7387590856164756,5,6,-6,138,"c(""Andrew Walton"", "" Scott Tierney"", "" Kevin Driver"")","Cape Girardeau, MO",Show Me Center,7000,279,NA,NA,NA,NA,NA,NA,NA,NA,Southeast Missouri State,Austin Peay,FALSE
401280296,2021-02-16,Southeast Missouri State,Austin Peay,79,1,10:16,1816,2116,Elton Walker made Jumper.,16,9,7,16,0.48249831580207936,0.6930554629207412,5,6,-6,138,"c(""Andrew Walton"", "" Scott Tierney"", "" Kevin Driver"")","Cape Girardeau, MO",Show Me Center,7000,279,NA,NA,Austin Peay,made,Elton Walker,NA,FALSE,FALSE,Austin Peay,Southeast Missouri State,FALSE
401280296,2021-02-16,Southeast Missouri State,Austin Peay,80,1,10:06,1806,2106,Dylan Branson missed Three Point Jumper.,16,9,7,10,0.4838613055844441,0.6938467914995062,5,6,-6,138,"c(""Andrew Walton"", "" Scott Tierney"", "" Kevin Driver"")","Cape Girardeau, MO",Show Me Center,7000,279,NA,NA,Southeast Missouri State,missed,Dylan Branson,NA,TRUE,FALSE,Southeast Missouri State,Southeast Missouri State,FALSE
401280296,2021-02-16,Southeast Missouri State,Austin Peay,81,1,10:06,1806,2106,Dylan Branson Offensive Rebound.,16,9,7,0,0.4838613055844441,0.6938467914995062,5,6,-6,138,"c(""Andrew Walton"", "" Scott Tierney"", "" Kevin Driver"")","Cape Girardeau, MO",Show Me Center,7000,279,NA,NA,NA,NA,NA,NA,NA,NA,Southeast Missouri State,Southeast Missouri State,FALSE
401280296,2021-02-16,Southeast Missouri State,Austin Peay,82,1,9:59,1799,2099,Dylan Branson Turnover.,16,9,7,7,0.4848202119006008,0.6944025046800741,5,6,-6,138,"c(""Andrew Walton"", "" Scott Tierney"", "" Kevin Driver"")","Cape Girardeau, MO",Show Me Center,7000,279,NA,NA,NA,NA,NA,NA,NA,NA,Southeast Missouri State,Austin Peay,FALSE
401280296,2021-02-16,Southeast Missouri State,Austin Peay,83,1,9:58,1798,2098,Alec Woodard Steal.,16,9,7,1,0.4849575322964671,0.6944820227593793,5,6,-6,138,"c(""Andrew Walton"", "" Scott Tierney"", "" Kevin Driver"")","Cape Girardeau, MO",Show Me Center,7000,279,NA,NA,NA,NA,NA,NA,NA,NA,Southeast Missouri State,Austin Peay,FALSE
401280296,2021-02-16,Southeast Missouri State,Austin Peay,84,1,9:56,1796,2096,Foul on Parker Long.,16,9,7,2,0.48523242766426333,0.6946411611838633,5,6,-6,138,"c(""Andrew Walton"", "" Scott Tierney"", "" Kevin Driver"")","Cape Girardeau, MO",Show Me Center,7000,279,NA,NA,NA,NA,NA,NA,NA,NA,Austin Peay,Austin Peay,FALSE
401280296,2021-02-16,Southeast Missouri State,Austin Peay,85,1,9:55,1795,2095,Alec Woodard missed Three Point Jumper.,16,9,7,1,0.4853700034842742,0.6947207824083159,5,6,-6,138,"c(""Andrew Walton"", "" Scott Tierney"", "" Kevin Driver"")","Cape Girardeau, MO",Show Me Center,7000,279,NA,NA,Austin Peay,missed,Alec Woodard,NA,TRUE,FALSE,Austin Peay,Southeast Missouri State,FALSE
401280296,2021-02-16,Southeast Missouri State,Austin Peay,86,1,9:55,1795,2095,Eric Reed Jr. Defensive Rebound.,16,9,7,0,0.4853700034842742,0.6947207824083159,5,6,-6,138,"c(""Andrew Walton"", "" Scott Tierney"", "" Kevin Driver"")","Cape Girardeau, MO",Show Me Center,7000,279,NA,NA,NA,NA,NA,NA,NA,NA,Austin Peay,Southeast Missouri State,FALSE
401280296,2021-02-16,Southeast Missouri State,Austin Peay,87,1,9:33,1773,2073,Chris Harris Turnover.,16,9,7,22,0.4884191771678661,0.6964821449619643,5,6,-6,138,"c(""Andrew Walton"", "" Scott Tierney"", "" Kevin Driver"")","Cape Girardeau, MO",Show Me Center,7000,279,NA,NA,NA,NA,NA,NA,NA,NA,Southeast Missouri State,Austin Peay,FALSE
401280296,2021-02-16,Southeast Missouri State,Austin Peay,88,1,9:31,1771,2071,Elton Walker Steal.,16,9,7,2,0.48869859437171187,0.696643275719773,5,6,-6,138,"c(""Andrew Walton"", "" Scott Tierney"", "" Kevin Driver"")","Cape Girardeau, MO",Show Me Center,7000,279,NA,NA,NA,NA,NA,NA,NA,NA,Southeast Missouri State,Austin Peay,FALSE
401280296,2021-02-16,Southeast Missouri State,Austin Peay,89,1,9:26,1766,2066,Carlos Paez missed Layup.,16,9,7,5,0.4893988273834059,0.6970469101355475,5,6,-6,138,"c(""Andrew Walton"", "" Scott Tierney"", "" Kevin Driver"")","Cape Girardeau, MO",Show Me Center,7000,279,NA,NA,Austin Peay,missed,Carlos Paez,NA,FALSE,FALSE,Austin Peay,Austin Peay,FALSE
401280296,2021-02-16,Southeast Missouri State,Austin Peay,90,1,9:26,1766,2066,Manny Patterson Block.,16,9,7,0,0.4893988273834059,0.6970469101355475,5,6,-6,138,"c(""Andrew Walton"", "" Scott Tierney"", "" Kevin Driver"")","Cape Girardeau, MO",Show Me Center,7000,279,NA,NA,NA,NA,NA,NA,NA,NA,Austin Peay,Austin Peay,FALSE
401280296,2021-02-16,Southeast Missouri State,Austin Peay,91,1,9:25,1765,2065,Terry Taylor Offensive Rebound.,16,9,7,1,0.4895391670801135,0.6971277789005443,5,6,-6,138,"c(""Andrew Walton"", "" Scott Tierney"", "" Kevin Driver"")","Cape Girardeau, MO",Show Me Center,7000,279,NA,NA,NA,NA,NA,NA,NA,NA,Austin Peay,Austin Peay,FALSE
401280296,2021-02-16,Southeast Missouri State,Austin Peay,92,1,9:25,1765,2065,Foul on Nygal Russell.,16,9,7,0,0.4895391670801135,0.6971277789005443,5,6,-6,138,"c(""Andrew Walton"", "" Scott Tierney"", "" Kevin Driver"")","Cape Girardeau, MO",Show Me Center,7000,279,NA,NA,NA,NA,NA,NA,NA,NA,Austin Peay,Austin Peay,FALSE
401280296,2021-02-16,Southeast Missouri State,Austin Peay,93,1,9:25,1765,2065,Terry Taylor made Free Throw.,16,10,6,0,0.4598507778035609,0.6714087979959481,5,6,-6,138,"c(""Andrew Walton"", "" Scott Tierney"", "" Kevin Driver"")","Cape Girardeau, MO",Show Me Center,7000,279,NA,NA,Austin Peay,made,Terry Taylor,NA,FALSE,TRUE,Austin Peay,Austin Peay,FALSE
401280296,2021-02-16,Southeast Missouri State,Austin Peay,94,1,9:25,1765,2065,Terry Taylor made Free Throw.,16,11,5,0,0.4304446173791688,0.644619184781419,5,6,-6,138,"c(""Andrew Walton"", "" Scott Tierney"", "" Kevin Driver"")","Cape Girardeau, MO",Show Me Center,7000,279,NA,NA,Austin Peay,made,Terry Taylor,NA,FALSE,TRUE,Austin Peay,Southeast Missouri State,FALSE
401280296,2021-02-16,Southeast Missouri State,Austin Peay,95,1,9:02,1742,2042,Nygal Russell missed Three Point Jumper.,16,11,5,23,0.4330175181385548,0.6460728741137368,5,6,-6,138,"c(""Andrew Walton"", "" Scott Tierney"", "" Kevin Driver"")","Cape Girardeau, MO",Show Me Center,7000,279,NA,NA,Southeast Missouri State,missed,Nygal Russell,NA,TRUE,FALSE,Southeast Missouri State,Austin Peay,FALSE
401280296,2021-02-16,Southeast Missouri State,Austin Peay,96,1,9:02,1742,2042,Terry Taylor Defensive Rebound.,16,11,5,0,0.4330175181385548,0.6460728741137368,5,6,-6,138,"c(""Andrew Walton"", "" Scott Tierney"", "" Kevin Driver"")","Cape Girardeau, MO",Show Me Center,7000,279,NA,NA,NA,NA,NA,NA,NA,NA,Southeast Missouri State,Austin Peay,FALSE
401280296,2021-02-16,Southeast Missouri State,Austin Peay,97,1,8:52,1732,2032,Tai'Reon Joseph missed Layup.,16,11,5,10,0.4341505903906839,0.6467128882810935,5,6,-6,138,"c(""Andrew Walton"", "" Scott Tierney"", "" Kevin Driver"")","Cape Girardeau, MO",Show Me Center,7000,279,NA,NA,Austin Peay,missed,Tai'Reon Joseph,NA,FALSE,FALSE,Austin Peay,Southeast Missouri State,FALSE
401280296,2021-02-16,Southeast Missouri State,Austin Peay,98,1,8:52,1732,2032,Manny Patterson Block.,16,11,5,0,0.4341505903906839,0.6467128882810935,5,6,-6,138,"c(""Andrew Walton"", "" Scott Tierney"", "" Kevin Driver"")","Cape Girardeau, MO",Show Me Center,7000,279,NA,NA,NA,NA,NA,NA,NA,NA,Austin Peay,Southeast Missouri State,FALSE
401280296,2021-02-16,Southeast Missouri State,Austin Peay,99,1,8:50,1730,2030,Eric Reed Jr. Defensive Rebound.,16,11,5,2,0.4343782933030579,0.646841518888876,5,6,-6,138,"c(""Andrew Walton"", "" Scott Tierney"", "" Kevin Driver"")","Cape Girardeau, MO",Show Me Center,7000,279,NA,NA,NA,NA,NA,NA,NA,NA,Austin Peay,Southeast Missouri State,FALSE
401280296,2021-02-16,Southeast Missouri State,Austin Peay,100,1,8:46,1726,2026,Eric Reed Jr. made Layup.,18,11,7,4,0.49509355250569637,0.7003235519463573,5,6,-6,138,"c(""Andrew Walton"", "" Scott Tierney"", "" Kevin Driver"")","Cape Girardeau, MO",Show Me Center,7000,279,NA,NA,Southeast Missouri State,made,Eric Reed Jr.,NA,FALSE,FALSE,Southeast Missouri State,Austin Peay,FALSE
401280296,2021-02-16,Southeast Missouri State,Austin Peay,101,1,8:25,1705,2005,Carlos Paez Turnover.,18,11,7,21,0.49815529202970404,0.7020835959500056,5,6,-6,138,"c(""Andrew Walton"", "" Scott Tierney"", "" Kevin Driver"")","Cape Girardeau, MO",Show Me Center,7000,279,NA,NA,NA,NA,NA,NA,NA,NA,Austin Peay,Southeast Missouri State,FALSE
401280296,2021-02-16,Southeast Missouri State,Austin Peay,102,1,8:07,1687,1987,Manny Patterson Turnover.,18,11,7,18,0.5008219811935082,0.703616814019148,5,6,-6,138,"c(""Andrew Walton"", "" Scott Tierney"", "" Kevin Driver"")","Cape Girardeau, MO",Show Me Center,7000,279,NA,NA,NA,NA,NA,NA,NA,NA,Southeast Missouri State,Austin Peay,FALSE
401280296,2021-02-16,Southeast Missouri State,Austin Peay,103,1,7:48,1668,1968,Terry Taylor missed Three Point Jumper.,18,11,7,19,0.5036336672420669,0.7052114686982116,5,6,-6,138,"c(""Andrew Walton"", "" Scott Tierney"", "" Kevin Driver"")","Cape Girardeau, MO",Show Me Center,7000,279,NA,NA,Austin Peay,missed,Terry Taylor,NA,TRUE,FALSE,Austin Peay,Southeast Missouri State,FALSE
401280296,2021-02-16,Southeast Missouri State,Austin Peay,104,1,7:48,1668,1968,DQ Nicholas Defensive Rebound.,18,11,7,0,0.5036336672420669,0.7052114686982116,5,6,-6,138,"c(""Andrew Walton"", "" Scott Tierney"", "" Kevin Driver"")","Cape Girardeau, MO",Show Me Center,7000,279,NA,NA,NA,NA,NA,NA,NA,NA,Austin Peay,Southeast Missouri State,FALSE
401280296,2021-02-16,Southeast Missouri State,Austin Peay,105,1,7:40,1660,1960,Official TV Timeout,18,11,7,8,0.5048107469243243,0.7058695395055339,5,6,-6,138,"c(""Andrew Walton"", "" Scott Tierney"", "" Kevin Driver"")","Cape Girardeau, MO",Show Me Center,7000,279,NA,NA,NA,NA,NA,NA,NA,NA,Southeast Missouri State,Southeast Missouri State,FALSE
401280296,2021-02-16,Southeast Missouri State,Austin Peay,106,1,7:20,1640,1940,Eric Reed Jr. made Three Point Jumper. Assisted by Nana Akenten.,21,11,10,20,0.600965887023224,0.7793239224052051,5,6,-6,138,"c(""Andrew Walton"", "" Scott Tierney"", "" Kevin Driver"")","Cape Girardeau, MO",Show Me Center,7000,279,NA,NA,Southeast Missouri State,made,Eric Reed Jr.,Nana Akenten,TRUE,FALSE,Southeast Missouri State,Austin Peay,FALSE
401280296,2021-02-16,Southeast Missouri State,Austin Peay,107,1,7:02,1622,1922,Terry Taylor made Layup. Assisted by Mike Peake.,21,13,8,18,0.5420675482764366,0.7344461327171906,5,6,-6,138,"c(""Andrew Walton"", "" Scott Tierney"", "" Kevin Driver"")","Cape Girardeau, MO",Show Me Center,7000,279,NA,NA,Austin Peay,made,Terry Taylor,Mike Peake,FALSE,FALSE,Austin Peay,Southeast Missouri State,FALSE
401280296,2021-02-16,Southeast Missouri State,Austin Peay,108,1,6:47,1607,1907,Nygal Russell missed Layup.,21,13,8,15,0.5444518245136062,0.7357219950063071,5,6,-6,138,"c(""Andrew Walton"", "" Scott Tierney"", "" Kevin Driver"")","Cape Girardeau, MO",Show Me Center,7000,279,NA,NA,Southeast Missouri State,missed,Nygal Russell,NA,FALSE,FALSE,Southeast Missouri State,Austin Peay,FALSE
401280296,2021-02-16,Southeast Missouri State,Austin Peay,109,1,6:47,1607,1907,Mike Peake Block.,21,13,8,0,0.5444518245136062,0.7357219950063071,5,6,-6,138,"c(""Andrew Walton"", "" Scott Tierney"", "" Kevin Driver"")","Cape Girardeau, MO",Show Me Center,7000,279,NA,NA,NA,NA,NA,NA,NA,NA,Southeast Missouri State,Austin Peay,FALSE
401280296,2021-02-16,Southeast Missouri State,Austin Peay,110,1,6:44,1604,1904,Carlos Paez Defensive Rebound.,21,13,8,3,0.5449291725344346,0.73597633040186206,5,6,-6,138,"c(""Andrew Walton"", "" Scott Tierney"", "" Kevin Driver"")","Cape Girardeau, MO",Show Me Center,7000,279,NA,NA,NA,NA,NA,NA,NA,NA,Southeast Missouri State,Austin Peay,FALSE
401280296,2021-02-16,Southeast Missouri State,Austin Peay,111,1,6:32,1592,1892,Terry Taylor missed Jumper.,21,13,8,12,0.5468417713762733,0.7369924260000547,5,6,-6,138,"c(""Andrew Walton"", "" Scott Tierney"", "" Kevin Driver"")","Cape Girardeau, MO",Show Me Center,7000,279,NA,NA,Austin Peay,missed,Terry Taylor,NA,FALSE,FALSE,Austin Peay,Austin Peay,FALSE
401280296,2021-02-16,Southeast Missouri State,Austin Peay,112,1,6:32,1592,1892,Carlos Paez Offensive Rebound.,21,13,8,0,0.5468417713762733,0.7369924260000547,5,6,-6,138,"c(""Andrew Walton"", "" Scott Tierney"", "" Kevin Driver"")","Cape Girardeau, MO",Show Me Center,7000,279,NA,NA,NA,NA,NA,NA,NA,NA,Austin Peay,Austin Peay,FALSE
401280296,2021-02-16,Southeast Missouri State,Austin Peay,113,1,6:27,1587,1887,Tai'Reon Joseph made Three Point Jumper. Assisted by Carlos Paez.,21,16,5,5,0.45113776171435016,0.6559645922904116,5,6,-6,138,"c(""Andrew Walton"", "" Scott Tierney"", "" Kevin Driver"")","Cape Girardeau, MO",Show Me Center,7000,279,NA,NA,Austin Peay,made,Tai'Reon Joseph,Carlos Paez,TRUE,FALSE,Austin Peay,Southeast Missouri State,FALSE
401280296,2021-02-16,Southeast Missouri State,Austin Peay,114,1,6:14,1574,1874,DQ Nicholas Turnover.,21,16,5,13,0.45269357684647216,0.6567680872736843,5,6,-6,138,"c(""Andrew Walton"", "" Scott Tierney"", "" Kevin Driver"")","Cape Girardeau, MO",Show Me Center,7000,279,NA,NA,NA,NA,NA,NA,NA,NA,Southeast Missouri State,Austin Peay,FALSE
401280296,2021-02-16,Southeast Missouri State,Austin Peay,115,1,6:12,1572,1872,Alec Woodard Steal.,21,16,5,2,0.4529339974591721,0.6568920966971669,5,6,-6,138,"c(""Andrew Walton"", "" Scott Tierney"", "" Kevin Driver"")","Cape Girardeau, MO",Show Me Center,7000,279,NA,NA,NA,NA,NA,NA,NA,NA,Southeast Missouri State,Austin Peay,FALSE
401280296,2021-02-16,Southeast Missouri State,Austin Peay,116,1,6:10,1570,1870,Alec Woodard made Layup.,21,18,3,2,0.38986925526944105,0.5962864018946599,5,6,-6,138,"c(""Andrew Walton"", "" Scott Tierney"", "" Kevin Driver"")","Cape Girardeau, MO",Show Me Center,7000,279,NA,NA,Austin Peay,made,Alec Woodard,NA,FALSE,FALSE,Austin Peay,Southeast Missouri State,FALSE
401280296,2021-02-16,Southeast Missouri State,Austin Peay,117,1,6:10,1570,1870,Southeast Missouri State  Timeout,21,18,3,0,0.38986925526944105,0.5962864018946599,5,5,-6,138,"c(""Andrew Walton"", "" Scott Tierney"", "" Kevin Driver"")","Cape Girardeau, MO",Show Me Center,7000,279,NA,NA,NA,NA,NA,NA,NA,NA,Austin Peay,Southeast Missouri State,FALSE
401280296,2021-02-16,Southeast Missouri State,Austin Peay,118,1,5:59,1559,1859,Nana Akenten Turnover.,21,18,3,11,0.3908562350442451,0.5967259795359117,5,5,-6,138,"c(""Andrew Walton"", "" Scott Tierney"", "" Kevin Driver"")","Cape Girardeau, MO",Show Me Center,7000,279,NA,NA,NA,NA,NA,NA,NA,NA,Southeast Missouri State,Austin Peay,FALSE
401280296,2021-02-16,Southeast Missouri State,Austin Peay,119,1,5:43,1543,1843,Tai'Reon Joseph missed Layup.,21,18,3,16,0.3923058701569677,0.5973729562093391,5,5,-6,138,"c(""Andrew Walton"", "" Scott Tierney"", "" Kevin Driver"")","Cape Girardeau, MO",Show Me Center,7000,279,NA,NA,Austin Peay,missed,Tai'Reon Joseph,NA,FALSE,FALSE,Austin Peay,Austin Peay,FALSE
401280296,2021-02-16,Southeast Missouri State,Austin Peay,120,1,5:43,1543,1843,Manny Patterson Block.,21,18,3,0,0.3923058701569677,0.5973729562093391,5,5,-6,138,"c(""Andrew Walton"", "" Scott Tierney"", "" Kevin Driver"")","Cape Girardeau, MO",Show Me Center,7000,279,NA,NA,NA,NA,NA,NA,NA,NA,Austin Peay,Austin Peay,FALSE
401280296,2021-02-16,Southeast Missouri State,Austin Peay,121,1,5:43,1543,1843,Austin Peay Offensive Rebound.,21,18,3,0,0.3923058701569677,0.5973729562093391,5,5,-6,138,"c(""Andrew Walton"", "" Scott Tierney"", "" Kevin Driver"")","Cape Girardeau, MO",Show Me Center,7000,279,NA,NA,NA,NA,NA,NA,NA,NA,Austin Peay,Austin Peay,FALSE
401280296,2021-02-16,Southeast Missouri State,Austin Peay,122,1,5:36,1536,1836,Reginald Gee missed Jumper.,21,18,3,7,0.39294567992146606,0.5976595596767214,5,5,-6,138,"c(""Andrew Walton"", "" Scott Tierney"", "" Kevin Driver"")","Cape Girardeau, MO",Show Me Center,7000,279,NA,NA,Austin Peay,missed,Reginald Gee,NA,FALSE,FALSE,Austin Peay,Austin Peay,FALSE
401280296,2021-02-16,Southeast Missouri State,Austin Peay,123,1,5:36,1536,1836,Terry Taylor Offensive Rebound.,21,18,3,0,0.39294567992146606,0.5976595596767214,5,5,-6,138,"c(""Andrew Walton"", "" Scott Tierney"", "" Kevin Driver"")","Cape Girardeau, MO",Show Me Center,7000,279,NA,NA,NA,NA,NA,NA,NA,NA,Austin Peay,Austin Peay,FALSE
401280296,2021-02-16,Southeast Missouri State,Austin Peay,124,1,5:36,1536,1836,Foul on Eric Reed Jr..,21,18,3,0,0.39294567992146606,0.5976595596767214,5,5,-6,138,"c(""Andrew Walton"", "" Scott Tierney"", "" Kevin Driver"")","Cape Girardeau, MO",Show Me Center,7000,279,NA,NA,NA,NA,NA,NA,NA,NA,Austin Peay,Austin Peay,FALSE
401280296,2021-02-16,Southeast Missouri State,Austin Peay,125,1,5:36,1536,1836,Terry Taylor made Free Throw.,21,19,2,0,0.3619629584071468,0.5655739032297871,5,5,-6,138,"c(""Andrew Walton"", "" Scott Tierney"", "" Kevin Driver"")","Cape Girardeau, MO",Show Me Center,7000,279,NA,NA,Austin Peay,made,Terry Taylor,NA,FALSE,TRUE,Austin Peay,Austin Peay,FALSE
401280296,2021-02-16,Southeast Missouri State,Austin Peay,126,1,5:36,1536,1836,Terry Taylor made Free Throw.,21,20,1,0,0.33208676006762905,0.5329291590523828,5,5,-6,138,"c(""Andrew Walton"", "" Scott Tierney"", "" Kevin Driver"")","Cape Girardeau, MO",Show Me Center,7000,279,NA,NA,Austin Peay,made,Terry Taylor,NA,FALSE,TRUE,Austin Peay,Southeast Missouri State,FALSE
401280296,2021-02-16,Southeast Missouri State,Austin Peay,127,1,5:22,1522,1822,Manny Patterson missed Layup.,21,20,1,14,0.3329291920327546,0.5331297187092499,5,5,-6,138,"c(""Andrew Walton"", "" Scott Tierney"", "" Kevin Driver"")","Cape Girardeau, MO",Show Me Center,7000,279,NA,NA,Southeast Missouri State,missed,Manny Patterson,NA,FALSE,FALSE,Southeast Missouri State,Southeast Missouri State,FALSE
401280296,2021-02-16,Southeast Missouri State,Austin Peay,128,1,5:22,1522,1822,Manny Patterson Offensive Rebound.,21,20,1,0,0.3329291920327546,0.5331297187092499,5,5,-6,138,"c(""Andrew Walton"", "" Scott Tierney"", "" Kevin Driver"")","Cape Girardeau, MO",Show Me Center,7000,279,NA,NA,NA,NA,NA,NA,NA,NA,Southeast Missouri State,Southeast Missouri State,FALSE
401280296,2021-02-16,Southeast Missouri State,Austin Peay,129,1,5:19,1519,1819,Manny Patterson missed Layup.,21,20,1,3,0.3331105480999962,0.5331732364658628,5,5,-6,138,"c(""Andrew Walton"", "" Scott Tierney"", "" Kevin Driver"")","Cape Girardeau, MO",Show Me Center,7000,279,NA,NA,Southeast Missouri State,missed,Manny Patterson,NA,FALSE,FALSE,Southeast Missouri State,Southeast Missouri State,FALSE
401280296,2021-02-16,Southeast Missouri State,Austin Peay,130,1,5:19,1519,1819,Manny Patterson Offensive Rebound.,21,20,1,0,0.3331105480999962,0.5331732364658628,5,5,-6,138,"c(""Andrew Walton"", "" Scott Tierney"", "" Kevin Driver"")","Cape Girardeau, MO",Show Me Center,7000,279,NA,NA,NA,NA,NA,NA,NA,NA,Southeast Missouri State,Southeast Missouri State,FALSE
401280296,2021-02-16,Southeast Missouri State,Austin Peay,131,1,5:17,1517,1817,Manny Patterson made Layup.,23,20,3,2,0.39470086552975,0.5984511113328203,5,5,-6,138,"c(""Andrew Walton"", "" Scott Tierney"", "" Kevin Driver"")","Cape Girardeau, MO",Show Me Center,7000,279,NA,NA,Southeast Missouri State,made,Manny Patterson,NA,FALSE,FALSE,Southeast Missouri State,Austin Peay,FALSE
401280296,2021-02-16,Southeast Missouri State,Austin Peay,132,1,4:54,1494,1794,Carlos Paez Turnover.,23,20,3,23,0.39686504959467434,0.5994421712926228,5,5,-6,138,"c(""Andrew Walton"", "" Scott Tierney"", "" Kevin Driver"")","Cape Girardeau, MO",Show Me Center,7000,279,NA,NA,NA,NA,NA,NA,NA,NA,Austin Peay,Southeast Missouri State,FALSE
401280296,2021-02-16,Southeast Missouri State,Austin Peay,133,1,4:52,1492,1792,DQ Nicholas Steal.,23,20,3,2,0.3970554322629189,0.5995303399013193,5,5,-6,138,"c(""Andrew Walton"", "" Scott Tierney"", "" Kevin Driver"")","Cape Girardeau, MO",Show Me Center,7000,279,NA,NA,NA,NA,NA,NA,NA,NA,Austin Peay,Southeast Missouri State,FALSE
401280296,2021-02-16,Southeast Missouri State,Austin Peay,134,1,4:48,1488,1788,Eric Reed Jr. missed Layup.,23,20,3,4,0.397437297404944,0.5997077231065487,5,5,-6,138,"c(""Andrew Walton"", "" Scott Tierney"", "" Kevin Driver"")","Cape Girardeau, MO",Show Me Center,7000,279,NA,NA,Southeast Missouri State,missed,Eric Reed Jr.,NA,FALSE,FALSE,Southeast Missouri State,Austin Peay,FALSE
401280296,2021-02-16,Southeast Missouri State,Austin Peay,135,1,4:48,1488,1788,Reginald Gee Defensive Rebound.,23,20,3,0,0.397437297404944,0.5997077231065487,5,5,-6,138,"c(""Andrew Walton"", "" Scott Tierney"", "" Kevin Driver"")","Cape Girardeau, MO",Show Me Center,7000,279,NA,NA,NA,NA,NA,NA,NA,NA,Southeast Missouri State,Austin Peay,FALSE
401280296,2021-02-16,Southeast Missouri State,Austin Peay,136,1,4:30,1470,1770,Terry Taylor made Three Point Jumper. Assisted by Carlos Paez.,23,23,0,18,0.30649506068264604,0.5,5,5,-6,138,"c(""Andrew Walton"", "" Scott Tierney"", "" Kevin Driver"")","Cape Girardeau, MO",Show Me Center,7000,279,NA,NA,Austin Peay,made,Terry Taylor,Carlos Paez,TRUE,FALSE,Austin Peay,Southeast Missouri State,FALSE
401280296,2021-02-16,Southeast Missouri State,Austin Peay,137,1,4:17,1457,1757,Foul on Mike Peake.,23,23,0,13,0.30708343120784576,0.5,5,5,-6,138,"c(""Andrew Walton"", "" Scott Tierney"", "" Kevin Driver"")","Cape Girardeau, MO",Show Me Center,7000,279,NA,NA,NA,NA,NA,NA,NA,NA,Southeast Missouri State,Southeast Missouri State,FALSE
401280296,2021-02-16,Southeast Missouri State,Austin Peay,138,1,4:07,1447,1747,DQ Nicholas made Jumper. Assisted by Eric Reed Jr..,25,23,2,10,0.3689170033243063,0.5682717913918622,5,5,-6,138,"c(""Andrew Walton"", "" Scott Tierney"", "" Kevin Driver"")","Cape Girardeau, MO",Show Me Center,7000,279,NA,NA,Southeast Missouri State,made,DQ Nicholas,Eric Reed Jr,FALSE,FALSE,Southeast Missouri State,Austin Peay,FALSE
401280296,2021-02-16,Southeast Missouri State,Austin Peay,139,1,3:55,1435,1735,Foul on Nate Johnson.,25,23,2,12,0.36988378158121893,0.5686610417117017,5,5,-6,138,"c(""Andrew Walton"", "" Scott Tierney"", "" Kevin Driver"")","Cape Girardeau, MO",Show Me Center,7000,279,NA,NA,NA,NA,NA,NA,NA,NA,Austin Peay,Austin Peay,FALSE
401280296,2021-02-16,Southeast Missouri State,Austin Peay,140,1,3:55,1435,1735,Terry Taylor made Free Throw.,25,24,1,0,0.3382929758148537,0.534493910773958,5,5,-6,138,"c(""Andrew Walton"", "" Scott Tierney"", "" Kevin Driver"")","Cape Girardeau, MO",Show Me Center,7000,279,NA,NA,Austin Peay,made,Terry Taylor,NA,FALSE,TRUE,Austin Peay,Austin Peay,FALSE
401280296,2021-02-16,Southeast Missouri State,Austin Peay,141,1,3:55,1435,1735,Terry Taylor missed Free Throw.,25,24,1,0,0.3382929758148537,0.534493910773958,5,5,-6,138,"c(""Andrew Walton"", "" Scott Tierney"", "" Kevin Driver"")","Cape Girardeau, MO",Show Me Center,7000,279,NA,NA,Austin Peay,missed,Terry Taylor,NA,FALSE,TRUE,Austin Peay,Southeast Missouri State,FALSE
401280296,2021-02-16,Southeast Missouri State,Austin Peay,142,1,3:55,1435,1735,Nate Johnson Defensive Rebound.,25,24,1,0,0.3382929758148537,0.534493910773958,5,5,-6,138,"c(""Andrew Walton"", "" Scott Tierney"", "" Kevin Driver"")","Cape Girardeau, MO",Show Me Center,7000,279,NA,NA,NA,NA,NA,NA,NA,NA,Austin Peay,Southeast Missouri State,FALSE
401280296,2021-02-16,Southeast Missouri State,Austin Peay,143,1,3:38,1418,1718,Eric Reed Jr. missed Three Point Jumper.,25,24,1,17,0.3393619796317463,0.534765886565718,5,5,-6,138,"c(""Andrew Walton"", "" Scott Tierney"", "" Kevin Driver"")","Cape Girardeau, MO",Show Me Center,7000,279,NA,NA,Southeast Missouri State,missed,Eric Reed Jr.,NA,TRUE,FALSE,Southeast Missouri State,Austin Peay,FALSE
401280296,2021-02-16,Southeast Missouri State,Austin Peay,144,1,3:38,1418,1718,Elton Walker Defensive Rebound.,25,24,1,0,0.3393619796317463,0.534765886565718,5,5,-6,138,"c(""Andrew Walton"", "" Scott Tierney"", "" Kevin Driver"")","Cape Girardeau, MO",Show Me Center,7000,279,NA,NA,NA,NA,NA,NA,NA,NA,Southeast Missouri State,Austin Peay,FALSE
401280296,2021-02-16,Southeast Missouri State,Austin Peay,145,1,3:31,1411,1711,Foul on Dylan Branson.,25,24,1,7,0.33980405499176874,0.534875752583377,5,5,-6,138,"c(""Andrew Walton"", "" Scott Tierney"", "" Kevin Driver"")","Cape Girardeau, MO",Show Me Center,7000,279,NA,NA,NA,NA,NA,NA,NA,NA,Austin Peay,Austin Peay,FALSE
401280296,2021-02-16,Southeast Missouri State,Austin Peay,146,1,3:31,1411,1711,Reginald Gee made Free Throw.,25,25,0,0,0.3091924348743448,0.5,5,5,-6,138,"c(""Andrew Walton"", "" Scott Tierney"", "" Kevin Driver"")","Cape Girardeau, MO",Show Me Center,7000,279,NA,NA,Austin Peay,made,Reginald Gee,NA,FALSE,TRUE,Austin Peay,Austin Peay,FALSE
401280296,2021-02-16,Southeast Missouri State,Austin Peay,147,1,3:31,1411,1711,Reginald Gee made Free Throw.,25,26,-1,0,0.28016821523955315,0.46512424741662284,5,5,-6,138,"c(""Andrew Walton"", "" Scott Tierney"", "" Kevin Driver"")","Cape Girardeau, MO",Show Me Center,7000,279,NA,NA,Austin Peay,made,Reginald Gee,NA,FALSE,TRUE,Austin Peay,Southeast Missouri State,FALSE
401280296,2021-02-16,Southeast Missouri State,Austin Peay,148,1,3:06,1386,1686,Dylan Branson missed Three Point Jumper.,25,26,-1,25,0.2809708421873916,0.4647387830704231,5,5,-6,138,"c(""Andrew Walton"", "" Scott Tierney"", "" Kevin Driver"")","Cape Girardeau, MO",Show Me Center,7000,279,NA,NA,Southeast Missouri State,missed,Dylan Branson,NA,TRUE,FALSE,Southeast Missouri State,Austin Peay,FALSE
401280296,2021-02-16,Southeast Missouri State,Austin Peay,149,1,3:06,1386,1686,Reginald Gee Defensive Rebound.,25,26,-1,0,0.2809708421873916,0.4647387830704231,5,5,-6,138,"c(""Andrew Walton"", "" Scott Tierney"", "" Kevin Driver"")","Cape Girardeau, MO",Show Me Center,7000,279,NA,NA,NA,NA,NA,NA,NA,NA,Southeast Missouri State,Austin Peay,FALSE
401280296,2021-02-16,Southeast Missouri State,Austin Peay,150,1,2:50,1370,1670,Terry Taylor missed Three Point Jumper.,25,26,-1,16,0.28149695064866803,0.46449518583752314,5,5,-6,138,"c(""Andrew Walton"", "" Scott Tierney"", "" Kevin Driver"")","Cape Girardeau, MO",Show Me Center,7000,279,NA,NA,Austin Peay,missed,Terry Taylor,NA,TRUE,FALSE,Austin Peay,Southeast Missouri State,FALSE
401280296,2021-02-16,Southeast Missouri State,Austin Peay,151,1,2:50,1370,1670,Nate Johnson Defensive Rebound.,25,26,-1,0,0.28149695064866803,0.46449518583752314,5,5,-6,138,"c(""Andrew Walton"", "" Scott Tierney"", "" Kevin Driver"")","Cape Girardeau, MO",Show Me Center,7000,279,NA,NA,NA,NA,NA,NA,NA,NA,Austin Peay,Southeast Missouri State,FALSE
401280296,2021-02-16,Southeast Missouri State,Austin Peay,152,1,2:43,1363,1663,Foul on Terry Taylor.,25,26,-1,7,0.28172936193195913,0.4643887423188608,5,5,-6,138,"c(""Andrew Walton"", "" Scott Tierney"", "" Kevin Driver"")","Cape Girardeau, MO",Show Me Center,7000,279,NA,NA,NA,NA,NA,NA,NA,NA,Southeast Missouri State,Southeast Missouri State,FALSE
401280296,2021-02-16,Southeast Missouri State,Austin Peay,153,1,2:43,1363,1663,Nate Johnson missed Free Throw.,25,26,-1,0,0.28172936193195913,0.4643887423188608,5,5,-6,138,"c(""Andrew Walton"", "" Scott Tierney"", "" Kevin Driver"")","Cape Girardeau, MO",Show Me Center,7000,279,NA,NA,Southeast Missouri State,missed,Nate Johnson,NA,FALSE,TRUE,Southeast Missouri State,Southeast Missouri State,FALSE
401280296,2021-02-16,Southeast Missouri State,Austin Peay,154,1,2:43,1363,1663,Southeast Missouri State Deadball Team Rebound.,25,26,-1,0,0.28172936193195913,0.4643887423188608,5,5,-6,138,"c(""Andrew Walton"", "" Scott Tierney"", "" Kevin Driver"")","Cape Girardeau, MO",Show Me Center,7000,279,NA,NA,NA,NA,NA,NA,NA,NA,Southeast Missouri State,Southeast Missouri State,FALSE
401280296,2021-02-16,Southeast Missouri State,Austin Peay,155,1,2:43,1363,1663,Nate Johnson made Free Throw.,26,26,0,0,0.3114792127859271,0.5,5,5,-6,138,"c(""Andrew Walton"", "" Scott Tierney"", "" Kevin Driver"")","Cape Girardeau, MO",Show Me Center,7000,279,NA,NA,Southeast Missouri State,made,Nate Johnson,NA,FALSE,TRUE,Southeast Missouri State,Austin Peay,FALSE
401280296,2021-02-16,Southeast Missouri State,Austin Peay,156,1,2:25,1345,1645,Terry Taylor made Layup. Assisted by Carlos Paez.,26,28,-2,18,0.2541275108651989,0.42859560120973195,5,5,-6,138,"c(""Andrew Walton"", "" Scott Tierney"", "" Kevin Driver"")","Cape Girardeau, MO",Show Me Center,7000,279,NA,NA,Austin Peay,made,Terry Taylor,Carlos Paez,FALSE,FALSE,Austin Peay,Southeast Missouri State,FALSE
401280296,2021-02-16,Southeast Missouri State,Austin Peay,157,1,2:06,1326,1626,Nate Johnson Turnover.,26,28,-2,19,0.25450050857825657,0.42801584334677195,5,5,-6,138,"c(""Andrew Walton"", "" Scott Tierney"", "" Kevin Driver"")","Cape Girardeau, MO",Show Me Center,7000,279,NA,NA,NA,NA,NA,NA,NA,NA,Southeast Missouri State,Austin Peay,FALSE
401280296,2021-02-16,Southeast Missouri State,Austin Peay,158,1,2:03,1323,1623,Reginald Gee Steal.,26,28,-2,3,0.2545589282493545,0.427923096728241,5,5,-6,138,"c(""Andrew Walton"", "" Scott Tierney"", "" Kevin Driver"")","Cape Girardeau, MO",Show Me Center,7000,279,NA,NA,NA,NA,NA,NA,NA,NA,Southeast Missouri State,Austin Peay,FALSE
401280296,2021-02-16,Southeast Missouri State,Austin Peay,159,1,2:01,1321,1621,Reginald Gee made Layup.,26,30,-4,2,0.2034576383897285,0.35866415232341026,5,5,-6,138,"c(""Andrew Walton"", "" Scott Tierney"", "" Kevin Driver"")","Cape Girardeau, MO",Show Me Center,7000,279,NA,NA,Austin Peay,made,Reginald Gee,NA,FALSE,FALSE,Austin Peay,Southeast Missouri State,FALSE
401280296,2021-02-16,Southeast Missouri State,Austin Peay,160,1,1:48,1308,1608,DQ Nicholas missed Three Point Jumper.,26,30,-4,13,0.20340052554637825,0.3578972599362232,5,5,-6,138,"c(""Andrew Walton"", "" Scott Tierney"", "" Kevin Driver"")","Cape Girardeau, MO",Show Me Center,7000,279,NA,NA,Southeast Missouri State,missed,DQ Nicholas,NA,TRUE,FALSE,Southeast Missouri State,Austin Peay,FALSE
401280296,2021-02-16,Southeast Missouri State,Austin Peay,161,1,1:48,1308,1608,Reginald Gee Defensive Rebound.,26,30,-4,0,0.20340052554637825,0.3578972599362232,5,5,-6,138,"c(""Andrew Walton"", "" Scott Tierney"", "" Kevin Driver"")","Cape Girardeau, MO",Show Me Center,7000,279,NA,NA,NA,NA,NA,NA,NA,NA,Southeast Missouri State,Austin Peay,FALSE
401280296,2021-02-16,Southeast Missouri State,Austin Peay,162,1,1:42,1302,1602,Reginald Gee made Layup.,26,32,-6,6,0.15997743630309327,0.29336373535343147,5,5,-6,138,"c(""Andrew Walton"", "" Scott Tierney"", "" Kevin Driver"")","Cape Girardeau, MO",Show Me Center,7000,279,NA,NA,Austin Peay,made,Reginald Gee,NA,FALSE,FALSE,Austin Peay,Southeast Missouri State,FALSE
401280296,2021-02-16,Southeast Missouri State,Austin Peay,163,1,1:42,1302,1602,Foul on Chris Harris.,26,32,-6,0,0.15997743630309327,0.29336373535343147,5,5,-6,138,"c(""Andrew Walton"", "" Scott Tierney"", "" Kevin Driver"")","Cape Girardeau, MO",Show Me Center,7000,279,NA,NA,NA,NA,NA,NA,NA,NA,Austin Peay,Austin Peay,FALSE
401280296,2021-02-16,Southeast Missouri State,Austin Peay,164,1,1:42,1302,1602,Reginald Gee made Free Throw.,26,33,-7,0,0.14125404770404326,0.26393415226939154,5,5,-6,138,"c(""Andrew Walton"", "" Scott Tierney"", "" Kevin Driver"")","Cape Girardeau, MO",Show Me Center,7000,279,NA,NA,Austin Peay,made,Reginald Gee,NA,FALSE,TRUE,Austin Peay,Southeast Missouri State,FALSE
401280296,2021-02-16,Southeast Missouri State,Austin Peay,165,1,1:18,1278,1578,Foul on Carlos Paez.,26,33,-7,24,0.14055180179727408,0.2617390670848057,5,5,-6,138,"c(""Andrew Walton"", "" Scott Tierney"", "" Kevin Driver"")","Cape Girardeau, MO",Show Me Center,7000,279,NA,NA,NA,NA,NA,NA,NA,NA,Southeast Missouri State,Southeast Missouri State,FALSE
401280296,2021-02-16,Southeast Missouri State,Austin Peay,166,1,1:18,1278,1578,DQ Nicholas made Free Throw.,27,33,-6,0,0.15941612345181105,0.29135471066480156,5,5,-6,138,"c(""Andrew Walton"", "" Scott Tierney"", "" Kevin Driver"")","Cape Girardeau, MO",Show Me Center,7000,279,NA,NA,Southeast Missouri State,made,DQ Nicholas,NA,FALSE,TRUE,Southeast Missouri State,Southeast Missouri State,FALSE
401280296,2021-02-16,Southeast Missouri State,Austin Peay,167,1,1:18,1278,1578,DQ Nicholas made Free Throw.,28,33,-5,0,0.18028124111086,0.32285589390888364,5,5,-6,138,"c(""Andrew Walton"", "" Scott Tierney"", "" Kevin Driver"")","Cape Girardeau, MO",Show Me Center,7000,279,NA,NA,Southeast Missouri State,made,DQ Nicholas,NA,FALSE,TRUE,Southeast Missouri State,Austin Peay,FALSE
401280296,2021-02-16,Southeast Missouri State,Austin Peay,168,1,1:13,1273,1573,Carlos Paez Turnover.,28,33,-5,5,0.18019345427862948,0.32247410568020995,5,5,-6,138,"c(""Andrew Walton"", "" Scott Tierney"", "" Kevin Driver"")","Cape Girardeau, MO",Show Me Center,7000,279,NA,NA,NA,NA,NA,NA,NA,NA,Austin Peay,Southeast Missouri State,FALSE
401280296,2021-02-16,Southeast Missouri State,Austin Peay,169,1,1:11,1271,1571,DQ Nicholas Steal.,28,33,-5,2,0.18015737687849562,0.3223200150065408,5,5,-6,138,"c(""Andrew Walton"", "" Scott Tierney"", "" Kevin Driver"")","Cape Girardeau, MO",Show Me Center,7000,279,NA,NA,NA,NA,NA,NA,NA,NA,Austin Peay,Southeast Missouri State,FALSE
401280296,2021-02-16,Southeast Missouri State,Austin Peay,170,1,1:09,1269,1569,Nana Akenten missed Three Point Jumper.,28,33,-5,2,0.18012073024206016,0.32216511357942756,5,5,-6,138,"c(""Andrew Walton"", "" Scott Tierney"", "" Kevin Driver"")","Cape Girardeau, MO",Show Me Center,7000,279,NA,NA,Southeast Missouri State,missed,Nana Akenten,NA,TRUE,FALSE,Southeast Missouri State,Austin Peay,FALSE
401280296,2021-02-16,Southeast Missouri State,Austin Peay,171,1,1:09,1269,1569,Carlos Paez Defensive Rebound.,28,33,-5,0,0.18012073024206016,0.32216511357942756,5,5,-6,138,"c(""Andrew Walton"", "" Scott Tierney"", "" Kevin Driver"")","Cape Girardeau, MO",Show Me Center,7000,279,NA,NA,NA,NA,NA,NA,NA,NA,Southeast Missouri State,Austin Peay,FALSE
401280296,2021-02-16,Southeast Missouri State,Austin Peay,172,1,1:01,1261,1561,Reginald Gee made Three Point Jumper. Assisted by Carlos Paez.,28,36,-8,8,0.12297081982366956,0.2324109779302949,5,5,-6,138,"c(""Andrew Walton"", "" Scott Tierney"", "" Kevin Driver"")","Cape Girardeau, MO",Show Me Center,7000,279,NA,NA,Austin Peay,made,Reginald Gee,Carlos Paez,TRUE,FALSE,Austin Peay,Southeast Missouri State,FALSE
401280296,2021-02-16,Southeast Missouri State,Austin Peay,173,1,0:44,1244,1544,DQ Nicholas Turnover.,28,36,-8,17,0.12229921970616105,0.23060385237941836,5,5,-6,138,"c(""Andrew Walton"", "" Scott Tierney"", "" Kevin Driver"")","Cape Girardeau, MO",Show Me Center,7000,279,NA,NA,NA,NA,NA,NA,NA,NA,Southeast Missouri State,Austin Peay,FALSE
401280296,2021-02-16,Southeast Missouri State,Austin Peay,174,1,0:43,1243,1543,Alec Woodard Steal.,28,36,-8,1,0.12225795477099187,0.23049482988063066,5,5,-6,138,"c(""Andrew Walton"", "" Scott Tierney"", "" Kevin Driver"")","Cape Girardeau, MO",Show Me Center,7000,279,NA,NA,NA,NA,NA,NA,NA,NA,Southeast Missouri State,Austin Peay,FALSE
401280296,2021-02-16,Southeast Missouri State,Austin Peay,175,1,0:40,1240,1540,Reginald Gee made Three Point Jumper. Assisted by Alec Woodard.,28,39,-11,3,0.081274813551583,0.1597431219168468,5,5,-6,138,"c(""Andrew Walton"", "" Scott Tierney"", "" Kevin Driver"")","Cape Girardeau, MO",Show Me Center,7000,279,NA,NA,Austin Peay,made,Reginald Gee,Alec Woodard,TRUE,FALSE,Austin Peay,Southeast Missouri State,FALSE
401280296,2021-02-16,Southeast Missouri State,Austin Peay,176,1,0:29,1229,1529,Chris Harris made Layup.,30,39,-9,11,0.1063464812024064,0.20324541293385984,5,5,-6,138,"c(""Andrew Walton"", "" Scott Tierney"", "" Kevin Driver"")","Cape Girardeau, MO",Show Me Center,7000,279,NA,NA,Southeast Missouri State,made,Chris Harris,NA,FALSE,FALSE,Southeast Missouri State,Austin Peay,FALSE
401280296,2021-02-16,Southeast Missouri State,Austin Peay,177,1,0:29,1229,1529,Foul on Reginald Gee.,30,39,-9,0,0.1063464812024064,0.20324541293385984,5,5,-6,138,"c(""Andrew Walton"", "" Scott Tierney"", "" Kevin Driver"")","Cape Girardeau, MO",Show Me Center,7000,279,NA,NA,NA,NA,NA,NA,NA,NA,Southeast Missouri State,Austin Peay,FALSE
401280296,2021-02-16,Southeast Missouri State,Austin Peay,178,1,0:29,1229,1529,Chris Harris made Free Throw.,31,39,-8,0,0.12165789638321578,0.22893403409034466,5,5,-6,138,"c(""Andrew Walton"", "" Scott Tierney"", "" Kevin Driver"")","Cape Girardeau, MO",Show Me Center,7000,279,NA,NA,Southeast Missouri State,made,Chris Harris,NA,FALSE,TRUE,Southeast Missouri State,Austin Peay,FALSE
401280296,2021-02-16,Southeast Missouri State,Austin Peay,179,1,0:05,1205,1505,Alec Woodard missed Layup.,31,39,-8,24,0.12052807586736496,0.22610347934644243,5,5,-6,138,"c(""Andrew Walton"", "" Scott Tierney"", "" Kevin Driver"")","Cape Girardeau, MO",Show Me Center,7000,279,NA,NA,Austin Peay,missed,Alec Woodard,NA,FALSE,FALSE,Austin Peay,Southeast Missouri State,FALSE
401280296,2021-02-16,Southeast Missouri State,Austin Peay,180,1,0:05,1205,1505,Nana Akenten Block.,31,39,-8,0,0.12052807586736496,0.22610347934644243,5,5,-6,138,"c(""Andrew Walton"", "" Scott Tierney"", "" Kevin Driver"")","Cape Girardeau, MO",Show Me Center,7000,279,NA,NA,NA,NA,NA,NA,NA,NA,Austin Peay,Southeast Missouri State,FALSE
401280296,2021-02-16,Southeast Missouri State,Austin Peay,181,1,0:01,1201,1501,Nygal Russell Defensive Rebound.,31,39,-8,4,0.12033645757704087,0.2256281377352615,5,5,-6,138,"c(""Andrew Walton"", "" Scott Tierney"", "" Kevin Driver"")","Cape Girardeau, MO",Show Me Center,7000,279,NA,NA,NA,NA,NA,NA,NA,NA,Austin Peay,Southeast Missouri State,FALSE
401280296,2021-02-16,Southeast Missouri State,Austin Peay,182,1,0:00,1200,1500,Eric Reed Jr. missed Layup.,31,39,-8,1,0.12028892867979382,0.22551001878002297,5,5,-6,138,"c(""Andrew Walton"", "" Scott Tierney"", "" Kevin Driver"")","Cape Girardeau, MO",Show Me Center,7000,279,NA,NA,Southeast Missouri State,missed,Eric Reed Jr.,NA,FALSE,FALSE,Southeast Missouri State,Austin Peay,FALSE
401280296,2021-02-16,Southeast Missouri State,Austin Peay,183,1,0:00,1200,1500,Eric Reed Jr. Offensive Rebound.,31,39,-8,0,0.12028892867979382,0.22551001878002297,5,5,-6,138,"c(""Andrew Walton"", "" Scott Tierney"", "" Kevin Driver"")","Cape Girardeau, MO",Show Me Center,7000,279,NA,NA,NA,NA,NA,NA,NA,NA,Southeast Missouri State,Austin Peay,FALSE
401280296,2021-02-16,Southeast Missouri State,Austin Peay,184,1,0:00,1200,1500,Eric Reed Jr. made Layup.,33,39,-6,0,0.15693175193634773,0.28386293076294067,5,5,-6,138,"c(""Andrew Walton"", "" Scott Tierney"", "" Kevin Driver"")","Cape Girardeau, MO",Show Me Center,7000,279,NA,NA,Southeast Missouri State,made,Eric Reed Jr.,NA,FALSE,FALSE,Southeast Missouri State,Austin Peay,FALSE
401280296,2021-02-16,Southeast Missouri State,Austin Peay,185,1,0:00,1200,1500,End of 1st half,31,39,-8,0,0.12028892867979382,0.22551001878002297,5,5,-6,138,"c(""Andrew Walton"", "" Scott Tierney"", "" Kevin Driver"")","Cape Girardeau, MO",Show Me Center,7000,279,NA,NA,NA,NA,NA,NA,NA,NA,Austin Peay,NA,TRUE
401280296,2021-02-16,Southeast Missouri State,Austin Peay,186,2,20:00,1200,1500,PLAY,31,39,-8,0,0.12028892867979382,0.22551001878002297,5,5,-6,138,"c(""Andrew Walton"", "" Scott Tierney"", "" Kevin Driver"")","Cape Girardeau, MO",Show Me Center,7000,279,NA,NA,NA,NA,NA,NA,NA,NA,NA,Southeast Missouri State,FALSE
401280296,2021-02-16,Southeast Missouri State,Austin Peay,187,2,19:45,1185,1485,Southeast Missouri State  Timeout,33,39,-6,15,0.15638978365853665,0.28234174327881045,5,4,-6,138,"c(""Andrew Walton"", "" Scott Tierney"", "" Kevin Driver"")","Cape Girardeau, MO",Show Me Center,7000,279,NA,NA,NA,NA,NA,NA,NA,NA,Southeast Missouri State,Southeast Missouri State,TRUE
401280296,2021-02-16,Southeast Missouri State,Austin Peay,188,2,19:32,1172,1472,Nana Akenten made Three Point Jumper. Assisted by Chris Harris.,36,39,-3,13,0.22808502811189407,0.3847073139520436,5,4,-6,138,"c(""Andrew Walton"", "" Scott Tierney"", "" Kevin Driver"")","Cape Girardeau, MO",Show Me Center,7000,279,NA,NA,Southeast Missouri State,made,Nana Akenten,Chris Harris,TRUE,FALSE,Southeast Missouri State,Austin Peay,FALSE
401280296,2021-02-16,Southeast Missouri State,Austin Peay,189,2,19:07,1147,1447,Reginald Gee Turnover.,36,39,-3,25,0.2280133735232963,0.383288999802295,5,4,-6,138,"c(""Andrew Walton"", "" Scott Tierney"", "" Kevin Driver"")","Cape Girardeau, MO",Show Me Center,7000,279,NA,NA,NA,NA,NA,NA,NA,NA,Austin Peay,Southeast Missouri State,FALSE
401280296,2021-02-16,Southeast Missouri State,Austin Peay,190,2,18:49,1129,1429,Manny Patterson Turnover.,36,39,-3,18,0.22796522727906698,0.3822771405756282,5,4,-6,138,"c(""Andrew Walton"", "" Scott Tierney"", "" Kevin Driver"")","Cape Girardeau, MO",Show Me Center,7000,279,NA,NA,NA,NA,NA,NA,NA,NA,Southeast Missouri State,Austin Peay,FALSE
401280296,2021-02-16,Southeast Missouri State,Austin Peay,191,2,18:19,1099,1399,Carlos Paez made Layup.,36,41,-5,30,0.17579325152144543,0.3074957538919334,5,4,-6,138,"c(""Andrew Walton"", "" Scott Tierney"", "" Kevin Driver"")","Cape Girardeau, MO",Show Me Center,7000,279,NA,NA,Austin Peay,made,Carlos Paez,NA,FALSE,FALSE,Austin Peay,Southeast Missouri State,FALSE
401280296,2021-02-16,Southeast Missouri State,Austin Peay,192,2,18:01,1081,1381,Manny Patterson Turnover.,36,41,-5,18,0.17530085662675052,0.30591642281803677,5,4,-6,138,"c(""Andrew Walton"", "" Scott Tierney"", "" Kevin Driver"")","Cape Girardeau, MO",Show Me Center,7000,279,NA,NA,NA,NA,NA,NA,NA,NA,Southeast Missouri State,Austin Peay,FALSE
401280296,2021-02-16,Southeast Missouri State,Austin Peay,193,2,18:01,1081,1381,Mike Peake Steal.,36,41,-5,0,0.17530085662675052,0.30591642281803677,5,4,-6,138,"c(""Andrew Walton"", "" Scott Tierney"", "" Kevin Driver"")","Cape Girardeau, MO",Show Me Center,7000,279,NA,NA,NA,NA,NA,NA,NA,NA,Southeast Missouri State,Austin Peay,FALSE
401280296,2021-02-16,Southeast Missouri State,Austin Peay,194,2,17:47,1067,1367,Carlos Paez made Jumper. Assisted by Tai'Reon Joseph.,36,43,-7,14,0.13222709934620527,0.23951855355463797,5,4,-6,138,"c(""Andrew Walton"", "" Scott Tierney"", "" Kevin Driver"")","Cape Girardeau, MO",Show Me Center,7000,279,NA,NA,Austin Peay,made,Carlos Paez,Tai'Reon Joseph,FALSE,FALSE,Austin Peay,Southeast Missouri State,FALSE
401280296,2021-02-16,Southeast Missouri State,Austin Peay,195,2,17:29,1049,1349,Foul on Tai'Reon Joseph.,36,43,-7,18,0.13142183661495582,0.23750093569954506,5,4,-6,138,"c(""Andrew Walton"", "" Scott Tierney"", "" Kevin Driver"")","Cape Girardeau, MO",Show Me Center,7000,279,NA,NA,NA,NA,NA,NA,NA,NA,Southeast Missouri State,Southeast Missouri State,FALSE
401280296,2021-02-16,Southeast Missouri State,Austin Peay,196,2,17:14,1034,1334,Nana Akenten missed Three Point Jumper.,36,43,-7,15,0.13070976448438532,0.23575306383058897,5,4,-6,138,"c(""Andrew Walton"", "" Scott Tierney"", "" Kevin Driver"")","Cape Girardeau, MO",Show Me Center,7000,279,NA,NA,Southeast Missouri State,missed,Nana Akenten,NA,TRUE,FALSE,Southeast Missouri State,Austin Peay,FALSE
401280296,2021-02-16,Southeast Missouri State,Austin Peay,197,2,17:14,1034,1334,Terry Taylor Defensive Rebound.,36,43,-7,0,0.13070976448438532,0.23575306383058897,5,4,-6,138,"c(""Andrew Walton"", "" Scott Tierney"", "" Kevin Driver"")","Cape Girardeau, MO",Show Me Center,7000,279,NA,NA,NA,NA,NA,NA,NA,NA,Southeast Missouri State,Austin Peay,FALSE
401280296,2021-02-16,Southeast Missouri State,Austin Peay,198,2,17:01,1021,1321,Reginald Gee Turnover.,36,43,-7,13,0.13005739125547286,0.23418063127007002,5,4,-6,138,"c(""Andrew Walton"", "" Scott Tierney"", "" Kevin Driver"")","Cape Girardeau, MO",Show Me Center,7000,279,NA,NA,NA,NA,NA,NA,NA,NA,Austin Peay,Southeast Missouri State,FALSE
401280296,2021-02-16,Southeast Missouri State,Austin Peay,199,2,17:01,1021,1321,Nana Akenten Steal.,36,43,-7,0,0.13005739125547286,0.23418063127007002,5,4,-6,138,"c(""Andrew Walton"", "" Scott Tierney"", "" Kevin Driver"")","Cape Girardeau, MO",Show Me Center,7000,279,NA,NA,NA,NA,NA,NA,NA,NA,Austin Peay,Southeast Missouri State,FALSE
401280296,2021-02-16,Southeast Missouri State,Austin Peay,200,2,17:01,1021,1321,Foul on Mike Peake.,36,43,-7,0,0.13005739125547286,0.23418063127007002,5,4,-6,138,"c(""Andrew Walton"", "" Scott Tierney"", "" Kevin Driver"")","Cape Girardeau, MO",Show Me Center,7000,279,NA,NA,NA,NA,NA,NA,NA,NA,Southeast Missouri State,Southeast Missouri State,FALSE
401280296,2021-02-16,Southeast Missouri State,Austin Peay,201,2,16:52,1012,1312,Foul on Elton Walker.,36,43,-7,9,0.12958440912985925,0.23305698297833974,5,4,-6,138,"c(""Andrew Walton"", "" Scott Tierney"", "" Kevin Driver"")","Cape Girardeau, MO",Show Me Center,7000,279,NA,NA,NA,NA,NA,NA,NA,NA,Southeast Missouri State,Southeast Missouri State,FALSE
401280296,2021-02-16,Southeast Missouri State,Austin Peay,202,2,16:52,1012,1312,Darrious Agnew missed Free Throw.,36,43,-7,0,0.12958440912985925,0.23305698297833974,5,4,-6,138,"c(""Andrew Walton"", "" Scott Tierney"", "" Kevin Driver"")","Cape Girardeau, MO",Show Me Center,7000,279,NA,NA,Southeast Missouri State,missed,Darrious Agnew,NA,FALSE,TRUE,Southeast Missouri State,Southeast Missouri State,FALSE
401280296,2021-02-16,Southeast Missouri State,Austin Peay,203,2,16:52,1012,1312,Southeast Missouri State Deadball Team Rebound.,36,43,-7,0,0.12958440912985925,0.23305698297833974,5,4,-6,138,"c(""Andrew Walton"", "" Scott Tierney"", "" Kevin Driver"")","Cape Girardeau, MO",Show Me Center,7000,279,NA,NA,NA,NA,NA,NA,NA,NA,Southeast Missouri State,Southeast Missouri State,FALSE
401280296,2021-02-16,Southeast Missouri State,Austin Peay,204,2,16:52,1012,1312,Darrious Agnew missed Free Throw.,36,43,-7,0,0.12958440912985925,0.23305698297833974,5,4,-6,138,"c(""Andrew Walton"", "" Scott Tierney"", "" Kevin Driver"")","Cape Girardeau, MO",Show Me Center,7000,279,NA,NA,Southeast Missouri State,missed,Darrious Agnew,NA,FALSE,TRUE,Southeast Missouri State,Southeast Missouri State,FALSE
401280296,2021-02-16,Southeast Missouri State,Austin Peay,205,2,16:52,1012,1312,Terry Taylor Defensive Rebound.,36,43,-7,0,0.12958440912985925,0.23305698297833974,5,4,-6,138,"c(""Andrew Walton"", "" Scott Tierney"", "" Kevin Driver"")","Cape Girardeau, MO",Show Me Center,7000,279,NA,NA,NA,NA,NA,NA,NA,NA,Southeast Missouri State,Southeast Missouri State,FALSE
401280296,2021-02-16,Southeast Missouri State,Austin Peay,206,2,16:30,990,1290,Foul on Darrious Agnew.,36,43,-7,22,0.12834611958763592,0.23017490022821624,5,4,-6,138,"c(""Andrew Walton"", "" Scott Tierney"", "" Kevin Driver"")","Cape Girardeau, MO",Show Me Center,7000,279,NA,NA,NA,NA,NA,NA,NA,NA,Austin Peay,Austin Peay,FALSE
401280296,2021-02-16,Southeast Missouri State,Austin Peay,207,2,16:30,990,1290,Terry Taylor made Free Throw.,36,44,-8,0,0.11025524067770967,0.20104132627718738,5,4,-6,138,"c(""Andrew Walton"", "" Scott Tierney"", "" Kevin Driver"")","Cape Girardeau, MO",Show Me Center,7000,279,NA,NA,Austin Peay,made,Terry Taylor,NA,FALSE,TRUE,Austin Peay,Austin Peay,FALSE
401280296,2021-02-16,Southeast Missouri State,Austin Peay,208,2,16:30,990,1290,Terry Taylor missed Free Throw.,36,44,-8,0,0.11025524067770967,0.20104132627718738,5,4,-6,138,"c(""Andrew Walton"", "" Scott Tierney"", "" Kevin Driver"")","Cape Girardeau, MO",Show Me Center,7000,279,NA,NA,Austin Peay,missed,Terry Taylor,NA,FALSE,TRUE,Austin Peay,Southeast Missouri State,FALSE
401280296,2021-02-16,Southeast Missouri State,Austin Peay,209,2,16:30,990,1290,Nana Akenten Defensive Rebound.,36,44,-8,0,0.11025524067770967,0.20104132627718738,5,4,-6,138,"c(""Andrew Walton"", "" Scott Tierney"", "" Kevin Driver"")","Cape Girardeau, MO",Show Me Center,7000,279,NA,NA,NA,NA,NA,NA,NA,NA,Austin Peay,Southeast Missouri State,FALSE
401280296,2021-02-16,Southeast Missouri State,Austin Peay,210,2,16:17,977,1277,Chris Harris Turnover.,36,44,-8,13,0.10941869565334474,0.1991749958174757,5,4,-6,138,"c(""Andrew Walton"", "" Scott Tierney"", "" Kevin Driver"")","Cape Girardeau, MO",Show Me Center,7000,279,NA,NA,NA,NA,NA,NA,NA,NA,Southeast Missouri State,Austin Peay,FALSE
401280296,2021-02-16,Southeast Missouri State,Austin Peay,211,2,16:15,975,1275,Reginald Gee Steal.,36,44,-8,2,0.10928579371228724,0.19888078218473457,5,4,-6,138,"c(""Andrew Walton"", "" Scott Tierney"", "" Kevin Driver"")","Cape Girardeau, MO",Show Me Center,7000,279,NA,NA,NA,NA,NA,NA,NA,NA,Southeast Missouri State,Austin Peay,FALSE
401280296,2021-02-16,Southeast Missouri State,Austin Peay,212,2,16:15,975,1275,Foul on Eric Reed Jr..,36,44,-8,0,0.10928579371228724,0.19888078218473457,5,4,-6,138,"c(""Andrew Walton"", "" Scott Tierney"", "" Kevin Driver"")","Cape Girardeau, MO",Show Me Center,7000,279,NA,NA,NA,NA,NA,NA,NA,NA,Southeast Missouri State,Austin Peay,FALSE
401280296,2021-02-16,Southeast Missouri State,Austin Peay,213,2,16:13,973,1273,Elton Walker Turnover.,36,44,-8,2,0.10915173735861373,0.19858462059979634,5,4,-6,138,"c(""Andrew Walton"", "" Scott Tierney"", "" Kevin Driver"")","Cape Girardeau, MO",Show Me Center,7000,279,NA,NA,NA,NA,NA,NA,NA,NA,Austin Peay,Southeast Missouri State,FALSE
401280296,2021-02-16,Southeast Missouri State,Austin Peay,214,2,16:11,971,1271,DQ Nicholas Steal.,36,44,-8,2,0.10901651494013948,0.19828649087730654,5,4,-6,138,"c(""Andrew Walton"", "" Scott Tierney"", "" Kevin Driver"")","Cape Girardeau, MO",Show Me Center,7000,279,NA,NA,NA,NA,NA,NA,NA,NA,Austin Peay,Southeast Missouri State,FALSE
401280296,2021-02-16,Southeast Missouri State,Austin Peay,215,2,16:10,970,1270,DQ Nicholas Turnover.,36,44,-8,1,0.10894846284352183,0.1981366817063371,5,4,-6,138,"c(""Andrew Walton"", "" Scott Tierney"", "" Kevin Driver"")","Cape Girardeau, MO",Show Me Center,7000,279,NA,NA,NA,NA,NA,NA,NA,NA,Southeast Missouri State,Austin Peay,FALSE
401280296,2021-02-16,Southeast Missouri State,Austin Peay,216,2,16:10,970,1270,Alec Woodard Steal.,36,44,-8,0,0.10894846284352183,0.1981366817063371,5,4,-6,138,"c(""Andrew Walton"", "" Scott Tierney"", "" Kevin Driver"")","Cape Girardeau, MO",Show Me Center,7000,279,NA,NA,NA,NA,NA,NA,NA,NA,Southeast Missouri State,Austin Peay,FALSE
401280296,2021-02-16,Southeast Missouri State,Austin Peay,217,2,16:05,965,1265,Foul on DQ Nicholas.,36,44,-8,5,0.10861359914815606,0.19739841350921802,5,4,-6,138,"c(""Andrew Walton"", "" Scott Tierney"", "" Kevin Driver"")","Cape Girardeau, MO",Show Me Center,7000,279,NA,NA,NA,NA,NA,NA,NA,NA,Austin Peay,Austin Peay,FALSE
401280296,2021-02-16,Southeast Missouri State,Austin Peay,218,2,16:05,965,1265,Terry Taylor made Free Throw.,36,45,-9,0,0.09276680301033925,0.1710840739694431,5,4,-6,138,"c(""Andrew Walton"", "" Scott Tierney"", "" Kevin Driver"")","Cape Girardeau, MO",Show Me Center,7000,279,NA,NA,Austin Peay,made,Terry Taylor,NA,FALSE,TRUE,Austin Peay,Austin Peay,FALSE
401280296,2021-02-16,Southeast Missouri State,Austin Peay,219,2,16:05,965,1265,Terry Taylor made Free Throw.,36,46,-10,0,0.07902708625230814,0.14763234441742146,5,4,-6,138,"c(""Andrew Walton"", "" Scott Tierney"", "" Kevin Driver"")","Cape Girardeau, MO",Show Me Center,7000,279,NA,NA,Austin Peay,made,Terry Taylor,NA,FALSE,TRUE,Austin Peay,Southeast Missouri State,FALSE
401280296,2021-02-16,Southeast Missouri State,Austin Peay,220,2,15:58,958,1258,Foul on Elton Walker.,36,46,-10,7,0.07857544858900294,0.1466452112031123,5,4,-6,138,"c(""Andrew Walton"", "" Scott Tierney"", "" Kevin Driver"")","Cape Girardeau, MO",Show Me Center,7000,279,NA,NA,NA,NA,NA,NA,NA,NA,Southeast Missouri State,Southeast Missouri State,FALSE
401280296,2021-02-16,Southeast Missouri State,Austin Peay,221,2,15:58,958,1258,Official TV Timeout,36,46,-10,0,0.07857544858900294,0.1466452112031123,5,4,-6,138,"c(""Andrew Walton"", "" Scott Tierney"", "" Kevin Driver"")","Cape Girardeau, MO",Show Me Center,7000,279,NA,NA,NA,NA,NA,NA,NA,NA,Southeast Missouri State,Southeast Missouri State,FALSE
401280296,2021-02-16,Southeast Missouri State,Austin Peay,222,2,15:56,956,1256,Manny Patterson Turnover.,36,46,-10,2,0.07845038551477639,0.1463711715662233,5,4,-6,138,"c(""Andrew Walton"", "" Scott Tierney"", "" Kevin Driver"")","Cape Girardeau, MO",Show Me Center,7000,279,NA,NA,NA,NA,NA,NA,NA,NA,Southeast Missouri State,Austin Peay,FALSE
401280296,2021-02-16,Southeast Missouri State,Austin Peay,223,2,15:56,956,1256,Foul on Manny Patterson.,36,46,-10,0,0.07845038551477639,0.1463711715662233,5,4,-6,138,"c(""Andrew Walton"", "" Scott Tierney"", "" Kevin Driver"")","Cape Girardeau, MO",Show Me Center,7000,279,NA,NA,NA,NA,NA,NA,NA,NA,Southeast Missouri State,Austin Peay,FALSE
401280296,2021-02-16,Southeast Missouri State,Austin Peay,224,2,15:30,930,1230,Alec Woodard made Three Point Jumper. Assisted by Terry Taylor.,36,49,-13,26,0.04647012406949768,0.08891994496169393,5,4,-6,138,"c(""Andrew Walton"", "" Scott Tierney"", "" Kevin Driver"")","Cape Girardeau, MO",Show Me Center,7000,279,NA,NA,Austin Peay,made,Alec Woodard,Terry Taylor,TRUE,FALSE,Austin Peay,Southeast Missouri State,FALSE
401280296,2021-02-16,Southeast Missouri State,Austin Peay,225,2,14:56,896,1196,Eric Reed Jr. made Three Point Jumper. Assisted by Chris Harris.,39,49,-10,34,0.07527182199743128,0.13931773293013036,5,4,-6,138,"c(""Andrew Walton"", "" Scott Tierney"", "" Kevin Driver"")","Cape Girardeau, MO",Show Me Center,7000,279,NA,NA,Southeast Missouri State,made,Eric Reed Jr.,Chris Harris,TRUE,FALSE,Southeast Missouri State,Austin Peay,FALSE
401280296,2021-02-16,Southeast Missouri State,Austin Peay,226,2,14:37,877,1177,Foul on Dylan Branson.,39,49,-10,19,0.07438598884258493,0.13733992023375877,5,4,-6,138,"c(""Andrew Walton"", "" Scott Tierney"", "" Kevin Driver"")","Cape Girardeau, MO",Show Me Center,7000,279,NA,NA,NA,NA,NA,NA,NA,NA,Austin Peay,Austin Peay,FALSE
401280296,2021-02-16,Southeast Missouri State,Austin Peay,227,2,14:28,868,1168,Alec Woodard missed Three Point Jumper.,39,49,-10,9,0.07396757616821771,0.13640902180800193,5,4,-6,138,"c(""Andrew Walton"", "" Scott Tierney"", "" Kevin Driver"")","Cape Girardeau, MO",Show Me Center,7000,279,NA,NA,Austin Peay,missed,Alec Woodard,NA,TRUE,FALSE,Austin Peay,Austin Peay,FALSE
401280296,2021-02-16,Southeast Missouri State,Austin Peay,228,2,14:28,868,1168,Terry Taylor Offensive Rebound.,39,49,-10,0,0.07396757616821771,0.13640902180800193,5,4,-6,138,"c(""Andrew Walton"", "" Scott Tierney"", "" Kevin Driver"")","Cape Girardeau, MO",Show Me Center,7000,279,NA,NA,NA,NA,NA,NA,NA,NA,Austin Peay,Austin Peay,FALSE
401280296,2021-02-16,Southeast Missouri State,Austin Peay,229,2,14:23,863,1163,Terry Taylor missed Layup.,39,49,-10,5,0.07373357525952326,0.13588988406209287,5,4,-6,138,"c(""Andrew Walton"", "" Scott Tierney"", "" Kevin Driver"")","Cape Girardeau, MO",Show Me Center,7000,279,NA,NA,Austin Peay,missed,Terry Taylor,NA,FALSE,FALSE,Austin Peay,Austin Peay,FALSE
401280296,2021-02-16,Southeast Missouri State,Austin Peay,230,2,14:23,863,1163,Elton Walker Offensive Rebound.,39,49,-10,0,0.07373357525952326,0.13588988406209287,5,4,-6,138,"c(""Andrew Walton"", "" Scott Tierney"", "" Kevin Driver"")","Cape Girardeau, MO",Show Me Center,7000,279,NA,NA,NA,NA,NA,NA,NA,NA,Austin Peay,Austin Peay,FALSE
401280296,2021-02-16,Southeast Missouri State,Austin Peay,231,2,14:20,860,1160,Elton Walker missed Layup.,39,49,-10,3,0.07359231830545833,0.13557709942084498,5,4,-6,138,"c(""Andrew Walton"", "" Scott Tierney"", "" Kevin Driver"")","Cape Girardeau, MO",Show Me Center,7000,279,NA,NA,Austin Peay,missed,Elton Walker,NA,FALSE,FALSE,Austin Peay,Southeast Missouri State,FALSE
401280296,2021-02-16,Southeast Missouri State,Austin Peay,232,2,14:20,860,1160,Nana Akenten Defensive Rebound.,39,49,-10,0,0.07359231830545833,0.13557709942084498,5,4,-6,138,"c(""Andrew Walton"", "" Scott Tierney"", "" Kevin Driver"")","Cape Girardeau, MO",Show Me Center,7000,279,NA,NA,NA,NA,NA,NA,NA,NA,Austin Peay,Southeast Missouri State,FALSE
401280296,2021-02-16,Southeast Missouri State,Austin Peay,233,2,14:14,854,1154,Dylan Branson made Layup. Assisted by DQ Nicholas.,41,49,-8,6,0.10290263852181275,0.18447414759427871,5,4,-6,138,"c(""Andrew Walton"", "" Scott Tierney"", "" Kevin Driver"")","Cape Girardeau, MO",Show Me Center,7000,279,NA,NA,Southeast Missouri State,made,Dylan Branson,DQ Nicholas,FALSE,FALSE,Southeast Missouri State,Austin Peay,FALSE
401280296,2021-02-16,Southeast Missouri State,Austin Peay,234,2,14:04,844,1144,DJ Peavy Turnover.,41,49,-8,10,0.10241192225899512,0.18337399493090498,5,4,-6,138,"c(""Andrew Walton"", "" Scott Tierney"", "" Kevin Driver"")","Cape Girardeau, MO",Show Me Center,7000,279,NA,NA,NA,NA,NA,NA,NA,NA,Austin Peay,Southeast Missouri State,FALSE
401280296,2021-02-16,Southeast Missouri State,Austin Peay,235,2,14:02,842,1142,Nana Akenten Steal.,41,49,-8,2,0.10231171924962845,0.18315046775719923,5,4,-6,138,"c(""Andrew Walton"", "" Scott Tierney"", "" Kevin Driver"")","Cape Girardeau, MO",Show Me Center,7000,279,NA,NA,NA,NA,NA,NA,NA,NA,Austin Peay,Southeast Missouri State,FALSE
401280296,2021-02-16,Southeast Missouri State,Austin Peay,236,2,13:59,839,1139,DQ Nicholas missed Layup.,41,49,-8,3,0.10215994486138504,0.18281264941397032,5,4,-6,138,"c(""Andrew Walton"", "" Scott Tierney"", "" Kevin Driver"")","Cape Girardeau, MO",Show Me Center,7000,279,NA,NA,Southeast Missouri State,missed,DQ Nicholas,NA,FALSE,FALSE,Southeast Missouri State,Southeast Missouri State,FALSE
401280296,2021-02-16,Southeast Missouri State,Austin Peay,237,2,13:59,839,1139,Nana Akenten Offensive Rebound.,41,49,-8,0,0.10215994486138504,0.18281264941397032,5,4,-6,138,"c(""Andrew Walton"", "" Scott Tierney"", "" Kevin Driver"")","Cape Girardeau, MO",Show Me Center,7000,279,NA,NA,NA,NA,NA,NA,NA,NA,Southeast Missouri State,Southeast Missouri State,FALSE
401280296,2021-02-16,Southeast Missouri State,Austin Peay,238,2,13:47,827,1127,Foul on Alec Woodard.,41,49,-8,12,0.10153276101372864,0.18142646075852756,5,4,-6,138,"c(""Andrew Walton"", "" Scott Tierney"", "" Kevin Driver"")","Cape Girardeau, MO",Show Me Center,7000,279,NA,NA,NA,NA,NA,NA,NA,NA,Southeast Missouri State,Southeast Missouri State,FALSE
401280296,2021-02-16,Southeast Missouri State,Austin Peay,239,2,13:45,825,1125,Eric Reed Jr. Turnover.,41,49,-8,2,0.10142472905632946,0.1811892928900425,5,4,-6,138,"c(""Andrew Walton"", "" Scott Tierney"", "" Kevin Driver"")","Cape Girardeau, MO",Show Me Center,7000,279,NA,NA,NA,NA,NA,NA,NA,NA,Southeast Missouri State,Austin Peay,FALSE
401280296,2021-02-16,Southeast Missouri State,Austin Peay,240,2,13:26,806,1106,Terry Taylor missed Jumper.,41,49,-8,19,0.10033833486988795,0.17882969383902303,5,4,-6,138,"c(""Andrew Walton"", "" Scott Tierney"", "" Kevin Driver"")","Cape Girardeau, MO",Show Me Center,7000,279,NA,NA,Austin Peay,missed,Terry Taylor,NA,FALSE,FALSE,Austin Peay,Southeast Missouri State,FALSE
401280296,2021-02-16,Southeast Missouri State,Austin Peay,241,2,13:26,806,1106,Nate Johnson Defensive Rebound.,41,49,-8,0,0.10033833486988795,0.17882969383902303,5,4,-6,138,"c(""Andrew Walton"", "" Scott Tierney"", "" Kevin Driver"")","Cape Girardeau, MO",Show Me Center,7000,279,NA,NA,NA,NA,NA,NA,NA,NA,Austin Peay,Southeast Missouri State,FALSE
401280296,2021-02-16,Southeast Missouri State,Austin Peay,242,2,13:00,780,1080,DQ Nicholas missed Jumper.,41,49,-8,26,0.09863466309070608,0.17521229955866188,5,4,-6,138,"c(""Andrew Walton"", "" Scott Tierney"", "" Kevin Driver"")","Cape Girardeau, MO",Show Me Center,7000,279,NA,NA,Southeast Missouri State,missed,DQ Nicholas,NA,FALSE,FALSE,Southeast Missouri State,Southeast Missouri State,FALSE
401280296,2021-02-16,Southeast Missouri State,Austin Peay,243,2,13:00,780,1080,DQ Nicholas Offensive Rebound.,41,49,-8,0,0.09863466309070608,0.17521229955866188,5,4,-6,138,"c(""Andrew Walton"", "" Scott Tierney"", "" Kevin Driver"")","Cape Girardeau, MO",Show Me Center,7000,279,NA,NA,NA,NA,NA,NA,NA,NA,Southeast Missouri State,Southeast Missouri State,FALSE
401280296,2021-02-16,Southeast Missouri State,Austin Peay,244,2,12:46,766,1066,Nate Johnson Turnover.,41,49,-8,14,0.09759018309599896,0.17303525054925828,5,4,-6,138,"c(""Andrew Walton"", "" Scott Tierney"", "" Kevin Driver"")","Cape Girardeau, MO",Show Me Center,7000,279,NA,NA,NA,NA,NA,NA,NA,NA,Southeast Missouri State,Austin Peay,FALSE
401280296,2021-02-16,Southeast Missouri State,Austin Peay,245,2,12:46,766,1066,Foul on Nate Johnson.,41,49,-8,0,0.09759018309599896,0.17303525054925828,5,4,-6,138,"c(""Andrew Walton"", "" Scott Tierney"", "" Kevin Driver"")","Cape Girardeau, MO",Show Me Center,7000,279,NA,NA,NA,NA,NA,NA,NA,NA,Southeast Missouri State,Austin Peay,FALSE
401280296,2021-02-16,Southeast Missouri State,Austin Peay,246,2,12:26,746,1046,Mike Peake missed Three Point Jumper.,41,49,-8,20,0.09591745792644829,0.16959805658850424,5,4,-6,138,"c(""Andrew Walton"", "" Scott Tierney"", "" Kevin Driver"")","Cape Girardeau, MO",Show Me Center,7000,279,NA,NA,Austin Peay,missed,Mike Peake,NA,TRUE,FALSE,Austin Peay,Austin Peay,FALSE
401280296,2021-02-16,Southeast Missouri State,Austin Peay,247,2,12:26,746,1046,Terry Taylor Offensive Rebound.,41,49,-8,0,0.09591745792644829,0.16959805658850424,5,4,-6,138,"c(""Andrew Walton"", "" Scott Tierney"", "" Kevin Driver"")","Cape Girardeau, MO",Show Me Center,7000,279,NA,NA,NA,NA,NA,NA,NA,NA,Austin Peay,Austin Peay,FALSE
401280296,2021-02-16,Southeast Missouri State,Austin Peay,248,2,12:24,744,1044,Foul on Dylan Branson.,41,49,-8,2,0.09573756751474406,0.16923144328743908,5,4,-6,138,"c(""Andrew Walton"", "" Scott Tierney"", "" Kevin Driver"")","Cape Girardeau, MO",Show Me Center,7000,279,NA,NA,NA,NA,NA,NA,NA,NA,Austin Peay,Austin Peay,FALSE
401280296,2021-02-16,Southeast Missouri State,Austin Peay,249,2,12:24,744,1044,Terry Taylor made Free Throw.,41,50,-9,0,0.07984944783815733,0.14307646575854158,5,4,-6,138,"c(""Andrew Walton"", "" Scott Tierney"", "" Kevin Driver"")","Cape Girardeau, MO",Show Me Center,7000,279,NA,NA,Austin Peay,made,Terry Taylor,NA,FALSE,TRUE,Austin Peay,Austin Peay,FALSE
401280296,2021-02-16,Southeast Missouri State,Austin Peay,250,2,12:24,744,1044,Terry Taylor made Free Throw.,41,51,-10,0,0.06640441305586366,0.12037805332762512,5,4,-6,138,"c(""Andrew Walton"", "" Scott Tierney"", "" Kevin Driver"")","Cape Girardeau, MO",Show Me Center,7000,279,NA,NA,Austin Peay,made,Terry Taylor,NA,FALSE,TRUE,Austin Peay,Southeast Missouri State,FALSE
401280296,2021-02-16,Southeast Missouri State,Austin Peay,251,2,12:11,731,1031,DQ Nicholas made Jumper.,43,51,-8,13,0.09450869256992413,0.1667402090305161,5,4,-6,138,"c(""Andrew Walton"", "" Scott Tierney"", "" Kevin Driver"")","Cape Girardeau, MO",Show Me Center,7000,279,NA,NA,Southeast Missouri State,made,DQ Nicholas,NA,FALSE,FALSE,Southeast Missouri State,Austin Peay,FALSE
401280296,2021-02-16,Southeast Missouri State,Austin Peay,252,2,12:11,731,1031,Foul on Alec Woodard.,43,51,-8,0,0.09450869256992413,0.1667402090305161,5,4,-6,138,"c(""Andrew Walton"", "" Scott Tierney"", "" Kevin Driver"")","Cape Girardeau, MO",Show Me Center,7000,279,NA,NA,NA,NA,NA,NA,NA,NA,Southeast Missouri State,Austin Peay,FALSE
401280296,2021-02-16,Southeast Missouri State,Austin Peay,253,2,12:11,731,1031,DQ Nicholas made Free Throw.,44,51,-7,0,0.11317902229503747,0.19658208546847664,5,4,-6,138,"c(""Andrew Walton"", "" Scott Tierney"", "" Kevin Driver"")","Cape Girardeau, MO",Show Me Center,7000,279,NA,NA,Southeast Missouri State,made,DQ Nicholas,NA,FALSE,TRUE,Southeast Missouri State,Austin Peay,FALSE
401280296,2021-02-16,Southeast Missouri State,Austin Peay,254,2,11:53,713,1013,Mike Peake made Layup. Assisted by Terry Taylor.,44,53,-9,18,0.07702828917708113,0.13734581124466852,5,4,-6,138,"c(""Andrew Walton"", "" Scott Tierney"", "" Kevin Driver"")","Cape Girardeau, MO",Show Me Center,7000,279,NA,NA,Austin Peay,made,Mike Peake,Terry Taylor,FALSE,FALSE,Austin Peay,Austin Peay,FALSE
401280296,2021-02-16,Southeast Missouri State,Austin Peay,255,2,11:53,713,1013,Foul on Nate Johnson.,44,53,-9,0,0.07702828917708113,0.13734581124466852,5,4,-6,138,"c(""Andrew Walton"", "" Scott Tierney"", "" Kevin Driver"")","Cape Girardeau, MO",Show Me Center,7000,279,NA,NA,NA,NA,NA,NA,NA,NA,Austin Peay,Austin Peay,FALSE
401280296,2021-02-16,Southeast Missouri State,Austin Peay,256,2,11:53,713,1013,Official TV Timeout,44,53,-9,0,0.07702828917708113,0.13734581124466852,5,4,-6,138,"c(""Andrew Walton"", "" Scott Tierney"", "" Kevin Driver"")","Cape Girardeau, MO",Show Me Center,7000,279,NA,NA,NA,NA,NA,NA,NA,NA,Austin Peay,Austin Peay,FALSE
401280296,2021-02-16,Southeast Missouri State,Austin Peay,257,2,11:53,713,1013,Mike Peake made Free Throw.,44,54,-10,0,0.06370939658751044,0.11489577575231538,5,4,-6,138,"c(""Andrew Walton"", "" Scott Tierney"", "" Kevin Driver"")","Cape Girardeau, MO",Show Me Center,7000,279,NA,NA,Austin Peay,made,Mike Peake,NA,FALSE,TRUE,Austin Peay,Southeast Missouri State,FALSE
401280296,2021-02-16,Southeast Missouri State,Austin Peay,258,2,11:24,684,984,Chris Harris missed Three Point Jumper.,44,54,-10,29,0.06166072579707126,0.11064180956356444,5,4,-6,138,"c(""Andrew Walton"", "" Scott Tierney"", "" Kevin Driver"")","Cape Girardeau, MO",Show Me Center,7000,279,NA,NA,Southeast Missouri State,missed,Chris Harris,NA,TRUE,FALSE,Southeast Missouri State,Southeast Missouri State,FALSE
401280296,2021-02-16,Southeast Missouri State,Austin Peay,259,2,11:24,684,984,Darrious Agnew Offensive Rebound.,44,54,-10,0,0.06166072579707126,0.11064180956356444,5,4,-6,138,"c(""Andrew Walton"", "" Scott Tierney"", "" Kevin Driver"")","Cape Girardeau, MO",Show Me Center,7000,279,NA,NA,NA,NA,NA,NA,NA,NA,Southeast Missouri State,Southeast Missouri State,FALSE
401280296,2021-02-16,Southeast Missouri State,Austin Peay,260,2,11:20,680,980,Darrious Agnew made Layup.,46,54,-8,4,0.09038387619707242,0.15819343849718245,5,4,-6,138,"c(""Andrew Walton"", "" Scott Tierney"", "" Kevin Driver"")","Cape Girardeau, MO",Show Me Center,7000,279,NA,NA,Southeast Missouri State,made,Darrious Agnew,NA,FALSE,FALSE,Southeast Missouri State,Austin Peay,FALSE
401280296,2021-02-16,Southeast Missouri State,Austin Peay,261,2,10:55,655,955,Tai'Reon Joseph made Three Point Jumper. Assisted by Alec Woodard.,46,57,-11,25,0.04897649918559574,0.08822900351404174,5,4,-6,138,"c(""Andrew Walton"", "" Scott Tierney"", "" Kevin Driver"")","Cape Girardeau, MO",Show Me Center,7000,279,NA,NA,Austin Peay,made,Tai'Reon Joseph,Alec Woodard,TRUE,FALSE,Austin Peay,Southeast Missouri State,FALSE
401280296,2021-02-16,Southeast Missouri State,Austin Peay,262,2,10:38,638,938,Foul on Mike Peake.,46,57,-11,17,0.04800003960154561,0.08618774252784545,5,4,-6,138,"c(""Andrew Walton"", "" Scott Tierney"", "" Kevin Driver"")","Cape Girardeau, MO",Show Me Center,7000,279,NA,NA,NA,NA,NA,NA,NA,NA,Southeast Missouri State,Southeast Missouri State,FALSE
401280296,2021-02-16,Southeast Missouri State,Austin Peay,263,2,10:38,638,938,Darrious Agnew missed Free Throw.,46,57,-11,0,0.04800003960154561,0.08618774252784545,5,4,-6,138,"c(""Andrew Walton"", "" Scott Tierney"", "" Kevin Driver"")","Cape Girardeau, MO",Show Me Center,7000,279,NA,NA,Southeast Missouri State,missed,Darrious Agnew,NA,FALSE,TRUE,Southeast Missouri State,Southeast Missouri State,FALSE
401280296,2021-02-16,Southeast Missouri State,Austin Peay,264,2,10:38,638,938,Southeast Missouri State Deadball Team Rebound.,46,57,-11,0,0.04800003960154561,0.08618774252784545,5,4,-6,138,"c(""Andrew Walton"", "" Scott Tierney"", "" Kevin Driver"")","Cape Girardeau, MO",Show Me Center,7000,279,NA,NA,NA,NA,NA,NA,NA,NA,Southeast Missouri State,Southeast Missouri State,FALSE
401280296,2021-02-16,Southeast Missouri State,Austin Peay,265,2,10:38,638,938,Darrious Agnew made Free Throw.,47,57,-10,0,0.05881637480552708,0.10466323832352208,5,4,-6,138,"c(""Andrew Walton"", "" Scott Tierney"", "" Kevin Driver"")","Cape Girardeau, MO",Show Me Center,7000,279,NA,NA,Southeast Missouri State,made,Darrious Agnew,NA,FALSE,TRUE,Southeast Missouri State,Austin Peay,FALSE
401280296,2021-02-16,Southeast Missouri State,Austin Peay,266,2,10:08,608,908,Terry Taylor made Jumper. Assisted by Carlos Paez.,47,59,-12,30,0.03736738721930216,0.06717673636975276,5,4,-6,138,"c(""Andrew Walton"", "" Scott Tierney"", "" Kevin Driver"")","Cape Girardeau, MO",Show Me Center,7000,279,NA,NA,Austin Peay,made,Terry Taylor,Carlos Paez,FALSE,FALSE,Austin Peay,Southeast Missouri State,FALSE
401280296,2021-02-16,Southeast Missouri State,Austin Peay,267,2,9:40,580,880,Dylan Branson made Jumper.,49,59,-10,28,0.054430635676978575,0.09575403849227375,5,4,-6,138,"c(""Andrew Walton"", "" Scott Tierney"", "" Kevin Driver"")","Cape Girardeau, MO",Show Me Center,7000,279,NA,NA,Southeast Missouri State,made,Dylan Branson,NA,FALSE,FALSE,Southeast Missouri State,Austin Peay,FALSE
401280296,2021-02-16,Southeast Missouri State,Austin Peay,268,2,9:31,571,871,Carlos Paez missed Jumper.,49,59,-10,9,0.05356382014217041,0.0940463990145569,5,4,-6,138,"c(""Andrew Walton"", "" Scott Tierney"", "" Kevin Driver"")","Cape Girardeau, MO",Show Me Center,7000,279,NA,NA,Austin Peay,missed,Carlos Paez,NA,FALSE,FALSE,Austin Peay,Austin Peay,FALSE
401280296,2021-02-16,Southeast Missouri State,Austin Peay,269,2,9:31,571,871,Terry Taylor Offensive Rebound.,49,59,-10,0,0.05356382014217041,0.0940463990145569,5,4,-6,138,"c(""Andrew Walton"", "" Scott Tierney"", "" Kevin Driver"")","Cape Girardeau, MO",Show Me Center,7000,279,NA,NA,NA,NA,NA,NA,NA,NA,Austin Peay,Austin Peay,FALSE
401280296,2021-02-16,Southeast Missouri State,Austin Peay,270,2,9:28,568,868,Terry Taylor missed Layup.,49,59,-10,3,0.0532606948728814,0.0934524700349211,5,4,-6,138,"c(""Andrew Walton"", "" Scott Tierney"", "" Kevin Driver"")","Cape Girardeau, MO",Show Me Center,7000,279,NA,NA,Austin Peay,missed,Terry Taylor,NA,FALSE,FALSE,Austin Peay,Southeast Missouri State,FALSE
401280296,2021-02-16,Southeast Missouri State,Austin Peay,271,2,9:28,568,868,Chris Harris Defensive Rebound.,49,59,-10,0,0.0532606948728814,0.0934524700349211,5,4,-6,138,"c(""Andrew Walton"", "" Scott Tierney"", "" Kevin Driver"")","Cape Girardeau, MO",Show Me Center,7000,279,NA,NA,NA,NA,NA,NA,NA,NA,Austin Peay,Southeast Missouri State,FALSE
401280296,2021-02-16,Southeast Missouri State,Austin Peay,272,2,9:23,563,863,Foul on Elton Walker.,49,59,-10,5,0.052739095371363745,0.09243406934794864,5,4,-6,138,"c(""Andrew Walton"", "" Scott Tierney"", "" Kevin Driver"")","Cape Girardeau, MO",Show Me Center,7000,279,NA,NA,NA,NA,NA,NA,NA,NA,Southeast Missouri State,Southeast Missouri State,FALSE
401280296,2021-02-16,Southeast Missouri State,Austin Peay,273,2,9:23,563,863,Chris Harris missed Free Throw.,49,59,-10,0,0.052739095371363745,0.09243406934794864,5,4,-6,138,"c(""Andrew Walton"", "" Scott Tierney"", "" Kevin Driver"")","Cape Girardeau, MO",Show Me Center,7000,279,NA,NA,Southeast Missouri State,missed,Chris Harris,NA,FALSE,TRUE,Southeast Missouri State,Southeast Missouri State,FALSE
401280296,2021-02-16,Southeast Missouri State,Austin Peay,274,2,9:23,563,863,Southeast Missouri State Offensive Rebound.,49,59,-10,0,0.052739095371363745,0.09243406934794864,5,4,-6,138,"c(""Andrew Walton"", "" Scott Tierney"", "" Kevin Driver"")","Cape Girardeau, MO",Show Me Center,7000,279,NA,NA,NA,NA,NA,NA,NA,NA,Southeast Missouri State,Southeast Missouri State,FALSE
401280296,2021-02-16,Southeast Missouri State,Austin Peay,275,2,9:04,544,844,Nygal Russell missed Three Point Jumper.,49,59,-10,19,0.05060953716956726,0.08830979558980274,5,4,-6,138,"c(""Andrew Walton"", "" Scott Tierney"", "" Kevin Driver"")","Cape Girardeau, MO",Show Me Center,7000,279,NA,NA,Southeast Missouri State,missed,Nygal Russell,NA,TRUE,FALSE,Southeast Missouri State,Southeast Missouri State,FALSE
401280296,2021-02-16,Southeast Missouri State,Austin Peay,276,2,9:04,544,844,Darrious Agnew Offensive Rebound.,49,59,-10,0,0.05060953716956726,0.08830979558980274,5,4,-6,138,"c(""Andrew Walton"", "" Scott Tierney"", "" Kevin Driver"")","Cape Girardeau, MO",Show Me Center,7000,279,NA,NA,NA,NA,NA,NA,NA,NA,Southeast Missouri State,Southeast Missouri State,FALSE
401280296,2021-02-16,Southeast Missouri State,Austin Peay,277,2,9:03,543,843,Foul on Reginald Gee.,49,59,-10,1,0.0505031941104326,0.08810320280845699,5,4,-6,138,"c(""Andrew Walton"", "" Scott Tierney"", "" Kevin Driver"")","Cape Girardeau, MO",Show Me Center,7000,279,NA,NA,NA,NA,NA,NA,NA,NA,Southeast Missouri State,Southeast Missouri State,FALSE
401280296,2021-02-16,Southeast Missouri State,Austin Peay,278,2,9:03,543,843,Darrious Agnew missed Free Throw.,49,59,-10,0,0.0505031941104326,0.08810320280845699,5,4,-6,138,"c(""Andrew Walton"", "" Scott Tierney"", "" Kevin Driver"")","Cape Girardeau, MO",Show Me Center,7000,279,NA,NA,Southeast Missouri State,missed,Darrious Agnew,NA,FALSE,TRUE,Southeast Missouri State,Southeast Missouri State,FALSE
401280296,2021-02-16,Southeast Missouri State,Austin Peay,279,2,9:03,543,843,Southeast Missouri State Deadball Team Rebound.,49,59,-10,0,0.0505031941104326,0.08810320280845699,5,4,-6,138,"c(""Andrew Walton"", "" Scott Tierney"", "" Kevin Driver"")","Cape Girardeau, MO",Show Me Center,7000,279,NA,NA,NA,NA,NA,NA,NA,NA,Southeast Missouri State,Southeast Missouri State,FALSE
401280296,2021-02-16,Southeast Missouri State,Austin Peay,280,2,9:03,543,843,Darrious Agnew made Free Throw.,50,59,-9,0,0.06296192200078503,0.10877492726160504,5,4,-6,138,"c(""Andrew Walton"", "" Scott Tierney"", "" Kevin Driver"")","Cape Girardeau, MO",Show Me Center,7000,279,NA,NA,Southeast Missouri State,made,Darrious Agnew,NA,FALSE,TRUE,Southeast Missouri State,Austin Peay,FALSE
401280296,2021-02-16,Southeast Missouri State,Austin Peay,281,2,8:46,526,826,Elton Walker Turnover.,50,59,-9,17,0.06121886524449396,0.1053542069174515,5,4,-6,138,"c(""Andrew Walton"", "" Scott Tierney"", "" Kevin Driver"")","Cape Girardeau, MO",Show Me Center,7000,279,NA,NA,NA,NA,NA,NA,NA,NA,Austin Peay,Southeast Missouri State,FALSE
401280296,2021-02-16,Southeast Missouri State,Austin Peay,282,2,8:45,525,825,Nana Akenten Steal.,50,59,-9,1,0.061126917985840724,0.10517166686757584,5,4,-6,138,"c(""Andrew Walton"", "" Scott Tierney"", "" Kevin Driver"")","Cape Girardeau, MO",Show Me Center,7000,279,NA,NA,NA,NA,NA,NA,NA,NA,Austin Peay,Southeast Missouri State,FALSE
401280296,2021-02-16,Southeast Missouri State,Austin Peay,283,2,8:14,494,794,Darrious Agnew made Layup.,52,59,-7,31,0.09198809447578254,0.1532579102075819,5,4,-6,138,"c(""Andrew Walton"", "" Scott Tierney"", "" Kevin Driver"")","Cape Girardeau, MO",Show Me Center,7000,279,NA,NA,Southeast Missouri State,made,Darrious Agnew,NA,FALSE,FALSE,Southeast Missouri State,Austin Peay,FALSE
401280296,2021-02-16,Southeast Missouri State,Austin Peay,284,2,7:52,472,772,Terry Taylor made Layup. Assisted by Elton Walker.,52,61,-9,22,0.05658374119792294,0.0961193758296775,5,4,-6,138,"c(""Andrew Walton"", "" Scott Tierney"", "" Kevin Driver"")","Cape Girardeau, MO",Show Me Center,7000,279,NA,NA,Austin Peay,made,Terry Taylor,Elton Walker,FALSE,FALSE,Austin Peay,Southeast Missouri State,FALSE
401280296,2021-02-16,Southeast Missouri State,Austin Peay,285,2,7:51,471,771,Official TV Timeout,52,61,-9,1,0.05648634778563774,0.09592955332229765,5,4,-6,138,"c(""Andrew Walton"", "" Scott Tierney"", "" Kevin Driver"")","Cape Girardeau, MO",Show Me Center,7000,279,NA,NA,NA,NA,NA,NA,NA,NA,Southeast Missouri State,Southeast Missouri State,FALSE
401280296,2021-02-16,Southeast Missouri State,Austin Peay,286,2,7:51,471,771,Foul on Mike Peake.,52,61,-9,0,0.05648634778563774,0.09592955332229765,5,4,-6,138,"c(""Andrew Walton"", "" Scott Tierney"", "" Kevin Driver"")","Cape Girardeau, MO",Show Me Center,7000,279,NA,NA,NA,NA,NA,NA,NA,NA,Southeast Missouri State,Southeast Missouri State,FALSE
401280296,2021-02-16,Southeast Missouri State,Austin Peay,287,2,7:51,471,771,Technical Foul on Mike Peake.,52,61,-9,0,0.05648634778563774,0.09592955332229765,5,4,-6,138,"c(""Andrew Walton"", "" Scott Tierney"", "" Kevin Driver"")","Cape Girardeau, MO",Show Me Center,7000,279,NA,NA,NA,NA,NA,NA,NA,NA,Southeast Missouri State,Southeast Missouri State,FALSE
401280296,2021-02-16,Southeast Missouri State,Austin Peay,288,2,7:51,471,771,Chris Harris missed Free Throw.,52,61,-9,0,0.05648634778563774,0.09592955332229765,5,4,-6,138,"c(""Andrew Walton"", "" Scott Tierney"", "" Kevin Driver"")","Cape Girardeau, MO",Show Me Center,7000,279,NA,NA,Southeast Missouri State,missed,Chris Harris,NA,FALSE,TRUE,Southeast Missouri State,Southeast Missouri State,FALSE
401280296,2021-02-16,Southeast Missouri State,Austin Peay,289,2,7:51,471,771,Southeast Missouri State Deadball Team Rebound.,52,61,-9,0,0.05648634778563774,0.09592955332229765,5,4,-6,138,"c(""Andrew Walton"", "" Scott Tierney"", "" Kevin Driver"")","Cape Girardeau, MO",Show Me Center,7000,279,NA,NA,NA,NA,NA,NA,NA,NA,Southeast Missouri State,Southeast Missouri State,FALSE
401280296,2021-02-16,Southeast Missouri State,Austin Peay,290,2,7:51,471,771,Chris Harris missed Free Throw.,52,61,-9,0,0.05648634778563774,0.09592955332229765,5,4,-6,138,"c(""Andrew Walton"", "" Scott Tierney"", "" Kevin Driver"")","Cape Girardeau, MO",Show Me Center,7000,279,NA,NA,Southeast Missouri State,missed,Chris Harris,NA,FALSE,TRUE,Southeast Missouri State,Southeast Missouri State,FALSE
401280296,2021-02-16,Southeast Missouri State,Austin Peay,291,2,7:51,471,771,Foul on Carlos Paez.,52,61,-9,0,0.05648634778563774,0.09592955332229765,5,4,-6,138,"c(""Andrew Walton"", "" Scott Tierney"", "" Kevin Driver"")","Cape Girardeau, MO",Show Me Center,7000,279,NA,NA,NA,NA,NA,NA,NA,NA,Southeast Missouri State,Southeast Missouri State,FALSE
401280296,2021-02-16,Southeast Missouri State,Austin Peay,292,2,7:51,471,771,Eric Reed Jr. missed Free Throw.,52,61,-9,0,0.05648634778563774,0.09592955332229765,5,4,-6,138,"c(""Andrew Walton"", "" Scott Tierney"", "" Kevin Driver"")","Cape Girardeau, MO",Show Me Center,7000,279,NA,NA,Southeast Missouri State,missed,Eric Reed Jr.,NA,FALSE,TRUE,Southeast Missouri State,Southeast Missouri State,FALSE
401280296,2021-02-16,Southeast Missouri State,Austin Peay,293,2,7:51,471,771,Southeast Missouri State Deadball Team Rebound.,52,61,-9,0,0.05648634778563774,0.09592955332229765,5,4,-6,138,"c(""Andrew Walton"", "" Scott Tierney"", "" Kevin Driver"")","Cape Girardeau, MO",Show Me Center,7000,279,NA,NA,NA,NA,NA,NA,NA,NA,Southeast Missouri State,Southeast Missouri State,FALSE
401280296,2021-02-16,Southeast Missouri State,Austin Peay,294,2,7:51,471,771,Eric Reed Jr. made Free Throw.,53,61,-8,0,0.07133525974303785,0.1198302757468492,5,4,-6,138,"c(""Andrew Walton"", "" Scott Tierney"", "" Kevin Driver"")","Cape Girardeau, MO",Show Me Center,7000,279,NA,NA,Southeast Missouri State,made,Eric Reed Jr.,NA,FALSE,TRUE,Southeast Missouri State,Southeast Missouri State,FALSE
401280296,2021-02-16,Southeast Missouri State,Austin Peay,295,2,7:51,471,771,Southeast Missouri State Offensive Rebound.,52,61,-9,0,0.05648634778563774,0.09592955332229765,5,4,-6,138,"c(""Andrew Walton"", "" Scott Tierney"", "" Kevin Driver"")","Cape Girardeau, MO",Show Me Center,7000,279,NA,NA,NA,NA,NA,NA,NA,NA,Southeast Missouri State,Southeast Missouri State,TRUE
401280296,2021-02-16,Southeast Missouri State,Austin Peay,296,2,7:20,440,740,Carlos Paez Turnover.,53,61,-8,31,0.06734537126722233,0.11224850430767773,5,4,-6,138,"c(""Andrew Walton"", "" Scott Tierney"", "" Kevin Driver"")","Cape Girardeau, MO",Show Me Center,7000,279,NA,NA,NA,NA,NA,NA,NA,NA,Austin Peay,Southeast Missouri State,TRUE
401280296,2021-02-16,Southeast Missouri State,Austin Peay,297,2,7:18,438,738,Chris Harris Steal.,53,61,-8,2,0.0670282454500401,0.11166047186830885,5,4,-6,138,"c(""Andrew Walton"", "" Scott Tierney"", "" Kevin Driver"")","Cape Girardeau, MO",Show Me Center,7000,279,NA,NA,NA,NA,NA,NA,NA,NA,Austin Peay,Southeast Missouri State,FALSE
401280296,2021-02-16,Southeast Missouri State,Austin Peay,298,2,7:16,436,736,Chris Harris missed Layup.,53,61,-8,2,0.0667027186821161,0.11105855338702779,5,4,-6,138,"c(""Andrew Walton"", "" Scott Tierney"", "" Kevin Driver"")","Cape Girardeau, MO",Show Me Center,7000,279,NA,NA,Southeast Missouri State,missed,Chris Harris,NA,FALSE,FALSE,Southeast Missouri State,Southeast Missouri State,FALSE
401280296,2021-02-16,Southeast Missouri State,Austin Peay,299,2,7:16,436,736,Nana Akenten Offensive Rebound.,53,61,-8,0,0.0667027186821161,0.11105855338702779,5,4,-6,138,"c(""Andrew Walton"", "" Scott Tierney"", "" Kevin Driver"")","Cape Girardeau, MO",Show Me Center,7000,279,NA,NA,NA,NA,NA,NA,NA,NA,Southeast Missouri State,Southeast Missouri State,FALSE
401280296,2021-02-16,Southeast Missouri State,Austin Peay,300,2,7:13,433,733,Nana Akenten missed Jumper.,53,61,-8,3,0.06619831892710314,0.11012906235720381,5,4,-6,138,"c(""Andrew Walton"", "" Scott Tierney"", "" Kevin Driver"")","Cape Girardeau, MO",Show Me Center,7000,279,NA,NA,Southeast Missouri State,missed,Nana Akenten,NA,FALSE,FALSE,Southeast Missouri State,Austin Peay,FALSE
401280296,2021-02-16,Southeast Missouri State,Austin Peay,301,2,7:13,433,733,Elton Walker Defensive Rebound.,53,61,-8,0,0.06619831892710314,0.11012906235720381,5,4,-6,138,"c(""Andrew Walton"", "" Scott Tierney"", "" Kevin Driver"")","Cape Girardeau, MO",Show Me Center,7000,279,NA,NA,NA,NA,NA,NA,NA,NA,Southeast Missouri State,Austin Peay,FALSE
401280296,2021-02-16,Southeast Missouri State,Austin Peay,302,2,7:04,424,724,Foul on Dylan Branson.,53,61,-8,9,0.06464300378611232,0.10726832647286429,5,4,-6,138,"c(""Andrew Walton"", "" Scott Tierney"", "" Kevin Driver"")","Cape Girardeau, MO",Show Me Center,7000,279,NA,NA,NA,NA,NA,NA,NA,NA,Austin Peay,Austin Peay,FALSE
401280296,2021-02-16,Southeast Missouri State,Austin Peay,303,2,7:04,424,724,Reginald Gee made Free Throw.,53,62,-9,0,0.05035848345194852,0.08441471988433429,5,4,-6,138,"c(""Andrew Walton"", "" Scott Tierney"", "" Kevin Driver"")","Cape Girardeau, MO",Show Me Center,7000,279,NA,NA,Austin Peay,made,Reginald Gee,NA,FALSE,TRUE,Austin Peay,Austin Peay,FALSE
401280296,2021-02-16,Southeast Missouri State,Austin Peay,304,2,7:04,424,724,Reginald Gee made Free Throw.,53,63,-10,0,0.03909854717260717,0.06606974728806397,5,4,-6,138,"c(""Andrew Walton"", "" Scott Tierney"", "" Kevin Driver"")","Cape Girardeau, MO",Show Me Center,7000,279,NA,NA,Austin Peay,made,Reginald Gee,NA,FALSE,TRUE,Austin Peay,Southeast Missouri State,FALSE
401280296,2021-02-16,Southeast Missouri State,Austin Peay,305,2,6:55,415,715,Foul on Tai'Reon Joseph.,53,63,-10,9,0.037955311999365714,0.06393701063916764,5,4,-6,138,"c(""Andrew Walton"", "" Scott Tierney"", "" Kevin Driver"")","Cape Girardeau, MO",Show Me Center,7000,279,NA,NA,NA,NA,NA,NA,NA,NA,Southeast Missouri State,Southeast Missouri State,FALSE
401280296,2021-02-16,Southeast Missouri State,Austin Peay,306,2,6:55,415,715,Chris Harris made Free Throw.,54,63,-9,0,0.049066248777188105,0.08200543515309508,5,4,-6,138,"c(""Andrew Walton"", "" Scott Tierney"", "" Kevin Driver"")","Cape Girardeau, MO",Show Me Center,7000,279,NA,NA,Southeast Missouri State,made,Chris Harris,NA,FALSE,TRUE,Southeast Missouri State,Southeast Missouri State,FALSE
401280296,2021-02-16,Southeast Missouri State,Austin Peay,307,2,6:55,415,715,Chris Harris made Free Throw.,55,63,-8,0,0.06321604382482517,0.10460931845655361,5,4,-6,138,"c(""Andrew Walton"", "" Scott Tierney"", "" Kevin Driver"")","Cape Girardeau, MO",Show Me Center,7000,279,NA,NA,Southeast Missouri State,made,Chris Harris,NA,FALSE,TRUE,Southeast Missouri State,Austin Peay,FALSE
401280296,2021-02-16,Southeast Missouri State,Austin Peay,308,2,6:42,402,702,Terry Taylor Turnover.,55,63,-8,13,0.0613330499636291,0.10104967102861175,5,4,-6,138,"c(""Andrew Walton"", "" Scott Tierney"", "" Kevin Driver"")","Cape Girardeau, MO",Show Me Center,7000,279,NA,NA,NA,NA,NA,NA,NA,NA,Austin Peay,Southeast Missouri State,FALSE
401280296,2021-02-16,Southeast Missouri State,Austin Peay,309,2,6:39,399,699,Chris Harris Steal.,55,63,-8,3,0.06091786824912977,0.10025881968351133,5,4,-6,138,"c(""Andrew Walton"", "" Scott Tierney"", "" Kevin Driver"")","Cape Girardeau, MO",Show Me Center,7000,279,NA,NA,NA,NA,NA,NA,NA,NA,Austin Peay,Southeast Missouri State,FALSE
401280296,2021-02-16,Southeast Missouri State,Austin Peay,310,2,6:33,393,693,Eric Reed Jr. missed Layup.,55,63,-8,6,0.06009950696989564,0.09869625612955849,5,4,-6,138,"c(""Andrew Walton"", "" Scott Tierney"", "" Kevin Driver"")","Cape Girardeau, MO",Show Me Center,7000,279,NA,NA,Southeast Missouri State,missed,Eric Reed Jr.,NA,FALSE,FALSE,Southeast Missouri State,Southeast Missouri State,FALSE
401280296,2021-02-16,Southeast Missouri State,Austin Peay,311,2,6:33,393,693,Darrious Agnew Offensive Rebound.,55,63,-8,0,0.06009950696989564,0.09869625612955849,5,4,-6,138,"c(""Andrew Walton"", "" Scott Tierney"", "" Kevin Driver"")","Cape Girardeau, MO",Show Me Center,7000,279,NA,NA,NA,NA,NA,NA,NA,NA,Southeast Missouri State,Southeast Missouri State,FALSE
401280296,2021-02-16,Southeast Missouri State,Austin Peay,312,2,6:29,389,689,Darrious Agnew missed Layup.,55,63,-8,4,0.05955877202453106,0.09766241735032152,5,4,-6,138,"c(""Andrew Walton"", "" Scott Tierney"", "" Kevin Driver"")","Cape Girardeau, MO",Show Me Center,7000,279,NA,NA,Southeast Missouri State,missed,Darrious Agnew,NA,FALSE,FALSE,Southeast Missouri State,Austin Peay,FALSE
401280296,2021-02-16,Southeast Missouri State,Austin Peay,313,2,6:29,389,689,Terry Taylor Block.,55,63,-8,0,0.05955877202453106,0.09766241735032152,5,4,-6,138,"c(""Andrew Walton"", "" Scott Tierney"", "" Kevin Driver"")","Cape Girardeau, MO",Show Me Center,7000,279,NA,NA,NA,NA,NA,NA,NA,NA,Southeast Missouri State,Austin Peay,FALSE
401280296,2021-02-16,Southeast Missouri State,Austin Peay,314,2,6:27,387,687,Terry Taylor Defensive Rebound.,55,63,-8,2,0.05928876923189433,0.09714617266611572,5,4,-6,138,"c(""Andrew Walton"", "" Scott Tierney"", "" Kevin Driver"")","Cape Girardeau, MO",Show Me Center,7000,279,NA,NA,NA,NA,NA,NA,NA,NA,Southeast Missouri State,Austin Peay,FALSE
401280296,2021-02-16,Southeast Missouri State,Austin Peay,315,2,6:15,375,675,DJ Peavy missed Layup.,55,63,-8,12,0.05765218930278359,0.09402475384230827,5,4,-6,138,"c(""Andrew Walton"", "" Scott Tierney"", "" Kevin Driver"")","Cape Girardeau, MO",Show Me Center,7000,279,NA,NA,Austin Peay,missed,DJ Peavy,NA,FALSE,FALSE,Austin Peay,Austin Peay,FALSE
401280296,2021-02-16,Southeast Missouri State,Austin Peay,316,2,6:15,375,675,Reginald Gee Offensive Rebound.,55,63,-8,0,0.05765218930278359,0.09402475384230827,5,4,-6,138,"c(""Andrew Walton"", "" Scott Tierney"", "" Kevin Driver"")","Cape Girardeau, MO",Show Me Center,7000,279,NA,NA,NA,NA,NA,NA,NA,NA,Austin Peay,Austin Peay,FALSE
401280296,2021-02-16,Southeast Missouri State,Austin Peay,317,2,6:11,371,671,Reginald Gee made Layup.,55,65,-10,4,0.03312470244519152,0.05481199110668722,5,4,-6,138,"c(""Andrew Walton"", "" Scott Tierney"", "" Kevin Driver"")","Cape Girardeau, MO",Show Me Center,7000,279,NA,NA,Austin Peay,made,Reginald Gee,NA,FALSE,FALSE,Austin Peay,Southeast Missouri State,FALSE
401280296,2021-02-16,Southeast Missouri State,Austin Peay,318,2,6:09,369,669,Austin Peay  Timeout,55,65,-10,2,0.03290500012303357,0.05440004605288972,4,4,-6,138,"c(""Andrew Walton"", "" Scott Tierney"", "" Kevin Driver"")","Cape Girardeau, MO",Show Me Center,7000,279,NA,NA,NA,NA,NA,NA,NA,NA,Southeast Missouri State,Southeast Missouri State,FALSE
401280296,2021-02-16,Southeast Missouri State,Austin Peay,319,2,5:44,344,644,Eric Reed Jr. missed Three Point Jumper.,55,65,-10,25,0.029939441246393216,0.04892945414535689,4,4,-6,138,"c(""Andrew Walton"", "" Scott Tierney"", "" Kevin Driver"")","Cape Girardeau, MO",Show Me Center,7000,279,NA,NA,Southeast Missouri State,missed,Eric Reed Jr.,NA,TRUE,FALSE,Southeast Missouri State,Southeast Missouri State,FALSE
401280296,2021-02-16,Southeast Missouri State,Austin Peay,320,2,5:44,344,644,Dylan Branson Offensive Rebound.,55,65,-10,0,0.029939441246393216,0.04892945414535689,4,4,-6,138,"c(""Andrew Walton"", "" Scott Tierney"", "" Kevin Driver"")","Cape Girardeau, MO",Show Me Center,7000,279,NA,NA,NA,NA,NA,NA,NA,NA,Southeast Missouri State,Southeast Missouri State,FALSE
401280296,2021-02-16,Southeast Missouri State,Austin Peay,321,2,5:38,338,638,Dylan Branson made Jumper.,57,65,-8,6,0.051852445971791124,0.08327221374882975,4,4,-6,138,"c(""Andrew Walton"", "" Scott Tierney"", "" Kevin Driver"")","Cape Girardeau, MO",Show Me Center,7000,279,NA,NA,Southeast Missouri State,made,Dylan Branson,NA,FALSE,FALSE,Southeast Missouri State,Austin Peay,FALSE
401280296,2021-02-16,Southeast Missouri State,Austin Peay,322,2,5:37,337,637,Southeast Missouri State  Timeout,57,65,-8,1,0.0516700176115626,0.08294336535390029,4,3,-6,138,"c(""Andrew Walton"", "" Scott Tierney"", "" Kevin Driver"")","Cape Girardeau, MO",Show Me Center,7000,279,NA,NA,NA,NA,NA,NA,NA,NA,Austin Peay,Austin Peay,FALSE
401280296,2021-02-16,Southeast Missouri State,Austin Peay,323,2,5:15,315,615,Terry Taylor Turnover.,57,65,-8,22,0.0472090619445166,0.07505267087283887,4,3,-6,138,"c(""Andrew Walton"", "" Scott Tierney"", "" Kevin Driver"")","Cape Girardeau, MO",Show Me Center,7000,279,NA,NA,NA,NA,NA,NA,NA,NA,Austin Peay,Southeast Missouri State,FALSE
401280296,2021-02-16,Southeast Missouri State,Austin Peay,324,2,4:58,298,598,Nana Akenten made Jumper. Assisted by Eric Reed Jr..,59,65,-6,17,0.08138018403228472,0.12550902062047112,4,3,-6,138,"c(""Andrew Walton"", "" Scott Tierney"", "" Kevin Driver"")","Cape Girardeau, MO",Show Me Center,7000,279,NA,NA,Southeast Missouri State,made,Nana Akenten,Eric Reed Jr,FALSE,FALSE,Southeast Missouri State,Austin Peay,FALSE
401280296,2021-02-16,Southeast Missouri State,Austin Peay,325,2,4:37,277,577,Tai'Reon Joseph missed Jumper.,59,65,-6,21,0.082343489471187,0.12547039547104893,4,3,-6,138,"c(""Andrew Walton"", "" Scott Tierney"", "" Kevin Driver"")","Cape Girardeau, MO",Show Me Center,7000,279,NA,NA,Austin Peay,missed,Tai'Reon Joseph,NA,FALSE,FALSE,Austin Peay,Southeast Missouri State,FALSE
401280296,2021-02-16,Southeast Missouri State,Austin Peay,326,2,4:37,277,577,Eric Reed Jr. Defensive Rebound.,59,65,-6,0,0.082343489471187,0.12547039547104893,4,3,-6,138,"c(""Andrew Walton"", "" Scott Tierney"", "" Kevin Driver"")","Cape Girardeau, MO",Show Me Center,7000,279,NA,NA,NA,NA,NA,NA,NA,NA,Austin Peay,Southeast Missouri State,FALSE
401280296,2021-02-16,Southeast Missouri State,Austin Peay,327,2,4:25,265,565,Chris Harris Turnover.,59,65,-6,12,0.08439334103079585,0.12759675610178434,4,3,-6,138,"c(""Andrew Walton"", "" Scott Tierney"", "" Kevin Driver"")","Cape Girardeau, MO",Show Me Center,7000,279,NA,NA,NA,NA,NA,NA,NA,NA,Southeast Missouri State,Austin Peay,FALSE
401280296,2021-02-16,Southeast Missouri State,Austin Peay,328,2,4:23,263,563,Elton Walker Steal.,59,65,-6,2,0.08477723250546708,0.12800711606555523,4,3,-6,138,"c(""Andrew Walton"", "" Scott Tierney"", "" Kevin Driver"")","Cape Girardeau, MO",Show Me Center,7000,279,NA,NA,NA,NA,NA,NA,NA,NA,Southeast Missouri State,Austin Peay,FALSE
401280296,2021-02-16,Southeast Missouri State,Austin Peay,329,2,4:12,252,552,Terry Taylor Turnover.,59,65,-6,11,0.08685626671828109,0.13018714103922902,4,3,-6,138,"c(""Andrew Walton"", "" Scott Tierney"", "" Kevin Driver"")","Cape Girardeau, MO",Show Me Center,7000,279,NA,NA,NA,NA,NA,NA,NA,NA,Austin Peay,Southeast Missouri State,FALSE
401280296,2021-02-16,Southeast Missouri State,Austin Peay,330,2,3:57,237,537,Eric Reed Jr. made Three Point Jumper. Assisted by Dylan Branson.,62,65,-3,15,0.20006075931363923,0.28037260169358347,4,3,-6,138,"c(""Andrew Walton"", "" Scott Tierney"", "" Kevin Driver"")","Cape Girardeau, MO",Show Me Center,7000,279,NA,NA,Southeast Missouri State,made,Eric Reed Jr.,Dylan Branson,TRUE,FALSE,Southeast Missouri State,Austin Peay,FALSE
401280296,2021-02-16,Southeast Missouri State,Austin Peay,331,2,3:45,225,525,Official TV Timeout,62,65,-3,12,0.2005808391652197,0.2793332199524712,4,3,-6,138,"c(""Andrew Walton"", "" Scott Tierney"", "" Kevin Driver"")","Cape Girardeau, MO",Show Me Center,7000,279,NA,NA,NA,NA,NA,NA,NA,NA,Austin Peay,Austin Peay,FALSE
401280296,2021-02-16,Southeast Missouri State,Austin Peay,332,2,3:24,204,504,Tai'Reon Joseph missed Three Point Jumper.,62,65,-3,21,0.19556348434705467,0.26989768680121584,4,3,-6,138,"c(""Andrew Walton"", "" Scott Tierney"", "" Kevin Driver"")","Cape Girardeau, MO",Show Me Center,7000,279,NA,NA,Austin Peay,missed,Tai'Reon Joseph,NA,TRUE,FALSE,Austin Peay,Austin Peay,FALSE
401280296,2021-02-16,Southeast Missouri State,Austin Peay,333,2,3:24,204,504,Terry Taylor Offensive Rebound.,62,65,-3,0,0.19556348434705467,0.26989768680121584,4,3,-6,138,"c(""Andrew Walton"", "" Scott Tierney"", "" Kevin Driver"")","Cape Girardeau, MO",Show Me Center,7000,279,NA,NA,NA,NA,NA,NA,NA,NA,Austin Peay,Austin Peay,FALSE
401280296,2021-02-16,Southeast Missouri State,Austin Peay,334,2,3:20,200,500,Terry Taylor missed Layup.,62,65,-3,4,0.1935164577256219,0.2667066664633636,4,3,-6,138,"c(""Andrew Walton"", "" Scott Tierney"", "" Kevin Driver"")","Cape Girardeau, MO",Show Me Center,7000,279,NA,NA,Austin Peay,missed,Terry Taylor,NA,FALSE,FALSE,Austin Peay,Austin Peay,FALSE
401280296,2021-02-16,Southeast Missouri State,Austin Peay,335,2,3:20,200,500,Terry Taylor Offensive Rebound.,62,65,-3,0,0.1935164577256219,0.2667066664633636,4,3,-6,138,"c(""Andrew Walton"", "" Scott Tierney"", "" Kevin Driver"")","Cape Girardeau, MO",Show Me Center,7000,279,NA,NA,NA,NA,NA,NA,NA,NA,Austin Peay,Austin Peay,FALSE
401280296,2021-02-16,Southeast Missouri State,Austin Peay,336,2,3:18,198,498,Foul on Eric Reed Jr..,62,65,-3,2,0.19234495033124166,0.2649221801991146,4,3,-6,138,"c(""Andrew Walton"", "" Scott Tierney"", "" Kevin Driver"")","Cape Girardeau, MO",Show Me Center,7000,279,NA,NA,NA,NA,NA,NA,NA,NA,Austin Peay,Austin Peay,FALSE
401280296,2021-02-16,Southeast Missouri State,Austin Peay,337,2,3:18,198,498,Terry Taylor made Free Throw.,62,66,-4,0,0.1449185639112515,0.20412325469351045,4,3,-6,138,"c(""Andrew Walton"", "" Scott Tierney"", "" Kevin Driver"")","Cape Girardeau, MO",Show Me Center,7000,279,NA,NA,Austin Peay,made,Terry Taylor,NA,FALSE,TRUE,Austin Peay,Austin Peay,FALSE
401280296,2021-02-16,Southeast Missouri State,Austin Peay,338,2,3:18,198,498,Terry Taylor made Free Throw.,62,67,-5,0,0.10762775140784663,0.1543477025871978,4,3,-6,138,"c(""Andrew Walton"", "" Scott Tierney"", "" Kevin Driver"")","Cape Girardeau, MO",Show Me Center,7000,279,NA,NA,Austin Peay,made,Terry Taylor,NA,FALSE,TRUE,Austin Peay,Southeast Missouri State,FALSE
401280296,2021-02-16,Southeast Missouri State,Austin Peay,339,2,2:56,176,476,Chris Harris made Layup. Assisted by Eric Reed Jr..,64,67,-3,22,0.17531534259176207,0.2399762538707685,4,3,-6,138,"c(""Andrew Walton"", "" Scott Tierney"", "" Kevin Driver"")","Cape Girardeau, MO",Show Me Center,7000,279,NA,NA,Southeast Missouri State,made,Chris Harris,Eric Reed Jr,FALSE,FALSE,Southeast Missouri State,Austin Peay,FALSE
401280296,2021-02-16,Southeast Missouri State,Austin Peay,340,2,2:36,156,456,Terry Taylor missed Layup.,64,67,-3,20,0.15897396637578537,0.21618075910799545,4,3,-6,138,"c(""Andrew Walton"", "" Scott Tierney"", "" Kevin Driver"")","Cape Girardeau, MO",Show Me Center,7000,279,NA,NA,Austin Peay,missed,Terry Taylor,NA,FALSE,FALSE,Austin Peay,Southeast Missouri State,FALSE
401280296,2021-02-16,Southeast Missouri State,Austin Peay,341,2,2:36,156,456,Nana Akenten Defensive Rebound.,64,67,-3,0,0.15897396637578537,0.21618075910799545,4,3,-6,138,"c(""Andrew Walton"", "" Scott Tierney"", "" Kevin Driver"")","Cape Girardeau, MO",Show Me Center,7000,279,NA,NA,NA,NA,NA,NA,NA,NA,Austin Peay,Southeast Missouri State,FALSE
401280296,2021-02-16,Southeast Missouri State,Austin Peay,342,2,2:14,134,434,Dylan Branson Turnover.,64,67,-3,22,0.1395191584039869,0.18816396225479465,4,3,-6,138,"c(""Andrew Walton"", "" Scott Tierney"", "" Kevin Driver"")","Cape Girardeau, MO",Show Me Center,7000,279,NA,NA,NA,NA,NA,NA,NA,NA,Southeast Missouri State,Austin Peay,FALSE
401280296,2021-02-16,Southeast Missouri State,Austin Peay,343,2,2:11,131,431,Elton Walker Steal.,64,67,-3,3,0.13669602203988132,0.18413385487703654,4,3,-6,138,"c(""Andrew Walton"", "" Scott Tierney"", "" Kevin Driver"")","Cape Girardeau, MO",Show Me Center,7000,279,NA,NA,NA,NA,NA,NA,NA,NA,Southeast Missouri State,Austin Peay,FALSE
401280296,2021-02-16,Southeast Missouri State,Austin Peay,344,2,1:56,116,416,Terry Taylor Turnover.,64,67,-3,15,0.12192317918221988,0.1631880608754526,4,3,-6,138,"c(""Andrew Walton"", "" Scott Tierney"", "" Kevin Driver"")","Cape Girardeau, MO",Show Me Center,7000,279,NA,NA,NA,NA,NA,NA,NA,NA,Austin Peay,Southeast Missouri State,FALSE
401280296,2021-02-16,Southeast Missouri State,Austin Peay,345,2,1:46,106,406,Foul on Alec Woodard.,64,67,-3,10,0.11150751529089668,0.14855486459770081,4,3,-6,138,"c(""Andrew Walton"", "" Scott Tierney"", "" Kevin Driver"")","Cape Girardeau, MO",Show Me Center,7000,279,NA,NA,NA,NA,NA,NA,NA,NA,Southeast Missouri State,Austin Peay,FALSE
401280296,2021-02-16,Southeast Missouri State,Austin Peay,346,2,1:46,106,406,Chris Harris made Free Throw.,65,67,-2,0,0.1834058697061534,0.2379435553065749,4,3,-6,138,"c(""Andrew Walton"", "" Scott Tierney"", "" Kevin Driver"")","Cape Girardeau, MO",Show Me Center,7000,279,NA,NA,Southeast Missouri State,made,Chris Harris,NA,FALSE,TRUE,Southeast Missouri State,Southeast Missouri State,FALSE
401280296,2021-02-16,Southeast Missouri State,Austin Peay,347,2,1:46,106,406,Chris Harris missed Free Throw.,65,67,-2,0,0.1834058697061534,0.2379435553065749,4,3,-6,138,"c(""Andrew Walton"", "" Scott Tierney"", "" Kevin Driver"")","Cape Girardeau, MO",Show Me Center,7000,279,NA,NA,Southeast Missouri State,missed,Chris Harris,NA,FALSE,TRUE,Southeast Missouri State,Austin Peay,FALSE
401280296,2021-02-16,Southeast Missouri State,Austin Peay,348,2,1:46,106,406,Terry Taylor Defensive Rebound.,65,67,-2,0,0.1834058697061534,0.2379435553065749,4,3,-6,138,"c(""Andrew Walton"", "" Scott Tierney"", "" Kevin Driver"")","Cape Girardeau, MO",Show Me Center,7000,279,NA,NA,NA,NA,NA,NA,NA,NA,Southeast Missouri State,Austin Peay,FALSE
401280296,2021-02-16,Southeast Missouri State,Austin Peay,349,2,1:16,76,376,Terry Taylor missed Layup.,65,67,-2,30,0.150994004968727,0.19316839301624314,4,3,-6,138,"c(""Andrew Walton"", "" Scott Tierney"", "" Kevin Driver"")","Cape Girardeau, MO",Show Me Center,7000,279,NA,NA,Austin Peay,missed,Terry Taylor,NA,FALSE,FALSE,Austin Peay,Austin Peay,FALSE
401280296,2021-02-16,Southeast Missouri State,Austin Peay,350,2,1:16,76,376,Terry Taylor Offensive Rebound.,65,67,-2,0,0.150994004968727,0.19316839301624314,4,3,-6,138,"c(""Andrew Walton"", "" Scott Tierney"", "" Kevin Driver"")","Cape Girardeau, MO",Show Me Center,7000,279,NA,NA,NA,NA,NA,NA,NA,NA,Austin Peay,Austin Peay,FALSE
401280296,2021-02-16,Southeast Missouri State,Austin Peay,351,2,1:13,73,373,Terry Taylor made Layup.,65,69,-4,3,0.03871745902012721,0.05126864867223338,4,3,-6,138,"c(""Andrew Walton"", "" Scott Tierney"", "" Kevin Driver"")","Cape Girardeau, MO",Show Me Center,7000,279,NA,NA,Austin Peay,made,Terry Taylor,NA,FALSE,FALSE,Austin Peay,Southeast Missouri State,FALSE
401280296,2021-02-16,Southeast Missouri State,Austin Peay,352,2,0:58,58,358,Southeast Missouri State  Timeout,65,69,-4,15,0.02911955348015137,0.03805480042659379,4,2,-6,138,"c(""Andrew Walton"", "" Scott Tierney"", "" Kevin Driver"")","Cape Girardeau, MO",Show Me Center,7000,279,NA,NA,NA,NA,NA,NA,NA,NA,Southeast Missouri State,Southeast Missouri State,FALSE
401280296,2021-02-16,Southeast Missouri State,Austin Peay,353,2,0:54,54,354,Eric Reed Jr. made Three Point Jumper. Assisted by Dylan Branson.,68,69,-1,4,0.2494548736337349,0.3037927896996413,4,2,-6,138,"c(""Andrew Walton"", "" Scott Tierney"", "" Kevin Driver"")","Cape Girardeau, MO",Show Me Center,7000,279,NA,NA,Southeast Missouri State,made,Eric Reed Jr.,Dylan Branson,TRUE,FALSE,Southeast Missouri State,Austin Peay,FALSE
401280296,2021-02-16,Southeast Missouri State,Austin Peay,354,2,0:33,33,333,Terry Taylor made Layup.,68,71,-3,21,0.04290489651781108,0.05427905517869263,4,2,-6,138,"c(""Andrew Walton"", "" Scott Tierney"", "" Kevin Driver"")","Cape Girardeau, MO",Show Me Center,7000,279,NA,NA,Austin Peay,made,Terry Taylor,NA,FALSE,FALSE,Austin Peay,Southeast Missouri State,FALSE
401280296,2021-02-16,Southeast Missouri State,Austin Peay,355,2,0:33,33,333,Austin Peay  Timeout,68,71,-3,0,0.04290489651781108,0.05427905517869263,3,2,-6,138,"c(""Andrew Walton"", "" Scott Tierney"", "" Kevin Driver"")","Cape Girardeau, MO",Show Me Center,7000,279,NA,NA,NA,NA,NA,NA,NA,NA,Austin Peay,Southeast Missouri State,FALSE
401280296,2021-02-16,Southeast Missouri State,Austin Peay,356,2,0:20,20,320,Chris Harris made Jumper.,70,71,-1,13,0.2198484960534428,0.26200730844051134,3,2,-6,138,"c(""Andrew Walton"", "" Scott Tierney"", "" Kevin Driver"")","Cape Girardeau, MO",Show Me Center,7000,279,NA,NA,Southeast Missouri State,made,Chris Harris,NA,FALSE,FALSE,Southeast Missouri State,Austin Peay,FALSE
401280296,2021-02-16,Southeast Missouri State,Austin Peay,357,2,0:14,14,314,Foul on Darrious Agnew.,70,71,-1,6,0.21425555544464947,0.25424668313989673,3,2,-6,138,"c(""Andrew Walton"", "" Scott Tierney"", "" Kevin Driver"")","Cape Girardeau, MO",Show Me Center,7000,279,NA,NA,NA,NA,NA,NA,NA,NA,Austin Peay,Austin Peay,FALSE
401280296,2021-02-16,Southeast Missouri State,Austin Peay,358,2,0:14,14,314,Carlos Paez made Free Throw.,70,72,-2,0,0.08505607764254991,0.10412770804069946,3,2,-6,138,"c(""Andrew Walton"", "" Scott Tierney"", "" Kevin Driver"")","Cape Girardeau, MO",Show Me Center,7000,279,NA,NA,Austin Peay,made,Carlos Paez,NA,FALSE,TRUE,Austin Peay,Austin Peay,FALSE
401280296,2021-02-16,Southeast Missouri State,Austin Peay,359,2,0:14,14,314,Carlos Paez made Free Throw.,70,73,-3,0,0.03071993262362888,0.03811563608747347,3,2,-6,138,"c(""Andrew Walton"", "" Scott Tierney"", "" Kevin Driver"")","Cape Girardeau, MO",Show Me Center,7000,279,NA,NA,Austin Peay,made,Carlos Paez,NA,FALSE,TRUE,Austin Peay,Southeast Missouri State,FALSE
401280296,2021-02-16,Southeast Missouri State,Austin Peay,360,2,0:03,3,303,Darrious Agnew made Three Point Jumper. Assisted by Chris Harris.,73,73,0,11,0.4479102312672921,0.5,3,2,-6,138,"c(""Andrew Walton"", "" Scott Tierney"", "" Kevin Driver"")","Cape Girardeau, MO",Show Me Center,7000,279,NA,NA,Southeast Missouri State,made,Darrious Agnew,Chris Harris,TRUE,FALSE,Southeast Missouri State,Austin Peay,FALSE
401280296,2021-02-16,Southeast Missouri State,Austin Peay,361,2,0:00,300,300,End of 2nd half,73,73,0,3,0.38137026251020706,0.5,3,2,-6,138,"c(""Andrew Walton"", "" Scott Tierney"", "" Kevin Driver"")","Cape Girardeau, MO",Show Me Center,7000,279,NA,NA,NA,NA,NA,NA,NA,NA,Austin Peay,NA,FALSE
401280296,2021-02-16,Southeast Missouri State,Austin Peay,362,3,5:00,300,300,PLAY,73,73,0,0,0.38137026251020706,0.5,4,3,-6,138,"c(""Andrew Walton"", "" Scott Tierney"", "" Kevin Driver"")","Cape Girardeau, MO",Show Me Center,7000,279,NA,NA,NA,NA,NA,NA,NA,NA,NA,Southeast Missouri State,FALSE
401280296,2021-02-16,Southeast Missouri State,Austin Peay,363,3,4:40,280,280,Darrious Agnew missed Jumper.,73,73,0,20,0.38433450763649313,0.5,4,3,-6,138,"c(""Andrew Walton"", "" Scott Tierney"", "" Kevin Driver"")","Cape Girardeau, MO",Show Me Center,7000,279,NA,NA,Southeast Missouri State,missed,Darrious Agnew,NA,FALSE,FALSE,Southeast Missouri State,Austin Peay,FALSE
401280296,2021-02-16,Southeast Missouri State,Austin Peay,364,3,4:40,280,280,Terry Taylor Defensive Rebound.,73,73,0,0,0.38433450763649313,0.5,4,3,-6,138,"c(""Andrew Walton"", "" Scott Tierney"", "" Kevin Driver"")","Cape Girardeau, MO",Show Me Center,7000,279,NA,NA,NA,NA,NA,NA,NA,NA,Southeast Missouri State,Austin Peay,FALSE
401280296,2021-02-16,Southeast Missouri State,Austin Peay,365,3,4:21,261,261,Reginald Gee made Jumper. Assisted by Elton Walker.,73,75,-2,19,0.25020935634472247,0.34562370018510946,4,3,-6,138,"c(""Andrew Walton"", "" Scott Tierney"", "" Kevin Driver"")","Cape Girardeau, MO",Show Me Center,7000,279,NA,NA,Austin Peay,made,Reginald Gee,Elton Walker,FALSE,FALSE,Austin Peay,Southeast Missouri State,FALSE
401280296,2021-02-16,Southeast Missouri State,Austin Peay,366,3,4:07,247,247,Foul on Reginald Gee.,73,75,-2,14,0.25335408577537544,0.34733723697313945,4,3,-6,138,"c(""Andrew Walton"", "" Scott Tierney"", "" Kevin Driver"")","Cape Girardeau, MO",Show Me Center,7000,279,NA,NA,NA,NA,NA,NA,NA,NA,Southeast Missouri State,Southeast Missouri State,FALSE
401280296,2021-02-16,Southeast Missouri State,Austin Peay,367,3,4:07,247,247,Darrious Agnew missed Free Throw.,73,75,-2,0,0.25335408577537544,0.34733723697313945,4,3,-6,138,"c(""Andrew Walton"", "" Scott Tierney"", "" Kevin Driver"")","Cape Girardeau, MO",Show Me Center,7000,279,NA,NA,Southeast Missouri State,missed,Darrious Agnew,NA,FALSE,TRUE,Southeast Missouri State,Southeast Missouri State,FALSE
401280296,2021-02-16,Southeast Missouri State,Austin Peay,368,3,4:07,247,247,Southeast Missouri State Deadball Team Rebound.,73,75,-2,0,0.25335408577537544,0.34733723697313945,4,3,-6,138,"c(""Andrew Walton"", "" Scott Tierney"", "" Kevin Driver"")","Cape Girardeau, MO",Show Me Center,7000,279,NA,NA,NA,NA,NA,NA,NA,NA,Southeast Missouri State,Southeast Missouri State,FALSE
401280296,2021-02-16,Southeast Missouri State,Austin Peay,369,3,4:07,247,247,Darrious Agnew made Free Throw.,74,75,-1,0,0.31747050776183333,0.4218015538150831,4,3,-6,138,"c(""Andrew Walton"", "" Scott Tierney"", "" Kevin Driver"")","Cape Girardeau, MO",Show Me Center,7000,279,NA,NA,Southeast Missouri State,made,Darrious Agnew,NA,FALSE,TRUE,Southeast Missouri State,Austin Peay,FALSE
401280296,2021-02-16,Southeast Missouri State,Austin Peay,370,3,3:37,217,217,Alec Woodard missed Three Point Jumper.,74,75,-1,30,0.3210904076512906,0.42074821976130244,4,3,-6,138,"c(""Andrew Walton"", "" Scott Tierney"", "" Kevin Driver"")","Cape Girardeau, MO",Show Me Center,7000,279,NA,NA,Austin Peay,missed,Alec Woodard,NA,TRUE,FALSE,Austin Peay,Southeast Missouri State,FALSE
401280296,2021-02-16,Southeast Missouri State,Austin Peay,371,3,3:37,217,217,Nana Akenten Defensive Rebound.,74,75,-1,0,0.3210904076512906,0.42074821976130244,4,3,-6,138,"c(""Andrew Walton"", "" Scott Tierney"", "" Kevin Driver"")","Cape Girardeau, MO",Show Me Center,7000,279,NA,NA,NA,NA,NA,NA,NA,NA,Austin Peay,Southeast Missouri State,FALSE
401280296,2021-02-16,Southeast Missouri State,Austin Peay,372,3,3:35,215,215,Foul on Reginald Gee.,74,75,-1,2,0.32112306922106215,0.42042139631392444,4,3,-6,138,"c(""Andrew Walton"", "" Scott Tierney"", "" Kevin Driver"")","Cape Girardeau, MO",Show Me Center,7000,279,NA,NA,NA,NA,NA,NA,NA,NA,Southeast Missouri State,Southeast Missouri State,FALSE
401280296,2021-02-16,Southeast Missouri State,Austin Peay,373,3,3:35,215,215,Nana Akenten made Free Throw.,75,75,0,0,0.3947063464561376,0.5,4,3,-6,138,"c(""Andrew Walton"", "" Scott Tierney"", "" Kevin Driver"")","Cape Girardeau, MO",Show Me Center,7000,279,NA,NA,Southeast Missouri State,made,Nana Akenten,NA,FALSE,TRUE,Southeast Missouri State,Southeast Missouri State,FALSE
401280296,2021-02-16,Southeast Missouri State,Austin Peay,374,3,3:35,215,215,Nana Akenten made Free Throw.,76,75,1,0,0.47339318309041784,0.5795786036860755,4,3,-6,138,"c(""Andrew Walton"", "" Scott Tierney"", "" Kevin Driver"")","Cape Girardeau, MO",Show Me Center,7000,279,NA,NA,Southeast Missouri State,made,Nana Akenten,NA,FALSE,TRUE,Southeast Missouri State,Austin Peay,FALSE
401280296,2021-02-16,Southeast Missouri State,Austin Peay,375,3,3:08,188,188,Alec Woodard made Three Point Jumper. Assisted by Carlos Paez.,76,78,-2,27,0.24529073577676405,0.3278464995354239,4,3,-6,138,"c(""Andrew Walton"", "" Scott Tierney"", "" Kevin Driver"")","Cape Girardeau, MO",Show Me Center,7000,279,NA,NA,Austin Peay,made,Alec Woodard,Carlos Paez,TRUE,FALSE,Austin Peay,Southeast Missouri State,FALSE
401280296,2021-02-16,Southeast Missouri State,Austin Peay,376,3,2:46,166,166,Eric Reed Jr. Turnover.,76,78,-2,22,0.23162657391381017,0.30739105908607134,4,3,-6,138,"c(""Andrew Walton"", "" Scott Tierney"", "" Kevin Driver"")","Cape Girardeau, MO",Show Me Center,7000,279,NA,NA,NA,NA,NA,NA,NA,NA,Southeast Missouri State,Austin Peay,FALSE
401280296,2021-02-16,Southeast Missouri State,Austin Peay,377,3,2:45,165,165,Elton Walker Steal.,76,78,-2,1,0.2309838544198033,0.30643282813851236,4,3,-6,138,"c(""Andrew Walton"", "" Scott Tierney"", "" Kevin Driver"")","Cape Girardeau, MO",Show Me Center,7000,279,NA,NA,NA,NA,NA,NA,NA,NA,Southeast Missouri State,Austin Peay,FALSE
401280296,2021-02-16,Southeast Missouri State,Austin Peay,378,3,2:26,146,146,Terry Taylor missed Jumper.,76,78,-2,19,0.21801648199582319,0.2872793565164053,4,3,-6,138,"c(""Andrew Walton"", "" Scott Tierney"", "" Kevin Driver"")","Cape Girardeau, MO",Show Me Center,7000,279,NA,NA,Austin Peay,missed,Terry Taylor,NA,FALSE,FALSE,Austin Peay,Southeast Missouri State,FALSE
401280296,2021-02-16,Southeast Missouri State,Austin Peay,379,3,2:26,146,146,Nygal Russell Defensive Rebound.,76,78,-2,0,0.21801648199582319,0.2872793565164053,4,3,-6,138,"c(""Andrew Walton"", "" Scott Tierney"", "" Kevin Driver"")","Cape Girardeau, MO",Show Me Center,7000,279,NA,NA,NA,NA,NA,NA,NA,NA,Austin Peay,Southeast Missouri State,FALSE
401280296,2021-02-16,Southeast Missouri State,Austin Peay,380,3,1:58,118,118,Foul on Alec Woodard.,76,78,-2,28,0.19504576028509588,0.25428272934715357,4,3,-6,138,"c(""Andrew Walton"", "" Scott Tierney"", "" Kevin Driver"")","Cape Girardeau, MO",Show Me Center,7000,279,NA,NA,NA,NA,NA,NA,NA,NA,Southeast Missouri State,Southeast Missouri State,FALSE
401280296,2021-02-16,Southeast Missouri State,Austin Peay,381,3,1:58,118,118,Chris Harris made Free Throw.,77,78,-1,0,0.29326039743222254,0.36866461896302666,4,3,-6,138,"c(""Andrew Walton"", "" Scott Tierney"", "" Kevin Driver"")","Cape Girardeau, MO",Show Me Center,7000,279,NA,NA,Southeast Missouri State,made,Chris Harris,NA,FALSE,TRUE,Southeast Missouri State,Southeast Missouri State,FALSE
401280296,2021-02-16,Southeast Missouri State,Austin Peay,382,3,1:58,118,118,Chris Harris made Free Throw.,78,78,0,0,0.41540837534231156,0.5,4,3,-6,138,"c(""Andrew Walton"", "" Scott Tierney"", "" Kevin Driver"")","Cape Girardeau, MO",Show Me Center,7000,279,NA,NA,Southeast Missouri State,made,Chris Harris,NA,FALSE,TRUE,Southeast Missouri State,Austin Peay,FALSE
401280296,2021-02-16,Southeast Missouri State,Austin Peay,383,3,1:41,101,101,Carlos Paez Turnover.,78,78,0,17,0.419641217891324,0.5,4,3,-6,138,"c(""Andrew Walton"", "" Scott Tierney"", "" Kevin Driver"")","Cape Girardeau, MO",Show Me Center,7000,279,NA,NA,NA,NA,NA,NA,NA,NA,Austin Peay,Southeast Missouri State,FALSE
401280296,2021-02-16,Southeast Missouri State,Austin Peay,384,3,1:35,95,95,Eric Reed Jr. Steal.,78,78,0,6,0.42118848976688583,0.5,4,3,-6,138,"c(""Andrew Walton"", "" Scott Tierney"", "" Kevin Driver"")","Cape Girardeau, MO",Show Me Center,7000,279,NA,NA,NA,NA,NA,NA,NA,NA,Austin Peay,Southeast Missouri State,FALSE
401280296,2021-02-16,Southeast Missouri State,Austin Peay,385,3,1:26,86,86,Foul on Elton Walker.,78,78,0,9,0.4235480835228005,0.5,4,3,-6,138,"c(""Andrew Walton"", "" Scott Tierney"", "" Kevin Driver"")","Cape Girardeau, MO",Show Me Center,7000,279,NA,NA,NA,NA,NA,NA,NA,NA,Southeast Missouri State,Southeast Missouri State,FALSE
401280296,2021-02-16,Southeast Missouri State,Austin Peay,386,3,1:26,86,86,Nygal Russell missed Free Throw.,78,78,0,0,0.4235480835228005,0.5,4,3,-6,138,"c(""Andrew Walton"", "" Scott Tierney"", "" Kevin Driver"")","Cape Girardeau, MO",Show Me Center,7000,279,NA,NA,Southeast Missouri State,missed,Nygal Russell,NA,FALSE,TRUE,Southeast Missouri State,Southeast Missouri State,FALSE
401280296,2021-02-16,Southeast Missouri State,Austin Peay,387,3,1:26,86,86,Southeast Missouri State Deadball Team Rebound.,78,78,0,0,0.4235480835228005,0.5,4,3,-6,138,"c(""Andrew Walton"", "" Scott Tierney"", "" Kevin Driver"")","Cape Girardeau, MO",Show Me Center,7000,279,NA,NA,NA,NA,NA,NA,NA,NA,Southeast Missouri State,Southeast Missouri State,FALSE
401280296,2021-02-16,Southeast Missouri State,Austin Peay,388,3,1:26,86,86,Nygal Russell made Free Throw.,79,78,1,0,0.5889790920853674,0.6610487922584657,4,3,-6,138,"c(""Andrew Walton"", "" Scott Tierney"", "" Kevin Driver"")","Cape Girardeau, MO",Show Me Center,7000,279,NA,NA,Southeast Missouri State,made,Nygal Russell,NA,FALSE,TRUE,Southeast Missouri State,Austin Peay,FALSE
401280296,2021-02-16,Southeast Missouri State,Austin Peay,389,3,1:05,65,65,Alec Woodard Turnover.,79,78,1,21,0.619043875887227,0.683604056717259,4,3,-6,138,"c(""Andrew Walton"", "" Scott Tierney"", "" Kevin Driver"")","Cape Girardeau, MO",Show Me Center,7000,279,NA,NA,NA,NA,NA,NA,NA,NA,Austin Peay,Southeast Missouri State,FALSE
401280296,2021-02-16,Southeast Missouri State,Austin Peay,390,3,0:44,44,44,Eric Reed Jr. made Three Point Jumper. Assisted by Darrious Agnew.,82,78,4,21,0.9638772565289271,0.9719266736616777,4,3,-6,138,"c(""Andrew Walton"", "" Scott Tierney"", "" Kevin Driver"")","Cape Girardeau, MO",Show Me Center,7000,279,NA,NA,Southeast Missouri State,made,Eric Reed Jr.,Darrious Agnew,TRUE,FALSE,Southeast Missouri State,Austin Peay,FALSE
401280296,2021-02-16,Southeast Missouri State,Austin Peay,391,3,0:43,43,43,Austin Peay  Timeout,82,78,4,1,0.9647277707708507,0.9725611464308712,3,3,-6,138,"c(""Andrew Walton"", "" Scott Tierney"", "" Kevin Driver"")","Cape Girardeau, MO",Show Me Center,7000,279,NA,NA,NA,NA,NA,NA,NA,NA,Austin Peay,Austin Peay,FALSE
401280296,2021-02-16,Southeast Missouri State,Austin Peay,392,3,0:23,23,23,Mike Peake made Three Point Jumper. Assisted by Carlos Paez.,82,81,1,20,0.6859442846075823,0.7341873282778076,3,3,-6,138,"c(""Andrew Walton"", "" Scott Tierney"", "" Kevin Driver"")","Cape Girardeau, MO",Show Me Center,7000,279,NA,NA,Austin Peay,made,Mike Peake,Carlos Paez,TRUE,FALSE,Austin Peay,Austin Peay,FALSE
401280296,2021-02-16,Southeast Missouri State,Austin Peay,393,3,0:23,23,23,Austin Peay  Timeout,82,81,1,0,0.6859442846075823,0.7341873282778076,2,3,-6,138,"c(""Andrew Walton"", "" Scott Tierney"", "" Kevin Driver"")","Cape Girardeau, MO",Show Me Center,7000,279,NA,NA,NA,NA,NA,NA,NA,NA,Austin Peay,Austin Peay,FALSE
401280296,2021-02-16,Southeast Missouri State,Austin Peay,394,3,0:23,23,23,Dylan Branson Turnover.,82,81,1,0,0.6859442846075823,0.7341873282778076,2,3,-6,138,"c(""Andrew Walton"", "" Scott Tierney"", "" Kevin Driver"")","Cape Girardeau, MO",Show Me Center,7000,279,NA,NA,NA,NA,NA,NA,NA,NA,Austin Peay,Austin Peay,FALSE
401280296,2021-02-16,Southeast Missouri State,Austin Peay,395,3,0:20,20,20,Austin Peay  Timeout,82,81,1,3,0.6909519599960993,0.7379926915594887,1,3,-6,138,"c(""Andrew Walton"", "" Scott Tierney"", "" Kevin Driver"")","Cape Girardeau, MO",Show Me Center,7000,279,NA,NA,NA,NA,NA,NA,NA,NA,Austin Peay,Austin Peay,FALSE
401280296,2021-02-16,Southeast Missouri State,Austin Peay,396,3,0:15,15,15,Carlos Paez Turnover.,82,81,1,5,0.6994268264015058,0.7444485703793552,1,3,-6,138,"c(""Andrew Walton"", "" Scott Tierney"", "" Kevin Driver"")","Cape Girardeau, MO",Show Me Center,7000,279,NA,NA,NA,NA,NA,NA,NA,NA,Austin Peay,Southeast Missouri State,FALSE
401280296,2021-02-16,Southeast Missouri State,Austin Peay,397,3,0:13,13,13,Nygal Russell Steal.,82,81,1,2,0.7028509836341239,0.7470617047139647,1,3,-6,138,"c(""Andrew Walton"", "" Scott Tierney"", "" Kevin Driver"")","Cape Girardeau, MO",Show Me Center,7000,279,NA,NA,NA,NA,NA,NA,NA,NA,Austin Peay,Southeast Missouri State,FALSE
401280296,2021-02-16,Southeast Missouri State,Austin Peay,398,3,0:11,11,11,Nygal Russell made Dunk.,84,81,3,2,0.9556943694008556,0.9641134250897672,1,3,-6,138,"c(""Andrew Walton"", "" Scott Tierney"", "" Kevin Driver"")","Cape Girardeau, MO",Show Me Center,7000,279,NA,NA,Southeast Missouri State,made,Nygal Russell,NA,FALSE,FALSE,Southeast Missouri State,Austin Peay,FALSE
401280296,2021-02-16,Southeast Missouri State,Austin Peay,399,3,0:11,11,11,Southeast Missouri State  Timeout,84,81,3,0,0.9556943694008556,0.9641134250897672,1,2,-6,138,"c(""Andrew Walton"", "" Scott Tierney"", "" Kevin Driver"")","Cape Girardeau, MO",Show Me Center,7000,279,NA,NA,NA,NA,NA,NA,NA,NA,Southeast Missouri State,Austin Peay,FALSE
401280296,2021-02-16,Southeast Missouri State,Austin Peay,400,3,0:02,2,2,Foul on Alec Woodard.,84,81,3,9,0.9636120739803044,0.9702365242832658,1,2,-6,138,"c(""Andrew Walton"", "" Scott Tierney"", "" Kevin Driver"")","Cape Girardeau, MO",Show Me Center,7000,279,NA,NA,NA,NA,NA,NA,NA,NA,Southeast Missouri State,Southeast Missouri State,FALSE
401280296,2021-02-16,Southeast Missouri State,Austin Peay,401,3,0:02,2,2,Nana Akenten made Free Throw.,85,81,4,0,0.9883170274417981,0.990488316468114,1,2,-6,138,"c(""Andrew Walton"", "" Scott Tierney"", "" Kevin Driver"")","Cape Girardeau, MO",Show Me Center,7000,279,NA,NA,Southeast Missouri State,made,Nana Akenten,NA,FALSE,TRUE,Southeast Missouri State,Southeast Missouri State,FALSE
401280296,2021-02-16,Southeast Missouri State,Austin Peay,402,3,0:02,2,2,Nana Akenten made Free Throw.,86,81,5,0,0.9963131543860275,0.9970028640030048,1,2,-6,138,"c(""Andrew Walton"", "" Scott Tierney"", "" Kevin Driver"")","Cape Girardeau, MO",Show Me Center,7000,279,NA,NA,Southeast Missouri State,made,Nana Akenten,NA,FALSE,TRUE,Southeast Missouri State,Austin Peay,FALSE
401280296,2021-02-16,Southeast Missouri State,Austin Peay,403,3,0:01,1,1,Terry Taylor missed Three Point Jumper.,84,81,3,1,0.9644180162420304,0.9708630270713,1,2,-6,138,"c(""Andrew Walton"", "" Scott Tierney"", "" Kevin Driver"")","Cape Girardeau, MO",Show Me Center,7000,279,NA,NA,Austin Peay,missed,Terry Taylor,NA,TRUE,FALSE,Austin Peay,Southeast Missouri State,TRUE
401280296,2021-02-16,Southeast Missouri State,Austin Peay,404,3,0:01,1,1,Nana Akenten Defensive Rebound.,84,81,3,0,0.9644180162420304,0.9708630270713,1,2,-6,138,"c(""Andrew Walton"", "" Scott Tierney"", "" Kevin Driver"")","Cape Girardeau, MO",Show Me Center,7000,279,NA,NA,NA,NA,NA,NA,NA,NA,Austin Peay,Southeast Missouri State,FALSE
401280296,2021-02-16,Southeast Missouri State,Austin Peay,405,3,0:00,0,0,End of Game,86,81,5,1,1,1,1,2,-6,138,"c(""Andrew Walton"", "" Scott Tierney"", "" Kevin Driver"")","Cape Girardeau, MO",Show Me Center,7000,279,NA,NA,NA,NA,NA,NA,NA,NA,Southeast Missouri State,NA,FALSE
