game_id,date,home,away,play_id,half,time_remaining_half,secs_remaining,secs_remaining_absolute,description,home_score,away_score,score_diff,play_length,win_prob,naive_win_prob,home_time_out_remaining,away_time_out_remaining,home_favored_by,shot_x,shot_y,shot_team,shot_outcome,shooter,assist,three_pt,free_throw,possession_before,possession_after
400990841,2018-02-08,Central Connecticut,Mt. St. Mary's,1,1,20:00:00,2400,2400,PLAY,0,0,0,0,0.5,0.5,4,4,NA,NA,NA,NA,NA,NA,NA,NA,NA,NA,Mt. St. Mary's
400990841,2018-02-08,Central Connecticut,Mt. St. Mary's,2,1,19:30:00,2370,2370,Junior Robinson missed Layup.,0,0,0,30,0.5,0.5,4,4,NA,NA,NA,Mt. St. Mary's,missed,Junior Robinson,NA,FALSE,FALSE,Mt. St. Mary's,Central Connecticut
400990841,2018-02-08,Central Connecticut,Mt. St. Mary's,3,1,19:30:00,2370,2370,Deion Bute Defensive Rebound.,0,0,0,0,0.5,0.5,4,4,NA,NA,NA,NA,NA,NA,NA,NA,NA,Mt. St. Mary's,Central Connecticut
400990841,2018-02-08,Central Connecticut,Mt. St. Mary's,4,1,19:05:00,2345,2345,Eric Bowles missed Jumper.,0,0,0,25,0.5,0.5,4,4,NA,NA,NA,Central Connecticut,missed,Eric Bowles,NA,FALSE,FALSE,Central Connecticut,Mt. St. Mary's
400990841,2018-02-08,Central Connecticut,Mt. St. Mary's,5,1,19:05:00,2345,2345,Bobby Planutis Defensive Rebound.,0,0,0,0,0.5,0.5,4,4,NA,NA,NA,NA,NA,NA,NA,NA,NA,Central Connecticut,Mt. St. Mary's
400990841,2018-02-08,Central Connecticut,Mt. St. Mary's,6,1,18:58:00,2338,2338,Chris Wray made Dunk. Assisted by Junior Robinson.,0,2,-2,7,0.4546487271837898,0.4546487271837898,4,4,NA,NA,NA,Mt. St. Mary's,made,Chris Wray,Junior Robinson,FALSE,FALSE,Mt. St. Mary's,Central Connecticut
400990841,2018-02-08,Central Connecticut,Mt. St. Mary's,7,1,18:27:00,2307,2307,Tyler Kohl missed Three Point Jumper.,0,2,-2,31,0.4539678046865719,0.4539678046865719,4,4,NA,NA,NA,Central Connecticut,missed,Tyler Kohl,NA,TRUE,FALSE,Central Connecticut,Central Connecticut
400990841,2018-02-08,Central Connecticut,Mt. St. Mary's,8,1,18:27:00,2307,2307,Austin Nehls Offensive Rebound.,0,2,-2,0,0.4539678046865719,0.4539678046865719,4,4,NA,NA,NA,NA,NA,NA,NA,NA,NA,Central Connecticut,Central Connecticut
400990841,2018-02-08,Central Connecticut,Mt. St. Mary's,9,1,18:18:00,2298,2298,Deion Bute missed Layup.,0,2,-2,9,0.45376813915373904,0.45376813915373904,4,4,NA,NA,NA,Central Connecticut,missed,Deion Bute,NA,FALSE,FALSE,Central Connecticut,Mt. St. Mary's
400990841,2018-02-08,Central Connecticut,Mt. St. Mary's,10,1,18:18:00,2298,2298,Chris Wray Block.,0,2,-2,0,0.45376813915373904,0.45376813915373904,4,4,NA,NA,NA,NA,NA,NA,NA,NA,NA,Central Connecticut,Mt. St. Mary's
400990841,2018-02-08,Central Connecticut,Mt. St. Mary's,11,1,18:16:00,2296,2296,Jonah Antonio Defensive Rebound.,0,2,-2,2,0.4537236562407298,0.4537236562407298,4,4,NA,NA,NA,NA,NA,NA,NA,NA,NA,Central Connecticut,Mt. St. Mary's
400990841,2018-02-08,Central Connecticut,Mt. St. Mary's,12,1,17:55:00,2275,2275,Foul on Deion Bute.,0,2,-2,21,0.4532542448184906,0.4532542448184906,4,4,NA,NA,NA,NA,NA,NA,NA,NA,NA,Mt. St. Mary's,Mt. St. Mary's
400990841,2018-02-08,Central Connecticut,Mt. St. Mary's,13,1,17:39:00,2259,2259,Bobby Planutis made Three Point Jumper. Assisted by Chris Wray.,0,5,-5,16,0.3840337208970851,0.3840337208970851,4,4,NA,NA,NA,Mt. St. Mary's,made,Bobby Planutis,Chris Wray,TRUE,FALSE,Mt. St. Mary's,Central Connecticut
400990841,2018-02-08,Central Connecticut,Mt. St. Mary's,14,1,17:21:00,2241,2241,Austin Nehls missed Three Point Jumper.,0,5,-5,18,0.3830607787356199,0.3830607787356199,4,4,NA,NA,NA,Central Connecticut,missed,Austin Nehls,NA,TRUE,FALSE,Central Connecticut,Mt. St. Mary's
400990841,2018-02-08,Central Connecticut,Mt. St. Mary's,15,1,17:21:00,2241,2241,Donald Carey Defensive Rebound.,0,5,-5,0,0.3830607787356199,0.3830607787356199,4,4,NA,NA,NA,NA,NA,NA,NA,NA,NA,Central Connecticut,Mt. St. Mary's
400990841,2018-02-08,Central Connecticut,Mt. St. Mary's,16,1,17:09:00,2229,2229,Junior Robinson missed Three Point Jumper.,0,5,-5,12,0.38240947970988515,0.38240947970988515,4,4,NA,NA,NA,Mt. St. Mary's,missed,Junior Robinson,NA,TRUE,FALSE,Mt. St. Mary's,Central Connecticut
400990841,2018-02-08,Central Connecticut,Mt. St. Mary's,17,1,17:09:00,2229,2229,Tyler Kohl Defensive Rebound.,0,5,-5,0,0.38240947970988515,0.38240947970988515,4,4,NA,NA,NA,NA,NA,NA,NA,NA,NA,Mt. St. Mary's,Central Connecticut
400990841,2018-02-08,Central Connecticut,Mt. St. Mary's,18,1,16:58:00,2218,2218,Tyler Kohl made Three Point Jumper. Assisted by Austin Nehls.,3,5,-2,11,0.45196169748413256,0.45196169748413256,4,4,NA,NA,NA,Central Connecticut,made,Tyler Kohl,Austin Nehls,TRUE,FALSE,Central Connecticut,Mt. St. Mary's
400990841,2018-02-08,Central Connecticut,Mt. St. Mary's,19,1,16:40:00,2200,2200,Jonah Antonio Turnover.,3,5,-2,18,0.4515490631345577,0.4515490631345577,4,4,NA,NA,NA,NA,NA,NA,NA,NA,NA,Mt. St. Mary's,Central Connecticut
400990841,2018-02-08,Central Connecticut,Mt. St. Mary's,20,1,16:39:00,2199,2199,Tyler Kohl Steal.,3,5,-2,1,0.45152608884743495,0.45152608884743495,4,4,NA,NA,NA,NA,NA,NA,NA,NA,NA,Mt. St. Mary's,Central Connecticut
400990841,2018-02-08,Central Connecticut,Mt. St. Mary's,21,1,16:37:00,2197,2197,Tyler Kohl made Dunk.,5,5,0,2,0.5,0.5,4,4,NA,NA,NA,Central Connecticut,made,Tyler Kohl,NA,FALSE,FALSE,Central Connecticut,Mt. St. Mary's
400990841,2018-02-08,Central Connecticut,Mt. St. Mary's,22,1,16:09:00,2169,2169,Junior Robinson made Layup.,5,7,-2,28,0.4508348016845968,0.4508348016845968,4,4,NA,NA,NA,Mt. St. Mary's,made,Junior Robinson,NA,FALSE,FALSE,Mt. St. Mary's,Central Connecticut
400990841,2018-02-08,Central Connecticut,Mt. St. Mary's,23,1,15:37:00,2137,2137,Tyler Kohl Turnover.,5,7,-2,32,0.450091551820923,0.450091551820923,4,4,NA,NA,NA,NA,NA,NA,NA,NA,NA,Central Connecticut,Mt. St. Mary's
400990841,2018-02-08,Central Connecticut,Mt. St. Mary's,24,1,15:37:00,2137,2137,Official TV Timeout,5,7,-2,0,0.450091551820923,0.450091551820923,4,4,NA,NA,NA,NA,NA,NA,NA,NA,NA,Central Connecticut,Mt. St. Mary's
400990841,2018-02-08,Central Connecticut,Mt. St. Mary's,25,1,15:18:00,2118,2118,Greg Alexander missed Three Point Jumper.,5,7,-2,19,0.4496462864327961,0.4496462864327961,4,4,NA,NA,NA,Mt. St. Mary's,missed,Greg Alexander,NA,TRUE,FALSE,Mt. St. Mary's,Central Connecticut
400990841,2018-02-08,Central Connecticut,Mt. St. Mary's,26,1,15:18:00,2118,2118,Tyler Kohl Defensive Rebound.,5,7,-2,0,0.4496462864327961,0.4496462864327961,4,4,NA,NA,NA,NA,NA,NA,NA,NA,NA,Mt. St. Mary's,Central Connecticut
400990841,2018-02-08,Central Connecticut,Mt. St. Mary's,27,1,15:06:00,2106,2106,Tyler Kohl missed Three Point Jumper.,5,7,-2,12,0.4493634144301274,0.4493634144301274,4,4,NA,NA,NA,Central Connecticut,missed,Tyler Kohl,NA,TRUE,FALSE,Central Connecticut,Mt. St. Mary's
400990841,2018-02-08,Central Connecticut,Mt. St. Mary's,28,1,15:06:00,2106,2106,Greg Alexander Defensive Rebound.,5,7,-2,0,0.4493634144301274,0.4493634144301274,4,4,NA,NA,NA,NA,NA,NA,NA,NA,NA,Central Connecticut,Mt. St. Mary's
400990841,2018-02-08,Central Connecticut,Mt. St. Mary's,29,1,14:57:00,2097,2097,Foul on Tyson Batiste.,5,7,-2,9,0.4491503789396843,0.4491503789396843,4,4,NA,NA,NA,NA,NA,NA,NA,NA,NA,Mt. St. Mary's,Mt. St. Mary's
400990841,2018-02-08,Central Connecticut,Mt. St. Mary's,30,1,14:57:00,2097,2097,Chris Wray missed Free Throw.,5,7,-2,0,0.4491503789396843,0.4491503789396843,4,4,NA,NA,NA,Mt. St. Mary's,missed,Chris Wray,NA,FALSE,TRUE,Mt. St. Mary's,Mt. St. Mary's
400990841,2018-02-08,Central Connecticut,Mt. St. Mary's,31,1,14:57:00,2097,2097,Mt. St. Mary's Deadball Team Rebound.,5,7,-2,0,0.4491503789396843,0.4491503789396843,4,4,NA,NA,NA,NA,NA,NA,NA,NA,NA,Mt. St. Mary's,Mt. St. Mary's
400990841,2018-02-08,Central Connecticut,Mt. St. Mary's,32,1,14:57:00,2097,2097,Chris Wray missed Free Throw.,5,7,-2,0,0.4491503789396843,0.4491503789396843,4,4,NA,NA,NA,Mt. St. Mary's,missed,Chris Wray,NA,FALSE,TRUE,Mt. St. Mary's,Mt. St. Mary's
400990841,2018-02-08,Central Connecticut,Mt. St. Mary's,33,1,14:57:00,2097,2097,Tyler Kohl Defensive Rebound.,5,7,-2,0,0.4491503789396843,0.4491503789396843,4,4,NA,NA,NA,NA,NA,NA,NA,NA,NA,Mt. St. Mary's,Mt. St. Mary's
400990841,2018-02-08,Central Connecticut,Mt. St. Mary's,34,1,14:36:00,2076,2076,Mustafa Jones missed Jumper.,5,7,-2,21,0.44865020993472177,0.44865020993472177,4,4,NA,NA,NA,Central Connecticut,missed,Mustafa Jones,NA,FALSE,FALSE,Central Connecticut,Mt. St. Mary's
400990841,2018-02-08,Central Connecticut,Mt. St. Mary's,35,1,14:36:00,2076,2076,Chris Wray Block.,5,7,-2,0,0.44865020993472177,0.44865020993472177,4,4,NA,NA,NA,NA,NA,NA,NA,NA,NA,Central Connecticut,Mt. St. Mary's
400990841,2018-02-08,Central Connecticut,Mt. St. Mary's,36,1,14:34:00,2074,2074,Greg Alexander Defensive Rebound.,5,7,-2,2,0.448602341227073,0.448602341227073,4,4,NA,NA,NA,NA,NA,NA,NA,NA,NA,Central Connecticut,Mt. St. Mary's
400990841,2018-02-08,Central Connecticut,Mt. St. Mary's,37,1,14:15:00,2055,2055,Junior Robinson made Jumper.,5,9,-4,19,0.39739451845744256,0.39739451845744256,4,4,NA,NA,NA,Mt. St. Mary's,made,Junior Robinson,NA,FALSE,FALSE,Mt. St. Mary's,Central Connecticut
400990841,2018-02-08,Central Connecticut,Mt. St. Mary's,38,1,13:47:00,2027,2027,Austin Nehls missed Layup.,5,9,-4,28,0.39607695404435833,0.39607695404435833,4,4,NA,NA,NA,Central Connecticut,missed,Austin Nehls,NA,FALSE,FALSE,Central Connecticut,Mt. St. Mary's
400990841,2018-02-08,Central Connecticut,Mt. St. Mary's,39,1,13:47:00,2027,2027,Chris Wray Block.,5,9,-4,0,0.39607695404435833,0.39607695404435833,4,4,NA,NA,NA,NA,NA,NA,NA,NA,NA,Central Connecticut,Mt. St. Mary's
400990841,2018-02-08,Central Connecticut,Mt. St. Mary's,40,1,13:46:00,2026,2026,Chris Wray Defensive Rebound.,5,9,-4,1,0.3960295905087642,0.3960295905087642,4,4,NA,NA,NA,NA,NA,NA,NA,NA,NA,Central Connecticut,Mt. St. Mary's
400990841,2018-02-08,Central Connecticut,Mt. St. Mary's,41,1,13:38:00,2018,2018,Junior Robinson made Layup.,5,11,-6,8,0.34627897384484535,0.34627897384484535,4,4,NA,NA,NA,Mt. St. Mary's,made,Junior Robinson,NA,FALSE,FALSE,Mt. St. Mary's,Central Connecticut
400990841,2018-02-08,Central Connecticut,Mt. St. Mary's,42,1,13:12:00,1992,1992,Mustafa Jones missed Layup.,5,11,-6,26,0.3445134870808168,0.3445134870808168,4,4,NA,NA,NA,Central Connecticut,missed,Mustafa Jones,NA,FALSE,FALSE,Central Connecticut,Mt. St. Mary's
400990841,2018-02-08,Central Connecticut,Mt. St. Mary's,43,1,13:12:00,1992,1992,Junior Robinson Defensive Rebound.,5,11,-6,0,0.3445134870808168,0.3445134870808168,4,4,NA,NA,NA,NA,NA,NA,NA,NA,NA,Central Connecticut,Mt. St. Mary's
400990841,2018-02-08,Central Connecticut,Mt. St. Mary's,44,1,12:51:00,1971,1971,Jonah Antonio Turnover.,5,11,-6,21,0.34307256885806037,0.34307256885806037,4,4,NA,NA,NA,NA,NA,NA,NA,NA,NA,Mt. St. Mary's,Central Connecticut
400990841,2018-02-08,Central Connecticut,Mt. St. Mary's,45,1,12:40:00,1960,1960,Tyler Kohl made Layup.,7,11,-4,11,0.3928523625998081,0.3928523625998081,4,4,NA,NA,NA,Central Connecticut,made,Tyler Kohl,NA,FALSE,FALSE,Central Connecticut,Mt. St. Mary's
400990841,2018-02-08,Central Connecticut,Mt. St. Mary's,46,1,12:11:00,1931,1931,Greg Alexander missed Three Point Jumper.,7,11,-4,29,0.391421688121488,0.391421688121488,4,4,NA,NA,NA,Mt. St. Mary's,missed,Greg Alexander,NA,TRUE,FALSE,Mt. St. Mary's,Central Connecticut
400990841,2018-02-08,Central Connecticut,Mt. St. Mary's,47,1,12:11:00,1931,1931,Joe Hugley Defensive Rebound.,7,11,-4,0,0.391421688121488,0.391421688121488,4,4,NA,NA,NA,NA,NA,NA,NA,NA,NA,Mt. St. Mary's,Central Connecticut
400990841,2018-02-08,Central Connecticut,Mt. St. Mary's,48,1,11:57:00,1917,1917,Kashaun Hicks Turnover.,7,11,-4,14,0.3907260766520711,0.3907260766520711,4,4,NA,NA,NA,NA,NA,NA,NA,NA,NA,Central Connecticut,Mt. St. Mary's
400990841,2018-02-08,Central Connecticut,Mt. St. Mary's,49,1,11:57:00,1917,1917,Official TV Timeout,7,11,-4,0,0.3907260766520711,0.3907260766520711,4,4,NA,NA,NA,NA,NA,NA,NA,NA,NA,Central Connecticut,Mt. St. Mary's
400990841,2018-02-08,Central Connecticut,Mt. St. Mary's,50,1,11:42:00,1902,1902,Junior Robinson Turnover.,7,11,-4,15,0.3899825587058245,0.3899825587058245,4,4,NA,NA,NA,NA,NA,NA,NA,NA,NA,Mt. St. Mary's,Central Connecticut
400990841,2018-02-08,Central Connecticut,Mt. St. Mary's,51,1,11:40:00,1900,1900,Mustafa Jones Steal.,7,11,-4,2,0.3898835117098208,0.3898835117098208,4,4,NA,NA,NA,NA,NA,NA,NA,NA,NA,Mt. St. Mary's,Central Connecticut
400990841,2018-02-08,Central Connecticut,Mt. St. Mary's,52,1,11:22:00,1882,1882,Kashaun Hicks made Three Point Jumper. Assisted by Tyler Kohl.,10,11,-1,18,0.471808084818304,0.471808084818304,4,4,NA,NA,NA,Central Connecticut,made,Kashaun Hicks,Tyler Kohl,TRUE,FALSE,Central Connecticut,Mt. St. Mary's
400990841,2018-02-08,Central Connecticut,Mt. St. Mary's,53,1,11:03:00,1863,1863,Junior Robinson made Three Point Jumper. Assisted by Greg Alexander.,10,14,-4,19,0.3880510699994816,0.3880510699994816,4,4,NA,NA,NA,Mt. St. Mary's,made,Junior Robinson,Greg Alexander,TRUE,FALSE,Mt. St. Mary's,Central Connecticut
400990841,2018-02-08,Central Connecticut,Mt. St. Mary's,54,1,10:45:00,1845,1845,Joe Hugley made Three Point Jumper. Assisted by Eric Bowles.,13,14,-1,18,0.4713265342941711,0.4713265342941711,4,4,NA,NA,NA,Central Connecticut,made,Joe Hugley,Eric Bowles,TRUE,FALSE,Central Connecticut,Mt. St. Mary's
400990841,2018-02-08,Central Connecticut,Mt. St. Mary's,55,1,10:30:00,1830,1830,Donald Carey missed Layup.,13,14,-1,15,0.4711299923414153,0.4711299923414153,4,4,NA,NA,NA,Mt. St. Mary's,missed,Donald Carey,NA,FALSE,FALSE,Mt. St. Mary's,Mt. St. Mary's
400990841,2018-02-08,Central Connecticut,Mt. St. Mary's,56,1,10:30:00,1830,1830,Tyler Kohl Block.,13,14,-1,0,0.4711299923414153,0.4711299923414153,4,4,NA,NA,NA,NA,NA,NA,NA,NA,NA,Mt. St. Mary's,Mt. St. Mary's
400990841,2018-02-08,Central Connecticut,Mt. St. Mary's,57,1,10:30:00,1830,1830,Mt. St. Mary's Offensive Rebound.,13,14,-1,0,0.4711299923414153,0.4711299923414153,4,4,NA,NA,NA,NA,NA,NA,NA,NA,NA,Mt. St. Mary's,Mt. St. Mary's
400990841,2018-02-08,Central Connecticut,Mt. St. Mary's,58,1,10:19:00,1819,1819,Greg Alexander Turnover.,13,14,-1,11,0.47098514497939825,0.47098514497939825,4,4,NA,NA,NA,NA,NA,NA,NA,NA,NA,Mt. St. Mary's,Central Connecticut
400990841,2018-02-08,Central Connecticut,Mt. St. Mary's,59,1,10:18:00,1818,1818,Mustafa Jones Steal.,13,14,-1,1,0.47097194278057414,0.47097194278057414,4,4,NA,NA,NA,NA,NA,NA,NA,NA,NA,Mt. St. Mary's,Central Connecticut
400990841,2018-02-08,Central Connecticut,Mt. St. Mary's,60,1,10:06:00,1806,1806,Eric Bowles Turnover.,13,14,-1,12,0.47081302264638775,0.47081302264638775,4,4,NA,NA,NA,NA,NA,NA,NA,NA,NA,Central Connecticut,Mt. St. Mary's
400990841,2018-02-08,Central Connecticut,Mt. St. Mary's,61,1,10:05:00,1805,1805,Greg Alexander Steal.,13,14,-1,1,0.47079973580313295,0.47079973580313295,4,4,NA,NA,NA,NA,NA,NA,NA,NA,NA,Central Connecticut,Mt. St. Mary's
400990841,2018-02-08,Central Connecticut,Mt. St. Mary's,62,1,10:03:00,1803,1803,Greg Alexander made Dunk.,13,16,-3,2,0.41311022386360585,0.41311022386360585,4,4,NA,NA,NA,Mt. St. Mary's,made,Greg Alexander,NA,FALSE,FALSE,Mt. St. Mary's,Central Connecticut
400990841,2018-02-08,Central Connecticut,Mt. St. Mary's,63,1,09:31:00,1771,1771,Joe Hugley missed Layup.,13,16,-3,32,0.411855796433243,0.411855796433243,4,4,NA,NA,NA,Central Connecticut,missed,Joe Hugley,NA,FALSE,FALSE,Central Connecticut,Mt. St. Mary's
400990841,2018-02-08,Central Connecticut,Mt. St. Mary's,64,1,09:31:00,1771,1771,Chris Wray Block.,13,16,-3,0,0.411855796433243,0.411855796433243,4,4,NA,NA,NA,NA,NA,NA,NA,NA,NA,Central Connecticut,Mt. St. Mary's
400990841,2018-02-08,Central Connecticut,Mt. St. Mary's,65,1,09:31:00,1771,1771,Central Connecticut Deadball Team Rebound.,13,16,-3,0,0.411855796433243,0.411855796433243,4,4,NA,NA,NA,NA,NA,NA,NA,NA,NA,Central Connecticut,Central Connecticut
400990841,2018-02-08,Central Connecticut,Mt. St. Mary's,66,1,09:31:00,1771,1771,Central Connecticut  Turnover.,13,16,-3,0,0.411855796433243,0.411855796433243,4,4,NA,NA,NA,NA,NA,NA,NA,NA,NA,Central Connecticut,Mt. St. Mary's
400990841,2018-02-08,Central Connecticut,Mt. St. Mary's,67,1,09:16:00,1756,1756,Chris Wray Turnover.,13,16,-3,15,0.41125862344198505,0.41125862344198505,4,4,NA,NA,NA,NA,NA,NA,NA,NA,NA,Mt. St. Mary's,Central Connecticut
400990841,2018-02-08,Central Connecticut,Mt. St. Mary's,68,1,09:15:00,1755,1755,Tyler Kohl Steal.,13,16,-3,1,0.41121857540469137,0.41121857540469137,4,4,NA,NA,NA,NA,NA,NA,NA,NA,NA,Mt. St. Mary's,Central Connecticut
400990841,2018-02-08,Central Connecticut,Mt. St. Mary's,69,1,09:13:00,1753,1753,Tyler Kohl made Layup.,15,16,-1,2,0.4700972826796332,0.4700972826796332,4,4,NA,NA,NA,Central Connecticut,made,Tyler Kohl,NA,FALSE,FALSE,Central Connecticut,Mt. St. Mary's
400990841,2018-02-08,Central Connecticut,Mt. St. Mary's,70,1,08:54:00,1734,1734,Junior Robinson missed Three Point Jumper.,15,16,-1,19,0.4698337147961238,0.4698337147961238,4,4,NA,NA,NA,Mt. St. Mary's,missed,Junior Robinson,NA,TRUE,FALSE,Mt. St. Mary's,Central Connecticut
400990841,2018-02-08,Central Connecticut,Mt. St. Mary's,71,1,08:54:00,1734,1734,Tyler Kohl Defensive Rebound.,15,16,-1,0,0.4698337147961238,0.4698337147961238,4,4,NA,NA,NA,NA,NA,NA,NA,NA,NA,Mt. St. Mary's,Central Connecticut
400990841,2018-02-08,Central Connecticut,Mt. St. Mary's,72,1,08:29:00,1709,1709,Joe Hugley made Three Point Jumper. Assisted by Kashaun Hicks.,18,16,2,25,0.5608135694543185,0.5608135694543185,4,4,NA,NA,NA,Central Connecticut,made,Joe Hugley,Kashaun Hicks,TRUE,FALSE,Central Connecticut,Mt. St. Mary's
400990841,2018-02-08,Central Connecticut,Mt. St. Mary's,73,1,08:02:00,1682,1682,Chris Wray missed Layup.,18,16,2,27,0.561586866013264,0.561586866013264,4,4,NA,NA,NA,Mt. St. Mary's,missed,Chris Wray,NA,FALSE,FALSE,Mt. St. Mary's,Central Connecticut
400990841,2018-02-08,Central Connecticut,Mt. St. Mary's,74,1,08:02:00,1682,1682,Mustafa Jones Block.,18,16,2,0,0.561586866013264,0.561586866013264,4,4,NA,NA,NA,NA,NA,NA,NA,NA,NA,Mt. St. Mary's,Central Connecticut
400990841,2018-02-08,Central Connecticut,Mt. St. Mary's,75,1,08:01:00,1681,1681,Tyson Batiste Defensive Rebound.,18,16,2,1,0.5616153789188235,0.5616153789188235,4,4,NA,NA,NA,NA,NA,NA,NA,NA,NA,Mt. St. Mary's,Central Connecticut
400990841,2018-02-08,Central Connecticut,Mt. St. Mary's,76,1,07:54:00,1674,1674,Joe Hugley Turnover.,18,16,2,7,0.5618138040590009,0.5618138040590009,4,4,NA,NA,NA,NA,NA,NA,NA,NA,NA,Central Connecticut,Mt. St. Mary's
400990841,2018-02-08,Central Connecticut,Mt. St. Mary's,77,1,07:52:00,1672,1672,Official TV Timeout,18,16,2,2,0.5618701387645372,0.5618701387645372,4,4,NA,NA,NA,NA,NA,NA,NA,NA,NA,Mt. St. Mary's,Mt. St. Mary's
400990841,2018-02-08,Central Connecticut,Mt. St. Mary's,78,1,07:32:00,1652,1652,Donald Carey missed Three Point Jumper.,18,16,2,20,0.5624258875994105,0.5624258875994105,4,4,NA,NA,NA,Mt. St. Mary's,missed,Donald Carey,NA,TRUE,FALSE,Mt. St. Mary's,Central Connecticut
400990841,2018-02-08,Central Connecticut,Mt. St. Mary's,79,1,07:32:00,1652,1652,Tyson Batiste Defensive Rebound.,18,16,2,0,0.5624258875994105,0.5624258875994105,4,4,NA,NA,NA,NA,NA,NA,NA,NA,NA,Mt. St. Mary's,Central Connecticut
400990841,2018-02-08,Central Connecticut,Mt. St. Mary's,80,1,07:01:00,1621,1621,Mustafa Jones made Jumper.,20,16,4,31,0.6245411362214861,0.6245411362214861,4,4,NA,NA,NA,Central Connecticut,made,Mustafa Jones,NA,FALSE,FALSE,Central Connecticut,Mt. St. Mary's
400990841,2018-02-08,Central Connecticut,Mt. St. Mary's,81,1,06:39:00,1599,1599,Bobby Planutis Turnover.,20,16,4,22,0.6256664082756793,0.6256664082756793,4,4,NA,NA,NA,NA,NA,NA,NA,NA,NA,Mt. St. Mary's,Central Connecticut
400990841,2018-02-08,Central Connecticut,Mt. St. Mary's,82,1,06:39:00,1599,1599,Foul on Bobby Planutis.,20,16,4,0,0.6256664082756793,0.6256664082756793,4,4,NA,NA,NA,NA,NA,NA,NA,NA,NA,Central Connecticut,Central Connecticut
400990841,2018-02-08,Central Connecticut,Mt. St. Mary's,83,1,06:38:00,1598,1598,Mt. St. Mary's  Timeout,20,16,4,1,0.6257174905111542,0.6257174905111542,3,4,NA,NA,NA,NA,NA,NA,NA,NA,NA,Central Connecticut,Central Connecticut
400990841,2018-02-08,Central Connecticut,Mt. St. Mary's,84,1,06:13:00,1573,1573,Joe Hugley missed Layup.,20,16,4,25,0.6269980294192325,0.6269980294192325,3,4,NA,NA,NA,Central Connecticut,missed,Joe Hugley,NA,FALSE,FALSE,Central Connecticut,Mt. St. Mary's
400990841,2018-02-08,Central Connecticut,Mt. St. Mary's,85,1,06:13:00,1573,1573,Jonah Antonio Defensive Rebound.,20,16,4,0,0.6269980294192325,0.6269980294192325,3,4,NA,NA,NA,NA,NA,NA,NA,NA,NA,Central Connecticut,Mt. St. Mary's
400990841,2018-02-08,Central Connecticut,Mt. St. Mary's,86,1,06:00:00,1560,1560,Junior Robinson missed Layup.,20,16,4,13,0.6276698566522905,0.6276698566522905,3,4,NA,NA,NA,Mt. St. Mary's,missed,Junior Robinson,NA,FALSE,FALSE,Mt. St. Mary's,Mt. St. Mary's
400990841,2018-02-08,Central Connecticut,Mt. St. Mary's,87,1,06:00:00,1560,1560,Tyson Batiste Block.,20,16,4,0,0.6276698566522905,0.6276698566522905,3,4,NA,NA,NA,NA,NA,NA,NA,NA,NA,Mt. St. Mary's,Mt. St. Mary's
400990841,2018-02-08,Central Connecticut,Mt. St. Mary's,88,1,05:56:00,1556,1556,Chris Wray Offensive Rebound.,20,16,4,4,0.6278778793146608,0.6278778793146608,3,4,NA,NA,NA,NA,NA,NA,NA,NA,NA,Mt. St. Mary's,Mt. St. Mary's
400990841,2018-02-08,Central Connecticut,Mt. St. Mary's,89,1,05:55:00,1555,1555,Chris Wray made Layup.,20,18,2,1,0.5650475901798591,0.5650475901798591,3,4,NA,NA,NA,Mt. St. Mary's,made,Chris Wray,NA,FALSE,FALSE,Mt. St. Mary's,Central Connecticut
400990841,2018-02-08,Central Connecticut,Mt. St. Mary's,90,1,05:27:00,1527,1527,Tyson Batiste Turnover.,20,18,2,28,0.5658275122425703,0.5658275122425703,3,4,NA,NA,NA,NA,NA,NA,NA,NA,NA,Central Connecticut,Mt. St. Mary's
400990841,2018-02-08,Central Connecticut,Mt. St. Mary's,91,1,05:14:00,1514,1514,Junior Robinson Turnover.,20,18,2,13,0.5661997751161628,0.5661997751161628,3,4,NA,NA,NA,NA,NA,NA,NA,NA,NA,Mt. St. Mary's,Central Connecticut
400990841,2018-02-08,Central Connecticut,Mt. St. Mary's,92,1,04:54:00,1494,1494,Foul on Bobby Planutis.,20,18,2,20,0.5667886842514865,0.5667886842514865,3,4,NA,NA,NA,NA,NA,NA,NA,NA,NA,Central Connecticut,Central Connecticut
400990841,2018-02-08,Central Connecticut,Mt. St. Mary's,93,1,04:54:00,1494,1494,Deion Bute made Free Throw.,21,18,3,0,0.5994421712926228,0.5994421712926228,3,4,NA,NA,NA,Central Connecticut,made,Deion Bute,NA,FALSE,TRUE,Central Connecticut,Central Connecticut
400990841,2018-02-08,Central Connecticut,Mt. St. Mary's,94,1,04:54:00,1494,1494,Deion Bute missed Free Throw.,21,18,3,0,0.5994421712926228,0.5994421712926228,3,4,NA,NA,NA,Central Connecticut,missed,Deion Bute,NA,FALSE,TRUE,Central Connecticut,Central Connecticut
400990841,2018-02-08,Central Connecticut,Mt. St. Mary's,95,1,04:54:00,1494,1494,Tyler Kohl Offensive Rebound.,21,18,3,0,0.5994421712926228,0.5994421712926228,3,4,NA,NA,NA,NA,NA,NA,NA,NA,NA,Central Connecticut,Central Connecticut
400990841,2018-02-08,Central Connecticut,Mt. St. Mary's,96,1,04:51:00,1491,1491,Foul on Chris Wray.,21,18,3,3,0.5995745537783187,0.5995745537783187,3,4,NA,NA,NA,NA,NA,NA,NA,NA,NA,Central Connecticut,Central Connecticut
400990841,2018-02-08,Central Connecticut,Mt. St. Mary's,97,1,04:51:00,1491,1491,Tyler Kohl made Free Throw.,22,18,4,0,0.6314068519975058,0.6314068519975058,3,4,NA,NA,NA,Central Connecticut,made,Tyler Kohl,NA,FALSE,TRUE,Central Connecticut,Central Connecticut
400990841,2018-02-08,Central Connecticut,Mt. St. Mary's,98,1,04:51:00,1491,1491,Tyler Kohl made Free Throw.,23,18,5,0,0.662134588409314,0.662134588409314,3,4,NA,NA,NA,Central Connecticut,made,Tyler Kohl,NA,FALSE,TRUE,Central Connecticut,Mt. St. Mary's
400990841,2018-02-08,Central Connecticut,Mt. St. Mary's,99,1,04:39:00,1479,1479,Jonah Antonio missed Three Point Jumper.,23,18,5,12,0.6629691817201717,0.6629691817201717,3,4,NA,NA,NA,Mt. St. Mary's,missed,Jonah Antonio,NA,TRUE,FALSE,Mt. St. Mary's,Central Connecticut
400990841,2018-02-08,Central Connecticut,Mt. St. Mary's,100,1,04:39:00,1479,1479,Joe Hugley Defensive Rebound.,23,18,5,0,0.6629691817201717,0.6629691817201717,3,4,NA,NA,NA,NA,NA,NA,NA,NA,NA,Mt. St. Mary's,Central Connecticut
400990841,2018-02-08,Central Connecticut,Mt. St. Mary's,101,1,04:30:00,1470,1470,Foul on Greg Alexander.,23,18,5,9,0.6636087817760821,0.6636087817760821,3,4,NA,NA,NA,NA,NA,NA,NA,NA,NA,Central Connecticut,Central Connecticut
400990841,2018-02-08,Central Connecticut,Mt. St. Mary's,102,1,04:30:00,1470,1470,Joe Hugley made Free Throw.,24,18,6,0,0.6932380831626251,0.6932380831626251,3,4,NA,NA,NA,Central Connecticut,made,Joe Hugley,NA,FALSE,TRUE,Central Connecticut,Mt. St. Mary's
400990841,2018-02-08,Central Connecticut,Mt. St. Mary's,103,1,04:06:00,1446,1446,Greg Alexander missed Three Point Jumper.,24,18,6,24,0.6952568634859001,0.6952568634859001,3,4,NA,NA,NA,Mt. St. Mary's,missed,Greg Alexander,NA,TRUE,FALSE,Mt. St. Mary's,Central Connecticut
400990841,2018-02-08,Central Connecticut,Mt. St. Mary's,104,1,04:06:00,1446,1446,Joe Hugley Defensive Rebound.,24,18,6,0,0.6952568634859001,0.6952568634859001,3,4,NA,NA,NA,NA,NA,NA,NA,NA,NA,Mt. St. Mary's,Central Connecticut
400990841,2018-02-08,Central Connecticut,Mt. St. Mary's,105,1,03:56:00,1436,1436,Austin Nehls missed Three Point Jumper.,24,18,6,10,0.6960966488656634,0.6960966488656634,3,4,NA,NA,NA,Central Connecticut,missed,Austin Nehls,NA,TRUE,FALSE,Central Connecticut,Mt. St. Mary's
400990841,2018-02-08,Central Connecticut,Mt. St. Mary's,106,1,03:56:00,1436,1436,Mt. St. Mary's Defensive Rebound.,24,18,6,0,0.6960966488656634,0.6960966488656634,3,4,NA,NA,NA,NA,NA,NA,NA,NA,NA,Central Connecticut,Mt. St. Mary's
400990841,2018-02-08,Central Connecticut,Mt. St. Mary's,107,1,03:52:00,1432,1432,Official TV Timeout,24,18,6,4,0.6964274330646777,0.6964274330646777,3,4,NA,NA,NA,NA,NA,NA,NA,NA,NA,Mt. St. Mary's,Mt. St. Mary's
400990841,2018-02-08,Central Connecticut,Mt. St. Mary's,108,1,03:34:00,1414,1414,Chris Wray missed Layup.,24,18,6,18,0.6978851012980826,0.6978851012980826,3,4,NA,NA,NA,Mt. St. Mary's,missed,Chris Wray,NA,FALSE,FALSE,Mt. St. Mary's,Central Connecticut
400990841,2018-02-08,Central Connecticut,Mt. St. Mary's,109,1,03:34:00,1414,1414,Joe Hugley Defensive Rebound.,24,18,6,0,0.6978851012980826,0.6978851012980826,3,4,NA,NA,NA,NA,NA,NA,NA,NA,NA,Mt. St. Mary's,Central Connecticut
400990841,2018-02-08,Central Connecticut,Mt. St. Mary's,110,1,03:07:00,1387,1387,Deion Bute made Layup. Assisted by Eric Bowles.,26,18,8,27,0.7557916522608676,0.7557916522608676,3,4,NA,NA,NA,Central Connecticut,made,Deion Bute,Eric Bowles,FALSE,FALSE,Central Connecticut,Mt. St. Mary's
400990841,2018-02-08,Central Connecticut,Mt. St. Mary's,111,1,02:49:00,1369,1369,Junior Robinson made Three Point Jumper. Assisted by Greg Alexander.,26,21,5,18,0.6707543897618932,0.6707543897618932,3,4,NA,NA,NA,Mt. St. Mary's,made,Junior Robinson,Greg Alexander,TRUE,FALSE,Mt. St. Mary's,Central Connecticut
400990841,2018-02-08,Central Connecticut,Mt. St. Mary's,112,1,02:24:00,1344,1344,Tyler Kohl missed Three Point Jumper.,26,21,5,25,0.672445623089993,0.672445623089993,3,4,NA,NA,NA,Central Connecticut,missed,Tyler Kohl,NA,TRUE,FALSE,Central Connecticut,Central Connecticut
400990841,2018-02-08,Central Connecticut,Mt. St. Mary's,113,1,02:24:00,1344,1344,Eric Bowles Offensive Rebound.,26,21,5,0,0.672445623089993,0.672445623089993,3,4,NA,NA,NA,NA,NA,NA,NA,NA,NA,Central Connecticut,Central Connecticut
400990841,2018-02-08,Central Connecticut,Mt. St. Mary's,114,1,02:19:00,1339,1339,Eric Bowles Turnover.,26,21,5,5,0.6727864476602838,0.6727864476602838,3,4,NA,NA,NA,NA,NA,NA,NA,NA,NA,Central Connecticut,Mt. St. Mary's
400990841,2018-02-08,Central Connecticut,Mt. St. Mary's,115,1,02:18:00,1338,1338,Jonah Antonio Steal.,26,21,5,1,0.6728547823547187,0.6728547823547187,3,4,NA,NA,NA,NA,NA,NA,NA,NA,NA,Central Connecticut,Mt. St. Mary's
400990841,2018-02-08,Central Connecticut,Mt. St. Mary's,116,1,02:14:00,1334,1334,Donald Carey made Layup.,26,23,3,4,0.6066905559232693,0.6066905559232693,3,4,NA,NA,NA,Mt. St. Mary's,made,Donald Carey,NA,FALSE,FALSE,Mt. St. Mary's,Central Connecticut
400990841,2018-02-08,Central Connecticut,Mt. St. Mary's,117,1,01:53:00,1313,1313,Joe Hugley made Three Point Jumper. Assisted by Austin Nehls.,29,23,6,21,0.7057468199531327,0.7057468199531327,3,4,NA,NA,NA,Central Connecticut,made,Joe Hugley,Austin Nehls,TRUE,FALSE,Central Connecticut,Mt. St. Mary's
400990841,2018-02-08,Central Connecticut,Mt. St. Mary's,118,1,01:53:00,1313,1313,Foul on Deion Bute.,29,23,6,0,0.7057468199531327,0.7057468199531327,3,4,NA,NA,NA,NA,NA,NA,NA,NA,NA,Central Connecticut,Mt. St. Mary's
400990841,2018-02-08,Central Connecticut,Mt. St. Mary's,119,1,01:40:00,1300,1300,Foul on Eric Bowles.,29,23,6,13,0.7067998749163121,0.7067998749163121,3,4,NA,NA,NA,NA,NA,NA,NA,NA,NA,Mt. St. Mary's,Mt. St. Mary's
400990841,2018-02-08,Central Connecticut,Mt. St. Mary's,120,1,01:40:00,1300,1300,Greg Alexander missed Layup.,29,23,6,0,0.7067998749163121,0.7067998749163121,3,4,NA,NA,NA,Mt. St. Mary's,missed,Greg Alexander,NA,FALSE,FALSE,Mt. St. Mary's,Central Connecticut
400990841,2018-02-08,Central Connecticut,Mt. St. Mary's,121,1,01:32:00,1292,1292,Kashaun Hicks Block.,29,23,6,8,0.707460802388899,0.707460802388899,3,4,NA,NA,NA,NA,NA,NA,NA,NA,NA,Mt. St. Mary's,Central Connecticut
400990841,2018-02-08,Central Connecticut,Mt. St. Mary's,122,1,01:32:00,1292,1292,Tyler Kohl Defensive Rebound.,29,23,6,0,0.707460802388899,0.707460802388899,3,4,NA,NA,NA,NA,NA,NA,NA,NA,NA,Mt. St. Mary's,Central Connecticut
400990841,2018-02-08,Central Connecticut,Mt. St. Mary's,123,1,01:12:00,1272,1272,Kashaun Hicks missed Three Point Jumper.,29,23,6,20,0.7091650887646833,0.7091650887646833,3,4,NA,NA,NA,Central Connecticut,missed,Kashaun Hicks,NA,TRUE,FALSE,Central Connecticut,Mt. St. Mary's
400990841,2018-02-08,Central Connecticut,Mt. St. Mary's,124,1,01:12:00,1272,1272,Chris Wray Defensive Rebound.,29,23,6,0,0.7091650887646833,0.7091650887646833,3,4,NA,NA,NA,NA,NA,NA,NA,NA,NA,Central Connecticut,Mt. St. Mary's
400990841,2018-02-08,Central Connecticut,Mt. St. Mary's,125,1,01:05:00,1265,1265,Greg Alexander made Dunk. Assisted by Junior Robinson.,29,25,4,7,0.6447901136618193,0.6447901136618193,3,4,NA,NA,NA,Mt. St. Mary's,made,Greg Alexander,Junior Robinson,FALSE,FALSE,Mt. St. Mary's,Central Connecticut
400990841,2018-02-08,Central Connecticut,Mt. St. Mary's,126,1,01:00:00,1260,1260,Central Connecticut  Timeout,29,25,4,5,0.6451219407577877,0.6451219407577877,3,3,NA,NA,NA,NA,NA,NA,NA,NA,NA,Central Connecticut,Central Connecticut
400990841,2018-02-08,Central Connecticut,Mt. St. Mary's,127,1,00:43:00,1243,1243,Austin Nehls made Three Point Jumper. Assisted by Tyson Batiste.,32,25,7,17,0.7417011851699986,0.7417011851699986,3,3,NA,NA,NA,Central Connecticut,made,Austin Nehls,Tyson Batiste,TRUE,FALSE,Central Connecticut,Mt. St. Mary's
400990841,2018-02-08,Central Connecticut,Mt. St. Mary's,128,1,00:25:00,1225,1225,Junior Robinson made Layup.,32,27,5,18,0.6814810252161019,0.6814810252161019,3,3,NA,NA,NA,Mt. St. Mary's,made,Junior Robinson,NA,FALSE,FALSE,Mt. St. Mary's,Central Connecticut
400990841,2018-02-08,Central Connecticut,Mt. St. Mary's,129,1,00:01:00,1201,1201,Tyler Kohl Turnover.,32,27,5,24,0.6836782407911076,0.6836782407911076,3,3,NA,NA,NA,NA,NA,NA,NA,NA,NA,Central Connecticut,Mt. St. Mary's
400990841,2018-02-08,Central Connecticut,Mt. St. Mary's,130,1,00:00:00,1200,1200,End of 1st half,32,27,5,1,0.6837696278036713,0.6837696278036713,3,3,NA,NA,NA,NA,NA,NA,NA,NA,NA,Mt. St. Mary's,NA
400990841,2018-02-08,Central Connecticut,Mt. St. Mary's,131,2,20:00:00,1200,1200,PLAY,32,27,5,0,0.6837696278036713,0.6837696278036713,4,4,NA,NA,NA,NA,NA,NA,NA,NA,NA,NA,Central Connecticut
400990841,2018-02-08,Central Connecticut,Mt. St. Mary's,132,2,19:49:00,1189,1189,Joe Hugley made Layup.,34,27,7,11,0.7476362178104372,0.7476362178104372,4,4,NA,NA,NA,Central Connecticut,made,Joe Hugley,NA,FALSE,FALSE,Central Connecticut,Mt. St. Mary's
400990841,2018-02-08,Central Connecticut,Mt. St. Mary's,133,2,19:28:00,1168,1168,Bobby Planutis made Three Point Jumper. Assisted by Junior Robinson.,34,30,4,21,0.6519096114664052,0.6519096114664052,4,4,NA,NA,NA,Mt. St. Mary's,made,Bobby Planutis,Junior Robinson,TRUE,FALSE,Mt. St. Mary's,Central Connecticut
400990841,2018-02-08,Central Connecticut,Mt. St. Mary's,134,2,19:10:00,1150,1150,Deion Bute Turnover.,34,30,4,18,0.6532136540117861,0.6532136540117861,4,4,NA,NA,NA,NA,NA,NA,NA,NA,NA,Central Connecticut,Mt. St. Mary's
400990841,2018-02-08,Central Connecticut,Mt. St. Mary's,135,2,18:51:00,1131,1131,Junior Robinson missed Jumper.,34,30,4,19,0.6545779701122947,0.6545779701122947,4,4,NA,NA,NA,Mt. St. Mary's,missed,Junior Robinson,NA,FALSE,FALSE,Mt. St. Mary's,Central Connecticut
400990841,2018-02-08,Central Connecticut,Mt. St. Mary's,136,2,18:51:00,1131,1131,Deion Bute Defensive Rebound.,34,30,4,0,0.6545779701122947,0.6545779701122947,4,4,NA,NA,NA,NA,NA,NA,NA,NA,NA,Mt. St. Mary's,Central Connecticut
400990841,2018-02-08,Central Connecticut,Mt. St. Mary's,137,2,18:25:00,1105,1105,Foul on Junior Robinson.,34,30,4,26,0.6564550094624633,0.6564550094624633,4,4,NA,NA,NA,NA,NA,NA,NA,NA,NA,Central Connecticut,Central Connecticut
400990841,2018-02-08,Central Connecticut,Mt. St. Mary's,138,2,18:16:00,1096,1096,Foul on Deion Bute.,34,30,4,9,0.6571144194131554,0.6571144194131554,4,4,NA,NA,NA,NA,NA,NA,NA,NA,NA,Central Connecticut,Mt. St. Mary's
400990841,2018-02-08,Central Connecticut,Mt. St. Mary's,139,2,18:16:00,1096,1096,Deion Bute Turnover.,34,30,4,0,0.6571144194131554,0.6571144194131554,4,4,NA,NA,NA,NA,NA,NA,NA,NA,NA,Central Connecticut,Mt. St. Mary's
400990841,2018-02-08,Central Connecticut,Mt. St. Mary's,140,2,17:59:00,1079,1079,Foul on Joe Hugley.,34,30,4,17,0.6583828575297254,0.6583828575297254,4,4,NA,NA,NA,NA,NA,NA,NA,NA,NA,Mt. St. Mary's,Mt. St. Mary's
400990841,2018-02-08,Central Connecticut,Mt. St. Mary's,141,2,17:54:00,1074,1074,Jonah Antonio missed Three Point Jumper.,34,30,4,5,0.6587629977126661,0.6587629977126661,4,4,NA,NA,NA,Mt. St. Mary's,missed,Jonah Antonio,NA,TRUE,FALSE,Mt. St. Mary's,Mt. St. Mary's
400990841,2018-02-08,Central Connecticut,Mt. St. Mary's,142,2,17:54:00,1074,1074,Chris Wray Offensive Rebound.,34,30,4,0,0.6587629977126661,0.6587629977126661,4,4,NA,NA,NA,NA,NA,NA,NA,NA,NA,Mt. St. Mary's,Mt. St. Mary's
400990841,2018-02-08,Central Connecticut,Mt. St. Mary's,143,2,17:51:00,1071,1071,Chris Wray made Dunk.,34,32,2,3,0.5816145129297713,0.5816145129297713,4,4,NA,NA,NA,Mt. St. Mary's,made,Chris Wray,NA,FALSE,FALSE,Mt. St. Mary's,Central Connecticut
400990841,2018-02-08,Central Connecticut,Mt. St. Mary's,144,2,17:39:00,1059,1059,Austin Nehls missed Layup.,34,32,2,12,0.582120606673542,0.582120606673542,4,4,NA,NA,NA,Central Connecticut,missed,Austin Nehls,NA,FALSE,FALSE,Central Connecticut,Central Connecticut
400990841,2018-02-08,Central Connecticut,Mt. St. Mary's,145,2,17:39:00,1059,1059,Joe Hugley Offensive Rebound.,34,32,2,0,0.582120606673542,0.582120606673542,4,4,NA,NA,NA,NA,NA,NA,NA,NA,NA,Central Connecticut,Central Connecticut
400990841,2018-02-08,Central Connecticut,Mt. St. Mary's,146,2,17:36:00,1056,1056,Joe Hugley made Two Point Tip Shot.,36,32,4,3,0.6601647479639656,0.6601647479639656,4,4,NA,NA,NA,Central Connecticut,made,Joe Hugley,NA,FALSE,FALSE,Central Connecticut,Mt. St. Mary's
400990841,2018-02-08,Central Connecticut,Mt. St. Mary's,147,2,17:25:00,1045,1045,Bobby Planutis Turnover.,36,32,4,11,0.6610513078078872,0.6610513078078872,4,4,NA,NA,NA,NA,NA,NA,NA,NA,NA,Mt. St. Mary's,Central Connecticut
400990841,2018-02-08,Central Connecticut,Mt. St. Mary's,148,2,17:05:00,1025,1025,Foul on Joe Hugley.,36,32,4,20,0.6627334178408933,0.6627334178408933,4,4,NA,NA,NA,NA,NA,NA,NA,NA,NA,Central Connecticut,Mt. St. Mary's
400990841,2018-02-08,Central Connecticut,Mt. St. Mary's,149,2,17:05:00,1025,1025,Joe Hugley Turnover.,36,32,4,0,0.6627334178408933,0.6627334178408933,4,4,NA,NA,NA,NA,NA,NA,NA,NA,NA,Central Connecticut,Mt. St. Mary's
400990841,2018-02-08,Central Connecticut,Mt. St. Mary's,150,2,16:45:00,1005,1005,Foul on Joe Hugley.,36,32,4,20,0.6645220323899073,0.6645220323899073,4,4,NA,NA,NA,NA,NA,NA,NA,NA,NA,Mt. St. Mary's,Mt. St. Mary's
400990841,2018-02-08,Central Connecticut,Mt. St. Mary's,151,2,16:45:00,1005,1005,Junior Robinson made Free Throw.,36,33,3,0,0.6254236983539635,0.6254236983539635,4,4,NA,NA,NA,Mt. St. Mary's,made,Junior Robinson,NA,FALSE,TRUE,Mt. St. Mary's,Mt. St. Mary's
400990841,2018-02-08,Central Connecticut,Mt. St. Mary's,152,2,16:45:00,1005,1005,Junior Robinson made Free Throw.,36,34,2,0,0.5846169828140687,0.5846169828140687,4,4,NA,NA,NA,Mt. St. Mary's,made,Junior Robinson,NA,FALSE,TRUE,Mt. St. Mary's,Central Connecticut
400990841,2018-02-08,Central Connecticut,Mt. St. Mary's,153,2,16:39:00,999,999,Foul on Greg Alexander.,36,34,2,6,0.5849221505638907,0.5849221505638907,4,4,NA,NA,NA,NA,NA,NA,NA,NA,NA,Central Connecticut,Central Connecticut
400990841,2018-02-08,Central Connecticut,Mt. St. Mary's,154,2,16:39:00,999,999,Mustafa Jones missed Free Throw.,36,34,2,0,0.5849221505638907,0.5849221505638907,4,4,NA,NA,NA,Central Connecticut,missed,Mustafa Jones,NA,FALSE,TRUE,Central Connecticut,Central Connecticut
400990841,2018-02-08,Central Connecticut,Mt. St. Mary's,155,2,16:39:00,999,999,Central Connecticut Deadball Team Rebound.,36,34,2,0,0.5849221505638907,0.5849221505638907,4,4,NA,NA,NA,NA,NA,NA,NA,NA,NA,Central Connecticut,Central Connecticut
400990841,2018-02-08,Central Connecticut,Mt. St. Mary's,156,2,16:39:00,999,999,Mustafa Jones missed Free Throw.,36,34,2,0,0.5849221505638907,0.5849221505638907,4,4,NA,NA,NA,Central Connecticut,missed,Mustafa Jones,NA,FALSE,TRUE,Central Connecticut,Central Connecticut
400990841,2018-02-08,Central Connecticut,Mt. St. Mary's,157,2,16:39:00,999,999,Bobby Planutis Defensive Rebound.,36,34,2,0,0.5849221505638907,0.5849221505638907,4,4,NA,NA,NA,NA,NA,NA,NA,NA,NA,Central Connecticut,Central Connecticut
400990841,2018-02-08,Central Connecticut,Mt. St. Mary's,158,2,16:15:00,975,975,Jonah Antonio missed Three Point Jumper.,36,34,2,24,0.5862115923304669,0.5862115923304669,4,4,NA,NA,NA,Mt. St. Mary's,missed,Jonah Antonio,NA,TRUE,FALSE,Mt. St. Mary's,Central Connecticut
400990841,2018-02-08,Central Connecticut,Mt. St. Mary's,159,2,16:15:00,975,975,Mustafa Jones Defensive Rebound.,36,34,2,0,0.5862115923304669,0.5862115923304669,4,4,NA,NA,NA,NA,NA,NA,NA,NA,NA,Mt. St. Mary's,Central Connecticut
400990841,2018-02-08,Central Connecticut,Mt. St. Mary's,160,2,15:51:00,951,951,Tyson Batiste Turnover.,36,34,2,24,0.5875255538817862,0.5875255538817862,4,4,NA,NA,NA,NA,NA,NA,NA,NA,NA,Central Connecticut,Mt. St. Mary's
400990841,2018-02-08,Central Connecticut,Mt. St. Mary's,161,2,15:50:00,950,950,Chris Wray Steal.,36,34,2,1,0.5875768531083857,0.5875768531083857,4,4,NA,NA,NA,NA,NA,NA,NA,NA,NA,Central Connecticut,Mt. St. Mary's
400990841,2018-02-08,Central Connecticut,Mt. St. Mary's,162,2,15:34:00,934,934,Junior Robinson made Three Point Jumper.,36,37,-1,16,0.4554674313469645,0.4554674313469645,4,4,NA,NA,NA,Mt. St. Mary's,made,Junior Robinson,NA,TRUE,FALSE,Mt. St. Mary's,Central Connecticut
400990841,2018-02-08,Central Connecticut,Mt. St. Mary's,163,2,15:02:00,902,902,Official TV Timeout,36,37,-1,32,0.45473250245590535,0.45473250245590535,4,4,NA,NA,NA,NA,NA,NA,NA,NA,NA,Central Connecticut,Central Connecticut
400990841,2018-02-08,Central Connecticut,Mt. St. Mary's,164,2,15:01:00,901,901,Tyler Kohl Turnover.,36,37,-1,1,0.4547105273113308,0.4547105273113308,4,4,NA,NA,NA,NA,NA,NA,NA,NA,NA,Central Connecticut,Mt. St. Mary's
400990841,2018-02-08,Central Connecticut,Mt. St. Mary's,165,2,15:01:00,901,901,Official TV Timeout,36,37,-1,0,0.4547105273113308,0.4547105273113308,4,4,NA,NA,NA,NA,NA,NA,NA,NA,NA,Central Connecticut,Mt. St. Mary's
400990841,2018-02-08,Central Connecticut,Mt. St. Mary's,166,2,14:47:00,887,887,Greg Alexander missed Three Point Jumper.,36,37,-1,14,0.4544059051821551,0.4544059051821551,4,4,NA,NA,NA,Mt. St. Mary's,missed,Greg Alexander,NA,TRUE,FALSE,Mt. St. Mary's,Central Connecticut
400990841,2018-02-08,Central Connecticut,Mt. St. Mary's,167,2,14:47:00,887,887,Tyler Kohl Defensive Rebound.,36,37,-1,0,0.4544059051821551,0.4544059051821551,4,4,NA,NA,NA,NA,NA,NA,NA,NA,NA,Mt. St. Mary's,Central Connecticut
400990841,2018-02-08,Central Connecticut,Mt. St. Mary's,168,2,14:33:00,873,873,Foul on Bobby Planutis.,36,37,-1,14,0.4541031641703567,0.4541031641703567,4,4,NA,NA,NA,NA,NA,NA,NA,NA,NA,Central Connecticut,Central Connecticut
400990841,2018-02-08,Central Connecticut,Mt. St. Mary's,169,2,14:33:00,873,873,Kashaun Hicks made Free Throw.,37,37,0,0,0.5,0.5,4,4,NA,NA,NA,Central Connecticut,made,Kashaun Hicks,NA,FALSE,TRUE,Central Connecticut,Central Connecticut
400990841,2018-02-08,Central Connecticut,Mt. St. Mary's,170,2,14:33:00,873,873,Kashaun Hicks made Free Throw.,38,37,1,0,0.5458968358296434,0.5458968358296434,4,4,NA,NA,NA,Central Connecticut,made,Kashaun Hicks,NA,FALSE,TRUE,Central Connecticut,Central Connecticut
400990841,2018-02-08,Central Connecticut,Mt. St. Mary's,171,2,14:19:00,859,859,Foul on Chris Wray.,38,37,1,14,0.5462031606334852,0.5462031606334852,4,4,NA,NA,NA,NA,NA,NA,NA,NA,NA,Central Connecticut,Central Connecticut
400990841,2018-02-08,Central Connecticut,Mt. St. Mary's,172,2,14:19:00,859,859,Chris Wray Turnover.,38,37,1,0,0.5462031606334852,0.5462031606334852,4,4,NA,NA,NA,NA,NA,NA,NA,NA,NA,Mt. St. Mary's,Central Connecticut
400990841,2018-02-08,Central Connecticut,Mt. St. Mary's,173,2,14:10:00,850,850,Mustafa Jones Turnover.,38,37,1,9,0.5464045173839124,0.5464045173839124,4,4,NA,NA,NA,NA,NA,NA,NA,NA,NA,Central Connecticut,Mt. St. Mary's
400990841,2018-02-08,Central Connecticut,Mt. St. Mary's,174,2,13:57:00,837,837,Chris Wray Turnover.,38,37,1,13,0.5467049064237357,0.5467049064237357,4,4,NA,NA,NA,NA,NA,NA,NA,NA,NA,Mt. St. Mary's,Central Connecticut
400990841,2018-02-08,Central Connecticut,Mt. St. Mary's,175,2,13:53:00,833,833,Tyler Kohl missed Three Point Jumper.,38,37,1,4,0.5468001883066071,0.5468001883066071,4,4,NA,NA,NA,Central Connecticut,missed,Tyler Kohl,NA,TRUE,FALSE,Central Connecticut,Mt. St. Mary's
400990841,2018-02-08,Central Connecticut,Mt. St. Mary's,176,2,13:53:00,833,833,Chris Wray Defensive Rebound.,38,37,1,0,0.5468001883066071,0.5468001883066071,4,4,NA,NA,NA,NA,NA,NA,NA,NA,NA,Central Connecticut,Mt. St. Mary's
400990841,2018-02-08,Central Connecticut,Mt. St. Mary's,177,2,13:29:00,809,809,Donald Carey made Jumper.,38,39,-1,24,0.45259078187039065,0.45259078187039065,4,4,NA,NA,NA,Mt. St. Mary's,made,Donald Carey,NA,FALSE,FALSE,Mt. St. Mary's,Central Connecticut
400990841,2018-02-08,Central Connecticut,Mt. St. Mary's,178,2,13:16:00,796,796,Kashaun Hicks Turnover.,38,39,-1,13,0.4522276342914372,0.4522276342914372,4,4,NA,NA,NA,NA,NA,NA,NA,NA,NA,Central Connecticut,Mt. St. Mary's
400990841,2018-02-08,Central Connecticut,Mt. St. Mary's,179,2,13:15:00,795,795,Jonah Antonio Steal.,38,39,-1,1,0.452198555829828,0.452198555829828,4,4,NA,NA,NA,NA,NA,NA,NA,NA,NA,Central Connecticut,Mt. St. Mary's
400990841,2018-02-08,Central Connecticut,Mt. St. Mary's,180,2,13:14:00,794,794,Jonah Antonio missed Layup.,38,39,-1,1,0.4521693040119384,0.4521693040119384,4,4,NA,NA,NA,Mt. St. Mary's,missed,Jonah Antonio,NA,FALSE,FALSE,Mt. St. Mary's,Central Connecticut
400990841,2018-02-08,Central Connecticut,Mt. St. Mary's,181,2,13:14:00,794,794,Kashaun Hicks Block.,38,39,-1,0,0.4521693040119384,0.4521693040119384,4,4,NA,NA,NA,NA,NA,NA,NA,NA,NA,Mt. St. Mary's,Central Connecticut
400990841,2018-02-08,Central Connecticut,Mt. St. Mary's,182,2,13:12:00,792,792,Tyson Batiste Defensive Rebound.,38,39,-1,2,0.4521102723710397,0.4521102723710397,4,4,NA,NA,NA,NA,NA,NA,NA,NA,NA,Mt. St. Mary's,Central Connecticut
400990841,2018-02-08,Central Connecticut,Mt. St. Mary's,183,2,12:49:00,769,769,Tyson Batiste missed Jumper.,38,39,-1,23,0.45137586674505015,0.45137586674505015,4,4,NA,NA,NA,Central Connecticut,missed,Tyson Batiste,NA,FALSE,FALSE,Central Connecticut,Mt. St. Mary's
400990841,2018-02-08,Central Connecticut,Mt. St. Mary's,184,2,12:49:00,769,769,Greg Alexander Defensive Rebound.,38,39,-1,0,0.45137586674505015,0.45137586674505015,4,4,NA,NA,NA,NA,NA,NA,NA,NA,NA,Central Connecticut,Mt. St. Mary's
400990841,2018-02-08,Central Connecticut,Mt. St. Mary's,185,2,12:33:00,753,753,Donald Carey made Jumper.,38,41,-3,16,0.3560930647168918,0.3560930647168918,4,4,NA,NA,NA,Mt. St. Mary's,made,Donald Carey,NA,FALSE,FALSE,Mt. St. Mary's,Central Connecticut
400990841,2018-02-08,Central Connecticut,Mt. St. Mary's,186,2,12:09:00,729,729,Foul on Greg Alexander.,38,41,-3,24,0.3533334847258194,0.3533334847258194,4,4,NA,NA,NA,NA,NA,NA,NA,NA,NA,Central Connecticut,Central Connecticut
400990841,2018-02-08,Central Connecticut,Mt. St. Mary's,187,2,12:09:00,729,729,Tyler Kohl missed Free Throw.,38,41,-3,0,0.3533334847258194,0.3533334847258194,4,4,NA,NA,NA,Central Connecticut,missed,Tyler Kohl,NA,FALSE,TRUE,Central Connecticut,Central Connecticut
400990841,2018-02-08,Central Connecticut,Mt. St. Mary's,188,2,12:09:00,729,729,Central Connecticut Deadball Team Rebound.,38,41,-3,0,0.3533334847258194,0.3533334847258194,4,4,NA,NA,NA,NA,NA,NA,NA,NA,NA,Central Connecticut,Central Connecticut
400990841,2018-02-08,Central Connecticut,Mt. St. Mary's,189,2,12:09:00,729,729,Tyler Kohl made Free Throw.,39,41,-2,0,0.4006048336350468,0.4006048336350468,4,4,NA,NA,NA,Central Connecticut,made,Tyler Kohl,NA,FALSE,TRUE,Central Connecticut,Mt. St. Mary's
400990841,2018-02-08,Central Connecticut,Mt. St. Mary's,190,2,11:44:00,704,704,Donald Carey made Three Point Jumper. Assisted by Junior Robinson.,39,44,-5,25,0.26351238713928254,0.26351238713928254,4,4,NA,NA,NA,Mt. St. Mary's,made,Donald Carey,Junior Robinson,TRUE,FALSE,Mt. St. Mary's,Central Connecticut
400990841,2018-02-08,Central Connecticut,Mt. St. Mary's,191,2,11:10:00,670,670,Tyson Batiste missed Three Point Jumper.,39,44,-5,34,0.2589261130434369,0.2589261130434369,4,4,NA,NA,NA,Central Connecticut,missed,Tyson Batiste,NA,TRUE,FALSE,Central Connecticut,Mt. St. Mary's
400990841,2018-02-08,Central Connecticut,Mt. St. Mary's,192,2,11:09:00,669,669,Central Connecticut Deadball Team Rebound.,39,44,-5,1,0.25879805653109705,0.25879805653109705,4,4,NA,NA,NA,NA,NA,NA,NA,NA,NA,Central Connecticut,Mt. St. Mary's
400990841,2018-02-08,Central Connecticut,Mt. St. Mary's,193,2,11:09:00,669,669,Central Connecticut  Turnover.,39,44,-5,0,0.25879805653109705,0.25879805653109705,4,4,NA,NA,NA,NA,NA,NA,NA,NA,NA,Central Connecticut,Mt. St. Mary's
400990841,2018-02-08,Central Connecticut,Mt. St. Mary's,194,2,11:09:00,669,669,Official TV Timeout,39,44,-5,0,0.25879805653109705,0.25879805653109705,4,4,NA,NA,NA,NA,NA,NA,NA,NA,NA,Central Connecticut,Mt. St. Mary's
400990841,2018-02-08,Central Connecticut,Mt. St. Mary's,195,2,10:55:00,655,655,Omar Habwe missed Three Point Jumper.,39,44,-5,14,0.2570096171387623,0.2570096171387623,4,4,NA,NA,NA,Mt. St. Mary's,missed,Omar Habwe,NA,TRUE,FALSE,Mt. St. Mary's,Central Connecticut
400990841,2018-02-08,Central Connecticut,Mt. St. Mary's,196,2,10:55:00,655,655,Mustafa Jones Defensive Rebound.,39,44,-5,0,0.2570096171387623,0.2570096171387623,4,4,NA,NA,NA,NA,NA,NA,NA,NA,NA,Mt. St. Mary's,Central Connecticut
400990841,2018-02-08,Central Connecticut,Mt. St. Mary's,197,2,10:44:00,644,644,Kashaun Hicks missed Three Point Jumper.,39,44,-5,11,0.25558513905871055,0.25558513905871055,4,4,NA,NA,NA,Central Connecticut,missed,Kashaun Hicks,NA,TRUE,FALSE,Central Connecticut,Central Connecticut
400990841,2018-02-08,Central Connecticut,Mt. St. Mary's,198,2,10:44:00,644,644,Austin Nehls Offensive Rebound.,39,44,-5,0,0.25558513905871055,0.25558513905871055,4,4,NA,NA,NA,NA,NA,NA,NA,NA,NA,Central Connecticut,Central Connecticut
400990841,2018-02-08,Central Connecticut,Mt. St. Mary's,199,2,10:40:00,640,640,Austin Nehls made Layup.,41,44,-3,4,0.3445477806437144,0.3445477806437144,4,4,NA,NA,NA,Central Connecticut,made,Austin Nehls,NA,FALSE,FALSE,Central Connecticut,Mt. St. Mary's
400990841,2018-02-08,Central Connecticut,Mt. St. Mary's,200,2,10:40:00,640,640,Bobby Planutis missed Three Point Jumper.,41,44,-3,0,0.3445477806437144,0.3445477806437144,4,4,NA,NA,NA,Mt. St. Mary's,missed,Bobby Planutis,NA,TRUE,FALSE,Mt. St. Mary's,Central Connecticut
400990841,2018-02-08,Central Connecticut,Mt. St. Mary's,201,2,10:40:00,640,640,Kashaun Hicks Defensive Rebound.,41,44,-3,0,0.3445477806437144,0.3445477806437144,4,4,NA,NA,NA,NA,NA,NA,NA,NA,NA,Mt. St. Mary's,Central Connecticut
400990841,2018-02-08,Central Connecticut,Mt. St. Mary's,202,2,10:40:00,640,640,Joe Hugley missed Three Point Jumper.,41,44,-3,0,0.3445477806437144,0.3445477806437144,4,4,NA,NA,NA,Central Connecticut,missed,Joe Hugley,NA,TRUE,FALSE,Central Connecticut,Central Connecticut
400990841,2018-02-08,Central Connecticut,Mt. St. Mary's,203,2,10:40:00,640,640,Tyler Kohl Offensive Rebound.,41,44,-3,0,0.3445477806437144,0.3445477806437144,4,4,NA,NA,NA,NA,NA,NA,NA,NA,NA,Central Connecticut,Central Connecticut
400990841,2018-02-08,Central Connecticut,Mt. St. Mary's,204,2,10:08:00,608,608,Foul on Chris Wray.,41,44,-3,32,0.3412514758701804,0.3412514758701804,4,4,NA,NA,NA,NA,NA,NA,NA,NA,NA,Central Connecticut,Central Connecticut
400990841,2018-02-08,Central Connecticut,Mt. St. Mary's,205,2,10:08:00,608,608,Tyler Kohl made Free Throw.,42,44,-2,0,0.3921028666709901,0.3921028666709901,4,4,NA,NA,NA,Central Connecticut,made,Tyler Kohl,NA,FALSE,TRUE,Central Connecticut,Central Connecticut
400990841,2018-02-08,Central Connecticut,Mt. St. Mary's,206,2,10:08:00,608,608,Tyler Kohl made Free Throw.,43,44,-1,0,0.4454083119535701,0.4454083119535701,4,4,NA,NA,NA,Central Connecticut,made,Tyler Kohl,NA,FALSE,TRUE,Central Connecticut,Mt. St. Mary's
400990841,2018-02-08,Central Connecticut,Mt. St. Mary's,207,2,09:58:00,598,598,Bobby Planutis missed Three Point Jumper.,43,44,-1,10,0.44497552839694615,0.44497552839694615,4,4,NA,NA,NA,Mt. St. Mary's,missed,Bobby Planutis,NA,TRUE,FALSE,Mt. St. Mary's,Central Connecticut
400990841,2018-02-08,Central Connecticut,Mt. St. Mary's,208,2,09:58:00,598,598,Kashaun Hicks Defensive Rebound.,43,44,-1,0,0.44497552839694615,0.44497552839694615,4,4,NA,NA,NA,NA,NA,NA,NA,NA,NA,Mt. St. Mary's,Central Connecticut
400990841,2018-02-08,Central Connecticut,Mt. St. Mary's,209,2,09:49:00,589,589,Kashaun Hicks Turnover.,43,44,-1,9,0.4445552351100008,0.4445552351100008,4,4,NA,NA,NA,NA,NA,NA,NA,NA,NA,Central Connecticut,Mt. St. Mary's
400990841,2018-02-08,Central Connecticut,Mt. St. Mary's,210,2,09:47:00,587,587,Chris Wray Steal.,43,44,-1,2,0.4444574583320309,0.4444574583320309,4,4,NA,NA,NA,NA,NA,NA,NA,NA,NA,Central Connecticut,Mt. St. Mary's
400990841,2018-02-08,Central Connecticut,Mt. St. Mary's,211,2,09:35:00,575,575,Donald Carey made Three Point Jumper.,43,47,-4,12,0.28854384388066967,0.28854384388066967,4,4,NA,NA,NA,Mt. St. Mary's,made,Donald Carey,NA,TRUE,FALSE,Mt. St. Mary's,Central Connecticut
400990841,2018-02-08,Central Connecticut,Mt. St. Mary's,212,2,09:34:00,574,574,Foul on Joe Hugley.,43,47,-4,1,0.2883609231640482,0.2883609231640482,4,4,NA,NA,NA,NA,NA,NA,NA,NA,NA,Central Connecticut,Mt. St. Mary's
400990841,2018-02-08,Central Connecticut,Mt. St. Mary's,213,2,09:34:00,574,574,Donald Carey made Free Throw.,43,48,-5,0,0.24430923737209087,0.24430923737209087,4,4,NA,NA,NA,Mt. St. Mary's,made,Donald Carey,NA,FALSE,TRUE,Mt. St. Mary's,Central Connecticut
400990841,2018-02-08,Central Connecticut,Mt. St. Mary's,214,2,09:23:00,563,563,Austin Nehls missed Three Point Jumper.,43,48,-5,11,0.2419285342083893,0.2419285342083893,4,4,NA,NA,NA,Central Connecticut,missed,Austin Nehls,NA,TRUE,FALSE,Central Connecticut,Mt. St. Mary's
400990841,2018-02-08,Central Connecticut,Mt. St. Mary's,215,2,09:23:00,563,563,Donald Carey Defensive Rebound.,43,48,-5,0,0.2419285342083893,0.2419285342083893,4,4,NA,NA,NA,NA,NA,NA,NA,NA,NA,Central Connecticut,Mt. St. Mary's
400990841,2018-02-08,Central Connecticut,Mt. St. Mary's,216,2,09:16:00,556,556,Omar Habwe Turnover.,43,48,-5,7,0.24029462488222783,0.24029462488222783,4,4,NA,NA,NA,NA,NA,NA,NA,NA,NA,Mt. St. Mary's,Central Connecticut
400990841,2018-02-08,Central Connecticut,Mt. St. Mary's,217,2,09:02:00,542,542,Jonah Antonio missed Three Point Jumper.,43,48,-5,14,0.23689502901880305,0.23689502901880305,4,4,NA,NA,NA,Mt. St. Mary's,missed,Jonah Antonio,NA,TRUE,FALSE,Mt. St. Mary's,Central Connecticut
400990841,2018-02-08,Central Connecticut,Mt. St. Mary's,218,2,09:02:00,542,542,Austin Nehls Defensive Rebound.,43,48,-5,0,0.23689502901880305,0.23689502901880305,4,4,NA,NA,NA,NA,NA,NA,NA,NA,NA,Mt. St. Mary's,Central Connecticut
400990841,2018-02-08,Central Connecticut,Mt. St. Mary's,219,2,08:50:00,530,530,Foul on Junior Robinson.,43,48,-5,12,0.23433450172670217,0.23433450172670217,4,4,NA,NA,NA,NA,NA,NA,NA,NA,NA,Central Connecticut,Mt. St. Mary's
400990841,2018-02-08,Central Connecticut,Mt. St. Mary's,220,2,08:50:00,530,530,Tyson Batiste missed Free Throw.,43,48,-5,0,0.23433450172670217,0.23433450172670217,4,4,NA,NA,NA,Central Connecticut,missed,Tyson Batiste,NA,FALSE,TRUE,Central Connecticut,Central Connecticut
400990841,2018-02-08,Central Connecticut,Mt. St. Mary's,221,2,08:50:00,530,530,Mt. St. Mary's Deadball Team Rebound.,43,48,-5,0,0.23433450172670217,0.23433450172670217,4,4,NA,NA,NA,NA,NA,NA,NA,NA,NA,Central Connecticut,Mt. St. Mary's
400990841,2018-02-08,Central Connecticut,Mt. St. Mary's,222,2,08:42:00,522,522,Foul on Kashaun Hicks.,43,48,-5,8,0.23278523927946035,0.23278523927946035,4,4,NA,NA,NA,NA,NA,NA,NA,NA,NA,Mt. St. Mary's,Mt. St. Mary's
400990841,2018-02-08,Central Connecticut,Mt. St. Mary's,223,2,08:33:00,513,513,Junior Robinson made Layup.,43,50,-7,9,0.15674561835665504,0.15674561835665504,4,4,NA,NA,NA,Mt. St. Mary's,made,Junior Robinson,NA,FALSE,FALSE,Mt. St. Mary's,Central Connecticut
400990841,2018-02-08,Central Connecticut,Mt. St. Mary's,224,2,08:12:00,492,492,Tyler Kohl made Three Point Jumper. Assisted by Tyson Batiste.,46,50,-4,21,0.2732163125554492,0.2732163125554492,4,4,NA,NA,NA,Central Connecticut,made,Tyler Kohl,Tyson Batiste,TRUE,FALSE,Central Connecticut,Mt. St. Mary's
400990841,2018-02-08,Central Connecticut,Mt. St. Mary's,225,2,07:58:00,478,478,Junior Robinson made Layup.,46,52,-6,14,0.18457807214758576,0.18457807214758576,4,4,NA,NA,NA,Mt. St. Mary's,made,Junior Robinson,NA,FALSE,FALSE,Mt. St. Mary's,Central Connecticut
400990841,2018-02-08,Central Connecticut,Mt. St. Mary's,226,2,07:35:00,455,455,Mustafa Jones missed Layup.,46,52,-6,23,0.17926304412294497,0.17926304412294497,4,4,NA,NA,NA,Central Connecticut,missed,Mustafa Jones,NA,FALSE,FALSE,Central Connecticut,Mt. St. Mary's
400990841,2018-02-08,Central Connecticut,Mt. St. Mary's,227,2,07:35:00,455,455,Junior Robinson Block.,46,52,-6,0,0.17926304412294497,0.17926304412294497,4,4,NA,NA,NA,NA,NA,NA,NA,NA,NA,Central Connecticut,Mt. St. Mary's
400990841,2018-02-08,Central Connecticut,Mt. St. Mary's,228,2,07:34:00,454,454,Chris Wray Defensive Rebound.,46,52,-6,1,0.17899931586197881,0.17899931586197881,4,4,NA,NA,NA,NA,NA,NA,NA,NA,NA,Central Connecticut,Mt. St. Mary's
400990841,2018-02-08,Central Connecticut,Mt. St. Mary's,229,2,07:29:00,449,449,Jonah Antonio missed Three Point Jumper.,46,52,-6,5,0.17763131643859045,0.17763131643859045,4,4,NA,NA,NA,Mt. St. Mary's,missed,Jonah Antonio,NA,TRUE,FALSE,Mt. St. Mary's,Central Connecticut
400990841,2018-02-08,Central Connecticut,Mt. St. Mary's,230,2,07:29:00,449,449,Mustafa Jones Defensive Rebound.,46,52,-6,0,0.17763131643859045,0.17763131643859045,4,4,NA,NA,NA,NA,NA,NA,NA,NA,NA,Mt. St. Mary's,Central Connecticut
400990841,2018-02-08,Central Connecticut,Mt. St. Mary's,231,2,06:57:00,417,417,Austin Nehls missed Three Point Jumper.,46,52,-6,32,0.16718858817930382,0.16718858817930382,4,4,NA,NA,NA,Central Connecticut,missed,Austin Nehls,NA,TRUE,FALSE,Central Connecticut,Central Connecticut
400990841,2018-02-08,Central Connecticut,Mt. St. Mary's,232,2,06:57:00,417,417,Austin Nehls Offensive Rebound.,46,52,-6,0,0.16718858817930382,0.16718858817930382,4,4,NA,NA,NA,NA,NA,NA,NA,NA,NA,Central Connecticut,Central Connecticut
400990841,2018-02-08,Central Connecticut,Mt. St. Mary's,233,2,06:54:00,414,414,Mustafa Jones missed Jumper.,46,52,-6,3,0.16623535339149442,0.16623535339149442,4,4,NA,NA,NA,Central Connecticut,missed,Mustafa Jones,NA,FALSE,FALSE,Central Connecticut,Mt. St. Mary's
400990841,2018-02-08,Central Connecticut,Mt. St. Mary's,234,2,06:54:00,414,414,Donald Carey Defensive Rebound.,46,52,-6,0,0.16623535339149442,0.16623535339149442,4,4,NA,NA,NA,NA,NA,NA,NA,NA,NA,Central Connecticut,Mt. St. Mary's
400990841,2018-02-08,Central Connecticut,Mt. St. Mary's,235,2,06:46:00,406,406,Junior Robinson made Three Point Jumper. Assisted by Chris Wray.,46,55,-9,8,0.07975794765165753,0.07975794765165753,4,4,NA,NA,NA,Mt. St. Mary's,made,Junior Robinson,Chris Wray,TRUE,FALSE,Mt. St. Mary's,Central Connecticut
400990841,2018-02-08,Central Connecticut,Mt. St. Mary's,236,2,06:42:00,402,402,Central Connecticut  Timeout,46,55,-9,4,0.07879612583614111,0.07879612583614111,4,3,NA,NA,NA,NA,NA,NA,NA,NA,NA,Central Connecticut,Central Connecticut
400990841,2018-02-08,Central Connecticut,Mt. St. Mary's,237,2,06:42:00,402,402,Official TV Timeout,46,55,-9,0,0.07879612583614111,0.07879612583614111,4,3,NA,NA,NA,NA,NA,NA,NA,NA,NA,Central Connecticut,Central Connecticut
400990841,2018-02-08,Central Connecticut,Mt. St. Mary's,238,2,06:33:00,393,393,Kashaun Hicks missed Layup.,46,55,-9,9,0.07668461864275135,0.07668461864275135,4,3,NA,NA,NA,Central Connecticut,missed,Kashaun Hicks,NA,FALSE,FALSE,Central Connecticut,Mt. St. Mary's
400990841,2018-02-08,Central Connecticut,Mt. St. Mary's,239,2,06:33:00,393,393,Greg Alexander Defensive Rebound.,46,55,-9,0,0.07668461864275135,0.07668461864275135,4,3,NA,NA,NA,NA,NA,NA,NA,NA,NA,Central Connecticut,Mt. St. Mary's
400990841,2018-02-08,Central Connecticut,Mt. St. Mary's,240,2,06:25:00,385,385,Greg Alexander made Three Point Jumper. Assisted by Junior Robinson.,46,58,-12,8,0.03380129472555674,0.03380129472555674,4,3,NA,NA,NA,Mt. St. Mary's,made,Greg Alexander,Junior Robinson,TRUE,FALSE,Mt. St. Mary's,Central Connecticut
400990841,2018-02-08,Central Connecticut,Mt. St. Mary's,241,2,05:48:00,348,348,Kashaun Hicks missed Jumper.,46,58,-12,37,0.02827730198359686,0.02827730198359686,4,3,NA,NA,NA,Central Connecticut,missed,Kashaun Hicks,NA,FALSE,FALSE,Central Connecticut,Central Connecticut
400990841,2018-02-08,Central Connecticut,Mt. St. Mary's,242,2,05:48:00,348,348,Deion Bute Offensive Rebound.,46,58,-12,0,0.02827730198359686,0.02827730198359686,4,3,NA,NA,NA,NA,NA,NA,NA,NA,NA,Central Connecticut,Central Connecticut
400990841,2018-02-08,Central Connecticut,Mt. St. Mary's,243,2,05:43:00,343,343,Deion Bute made Two Point Tip Shot.,48,58,-10,5,0.04869475466332257,0.04869475466332257,4,3,NA,NA,NA,Central Connecticut,made,Deion Bute,NA,FALSE,FALSE,Central Connecticut,Mt. St. Mary's
400990841,2018-02-08,Central Connecticut,Mt. St. Mary's,244,2,05:18:00,318,318,Foul on Tyler Kohl.,48,58,-10,25,0.04233729094718921,0.04233729094718921,4,3,NA,NA,NA,NA,NA,NA,NA,NA,NA,Mt. St. Mary's,Mt. St. Mary's
400990841,2018-02-08,Central Connecticut,Mt. St. Mary's,245,2,05:18:00,318,318,Official TV Timeout,48,58,-10,0,0.04233729094718921,0.04233729094718921,4,3,NA,NA,NA,NA,NA,NA,NA,NA,NA,Mt. St. Mary's,Mt. St. Mary's
400990841,2018-02-08,Central Connecticut,Mt. St. Mary's,246,2,05:18:00,318,318,Chris Wray made Free Throw.,48,59,-11,0,0.03134936197167116,0.03134936197167116,4,3,NA,NA,NA,Mt. St. Mary's,made,Chris Wray,NA,FALSE,TRUE,Mt. St. Mary's,Mt. St. Mary's
400990841,2018-02-08,Central Connecticut,Mt. St. Mary's,247,2,05:18:00,318,318,Chris Wray made Free Throw.,48,60,-12,0,0.02314424540770768,0.02314424540770768,4,3,NA,NA,NA,Mt. St. Mary's,made,Chris Wray,NA,FALSE,TRUE,Mt. St. Mary's,Central Connecticut
400990841,2018-02-08,Central Connecticut,Mt. St. Mary's,248,2,04:52:00,292,292,Deion Bute Turnover.,48,60,-12,26,0.01991768337679896,0.01991768337679896,4,3,NA,NA,NA,NA,NA,NA,NA,NA,NA,Central Connecticut,Mt. St. Mary's
400990841,2018-02-08,Central Connecticut,Mt. St. Mary's,249,2,04:51:00,291,291,Chris Wray Steal.,48,60,-12,1,0.0198974759315194,0.0198974759315194,4,3,NA,NA,NA,NA,NA,NA,NA,NA,NA,Central Connecticut,Mt. St. Mary's
400990841,2018-02-08,Central Connecticut,Mt. St. Mary's,250,2,04:46:00,286,286,Donald Carey missed Layup.,48,60,-12,5,0.0198850904888743,0.0198850904888743,4,3,NA,NA,NA,Mt. St. Mary's,missed,Donald Carey,NA,FALSE,FALSE,Mt. St. Mary's,Mt. St. Mary's
400990841,2018-02-08,Central Connecticut,Mt. St. Mary's,251,2,04:46:00,286,286,Jonah Antonio Offensive Rebound.,48,60,-12,0,0.0198850904888743,0.0198850904888743,4,3,NA,NA,NA,NA,NA,NA,NA,NA,NA,Mt. St. Mary's,Mt. St. Mary's
400990841,2018-02-08,Central Connecticut,Mt. St. Mary's,252,2,04:31:00,271,271,Junior Robinson made Layup.,48,62,-14,15,0.01087845066377836,0.01087845066377836,4,3,NA,NA,NA,Mt. St. Mary's,made,Junior Robinson,NA,FALSE,FALSE,Mt. St. Mary's,Central Connecticut
400990841,2018-02-08,Central Connecticut,Mt. St. Mary's,253,2,03:57:00,237,237,Tyler Kohl made Three Point Jumper. Assisted by Tyson Batiste.,51,62,-11,34,0.03058296222352494,0.03058296222352494,4,3,NA,NA,NA,Central Connecticut,made,Tyler Kohl,Tyson Batiste,TRUE,FALSE,Central Connecticut,Mt. St. Mary's
400990841,2018-02-08,Central Connecticut,Mt. St. Mary's,254,2,03:25:00,205,205,Junior Robinson made Layup.,51,64,-13,32,0.01343405280049573,0.01343405280049573,4,3,NA,NA,NA,Mt. St. Mary's,made,Junior Robinson,NA,FALSE,FALSE,Mt. St. Mary's,Central Connecticut
400990841,2018-02-08,Central Connecticut,Mt. St. Mary's,255,2,03:11:00,191,191,Austin Nehls missed Three Point Jumper.,51,64,-13,14,0.01009290099062875,0.01009290099062875,4,3,NA,NA,NA,Central Connecticut,missed,Austin Nehls,NA,TRUE,FALSE,Central Connecticut,Central Connecticut
400990841,2018-02-08,Central Connecticut,Mt. St. Mary's,256,2,03:11:00,191,191,Tyler Kohl Offensive Rebound.,51,64,-13,0,0.01009290099062875,0.01009290099062875,4,3,NA,NA,NA,NA,NA,NA,NA,NA,NA,Central Connecticut,Central Connecticut
400990841,2018-02-08,Central Connecticut,Mt. St. Mary's,257,2,03:08:00,188,188,Tyler Kohl missed Layup.,51,64,-13,3,0.00931640866734655,0.00931640866734655,4,3,NA,NA,NA,Central Connecticut,missed,Tyler Kohl,NA,FALSE,FALSE,Central Connecticut,Mt. St. Mary's
400990841,2018-02-08,Central Connecticut,Mt. St. Mary's,258,2,03:08:00,188,188,Donald Carey Defensive Rebound.,51,64,-13,0,0.00931640866734655,0.00931640866734655,4,3,NA,NA,NA,NA,NA,NA,NA,NA,NA,Central Connecticut,Mt. St. Mary's
400990841,2018-02-08,Central Connecticut,Mt. St. Mary's,259,2,02:55:00,175,175,Foul on Tyler Kohl.,51,64,-13,13,0.00653894520740563,0.00653894520740563,4,3,NA,NA,NA,NA,NA,NA,NA,NA,NA,Mt. St. Mary's,Mt. St. Mary's
400990841,2018-02-08,Central Connecticut,Mt. St. Mary's,260,2,02:55:00,175,175,Official TV Timeout,51,64,-13,0,0.00653894520740563,0.00653894520740563,4,3,NA,NA,NA,NA,NA,NA,NA,NA,NA,Mt. St. Mary's,Mt. St. Mary's
400990841,2018-02-08,Central Connecticut,Mt. St. Mary's,261,2,02:55:00,175,175,Junior Robinson made Free Throw.,51,65,-14,0,0.0044524612733655,0.0044524612733655,4,3,NA,NA,NA,Mt. St. Mary's,made,Junior Robinson,NA,FALSE,TRUE,Mt. St. Mary's,Mt. St. Mary's
400990841,2018-02-08,Central Connecticut,Mt. St. Mary's,262,2,02:55:00,175,175,Junior Robinson made Free Throw.,51,66,-15,0,0.00302971417329831,0.00302971417329831,4,3,NA,NA,NA,Mt. St. Mary's,made,Junior Robinson,NA,FALSE,TRUE,Mt. St. Mary's,Central Connecticut
400990841,2018-02-08,Central Connecticut,Mt. St. Mary's,263,2,02:40:00,160,160,Kashaun Hicks missed Jumper.,51,66,-15,15,0.00183579397320531,0.00183579397320531,4,3,NA,NA,NA,Central Connecticut,missed,Kashaun Hicks,NA,FALSE,FALSE,Central Connecticut,Central Connecticut
400990841,2018-02-08,Central Connecticut,Mt. St. Mary's,264,2,02:40:00,160,160,Austin Nehls Offensive Rebound.,51,66,-15,0,0.00183579397320531,0.00183579397320531,4,3,NA,NA,NA,NA,NA,NA,NA,NA,NA,Central Connecticut,Central Connecticut
400990841,2018-02-08,Central Connecticut,Mt. St. Mary's,265,2,02:30:00,150,150,Foul on Greg Alexander.,51,66,-15,10,0.00127785211222632,0.00127785211222632,4,3,NA,NA,NA,NA,NA,NA,NA,NA,NA,Central Connecticut,Central Connecticut
400990841,2018-02-08,Central Connecticut,Mt. St. Mary's,266,2,02:30:00,150,150,Tyler Kohl made Free Throw.,52,66,-14,0,0.00199083247845344,0.00199083247845344,4,3,NA,NA,NA,Central Connecticut,made,Tyler Kohl,NA,FALSE,TRUE,Central Connecticut,Central Connecticut
400990841,2018-02-08,Central Connecticut,Mt. St. Mary's,267,2,02:30:00,150,150,Tyler Kohl made Free Throw.,53,66,-13,0,0.0031003868515438,0.0031003868515438,4,3,NA,NA,NA,Central Connecticut,made,Tyler Kohl,NA,FALSE,TRUE,Central Connecticut,Mt. St. Mary's
400990841,2018-02-08,Central Connecticut,Mt. St. Mary's,268,2,02:20:00,140,140,Greg Alexander made Jumper.,53,68,-15,10,8.620206349488007e-4,8.620206349488007e-4,4,3,NA,NA,NA,Mt. St. Mary's,made,Greg Alexander,NA,FALSE,FALSE,Mt. St. Mary's,Central Connecticut
400990841,2018-02-08,Central Connecticut,Mt. St. Mary's,269,2,02:00:00,120,120,Joe Hugley made Dunk. Assisted by Tyson Batiste.,55,68,-13,20,0.00100182464501279,0.00100182464501279,4,3,NA,NA,NA,Central Connecticut,made,Joe Hugley,Tyson Batiste,FALSE,FALSE,Central Connecticut,Mt. St. Mary's
400990841,2018-02-08,Central Connecticut,Mt. St. Mary's,270,2,01:29:00,89,89,Jonah Antonio missed Three Point Jumper.,55,68,-13,31,2.01868956045331e-4,2.01868956045331e-4,4,3,NA,NA,NA,Mt. St. Mary's,missed,Jonah Antonio,NA,TRUE,FALSE,Mt. St. Mary's,Central Connecticut
400990841,2018-02-08,Central Connecticut,Mt. St. Mary's,271,2,01:29:00,89,89,Tyson Batiste Defensive Rebound.,55,68,-13,0,2.01868956045331e-4,2.01868956045331e-4,4,3,NA,NA,NA,NA,NA,NA,NA,NA,NA,Mt. St. Mary's,Central Connecticut
400990841,2018-02-08,Central Connecticut,Mt. St. Mary's,272,2,01:21:00,81,81,Joe Hugley missed Three Point Jumper.,55,68,-13,8,1.255281614928578e-4,1.255281614928578e-4,4,3,NA,NA,NA,Central Connecticut,missed,Joe Hugley,NA,TRUE,FALSE,Central Connecticut,Mt. St. Mary's
400990841,2018-02-08,Central Connecticut,Mt. St. Mary's,273,2,01:21:00,81,81,Chris Wray Defensive Rebound.,55,68,-13,0,1.255281614928578e-4,1.255281614928578e-4,4,3,NA,NA,NA,NA,NA,NA,NA,NA,NA,Central Connecticut,Mt. St. Mary's
400990841,2018-02-08,Central Connecticut,Mt. St. Mary's,274,2,01:08:00,68,68,Foul on Joe Hugley.,55,68,-13,13,5.471712383951087e-5,5.471712383951087e-5,4,3,NA,NA,NA,NA,NA,NA,NA,NA,NA,Mt. St. Mary's,Mt. St. Mary's
400990841,2018-02-08,Central Connecticut,Mt. St. Mary's,275,2,01:08:00,68,68,Greg Alexander missed Free Throw.,55,68,-13,0,5.471712383951087e-5,5.471712383951087e-5,4,3,NA,NA,NA,Mt. St. Mary's,missed,Greg Alexander,NA,FALSE,TRUE,Mt. St. Mary's,Mt. St. Mary's
400990841,2018-02-08,Central Connecticut,Mt. St. Mary's,276,2,01:08:00,68,68,Mt. St. Mary's Deadball Team Rebound.,55,68,-13,0,5.471712383951087e-5,5.471712383951087e-5,4,3,NA,NA,NA,NA,NA,NA,NA,NA,NA,Mt. St. Mary's,Mt. St. Mary's
400990841,2018-02-08,Central Connecticut,Mt. St. Mary's,277,2,01:08:00,68,68,Greg Alexander made Free Throw.,55,69,-14,0,2.572177943204639e-5,2.572177943204639e-5,4,3,NA,NA,NA,Mt. St. Mary's,made,Greg Alexander,NA,FALSE,TRUE,Mt. St. Mary's,Central Connecticut
400990841,2018-02-08,Central Connecticut,Mt. St. Mary's,278,2,01:00:00,60,60,Tyler Kohl missed Three Point Jumper.,55,69,-14,8,1.431094600414694e-5,1.431094600414694e-5,4,3,NA,NA,NA,Central Connecticut,missed,Tyler Kohl,NA,TRUE,FALSE,Central Connecticut,Mt. St. Mary's
400990841,2018-02-08,Central Connecticut,Mt. St. Mary's,279,2,01:00:00,60,60,Chris Wray Defensive Rebound.,55,69,-14,0,1.431094600414694e-5,1.431094600414694e-5,4,3,NA,NA,NA,NA,NA,NA,NA,NA,NA,Central Connecticut,Mt. St. Mary's
400990841,2018-02-08,Central Connecticut,Mt. St. Mary's,280,2,00:52:00,52,52,Jonah Antonio made Layup. Assisted by Chris Wray.,55,71,-16,8,1.446560463034249e-6,1.446560463034249e-6,4,3,NA,NA,NA,Mt. St. Mary's,made,Jonah Antonio,Chris Wray,FALSE,FALSE,Mt. St. Mary's,Central Connecticut
400990841,2018-02-08,Central Connecticut,Mt. St. Mary's,281,2,00:39:00,39,39,Mustafa Jones missed Layup.,55,71,-16,13,4.325060326069708e-7,4.325060326069708e-7,4,3,NA,NA,NA,Central Connecticut,missed,Mustafa Jones,NA,FALSE,FALSE,Central Connecticut,Central Connecticut
400990841,2018-02-08,Central Connecticut,Mt. St. Mary's,282,2,00:39:00,39,39,Mustafa Jones Offensive Rebound.,55,71,-16,0,4.325060326069708e-7,4.325060326069708e-7,4,3,NA,NA,NA,NA,NA,NA,NA,NA,NA,Central Connecticut,Central Connecticut
400990841,2018-02-08,Central Connecticut,Mt. St. Mary's,283,2,00:36:00,36,36,Mustafa Jones missed Layup.,55,71,-16,3,3.230373556803862e-7,3.230373556803862e-7,4,3,NA,NA,NA,Central Connecticut,missed,Mustafa Jones,NA,FALSE,FALSE,Central Connecticut,Central Connecticut
400990841,2018-02-08,Central Connecticut,Mt. St. Mary's,284,2,00:36:00,36,36,Bobby Planutis Defensive Rebound.,55,71,-16,0,3.230373556803862e-7,3.230373556803862e-7,4,3,NA,NA,NA,NA,NA,NA,NA,NA,NA,Central Connecticut,Central Connecticut
400990841,2018-02-08,Central Connecticut,Mt. St. Mary's,285,2,00:36:00,36,36,Foul on Bobby Planutis.,55,71,-16,0,3.230373556803862e-7,3.230373556803862e-7,4,3,NA,NA,NA,NA,NA,NA,NA,NA,NA,Central Connecticut,Central Connecticut
400990841,2018-02-08,Central Connecticut,Mt. St. Mary's,286,2,00:36:00,36,36,Bobby Planutis Turnover.,55,71,-16,0,3.230373556803862e-7,3.230373556803862e-7,4,3,NA,NA,NA,NA,NA,NA,NA,NA,NA,Mt. St. Mary's,Central Connecticut
400990841,2018-02-08,Central Connecticut,Mt. St. Mary's,287,2,00:25:00,25,25,Tyler Kohl made Layup.,57,71,-14,11,7.960274848528461e-7,7.960274848528461e-7,4,3,NA,NA,NA,Central Connecticut,made,Tyler Kohl,NA,FALSE,FALSE,Central Connecticut,Mt. St. Mary's
400990841,2018-02-08,Central Connecticut,Mt. St. Mary's,288,2,00:00:00,0,0,End of Game,57,71,-14,25,2.4977275669152505e-122,2.4977275669152505e-122,4,3,NA,NA,NA,NA,NA,NA,NA,NA,NA,Mt. St. Mary's,NA
