play_id,half,time_remaining_half,secs_remaining,secs_remaining_absolute,description,home_score,away_score,score_diff,play_length,win_prob,naive_win_prob,home,away,home_time_out_remaining,away_time_out_remaining,home_favored_by,game_id,date
1,1,20:00,2400,2400,PLAY,0,0,0,18,0.751564552522041,0.5,Kansas State,Texas,6,6,6.9,400911029,2016-12-30
2,1,19:42,2382,2382,Foul on D.J. Johnson.,0,0,0,5,0.751191328466176,0.5,Kansas State,Texas,6,6,6.9,400911029,2016-12-30
3,1,19:37,2377,2377,Tevin Mack missed Three Point Jumper.,0,0,0,0,0.7510861580710018,0.5,Kansas State,Texas,6,6,6.9,400911029,2016-12-30
4,1,19:37,2377,2377,Shaquille Cleare Offensive Rebound.,0,0,0,4,0.7510861580710018,0.5,Kansas State,Texas,6,6,6.9,400911029,2016-12-30
5,1,19:33,2373,2373,Shaquille Cleare made Jumper.,0,2,-2,22,0.7160798993598089,0.4554032958067534,Kansas State,Texas,6,6,6.9,400911029,2016-12-30
6,1,19:11,2351,2351,Barry Brown missed Three Point Jumper.,0,2,-2,0,0.7151777651412677,0.4549308659299886,Kansas State,Texas,6,6,6.9,400911029,2016-12-30
7,1,19:11,2351,2351,Jarrett Allen Defensive Rebound.,0,2,-2,21,0.7151777651412677,0.4549308659299886,Kansas State,Texas,6,6,6.9,400911029,2016-12-30
8,1,18:50,2330,2330,Jarrett Allen Turnover.,0,2,-2,3,0.7142972945477645,0.4544740680669303,Kansas State,Texas,6,6,6.9,400911029,2016-12-30
9,1,18:47,2327,2327,Barry Brown Steal.,0,2,-2,1,0.714169967959648,0.45440837449252225,Kansas State,Texas,6,6,6.9,400911029,2016-12-30
10,1,18:46,2326,2326,Kamau Stokes missed Three Point Jumper.,0,2,-2,0,0.7141274398399641,0.4543864532488971,Kansas State,Texas,6,6,6.9,400911029,2016-12-30
11,1,18:46,2326,2326,Shaquille Cleare Defensive Rebound.,0,2,-2,19,0.7141274398399641,0.4543864532488971,Kansas State,Texas,6,6,6.9,400911029,2016-12-30
12,1,18:27,2307,2307,Tevin Mack missed Jumper.,0,2,-2,0,0.713311235202754,0.4539678046865719,Kansas State,Texas,6,6,6.9,400911029,2016-12-30
13,1,18:27,2307,2307,Jarrett Allen Offensive Rebound.,0,2,-2,4,0.713311235202754,0.4539678046865719,Kansas State,Texas,6,6,6.9,400911029,2016-12-30
14,1,18:23,2303,2303,Jarrett Allen made Dunk.,0,4,-4,29,0.6738525244052391,0.4085365553951115,Kansas State,Texas,6,6,6.9,400911029,2016-12-30
15,1,17:54,2274,2274,Barry Brown missed Three Point Jumper.,0,4,-4,0,0.6719013312527855,0.4072748379829331,Kansas State,Texas,6,6,6.9,400911029,2016-12-30
16,1,17:54,2274,2274,Jarrett Allen Defensive Rebound.,0,4,-4,20,0.6719013312527855,0.4072748379829331,Kansas State,Texas,6,6,6.9,400911029,2016-12-30
17,1,17:34,2254,2254,Andrew Jones made Jumper.,0,6,-6,22,0.6274122088669782,0.36162392176025654,Kansas State,Texas,6,6,6.9,400911029,2016-12-30
18,1,17:12,2232,2232,D.J. Johnson made Dunk. Assisted by Kamau Stokes.,2,6,-4,15,0.6689902451547713,0.40542407154322074,Kansas State,Texas,6,6,6.9,400911029,2016-12-30
19,1,16:57,2217,2217,Kerwin Roach Jr. made Three Point Jumper. Assisted by Shaquille Cleare.,2,9,-7,19,0.6009828815024592,0.33739149584914724,Kansas State,Texas,6,6,6.9,400911029,2016-12-30
20,1,16:38,2198,2198,D.J. Johnson made Jumper. Assisted by Dean Wade.,4,9,-5,6,0.6445973469916795,0.38071880713152934,Kansas State,Texas,6,6,6.9,400911029,2016-12-30
21,1,16:32,2192,2192,Andrew Jones Turnover.,4,9,-5,2,0.6440849612256939,0.38039045484245276,Kansas State,Texas,6,6,6.9,400911029,2016-12-30
22,1,16:30,2190,2190,Barry Brown Steal.,4,9,-5,4,0.6439136925817655,0.3802809362483644,Kansas State,Texas,6,6,6.9,400911029,2016-12-30
23,1,16:26,2186,2186,Barry Brown missed Three Point Jumper.,4,9,-5,0,0.6435704483970671,0.38006180342697937,Kansas State,Texas,6,6,6.9,400911029,2016-12-30
24,1,16:26,2186,2186,Barry Brown Offensive Rebound.,4,9,-5,8,0.6435704483970671,0.38006180342697937,Kansas State,Texas,6,6,6.9,400911029,2016-12-30
25,1,16:18,2178,2178,Dean Wade missed Three Point Jumper.,4,9,-5,0,0.642881147355851,0.3796231837512359,Kansas State,Texas,6,6,6.9,400911029,2016-12-30
26,1,16:18,2178,2178,Tevin Mack Defensive Rebound.,4,9,-5,26,0.642881147355851,0.3796231837512359,Kansas State,Texas,6,6,6.9,400911029,2016-12-30
27,1,15:52,2152,2152,Jarrett Allen made Dunk. Assisted by Andrew Jones.,4,11,-7,33,0.5936661118822167,0.3326747178701828,Kansas State,Texas,6,6,6.9,400911029,2016-12-30
28,1,15:19,2119,2119,Kamau Stokes missed Jumper.,4,11,-7,0,0.5898334962673677,0.3302582557160765,Kansas State,Texas,6,6,6.9,400911029,2016-12-30
29,1,15:19,2119,2119,Texas Defensive Rebound.,4,11,-7,0,0.5898334962673677,0.3302582557160765,Kansas State,Texas,6,6,6.9,400911029,2016-12-30
30,1,15:19,2119,2119,Official TV Timeout,4,11,-7,6,0.5898334962673677,0.3302582557160765,Kansas State,Texas,6,6,6.9,400911029,2016-12-30
31,1,15:13,2113,2113,Eric Davis Jr. Turnover.,4,11,-7,1,0.5891274876942844,0.32981662048292526,Kansas State,Texas,6,6,6.9,400911029,2016-12-30
32,1,15:12,2112,2112,Carlbe Ervin II Steal.,4,11,-7,2,0.5890095412718752,0.32974294206039756,Kansas State,Texas,6,6,6.9,400911029,2016-12-30
33,1,15:10,2110,2110,Foul on Jacob Young.,4,11,-7,14,0.5887734090849333,0.3295955221878661,Kansas State,Texas,6,6,6.9,400911029,2016-12-30
34,1,14:56,2096,2096,Foul on James Banks.,4,11,-7,9,0.5871114936398187,0.328561170923565,Kansas State,Texas,6,6,6.9,400911029,2016-12-30
35,1,14:47,2087,2087,D.J. Johnson missed Layup.,4,11,-7,0,0.5860347373099131,0.32789392169996245,Kansas State,Texas,6,6,6.9,400911029,2016-12-30
36,1,14:47,2087,2087,Dean Wade Offensive Rebound.,4,11,-7,3,0.5860347373099131,0.32789392169996245,Kansas State,Texas,6,6,6.9,400911029,2016-12-30
37,1,14:44,2084,2084,Dean Wade made Two Point Tip Shot.,6,11,-5,14,0.6344754559765732,0.3744006156700812,Kansas State,Texas,6,6,6.9,400911029,2016-12-30
38,1,14:30,2070,2070,Jarrett Allen missed Dunk.,6,11,-5,0,0.6331725802844741,0.3736084303068185,Kansas State,Texas,6,6,6.9,400911029,2016-12-30
39,1,14:30,2070,2070,D.J. Johnson Block.,6,11,-5,0,0.6331725802844741,0.3736084303068185,Kansas State,Texas,6,6,6.9,400911029,2016-12-30
40,1,14:30,2070,2070,Texas Offensive Rebound.,6,11,-5,7,0.6331725802844741,0.3736084303068185,Kansas State,Texas,6,6,6.9,400911029,2016-12-30
41,1,14:23,2063,2063,Eric Davis Jr. missed Three Point Jumper.,6,11,-5,0,0.6325160192359972,0.3732107269932053,Kansas State,Texas,6,6,6.9,400911029,2016-12-30
42,1,14:23,2063,2063,Kamau Stokes Defensive Rebound.,6,11,-5,8,0.6325160192359972,0.3732107269932053,Kansas State,Texas,6,6,6.9,400911029,2016-12-30
43,1,14:15,2055,2055,Dean Wade made Layup. Assisted by Kamau Stokes.,8,11,-3,0,0.6787313032272215,0.4225656614594239,Kansas State,Texas,6,6,6.9,400911029,2016-12-30
44,1,14:15,2055,2055,Foul on Jarrett Allen.,8,11,-3,0,0.6787313032272215,0.4225656614594239,Kansas State,Texas,6,6,6.9,400911029,2016-12-30
45,1,14:15,2055,2055,Dean Wade made Free Throw.,9,11,-2,24,0.7009929728121358,0.4481454690334274,Kansas State,Texas,6,6,6.9,400911029,2016-12-30
46,1,13:51,2031,2031,Kerwin Roach Jr. missed Jumper.,9,11,-2,0,0.6996708817031956,0.44756262634629046,Kansas State,Texas,6,6,6.9,400911029,2016-12-30
47,1,13:51,2031,2031,Carlbe Ervin II Block.,9,11,-2,0,0.6996708817031956,0.44756262634629046,Kansas State,Texas,6,6,6.9,400911029,2016-12-30
48,1,13:51,2031,2031,Texas Offensive Rebound.,9,11,-2,3,0.6996708817031956,0.44756262634629046,Kansas State,Texas,6,6,6.9,400911029,2016-12-30
49,1,13:48,2028,2028,Eric Davis Jr. missed Jumper.,9,11,-2,0,0.6995037542855543,0.44748929964234846,Kansas State,Texas,6,6,6.9,400911029,2016-12-30
50,1,13:48,2028,2028,Carlbe Ervin II Defensive Rebound.,9,11,-2,16,0.6995037542855543,0.44748929964234846,Kansas State,Texas,6,6,6.9,400911029,2016-12-30
51,1,13:32,2012,2012,Foul on Eric Davis Jr..,9,11,-2,0,0.6986053831973411,0.447096382003624,Kansas State,Texas,6,6,6.9,400911029,2016-12-30
52,1,13:32,2012,2012,Kamau Stokes made Free Throw.,10,11,-1,0,0.7204853479311318,0.47347374054000907,Kansas State,Texas,6,6,6.9,400911029,2016-12-30
53,1,13:32,2012,2012,Kamau Stokes made Free Throw.,11,11,0,16,0.7413649689945464,0.5,Kansas State,Texas,6,6,6.9,400911029,2016-12-30
54,1,13:16,1996,1996,Foul on Austin Budke.,11,11,0,1,0.7408437118511599,0.5,Kansas State,Texas,6,6,6.9,400911029,2016-12-30
55,1,13:15,1995,1995,Tevin Mack missed Layup.,11,11,0,0,0.7408108851044518,0.5,Kansas State,Texas,6,6,6.9,400911029,2016-12-30
56,1,13:15,1995,1995,Xavier Sneed Defensive Rebound.,11,11,0,6,0.7408108851044518,0.5,Kansas State,Texas,6,6,6.9,400911029,2016-12-30
57,1,13:09,1989,1989,Foul on Eric Davis Jr..,11,11,0,0,0.740613314974561,0.5,Kansas State,Texas,6,6,6.9,400911029,2016-12-30
58,1,13:09,1989,1989,Wesley Iwundu made Free Throw.,12,11,1,0,0.7606993406675407,0.5268139350911306,Kansas State,Texas,6,6,6.9,400911029,2016-12-30
59,1,13:09,1989,1989,Wesley Iwundu made Free Throw.,13,11,2,8,0.779692649516622,0.5534740814799639,Kansas State,Texas,6,6,6.9,400911029,2016-12-30
60,1,13:01,1981,1981,Austin Budke Steal.,13,11,2,0,0.779594766215326,0.5536741289043107,Kansas State,Texas,6,6,6.9,400911029,2016-12-30
61,1,13:01,1981,1981,Andrew Jones Turnover.,13,11,2,18,0.779594766215326,0.5536741289043107,Kansas State,Texas,6,6,6.9,400911029,2016-12-30
62,1,12:43,1963,1963,Carlbe Ervin II Turnover.,13,11,2,30,0.7793712600093161,0.5541274301505975,Kansas State,Texas,6,6,6.9,400911029,2016-12-30
63,1,12:13,1933,1933,Kendal Yancy missed Jumper.,13,11,2,0,0.7789893252403467,0.5548932088801155,Kansas State,Texas,6,6,6.9,400911029,2016-12-30
64,1,12:13,1933,1933,Kansas St Defensive Rebound.,13,11,2,4,0.7789893252403467,0.5548932088801155,Kansas State,Texas,6,6,6.9,400911029,2016-12-30
65,1,12:09,1929,1929,Wesley Iwundu missed Three Point Jumper.,13,11,2,0,0.7789375531009076,0.5549963121365157,Kansas State,Texas,6,6,6.9,400911029,2016-12-30
66,1,12:09,1929,1929,Kansas St Offensive Rebound.,13,11,2,13,0.7789375531009076,0.5549963121365157,Kansas State,Texas,6,6,6.9,400911029,2016-12-30
67,1,11:56,1916,1916,Official TV Timeout,13,11,2,8,0.7787655707217027,0.5553311657182827,Kansas State,Texas,6,6,6.9,400911029,2016-12-30
68,1,11:48,1908,1908,Wesley Iwundu missed Dunk.,13,11,2,1,0.7786567422887702,0.5555369292689899,Kansas State,Texas,6,6,6.9,400911029,2016-12-30
69,1,11:47,1907,1907,Andrew Jones Block.,13,11,2,1,0.7786429845117977,0.5555626387093998,Kansas State,Texas,6,6,6.9,400911029,2016-12-30
70,1,11:46,1906,1906,Kendal Yancy Defensive Rebound.,13,11,2,26,0.7786291930819866,0.5555883462174267,Kansas State,Texas,6,6,6.9,400911029,2016-12-30
71,1,11:20,1880,1880,Kerwin Roach Jr. missed Jumper.,13,11,2,0,0.7782594127316064,0.5562565669528433,Kansas State,Texas,6,6,6.9,400911029,2016-12-30
72,1,11:20,1880,1880,Kerwin Roach Jr. Offensive Rebound.,13,11,2,4,0.7782594127316064,0.5562565669528433,Kansas State,Texas,6,6,6.9,400911029,2016-12-30
73,1,11:16,1876,1876,Shaquille Cleare Turnover.,13,11,2,0,0.7782007237520681,0.5563594356283966,Kansas State,Texas,6,6,6.9,400911029,2016-12-30
74,1,11:16,1876,1876,Foul on Shaquille Cleare.,13,11,2,20,0.7782007237520681,0.5563594356283966,Kansas State,Texas,6,6,6.9,400911029,2016-12-30
75,1,10:56,1856,1856,Wesley Iwundu Turnover.,13,11,2,0,0.7779008258494376,0.5568746554814731,Kansas State,Texas,6,6,6.9,400911029,2016-12-30
76,1,10:56,1856,1856,Kendal Yancy Steal.,13,11,2,0,0.7779008258494376,0.5568746554814731,Kansas State,Texas,6,6,6.9,400911029,2016-12-30
77,1,10:56,1856,1856,Foul on Xavier Sneed.,13,11,2,9,0.7779008258494376,0.5568746554814731,Kansas State,Texas,6,6,6.9,400911029,2016-12-30
78,1,10:47,1847,1847,Tevin Mack missed Three Point Jumper.,13,11,2,0,0.7777626312366015,0.5571072013834203,Kansas State,Texas,6,6,6.9,400911029,2016-12-30
79,1,10:47,1847,1847,Shaquille Cleare Offensive Rebound.,13,11,2,4,0.7777626312366015,0.5571072013834203,Kansas State,Texas,6,6,6.9,400911029,2016-12-30
80,1,10:43,1843,1843,Shaquille Cleare missed Jumper.,13,11,2,0,0.7777006193112442,0.5572107378653325,Kansas State,Texas,6,6,6.9,400911029,2016-12-30
81,1,10:43,1843,1843,Wesley Iwundu Defensive Rebound.,13,11,2,12,0.7777006193112442,0.5572107378653325,Kansas State,Texas,6,6,6.9,400911029,2016-12-30
82,1,10:31,1831,1831,Wesley Iwundu made Layup.,15,11,4,38,0.8149258964961267,0.6135415457675434,Kansas State,Texas,6,6,6.9,400911029,2016-12-30
83,1,9:53,1793,1793,Kerwin Roach Jr. missed Three Point Jumper.,15,11,4,0,0.8150018565464474,0.6154560643214196,Kansas State,Texas,6,6,6.9,400911029,2016-12-30
84,1,9:53,1793,1793,Kansas St Defensive Rebound.,15,11,4,16,0.8150018565464474,0.6154560643214196,Kansas State,Texas,6,6,6.9,400911029,2016-12-30
85,1,9:37,1777,1777,Foul on Jacob Young.,15,11,4,0,0.8150329106886657,0.616273344615417,Kansas State,Texas,6,6,6.9,400911029,2016-12-30
86,1,9:37,1777,1777,Barry Brown made Free Throw.,16,11,5,0,0.8322266161206865,0.6438698092440153,Kansas State,Texas,6,6,6.9,400911029,2016-12-30
87,1,9:37,1777,1777,Barry Brown made Free Throw.,17,11,6,22,0.8481199035509901,0.670542608106261,Kansas State,Texas,6,6,6.9,400911029,2016-12-30
88,1,9:15,1755,1755,Jacob Young missed Three Point Jumper.,17,11,6,0,0.8484676623975488,0.6721356588119094,Kansas State,Texas,6,6,6.9,400911029,2016-12-30
89,1,9:15,1755,1755,Wesley Iwundu Defensive Rebound.,17,11,6,19,0.8484676623975488,0.6721356588119094,Kansas State,Texas,6,6,6.9,400911029,2016-12-30
90,1,8:56,1736,1736,Dean Wade made Layup. Assisted by D.J. Johnson.,19,11,8,23,0.8772265414648265,0.7242410860807783,Kansas State,Texas,6,6,6.9,400911029,2016-12-30
91,1,8:33,1713,1713,Foul on Dean Wade.,19,11,8,8,0.8778282178239092,0.7263180683782426,Kansas State,Texas,6,6,6.9,400911029,2016-12-30
92,1,8:25,1705,1705,Foul on Kamau Stokes.,19,11,8,0,0.8780415532627625,0.7270491519482811,Kansas State,Texas,6,6,6.9,400911029,2016-12-30
93,1,8:25,1705,1705,Shaquille Cleare made Free Throw.,19,12,7,0,0.8643090748171985,0.7020835959500056,Kansas State,Texas,6,6,6.9,400911029,2016-12-30
94,1,8:25,1705,1705,Shaquille Cleare made Free Throw.,19,13,6,22,0.8492957213897965,0.675852623588433,Kansas State,Texas,6,6,6.9,400911029,2016-12-30
95,1,8:03,1683,1683,D.J. Johnson Turnover.,19,13,6,2,0.8496801286749616,0.6775349466245136,Kansas State,Texas,6,6,6.9,400911029,2016-12-30
96,1,8:01,1681,1681,Andrew Jones Steal.,19,13,6,5,0.8497138430266137,0.6776868551654035,Kansas State,Texas,6,6,6.9,400911029,2016-12-30
97,1,7:56,1676,1676,Shaquille Cleare missed Jumper.,19,13,6,0,0.8497962104536968,0.6780645186678619,Kansas State,Texas,6,6,6.9,400911029,2016-12-30
98,1,7:56,1676,1676,Dean Wade Defensive Rebound.,19,13,6,8,0.8497962104536968,0.6780645186678619,Kansas State,Texas,6,6,6.9,400911029,2016-12-30
99,1,7:48,1668,1668,Carlbe Ervin II Turnover.,19,13,6,1,0.8499225881556238,0.6786629020563473,Kansas State,Texas,6,6,6.9,400911029,2016-12-30
100,1,7:47,1667,1667,Andrew Jones Steal.,19,13,6,4,0.8499379405848544,0.6787372223313061,Kansas State,Texas,6,6,6.9,400911029,2016-12-30
101,1,7:43,1663,1663,Andrew Jones missed Jumper.,19,13,6,0,0.8499984100860968,0.6790335059047454,Kansas State,Texas,6,6,6.9,400911029,2016-12-30
102,1,7:43,1663,1663,Dean Wade Block.,19,13,6,0,0.8499984100860968,0.6790335059047454,Kansas State,Texas,6,6,6.9,400911029,2016-12-30
103,1,7:43,1663,1663,Texas Deadball Team Rebound.,19,13,6,0,0.8499984100860968,0.6790335059047454,Kansas State,Texas,6,6,6.9,400911029,2016-12-30
104,1,7:43,1663,1663,Foul on Dean Wade.,19,13,6,0,0.8499984100860968,0.6790335059047454,Kansas State,Texas,6,6,6.9,400911029,2016-12-30
105,1,7:43,1663,1663,Official TV Timeout,19,13,6,11,0.8499984100860968,0.6790335059047454,Kansas State,Texas,6,6,6.9,400911029,2016-12-30
106,1,7:32,1652,1652,Jarrett Allen made Jumper.,19,15,4,16,0.8152999726548193,0.6229354614340316,Kansas State,Texas,6,6,6.9,400911029,2016-12-30
107,1,7:16,1636,1636,D.J. Johnson Turnover.,19,15,4,1,0.815286766075257,0.6237686635860205,Kansas State,Texas,6,6,6.9,400911029,2016-12-30
108,1,7:15,1635,1635,Kerwin Roach Jr. Steal.,19,15,4,4,0.8152853895554901,0.6238203810781087,Kansas State,Texas,6,6,6.9,400911029,2016-12-30
109,1,7:11,1631,1631,Kerwin Roach Jr. missed Layup.,19,15,4,0,0.8152793016916589,0.6240269031165463,Kansas State,Texas,6,6,6.9,400911029,2016-12-30
110,1,7:11,1631,1631,Xavier Sneed Defensive Rebound.,19,15,4,15,0.8152793016916589,0.6240269031165463,Kansas State,Texas,6,6,6.9,400911029,2016-12-30
111,1,6:56,1616,1616,Kamau Stokes missed Jumper.,19,15,4,0,0.8152490851637902,0.6247973891852551,Kansas State,Texas,6,6,6.9,400911029,2016-12-30
112,1,6:56,1616,1616,Barry Brown Offensive Rebound.,19,15,4,16,0.8152490851637902,0.6247973891852551,Kansas State,Texas,6,6,6.9,400911029,2016-12-30
113,1,6:40,1600,1600,Xavier Sneed Turnover.,19,15,4,0,0.8152067496125897,0.6256153274871885,Kansas State,Texas,6,6,6.9,400911029,2016-12-30
114,1,6:40,1600,1600,Foul on Xavier Sneed.,19,15,4,13,0.8152067496125897,0.6256153274871885,Kansas State,Texas,6,6,6.9,400911029,2016-12-30
115,1,6:27,1587,1587,Foul on Austin Budke.,19,15,4,0,0.8151673013960123,0.6262797854118471,Kansas State,Texas,6,6,6.9,400911029,2016-12-30
116,1,6:27,1587,1587,Jarrett Allen made Free Throw.,19,16,3,0,0.7949246470702582,0.5956126511053937,Kansas State,Texas,6,6,6.9,400911029,2016-12-30
117,1,6:27,1587,1587,Jarrett Allen made Free Throw.,19,17,2,7,0.7730821735206537,0.5641802106938592,Kansas State,Texas,6,6,6.9,400911029,2016-12-30
118,1,6:20,1580,1580,Foul on Tevin Mack.,19,17,2,0,0.772921733612395,0.5643686024277282,Kansas State,Texas,6,6,6.9,400911029,2016-12-30
119,1,6:20,1580,1580,Wesley Iwundu made Free Throw.,20,17,3,0,0.7948380327065622,0.5958894493863945,Kansas State,Texas,6,6,6.9,400911029,2016-12-30
120,1,6:20,1580,1580,Wesley Iwundu made Free Throw.,21,17,4,16,0.8151449838601246,0.6266383928426769,Kansas State,Texas,6,6,6.9,400911029,2016-12-30
121,1,6:04,1564,1564,Tevin Mack missed Three Point Jumper.,21,17,4,0,0.8150932459904738,0.6274624979661697,Kansas State,Texas,6,6,6.9,400911029,2016-12-30
122,1,6:04,1564,1564,Barry Brown Defensive Rebound.,21,17,4,11,0.8150932459904738,0.6274624979661697,Kansas State,Texas,6,6,6.9,400911029,2016-12-30
123,1,5:53,1553,1553,Foul on Kerwin Roach Jr..,21,17,4,0,0.8150586935545086,0.6280343713891176,Kansas State,Texas,6,6,6.9,400911029,2016-12-30
124,1,5:53,1553,1553,Kamau Stokes made Free Throw.,22,17,5,0,0.8339895280617907,0.658078220263089,Kansas State,Texas,6,6,6.9,400911029,2016-12-30
125,1,5:53,1553,1553,Kamau Stokes made Free Throw.,23,17,6,26,0.8513360230406419,0.6869051769179653,Kansas State,Texas,6,6,6.9,400911029,2016-12-30
126,1,5:27,1527,1527,Tevin Mack missed Jumper.,23,17,6,0,0.851650201420174,0.6888057899622507,Kansas State,Texas,6,6,6.9,400911029,2016-12-30
127,1,5:27,1527,1527,Jarrett Allen Offensive Rebound.,23,17,6,4,0.851650201420174,0.6888057899622507,Kansas State,Texas,6,6,6.9,400911029,2016-12-30
128,1,5:23,1523,1523,Jarrett Allen missed Jumper.,23,17,6,0,0.851701485327894,0.6891034801586782,Kansas State,Texas,6,6,6.9,400911029,2016-12-30
129,1,5:23,1523,1523,James Banks Offensive Rebound.,23,17,6,1,0.851701485327894,0.6891034801586782,Kansas State,Texas,6,6,6.9,400911029,2016-12-30
130,1,5:22,1522,1522,James Banks made Two Point Tip Shot.,23,19,4,7,0.8149777800933159,0.6296821043705431,Kansas State,Texas,6,6,6.9,400911029,2016-12-30
131,1,5:15,1515,1515,Foul on Andrew Jones.,23,19,4,0,0.8149649452138878,0.6300637551666489,Kansas State,Texas,6,6,6.9,400911029,2016-12-30
132,1,5:15,1515,1515,Kamau Stokes missed Free Throw.,23,19,4,0,0.8149649452138878,0.6300637551666489,Kansas State,Texas,6,6,6.9,400911029,2016-12-30
133,1,5:15,1515,1515,Kansas St Deadball Team Rebound.,23,19,4,0,0.8149649452138878,0.6300637551666489,Kansas State,Texas,6,6,6.9,400911029,2016-12-30
134,1,5:15,1515,1515,Kamau Stokes made Free Throw.,24,19,5,0,0.8342043501112583,0.6605201229409975,Kansas State,Texas,6,6,6.9,400911029,2016-12-30
135,1,5:15,1515,1515,Tevin Mack missed Three Point Jumper.,24,19,5,0,0.8342043501112583,0.6605201229409975,Kansas State,Texas,6,6,6.9,400911029,2016-12-30
136,1,5:15,1515,1515,Barry Brown Defensive Rebound.,24,19,5,0,0.8342043501112583,0.6605201229409975,Kansas State,Texas,6,6,6.9,400911029,2016-12-30
137,1,5:15,1515,1515,Wesley Iwundu missed Three Point Jumper.,24,19,5,0,0.8342043501112583,0.6605201229409975,Kansas State,Texas,6,6,6.9,400911029,2016-12-30
138,1,5:15,1515,1515,Eric Davis Jr. Defensive Rebound.,24,19,5,0,0.8342043501112583,0.6605201229409975,Kansas State,Texas,6,6,6.9,400911029,2016-12-30
139,1,5:15,1515,1515,Andrew Jones Turnover.,24,19,5,0,0.8342043501112583,0.6605201229409975,Kansas State,Texas,6,6,6.9,400911029,2016-12-30
140,1,5:15,1515,1515,Barry Brown Steal.,24,19,5,45,0.8342043501112583,0.6605201229409975,Kansas State,Texas,6,6,6.9,400911029,2016-12-30
141,1,4:30,1470,1470,Foul on Andrew Jones.,24,19,5,0,0.8345823869030773,0.6636087817760821,Kansas State,Texas,6,6,6.9,400911029,2016-12-30
142,1,4:30,1470,1470,Barry Brown missed Free Throw.,24,19,5,0,0.8345823869030773,0.6636087817760821,Kansas State,Texas,6,6,6.9,400911029,2016-12-30
143,1,4:30,1470,1470,Kansas St Deadball Team Rebound.,24,19,5,0,0.8345823869030773,0.6636087817760821,Kansas State,Texas,6,6,6.9,400911029,2016-12-30
144,1,4:30,1470,1470,Barry Brown missed Free Throw.,24,19,5,0,0.8345823869030773,0.6636087817760821,Kansas State,Texas,6,6,6.9,400911029,2016-12-30
145,1,4:30,1470,1470,Jarrett Allen Defensive Rebound.,24,19,5,17,0.8345823869030773,0.6636087817760821,Kansas State,Texas,6,6,6.9,400911029,2016-12-30
146,1,4:13,1453,1453,Shaquille Cleare made Jumper. Assisted by Kerwin Roach Jr..,24,21,3,19,0.7934549543371445,0.6013266151027448,Kansas State,Texas,6,6,6.9,400911029,2016-12-30
147,1,3:54,1434,1434,Kamau Stokes Turnover.,24,21,3,0,0.7933119129030283,0.6022337610270139,Kansas State,Texas,6,6,6.9,400911029,2016-12-30
148,1,3:54,1434,1434,Official TV Timeout,24,21,3,9,0.7933119129030283,0.6022337610270139,Kansas State,Texas,6,6,6.9,400911029,2016-12-30
149,1,3:45,1425,1425,Foul on Austin Budke.,24,21,3,0,0.7932317103431297,0.6026516947480413,Kansas State,Texas,6,6,6.9,400911029,2016-12-30
150,1,3:45,1425,1425,Kerwin Roach Jr. missed Free Throw.,24,21,3,0,0.7932317103431297,0.6026516947480413,Kansas State,Texas,6,6,6.9,400911029,2016-12-30
151,1,3:45,1425,1425,Texas Deadball Team Rebound.,24,21,3,0,0.7932317103431297,0.6026516947480413,Kansas State,Texas,6,6,6.9,400911029,2016-12-30
152,1,3:45,1425,1425,Kerwin Roach Jr. made Free Throw.,24,22,2,14,0.7695327112866157,0.5689783622524043,Kansas State,Texas,6,6,6.9,400911029,2016-12-30
153,1,3:31,1411,1411,Brian Patrick missed Three Point Jumper.,24,22,2,0,0.7692252816547895,0.5694137881739032,Kansas State,Texas,6,6,6.9,400911029,2016-12-30
154,1,3:31,1411,1411,Jarrett Allen Defensive Rebound.,24,22,2,9,0.7692252816547895,0.5694137881739032,Kansas State,Texas,6,6,6.9,400911029,2016-12-30
155,1,3:22,1402,1402,Shaquille Cleare made Layup. Assisted by Kerwin Roach Jr..,24,24,0,18,0.715491560188321,0.5,Kansas State,Texas,6,6,6.9,400911029,2016-12-30
156,1,3:04,1384,1384,Foul on Kerwin Roach Jr..,24,24,0,0,0.7145557967943632,0.5,Kansas State,Texas,6,6,6.9,400911029,2016-12-30
157,1,3:04,1384,1384,Wesley Iwundu made Free Throw.,25,24,1,0,0.7425025707474451,0.535291737209735,Kansas State,Texas,6,6,6.9,400911029,2016-12-30
158,1,3:04,1384,1384,Wesley Iwundu missed Free Throw.,25,24,1,0,0.7425025707474451,0.535291737209735,Kansas State,Texas,6,6,6.9,400911029,2016-12-30
159,1,3:04,1384,1384,Jarrett Allen Defensive Rebound.,25,24,1,23,0.7425025707474451,0.535291737209735,Kansas State,Texas,6,6,6.9,400911029,2016-12-30
160,1,2:41,1361,1361,Shaquille Cleare Turnover.,25,24,1,1,0.7416351384688764,0.5356416922588946,Kansas State,Texas,6,6,6.9,400911029,2016-12-30
161,1,2:40,1360,1360,Barry Brown Steal.,25,24,1,12,0.7415970858186544,0.5356569156853563,Kansas State,Texas,6,6,6.9,400911029,2016-12-30
162,1,2:28,1348,1348,D.J. Johnson missed Layup.,25,24,1,0,0.7411388465141324,0.5358401068002393,Kansas State,Texas,6,6,6.9,400911029,2016-12-30
163,1,2:28,1348,1348,Jarrett Allen Defensive Rebound.,25,24,1,31,0.7411388465141324,0.5358401068002393,Kansas State,Texas,6,6,6.9,400911029,2016-12-30
164,1,1:57,1317,1317,Eric Davis Jr. missed Three Point Jumper.,25,24,1,0,0.7399475360261176,0.5363224908535684,Kansas State,Texas,6,6,6.9,400911029,2016-12-30
165,1,1:57,1317,1317,Jarrett Allen Offensive Rebound.,25,24,1,7,0.7399475360261176,0.5363224908535684,Kansas State,Texas,6,6,6.9,400911029,2016-12-30
166,1,1:50,1310,1310,Shaquille Cleare made Jumper. Assisted by Jarrett Allen.,25,26,-1,28,0.6796809127225635,0.46356567553874145,Kansas State,Texas,6,6,6.9,400911029,2016-12-30
167,1,1:22,1282,1282,Kamau Stokes made Three Point Jumper. Assisted by D.J. Johnson.,28,26,2,23,0.7661340526677533,0.5733955941940945,Kansas State,Texas,6,6,6.9,400911029,2016-12-30
168,1,0:59,1259,1259,Tevin Mack made Three Point Jumper. Assisted by Eric Davis Jr..,28,29,-1,21,0.6759679852325554,0.4626970978351408,Kansas State,Texas,6,6,6.9,400911029,2016-12-30
169,1,0:38,1238,1238,Foul on Shaquille Cleare.,28,29,-1,0,0.6744003055955178,0.4623022268951036,Kansas State,Texas,6,6,6.9,400911029,2016-12-30
170,1,0:38,1238,1238,D.J. Johnson made Free Throw.,29,29,0,0,0.7066632460519771,0.5,Kansas State,Texas,6,6,6.9,400911029,2016-12-30
171,1,0:38,1238,1238,D.J. Johnson made Free Throw.,30,29,1,0,0.7369761373262851,0.5376977731048964,Kansas State,Texas,6,6,6.9,400911029,2016-12-30
172,1,0:38,1238,1238,Kansas St  Timeout,30,29,1,19,0.7369761373262851,0.5376977731048964,Kansas State,Texas,6,5,6.9,400911029,2016-12-30
173,1,0:19,1219,1219,Brian Patrick Block.,30,29,1,0,0.736301389385363,0.5380793740658301,Kansas State,Texas,6,5,6.9,400911029,2016-12-30
174,1,0:19,1219,1219,Jacob Young missed Jumper.,30,29,1,6,0.736301389385363,0.5380793740658301,Kansas State,Texas,6,5,6.9,400911029,2016-12-30
175,1,0:13,1213,1213,Wesley Iwundu Defensive Rebound.,30,29,1,10,0.7360932371386564,0.5382052439765437,Kansas State,Texas,6,5,6.9,400911029,2016-12-30
176,1,0:03,1203,1203,Wesley Iwundu made Layup.,32,29,3,3,0.7911625160361365,0.6134714072603277,Kansas State,Texas,6,5,6.9,400911029,2016-12-30
177,1,0:00,1200,1200,End of 1st half,32,29,3,0,0.7911589356017192,0.6136521367497382,Kansas State,Texas,6,5,6.9,400911029,2016-12-30
178,2,20:00,1200,1200,PLAY,32,29,3,19,0.7911589356017192,0.6136521367497382,Kansas State,Texas,6,5,6.9,400911029,2016-12-30
179,2,19:41,1181,1181,Barry Brown missed Layup.,32,29,3,0,0.7911247697705397,0.6147732529912852,Kansas State,Texas,6,5,6.9,400911029,2016-12-30
180,2,19:41,1181,1181,Barry Brown Offensive Rebound.,32,29,3,25,0.7911247697705397,0.6147732529912852,Kansas State,Texas,6,5,6.9,400911029,2016-12-30
181,2,19:16,1156,1156,Kamau Stokes missed Three Point Jumper.,32,29,3,0,0.7910586146240032,0.6162033996069546,Kansas State,Texas,6,5,6.9,400911029,2016-12-30
182,2,19:16,1156,1156,Tevin Mack Defensive Rebound.,32,29,3,29,0.7910586146240032,0.6162033996069546,Kansas State,Texas,6,5,6.9,400911029,2016-12-30
183,2,18:47,1127,1127,Jarrett Allen made Layup. Assisted by Tevin Mack.,32,31,1,8,0.7331268621915227,0.5399455725370697,Kansas State,Texas,6,5,6.9,400911029,2016-12-30
184,2,18:39,1119,1119,Wesley Iwundu missed Layup.,32,31,1,0,0.7328506993956064,0.5401037730413328,Kansas State,Texas,6,5,6.9,400911029,2016-12-30
185,2,18:39,1119,1119,Shaquille Cleare Defensive Rebound.,32,31,1,22,0.7328506993956064,0.5401037730413328,Kansas State,Texas,6,5,6.9,400911029,2016-12-30
186,2,18:17,1097,1097,Shaquille Cleare Turnover.,32,31,1,1,0.7320932600415242,0.5405441969602047,Kansas State,Texas,6,5,6.9,400911029,2016-12-30
187,2,18:16,1096,1096,Wesley Iwundu Steal.,32,31,1,1,0.7320589219637398,0.5405644840260915,Kansas State,Texas,6,5,6.9,400911029,2016-12-30
188,2,18:15,1095,1095,Foul on Andrew Jones.,32,31,1,20,0.7320245932146642,0.5405847998016919,Kansas State,Texas,6,5,6.9,400911029,2016-12-30
189,2,17:55,1075,1075,Dean Wade made Three Point Jumper. Assisted by Kamau Stokes.,35,31,4,25,0.8167554943944718,0.6586866788390318,Kansas State,Texas,6,5,6.9,400911029,2016-12-30
190,2,17:30,1050,1050,Tevin Mack made Jumper.,35,33,2,25,0.7619979655050886,0.5825099218364845,Kansas State,Texas,6,5,6.9,400911029,2016-12-30
191,2,17:05,1025,1025,Dean Wade made Three Point Jumper. Assisted by Wesley Iwundu.,38,33,5,14,0.8413589269125202,0.6993856205035573,Kansas State,Texas,6,5,6.9,400911029,2016-12-30
192,2,16:51,1011,1011,Kerwin Roach Jr. missed Layup.,38,33,5,0,0.84178642961967,0.7008425744966995,Kansas State,Texas,6,5,6.9,400911029,2016-12-30
193,2,16:51,1011,1011,Jarrett Allen Offensive Rebound.,38,33,5,1,0.84178642961967,0.7008425744966995,Kansas State,Texas,6,5,6.9,400911029,2016-12-30
194,2,16:50,1010,1010,Jarrett Allen Turnover.,38,33,5,0,0.8418184072221245,0.7009491327500954,Kansas State,Texas,6,5,6.9,400911029,2016-12-30
195,2,16:50,1010,1010,Texas  Timeout,38,33,5,0,0.8418184072221245,0.7009491327500954,Kansas State,Texas,6,4,6.9,400911029,2016-12-30
196,2,16:50,1010,1010,Official TV Timeout,38,33,5,27,0.8418184072221245,0.7009491327500954,Kansas State,Texas,6,4,6.9,400911029,2016-12-30
197,2,16:23,983,983,Barry Brown missed Three Point Jumper.,38,33,5,0,0.8427622281526252,0.7039655742588387,Kansas State,Texas,6,4,6.9,400911029,2016-12-30
198,2,16:23,983,983,Jarrett Allen Defensive Rebound.,38,33,5,10,0.8427622281526252,0.7039655742588387,Kansas State,Texas,6,4,6.9,400911029,2016-12-30
199,2,16:13,973,973,Foul on Kamau Stokes.,38,33,5,0,0.8431545353635317,0.7051570182319308,Kansas State,Texas,6,4,6.9,400911029,2016-12-30
200,2,16:13,973,973,Kerwin Roach Jr. missed Free Throw.,38,33,5,0,0.8431545353635317,0.7051570182319308,Kansas State,Texas,6,4,6.9,400911029,2016-12-30
201,2,16:13,973,973,Texas Deadball Team Rebound.,38,33,5,0,0.8431545353635317,0.7051570182319308,Kansas State,Texas,6,4,6.9,400911029,2016-12-30
202,2,16:13,973,973,Kerwin Roach Jr. missed Free Throw.,38,33,5,0,0.8431545353635317,0.7051570182319308,Kansas State,Texas,6,4,6.9,400911029,2016-12-30
203,2,16:13,973,973,Wesley Iwundu Defensive Rebound.,38,33,5,19,0.8431545353635317,0.7051570182319308,Kansas State,Texas,6,4,6.9,400911029,2016-12-30
204,2,15:54,954,954,Xavier Sneed Turnover.,38,33,5,0,0.8438958539948316,0.7073936960266896,Kansas State,Texas,6,4,6.9,400911029,2016-12-30
205,2,15:54,954,954,Official TV Timeout,38,33,5,25,0.8438958539948316,0.7073936960266896,Kansas State,Texas,6,4,6.9,400911029,2016-12-30
206,2,15:29,929,929,Eric Davis Jr. Turnover.,38,33,5,2,0.8447272568136467,0.7100114921161615,Kansas State,Texas,6,4,6.9,400911029,2016-12-30
207,2,15:27,927,927,Xavier Sneed Steal.,38,33,5,4,0.8447882281134322,0.7102081731457692,Kansas State,Texas,6,4,6.9,400911029,2016-12-30
208,2,15:23,923,923,Wesley Iwundu made Three Point Jumper. Assisted by Kamau Stokes.,41,33,8,33,0.903277332719912,0.8080293527912523,Kansas State,Texas,6,4,6.9,400911029,2016-12-30
209,2,14:50,890,890,Kerwin Roach Jr. Turnover.,41,33,8,11,0.9046620499140188,0.8116825412187824,Kansas State,Texas,6,4,6.9,400911029,2016-12-30
210,2,14:39,879,879,Dean Wade made Layup. Assisted by Xavier Sneed.,43,33,10,33,0.9322923232169864,0.8624532864469865,Kansas State,Texas,6,4,6.9,400911029,2016-12-30
211,2,14:06,846,846,Jacob Young made Three Point Jumper. Assisted by Kerwin Roach Jr..,43,36,7,30,0.889409523625943,0.7867841104860085,Kansas State,Texas,6,4,6.9,400911029,2016-12-30
212,2,13:36,816,816,Dean Wade made Jumper. Assisted by Wesley Iwundu.,45,36,9,15,0.922524492051692,0.8462063641293325,Kansas State,Texas,6,4,6.9,400911029,2016-12-30
213,2,13:21,801,801,Jacob Young missed Three Point Jumper.,45,36,9,0,0.9233090115108368,0.8481129947467564,Kansas State,Texas,6,4,6.9,400911029,2016-12-30
214,2,13:21,801,801,Xavier Sneed Defensive Rebound.,45,36,9,9,0.9233090115108368,0.8481129947467564,Kansas State,Texas,6,4,6.9,400911029,2016-12-30
215,2,13:12,792,792,Dean Wade missed Layup.,45,36,9,0,0.9238148369865395,0.8493268685373087,Kansas State,Texas,6,4,6.9,400911029,2016-12-30
216,2,13:12,792,792,Jarrett Allen Block.,45,36,9,0,0.9238148369865395,0.8493268685373087,Kansas State,Texas,6,4,6.9,400911029,2016-12-30
217,2,13:12,792,792,Kansas St Offensive Rebound.,45,36,9,17,0.9238148369865395,0.8493268685373087,Kansas State,Texas,6,4,6.9,400911029,2016-12-30
218,2,12:55,775,775,Kamau Stokes missed Jumper.,45,36,9,0,0.9248531156324954,0.8517855494785829,Kansas State,Texas,6,4,6.9,400911029,2016-12-30
219,2,12:55,775,775,Tevin Mack Block.,45,36,9,2,0.9248531156324954,0.8517855494785829,Kansas State,Texas,6,4,6.9,400911029,2016-12-30
220,2,12:53,773,773,Eric Davis Jr. Defensive Rebound.,45,36,9,10,0.9249829986027149,0.8520903258032857,Kansas State,Texas,6,4,6.9,400911029,2016-12-30
221,2,12:43,763,763,Eric Davis Jr. made Layup.,45,38,7,23,0.8937769818577131,0.7976600756766582,Kansas State,Texas,6,4,6.9,400911029,2016-12-30
222,2,12:20,740,740,Xavier Sneed missed Three Point Jumper.,45,38,7,0,0.8955012231958481,0.8016838226700204,Kansas State,Texas,6,4,6.9,400911029,2016-12-30
223,2,12:20,740,740,Shaquille Cleare Defensive Rebound.,45,38,7,25,0.8955012231958481,0.8016838226700204,Kansas State,Texas,6,4,6.9,400911029,2016-12-30
224,2,11:55,715,715,Andrew Jones Turnover.,45,38,7,1,0.8975559213984502,0.8064233128991918,Kansas State,Texas,6,4,6.9,400911029,2016-12-30
225,2,11:54,714,714,Dean Wade Steal.,45,38,7,3,0.8976306299712502,0.8065987567229811,Kansas State,Texas,6,4,6.9,400911029,2016-12-30
226,2,11:51,711,711,Carlbe Ervin II missed Layup.,45,38,7,0,0.8978506910929128,0.8071173489089081,Kansas State,Texas,6,4,6.9,400911029,2016-12-30
227,2,11:51,711,711,Kansas St Deadball Team Rebound.,45,38,7,1,0.8978506910929128,0.8071173489089081,Kansas State,Texas,6,4,6.9,400911029,2016-12-30
228,2,11:50,710,710,Foul on Eric Davis Jr..,45,38,7,0,0.897922736294282,0.8072877212216693,Kansas State,Texas,6,4,6.9,400911029,2016-12-30
229,2,11:50,710,710,Official TV Timeout,45,38,7,21,0.897922736294282,0.8072877212216693,Kansas State,Texas,6,4,6.9,400911029,2016-12-30
230,2,11:29,689,689,Wesley Iwundu missed Three Point Jumper.,45,38,7,0,0.8993108235022579,0.8106276098957492,Kansas State,Texas,6,4,6.9,400911029,2016-12-30
231,2,11:29,689,689,Eric Davis Jr. Defensive Rebound.,45,38,7,11,0.8993108235022579,0.8106276098957492,Kansas State,Texas,6,4,6.9,400911029,2016-12-30
232,2,11:18,678,678,Shaquille Cleare missed Layup.,45,38,7,0,0.899968580854033,0.8122447248958131,Kansas State,Texas,6,4,6.9,400911029,2016-12-30
233,2,11:18,678,678,Wesley Iwundu Defensive Rebound.,45,38,7,23,0.899968580854033,0.8122447248958131,Kansas State,Texas,6,4,6.9,400911029,2016-12-30
234,2,10:55,655,655,Kamau Stokes missed Layup.,45,38,7,0,0.9012823018090852,0.8155068421836016,Kansas State,Texas,6,4,6.9,400911029,2016-12-30
235,2,10:55,655,655,D.J. Johnson Offensive Rebound.,45,38,7,3,0.9012823018090852,0.8155068421836016,Kansas State,Texas,6,4,6.9,400911029,2016-12-30
236,2,10:52,652,652,Foul on Tevin Mack.,45,38,7,0,0.9014535269555841,0.8159317896622589,Kansas State,Texas,6,4,6.9,400911029,2016-12-30
237,2,10:52,652,652,D.J. Johnson made Free Throw.,46,38,8,0,0.9188033414574792,0.8457621300675704,Kansas State,Texas,6,4,6.9,400911029,2016-12-30
238,2,10:52,652,652,D.J. Johnson missed Free Throw.,46,38,8,0,0.9188033414574792,0.8457621300675704,Kansas State,Texas,6,4,6.9,400911029,2016-12-30
239,2,10:52,652,652,Kansas St Offensive Rebound.,46,38,8,2,0.9188033414574792,0.8457621300675704,Kansas State,Texas,6,4,6.9,400911029,2016-12-30
240,2,10:50,650,650,Xavier Sneed Turnover.,46,38,8,17,0.9189198317642666,0.8460443026891834,Kansas State,Texas,6,4,6.9,400911029,2016-12-30
241,2,10:33,633,633,Jarrett Allen made Layup.,46,40,6,27,0.8819278460062198,0.7845108748217471,Kansas State,Texas,6,4,6.9,400911029,2016-12-30
242,2,10:06,606,606,Kamau Stokes made Three Point Jumper. Assisted by Barry Brown.,49,40,9,20,0.9362100296098423,0.8782780895160694,Kansas State,Texas,6,4,6.9,400911029,2016-12-30
243,2,9:46,586,586,Foul on Tevin Mack.,49,40,9,0,0.9377754448493675,0.881803687206963,Kansas State,Texas,6,4,6.9,400911029,2016-12-30
244,2,9:46,586,586,Technical Foul on Tevin Mack.,49,40,9,0,0.9377754448493675,0.881803687206963,Kansas State,Texas,6,4,6.9,400911029,2016-12-30
245,2,9:46,586,586,Technical Foul on Barry Brown.,49,40,9,0,0.9377754448493675,0.881803687206963,Kansas State,Texas,6,4,6.9,400911029,2016-12-30
246,2,9:46,586,586,Foul on Barry Brown.,49,40,9,9,0.9377754448493675,0.881803687206963,Kansas State,Texas,6,4,6.9,400911029,2016-12-30
247,2,9:37,577,577,Tevin Mack missed Three Point Jumper.,49,40,9,0,0.9385702354544859,0.8835610043285536,Kansas State,Texas,6,4,6.9,400911029,2016-12-30
248,2,9:37,577,577,Barry Brown Defensive Rebound.,49,40,9,9,0.9385702354544859,0.8835610043285536,Kansas State,Texas,6,4,6.9,400911029,2016-12-30
249,2,9:28,568,568,D.J. Johnson Turnover.,49,40,9,10,0.9394287312773288,0.8854385244073435,Kansas State,Texas,6,4,6.9,400911029,2016-12-30
250,2,9:18,558,558,Kerwin Roach Jr. Turnover.,49,40,9,2,0.9404630051583102,0.8876760432584291,Kansas State,Texas,6,4,6.9,400911029,2016-12-30
251,2,9:16,556,556,D.J. Johnson Steal.,49,40,9,3,0.9406804909805611,0.8881435324028519,Kansas State,Texas,6,4,6.9,400911029,2016-12-30
252,2,9:13,553,553,Barry Brown made Layup. Assisted by Kamau Stokes.,51,40,11,13,0.9620091113486187,0.926976875201046,Kansas State,Texas,6,4,6.9,400911029,2016-12-30
253,2,9:00,540,540,Foul on D.J. Johnson.,51,40,11,7,0.9631801199645378,0.9294980151147869,Kansas State,Texas,6,4,6.9,400911029,2016-12-30
254,2,8:53,533,533,Kerwin Roach Jr. missed Three Point Jumper.,51,40,11,0,0.9637270526197335,0.9306888745854013,Kansas State,Texas,6,4,6.9,400911029,2016-12-30
255,2,8:53,533,533,Wesley Iwundu Defensive Rebound.,51,40,11,12,0.9637270526197335,0.9306888745854013,Kansas State,Texas,6,4,6.9,400911029,2016-12-30
256,2,8:41,521,521,Foul on Shaquille Cleare.,51,40,11,5,0.9645618405417289,0.9325248389069052,Kansas State,Texas,6,4,6.9,400911029,2016-12-30
257,2,8:36,516,516,Barry Brown missed Jumper.,51,40,11,0,0.964882291389752,0.9332347125903184,Kansas State,Texas,6,4,6.9,400911029,2016-12-30
258,2,8:36,516,516,Texas Defensive Rebound.,51,40,11,17,0.964882291389752,0.9332347125903184,Kansas State,Texas,6,4,6.9,400911029,2016-12-30
259,2,8:19,499,499,Jarrett Allen Turnover.,51,40,11,2,0.9659145900580616,0.9355290974950622,Kansas State,Texas,6,4,6.9,400911029,2016-12-30
260,2,8:17,497,497,Wesley Iwundu Steal.,51,40,11,15,0.9660344822803701,0.935795165764549,Kansas State,Texas,6,4,6.9,400911029,2016-12-30
261,2,8:02,482,482,Kamau Stokes missed Layup.,51,40,11,0,0.9669611299436526,0.9378375183138288,Kansas State,Texas,6,4,6.9,400911029,2016-12-30
262,2,8:02,482,482,Kerwin Roach Jr. Defensive Rebound.,51,40,11,8,0.9669611299436526,0.9378375183138288,Kansas State,Texas,6,4,6.9,400911029,2016-12-30
263,2,7:54,474,474,Foul on Kamau Stokes.,51,40,11,0,0.9674937184529393,0.9389958403150723,Kansas State,Texas,6,4,6.9,400911029,2016-12-30
264,2,7:54,474,474,Official TV Timeout,51,40,11,0,0.9674937184529393,0.9389958403150723,Kansas State,Texas,6,4,6.9,400911029,2016-12-30
265,2,7:54,474,474,Foul on Barry Brown.,51,40,11,25,0.9674937184529393,0.9389958403150723,Kansas State,Texas,6,4,6.9,400911029,2016-12-30
266,2,7:29,449,449,Jarrett Allen Turnover.,51,40,11,0,0.9694712140906822,0.943189402277068,Kansas State,Texas,6,4,6.9,400911029,2016-12-30
267,2,7:29,449,449,Kamau Stokes Steal.,51,40,11,0,0.9694712140906822,0.943189402277068,Kansas State,Texas,6,4,6.9,400911029,2016-12-30
268,2,7:29,449,449,Foul on James Banks.,51,40,11,6,0.9694712140906822,0.943189402277068,Kansas State,Texas,6,4,6.9,400911029,2016-12-30
269,2,7:23,443,443,Wesley Iwundu made Jumper. Assisted by Dean Wade.,53,40,13,27,0.9818763663706744,0.9659913216479098,Kansas State,Texas,6,4,6.9,400911029,2016-12-30
270,2,6:56,416,416,James Banks Turnover.,53,40,13,0,0.9839475220996198,0.9702280472566707,Kansas State,Texas,6,4,6.9,400911029,2016-12-30
271,2,6:56,416,416,Foul on James Banks.,53,40,13,19,0.9839475220996198,0.9702280472566707,Kansas State,Texas,6,4,6.9,400911029,2016-12-30
272,2,6:37,397,397,Dean Wade Turnover.,53,40,13,13,0.9851718138239398,0.9727551797292583,Kansas State,Texas,6,4,6.9,400911029,2016-12-30
273,2,6:24,384,384,Andrew Jones made Layup. Assisted by Jarrett Allen.,53,42,11,33,0.9756562498243676,0.9559567966027392,Kansas State,Texas,6,4,6.9,400911029,2016-12-30
274,2,5:51,351,351,Kansas St  Timeout,53,42,11,1,0.978519496262544,0.9618222975780023,Kansas State,Texas,6,3,6.9,400911029,2016-12-30
275,2,5:50,350,350,Kamau Stokes missed Three Point Jumper.,53,42,11,0,0.9786140758056195,0.9620118811084057,Kansas State,Texas,6,3,6.9,400911029,2016-12-30
276,2,5:50,350,350,Texas Defensive Rebound.,53,42,11,27,0.9786140758056195,0.9620118811084057,Kansas State,Texas,6,3,6.9,400911029,2016-12-30
277,2,5:23,323,323,Kerwin Roach Jr. made Layup.,53,44,9,21,0.9661200625483285,0.9414450420442223,Kansas State,Texas,6,3,6.9,400911029,2016-12-30
278,2,5:02,302,302,Foul on James Banks.,53,44,9,0,0.9694417322234724,0.9478136237724513,Kansas State,Texas,6,3,6.9,400911029,2016-12-30
279,2,5:02,302,302,Dean Wade made Free Throw.,54,44,10,0,0.9776698353605111,0.9616348350821462,Kansas State,Texas,6,3,6.9,400911029,2016-12-30
280,2,5:02,302,302,Dean Wade missed Free Throw.,54,44,10,0,0.9776698353605111,0.9616348350821462,Kansas State,Texas,6,3,6.9,400911029,2016-12-30
281,2,5:02,302,302,Jarrett Allen Defensive Rebound.,54,44,10,12,0.9776698353605111,0.9616348350821462,Kansas State,Texas,6,3,6.9,400911029,2016-12-30
282,2,4:50,290,290,Andrew Jones missed Three Point Jumper.,54,44,10,0,0.9780592552618089,0.9626066509660498,Kansas State,Texas,6,3,6.9,400911029,2016-12-30
283,2,4:50,290,290,Wesley Iwundu Defensive Rebound.,54,44,10,16,0.9780592552618089,0.9626066509660498,Kansas State,Texas,6,3,6.9,400911029,2016-12-30
284,2,4:34,274,274,Barry Brown made Jumper. Assisted by Kamau Stokes.,56,44,12,12,0.9880216922624774,0.9796691196576477,Kansas State,Texas,6,3,6.9,400911029,2016-12-30
285,2,4:22,262,262,Kerwin Roach Jr. Turnover.,56,44,12,25,0.9874135267050302,0.9788282884392866,Kansas State,Texas,6,3,6.9,400911029,2016-12-30
286,2,3:57,237,237,Barry Brown missed Layup.,56,44,12,0,0.9863497362152441,0.9774774137697118,Kansas State,Texas,6,3,6.9,400911029,2016-12-30
287,2,3:57,237,237,Kerwin Roach Jr. Defensive Rebound.,56,44,12,21,0.9863497362152441,0.9774774137697118,Kansas State,Texas,6,3,6.9,400911029,2016-12-30
288,2,3:36,216,216,Tevin Mack missed Three Point Jumper.,56,44,12,0,0.9870904030806261,0.9790454856096623,Kansas State,Texas,6,3,6.9,400911029,2016-12-30
289,2,3:36,216,216,Barry Brown Defensive Rebound.,56,44,12,29,0.9870904030806261,0.9790454856096623,Kansas State,Texas,6,3,6.9,400911029,2016-12-30
290,2,3:07,187,187,Barry Brown missed Jumper.,56,44,12,0,0.991825632994779,0.9870379963334664,Kansas State,Texas,6,3,6.9,400911029,2016-12-30
291,2,3:07,187,187,Tevin Mack Block.,56,44,12,2,0.991825632994779,0.9870379963334664,Kansas State,Texas,6,3,6.9,400911029,2016-12-30
292,2,3:05,185,185,Eric Davis Jr. Defensive Rebound.,56,44,12,5,0.9922072772301813,0.9876643802528915,Kansas State,Texas,6,3,6.9,400911029,2016-12-30
293,2,3:00,180,180,Foul on Barry Brown.,56,44,12,0,0.9930910099585951,0.9891110671192956,Kansas State,Texas,6,3,6.9,400911029,2016-12-30
294,2,3:00,180,180,Kerwin Roach Jr. made Free Throw.,56,45,11,0,0.98997148762977,0.9842230838264591,Kansas State,Texas,6,3,6.9,400911029,2016-12-30
295,2,3:00,180,180,Official TV Timeout,56,45,11,0,0.98997148762977,0.9842230838264591,Kansas State,Texas,6,3,6.9,400911029,2016-12-30
296,2,3:00,180,180,Kerwin Roach Jr. missed Free Throw.,56,45,11,0,0.98997148762977,0.9842230838264591,Kansas State,Texas,6,3,6.9,400911029,2016-12-30
297,2,3:00,180,180,D.J. Johnson Defensive Rebound.,56,45,11,22,0.98997148762977,0.9842230838264591,Kansas State,Texas,6,3,6.9,400911029,2016-12-30
298,2,2:38,158,158,Dean Wade missed Three Point Jumper.,56,45,11,0,0.9939827210334706,0.9907194297421384,Kansas State,Texas,6,3,6.9,400911029,2016-12-30
299,2,2:38,158,158,Kerwin Roach Jr. Defensive Rebound.,56,45,11,8,0.9939827210334706,0.9907194297421384,Kansas State,Texas,6,3,6.9,400911029,2016-12-30
300,2,2:30,150,150,Foul on Dean Wade.,56,45,11,0,0.9950976696113355,0.9924972184457792,Kansas State,Texas,6,3,6.9,400911029,2016-12-30
301,2,2:30,150,150,Kerwin Roach Jr. made Free Throw.,56,46,10,0,0.9923778376160565,0.9883515345197219,Kansas State,Texas,6,3,6.9,400911029,2016-12-30
302,2,2:30,150,150,Kerwin Roach Jr. missed Free Throw.,56,46,10,0,0.9923778376160565,0.9883515345197219,Kansas State,Texas,6,3,6.9,400911029,2016-12-30
303,2,2:30,150,150,D.J. Johnson Defensive Rebound.,56,46,10,23,0.9923778376160565,0.9883515345197219,Kansas State,Texas,6,3,6.9,400911029,2016-12-30
304,2,2:07,127,127,Kamau Stokes Turnover.,56,46,10,2,0.9958792072690157,0.9938458869304504,Kansas State,Texas,6,3,6.9,400911029,2016-12-30
305,2,2:05,125,125,Tevin Mack Steal.,56,46,10,2,0.9961218161149805,0.9942204513729853,Kansas State,Texas,6,3,6.9,400911029,2016-12-30
306,2,2:03,123,123,Tevin Mack made Layup.,56,48,8,35,0.9897311510779058,0.9847785468157585,Kansas State,Texas,6,3,6.9,400911029,2016-12-30
307,2,1:28,88,88,Barry Brown missed Three Point Jumper.,56,48,8,0,0.9964184977327682,0.9948900398759346,Kansas State,Texas,6,3,6.9,400911029,2016-12-30
308,2,1:28,88,88,Shaquille Cleare Defensive Rebound.,56,48,8,17,0.9964184977327682,0.9948900398759346,Kansas State,Texas,6,3,6.9,400911029,2016-12-30
309,2,1:11,71,71,Jarrett Allen made Jumper. Assisted by Kerwin Roach Jr..,56,50,6,2,0.9916141270340776,0.9883109636323604,Kansas State,Texas,6,3,6.9,400911029,2016-12-30
310,2,1:09,69,69,Texas  Timeout,56,50,6,10,0.9920869496632791,0.9889962295511867,Kansas State,Texas,6,2,6.9,400911029,2016-12-30
311,2,0:59,59,59,Foul on Kerwin Roach Jr..,56,50,6,0,0.994131831109362,0.991938864439575,Kansas State,Texas,6,2,6.9,400911029,2016-12-30
312,2,0:59,59,59,Wesley Iwundu made Free Throw.,57,50,7,0,0.9973602514055684,0.9963693568329518,Kansas State,Texas,6,2,6.9,400911029,2016-12-30
313,2,0:59,59,59,Wesley Iwundu made Free Throw.,58,50,8,12,0.9988146480988543,0.9983688042052631,Kansas State,Texas,6,2,6.9,400911029,2016-12-30
314,2,0:47,47,47,Kerwin Roach Jr. made Layup.,58,52,6,2,0.9959934336120564,0.9945799601842901,Kansas State,Texas,6,2,6.9,400911029,2016-12-30
315,2,0:45,45,45,Foul on Kerwin Roach Jr..,58,52,6,0,0.9962509448703589,0.9949416357625687,Kansas State,Texas,6,2,6.9,400911029,2016-12-30
316,2,0:45,45,45,D.J. Johnson made Free Throw.,59,52,7,0,0.9984419622081843,0.997896221785585,Kansas State,Texas,6,2,6.9,400911029,2016-12-30
317,2,0:45,45,45,D.J. Johnson made Free Throw.,60,52,8,15,0.9993533395310644,0.9991265517926287,Kansas State,Texas,6,2,6.9,400911029,2016-12-30
318,2,0:30,30,30,Jacob Young made Three Point Jumper. Assisted by Eric Davis Jr..,60,55,5,5,0.9941575228255818,0.9922846961612823,Kansas State,Texas,6,2,6.9,400911029,2016-12-30
319,2,0:25,25,25,Foul on Kerwin Roach Jr..,60,55,5,0,0.9949755604772718,0.9934099508758157,Kansas State,Texas,6,2,6.9,400911029,2016-12-30
320,2,0:25,25,25,Kamau Stokes made Free Throw.,61,55,6,0,0.9981514819529979,0.9975730719974748,Kansas State,Texas,6,2,6.9,400911029,2016-12-30
321,2,0:25,25,25,Kamau Stokes made Free Throw.,62,55,7,7,0.9993212897499888,0.999108591239572,Kansas State,Texas,6,2,6.9,400911029,2016-12-30
322,2,0:18,18,18,Andrew Jones made Three Point Jumper.,62,58,4,0,0.9885500809240884,0.9851606695394957,Kansas State,Texas,6,2,6.9,400911029,2016-12-30
323,2,0:18,18,18,Texas  Timeout,62,58,4,1,0.9885500809240884,0.9851606695394957,Kansas State,Texas,6,1,6.9,400911029,2016-12-30
324,2,0:17,17,17,Foul on Jacob Young.,62,58,4,0,0.9888348683493818,0.9855493021485758,Kansas State,Texas,6,1,6.9,400911029,2016-12-30
325,2,0:17,17,17,Barry Brown made Free Throw.,63,58,5,0,0.9960862809048887,0.9949236351283457,Kansas State,Texas,6,1,6.9,400911029,2016-12-30
326,2,0:17,17,17,Barry Brown missed Free Throw.,63,58,5,0,0.9960862809048887,0.9949236351283457,Kansas State,Texas,6,1,6.9,400911029,2016-12-30
327,2,0:17,17,17,Jarrett Allen Defensive Rebound.,63,58,5,10,0.9960862809048887,0.9949236351283457,Kansas State,Texas,6,1,6.9,400911029,2016-12-30
328,2,0:07,7,7,Eric Davis Jr. made Layup.,63,60,3,0,0.9739755474657724,0.9669414740491673,Kansas State,Texas,6,1,6.9,400911029,2016-12-30
329,2,0:07,7,7,Foul on Jacob Young.,63,60,3,0,0.9739755474657724,0.9669414740491673,Kansas State,Texas,6,1,6.9,400911029,2016-12-30
330,2,0:07,7,7,Kamau Stokes made Free Throw.,64,60,4,0,0.9914023860504079,0.9890254881298493,Kansas State,Texas,6,1,6.9,400911029,2016-12-30
331,2,0:07,7,7,Kamau Stokes made Free Throw.,65,60,5,5,0.9971932628141549,0.9964115169478466,Kansas State,Texas,6,1,6.9,400911029,2016-12-30
332,2,0:02,2,2,Tevin Mack made Dunk. Assisted by Andrew Jones.,65,62,3,2,0.9764140355455463,0.9702365242832658,Kansas State,Texas,6,1,6.9,400911029,2016-12-30
333,2,0:00,0,0,End of Game,65,62,3,0,1,1,Kansas State,Texas,6,1,6.9,400911029,2016-12-30
