play_id,half,time_remaining_half,secs_remaining,secs_remaining_absolute,description,home_score,away_score,score_diff,play_length,win_prob,naive_win_prob,home,away,home_time_out_remaining,away_time_out_remaining,home_favored_by,game_id,date
1,1,20:00,2400,2700,PLAY,0,0,0,21,0.5,0.5,Western Michigan,Valparaiso,6,6,NA,270482711,2007-02-17
2,1,19:39,2379,2679,Urule Igbavboa missed Two Point Jumper.,0,0,0,0,0.5,0.5,Western Michigan,Valparaiso,6,6,NA,270482711,2007-02-17
3,1,19:39,2379,2679,Mike Redell Defensive Rebound.,0,0,0,7,0.5,0.5,Western Michigan,Valparaiso,6,6,NA,270482711,2007-02-17
4,1,19:32,2372,2672,Derek Drews missed Three Point Jumper.,0,0,0,0,0.5,0.5,Western Michigan,Valparaiso,6,6,NA,270482711,2007-02-17
5,1,19:32,2372,2672,Urule Igbavboa Defensive Rebound.,0,0,0,21,0.5,0.5,Western Michigan,Valparaiso,6,6,NA,270482711,2007-02-17
6,1,19:11,2351,2651,Shawn Huff made Two Point Jumper.,0,2,-2,29,0.4549308659299886,0.4549308659299886,Western Michigan,Valparaiso,6,6,NA,270482711,2007-02-17
7,1,18:42,2322,2622,Mike Redell made Three Point Jumper.  Assisted by Shawntes Gary.,3,2,1,28,0.5228986002520256,0.5228986002520256,Western Michigan,Valparaiso,6,6,NA,270482711,2007-02-17
8,1,18:14,2294,2594,Moussa Mbaye missed Two Point Jumper.,3,2,1,0,0.523210341337861,0.523210341337861,Western Michigan,Valparaiso,6,6,NA,270482711,2007-02-17
9,1,18:14,2294,2594,Joe Reitz Defensive Rebound.,3,2,1,6,0.523210341337861,0.523210341337861,Western Michigan,Valparaiso,6,6,NA,270482711,2007-02-17
10,1,18:08,2288,2588,Foul on Brandon McPherson,3,2,1,17,0.5232776790827,0.5232776790827,Western Michigan,Valparaiso,6,6,NA,270482711,2007-02-17
11,1,17:51,2271,2571,Derek Drews missed Three Point Jumper.,3,2,1,0,0.5234694092905685,0.5234694092905685,Western Michigan,Valparaiso,6,6,NA,270482711,2007-02-17
12,1,17:51,2271,2571,Moussa Mbaye Defensive Rebound.,3,2,1,8,0.5234694092905685,0.5234694092905685,Western Michigan,Valparaiso,6,6,NA,270482711,2007-02-17
13,1,17:43,2263,2563,Shawn Huff made Three Point Jumper.  Assisted by Brandon McPherson.,3,5,-2,13,0.45298421201451977,0.45298421201451977,Western Michigan,Valparaiso,6,6,NA,270482711,2007-02-17
14,1,17:30,2250,2550,Foul on Jake Diebler,3,5,-2,0,0.4526903320869115,0.4526903320869115,Western Michigan,Valparaiso,6,6,NA,270482711,2007-02-17
15,1,17:30,2250,2550,Joe Reitz missed Free Throw.,3,5,-2,0,0.4526903320869115,0.4526903320869115,Western Michigan,Valparaiso,6,6,NA,270482711,2007-02-17
16,1,17:30,2250,2550,null,3,5,-2,0,0.4526903320869115,0.4526903320869115,Western Michigan,Valparaiso,6,6,NA,270482711,2007-02-17
17,1,17:30,2250,2550,Joe Reitz made Free Throw.,4,5,-1,25,0.47629198334830036,0.47629198334830036,Western Michigan,Valparaiso,6,6,NA,270482711,2007-02-17
18,1,17:05,2225,2525,Shawn Huff missed Two Point Jumper.,4,5,-1,0,0.47600570268207176,0.47600570268207176,Western Michigan,Valparaiso,6,6,NA,270482711,2007-02-17
19,1,17:05,2225,2525,Shawntes Gary Defensive Rebound.,4,5,-1,8,0.47600570268207176,0.47600570268207176,Western Michigan,Valparaiso,6,6,NA,270482711,2007-02-17
20,1,16:57,2217,2517,Derek Drews missed Three Point Jumper.,4,5,-1,0,0.47591364482647425,0.47591364482647425,Western Michigan,Valparaiso,6,6,NA,270482711,2007-02-17
21,1,16:57,2217,2517,Joe Reitz Offensive Rebound.,4,5,-1,9,0.47591364482647425,0.47591364482647425,Western Michigan,Valparaiso,6,6,NA,270482711,2007-02-17
22,1,16:48,2208,2508,Brandon McPherson Steal.,4,5,-1,1,0.47580984828110745,0.47580984828110745,Western Michigan,Valparaiso,6,6,NA,270482711,2007-02-17
23,1,16:47,2207,2507,Shawn Huff missed Three Point Jumper.,4,5,-1,0,0.47579830099359666,0.47579830099359666,Western Michigan,Valparaiso,6,6,NA,270482711,2007-02-17
24,1,16:47,2207,2507,Joe Reitz Defensive Rebound.,4,5,-1,15,0.47579830099359666,0.47579830099359666,Western Michigan,Valparaiso,6,6,NA,270482711,2007-02-17
25,1,16:32,2192,2492,Foul on Moussa Mbaye,4,5,-1,0,0.4756247738977838,0.4756247738977838,Western Michigan,Valparaiso,6,6,NA,270482711,2007-02-17
26,1,16:32,2192,2492,David Kool made Free Throw.,5,5,0,0,0.5,0.5,Western Michigan,Valparaiso,6,6,NA,270482711,2007-02-17
27,1,16:32,2192,2492,David Kool made Free Throw.,6,5,1,18,0.5243752261022162,0.5243752261022162,Western Michigan,Valparaiso,6,6,NA,270482711,2007-02-17
28,1,16:14,2174,2474,Foul on Joe Reitz,6,5,1,0,0.5245841565133473,0.5245841565133473,Western Michigan,Valparaiso,6,6,NA,270482711,2007-02-17
29,1,16:14,2174,2474,Foul on Andre Ricks,6,5,1,3,0.5245841565133473,0.5245841565133473,Western Michigan,Valparaiso,6,6,NA,270482711,2007-02-17
30,1,16:11,2171,2471,Samuel Haanpaa made Three Point Jumper.  Assisted by Urule Igbavboa.,6,8,-2,18,0.4508809989309483,0.4508809989309483,Western Michigan,Valparaiso,6,6,NA,270482711,2007-02-17
31,1,15:53,2153,2453,Foul on Urule Igbavboa,6,8,-2,0,0.4504641729595203,0.4504641729595203,Western Michigan,Valparaiso,6,6,NA,270482711,2007-02-17
32,1,15:53,2153,2453,Official TV Timeout.,6,8,-2,21,0.4504641729595203,0.4504641729595203,Western Michigan,Valparaiso,6,6,NA,270482711,2007-02-17
33,1,15:32,2132,2432,Joe Reitz made Two Point Jumper.  Assisted by Derek Fracalossi.,8,8,0,21,0.5,0.5,Western Michigan,Valparaiso,6,6,NA,270482711,2007-02-17
34,1,15:11,2111,2411,Jake Diebler missed Three Point Jumper.,8,8,0,0,0.5,0.5,Western Michigan,Valparaiso,6,6,NA,270482711,2007-02-17
35,1,15:11,2111,2411,David Kool Defensive Rebound.,8,8,0,8,0.5,0.5,Western Michigan,Valparaiso,6,6,NA,270482711,2007-02-17
36,1,15:03,2103,2403,Foul on Derek Fracalossi,8,8,0,16,0.5,0.5,Western Michigan,Valparaiso,6,6,NA,270482711,2007-02-17
37,1,14:47,2087,2387,Jake Diebler missed Two Point Jumper.,8,8,0,0,0.5,0.5,Western Michigan,Valparaiso,6,6,NA,270482711,2007-02-17
38,1,14:47,2087,2387,Urule Igbavboa Offensive Rebound.,8,8,0,10,0.5,0.5,Western Michigan,Valparaiso,6,6,NA,270482711,2007-02-17
39,1,14:37,2077,2377,Foul on Mike Redell,8,8,0,6,0.5,0.5,Western Michigan,Valparaiso,6,6,NA,270482711,2007-02-17
40,1,14:31,2071,2371,Moussa Mbaye missed Two Point Jumper.,8,8,0,0,0.5,0.5,Western Michigan,Valparaiso,6,6,NA,270482711,2007-02-17
41,1,14:31,2071,2371,Andre Ricks Defensive Rebound.,8,8,0,9,0.5,0.5,Western Michigan,Valparaiso,6,6,NA,270482711,2007-02-17
42,1,14:22,2062,2362,Mike Redell made Two Point Jumper.,10,8,2,9,0.5516857568654909,0.5516857568654909,Western Michigan,Valparaiso,6,6,NA,270482711,2007-02-17
43,1,14:13,2053,2353,Moussa Mbaye made Two Point Layup.  Assisted by Jarryd Loyd.,10,10,0,22,0.5,0.5,Western Michigan,Valparaiso,6,6,NA,270482711,2007-02-17
44,1,13:51,2031,2331,Andre Ricks missed Three Point Jumper.,10,10,0,0,0.5,0.5,Western Michigan,Valparaiso,6,6,NA,270482711,2007-02-17
45,1,13:51,2031,2331,Jarryd Loyd Defensive Rebound.,10,10,0,20,0.5,0.5,Western Michigan,Valparaiso,6,6,NA,270482711,2007-02-17
46,1,13:31,2011,2311,Moussa Mbaye missed Two Point Jumper.,10,10,0,0,0.5,0.5,Western Michigan,Valparaiso,6,6,NA,270482711,2007-02-17
47,1,13:31,2011,2311,Mike Redell Defensive Rebound.,10,10,0,12,0.5,0.5,Western Michigan,Valparaiso,6,6,NA,270482711,2007-02-17
48,1,13:19,1999,2299,Andre Ricks missed Three Point Jumper.,10,10,0,0,0.5,0.5,Western Michigan,Valparaiso,6,6,NA,270482711,2007-02-17
49,1,13:19,1999,2299,Moussa Mbaye Defensive Rebound.,10,10,0,19,0.5,0.5,Western Michigan,Valparaiso,6,6,NA,270482711,2007-02-17
50,1,13:00,1980,2280,Samuel Haanpaa missed Three Point Jumper.,10,10,0,0,0.5,0.5,Western Michigan,Valparaiso,6,6,NA,270482711,2007-02-17
51,1,13:00,1980,2280,Martelle McLemore Defensive Rebound.,10,10,0,8,0.5,0.5,Western Michigan,Valparaiso,6,6,NA,270482711,2007-02-17
52,1,12:52,1972,2272,Foul on Moussa Mbaye,10,10,0,0,0.5,0.5,Western Michigan,Valparaiso,6,6,NA,270482711,2007-02-17
53,1,12:52,1972,2272,Derek Fracalossi made Free Throw.,11,10,1,0,0.5270288641252185,0.5270288641252185,Western Michigan,Valparaiso,6,6,NA,270482711,2007-02-17
54,1,12:52,1972,2272,Derek Fracalossi made Free Throw.,12,10,2,34,0.5539002189832,0.5539002189832,Western Michigan,Valparaiso,6,6,NA,270482711,2007-02-17
55,1,12:18,1938,2238,Foul on Donald Lawson,12,10,2,0,0.5547646572326396,0.5547646572326396,Western Michigan,Valparaiso,6,6,NA,270482711,2007-02-17
56,1,12:18,1938,2238,Urule Igbavboa made Free Throw.,12,11,1,0,0.5274649491446592,0.5274649491446592,Western Michigan,Valparaiso,6,6,NA,270482711,2007-02-17
57,1,12:18,1938,2238,Urule Igbavboa made Free Throw.,12,12,0,14,0.5,0.5,Western Michigan,Valparaiso,6,6,NA,270482711,2007-02-17
58,1,12:04,1924,2224,Foul on Calum MacLeod,12,12,0,0,0.5,0.5,Western Michigan,Valparaiso,6,6,NA,270482711,2007-02-17
59,1,12:04,1924,2224,Joe Reitz made Free Throw.,13,12,1,0,0.5276468647155523,0.5276468647155523,Western Michigan,Valparaiso,6,6,NA,270482711,2007-02-17
60,1,12:04,1924,2224,Joe Reitz made Free Throw.,14,12,2,16,0.5551251898677473,0.5551251898677473,Western Michigan,Valparaiso,6,6,NA,270482711,2007-02-17
61,1,11:48,1908,2208,Calum MacLeod made Two Point Dunk Shot.  Assisted by Jarryd Loyd.,14,14,0,21,0.5,0.5,Western Michigan,Valparaiso,6,6,NA,270482711,2007-02-17
62,1,11:27,1887,2187,Mike Redell made Two Point Layup.,16,14,2,21,0.5560766262651798,0.5560766262651798,Western Michigan,Valparaiso,6,6,NA,270482711,2007-02-17
63,1,11:06,1866,2166,Urule Igbavboa made Two Point Layup.,16,16,0,1,0.5,0.5,Western Michigan,Valparaiso,6,6,NA,270482711,2007-02-17
64,1,11:05,1865,2165,Official TV Timeout.,16,16,0,0,0.5,0.5,Western Michigan,Valparaiso,6,6,NA,270482711,2007-02-17
65,1,11:05,1865,2165,Foul on Urule Igbavboa,16,16,0,0,0.5,0.5,Western Michigan,Valparaiso,6,6,NA,270482711,2007-02-17
66,1,11:05,1865,2165,Joe Reitz made Free Throw.,17,16,1,0,0.5284127472172593,0.5284127472172593,Western Michigan,Valparaiso,6,6,NA,270482711,2007-02-17
67,1,11:05,1865,2165,Joe Reitz made Free Throw.,18,16,2,20,0.5566425877689026,0.5566425877689026,Western Michigan,Valparaiso,6,6,NA,270482711,2007-02-17
68,1,10:45,1845,2145,Urule Igbavboa missed Two Point Layup.,18,16,2,0,0.5571589544419538,0.5571589544419538,Western Michigan,Valparaiso,6,6,NA,270482711,2007-02-17
69,1,10:45,1845,2145,Calum MacLeod Offensive Rebound.,18,16,2,3,0.5571589544419538,0.5571589544419538,Western Michigan,Valparaiso,6,6,NA,270482711,2007-02-17
70,1,10:42,1842,2142,Calum MacLeod made Two Point Layup.,18,18,0,18,0.5,0.5,Western Michigan,Valparaiso,6,6,NA,270482711,2007-02-17
71,1,10:24,1824,2124,Shawntes Gary missed Two Point Jumper.,18,18,0,0,0.5,0.5,Western Michigan,Valparaiso,6,6,NA,270482711,2007-02-17
72,1,10:24,1824,2124,Calum MacLeod Defensive Rebound.,18,18,0,11,0.5,0.5,Western Michigan,Valparaiso,6,6,NA,270482711,2007-02-17
73,1,10:13,1813,2113,Samuel Haanpaa made Three Point Jumper.  Assisted by Brandon McPherson.,18,21,-3,13,0.41349766901012325,0.41349766901012325,Western Michigan,Valparaiso,6,6,NA,270482711,2007-02-17
74,1,10:00,1800,2100,Shawntes Gary made Two Point Jumper.  Assisted by Mike Redell.,20,21,-1,34,0.47073319422403154,0.47073319422403154,Western Michigan,Valparaiso,6,6,NA,270482711,2007-02-17
75,1,9:26,1766,2066,Samuel Haanpaa missed Two Point Jumper.,20,21,-1,0,0.470275280471876,0.470275280471876,Western Michigan,Valparaiso,6,6,NA,270482711,2007-02-17
76,1,9:26,1766,2066,Derek Drews Defensive Rebound.,20,21,-1,11,0.470275280471876,0.470275280471876,Western Michigan,Valparaiso,6,6,NA,270482711,2007-02-17
77,1,9:15,1755,2055,Jake Diebler missed Three Point Jumper.,20,21,-1,0,0.47012478463845353,0.47012478463845353,Western Michigan,Valparaiso,6,6,NA,270482711,2007-02-17
78,1,9:15,1755,2055,null,20,21,-1,3,0.47012478463845353,0.47012478463845353,Western Michigan,Valparaiso,6,6,NA,270482711,2007-02-17
79,1,9:12,1752,2052,Foul on Derek Drews,20,21,-1,2,0.47008351510995294,0.47008351510995294,Western Michigan,Valparaiso,6,6,NA,270482711,2007-02-17
80,1,9:10,1750,2050,Samuel Haanpaa missed Three Point Jumper.,20,21,-1,0,0.4700559464025223,0.4700559464025223,Western Michigan,Valparaiso,6,6,NA,270482711,2007-02-17
81,1,9:10,1750,2050,Shawntes Gary Defensive Rebound.,20,21,-1,3,0.4700559464025223,0.4700559464025223,Western Michigan,Valparaiso,6,6,NA,270482711,2007-02-17
82,1,9:07,1747,2047,Foul on Shawn Huff,20,21,-1,0,0.47001450825864743,0.47001450825864743,Western Michigan,Valparaiso,6,6,NA,270482711,2007-02-17
83,1,9:07,1747,2047,Shawntes Gary made Free Throw.,21,21,0,0,0.5,0.5,Western Michigan,Valparaiso,6,6,NA,270482711,2007-02-17
84,1,9:07,1747,2047,Shawntes Gary made Free Throw.,22,21,1,15,0.5299854917413526,0.5299854917413526,Western Michigan,Valparaiso,6,6,NA,270482711,2007-02-17
85,1,8:52,1732,2032,Urule Igbavboa made Two Point Layup.  Assisted by Brandon McPherson.,22,23,-1,0,0.469805716302795,0.469805716302795,Western Michigan,Valparaiso,6,6,NA,270482711,2007-02-17
86,1,8:52,1732,2032,Foul on David Kool,22,23,-1,0,0.469805716302795,0.469805716302795,Western Michigan,Valparaiso,6,6,NA,270482711,2007-02-17
87,1,8:52,1732,2032,Urule Igbavboa made Free Throw.,22,24,-2,26,0.43983085618004963,0.43983085618004963,Western Michigan,Valparaiso,6,6,NA,270482711,2007-02-17
88,1,8:26,1706,2006,Derek Fracalossi made Three Point Jumper.  Assisted by Shawntes Gary.,25,24,1,23,0.5305631173788335,0.5305631173788335,Western Michigan,Valparaiso,6,6,NA,270482711,2007-02-17
89,1,8:03,1683,1983,Shawntes Gary Steal.,25,24,1,8,0.5308966826705475,0.5308966826705475,Western Michigan,Valparaiso,6,6,NA,270482711,2007-02-17
90,1,7:55,1675,1975,Samuel Haanpaa Steal.,25,24,1,8,0.5310116303241187,0.5310116303241187,Western Michigan,Valparaiso,6,6,NA,270482711,2007-02-17
91,1,7:47,1667,1967,Shawn Huff missed Two Point Jumper.,25,24,1,0,0.5311253110946292,0.5311253110946292,Western Michigan,Valparaiso,6,6,NA,270482711,2007-02-17
92,1,7:47,1667,1967,Valparaiso Offensive Rebound.,25,24,1,0,0.5311253110946292,0.5311253110946292,Western Michigan,Valparaiso,6,6,NA,270482711,2007-02-17
93,1,7:47,1667,1967,Official TV Timeout.,25,24,1,4,0.5311253110946292,0.5311253110946292,Western Michigan,Valparaiso,6,6,NA,270482711,2007-02-17
94,1,7:43,1663,1963,Brandon McPherson made Two Point Jumper.,25,26,-1,24,0.4688182796295889,0.4688182796295889,Western Michigan,Valparaiso,6,6,NA,270482711,2007-02-17
95,1,7:19,1639,1939,Derek Fracalossi made Three Point Jumper.  Assisted by Martelle McLemore.,28,26,2,12,0.5627810774110841,0.5627810774110841,Western Michigan,Valparaiso,6,6,NA,270482711,2007-02-17
96,1,7:07,1627,1927,Derek Fracalossi Steal.,28,26,2,1,0.5631059394779159,0.5631059394779159,Western Michigan,Valparaiso,6,6,NA,270482711,2007-02-17
97,1,7:06,1626,1926,Foul on Brandon McPherson,28,26,2,0,0.5631329116856477,0.5631329116856477,Western Michigan,Valparaiso,6,6,NA,270482711,2007-02-17
98,1,7:06,1626,1926,Derek Fracalossi made Free Throw.,29,26,3,0,0.5940732761660089,0.5940732761660089,Western Michigan,Valparaiso,6,6,NA,270482711,2007-02-17
99,1,7:06,1626,1926,Derek Fracalossi made Free Throw.,30,26,4,13,0.624284350740108,0.624284350740108,Western Michigan,Valparaiso,6,6,NA,270482711,2007-02-17
100,1,6:53,1613,1913,Jarryd Loyd made Two Point Layup.  Assisted by Shawn Huff.,30,28,2,16,0.5634825837907945,0.5634825837907945,Western Michigan,Valparaiso,6,6,NA,270482711,2007-02-17
101,1,6:37,1597,1897,Derek Fracalossi missed Two Point Jumper.,30,28,2,0,0.5639117441892415,0.5639117441892415,Western Michigan,Valparaiso,6,6,NA,270482711,2007-02-17
102,1,6:37,1597,1897,Western Michigan Offensive Rebou.,30,28,2,31,0.5639117441892415,0.5639117441892415,Western Michigan,Valparaiso,6,6,NA,270482711,2007-02-17
103,1,6:06,1566,1866,David Kool Steal.,30,28,2,7,0.5647473579619368,0.5647473579619368,Western Michigan,Valparaiso,6,6,NA,270482711,2007-02-17
104,1,5:59,1559,1859,David Kool made Three Point Jumper.,33,28,5,24,0.6577018449432936,0.6577018449432936,Western Michigan,Valparaiso,6,6,NA,270482711,2007-02-17
105,1,5:35,1535,1835,Urule Igbavboa made Two Point Jumper.,33,30,3,20,0.5977007047817116,0.5977007047817116,Western Michigan,Valparaiso,6,6,NA,270482711,2007-02-17
106,1,5:15,1515,1815,Foul on Urule Igbavboa,33,30,3,0,0.5985357457966013,0.5985357457966013,Western Michigan,Valparaiso,6,6,NA,270482711,2007-02-17
107,1,5:15,1515,1815,Joe Reitz made Free Throw.,34,30,4,0,0.6300637551666489,0.6300637551666489,Western Michigan,Valparaiso,6,6,NA,270482711,2007-02-17
108,1,5:15,1515,1815,Joe Reitz missed Free Throw.,34,30,4,0,0.6300637551666489,0.6300637551666489,Western Michigan,Valparaiso,6,6,NA,270482711,2007-02-17
109,1,5:15,1515,1815,Calum MacLeod Defensive Rebound.,34,30,4,16,0.6300637551666489,0.6300637551666489,Western Michigan,Valparaiso,6,6,NA,270482711,2007-02-17
110,1,4:59,1499,1799,Samuel Haanpaa made Three Point Jumper.  Assisted by Jarryd Loyd.,34,33,1,20,0.533469009447533,0.533469009447533,Western Michigan,Valparaiso,6,6,NA,270482711,2007-02-17
111,1,4:39,1479,1779,Derek Drews missed Three Point Jumper.,34,33,1,0,0.5337761881920524,0.5337761881920524,Western Michigan,Valparaiso,6,6,NA,270482711,2007-02-17
112,1,4:39,1479,1779,Brandon McPherson Defensive Rebound.,34,33,1,21,0.5337761881920524,0.5337761881920524,Western Michigan,Valparaiso,6,6,NA,270482711,2007-02-17
113,1,4:18,1458,1758,Jarryd Loyd made Three Point Jumper.  Assisted by Calum MacLeod.,34,36,-2,13,0.4320893169189578,0.4320893169189578,Western Michigan,Valparaiso,6,6,NA,270482711,2007-02-17
114,1,4:05,1445,1745,Mike Redell missed Two Point Layup.,34,36,-2,0,0.4316626276362839,0.4316626276362839,Western Michigan,Valparaiso,6,6,NA,270482711,2007-02-17
115,1,4:05,1445,1745,null,34,36,-2,1,0.4316626276362839,0.4316626276362839,Western Michigan,Valparaiso,6,6,NA,270482711,2007-02-17
116,1,4:04,1444,1744,Foul on Joe Reitz,34,36,-2,0,0.43162994739885835,0.43162994739885835,Western Michigan,Valparaiso,6,6,NA,270482711,2007-02-17
117,1,4:04,1444,1744,Jake Diebler made Free Throw.,34,37,-3,0,0.39823945396808896,0.39823945396808896,Western Michigan,Valparaiso,6,6,NA,270482711,2007-02-17
118,1,4:04,1444,1744,Jake Diebler made Free Throw.,34,38,-4,13,0.3657697134168506,0.3657697134168506,Western Michigan,Valparaiso,6,6,NA,270482711,2007-02-17
119,1,3:51,1431,1731,Shawntes Gary missed Two Point Jumper.,34,38,-4,0,0.3649782725055745,0.3649782725055745,Western Michigan,Valparaiso,6,6,NA,270482711,2007-02-17
120,1,3:51,1431,1731,Shawntes Gary Offensive Rebound.,34,38,-4,3,0.3649782725055745,0.3649782725055745,Western Michigan,Valparaiso,6,6,NA,270482711,2007-02-17
121,1,3:48,1428,1728,Shawntes Gary made Two Point Jumper.,36,38,-2,0,0.43111622490188006,0.43111622490188006,Western Michigan,Valparaiso,6,6,NA,270482711,2007-02-17
122,1,3:48,1428,1728,Foul on Jake Diebler,36,38,-2,0,0.43111622490188006,0.43111622490188006,Western Michigan,Valparaiso,6,6,NA,270482711,2007-02-17
123,1,3:48,1428,1728,Official TV Timeout.,36,38,-2,0,0.43111622490188006,0.43111622490188006,Western Michigan,Valparaiso,6,6,NA,270482711,2007-02-17
124,1,3:48,1428,1728,Shawntes Gary made Free Throw.,37,38,-1,33,0.4653931170250793,0.4653931170250793,Western Michigan,Valparaiso,6,6,NA,270482711,2007-02-17
125,1,3:15,1395,1695,Brandon McPherson made Two Point Layup.,37,40,-3,18,0.3959960667858427,0.3959960667858427,Western Michigan,Valparaiso,6,6,NA,270482711,2007-02-17
126,1,2:57,1377,1677,Derek Drews missed Three Point Jumper.,37,40,-3,0,0.3952032664251743,0.3952032664251743,Western Michigan,Valparaiso,6,6,NA,270482711,2007-02-17
127,1,2:57,1377,1677,Derek Fracalossi Offensive Rebound.,37,40,-3,3,0.3952032664251743,0.3952032664251743,Western Michigan,Valparaiso,6,6,NA,270482711,2007-02-17
128,1,2:54,1374,1674,Foul on Jarryd Loyd,37,40,-3,0,0.39507172739181645,0.39507172739181645,Western Michigan,Valparaiso,6,6,NA,270482711,2007-02-17
129,1,2:54,1374,1674,Derek Fracalossi made Free Throw.,38,40,-2,0,0.42946644517190913,0.42946644517190913,Western Michigan,Valparaiso,6,6,NA,270482711,2007-02-17
130,1,2:54,1374,1674,Derek Fracalossi missed Free Throw.,38,40,-2,0,0.42946644517190913,0.42946644517190913,Western Michigan,Valparaiso,6,6,NA,270482711,2007-02-17
131,1,2:54,1374,1674,Samuel Haanpaa Defensive Rebound.,38,40,-2,11,0.42946644517190913,0.42946644517190913,Western Michigan,Valparaiso,6,6,NA,270482711,2007-02-17
132,1,2:43,1363,1663,Foul on Shawntes Gary,38,40,-2,0,0.429136947864899,0.429136947864899,Western Michigan,Valparaiso,6,6,NA,270482711,2007-02-17
133,1,2:43,1363,1663,Samuel Haanpaa missed Free Throw.,38,40,-2,0,0.429136947864899,0.429136947864899,Western Michigan,Valparaiso,6,6,NA,270482711,2007-02-17
134,1,2:43,1363,1663,Derek Fracalossi Defensive Rebound.,38,40,-2,15,0.429136947864899,0.429136947864899,Western Michigan,Valparaiso,6,6,NA,270482711,2007-02-17
135,1,2:28,1348,1648,Shawntes Gary made Two Point Jumper.,40,40,0,8,0.5,0.5,Western Michigan,Valparaiso,6,6,NA,270482711,2007-02-17
136,1,2:20,1340,1640,Valparaiso 20 Second Timeout.,40,40,0,21,0.5,0.5,Western Michigan,Valparaiso,5,6,NA,270482711,2007-02-17
137,1,1:59,1319,1619,Foul on Derek Fracalossi,40,40,0,0,0.5,0.5,Western Michigan,Valparaiso,5,6,NA,270482711,2007-02-17
138,1,1:59,1319,1619,Jarryd Loyd made Free Throw.,40,41,-1,0,0.4637092222665872,0.4637092222665872,Western Michigan,Valparaiso,5,6,NA,270482711,2007-02-17
139,1,1:59,1319,1619,Jarryd Loyd made Free Throw.,40,42,-2,0,0.4277988063557957,0.4277988063557957,Western Michigan,Valparaiso,5,6,NA,270482711,2007-02-17
140,1,1:59,1319,1619,Jarryd Loyd made Free Throw.,40,43,-3,23,0.3926333332753765,0.3926333332753765,Western Michigan,Valparaiso,5,6,NA,270482711,2007-02-17
141,1,1:36,1296,1596,Shawntes Gary missed Two Point Jumper.,40,43,-3,1,0.39156455028387854,0.39156455028387854,Western Michigan,Valparaiso,5,6,NA,270482711,2007-02-17
142,1,1:35,1295,1595,Jake Diebler Defensive Rebound.,40,43,-3,34,0.3915169827425266,0.3915169827425266,Western Michigan,Valparaiso,5,6,NA,270482711,2007-02-17
143,1,1:01,1261,1561,Brandon McPherson missed Two Point Jumper.,40,43,-3,0,0.38982920547129835,0.38982920547129835,Western Michigan,Valparaiso,5,6,NA,270482711,2007-02-17
144,1,1:01,1261,1561,Mike Redell Defensive Rebound.,40,43,-3,16,0.38982920547129835,0.38982920547129835,Western Michigan,Valparaiso,5,6,NA,270482711,2007-02-17
145,1,0:45,1245,1545,Shawntes Gary made Two Point Jumper.,42,43,-1,35,0.4624367814721293,0.4624367814721293,Western Michigan,Valparaiso,5,6,NA,270482711,2007-02-17
146,1,0:10,1210,1510,Brandon McPherson made Two Point Jumper.,42,45,-3,4,0.3869548944686454,0.3869548944686454,Western Michigan,Valparaiso,5,6,NA,270482711,2007-02-17
147,1,0:06,1206,1506,Western Michigan 20 Second Timeout.,42,45,-3,5,0.3867104814106415,0.3867104814106415,Western Michigan,Valparaiso,5,5,NA,270482711,2007-02-17
148,1,0:01,1201,1501,Derek Fracalossi missed Two Point Jumper.,42,45,-3,0,0.38640798088719136,0.38640798088719136,Western Michigan,Valparaiso,5,5,NA,270482711,2007-02-17
149,1,0:01,1201,1501,Derek Fracalossi Offensive Rebound.,42,45,-3,1,0.38640798088719136,0.38640798088719136,Western Michigan,Valparaiso,5,5,NA,270482711,2007-02-17
150,1,0:00,1200,1500,End of the 1st Half.,42,45,-3,0,0.38634786325026177,0.38634786325026177,Western Michigan,Valparaiso,5,5,NA,270482711,2007-02-17
151,2,20:00,1200,1500,PLAY,42,45,-3,22,0.38634786325026177,0.38634786325026177,Western Michigan,Valparaiso,5,5,NA,270482711,2007-02-17
152,2,19:38,1178,1478,David Kool missed Two Point Jumper.,42,45,-3,0,0.38505290147776383,0.38505290147776383,Western Michigan,Valparaiso,5,5,NA,270482711,2007-02-17
153,2,19:38,1178,1478,Urule Igbavboa Defensive Rebound.,42,45,-3,29,0.38505290147776383,0.38505290147776383,Western Michigan,Valparaiso,5,5,NA,270482711,2007-02-17
154,2,19:09,1149,1449,Shawn Huff missed Three Point Jumper.,42,45,-3,0,0.3834016132353808,0.3834016132353808,Western Michigan,Valparaiso,5,5,NA,270482711,2007-02-17
155,2,19:09,1149,1449,Mike Redell Defensive Rebound.,42,45,-3,12,0.3834016132353808,0.3834016132353808,Western Michigan,Valparaiso,5,5,NA,270482711,2007-02-17
156,2,18:57,1137,1437,Shawntes Gary missed Two Point Jumper.,42,45,-3,0,0.38272679623906886,0.38272679623906886,Western Michigan,Valparaiso,5,5,NA,270482711,2007-02-17
157,2,18:57,1137,1437,Shawn Huff Defensive Rebound.,42,45,-3,19,0.38272679623906886,0.38272679623906886,Western Michigan,Valparaiso,5,5,NA,270482711,2007-02-17
158,2,18:38,1118,1418,Mike Redell missed Three Point Jumper.,42,45,-3,0,0.3816570676202662,0.3816570676202662,Western Michigan,Valparaiso,5,5,NA,270482711,2007-02-17
159,2,18:38,1118,1418,Joe Reitz Offensive Rebound.,42,45,-3,5,0.3816570676202662,0.3816570676202662,Western Michigan,Valparaiso,5,5,NA,270482711,2007-02-17
160,2,18:33,1113,1413,Foul on Joe Reitz,42,45,-3,21,0.38137391149454086,0.38137391149454086,Western Michigan,Valparaiso,5,5,NA,270482711,2007-02-17
161,2,18:12,1092,1392,David Kool Steal.,42,45,-3,4,0.3801692739994999,0.3801692739994999,Western Michigan,Valparaiso,5,5,NA,270482711,2007-02-17
162,2,18:08,1088,1388,Derek Drews missed Three Point Jumper.,42,45,-3,0,0.3799360426623326,0.3799360426623326,Western Michigan,Valparaiso,5,5,NA,270482711,2007-02-17
163,2,18:08,1088,1388,Shawn Huff Defensive Rebound.,42,45,-3,20,0.3799360426623326,0.3799360426623326,Western Michigan,Valparaiso,5,5,NA,270482711,2007-02-17
164,2,17:48,1068,1368,Foul on Shawntes Gary,42,45,-3,0,0.37874487263453277,0.37874487263453277,Western Michigan,Valparaiso,5,5,NA,270482711,2007-02-17
165,2,17:48,1068,1368,Urule Igbavboa made Free Throw.,42,46,-4,0,0.3407758503161934,0.3407758503161934,Western Michigan,Valparaiso,5,5,NA,270482711,2007-02-17
166,2,17:48,1068,1368,Urule Igbavboa made Free Throw.,42,47,-5,15,0.3047460531980377,0.3047460531980377,Western Michigan,Valparaiso,5,5,NA,270482711,2007-02-17
167,2,17:33,1053,1353,Foul on Donald Lawson,42,47,-5,0,0.30335560834502706,0.30335560834502706,Western Michigan,Valparaiso,5,5,NA,270482711,2007-02-17
168,2,17:33,1053,1353,Jake Diebler Steal.,42,47,-5,26,0.30335560834502706,0.30335560834502706,Western Michigan,Valparaiso,5,5,NA,270482711,2007-02-17
169,2,17:07,1027,1327,Shawntes Gary Steal.,42,47,-5,4,0.30081744435462343,0.30081744435462343,Western Michigan,Valparaiso,5,5,NA,270482711,2007-02-17
170,2,17:03,1023,1323,Shawntes Gary missed Two Point Jumper.,42,47,-5,0,0.30041008943655434,0.30041008943655434,Western Michigan,Valparaiso,5,5,NA,270482711,2007-02-17
171,2,17:03,1023,1323,Shawn Huff Defensive Rebound.,42,47,-5,7,0.30041008943655434,0.30041008943655434,Western Michigan,Valparaiso,5,5,NA,270482711,2007-02-17
172,2,16:56,1016,1316,Jake Diebler missed Three Point Jumper.,42,47,-5,0,0.2996851174104913,0.2996851174104913,Western Michigan,Valparaiso,5,5,NA,270482711,2007-02-17
173,2,16:56,1016,1316,Shawntes Gary Defensive Rebound.,42,47,-5,15,0.2996851174104913,0.2996851174104913,Western Michigan,Valparaiso,5,5,NA,270482711,2007-02-17
174,2,16:41,1001,1301,Shawntes Gary made Two Point Layup.,44,47,-3,24,0.37428297050489623,0.37428297050489623,Western Michigan,Valparaiso,5,5,NA,270482711,2007-02-17
175,2,16:17,977,1277,Shawn Huff made Two Point Jumper.,44,49,-5,7,0.29532471083348527,0.29532471083348527,Western Michigan,Valparaiso,5,5,NA,270482711,2007-02-17
176,2,16:10,970,1270,David Kool made Two Point Layup.  Assisted by Mike Redell.,46,49,-3,0,0.37186063850313117,0.37186063850313117,Western Michigan,Valparaiso,5,5,NA,270482711,2007-02-17
177,2,16:10,970,1270,Foul on Shawn Huff,46,49,-3,0,0.37186063850313117,0.37186063850313117,Western Michigan,Valparaiso,5,5,NA,270482711,2007-02-17
178,2,16:10,970,1270,David Kool made Free Throw.,47,49,-2,10,0.41350482316685694,0.41350482316685694,Western Michigan,Valparaiso,5,5,NA,270482711,2007-02-17
179,2,16:00,960,1260,Derek Fracalossi Steal.,47,49,-2,8,0.4129487401399771,0.4129487401399771,Western Michigan,Valparaiso,5,5,NA,270482711,2007-02-17
180,2,15:52,952,1252,Foul on Jake Diebler,47,49,-2,3,0.41252601490141116,0.41252601490141116,Western Michigan,Valparaiso,5,5,NA,270482711,2007-02-17
181,2,15:49,949,1249,Shawn Huff Steal.,47,49,-2,6,0.4123721132991033,0.4123721132991033,Western Michigan,Valparaiso,5,5,NA,270482711,2007-02-17
182,2,15:43,943,1243,Derek Fracalossi Steal.,47,49,-2,33,0.4120712704860946,0.4120712704860946,Western Michigan,Valparaiso,5,5,NA,270482711,2007-02-17
183,2,15:10,910,1210,Andre Ricks missed Three Point Jumper.,47,49,-2,0,0.41054725678299886,0.41054725678299886,Western Michigan,Valparaiso,5,5,NA,270482711,2007-02-17
184,2,15:10,910,1210,Samuel Haanpaa Defensive Rebound.,47,49,-2,3,0.41054725678299886,0.41054725678299886,Western Michigan,Valparaiso,5,5,NA,270482711,2007-02-17
185,2,15:07,907,1207,Foul on Derek Fracalossi,47,49,-2,20,0.41041671694314114,0.41041671694314114,Western Michigan,Valparaiso,5,5,NA,270482711,2007-02-17
186,2,14:47,887,1187,Calum MacLeod missed Two Point Jumper.,47,49,-2,0,0.40956381311657747,0.40956381311657747,Western Michigan,Valparaiso,5,5,NA,270482711,2007-02-17
187,2,14:47,887,1187,Jarryd Loyd Offensive Rebound.,47,49,-2,12,0.40956381311657747,0.40956381311657747,Western Michigan,Valparaiso,5,5,NA,270482711,2007-02-17
188,2,14:35,875,1175,Jake Diebler missed Two Point Layup.,47,49,-2,0,0.4090578488735066,0.4090578488735066,Western Michigan,Valparaiso,5,5,NA,270482711,2007-02-17
189,2,14:35,875,1175,Jarryd Loyd Offensive Rebound.,47,49,-2,5,0.4090578488735066,0.4090578488735066,Western Michigan,Valparaiso,5,5,NA,270482711,2007-02-17
190,2,14:30,870,1170,Jarryd Loyd made Two Point Layup.,47,51,-4,2,0.3235568124464427,0.3235568124464427,Western Michigan,Valparaiso,5,5,NA,270482711,2007-02-17
191,2,14:28,868,1168,Foul on David Kool,47,51,-4,0,0.3234030114508319,0.3234030114508319,Western Michigan,Valparaiso,5,5,NA,270482711,2007-02-17
192,2,14:28,868,1168,Jarryd Loyd made Free Throw.,47,52,-5,13,0.2844038608361673,0.2844038608361673,Western Michigan,Valparaiso,5,5,NA,270482711,2007-02-17
193,2,14:15,855,1155,Foul on Calum MacLeod,47,52,-5,17,0.2832288929399054,0.2832288929399054,Western Michigan,Valparaiso,5,5,NA,270482711,2007-02-17
194,2,13:58,838,1138,Shawntes Gary made Two Point Jumper.,49,52,-3,29,0.36312831082149266,0.36312831082149266,Western Michigan,Valparaiso,5,5,NA,270482711,2007-02-17
195,2,13:29,809,1109,Samuel Haanpaa missed Two Point Jumper.,49,52,-3,0,0.36109266545094565,0.36109266545094565,Western Michigan,Valparaiso,5,5,NA,270482711,2007-02-17
196,2,13:29,809,1109,Samuel Haanpaa Offensive Rebound.,49,52,-3,2,0.36109266545094565,0.36109266545094565,Western Michigan,Valparaiso,5,5,NA,270482711,2007-02-17
197,2,13:27,807,1107,Samuel Haanpaa made Two Point Layup.,49,54,-5,0,0.27845578788712305,0.27845578788712305,Western Michigan,Valparaiso,5,5,NA,270482711,2007-02-17
198,2,13:27,807,1107,Foul on Donald Lawson,49,54,-5,0,0.27845578788712305,0.27845578788712305,Western Michigan,Valparaiso,5,5,NA,270482711,2007-02-17
199,2,13:27,807,1107,Samuel Haanpaa made Free Throw.,49,55,-6,10,0.24185042645703367,0.24185042645703367,Western Michigan,Valparaiso,5,5,NA,270482711,2007-02-17
200,2,13:17,797,1097,Silver Laku made Three Point Jumper.,52,55,-3,12,0.36015940644577754,0.36015940644577754,Western Michigan,Valparaiso,5,5,NA,270482711,2007-02-17
201,2,13:05,785,1085,Foul on Mike Redell,52,55,-3,0,0.3591590826341172,0.3591590826341172,Western Michigan,Valparaiso,5,5,NA,270482711,2007-02-17
202,2,13:05,785,1085,Jarryd Loyd missed Free Throw.,52,55,-3,0,0.3591590826341172,0.3591590826341172,Western Michigan,Valparaiso,5,5,NA,270482711,2007-02-17
203,2,13:05,785,1085,Derek Drews Defensive Rebound.,52,55,-3,5,0.3591590826341172,0.3591590826341172,Western Michigan,Valparaiso,5,5,NA,270482711,2007-02-17
204,2,13:00,780,1080,Foul on Jarryd Loyd,52,55,-3,21,0.3587202699747966,0.3587202699747966,Western Michigan,Valparaiso,5,5,NA,270482711,2007-02-17
205,2,12:39,759,1059,Jarryd Loyd Steal.,52,55,-3,12,0.35671735585565245,0.35671735585565245,Western Michigan,Valparaiso,5,5,NA,270482711,2007-02-17
206,2,12:27,747,1047,Andrew Hershberger Steal.,52,55,-3,4,0.35544356399271887,0.35544356399271887,Western Michigan,Valparaiso,5,5,NA,270482711,2007-02-17
207,2,12:23,743,1043,Andrew Hershberger made Two Point Layup.,54,55,-1,9,0.4504011553650603,0.4504011553650603,Western Michigan,Valparaiso,5,5,NA,270482711,2007-02-17
208,2,12:14,734,1034,Valparaiso 20 Second Timeout.,54,55,-1,27,0.4500220001695281,0.4500220001695281,Western Michigan,Valparaiso,4,5,NA,270482711,2007-02-17
209,2,11:47,707,1007,Brandon McPherson made Two Point Jumper.,54,57,-3,19,0.3508487311033636,0.3508487311033636,Western Michigan,Valparaiso,4,5,NA,270482711,2007-02-17
210,2,11:28,688,988,Andre Ricks missed Two Point Jumper.,54,57,-3,0,0.3489628180855834,0.3489628180855834,Western Michigan,Valparaiso,4,5,NA,270482711,2007-02-17
211,2,11:28,688,988,Valparaiso Defensive Rebound.,54,57,-3,3,0.3489628180855834,0.3489628180855834,Western Michigan,Valparaiso,4,5,NA,270482711,2007-02-17
212,2,11:25,685,985,Official TV Timeout.,54,57,-3,13,0.34867968049685527,0.34867968049685527,Western Michigan,Valparaiso,4,5,NA,270482711,2007-02-17
213,2,11:12,672,972,Calum MacLeod missed Three Point Jumper.,54,57,-3,0,0.3474805036015166,0.3474805036015166,Western Michigan,Valparaiso,4,5,NA,270482711,2007-02-17
214,2,11:12,672,972,Joe Reitz Defensive Rebound.,54,57,-3,11,0.3474805036015166,0.3474805036015166,Western Michigan,Valparaiso,4,5,NA,270482711,2007-02-17
215,2,11:01,661,961,Derek Fracalossi missed Three Point Jumper.,54,57,-3,0,0.3464831494131992,0.3464831494131992,Western Michigan,Valparaiso,4,5,NA,270482711,2007-02-17
216,2,11:01,661,961,Jarryd Loyd Defensive Rebound.,54,57,-3,20,0.3464831494131992,0.3464831494131992,Western Michigan,Valparaiso,4,5,NA,270482711,2007-02-17
217,2,10:41,641,941,Jarryd Loyd missed Three Point Jumper.,54,57,-3,0,0.3446424119183285,0.3446424119183285,Western Michigan,Valparaiso,4,5,NA,270482711,2007-02-17
218,2,10:41,641,941,Joe Reitz Defensive Rebound.,54,57,-3,9,0.3446424119183285,0.3446424119183285,Western Michigan,Valparaiso,4,5,NA,270482711,2007-02-17
219,2,10:32,632,932,David Kool missed Three Point Jumper.,54,57,-3,0,0.3437766817313201,0.3437766817313201,Western Michigan,Valparaiso,4,5,NA,270482711,2007-02-17
220,2,10:32,632,932,Urule Igbavboa Defensive Rebound.,54,57,-3,12,0.3437766817313201,0.3437766817313201,Western Michigan,Valparaiso,4,5,NA,270482711,2007-02-17
221,2,10:20,620,920,Urule Igbavboa missed Two Point Jumper.,54,57,-3,0,0.342560838943302,0.342560838943302,Western Michigan,Valparaiso,4,5,NA,270482711,2007-02-17
222,2,10:20,620,920,Shawntes Gary Defensive Rebound.,54,57,-3,8,0.342560838943302,0.342560838943302,Western Michigan,Valparaiso,4,5,NA,270482711,2007-02-17
223,2,10:12,612,912,Joe Reitz made Two Point Layup.,56,57,-1,26,0.4455725067726458,0.4455725067726458,Western Michigan,Valparaiso,4,5,NA,270482711,2007-02-17
224,2,9:46,586,886,Shawntes Gary Steal.,56,57,-1,4,0.44440794041783194,0.44440794041783194,Western Michigan,Valparaiso,4,5,NA,270482711,2007-02-17
225,2,9:42,582,882,David Kool made Three Point Jumper.  Assisted by Mike Redell.,59,57,2,12,0.6102164837207776,0.6102164837207776,Western Michigan,Valparaiso,4,5,NA,270482711,2007-02-17
226,2,9:30,570,870,Valparaiso 20 Second Timeout.,59,57,2,21,0.6114715003951141,0.6114715003951141,Western Michigan,Valparaiso,3,5,NA,270482711,2007-02-17
227,2,9:09,549,849,Brandon McPherson missed Three Point Jumper.,59,57,2,0,0.6140163305976102,0.6140163305976102,Western Michigan,Valparaiso,3,5,NA,270482711,2007-02-17
228,2,9:09,549,849,Shawntes Gary Defensive Rebound.,59,57,2,16,0.6140163305976102,0.6140163305976102,Western Michigan,Valparaiso,3,5,NA,270482711,2007-02-17
229,2,8:53,533,833,Foul on Brandon McPherson,59,57,2,0,0.6159137801060506,0.6159137801060506,Western Michigan,Valparaiso,3,5,NA,270482711,2007-02-17
230,2,8:53,533,833,Shawntes Gary made Free Throw.,60,57,3,0,0.6700386546712866,0.6700386546712866,Western Michigan,Valparaiso,3,5,NA,270482711,2007-02-17
231,2,8:53,533,833,Shawntes Gary made Free Throw.,61,57,4,31,0.7200036786200243,0.7200036786200243,Western Michigan,Valparaiso,3,5,NA,270482711,2007-02-17
232,2,8:22,502,802,Brandon McPherson missed Two Point Jumper.,61,57,4,0,0.7251778621784715,0.7251778621784715,Western Michigan,Valparaiso,3,5,NA,270482711,2007-02-17
233,2,8:22,502,802,Derek Fracalossi Defensive Rebound.,61,57,4,11,0.7251778621784715,0.7251778621784715,Western Michigan,Valparaiso,3,5,NA,270482711,2007-02-17
234,2,8:11,491,791,Brandon McPherson Steal.,61,57,4,19,0.7269473783602525,0.7269473783602525,Western Michigan,Valparaiso,3,5,NA,270482711,2007-02-17
235,2,7:52,472,772,Foul on Donald Lawson,61,57,4,0,0.730280717431327,0.730280717431327,Western Michigan,Valparaiso,3,5,NA,270482711,2007-02-17
236,2,7:52,472,772,Official TV Timeout.,61,57,4,0,0.730280717431327,0.730280717431327,Western Michigan,Valparaiso,3,5,NA,270482711,2007-02-17
237,2,7:52,472,772,Urule Igbavboa made Free Throw.,61,58,3,0,0.6785323980344573,0.6785323980344573,Western Michigan,Valparaiso,3,5,NA,270482711,2007-02-17
238,2,7:52,472,772,Urule Igbavboa missed Free Throw.,61,58,3,0,0.6785323980344573,0.6785323980344573,Western Michigan,Valparaiso,3,5,NA,270482711,2007-02-17
239,2,7:52,472,772,Derek Fracalossi Defensive Rebound.,61,58,3,16,0.6785323980344573,0.6785323980344573,Western Michigan,Valparaiso,3,5,NA,270482711,2007-02-17
240,2,7:36,456,756,Shawntes Gary missed Two Point Jumper.,61,58,3,0,0.681307962528246,0.681307962528246,Western Michigan,Valparaiso,3,5,NA,270482711,2007-02-17
241,2,7:36,456,756,Joe Reitz Offensive Rebound.,61,58,3,4,0.681307962528246,0.681307962528246,Western Michigan,Valparaiso,3,5,NA,270482711,2007-02-17
242,2,7:32,452,752,Foul on Samuel Haanpaa,61,58,3,9,0.6820916105332457,0.6820916105332457,Western Michigan,Valparaiso,3,5,NA,270482711,2007-02-17
243,2,7:23,443,743,Samuel Haanpaa made Three Point Jumper.  Assisted by Brandon McPherson.,61,61,0,25,0.5,0.5,Western Michigan,Valparaiso,3,5,NA,270482711,2007-02-17
244,2,6:58,418,718,Foul on Brandon McPherson,61,61,0,0,0.5,0.5,Western Michigan,Valparaiso,3,5,NA,270482711,2007-02-17
245,2,6:58,418,718,Joe Reitz made Free Throw.,62,61,1,0,0.5664124889739585,0.5664124889739585,Western Michigan,Valparaiso,3,5,NA,270482711,2007-02-17
246,2,6:58,418,718,Joe Reitz made Free Throw.,63,61,2,17,0.6305222425767422,0.6305222425767422,Western Michigan,Valparaiso,3,5,NA,270482711,2007-02-17
247,2,6:41,401,701,Shawn Huff missed Two Point Jumper.,63,61,2,0,0.6334701127012387,0.6334701127012387,Western Michigan,Valparaiso,3,5,NA,270482711,2007-02-17
248,2,6:41,401,701,Derek Fracalossi Defensive Rebound.,63,61,2,12,0.6334701127012387,0.6334701127012387,Western Michigan,Valparaiso,3,5,NA,270482711,2007-02-17
249,2,6:29,389,689,David Kool missed Two Point Jumper.,63,61,2,0,0.6354959313783307,0.6354959313783307,Western Michigan,Valparaiso,3,5,NA,270482711,2007-02-17
250,2,6:29,389,689,Jarryd Loyd Defensive Rebound.,63,61,2,7,0.6354959313783307,0.6354959313783307,Western Michigan,Valparaiso,3,5,NA,270482711,2007-02-17
251,2,6:22,382,682,Foul on Shawntes Gary,63,61,2,0,0.6366939437642929,0.6366939437642929,Western Michigan,Valparaiso,3,5,NA,270482711,2007-02-17
252,2,6:22,382,682,Urule Igbavboa made Free Throw.,63,62,1,0,0.5696741290798589,0.5696741290798589,Western Michigan,Valparaiso,3,5,NA,270482711,2007-02-17
253,2,6:22,382,682,Urule Igbavboa made Free Throw.,63,63,0,13,0.5,0.5,Western Michigan,Valparaiso,3,5,NA,270482711,2007-02-17
254,2,6:09,369,669,Foul on Moussa Mbaye,63,63,0,0,0.5,0.5,Western Michigan,Valparaiso,3,5,NA,270482711,2007-02-17
255,2,6:09,369,669,Joe Reitz made Free Throw.,64,63,1,0,0.5709052396697252,0.5709052396697252,Western Michigan,Valparaiso,3,5,NA,270482711,2007-02-17
256,2,6:09,369,669,Joe Reitz missed Free Throw.,64,63,1,0,0.5709052396697252,0.5709052396697252,Western Michigan,Valparaiso,3,5,NA,270482711,2007-02-17
257,2,6:09,369,669,Urule Igbavboa Defensive Rebound.,64,63,1,35,0.5709052396697252,0.5709052396697252,Western Michigan,Valparaiso,3,5,NA,270482711,2007-02-17
258,2,5:34,334,634,Samuel Haanpaa made Two Point Layup.  Assisted by Jake Diebler.,64,65,-1,1,0.4250610152210416,0.4250610152210416,Western Michigan,Valparaiso,3,5,NA,270482711,2007-02-17
259,2,5:33,333,633,Foul on Silver Laku,64,65,-1,0,0.4249231662461354,0.4249231662461354,Western Michigan,Valparaiso,3,5,NA,270482711,2007-02-17
260,2,5:33,333,633,Samuel Haanpaa made Free Throw.,64,66,-2,18,0.3531570713504529,0.3531570713504529,Western Michigan,Valparaiso,3,5,NA,270482711,2007-02-17
261,2,5:15,315,615,Foul on Moussa Mbaye,64,66,-2,0,0.3479898850199312,0.3479898850199312,Western Michigan,Valparaiso,3,5,NA,270482711,2007-02-17
262,2,5:15,315,615,Joe Reitz made Free Throw.,65,66,-1,0,0.42215250944905397,0.42215250944905397,Western Michigan,Valparaiso,3,5,NA,270482711,2007-02-17
263,2,5:15,315,615,Joe Reitz missed Free Throw.,65,66,-1,0,0.42215250944905397,0.42215250944905397,Western Michigan,Valparaiso,3,5,NA,270482711,2007-02-17
264,2,5:15,315,615,Urule Igbavboa Defensive Rebound.,65,66,-1,37,0.42215250944905397,0.42215250944905397,Western Michigan,Valparaiso,3,5,NA,270482711,2007-02-17
265,2,4:38,278,578,Jake Diebler Steal.,65,66,-1,10,0.419749122395724,0.419749122395724,Western Michigan,Valparaiso,3,5,NA,270482711,2007-02-17
266,2,4:28,268,568,Jarryd Loyd made Three Point Jumper.  Assisted by Samuel Haanpaa.,65,69,-4,16,0.2166699345023889,0.2166699345023889,Western Michigan,Valparaiso,3,5,NA,270482711,2007-02-17
267,2,4:12,252,552,David Kool missed Two Point Jumper.,65,69,-4,0,0.2199078575520833,0.2199078575520833,Western Michigan,Valparaiso,3,5,NA,270482711,2007-02-17
268,2,4:12,252,552,Urule Igbavboa Defensive Rebound.,65,69,-4,34,0.2199078575520833,0.2199078575520833,Western Michigan,Valparaiso,3,5,NA,270482711,2007-02-17
269,2,3:38,218,518,Urule Igbavboa made Two Point Layup.  Assisted by Jarryd Loyd.,65,71,-6,0,0.12846847544250614,0.12846847544250614,Western Michigan,Valparaiso,3,5,NA,270482711,2007-02-17
270,2,3:38,218,518,Foul on Joe Reitz,65,71,-6,0,0.12846847544250614,0.12846847544250614,Western Michigan,Valparaiso,3,5,NA,270482711,2007-02-17
271,2,3:38,218,518,Official TV Timeout.,65,71,-6,0,0.12846847544250614,0.12846847544250614,Western Michigan,Valparaiso,3,5,NA,270482711,2007-02-17
272,2,3:38,218,518,Urule Igbavboa made Free Throw.,65,72,-7,13,0.09676798620769485,0.09676798620769485,Western Michigan,Valparaiso,3,5,NA,270482711,2007-02-17
273,2,3:25,205,505,Derek Fracalossi made Three Point Jumper.  Assisted by Mike Redell.,68,72,-4,30,0.21048893714893713,0.21048893714893713,Western Michigan,Valparaiso,3,5,NA,270482711,2007-02-17
274,2,2:55,175,475,Samuel Haanpaa missed Two Point Jumper.,68,72,-4,0,0.1757129139466742,0.1757129139466742,Western Michigan,Valparaiso,3,5,NA,270482711,2007-02-17
275,2,2:55,175,475,Joe Reitz Defensive Rebound.,68,72,-4,8,0.1757129139466742,0.1757129139466742,Western Michigan,Valparaiso,3,5,NA,270482711,2007-02-17
276,2,2:47,167,467,Foul on David Kool,68,72,-4,20,0.16579441397971237,0.16579441397971237,Western Michigan,Valparaiso,3,5,NA,270482711,2007-02-17
277,2,2:27,147,447,Urule Igbavboa made Two Point Dunk Shot.  Assisted by Jake Diebler.,68,74,-6,11,0.06236484153827829,0.06236484153827829,Western Michigan,Valparaiso,3,5,NA,270482711,2007-02-17
278,2,2:16,136,436,Foul on Urule Igbavboa,68,74,-6,0,0.052681602308220346,0.052681602308220346,Western Michigan,Valparaiso,3,5,NA,270482711,2007-02-17
279,2,2:16,136,436,Joe Reitz made Free Throw.,69,74,-5,0,0.08257927226325203,0.08257927226325203,Western Michigan,Valparaiso,3,5,NA,270482711,2007-02-17
280,2,2:16,136,436,Joe Reitz made Free Throw.,70,74,-4,20,0.12716667650065475,0.12716667650065475,Western Michigan,Valparaiso,3,5,NA,270482711,2007-02-17
281,2,1:56,116,416,Foul on Mike Redell,70,74,-4,0,0.10159790962674664,0.10159790962674664,Western Michigan,Valparaiso,3,5,NA,270482711,2007-02-17
282,2,1:56,116,416,Western Michigan 20 Second Timeout.,70,74,-4,0,0.10159790962674664,0.10159790962674664,Western Michigan,Valparaiso,3,4,NA,270482711,2007-02-17
283,2,1:56,116,416,Jake Diebler missed Free Throw.,70,74,-4,0,0.10159790962674664,0.10159790962674664,Western Michigan,Valparaiso,3,4,NA,270482711,2007-02-17
284,2,1:56,116,416,null,70,74,-4,0,0.10159790962674664,0.10159790962674664,Western Michigan,Valparaiso,3,4,NA,270482711,2007-02-17
285,2,1:56,116,416,Jake Diebler made Free Throw.,70,75,-5,14,0.06154343070944618,0.06154343070944618,Western Michigan,Valparaiso,3,4,NA,270482711,2007-02-17
286,2,1:42,102,402,Foul on Samuel Haanpaa,70,75,-5,0,0.04787891319271462,0.04787891319271462,Western Michigan,Valparaiso,3,4,NA,270482711,2007-02-17
287,2,1:42,102,402,Shawntes Gary made Free Throw.,71,75,-4,0,0.0837837280075755,0.0837837280075755,Western Michigan,Valparaiso,3,4,NA,270482711,2007-02-17
288,2,1:42,102,402,Shawntes Gary made Free Throw.,72,75,-3,20,0.14258176194121494,0.14258176194121494,Western Michigan,Valparaiso,3,4,NA,270482711,2007-02-17
289,2,1:22,82,382,David Kool Steal.,72,75,-3,3,0.11314686354345573,0.11314686354345573,Western Michigan,Valparaiso,3,4,NA,270482711,2007-02-17
290,2,1:19,79,379,Derek Fracalossi missed Three Point Jumper.,72,75,-3,0,0.10898056493133726,0.10898056493133726,Western Michigan,Valparaiso,3,4,NA,270482711,2007-02-17
291,2,1:19,79,379,Shawntes Gary Offensive Rebound.,72,75,-3,10,0.10898056493133726,0.10898056493133726,Western Michigan,Valparaiso,3,4,NA,270482711,2007-02-17
292,2,1:09,69,369,David Kool made Two Point Layup.,74,75,-1,0,0.3208775008249467,0.3208775008249467,Western Michigan,Valparaiso,3,4,NA,270482711,2007-02-17
293,2,1:09,69,369,Foul on Samuel Haanpaa,74,75,-1,0,0.3208775008249467,0.3208775008249467,Western Michigan,Valparaiso,3,4,NA,270482711,2007-02-17
294,2,1:09,69,369,David Kool made Free Throw.,75,75,0,5,0.5,0.5,Western Michigan,Valparaiso,3,4,NA,270482711,2007-02-17
295,2,1:04,64,364,Valparaiso 20 Second Timeout.,75,75,0,28,0.5,0.5,Western Michigan,Valparaiso,2,4,NA,270482711,2007-02-17
296,2,0:36,36,336,Urule Igbavboa missed Two Point Jumper.,75,75,0,0,0.5,0.5,Western Michigan,Valparaiso,2,4,NA,270482711,2007-02-17
297,2,0:36,36,336,Joe Reitz Defensive Rebound.,75,75,0,8,0.5,0.5,Western Michigan,Valparaiso,2,4,NA,270482711,2007-02-17
298,2,0:28,28,328,Western Michigan Full Timeout.,75,75,0,26,0.5,0.5,Western Michigan,Valparaiso,2,3,NA,270482711,2007-02-17
299,2,0:02,2,302,David Kool missed Two Point Jumper.,75,75,0,0,0.5,0.5,Western Michigan,Valparaiso,2,3,NA,270482711,2007-02-17
300,2,0:02,2,302,Urule Igbavboa Defensive Rebound.,75,75,0,2,0.5,0.5,Western Michigan,Valparaiso,2,3,NA,270482711,2007-02-17
301,2,0:00,300,300,End of the 2nd Half.,75,75,0,0,0.5,0.5,Western Michigan,Valparaiso,2,3,NA,270482711,2007-02-17
302,3,5:00,300,300,PLAY,75,75,0,24,0.5,0.5,Western Michigan,Valparaiso,3,4,NA,270482711,2007-02-17
303,3,4:36,276,276,Joe Reitz made Two Point Layup.,77,75,2,18,0.6562837882165399,0.6562837882165399,Western Michigan,Valparaiso,3,4,NA,270482711,2007-02-17
304,3,4:18,258,258,Foul on Shawntes Gary,77,75,2,0,0.65396252850165415,0.65396252850165415,Western Michigan,Valparaiso,3,4,NA,270482711,2007-02-17
305,3,4:18,258,258,Samuel Haanpaa missed Free Throw.,77,75,2,0,0.65396252850165415,0.65396252850165415,Western Michigan,Valparaiso,3,4,NA,270482711,2007-02-17
306,3,4:18,258,258,null,77,75,2,0,0.65396252850165415,0.65396252850165415,Western Michigan,Valparaiso,3,4,NA,270482711,2007-02-17
307,3,4:18,258,258,Samuel Haanpaa made Free Throw.,77,76,1,12,0.5788980685456057,0.5788980685456057,Western Michigan,Valparaiso,3,4,NA,270482711,2007-02-17
308,3,4:06,246,246,Mike Redell missed Three Point Jumper.,77,76,1,0,0.5781507410697039,0.5781507410697039,Western Michigan,Valparaiso,3,4,NA,270482711,2007-02-17
309,3,4:06,246,246,Shawn Huff Defensive Rebound.,77,76,1,32,0.5781507410697039,0.5781507410697039,Western Michigan,Valparaiso,3,4,NA,270482711,2007-02-17
310,3,3:34,214,214,Urule Igbavboa made Two Point Layup.,77,78,-1,25,0.4202422927351815,0.4202422927351815,Western Michigan,Valparaiso,3,4,NA,270482711,2007-02-17
311,3,3:09,189,189,Joe Reitz made Two Point Layup.  Assisted by David Kool.,79,78,1,14,0.5882863692003497,0.5882863692003497,Western Michigan,Valparaiso,3,4,NA,270482711,2007-02-17
312,3,2:55,175,175,Valparaiso 20 Second Timeout.,79,78,1,9,0.5954198310444561,0.5954198310444561,Western Michigan,Valparaiso,2,4,NA,270482711,2007-02-17
313,3,2:46,166,166,David Kool Steal.,79,78,1,17,0.6001697375625566,0.6001697375625566,Western Michigan,Valparaiso,2,4,NA,270482711,2007-02-17
314,3,2:29,149,149,Derek Fracalossi missed Three Point Jumper.,79,78,1,0,0.6098333178398168,0.6098333178398168,Western Michigan,Valparaiso,2,4,NA,270482711,2007-02-17
315,3,2:29,149,149,Urule Igbavboa Defensive Rebound.,79,78,1,32,0.6098333178398168,0.6098333178398168,Western Michigan,Valparaiso,2,4,NA,270482711,2007-02-17
316,3,1:57,117,117,Brandon McPherson missed Two Point Jumper.,79,78,1,0,0.6321393398886925,0.6321393398886925,Western Michigan,Valparaiso,2,4,NA,270482711,2007-02-17
317,3,1:57,117,117,David Kool Defensive Rebound.,79,78,1,7,0.6321393398886925,0.6321393398886925,Western Michigan,Valparaiso,2,4,NA,270482711,2007-02-17
318,3,1:50,110,110,Western Michigan 20 Second Timeout.,79,78,1,26,0.6379943056304647,0.6379943056304647,Western Michigan,Valparaiso,2,3,NA,270482711,2007-02-17
319,3,1:24,84,84,Joe Reitz made Two Point Layup.  Assisted by Mike Redell.,81,78,3,12,0.884044507607558,0.884044507607558,Western Michigan,Valparaiso,2,3,NA,270482711,2007-02-17
320,3,1:12,72,72,Foul on Urule Igbavboa,81,78,3,3,0.9005663705991794,0.9005663705991794,Western Michigan,Valparaiso,2,3,NA,270482711,2007-02-17
321,3,1:09,69,69,Foul on Jarryd Loyd,81,78,3,0,0.9045837737169687,0.9045837737169687,Western Michigan,Valparaiso,2,3,NA,270482711,2007-02-17
322,3,1:09,69,69,Derek Fracalossi made Free Throw.,82,78,4,0,0.9525274989193613,0.9525274989193613,Western Michigan,Valparaiso,2,3,NA,270482711,2007-02-17
323,3,1:09,69,69,Derek Fracalossi made Free Throw.,83,78,5,8,0.9769936625831471,0.9769936625831471,Western Michigan,Valparaiso,2,3,NA,270482711,2007-02-17
324,3,1:01,61,61,Jarryd Loyd missed Three Point Jumper.,83,78,5,0,0.9812403994369202,0.9812403994369202,Western Michigan,Valparaiso,2,3,NA,270482711,2007-02-17
325,3,1:01,61,61,Western Michigan Defensive Rebou.,83,78,5,21,0.9812403994369202,0.9812403994369202,Western Michigan,Valparaiso,2,3,NA,270482711,2007-02-17
326,3,0:40,40,40,Shawn Huff missed Three Point Jumper.,83,78,5,0,0.9895349281097368,0.9895349281097368,Western Michigan,Valparaiso,2,3,NA,270482711,2007-02-17
327,3,0:40,40,40,Joe Reitz Defensive Rebound.,83,78,5,4,0.9895349281097368,0.9895349281097368,Western Michigan,Valparaiso,2,3,NA,270482711,2007-02-17
328,3,0:36,36,36,Foul on Jake Diebler,83,78,5,0,0.9907190582980734,0.9907190582980734,Western Michigan,Valparaiso,2,3,NA,270482711,2007-02-17
329,3,0:36,36,36,Joe Reitz made Free Throw.,84,78,6,0,0.9963324662847965,0.9963324662847965,Western Michigan,Valparaiso,2,3,NA,270482711,2007-02-17
330,3,0:36,36,36,Joe Reitz made Free Throw.,85,78,7,9,0.9985556567562053,0.9985556567562053,Western Michigan,Valparaiso,2,3,NA,270482711,2007-02-17
331,3,0:27,27,27,Mike Redell Steal.,85,78,7,4,0.9990253104137609,0.9990253104137609,Western Michigan,Valparaiso,2,3,NA,270482711,2007-02-17
332,3,0:23,23,23,Foul on Jake Diebler,85,78,7,0,0.9991852439679113,0.9991852439679113,Western Michigan,Valparaiso,2,3,NA,270482711,2007-02-17
333,3,0:23,23,23,Mike Redell made Free Throw.,86,78,8,0,0.9997048640088042,0.9997048640088042,Western Michigan,Valparaiso,2,3,NA,270482711,2007-02-17
334,3,0:23,23,23,Mike Redell made Free Throw.,87,78,9,12,0.999893125831806,0.999893125831806,Western Michigan,Valparaiso,2,3,NA,270482711,2007-02-17
335,3,0:11,11,11,Shawn Huff made Two Point Jumper.,87,80,7,1,0.9995376102551259,0.9995376102551259,Western Michigan,Valparaiso,2,3,NA,270482711,2007-02-17
336,3,0:10,10,10,Valparaiso Full Timeout.,87,80,7,2,0.9995598070342894,0.9995598070342894,Western Michigan,Valparaiso,1,3,NA,270482711,2007-02-17
337,3,0:08,8,8,Foul on Samuel Haanpaa,87,80,7,0,0.9996013584134967,0.9996013584134967,Western Michigan,Valparaiso,1,3,NA,270482711,2007-02-17
338,3,0:08,8,8,David Kool made Free Throw.,88,80,8,0,0.9998696554629153,0.9998696554629153,Western Michigan,Valparaiso,1,3,NA,270482711,2007-02-17
339,3,0:08,8,8,David Kool made Free Throw.,89,80,9,5,0.9999573887160834,0.9999573887160834,Western Michigan,Valparaiso,1,3,NA,270482711,2007-02-17
340,3,0:03,3,3,Jarryd Loyd missed Three Point Jumper.,89,80,9,0,0.9999691775584857,0.9999691775584857,Western Michigan,Valparaiso,1,3,NA,270482711,2007-02-17
341,3,0:03,3,3,null,89,80,9,3,0.9999691775584857,0.9999691775584857,Western Michigan,Valparaiso,1,3,NA,270482711,2007-02-17
342,3,0:00,0,0,End Game,89,80,9,0,1,1,Western Michigan,Valparaiso,1,3,NA,270482711,2007-02-17
