play_id,half,time_remaining_half,secs_remaining,secs_remaining_absolute,description,home_score,away_score,score_diff,play_length,win_prob,naive_win_prob,home,away,home_time_out_remaining,away_time_out_remaining,home_favored_by,game_id,date
1,1,20:00,2400,2400,PLAY,0,0,0,11,0.5,0.5,Northeastern,Hofstra,4,4,NA,310080111,2011-01-08
2,1,19:49,2389,2389,Mike Moore made Three Point Jumper.,0,3,-3,30,0.4338301598963643,0.4338301598963643,Northeastern,Hofstra,4,4,NA,310080111,2011-01-08
3,1,19:19,2359,2359,Dinko Marshavelski Turnover.,0,3,-3,16,0.4328808175338899,0.4328808175338899,Northeastern,Hofstra,4,4,NA,310080111,2011-01-08
4,1,19:03,2343,2343,Greg Washington made Two Point Jumper.  Assisted by David Imes.,0,5,-5,14,0.3884895152902961,0.3884895152902961,Northeastern,Hofstra,4,4,NA,310080111,2011-01-08
5,1,18:49,2329,2329,Dinko Marshavelski made Two Point Layup.  Assisted by Kauri Black.,2,5,-3,23,0.4319139208293343,0.4319139208293343,Northeastern,Hofstra,4,4,NA,310080111,2011-01-08
6,1,18:26,2306,2306,David Imes made Two Point Jumper.  Assisted by Charles Jenkins.,2,7,-5,15,0.38654645745173266,0.38654645745173266,Northeastern,Hofstra,4,4,NA,310080111,2011-01-08
7,1,18:11,2291,2291,Ryan Pierson made Two Point Jumper.  Assisted by Kauri Black.,4,7,-3,14,0.4306673145520783,0.4306673145520783,Northeastern,Hofstra,4,4,NA,310080111,2011-01-08
8,1,17:57,2277,2277,Greg Washington made Two Point Dunk Shot.  Assisted by Mike Moore.,4,9,-5,13,0.38500118748826473,0.38500118748826473,Northeastern,Hofstra,4,4,NA,310080111,2011-01-08
9,1,17:44,2264,2264,Jonathan Lee missed Three Point Jumper.,4,9,-5,0,0.384303043017534,0.384303043017534,Northeastern,Hofstra,4,4,NA,310080111,2011-01-08
10,1,17:44,2264,2264,Greg Washington Defensive Rebound.,4,9,-5,22,0.384303043017534,0.384303043017534,Northeastern,Hofstra,4,4,NA,310080111,2011-01-08
11,1,17:22,2242,2242,Greg Washington missed Two Point Layup.,4,9,-5,0,0.38311496194276384,0.38311496194276384,Northeastern,Hofstra,4,4,NA,310080111,2011-01-08
12,1,17:22,2242,2242,Jonathan Lee Defensive Rebound.,4,9,-5,14,0.38311496194276384,0.38311496194276384,Northeastern,Hofstra,4,4,NA,310080111,2011-01-08
13,1,17:08,2228,2228,Ryan Pierson missed Two Point Jumper.,4,9,-5,0,0.3823551169758079,0.3823551169758079,Northeastern,Hofstra,4,4,NA,310080111,2011-01-08
14,1,17:08,2228,2228,Greg Washington Defensive Rebound.,4,9,-5,14,0.3823551169758079,0.3823551169758079,Northeastern,Hofstra,4,4,NA,310080111,2011-01-08
15,1,16:54,2214,2214,Foul on Ryan Pierson,4,9,-5,24,0.38159274137171784,0.38159274137171784,Northeastern,Hofstra,4,4,NA,310080111,2011-01-08
16,1,16:30,2190,2190,Brad Kelleher Turnover.,4,9,-5,18,0.3802809362483644,0.3802809362483644,Northeastern,Hofstra,4,4,NA,310080111,2011-01-08
17,1,16:12,2172,2172,Chaisson Allen missed Two Point Jumper.,4,9,-5,0,0.37929394124471294,0.37929394124471294,Northeastern,Hofstra,4,4,NA,310080111,2011-01-08
18,1,16:12,2172,2172,Chaisson Allen Offensive Rebound.,4,9,-5,4,0.37929394124471294,0.37929394124471294,Northeastern,Hofstra,4,4,NA,310080111,2011-01-08
19,1,16:08,2168,2168,Chaisson Allen Turnover.,4,9,-5,2,0.37907431086824567,0.37907431086824567,Northeastern,Hofstra,4,4,NA,310080111,2011-01-08
20,1,16:06,2166,2166,Charles Jenkins Steal.,4,9,-5,2,0.37896441666971914,0.37896441666971914,Northeastern,Hofstra,4,4,NA,310080111,2011-01-08
21,1,16:04,2164,2164,Brad Kelleher made Two Point Layup.,4,11,-7,11,0.33354860851670426,0.33354860851670426,Northeastern,Hofstra,4,4,NA,310080111,2011-01-08
22,1,15:53,2153,2153,Foul on Mike Moore,4,11,-7,0,0.33274763439058325,0.33274763439058325,Northeastern,Hofstra,4,4,NA,310080111,2011-01-08
23,1,15:53,2153,2153,Official TV Timeout.,4,11,-7,10,0.33274763439058325,0.33274763439058325,Northeastern,Hofstra,4,4,NA,310080111,2011-01-08
24,1,15:43,2143,2143,Foul on Charles Jenkins,4,11,-7,0,0.332017683867358,0.332017683867358,Northeastern,Hofstra,4,4,NA,310080111,2011-01-08
25,1,15:43,2143,2143,Ryan Pierson missed Free Throw.,4,11,-7,0,0.332017683867358,0.332017683867358,Northeastern,Hofstra,4,4,NA,310080111,2011-01-08
26,1,15:43,2143,2143,null,4,11,-7,0,0.332017683867358,0.332017683867358,Northeastern,Hofstra,4,4,NA,310080111,2011-01-08
27,1,15:43,2143,2143,Ryan Pierson made Free Throw.,5,11,-6,16,0.3545254083964935,0.3545254083964935,Northeastern,Hofstra,4,4,NA,310080111,2011-01-08
28,1,15:27,2127,2127,Brad Kelleher missed Three Point Jumper.,5,11,-6,0,0.35348889381892323,0.35348889381892323,Northeastern,Hofstra,4,4,NA,310080111,2011-01-08
29,1,15:27,2127,2127,Kauri Black Defensive Rebound.,5,11,-6,8,0.35348889381892323,0.35348889381892323,Northeastern,Hofstra,4,4,NA,310080111,2011-01-08
30,1,15:19,2119,2119,Jonathan Lee made Three Point Jumper.  Assisted by Chaisson Allen.,8,11,-3,32,0.424822467130512,0.424822467130512,Northeastern,Hofstra,4,4,NA,310080111,2011-01-08
31,1,14:47,2087,2087,Brad Kelleher missed Three Point Jumper.,8,11,-3,0,0.4237014231244655,0.4237014231244655,Northeastern,Hofstra,4,4,NA,310080111,2011-01-08
32,1,14:47,2087,2087,Ryan Pierson Defensive Rebound.,8,11,-3,12,0.4237014231244655,0.4237014231244655,Northeastern,Hofstra,4,4,NA,310080111,2011-01-08
33,1,14:35,2075,2075,Foul on Mike Moore,8,11,-3,0,0.4232773232300356,0.4232773232300356,Northeastern,Hofstra,4,4,NA,310080111,2011-01-08
34,1,14:35,2075,2075,Ryan Pierson made Free Throw.,9,11,-2,0,0.4486262807812338,0.4486262807812338,Northeastern,Hofstra,4,4,NA,310080111,2011-01-08
35,1,14:35,2075,2075,Ryan Pierson made Free Throw.,10,11,-1,14,0.4742449858824665,0.4742449858824665,Northeastern,Hofstra,4,4,NA,310080111,2011-01-08
36,1,14:21,2061,2061,Yves Jules missed Two Point Jumper.,10,11,-1,0,0.47407557681364615,0.47407557681364615,Northeastern,Hofstra,4,4,NA,310080111,2011-01-08
37,1,14:21,2061,2061,Joel Smith Defensive Rebound.,10,11,-1,9,0.47407557681364615,0.47407557681364615,Northeastern,Hofstra,4,4,NA,310080111,2011-01-08
38,1,14:12,2052,2052,Kauri Black made Two Point Layup.,12,11,1,5,0.5260339026034504,0.5260339026034504,Northeastern,Hofstra,4,4,NA,310080111,2011-01-08
39,1,14:07,2047,2047,Hofstra 30 Second Timeout.,12,11,1,24,0.5260949240343042,0.5260949240343042,Northeastern,Hofstra,3,4,NA,310080111,2011-01-08
40,1,13:43,2023,2023,David Imes made Two Point Layup.  Assisted by Greg Washington.,12,13,-1,14,0.47361011408406606,0.47361011408406606,Northeastern,Hofstra,3,4,NA,310080111,2011-01-08
41,1,13:29,2009,2009,Jonathan Lee missed Three Point Jumper.,12,13,-1,0,0.4734364142056067,0.4734364142056067,Northeastern,Hofstra,3,4,NA,310080111,2011-01-08
42,1,13:29,2009,2009,Greg Washington Defensive Rebound.,12,13,-1,20,0.4734364142056067,0.4734364142056067,Northeastern,Hofstra,3,4,NA,310080111,2011-01-08
43,1,13:09,1989,1989,Greg Washington missed Two Point Jumper.,12,13,-1,0,0.47318606490886933,0.47318606490886933,Northeastern,Hofstra,3,4,NA,310080111,2011-01-08
44,1,13:09,1989,1989,Hofstra Offensive Rebound.,12,13,-1,2,0.47318606490886933,0.47318606490886933,Northeastern,Hofstra,3,4,NA,310080111,2011-01-08
45,1,13:07,1987,1987,Foul on Kauri Black,12,13,-1,3,0.4731608827039501,0.4731608827039501,Northeastern,Hofstra,3,4,NA,310080111,2011-01-08
46,1,13:04,1984,1984,David Imes missed Two Point Jumper.,12,13,-1,0,0.47312305812524824,0.47312305812524824,Northeastern,Hofstra,3,4,NA,310080111,2011-01-08
47,1,13:04,1984,1984,Jonathan Lee Defensive Rebound.,12,13,-1,7,0.47312305812524824,0.47312305812524824,Northeastern,Hofstra,3,4,NA,310080111,2011-01-08
48,1,12:57,1977,1977,Jonathan Lee missed Two Point Layup.,12,13,-1,0,0.47303455912603665,0.47303455912603665,Northeastern,Hofstra,3,4,NA,310080111,2011-01-08
49,1,12:57,1977,1977,David Imes Defensive Rebound.,12,13,-1,14,0.47303455912603665,0.47303455912603665,Northeastern,Hofstra,3,4,NA,310080111,2011-01-08
50,1,12:43,1963,1963,Shemiye McLendon missed Three Point Jumper.,12,13,-1,0,0.4728565261893283,0.4728565261893283,Northeastern,Hofstra,3,4,NA,310080111,2011-01-08
51,1,12:43,1963,1963,Kauri Black Defensive Rebound.,12,13,-1,14,0.4728565261893283,0.4728565261893283,Northeastern,Hofstra,3,4,NA,310080111,2011-01-08
52,1,12:29,1949,1949,Joel Smith missed Three Point Jumper.,12,13,-1,0,0.4726770744269815,0.4726770744269815,Northeastern,Hofstra,3,4,NA,310080111,2011-01-08
53,1,12:29,1949,1949,Yves Jules Defensive Rebound.,12,13,-1,12,0.4726770744269815,0.4726770744269815,Northeastern,Hofstra,3,4,NA,310080111,2011-01-08
54,1,12:17,1937,1937,Foul on Kauri Black,12,13,-1,0,0.4725220939767213,0.4725220939767213,Northeastern,Hofstra,3,4,NA,310080111,2011-01-08
55,1,12:17,1937,1937,David Imes made Free Throw.,12,14,-2,0,0.44520966251330507,0.44520966251330507,Northeastern,Hofstra,3,4,NA,310080111,2011-01-08
56,1,12:17,1937,1937,David Imes made Free Throw.,12,15,-3,17,0.41822421801601556,0.41822421801601556,Northeastern,Hofstra,3,4,NA,310080111,2011-01-08
57,1,12:00,1920,1920,Chaisson Allen missed Three Point Jumper.,12,15,-3,0,0.41757728821762613,0.41757728821762613,Northeastern,Hofstra,3,4,NA,310080111,2011-01-08
58,1,12:00,1920,1920,Hofstra Defensive Rebound.,12,15,-3,4,0.41757728821762613,0.41757728821762613,Northeastern,Hofstra,3,4,NA,310080111,2011-01-08
59,1,11:56,1916,1916,Official TV Timeout.,12,15,-3,19,0.41742519883617285,0.41742519883617285,Northeastern,Hofstra,3,4,NA,310080111,2011-01-08
60,1,11:37,1897,1897,Stephen Nwaukoni made Two Point Dunk Shot.,12,17,-5,28,0.3634241390534989,0.3634241390534989,Northeastern,Hofstra,3,4,NA,310080111,2011-01-08
61,1,11:09,1869,1869,Jonathan Lee made Three Point Jumper.,15,17,-2,22,0.44346042920799894,0.44346042920799894,Northeastern,Hofstra,3,4,NA,310080111,2011-01-08
62,1,10:47,1847,1847,Greg Washington made Two Point Jumper.  Assisted by Shemiye McLendon.,15,19,-4,18,0.3872563304872781,0.3872563304872781,Northeastern,Hofstra,3,4,NA,310080111,2011-01-08
63,1,10:29,1829,1829,Alex Harris made Three Point Jumper.,18,19,-1,27,0.47111685152436694,0.47111685152436694,Northeastern,Hofstra,3,4,NA,310080111,2011-01-08
64,1,10:02,1802,1802,Charles Jenkins made Two Point Jumper.,18,21,-3,25,0.4130713725788033,0.4130713725788033,Northeastern,Hofstra,3,4,NA,310080111,2011-01-08
65,1,9:37,1777,1777,Joel Smith made Three Point Jumper.,21,21,0,24,0.5,0.5,Northeastern,Hofstra,3,4,NA,310080111,2011-01-08
66,1,9:13,1753,1753,Shemiye McLendon Turnover.,21,21,0,22,0.5,0.5,Northeastern,Hofstra,3,4,NA,310080111,2011-01-08
67,1,8:51,1731,1731,Alex Harris Turnover.,21,21,0,2,0.5,0.5,Northeastern,Hofstra,3,4,NA,310080111,2011-01-08
68,1,8:49,1729,1729,Greg Washington Steal.,21,21,0,1,0.5,0.5,Northeastern,Hofstra,3,4,NA,310080111,2011-01-08
69,1,8:48,1728,1728,Foul on Joel Smith,21,21,0,11,0.5,0.5,Northeastern,Hofstra,3,4,NA,310080111,2011-01-08
70,1,8:37,1717,1717,Brad Kelleher missed Two Point Layup.,21,21,0,0,0.5,0.5,Northeastern,Hofstra,3,4,NA,310080111,2011-01-08
71,1,8:37,1717,1717,Jonathan Lee Defensive Rebound.,21,21,0,2,0.5,0.5,Northeastern,Hofstra,3,4,NA,310080111,2011-01-08
72,1,8:35,1715,1715,Foul on Greg Washington,21,21,0,12,0.5,0.5,Northeastern,Hofstra,3,4,NA,310080111,2011-01-08
73,1,8:23,1703,1703,Jonathan Lee missed Two Point Jumper.,21,21,0,0,0.5,0.5,Northeastern,Hofstra,3,4,NA,310080111,2011-01-08
74,1,8:23,1703,1703,Brad Kelleher Defensive Rebound.,21,21,0,21,0.5,0.5,Northeastern,Hofstra,3,4,NA,310080111,2011-01-08
75,1,8:02,1682,1682,David Imes Turnover.,21,21,0,2,0.5,0.5,Northeastern,Hofstra,3,4,NA,310080111,2011-01-08
76,1,8:00,1680,1680,Chaisson Allen Steal.,21,21,0,21,0.5,0.5,Northeastern,Hofstra,3,4,NA,310080111,2011-01-08
77,1,7:39,1659,1659,Chaisson Allen missed Three Point Jumper.,21,21,0,24,0.5,0.5,Northeastern,Hofstra,3,4,NA,310080111,2011-01-08
78,1,7:15,1635,1635,David Imes Defensive Rebound.,21,21,0,0,0.5,0.5,Northeastern,Hofstra,3,4,NA,310080111,2011-01-08
79,1,7:15,1635,1635,Foul on Joel Smith,21,21,0,0,0.5,0.5,Northeastern,Hofstra,3,4,NA,310080111,2011-01-08
80,1,7:15,1635,1635,Official TV Timeout.,21,21,0,0,0.5,0.5,Northeastern,Hofstra,3,4,NA,310080111,2011-01-08
81,1,7:15,1635,1635,Greg Washington made Two Point Jumper.  Assisted by Brad Kelleher.,21,23,-2,8,0.43711036391576624,0.43711036391576624,Northeastern,Hofstra,3,4,NA,310080111,2011-01-08
82,1,7:07,1627,1627,Alex Harris Turnover.,21,23,-2,1,0.43689406052208424,0.43689406052208424,Northeastern,Hofstra,3,4,NA,310080111,2011-01-08
83,1,7:06,1626,1626,Charles Jenkins Steal.,21,23,-2,7,0.4368670883143523,0.4368670883143523,Northeastern,Hofstra,3,4,NA,310080111,2011-01-08
84,1,6:59,1619,1619,Mike Moore made Three Point Jumper.  Assisted by Charles Jenkins.,21,26,-5,24,0.34600825587945316,0.34600825587945316,Northeastern,Hofstra,3,4,NA,310080111,2011-01-08
85,1,6:35,1595,1595,Foul on Brad Kelleher,21,26,-5,7,0.3445284508776465,0.3445284508776465,Northeastern,Hofstra,3,4,NA,310080111,2011-01-08
86,1,6:28,1588,1588,Chaisson Allen made Two Point Layup.,23,26,-3,28,0.4044268387466266,0.4044268387466266,Northeastern,Hofstra,3,4,NA,310080111,2011-01-08
87,1,6:00,1560,1560,Mike Moore missed Three Point Jumper.,23,26,-3,0,0.40331413534109545,0.40331413534109545,Northeastern,Hofstra,3,4,NA,310080111,2011-01-08
88,1,6:00,1560,1560,Hofstra Offensive Rebound.,23,26,-3,2,0.40331413534109545,0.40331413534109545,Northeastern,Hofstra,3,4,NA,310080111,2011-01-08
89,1,5:58,1558,1558,Foul on Ryan Pierson,23,26,-3,11,0.4032338717621448,0.4032338717621448,Northeastern,Hofstra,3,4,NA,310080111,2011-01-08
90,1,5:47,1547,1547,Greg Washington missed Two Point Jumper.,23,26,-3,0,0.4027897770977237,0.4027897770977237,Northeastern,Hofstra,3,4,NA,310080111,2011-01-08
91,1,5:47,1547,1547,Jonathan Lee Defensive Rebound.,23,26,-3,24,0.4027897770977237,0.4027897770977237,Northeastern,Hofstra,3,4,NA,310080111,2011-01-08
92,1,5:23,1523,1523,Joel Smith missed Three Point Jumper.,23,26,-3,0,0.4018012092554035,0.4018012092554035,Northeastern,Hofstra,3,4,NA,310080111,2011-01-08
93,1,5:23,1523,1523,Hofstra Defensive Rebound.,23,26,-3,20,0.4018012092554035,0.4018012092554035,Northeastern,Hofstra,3,4,NA,310080111,2011-01-08
94,1,5:03,1503,1503,Greg Washington missed Two Point Jumper.,23,26,-3,0,0.4009504668640698,0.4009504668640698,Northeastern,Hofstra,3,4,NA,310080111,2011-01-08
95,1,5:03,1503,1503,Chaisson Allen Defensive Rebound.,23,26,-3,33,0.4009504668640698,0.4009504668640698,Northeastern,Hofstra,3,4,NA,310080111,2011-01-08
96,1,4:30,1470,1470,Dinko Marshavelski made Two Point Layup.  Assisted by Jonathan Lee.,25,26,-1,14,0.4660812760896584,0.4660812760896584,Northeastern,Hofstra,3,4,NA,310080111,2011-01-08
97,1,4:16,1456,1456,Charles Jenkins missed Three Point Jumper.,25,26,-1,0,0.46585361014200644,0.46585361014200644,Northeastern,Hofstra,3,4,NA,310080111,2011-01-08
98,1,4:16,1456,1456,David Imes Offensive Rebound.,25,26,-1,19,0.46585361014200644,0.46585361014200644,Northeastern,Hofstra,3,4,NA,310080111,2011-01-08
99,1,3:57,1437,1437,Mike Moore Turnover.,25,26,-1,0,0.46553864748303486,0.46553864748303486,Northeastern,Hofstra,3,4,NA,310080111,2011-01-08
100,1,3:57,1437,1437,Official TV Timeout.,25,26,-1,27,0.46553864748303486,0.46553864748303486,Northeastern,Hofstra,3,4,NA,310080111,2011-01-08
101,1,3:30,1410,1410,Dinko Marshavelski made Two Point Jumper.  Assisted by Joel Smith.,27,26,1,19,0.5348913629138277,0.5348913629138277,Northeastern,Hofstra,3,4,NA,310080111,2011-01-08
102,1,3:11,1391,1391,Mike Moore made Three Point Jumper.  Assisted by Brad Kelleher.,27,29,-2,22,0.42997720792167154,0.42997720792167154,Northeastern,Hofstra,3,4,NA,310080111,2011-01-08
103,1,2:49,1369,1369,Chaisson Allen missed Two Point Jumper.,27,29,-2,0,0.4293166827096968,0.4293166827096968,Northeastern,Hofstra,3,4,NA,310080111,2011-01-08
104,1,2:49,1369,1369,David Imes Defensive Rebound.,27,29,-2,13,0.4293166827096968,0.4293166827096968,Northeastern,Hofstra,3,4,NA,310080111,2011-01-08
105,1,2:36,1356,1356,Brad Kelleher missed Two Point Jumper.,27,29,-2,0,0.42892696668356584,0.42892696668356584,Northeastern,Hofstra,3,4,NA,310080111,2011-01-08
106,1,2:36,1356,1356,Dinko Marshavelski Defensive Rebound.,27,29,-2,17,0.42892696668356584,0.42892696668356584,Northeastern,Hofstra,3,4,NA,310080111,2011-01-08
107,1,2:19,1339,1339,Joel Smith missed Three Point Jumper.,27,29,-2,0,0.42841374494282813,0.42841374494282813,Northeastern,Hofstra,3,4,NA,310080111,2011-01-08
108,1,2:19,1339,1339,David Imes Defensive Rebound.,27,29,-2,16,0.42841374494282813,0.42841374494282813,Northeastern,Hofstra,3,4,NA,310080111,2011-01-08
109,1,2:03,1323,1323,Charles Jenkins made Three Point Jumper.  Assisted by Mike Moore.,27,32,-5,27,0.32611160882987483,0.32611160882987483,Northeastern,Hofstra,3,4,NA,310080111,2011-01-08
110,1,1:36,1296,1296,Jonathan Lee made Two Point Layup.,29,32,-3,19,0.39156455028387854,0.39156455028387854,Northeastern,Hofstra,3,4,NA,310080111,2011-01-08
111,1,1:17,1277,1277,Foul on Dinko Marshavelski,29,32,-3,0,0.39064177706031145,0.39064177706031145,Northeastern,Hofstra,3,4,NA,310080111,2011-01-08
112,1,1:17,1277,1277,Greg Washington made Free Throw.,29,33,-4,0,0.35598797305274665,0.35598797305274665,Northeastern,Hofstra,3,4,NA,310080111,2011-01-08
113,1,1:17,1277,1277,Greg Washington made Free Throw.,29,34,-5,18,0.3227799209452959,0.3227799209452959,Northeastern,Hofstra,3,4,NA,310080111,2011-01-08
114,1,0:59,1259,1259,Kauri Black made Two Point Jumper.  Assisted by Jonathan Lee.,31,34,-3,31,0.38972504440373845,0.38972504440373845,Northeastern,Hofstra,3,4,NA,310080111,2011-01-08
115,1,0:28,1228,1228,Charles Jenkins made Three Point Jumper.  Assisted by Mike Moore.,31,37,-6,26,0.2867462335828471,0.2867462335828471,Northeastern,Hofstra,3,4,NA,310080111,2011-01-08
116,1,0:02,1202,1202,Chaisson Allen missed Two Point Jumper.,31,37,-6,0,0.28406936750647005,0.28406936750647005,Northeastern,Hofstra,3,4,NA,310080111,2011-01-08
117,1,0:02,1202,1202,Hofstra Defensive Rebound.,31,37,-6,2,0.28406936750647005,0.28406936750647005,Northeastern,Hofstra,3,4,NA,310080111,2011-01-08
118,1,0:00,1200,1200,End of the 1st Half.,31,37,-6,0,0.28386293076294067,0.28386293076294067,Northeastern,Hofstra,3,4,NA,310080111,2011-01-08
119,2,20:00,1200,1200,PLAY,31,37,-6,17,0.28386293076294067,0.28386293076294067,Northeastern,Hofstra,4,4,NA,310080111,2011-01-08
120,2,19:43,1183,1183,Greg Washington missed Two Point Jumper.,31,37,-6,0,0.28214215990688907,0.28214215990688907,Northeastern,Hofstra,4,4,NA,310080111,2011-01-08
121,2,19:43,1183,1183,Kauri Black Defensive Rebound.,31,37,-6,19,0.28214215990688907,0.28214215990688907,Northeastern,Hofstra,4,4,NA,310080111,2011-01-08
122,2,19:24,1164,1164,Dinko Marshavelski made Two Point Layup.,33,37,-4,34,0.3477988665421915,0.3477988665421915,Northeastern,Hofstra,4,4,NA,310080111,2011-01-08
123,2,18:50,1130,1130,Foul on Ryan Pierson,33,37,-4,4,0.34535025650275614,0.34535025650275614,Northeastern,Hofstra,4,4,NA,310080111,2011-01-08
124,2,18:46,1126,1126,David Imes made Free Throw.,33,38,-5,0,0.3098084302020007,0.3098084302020007,Northeastern,Hofstra,4,4,NA,310080111,2011-01-08
125,2,18:46,1126,1126,David Imes missed Free Throw.,33,38,-5,0,0.3098084302020007,0.3098084302020007,Northeastern,Hofstra,4,4,NA,310080111,2011-01-08
126,2,18:46,1126,1126,Dinko Marshavelski Defensive Rebound.,33,38,-5,3,0.3098084302020007,0.3098084302020007,Northeastern,Hofstra,4,4,NA,310080111,2011-01-08
127,2,18:43,1123,1123,Kauri Black Turnover.,33,38,-5,2,0.3095533593147086,0.3095533593147086,Northeastern,Hofstra,4,4,NA,310080111,2011-01-08
128,2,18:41,1121,1121,Greg Washington Steal.,33,38,-5,21,0.30938315487803014,0.30938315487803014,Northeastern,Hofstra,4,4,NA,310080111,2011-01-08
129,2,18:20,1100,1100,Foul on Dinko Marshavelski,33,38,-5,3,0.3075823787190401,0.3075823787190401,Northeastern,Hofstra,4,4,NA,310080111,2011-01-08
130,2,18:17,1097,1097,Foul on Kauri Black,33,38,-5,11,0.30732219734105287,0.30732219734105287,Northeastern,Hofstra,4,4,NA,310080111,2011-01-08
131,2,18:06,1086,1086,David Imes made Two Point Dunk Shot.  Assisted by Mike Moore.,33,40,-7,16,0.24157329659678506,0.24157329659678506,Northeastern,Hofstra,4,4,NA,310080111,2011-01-08
132,2,17:50,1070,1070,Foul on Greg Washington,33,40,-7,0,0.23984755939451982,0.23984755939451982,Northeastern,Hofstra,4,4,NA,310080111,2011-01-08
133,2,17:50,1070,1070,Chaisson Allen missed Free Throw.,33,40,-7,0,0.23984755939451982,0.23984755939451982,Northeastern,Hofstra,4,4,NA,310080111,2011-01-08
134,2,17:50,1070,1070,null,33,40,-7,0,0.23984755939451982,0.23984755939451982,Northeastern,Hofstra,4,4,NA,310080111,2011-01-08
135,2,17:50,1070,1070,Chaisson Allen made Free Throw.,34,40,-6,17,0.2711634894359722,0.2711634894359722,Northeastern,Hofstra,4,4,NA,310080111,2011-01-08
136,2,17:33,1053,1053,Charles Jenkins made Three Point Jumper.  Assisted by Greg Washington.,34,43,-9,22,0.18295337666332764,0.18295337666332764,Northeastern,Hofstra,4,4,NA,310080111,2011-01-08
137,2,17:11,1031,1031,Chaisson Allen made Two Point Layup.,36,43,-7,30,0.23539521851768466,0.23539521851768466,Northeastern,Hofstra,4,4,NA,310080111,2011-01-08
138,2,16:41,1001,1001,Mike Moore made Three Point Jumper.  Assisted by Brad Kelleher.,36,46,-10,21,0.15278099432114609,0.15278099432114609,Northeastern,Hofstra,4,4,NA,310080111,2011-01-08
139,2,16:20,980,980,Jonathan Lee Turnover.,36,46,-10,25,0.1498349863409903,0.1498349863409903,Northeastern,Hofstra,4,4,NA,310080111,2011-01-08
140,2,15:55,955,955,David Imes Turnover.,36,46,-10,0,0.1462354253354339,0.1462354253354339,Northeastern,Hofstra,4,4,NA,310080111,2011-01-08
141,2,15:55,955,955,Foul on David Imes,36,46,-10,0,0.1462354253354339,0.1462354253354339,Northeastern,Hofstra,4,4,NA,310080111,2011-01-08
142,2,15:55,955,955,Official TV Timeout.,36,46,-10,0,0.1462354253354339,0.1462354253354339,Northeastern,Hofstra,4,4,NA,310080111,2011-01-08
143,2,15:55,955,955,Official TV Timeout.,36,46,-10,32,0.1462354253354339,0.1462354253354339,Northeastern,Hofstra,4,4,NA,310080111,2011-01-08
144,2,15:23,923,923,Alex Harris missed Two Point Layup.,36,46,-10,0,0.14226912426475258,0.14226912426475258,Northeastern,Hofstra,4,4,NA,310080111,2011-01-08
145,2,15:23,923,923,David Imes Defensive Rebound.,36,46,-10,16,0.14226912426475258,0.14226912426475258,Northeastern,Hofstra,4,4,NA,310080111,2011-01-08
146,2,15:07,907,907,David Imes missed Two Point Layup.,36,46,-10,0,0.1404913695708449,0.1404913695708449,Northeastern,Hofstra,4,4,NA,310080111,2011-01-08
147,2,15:07,907,907,Kauri Black Block.,36,46,-10,2,0.1404913695708449,0.1404913695708449,Northeastern,Hofstra,4,4,NA,310080111,2011-01-08
148,2,15:05,905,905,Alex Harris Defensive Rebound.,36,46,-10,3,0.14027558885548205,0.14027558885548205,Northeastern,Hofstra,4,4,NA,310080111,2011-01-08
149,2,15:02,902,902,Joel Smith made Two Point Layup.  Assisted by Alex Harris.,38,46,-8,28,0.1896113881166873,0.1896113881166873,Northeastern,Hofstra,4,4,NA,310080111,2011-01-08
150,2,14:34,874,874,Foul on Joel Smith,38,46,-8,3,0.18661676587116446,0.18661676587116446,Northeastern,Hofstra,4,4,NA,310080111,2011-01-08
151,2,14:31,871,871,Charles Jenkins Turnover.,38,46,-8,1,0.1862981140589467,0.1862981140589467,Northeastern,Hofstra,4,4,NA,310080111,2011-01-08
152,2,14:30,870,870,Kauri Black Steal.,38,46,-8,15,0.18619178355171137,0.18619178355171137,Northeastern,Hofstra,4,4,NA,310080111,2011-01-08
153,2,14:15,855,855,Kauri Black made Two Point Layup.  Assisted by Chaisson Allen.,40,46,-6,22,0.24708844632353327,0.24708844632353327,Northeastern,Hofstra,4,4,NA,310080111,2011-01-08
154,2,13:53,833,833,Charles Jenkins missed Two Point Layup.,40,46,-6,0,0.24480721949319317,0.24480721949319317,Northeastern,Hofstra,4,4,NA,310080111,2011-01-08
155,2,13:53,833,833,Ryan Pierson Defensive Rebound.,40,46,-6,4,0.24480721949319317,0.24480721949319317,Northeastern,Hofstra,4,4,NA,310080111,2011-01-08
156,2,13:49,829,829,Foul on Stephen Nwaukoni,40,46,-6,7,0.24437395507081638,0.24437395507081638,Northeastern,Hofstra,4,4,NA,310080111,2011-01-08
157,2,13:42,822,822,Foul on Yves Jules,40,46,-6,19,0.2435984328083028,0.2435984328083028,Northeastern,Hofstra,4,4,NA,310080111,2011-01-08
158,2,13:23,803,803,Foul on Mike Moore,40,46,-6,5,0.24136171920584762,0.24136171920584762,Northeastern,Hofstra,4,4,NA,310080111,2011-01-08
159,2,13:18,798,798,Alex Harris missed Two Point Layup.,40,46,-6,0,0.24073600105632104,0.24073600105632104,Northeastern,Hofstra,4,4,NA,310080111,2011-01-08
160,2,13:18,798,798,Stephen Nwaukoni Defensive Rebound.,40,46,-6,11,0.24073600105632104,0.24073600105632104,Northeastern,Hofstra,4,4,NA,310080111,2011-01-08
161,2,13:07,787,787,Mike Moore made Two Point Layup.,40,48,-8,5,0.17623713533820431,0.17623713533820431,Northeastern,Hofstra,4,4,NA,310080111,2011-01-08
162,2,13:02,782,782,Hofstra 30 Second Timeout.,40,48,-8,10,0.17550924636842166,0.17550924636842166,Northeastern,Hofstra,3,4,NA,310080111,2011-01-08
163,2,12:52,772,772,Chaisson Allen missed Two Point Layup.,40,48,-8,0,0.17398993862071857,0.17398993862071857,Northeastern,Hofstra,3,4,NA,310080111,2011-01-08
164,2,12:52,772,772,Stephen Nwaukoni Defensive Rebound.,40,48,-8,7,0.17398993862071857,0.17398993862071857,Northeastern,Hofstra,3,4,NA,310080111,2011-01-08
165,2,12:45,765,765,Stephen Nwaukoni Turnover.,40,48,-8,7,0.17287285280985248,0.17287285280985248,Northeastern,Hofstra,3,4,NA,310080111,2011-01-08
166,2,12:38,758,758,Ryan Pierson made Two Point Dunk Shot.  Assisted by Chaisson Allen.,42,48,-6,15,0.23502109578178487,0.23502109578178487,Northeastern,Hofstra,3,4,NA,310080111,2011-01-08
167,2,12:23,743,743,Brad Kelleher made Three Point Jumper.  Assisted by David Imes.,42,51,-9,13,0.14289504488156368,0.14289504488156368,Northeastern,Hofstra,3,4,NA,310080111,2011-01-08
168,2,12:10,730,730,Chaisson Allen made Three Point Jumper.,45,51,-6,19,0.2300977379453397,0.2300977379453397,Northeastern,Hofstra,3,4,NA,310080111,2011-01-08
169,2,11:51,711,711,Shemiye McLendon Turnover.,45,51,-6,2,0.2267238937767914,0.2267238937767914,Northeastern,Hofstra,3,4,NA,310080111,2011-01-08
170,2,11:49,709,709,Alex Harris Steal.,45,51,-6,3,0.22639608653666957,0.22639608653666957,Northeastern,Hofstra,3,4,NA,310080111,2011-01-08
171,2,11:46,706,706,Foul on Shemiye McLendon,45,51,-6,0,0.22591263681205737,0.22591263681205737,Northeastern,Hofstra,3,4,NA,310080111,2011-01-08
172,2,11:46,706,706,Official TV Timeout.,45,51,-6,0,0.22591263681205737,0.22591263681205737,Northeastern,Hofstra,3,4,NA,310080111,2011-01-08
173,2,11:46,706,706,Chaisson Allen made Free Throw.,46,51,-5,0,0.2638058779557426,0.2638058779557426,Northeastern,Hofstra,3,4,NA,310080111,2011-01-08
174,2,11:46,706,706,Chaisson Allen made Free Throw.,47,51,-4,12,0.30554628291555924,0.30554628291555924,Northeastern,Hofstra,3,4,NA,310080111,2011-01-08
175,2,11:34,694,694,Greg Washington missed Two Point Jumper.,47,51,-4,0,0.3040498110196121,0.3040498110196121,Northeastern,Hofstra,3,4,NA,310080111,2011-01-08
176,2,11:34,694,694,Kauri Black Defensive Rebound.,47,51,-4,29,0.3040498110196121,0.3040498110196121,Northeastern,Hofstra,3,4,NA,310080111,2011-01-08
177,2,11:05,665,665,Jonathan Lee missed Three Point Jumper.,47,51,-4,0,0.30071129717758593,0.30071129717758593,Northeastern,Hofstra,3,4,NA,310080111,2011-01-08
178,2,11:05,665,665,David Imes Defensive Rebound.,47,51,-4,6,0.30071129717758593,0.30071129717758593,Northeastern,Hofstra,3,4,NA,310080111,2011-01-08
179,2,10:59,659,659,Brad Kelleher Turnover.,47,51,-4,1,0.3000387518987594,0.3000387518987594,Northeastern,Hofstra,3,4,NA,310080111,2011-01-08
180,2,10:58,658,658,Alex Harris Steal.,47,51,-4,2,0.2999264860306785,0.2999264860306785,Northeastern,Hofstra,3,4,NA,310080111,2011-01-08
181,2,10:56,656,656,Foul on Shemiye McLendon,47,51,-4,4,0.2997016382914932,0.2997016382914932,Northeastern,Hofstra,3,4,NA,310080111,2011-01-08
182,2,10:52,652,652,Alex Harris missed Free Throw.,47,51,-4,0,0.2992501637708325,0.2992501637708325,Northeastern,Hofstra,3,4,NA,310080111,2011-01-08
183,2,10:52,652,652,Greg Washington Defensive Rebound.,47,51,-4,13,0.2992501637708325,0.2992501637708325,Northeastern,Hofstra,3,4,NA,310080111,2011-01-08
184,2,10:39,639,639,Greg Washington made Two Point Jumper.  Assisted by Charles Jenkins.,47,53,-6,20,0.21635652694098362,0.21635652694098362,Northeastern,Hofstra,3,4,NA,310080111,2011-01-08
185,2,10:19,619,619,Jonathan Lee missed Two Point Layup.,47,53,-6,0,0.2133683378869908,0.2133683378869908,Northeastern,Hofstra,3,4,NA,310080111,2011-01-08
186,2,10:19,619,619,David Imes Block.,47,53,-6,0,0.2133683378869908,0.2133683378869908,Northeastern,Hofstra,3,4,NA,310080111,2011-01-08
187,2,10:19,619,619,Northeastern Offensive Rebound.,47,53,-6,8,0.2133683378869908,0.2133683378869908,Northeastern,Hofstra,3,4,NA,310080111,2011-01-08
188,2,10:11,611,611,Chaisson Allen missed Three Point Jumper.,47,53,-6,0,0.212078404974777,0.212078404974777,Northeastern,Hofstra,3,4,NA,310080111,2011-01-08
189,2,10:11,611,611,Hofstra Defensive Rebound.,47,53,-6,2,0.212078404974777,0.212078404974777,Northeastern,Hofstra,3,4,NA,310080111,2011-01-08
190,2,10:09,609,609,Foul on Ryan Pierson,47,53,-6,33,0.2117454124043689,0.2117454124043689,Northeastern,Hofstra,3,4,NA,310080111,2011-01-08
191,2,9:36,576,576,Charles Jenkins missed Two Point Jumper.,47,53,-6,0,0.2054823355640003,0.2054823355640003,Northeastern,Hofstra,3,4,NA,310080111,2011-01-08
192,2,9:36,576,576,Kauri Black Block.,47,53,-6,0,0.2054823355640003,0.2054823355640003,Northeastern,Hofstra,3,4,NA,310080111,2011-01-08
193,2,9:36,576,576,Hofstra Offensive Rebound.,47,53,-6,2,0.2054823355640003,0.2054823355640003,Northeastern,Hofstra,3,4,NA,310080111,2011-01-08
194,2,9:34,574,574,Hofstra Turnover.,47,53,-6,26,0.20504811187649916,0.20504811187649916,Northeastern,Hofstra,3,4,NA,310080111,2011-01-08
195,2,9:08,548,548,Dinko Marshavelski missed Two Point Jumper.,47,53,-6,0,0.19871949164452793,0.19871949164452793,Northeastern,Hofstra,3,4,NA,310080111,2011-01-08
196,2,9:08,548,548,David Imes Defensive Rebound.,47,53,-6,28,0.19871949164452793,0.19871949164452793,Northeastern,Hofstra,3,4,NA,310080111,2011-01-08
197,2,8:40,520,520,Charles Jenkins made Two Point Jumper.,47,55,-8,41,0.12880302420375775,0.12880302420375775,Northeastern,Hofstra,3,4,NA,310080111,2011-01-08
198,2,7:59,479,479,Chaisson Allen missed Two Point Jumper.,47,55,-8,0,0.12142205845281356,0.12142205845281356,Northeastern,Hofstra,3,4,NA,310080111,2011-01-08
199,2,7:59,479,479,Alex Harris Offensive Rebound.,47,55,-8,5,0.12142205845281356,0.12142205845281356,Northeastern,Hofstra,3,4,NA,310080111,2011-01-08
200,2,7:54,474,474,Chaisson Allen made Three Point Jumper.  Assisted by Alex Harris.,50,55,-5,14,0.22397197089794413,0.22397197089794413,Northeastern,Hofstra,3,4,NA,310080111,2011-01-08
201,2,7:40,460,460,Official TV Timeout.,50,55,-5,11,0.22087006935650047,0.22087006935650047,Northeastern,Hofstra,3,4,NA,310080111,2011-01-08
202,2,7:29,449,449,Foul on Dinko Marshavelski,50,55,-5,0,0.21805014469774794,0.21805014469774794,Northeastern,Hofstra,3,4,NA,310080111,2011-01-08
203,2,7:29,449,449,Mike Moore made Free Throw.,50,56,-6,0,0.17763131643859043,0.17763131643859043,Northeastern,Hofstra,3,4,NA,310080111,2011-01-08
204,2,7:29,449,449,Mike Moore made Free Throw.,50,57,-7,23,0.14333139198751954,0.14333139198751954,Northeastern,Hofstra,3,4,NA,310080111,2011-01-08
205,2,7:06,426,426,Foul on Mike Moore,50,57,-7,0,0.13605731005500907,0.13605731005500907,Northeastern,Hofstra,3,4,NA,310080111,2011-01-08
206,2,7:06,426,426,Jonathan Lee made Free Throw.,51,57,-6,0,0.170177646080648,0.170177646080648,Northeastern,Hofstra,3,4,NA,310080111,2011-01-08
207,2,7:06,426,426,Jonathan Lee made Free Throw.,52,57,-5,20,0.21076716880387525,0.21076716880387525,Northeastern,Hofstra,3,4,NA,310080111,2011-01-08
208,2,6:46,406,406,Shemiye McLendon made Two Point Layup.,52,59,-7,0,0.12986366798389531,0.12986366798389531,Northeastern,Hofstra,3,4,NA,310080111,2011-01-08
209,2,6:46,406,406,Foul on Kauri Black,52,59,-7,2,0.12986366798389531,0.12986366798389531,Northeastern,Hofstra,3,4,NA,310080111,2011-01-08
210,2,6:44,404,404,Shemiye McLendon missed Free Throw.,52,59,-7,0,0.12928453466178633,0.12928453466178633,Northeastern,Hofstra,3,4,NA,310080111,2011-01-08
211,2,6:44,404,404,Dinko Marshavelski Defensive Rebound.,52,59,-7,8,0.12928453466178633,0.12928453466178633,Northeastern,Hofstra,3,4,NA,310080111,2011-01-08
212,2,6:36,396,396,Dinko Marshavelski missed Two Point Jumper.,52,59,-7,0,0.12700676084141446,0.12700676084141446,Northeastern,Hofstra,3,4,NA,310080111,2011-01-08
213,2,6:36,396,396,Brad Kelleher Defensive Rebound.,52,59,-7,26,0.12700676084141446,0.12700676084141446,Northeastern,Hofstra,3,4,NA,310080111,2011-01-08
214,2,6:10,370,370,Greg Washington missed Two Point Jumper.,52,59,-7,0,0.11962185989968209,0.11962185989968209,Northeastern,Hofstra,3,4,NA,310080111,2011-01-08
215,2,6:10,370,370,Alex Harris Defensive Rebound.,52,59,-7,19,0.11962185989968209,0.11962185989968209,Northeastern,Hofstra,3,4,NA,310080111,2011-01-08
216,2,5:51,351,351,Jonathan Lee missed Two Point Jumper.,52,59,-7,0,0.11372168171228461,0.11372168171228461,Northeastern,Hofstra,3,4,NA,310080111,2011-01-08
217,2,5:51,351,351,Paul Bilbo Defensive Rebound.,52,59,-7,7,0.11372168171228461,0.11372168171228461,Northeastern,Hofstra,3,4,NA,310080111,2011-01-08
218,2,5:44,344,344,Foul on Kauri Black,52,59,-7,9,0.111347920037317,0.111347920037317,Northeastern,Hofstra,3,4,NA,310080111,2011-01-08
219,2,5:35,335,335,Charles Jenkins made Free Throw.,52,60,-8,0,0.08227825627422604,0.08227825627422604,Northeastern,Hofstra,3,4,NA,310080111,2011-01-08
220,2,5:35,335,335,Charles Jenkins made Free Throw.,52,61,-9,27,0.062195387650211625,0.062195387650211625,Northeastern,Hofstra,3,4,NA,310080111,2011-01-08
221,2,5:08,308,308,Jonathan Lee made Two Point Layup.,54,61,-7,18,0.09686278000507738,0.09686278000507738,Northeastern,Hofstra,3,4,NA,310080111,2011-01-08
222,2,4:50,290,290,David Imes made Two Point Layup.  Assisted by Charles Jenkins.,54,63,-9,8,0.05101192470526687,0.05101192470526687,Northeastern,Hofstra,3,4,NA,310080111,2011-01-08
223,2,4:42,282,282,Joel Smith missed Three Point Jumper.,54,63,-9,0,0.051170648644673966,0.051170648644673966,Northeastern,Hofstra,3,4,NA,310080111,2011-01-08
224,2,4:42,282,282,Shemiye McLendon Defensive Rebound.,54,63,-9,9,0.051170648644673966,0.051170648644673966,Northeastern,Hofstra,3,4,NA,310080111,2011-01-08
225,2,4:33,273,273,Charles Jenkins missed Three Point Jumper.,54,63,-9,0,0.05195325765374942,0.05195325765374942,Northeastern,Hofstra,3,4,NA,310080111,2011-01-08
226,2,4:33,273,273,Joel Smith Defensive Rebound.,54,63,-9,11,0.05195325765374942,0.05195325765374942,Northeastern,Hofstra,3,4,NA,310080111,2011-01-08
227,2,4:22,262,262,Jonathan Lee made Two Point Jumper.,56,63,-7,25,0.09653608072615419,0.09653608072615419,Northeastern,Hofstra,3,4,NA,310080111,2011-01-08
228,2,3:57,237,237,Charles Jenkins made Two Point Layup.,56,65,-9,0,0.0558380374268391,0.0558380374268391,Northeastern,Hofstra,3,4,NA,310080111,2011-01-08
229,2,3:57,237,237,Foul on Jonathan Lee,56,65,-9,0,0.0558380374268391,0.0558380374268391,Northeastern,Hofstra,3,4,NA,310080111,2011-01-08
230,2,3:57,237,237,Official TV Timeout.,56,65,-9,0,0.0558380374268391,0.0558380374268391,Northeastern,Hofstra,3,4,NA,310080111,2011-01-08
231,2,3:57,237,237,Charles Jenkins made Free Throw.,56,66,-10,17,0.04140578991131846,0.04140578991131846,Northeastern,Hofstra,3,4,NA,310080111,2011-01-08
232,2,3:40,220,220,Alex Harris Turnover.,56,66,-10,2,0.03992543406759099,0.03992543406759099,Northeastern,Hofstra,3,4,NA,310080111,2011-01-08
233,2,3:38,218,218,Shemiye McLendon Steal.,56,66,-10,7,0.03950780975629395,0.03950780975629395,Northeastern,Hofstra,3,4,NA,310080111,2011-01-08
234,2,3:31,211,211,Shemiye McLendon Turnover.,56,66,-10,2,0.03759619111455527,0.03759619111455527,Northeastern,Hofstra,3,4,NA,310080111,2011-01-08
235,2,3:29,209,209,Chaisson Allen Steal.,56,66,-10,7,0.03692079271840988,0.03692079271840988,Northeastern,Hofstra,3,4,NA,310080111,2011-01-08
236,2,3:22,202,202,Chris Avenant missed Three Point Jumper.,56,66,-10,0,0.034121012253279695,0.034121012253279695,Northeastern,Hofstra,3,4,NA,310080111,2011-01-08
237,2,3:22,202,202,Hofstra Defensive Rebound.,56,66,-10,10,0.034121012253279695,0.034121012253279695,Northeastern,Hofstra,3,4,NA,310080111,2011-01-08
238,2,3:12,192,192,Foul on Alex Harris,56,66,-10,0,0.029094643555328117,0.029094643555328117,Northeastern,Hofstra,3,4,NA,310080111,2011-01-08
239,2,3:12,192,192,Brad Kelleher made Free Throw.,56,67,-11,0,0.02066479610197153,0.02066479610197153,Northeastern,Hofstra,3,4,NA,310080111,2011-01-08
240,2,3:12,192,192,Brad Kelleher made Free Throw.,56,68,-12,13,0.014640572139522322,0.014640572139522322,Northeastern,Hofstra,3,4,NA,310080111,2011-01-08
241,2,2:59,179,179,Chaisson Allen made Three Point Jumper.  Assisted by Alex Harris.,59,68,-9,5,0.03226847300797595,0.03226847300797595,Northeastern,Hofstra,3,4,NA,310080111,2011-01-08
242,2,2:54,174,174,Northeastern 30 Second Timeout.,59,68,-9,19,0.029393467794168855,0.029393467794168855,Northeastern,Hofstra,3,3,NA,310080111,2011-01-08
243,2,2:35,155,155,Foul on Alex Harris,59,68,-9,0,0.020117127433373398,0.020117127433373398,Northeastern,Hofstra,3,3,NA,310080111,2011-01-08
244,2,2:35,155,155,Charles Jenkins made Free Throw.,59,69,-10,0,0.013156132081926364,0.013156132081926364,Northeastern,Hofstra,3,3,NA,310080111,2011-01-08
245,2,2:35,155,155,Charles Jenkins made Free Throw.,59,70,-11,6,0.008582706200626528,0.008582706200626528,Northeastern,Hofstra,3,3,NA,310080111,2011-01-08
246,2,2:29,149,149,Chaisson Allen missed Three Point Jumper.,59,70,-11,0,0.007298740621732133,0.007298740621732133,Northeastern,Hofstra,3,3,NA,310080111,2011-01-08
247,2,2:29,149,149,Chaisson Allen Offensive Rebound.,59,70,-11,12,0.007298740621732133,0.007298740621732133,Northeastern,Hofstra,3,3,NA,310080111,2011-01-08
248,2,2:17,137,137,Chaisson Allen made Two Point Layup.,61,70,-9,26,0.013275363610994535,0.013275363610994535,Northeastern,Hofstra,3,3,NA,310080111,2011-01-08
249,2,1:51,111,111,Greg Washington missed Two Point Jumper.,61,70,-9,0,0.0062651006786773634,0.0062651006786773634,Northeastern,Hofstra,3,3,NA,310080111,2011-01-08
250,2,1:51,111,111,Chaisson Allen Defensive Rebound.,61,70,-9,9,0.0062651006786773634,0.0062651006786773634,Northeastern,Hofstra,3,3,NA,310080111,2011-01-08
251,2,1:42,102,102,Ryan Pierson made Two Point Jumper.,63,70,-7,10,0.014978850815945745,0.014978850815945745,Northeastern,Hofstra,3,3,NA,310080111,2011-01-08
252,2,1:32,92,92,Northeastern 30 Second Timeout.,63,70,-7,25,0.011125078027684959,0.011125078027684959,Northeastern,Hofstra,3,2,NA,310080111,2011-01-08
253,2,1:07,67,67,Greg Washington missed Two Point Jumper.,63,70,-7,0,0.004868383540151311,0.004868383540151311,Northeastern,Hofstra,3,2,NA,310080111,2011-01-08
254,2,1:07,67,67,David Imes Offensive Rebound.,63,70,-7,7,0.004868383540151311,0.004868383540151311,Northeastern,Hofstra,3,2,NA,310080111,2011-01-08
255,2,1:00,60,60,Hofstra Full Timeout.,63,70,-7,3,0.0037687509538199306,0.0037687509538199306,Northeastern,Hofstra,2,2,NA,310080111,2011-01-08
256,2,0:57,57,57,Shemiye McLendon Turnover.,63,70,-7,1,0.003367374164318541,0.003367374164318541,Northeastern,Hofstra,2,2,NA,310080111,2011-01-08
257,2,0:56,56,56,Alex Harris Steal.,63,70,-7,1,0.003241974936530969,0.003241974936530969,Northeastern,Hofstra,2,2,NA,310080111,2011-01-08
258,2,0:55,55,55,Alex Harris missed Two Point Layup.,63,70,-7,0,0.0031205794284729143,0.0031205794284729143,Northeastern,Hofstra,2,2,NA,310080111,2011-01-08
259,2,0:55,55,55,Chaisson Allen Offensive Rebound.,63,70,-7,3,0.0031205794284729143,0.0031205794284729143,Northeastern,Hofstra,2,2,NA,310080111,2011-01-08
260,2,0:52,52,52,Chaisson Allen missed Two Point Tip Shot.,63,70,-7,0,0.0027793216396502962,0.0027793216396502962,Northeastern,Hofstra,2,2,NA,310080111,2011-01-08
261,2,0:52,52,52,Northeastern Offensive Rebound.,63,70,-7,0,0.0027793216396502962,0.0027793216396502962,Northeastern,Hofstra,2,2,NA,310080111,2011-01-08
262,2,0:52,52,52,Chris Avenant missed Three Point Jumper.,63,70,-7,0,0.0027793216396502962,0.0027793216396502962,Northeastern,Hofstra,2,2,NA,310080111,2011-01-08
263,2,0:52,52,52,Greg Washington Defensive Rebound.,63,70,-7,0,0.0027793216396502962,0.0027793216396502962,Northeastern,Hofstra,2,2,NA,310080111,2011-01-08
264,2,0:52,52,52,Foul on Jonathan Lee,63,70,-7,8,0.0027793216396502962,0.0027793216396502962,Northeastern,Hofstra,2,2,NA,310080111,2011-01-08
265,2,0:44,44,44,Brad Kelleher made Free Throw.,63,71,-8,0,8.336016517607714e-4,8.336016517607714e-4,Northeastern,Hofstra,2,2,NA,310080111,2011-01-08
266,2,0:44,44,44,Brad Kelleher made Free Throw.,63,72,-9,4,3.438242407937951e-4,3.438242407937951e-4,Northeastern,Hofstra,2,2,NA,310080111,2011-01-08
267,2,0:40,40,40,Foul on Brad Kelleher,63,72,-9,0,2.777405684468464e-4,2.777405684468464e-4,Northeastern,Hofstra,2,2,NA,310080111,2011-01-08
268,2,0:40,40,40,Chaisson Allen made Free Throw.,64,72,-8,0,6.896014198796817e-4,6.896014198796817e-4,Northeastern,Hofstra,2,2,NA,310080111,2011-01-08
269,2,0:40,40,40,Chaisson Allen missed Free Throw.,64,72,-8,0,6.896014198796817e-4,6.896014198796817e-4,Northeastern,Hofstra,2,2,NA,310080111,2011-01-08
270,2,0:40,40,40,David Imes Defensive Rebound.,64,72,-8,9,6.896014198796817e-4,6.896014198796817e-4,Northeastern,Hofstra,2,2,NA,310080111,2011-01-08
271,2,0:31,31,31,Foul on Joel Smith,64,72,-8,0,4.433729010915954e-4,4.433729010915954e-4,Northeastern,Hofstra,2,2,NA,310080111,2011-01-08
272,2,0:31,31,31,Brad Kelleher made Free Throw.,64,73,-9,0,1.6895014940839293e-4,1.6895014940839293e-4,Northeastern,Hofstra,2,2,NA,310080111,2011-01-08
273,2,0:31,31,31,Brad Kelleher made Free Throw.,64,74,-10,6,6.43686235722446e-5,6.43686235722446e-5,Northeastern,Hofstra,2,2,NA,310080111,2011-01-08
274,2,0:25,25,25,Joel Smith Turnover.,64,74,-10,1,4.400491439770612e-5,4.400491439770612e-5,Northeastern,Hofstra,2,2,NA,310080111,2011-01-08
275,2,0:24,24,24,Charles Jenkins Steal.,64,74,-10,7,4.1269607870471956e-5,4.1269607870471956e-5,Northeastern,Hofstra,2,2,NA,310080111,2011-01-08
276,2,0:17,17,17,Greg Washington made Two Point Dunk Shot.  Assisted by Charles Jenkins.,64,76,-12,8,3.152318045919225e-6,3.152318045919225e-6,Northeastern,Hofstra,2,2,NA,310080111,2011-01-08
277,2,0:09,9,9,Chaisson Allen made Three Point Jumper.,67,76,-9,9,4.542399451647194e-5,4.542399451647194e-5,Northeastern,Hofstra,2,2,NA,310080111,2011-01-08
278,2,0:00,0,0,End Game,67,76,-9,0,6.714184288211594e-79,6.714184288211594e-79,Northeastern,Hofstra,2,2,NA,310080111,2011-01-08
